38-44273,http://tshop.r10s.jp/merci-p/cabinet/57/0997383-0997384.jpg?fitin=700:700,1036.8000,,ダイエット・健康 > デンタルケア > 歯ブラシスタンド・ホルダー,トゥースブラシスタンド キリエ ピンク ホワイト 洗面用具 歯ブラシスタンド ホルダー サニタリー 洗面所 バスルーム 歯ブラシホルダー 歯ブラシ立て,,"<center><font size=""4""><B><font size=""4"">
<!--▼こちらより下は商品名(入力)--><br>

トゥースブラシスタンド キリエ ピンク ホワイト

<!--▲こちらより上は商品名-->
</font><br>
<br>
</b></FONT></center>
<!--▼こちらより下は画像のみかえる-->

<IMG SRC=""http://image.rakuten.co.jp/merci-p/cabinet/57/0997383-0997384-2.jpg"">

<!--▲こちらより上は画像のみかえる-->
<br><br>

<!--▼こちらより下は表(さわらず)-->
<table width=700 border=0 cellspacing=1 cellpadding=8 bgcolor=#cccccc><tr><td bgcolor=#e9e4cd><b><font color=""666666"" size=""2"">商品の特徴</font></b></td></tr><tr><td bgcolor=#FFFFFF><font color=""666666"" size=""2"">
<!--▲こちらより上は表(さわらず)-->

<!--▼こちらより下は商品の特徴(入力)--><br>

使いやすく、置くだけで絵になるバスルーム収納シリーズの<br>
トゥースブラシスタンド キリエ ピンク ホワイトのご紹介です。<br><br>

■可愛い切り絵模様が、バスルームを華やかに演出してくれます。<br><br>

<!--▲こちらより上は商品の特徴--></font></td></tr><tr><td bgcolor=#e9e4cd><b><font color=""666666"" size=""2"">サイズ</font></b></td></tr><tr><td bgcolor=#FFFFFF><font color=""666666"" size=""2"">

<!--▼こちらより下はサイズ、素材、生産国(入力)--><br>

■サイズ：約 幅11×奥行5×高さ8cm<br><br>

■素材：本体 / スチール ユニクロメッキ＋粉体塗装、マット / シリコン樹脂<br><br>

■重量：約 235g<br><br>

■クッション4個つきです。<br><br>

<!--▲こちらより上はサイズ、素材、生産国-->

</font></td></tr></table>

<table width=700 border=0 cellspacing=1 cellpadding=8 bgcolor=#cccccc>
<tr><td bgcolor=#e9e4cd><b><font color=""666666"" size=""2"">【ご注意】必ずお読みください。</font></b></td></tr><tr><td bgcolor=#FFFFFF>

<font color=""BROWN"" size=""2"">
<!--▼こちらより下は注意事項(入力)--><br>

■トゥースブラシスタンドのみの価格です。<br>

<!--▲こちらより上は注意--></FONT><br>

</td></tr><tr><td bgcolor=#e9e4cd><b><font color=""666666"" size=""2"">関連の商品</font></b></td></tr><tr><td bgcolor=#FFFFFF><font size=""2"">

<!--▼こちらより下は、関連の商品(入力)--><br>

■その他の　【 キリエ 】　シリーズは<A href=""http://item.rakuten.co.jp/merci-p/c/0000002454/"">  →★こちら★</A><br><br>

<!--▲こちらより上は関連の商品(終わり)-->

    </font></td>
  </tr><tr>
  </tr></table><table>
  <tbody>
    <tr></tr>
  </tbody>
</table><br>
<br><table>
  <tbody>
    <tr></tr>
  </tbody>
</table><br><table border=""0"" width=""600""><tr><td></td></tr></table><!-- ▼ECモール内ランキング-->

<!-- ▲ECモール内ランキング--><br><br>


<!--　ここから　ＥＣオーダー表示　-->
<link href=""http://www.rakuten.ne.jp/gold/merci-p/ectool/all_style.css"" rel=""stylesheet"" type=""text/css"">



<!--　ここまで　ＥＣオーダー表示　-->",トゥースブラシスタンド キリエ ピンク ホワイト 洗面用具 歯ブラシスタンド ホルダー サニタリー 洗面所 バスルーム 歯ブラシホルダー 歯ブラシ立て：メルシープレゼント 「雑貨屋」,北欧スタンプピノキオ木製おもちゃ愛子様輸入雑貨開業独立店舗用品イタリアアメリカン掃除道具ヨーロッパアンティーク風ヴィンテージ風収納かごインテリア雑貨ギフト贈答御出産祝い御結婚祝いトゥースブラシスタンド キリエ ピンク ホワイト 洗面用具 歯ブラシスタンド ホルダー サニタリー 洗面所 バスルーム 歯ブラシホルダー 歯ブラシ立て,トゥースブラシスタンド キリエ ピンク ホワイト 洗面用具 歯ブラシスタンド ホルダー サニタリー 洗面所 バスルーム 歯ブラシホルダー 歯ブラシ立て[rn]
38-44274,http://tshop.r10s.jp/kaigo/cabinet/i/4903301169345.jpg?fitin=700:700,86.4000,,日用品雑貨・文房具・手芸 > 日用品・生活雑貨 > 洗剤・柔軟剤 > 洗濯用洗剤・柔軟剤 > 洗濯用洗剤,【3500円（税込）以上で送料無料】ライオン　部屋干しトップ ワンパック 25g*5袋入り  旅行や出張コインランドリーでの使用に便利な便利な25g分包タイプ　※通常約２～５営業日での出荷予定 【4903301169345】,,"部屋干しトップ ワンパック 25g*5袋入り<br>ブランド：トップ<br>販売・製造元：ライオン<br><br>部屋干し時の『生乾きのイヤなニオイ』に加え、衣類が再び湿ると感じる『もどり生乾き臭』まで防ぐ粉末衣料用洗剤です。<br>「活性ジンクイオン」、「ダブル分解酵素」、「除菌成分」が、汚れと菌に働いて、部屋干し時の生乾きのイヤなニオイを防止。<br>さらに「活性ジンクイオン」が、部屋干しした衣類を着たとき、湿ると再び感じられる「もどり生乾き臭」まで防ぎます。<br>すっきりとしたシトラスフルーティの香り。<br>旅行やコインランドリーなどに便利な25gワンパックタイプ。<br> <br>使用量の目安              使用量の目安               洗濯物量の目安               水量の目安                    1包(25g)               1.5kg               30L                    2包(50g)               3.5kg               50L      ●手洗いの場合は3g(料理用小さじ約1杯)を洗面器(水約3L)に溶かす。<br>  ●洗剤の使用量は洗濯物の量と汚れの程度によって加減しましょう。<br> 用途綿・麻・合成繊維のお洗濯用 お洗濯方法(1)衣類の絵表示を確認洗える衣類・・・綿、麻、合成繊維洗えない衣類・・・中性表示のもの(毛・絹など)、水洗いできないもの(2)色落ちが心配な衣類は、色落ちを確認濃いめの洗剤液(少量の水で溶く)を目立たない所につけて5分おく。<br>変色や色落ちをしたら洗えません。<br>(3)洗剤と衣類を洗濯機に入れる。<br>●洗剤を衣類に直接ふりかけない。<br>(溶け残り・蛍光ムラ・退色の原因になる)●洗剤が1ヶ所にかたよらないよう、注水のタイミングや洗剤投入ケース等を上手に利用し、洗剤を水によく溶かす。<br>●一度に洗える洗濯物量の目安は洗濯機の大きさの約3/4まで。<br>●ランジェリーなどのデリケートな衣類は洗濯ネットを使用。<br>●すすぎは2回をおすすめします。<br>※きなりや淡い色の衣類は、蛍光増白剤の入っていない洗剤(トップNANOX、アクロン等)をお使いください。<br>※漂白剤を併用する場合は、酸素系漂白剤(手間なしブライト等)をお使いください。<br> <br><br>使用上の注意<br>●乳幼児の手の届かないところに置かない。<br>●用途外に使わない。<br>●使用後は手を水でよく洗い、クリームなどで手入れをする。<br>●荒れ性の方や洗剤をブラシにつけて洗うときは炊事用の手袋を使用する。<br> 応急処置●飲み込んだ時は水又は牛乳を飲ませる。<br>●目に入ったときはこすらずすぐに水で充分洗い流す。<br>●異常があるときは商品を持参し、医師に相談する。<br> 液性弱アルカリ性 成分界面活性剤(17% アルファスルホ脂肪酸エステルナトリウム、純石けん分(脂肪酸ナトリウム)、ポリオキシエチレンアルキルエーテル)、水軟化剤(アルミノけい酸塩)、アルカリ剤(炭酸塩、重炭酸塩)、工程剤(硫酸塩)、漂白剤、蛍光増白剤、酵素<br> 原産国日本 <br><br>お問い合わせ先<br>ライオン株式会社0120-556-973 <br>日用品／洗濯用品／洗濯洗剤／粉末洗剤 衣類用<br>JANコード： 4903301169345<br><br>CS：80<br>広告文責：アットライフ株式会社<br>TEL 079-280-2113<br>※商品パッケージは変更の場合あり。<br>メーカー欠品または完売の際、キャンセルをお願いすることがあります。ご了承ください。<br><style type=""text/css"">
<!--

span.catch_copy,
span.item_name {
  line-height: 180%;
}

/* キャッチコピー上部にラベルがつく */
span.catch_copy:before {
    content: ""税込3,500円以上で送料無料""; /*ラベル内の文言*/
    width: 200px; /*ラベルのサイズ*/
    background-color: #555555; /*ラベルの色*/
    font-size: 14px;
    color: #fff;
    text-align: center;
    display: block;
    padding: 1px 4px;
    margin-bottom: 4px;
    border-radius: 2px;
    clear: both;
}

/* 商品名下に境界線が入る */
span.item_name {
    display: block;
    border-bottom: 2px dotted #ddd;
    padding-bottom: 8px;
}

/* 価格に枠線がつく */
table#rakutenLimitedId_cart {
    background-color: #f8f8f8;
    border: 1px solid #ddd;
    padding: 8px;
    margin: 16px 0;
}

span.price1 {
    color: #333 !important;
    font-weight: bold;
    font-size: 80% !important;
    line-height: 30px;
    display: inline-block;
    margin-right: 16px;
}

-->
</style>",【3500円（税込）以上で送料無料】ライオン　部屋干しトップ ワンパック 25g*5袋入り  旅行や出張コインランドリーでの使用に便利な便利な25g分包タイプ　※通常約２～５営業日での出荷予定 【4903301169345】：ホームライフ,介護福祉ベビー日用品日焼け止め子供用おむつアテントアラウarauアレッポの石鹸カザンソープパックスナチュロン緑の魔女大人用おむつリフレ業務用おむつおむつオキシクリーンファーファウタマロ【3500円（税込）以上で送料無料】ライオン　部屋干しトップ ワンパック 25g*5袋入り  旅行や出張コインランドリーでの使用に便利な便利な25g分包タイプ　※通常約２～５営業日での出荷予定 【4903301169345】,【3500円（税込）以上で送料無料】ライオン　部屋干しトップ ワンパック 25g*5袋入り  旅行や出張コインランドリーでの使用に便利な便利な25g分包タイプ　※通常約２～５営業日での出荷予定 【4903301169345】[rn]
38-44275,http://tshop.r10s.jp/kaigo/cabinet/me/4904112828148.jpg?fitin=700:700,300.0000,,日用品雑貨・文房具・手芸 > 日用品・生活雑貨 > 洗剤・柔軟剤 > 洗濯用洗剤・柔軟剤 > 洗濯用洗剤,【3500円（税込）以上で送料無料】ホワイトバイオジェル大容量詰替 (4904112828148),,"商品名：ホワイトバイオジェル大容量詰替<br>内容量：1620g<br>ブランド：ニチゴー<br>原産国：日本<br><br>Ｗ酵素のチカラで輝く白さ！パワフル洗浄！<br>浸透性に優れた液体洗剤ですので、冷たい水にもサッと溶け、ガンコな汚れや泥んこ汚れもパワフルに洗浄します。泡立ちを抑えすすぎも簡単。ドラム式洗濯機でも使用できます。さわやかなフローラルの香りが広がります。<br><br>JANコード:4904112828148<br><br><br>商品番号：101-12213<br><br><br><br><br><br>広告文責：アットライフ株式会社<br>TEL 079-280-2113<br>※商品パッケージは変更の場合あり。<br>メーカー欠品または完売の際、キャンセルをお願いすることがあります。ご了承ください。<br><style type=""text/css"">
<!--

span.catch_copy,
span.item_name {
  line-height: 180%;
}

/* キャッチコピー上部にラベルがつく */
span.catch_copy:before {
    content: ""税込3,500円以上で送料無料""; /*ラベル内の文言*/
    width: 200px; /*ラベルのサイズ*/
    background-color: #555555; /*ラベルの色*/
    font-size: 14px;
    color: #fff;
    text-align: center;
    display: block;
    padding: 1px 4px;
    margin-bottom: 4px;
    border-radius: 2px;
    clear: both;
}

/* 商品名下に境界線が入る */
span.item_name {
    display: block;
    border-bottom: 2px dotted #ddd;
    padding-bottom: 8px;
}

/* 価格に枠線がつく */
table#rakutenLimitedId_cart {
    background-color: #f8f8f8;
    border: 1px solid #ddd;
    padding: 8px;
    margin: 16px 0;
}

span.price1 {
    color: #333 !important;
    font-weight: bold;
    font-size: 80% !important;
    line-height: 30px;
    display: inline-block;
    margin-right: 16px;
}

-->
</style>",【3500円（税込）以上で送料無料】ホワイトバイオジェル大容量詰替 (4904112828148)：ホームライフ,介護福祉ベビー日用品日焼け止め子供用おむつアテントアラウarauアレッポの石鹸カザンソープパックスナチュロン緑の魔女大人用おむつリフレ業務用おむつおむつオキシクリーンファーファウタマロ【3500円（税込）以上で送料無料】ホワイトバイオジェル大容量詰替 (4904112828148),【3500円（税込）以上で送料無料】ホワイトバイオジェル大容量詰替 (4904112828148)[rn]
38-44276,http://tshop.r10s.jp/kaigo/cabinet/i/4903367303837.jpg?fitin=700:700,272.8000,,日用品雑貨・文房具・手芸 > 日用品・生活雑貨 > 洗剤・柔軟剤 > 洗濯用洗剤・柔軟剤 > 洗濯用洗剤,欠品 【3500円（税込）以上で送料無料】ロケット石鹸 メンズアップ粉末洗剤 ７００Ｇ 【4903367303837】,,"柿タンニン配合で気になる汗臭を洗い上げます。<br><br><br>CS：10<br>広告文責：アットライフ株式会社<br>TEL 079-280-2113<br>※商品パッケージは変更の場合あり。<br>メーカー欠品または完売の際、キャンセルをお願いすることがあります。ご了承ください。<br><style type=""text/css"">
<!--

span.catch_copy,
span.item_name {
  line-height: 180%;
}

/* キャッチコピー上部にラベルがつく */
span.catch_copy:before {
    content: ""税込3,500円以上で送料無料""; /*ラベル内の文言*/
    width: 200px; /*ラベルのサイズ*/
    background-color: #555555; /*ラベルの色*/
    font-size: 14px;
    color: #fff;
    text-align: center;
    display: block;
    padding: 1px 4px;
    margin-bottom: 4px;
    border-radius: 2px;
    clear: both;
}

/* 商品名下に境界線が入る */
span.item_name {
    display: block;
    border-bottom: 2px dotted #ddd;
    padding-bottom: 8px;
}

/* 価格に枠線がつく */
table#rakutenLimitedId_cart {
    background-color: #f8f8f8;
    border: 1px solid #ddd;
    padding: 8px;
    margin: 16px 0;
}

span.price1 {
    color: #333 !important;
    font-weight: bold;
    font-size: 80% !important;
    line-height: 30px;
    display: inline-block;
    margin-right: 16px;
}

-->
</style>",欠品 【3500円（税込）以上で送料無料】ロケット石鹸 メンズアップ粉末洗剤 ７００Ｇ 【4903367303837】：ホームライフ,介護福祉ベビー日用品日焼け止め子供用おむつアテントアラウarauアレッポの石鹸カザンソープパックスナチュロン緑の魔女大人用おむつリフレ業務用おむつおむつオキシクリーンファーファウタマロ欠品 【3500円（税込）以上で送料無料】ロケット石鹸 メンズアップ粉末洗剤 ７００Ｇ 【4903367303837】,欠品 【3500円（税込）以上で送料無料】ロケット石鹸 メンズアップ粉末洗剤 ７００Ｇ 【4903367303837】[rn]
38-44277,http://tshop.r10s.jp/kaigo/cabinet/k/4903301254805.jpg?fitin=700:700,196.8000,,日用品雑貨・文房具・手芸 > 日用品・生活雑貨 > 洗剤・柔軟剤 > 洗濯用洗剤・柔軟剤 > 洗濯用洗剤,【3500円（税込）以上で送料無料】ライオン 消臭ブルーダイヤ　900g 洗濯用洗剤 (衣料用粉末洗剤)(4903301254805),,"ランド：ブルーダイヤ<br>原産国：日本<br><br>汗、皮脂など体から出るニオイや汚れをしっかり落とす<br>ニオイの元となる、からだから出る「タンパク汚れ」を酵素が分解し、漂白成分が衣類に染み付いたニオイもシミもしっかり分解除去して、衣類をすっきりと洗い上げる衣料用粉末洗剤。タンパク分解酵素と、漂白成分で、汗・皮脂のニオイをもとから消します。加齢臭消臭成分配合。フラボノイド成分配合。重なり合った衣類のすきまに入り込んでもサッと溶ける、スプラッシュパウダー。すがすがしいクリアミントの香り。<br>使用方法：お洗濯方法\n１衣類の絵表示を確認\n　洗える衣類　綿、麻、合成繊維\n　洗えない衣類　弱30中性、手洗イ30中性、中性表示のもの(毛・絹など)、水洗いできないもの\n２色落ちが心配な衣類は、色落ちを確認\n　●濃いめの洗剤液(少量の水で溶く)を目立たない所につけて5分おく→変色や色落ちをしたら洗えません。\n３洗剤と衣類を洗濯機に入れる\n　●洗剤を衣類に直接ふりかけない。(溶け残り・退色の原因になる)\n　●洗剤が1ヶ所にかたよらないよう、注水のタイミングや洗剤投入ケース等を上手に利用し、洗剤を水によ<br><br>JANコード:4903301254805<br><br><br>商品番号：101-00977<br><br><br><br>区分: 洗剤・柔軟剤 <br><br><br>広告文責：アットライフ株式会社<br>TEL 079-280-2113<br>※商品パッケージは変更の場合あり。<br>メーカー欠品または完売の際、キャンセルをお願いすることがあります。ご了承ください。<br><style type=""text/css"">
<!--

span.catch_copy,
span.item_name {
  line-height: 180%;
}

/* キャッチコピー上部にラベルがつく */
span.catch_copy:before {
    content: ""税込3,500円以上で送料無料""; /*ラベル内の文言*/
    width: 200px; /*ラベルのサイズ*/
    background-color: #555555; /*ラベルの色*/
    font-size: 14px;
    color: #fff;
    text-align: center;
    display: block;
    padding: 1px 4px;
    margin-bottom: 4px;
    border-radius: 2px;
    clear: both;
}

/* 商品名下に境界線が入る */
span.item_name {
    display: block;
    border-bottom: 2px dotted #ddd;
    padding-bottom: 8px;
}

/* 価格に枠線がつく */
table#rakutenLimitedId_cart {
    background-color: #f8f8f8;
    border: 1px solid #ddd;
    padding: 8px;
    margin: 16px 0;
}

span.price1 {
    color: #333 !important;
    font-weight: bold;
    font-size: 80% !important;
    line-height: 30px;
    display: inline-block;
    margin-right: 16px;
}

-->
</style>",【3500円（税込）以上で送料無料】ライオン 消臭ブルーダイヤ　900g 洗濯用洗剤 (衣料用粉末洗剤)(4903301254805)：ホームライフ,介護福祉ベビー日用品日焼け止め子供用おむつアテントアラウarauアレッポの石鹸カザンソープパックスナチュロン緑の魔女大人用おむつリフレ業務用おむつおむつオキシクリーンファーファウタマロ【3500円（税込）以上で送料無料】ライオン 消臭ブルーダイヤ　900g 洗濯用洗剤 (衣料用粉末洗剤)(4903301254805),【3500円（税込）以上で送料無料】ライオン 消臭ブルーダイヤ　900g 洗濯用洗剤 (衣料用粉末洗剤)(4903301254805)[rn]
38-44278,http://tshop.r10s.jp/kaigo/cabinet/pp/4582127531019.jpg?fitin=700:700,329.6000,,日用品雑貨・文房具・手芸 > 日用品・生活雑貨 > 洗剤・柔軟剤 > 洗濯用洗剤・柔軟剤 > 洗濯用洗剤,欠品 【3500円（税込）以上で送料無料】洗濯槽快専用ネット付(単品) (4582127531019),,"商品名：洗濯槽快専用ネット付（単品）<br>内容量：30g<br>ブランド：洗濯槽快<br>原産国：日本<br><br>ホタテ貝殻１００％浸け置き不要、洗濯物といっしょに回すだけ<br>●天然素材のホタテ貝殻１００％<br>●洗濯物といっしょに入れて洗うだけ！浸け置き、カラ回しなどの手間がいりません<br>●洗濯物の生乾きの気になる臭いを抑えます<br>●洗濯槽内をカビの発生しにくい環境に整えます<br>●約３０回使用でき大変経済的<br><br>成分：ホタテ貝殻カルシウム<br>問合せ先：〒453-0815愛知県名古屋市中村区北畑町1-19。電話番号　052-486-1800 FAX 052-486-1900。※お電話でのお問い合わせの受付時間 9:00～18:00（月～金曜日） （土日祝は休業）<br><br>JANコード:4582127531019<br><br><br>商品番号：101-61751<br><br><br><br><br><br>広告文責：アットライフ株式会社<br>TEL 079-280-2113<br>※商品パッケージは変更の場合あり。<br>メーカー欠品または完売の際、キャンセルをお願いすることがあります。ご了承ください。<br><style type=""text/css"">
<!--

span.catch_copy,
span.item_name {
  line-height: 180%;
}

/* キャッチコピー上部にラベルがつく */
span.catch_copy:before {
    content: ""税込3,500円以上で送料無料""; /*ラベル内の文言*/
    width: 200px; /*ラベルのサイズ*/
    background-color: #555555; /*ラベルの色*/
    font-size: 14px;
    color: #fff;
    text-align: center;
    display: block;
    padding: 1px 4px;
    margin-bottom: 4px;
    border-radius: 2px;
    clear: both;
}

/* 商品名下に境界線が入る */
span.item_name {
    display: block;
    border-bottom: 2px dotted #ddd;
    padding-bottom: 8px;
}

/* 価格に枠線がつく */
table#rakutenLimitedId_cart {
    background-color: #f8f8f8;
    border: 1px solid #ddd;
    padding: 8px;
    margin: 16px 0;
}

span.price1 {
    color: #333 !important;
    font-weight: bold;
    font-size: 80% !important;
    line-height: 30px;
    display: inline-block;
    margin-right: 16px;
}

-->
</style>",欠品 【3500円（税込）以上で送料無料】洗濯槽快専用ネット付(単品) (4582127531019)：ホームライフ,介護福祉ベビー日用品日焼け止め子供用おむつアテントアラウarauアレッポの石鹸カザンソープパックスナチュロン緑の魔女大人用おむつリフレ業務用おむつおむつオキシクリーンファーファウタマロ欠品 【3500円（税込）以上で送料無料】洗濯槽快専用ネット付(単品) (4582127531019),欠品 【3500円（税込）以上で送料無料】洗濯槽快専用ネット付(単品) (4582127531019)[rn]
38-44279,http://tshop.r10s.jp/enetroom/cabinet/tasya22/9419979-1.jpg?fitin=700:700,944.0000,,日用品雑貨・文房具・手芸 > 日用品・生活雑貨 > 洗剤・柔軟剤 > 洗濯用洗剤・柔軟剤 > 洗濯用洗剤,【送料無料】メキシコダウニー　3Ｌ( メキシカンダウニー液体柔軟剤・非濃縮タイプ・Mexico Mexican Downy・フロールデルナ(ロマンス)・エレガンス・パッション・アロマフローラル)【smtb-s】  おしゃれ【O】,　,"<table width=""680""><tr><td><center>
<img src=http://image.rakuten.co.jp/kurashikenkou/cabinet/tokusyu_banner/mex-1kai.jpg><br><br><img src=http://image.rakuten.co.jp/kurashikenkou/cabinet/tokusyu_banner/mex-2.jpg><br><br><br>



<FONT COLOR=""#ff0000""FONT SIZE=""8""><Strong>
全品【送料無料】<br><br>メキシコダウニー<br>
<br></Strong></FONT>※他の商品を同時にご購入の場合、在庫状況により一週間以上お待たせする場合がございます。<br><br>

<img src=http://image.rakuten.co.jp/kurashikenkou/cabinet/tokusyu_banner/mex-5.jpg><br><img src=http://image.rakuten.co.jp/kurashikenkou/cabinet/tokusyu_banner/mex-6.jpg><br><br><br><br>






<<img src=http://image.rakuten.co.jp/kurashikenkou/cabinet/nichiyouhin2/rink-5.jpg><br><br><a href=""http://item.rakuten.co.jp/enetroom/9419822/""><img src=http://image.rakuten.co.jp/kurashikenkou/cabinet/tokusyu_banner/0727-r1.jpg border=0></a><a href=""http://item.rakuten.co.jp/enetroom/9419827/""><img src=http://image.rakuten.co.jp/kurashikenkou/cabinet/tokusyu_banner/0727-r2.jpg border=0></a><a href=""http://item.rakuten.co.jp/enetroom/9419685/""><img src=http://image.rakuten.co.jp/kurashikenkou/cabinet/tokusyu_banner/0727-r3.jpg border=0></a><a href=""http://item.rakuten.co.jp/enetroom/9419979/""><img src=http://image.rakuten.co.jp/kurashikenkou/cabinet/tokusyu_banner/0727-r4.jpg border=0></a><a href=""http://item.rakuten.co.jp/enetroom/9419689/""><img src=http://image.rakuten.co.jp/kurashikenkou/cabinet/tokusyu_banner/0727-r5.jpg border=0></a><br><br>
<font size=5><a href=""http://item.rakuten.co.jp/enetroom/9419995/"">※お得な詰め替え用はこちらです</a></font>
<br><br>



<br></font></center></td></tr></table><br><br>※タンゴは入荷待ちです<br><br><font color=green>※海外製品につき、パッケージ等予告無く変更になる場合がございます。<br>旧パッケージでお届けする場合がございます。中身に変更はございません。<br><br></font>


<font color=mediumpurple><b>●アロマフローラル・
パッション・ロマンス・エレガンス
各商品を送料無料でお届けします!</font><br><br></b>



●正味量：3Ｌ(一本あたり)<br>
●成分：界面活性剤、陽イオン系軟化剤<br>
●用途 衣料用（綿、毛、レーヨン、合成繊維用）<br>
●原産国：メキシコ製<br>
●標準使用量 水30Lに対して90ml<br>
●非濃縮タイプ<br> 
●使用方法<br>
・ダウニー原液を直接衣類にかけず水の中に入れて使用して下さい。<br>
・最後のすすぎのとき、洗濯機の水量(30Lまで)に対して90ml入れて下さい。<br>
・よく振ってからお使い下さい。 <br><br>



<font color=#FF0000><b>※注意</b></font><br>
・原液が直接かからないように注意して下さい。シミになることがあります。<br>
・シミが出来たときは刺激の少ない固形石けん等で洗い、よくすすいで下さい。<br>
・衣類についている洗濯表示を確認の上、ドライマーク等水洗いの出来ない衣類には使用しないで下さい。<br>
・乳幼児の寝巻きや耐火処理のしてある衣類等への使用はしないで下さい。<br>
・漂白剤、糊及びその他の柔軟仕上げ剤といっしょに使わないで下さい。<br>
・洗濯機に柔軟仕上げ剤専用の自動ディスペンサーが付いているときは本剤に少量の水を加えて下さい。<br>
・万一飲み込んだ時は、無理に吐かせずに、口をすすぎ、水や牛乳を飲ませる等の処置を行い、又、目に入った場合は、流水で十分に洗い流し、本品を持参して直ぐに医師に相談して下さい。<br>
・直射日光をさけ、冷暗所にて保管して下さい。<br>
・水で薄めて保存しないで下さい。<br>
・乳幼児のシャボン玉遊び等に注意し、乳幼児の手の届かないところに保管してください。

<br>----------------------------------------------------------------------<br>
※低温時や湿度環境により、液体が凝固してゼリー状になる場合がありますが、柔軟剤の品質・効果には問題ございません。<br>
なお、凝固が見られた場合は少量の水またはお湯で溶かしてご使用下さい。<br>
※こちらの商品は、輸入の都度予告無くパッケージデザインが変更になる場合がございます。そのため商品画像と実物のデザインが異なる場合がございます。<br>
また、生産の都度内容成分の配合比率が予告なく変更される場合もあるため、生産ロットにより香りや粘度が異なる場合がございます。<br>
※液体の凝固や香り、ボトルデザインによる返品交換は致しかねます。あらかじめご了承のうえ、お買い求めください。
<br>----------------------------------------------------------------------<br><br>


<br><br><br><br><br><br>検索キーワード：ダウニー 3.83ダウニー 柔軟材ダウニー エイプリルフレッシュ 
 ダウニー クリーンブリーズ  ダウニー シンプルプレジャー  ダウニー バニラ&ラベンダー ダウニー ベビーパウダー  ダウニー メキシコ  ダウニー downy 
 ダウニー マウンテンスプリング楽天HC【e-netshop】　ダウニー楽天HC【e-netshop】大人気ダウニー楽天HC【e-netshop】【タイムセール】楽天HC【e-netshop】大人気ダウニー・洗濯用品 メキシカン<!--<center>
<br>
<font size=""6"" color=""red"">＼ 先着200名様！500円クーポン ／</font><br>

<img src=http://image.rakuten.co.jp/enetroom/cabinet/banner/1114-500coupon.jpg border=""0"" width=""650"">
<br><br>

<font size=""7"" color=""red"">≪クーポンゲットはこちらから≫</font><br><br><br><br>

<img src=""http://image.rakuten.co.jp/enetroom/cabinet/m/line.jpg"" width=""650""><br>
<br><br><br>


<font size=""6"" color=""red"">＼ 先着100名様！100円クーポン ／</font><br>

<img src=http://image.rakuten.co.jp/enetroom/cabinet/banner/1114coupon-100.jpg border=""0"" width=""650"">
<br><br>

<font size=""7"" color=""red"">≪クーポンゲットはこちらから≫</font><br><br><br><br>

<img src=""http://image.rakuten.co.jp/enetroom/cabinet/m/line.jpg"" width=""650""><br>-->
<br>

<br>
</center>

<!--▼編集不可-->
<head>
<style type=""text/css"">
<!--
a:hover {
filter:alpha(opacity=75);
-moz-opacity:0.75;
opacity:0.75;
}
-->
</style>
</head>
<!--▲編集不可-->",【送料無料】メキシコダウニー　3Ｌ( メキシカンダウニー液体柔軟剤・非濃縮タイプ・Mexico Mexican Downy・フロールデルナ(ロマンス)・エレガンス・パッション・アロマフローラル)【smtb-s】  おしゃれ【O】：便利生活　マイルーム,物干しランドリーキッチンインテリア一人暮らし収納アイリスオーヤマメタル新生活カラーボックスワンルームラックテレビ台テーブルパソコンデスクチェストベッド家具コーディネート自転車【送料無料】メキシコダウニー　3Ｌ( メキシカンダウニー液体柔軟剤・非濃縮タイプ・Mexico Mexican Downy・フロールデルナ(ロマンス)・エレガンス・パッション・アロマフローラル)【smtb-s】  おしゃれ【O】,　。【送料無料】メキシコダウニー　3Ｌ( メキシカンダウニー液体柔軟剤・非濃縮タイプ・Mexico Mexican Downy・フロールデルナ(ロマンス)・エレガンス・パッション・アロマフローラル)【smtb-s】  おしゃれ【O】[rn]
38-44280,http://tshop.r10s.jp/enetroom/cabinet/zakka1/9400270.jpg?fitin=700:700,384.8000,,日用品雑貨・文房具・手芸 > 日用品・生活雑貨 > 洗剤・柔軟剤 > 洗濯用洗剤・柔軟剤 > 洗濯用洗剤,液体部屋干しトップ　820ml（洗濯用洗剤） 【DC】   おしゃれ,　,"<table width=""650""><tr><td><img src=http://image.rakuten.co.jp/enetroom/cabinet/zakka1/image0321.jpg></td></tr></table><br>◆部屋に干した時の生乾きのニオイを防ぐ衣料用液体洗剤。<br>◆蛍光剤無配合なので、きなりや淡色衣料にも安心。フレッシュフローラルの香り。<br><br>【内容量】 820ml<br><br><br><table cellspacing=""3"" cellpadding=""5"" border=""0"" bgcolor=""#ffffff""> <tr><td align=""center"" bgcolor=""#FFE4E1""><font color=""#696969"" size=""2"">広告文責</font></td><td bgcolor=""#ffffff""><font color=""#696969"" size=""2"">e-net shop株式会社<br>0120-166-353</font></td> </tr><tr><td align=""center"" bgcolor=""#FFE4E1""><font color=""#696969"" size=""2"">区分</font></td><td bgcolor=""#ffffff""><font color=""#696969"" size=""2"">日本製・医薬部外品</font></td> </tr></table><br><br><br><br><table>
<tr><td colspan=2><center><font color=deeppink size=6><b>▼特集はこちらから▼</b></font></center></td></tr>
<tr><td><img src=""http://www.rakuten.ne.jp/gold/enetroom/images/banner/slider_bn04.jpg"" border=""0""></td>
<td><img src=""http://www.rakuten.ne.jp/gold/enetroom/images/banner/slider_bn05.jpg"" border=""0""></td></tr>

<tr><td><img src=http://image.rakuten.co.jp/enetroom/cabinet/event_web/130530laundry/26080bn.jpg border=0></td>
<td><img src=http://image.rakuten.co.jp/enetroom/cabinet/banner/04150380/zsb.jpg border=0 width=260></td></tr>
<tr><td><img src=http://image.rakuten.co.jp/enetroom/cabinet/banner/04150380/phb.jpg border=0></td>
<td><img src=http://image.rakuten.co.jp/enetroom/cabinet/banner/04150380/loundrybasket.gif border=0 width=260></td></tr>

</table><!--<center>
<br>
<font size=""6"" color=""red"">＼ 先着200名様！500円クーポン ／</font><br>

<img src=http://image.rakuten.co.jp/enetroom/cabinet/banner/1114-500coupon.jpg border=""0"" width=""650"">
<br><br>

<font size=""7"" color=""red"">≪クーポンゲットはこちらから≫</font><br><br><br><br>

<img src=""http://image.rakuten.co.jp/enetroom/cabinet/m/line.jpg"" width=""650""><br>
<br><br><br>


<font size=""6"" color=""red"">＼ 先着100名様！100円クーポン ／</font><br>

<img src=http://image.rakuten.co.jp/enetroom/cabinet/banner/1114coupon-100.jpg border=""0"" width=""650"">
<br><br>

<font size=""7"" color=""red"">≪クーポンゲットはこちらから≫</font><br><br><br><br>

<img src=""http://image.rakuten.co.jp/enetroom/cabinet/m/line.jpg"" width=""650""><br>-->
<br>

<br>
</center>

<!--▼編集不可-->
<head>
<style type=""text/css"">
<!--
a:hover {
filter:alpha(opacity=75);
-moz-opacity:0.75;
opacity:0.75;
}
-->
</style>
</head>
<!--▲編集不可-->",液体部屋干しトップ　820ml（洗濯用洗剤） 【DC】   おしゃれ：便利生活　マイルーム,物干しランドリーキッチンインテリア一人暮らし収納アイリスオーヤマメタル新生活カラーボックスワンルームラックテレビ台テーブルパソコンデスクチェストベッド家具コーディネート自転車液体部屋干しトップ　820ml（洗濯用洗剤） 【DC】   おしゃれ,　。液体部屋干しトップ　820ml（洗濯用洗剤） 【DC】   おしゃれ[rn]
38-44281,http://tshop.r10s.jp/enetroom/cabinet/tasya22/9419979-1.jpg?fitin=700:700,1984.0000,,日用品雑貨・文房具・手芸 > 日用品・生活雑貨 > 洗剤・柔軟剤 > 洗濯用洗剤・柔軟剤 > 洗濯用洗剤,メキシコダウニー　3L×3本【同色3本セット】(3000mlダウニー メキシコメキシカンダウニー液体柔軟剤・非濃縮タイプ・Mexico Mexican Downy・フローデルナ（ロマンス）・エレガンス・タンゴ（パッション）・アロマフローラル9L)  おしゃれ【O】 送料無料,　,"<table width=""700""><tr><td><center>
<img src=""http://image.rakuten.co.jp/enetroom/cabinet/nichiyou/3l-tanpin.jpg""><br><br>
<img src=http://image.rakuten.co.jp/kurashikenkou/cabinet/tokusyu_banner/mex-1kai.jpg><br><br><img src=http://image.rakuten.co.jp/kurashikenkou/cabinet/tokusyu_banner/mex-2.jpg><br><br><br>


<br><br><br>
<br><br>

<FONT COLOR=""#ff0000""FONT SIZE=""14""><Strong>
全品【送料無料】<br><br>メキシコダウニー<br>
<br></Strong></FONT>※他の商品を同時にご購入の場合、在庫状況により一週間以上お待たせする場合がございます。<br><br>

<img src=http://image.rakuten.co.jp/kurashikenkou/cabinet/tokusyu_banner/mex-5.jpg><br><img src=http://image.rakuten.co.jp/kurashikenkou/cabinet/tokusyu_banner/mex-6.jpg><br><br><br><br>




<img src=http://image.rakuten.co.jp/kurashikenkou/cabinet/nichiyouhin2/rink-5.jpg><br><br><a href=""http://item.rakuten.co.jp/enetroom/9419822/""><img src=http://image.rakuten.co.jp/kurashikenkou/cabinet/tokusyu_banner/0727-r1.jpg border=0></a><a href=""http://item.rakuten.co.jp/enetroom/9419827/""><img src=http://image.rakuten.co.jp/kurashikenkou/cabinet/tokusyu_banner/0727-r2.jpg border=0></a><a href=""http://item.rakuten.co.jp/enetroom/9419685/""><img src=http://image.rakuten.co.jp/kurashikenkou/cabinet/tokusyu_banner/0727-r3.jpg border=0></a><a href=""http://item.rakuten.co.jp/enetroom/9419979/""><img src=http://image.rakuten.co.jp/kurashikenkou/cabinet/tokusyu_banner/0727-r4.jpg border=0></a><a href=""http://item.rakuten.co.jp/enetroom/9419689/""><img src=http://image.rakuten.co.jp/kurashikenkou/cabinet/tokusyu_banner/0727-r5.jpg border=0></a><br><br><font size=5><a href=""http://item.rakuten.co.jp/enetroom/9419995/"">※お得な詰め替え用はこちらです</a></font><br>




<font color=green>※海外製品につき、パッケージ等予告無く変更になる場合がございます。<br>旧パッケージでお届けする場合がございます。中身に変更はございません。<br><br></font>


<font color=mediumpurple><b>●フローデルナ（ロマンス）・エレガンス・タンゴ（パッション）・アロマフローラル
各商品を送料無料でお届けします!</font><br><br></b>




●正味量：3Ｌ(一本あたり)<br>
●成分：界面活性剤、陽イオン系軟化剤<br>
●用途 衣料用（綿、毛、レーヨン、合成繊維用）<br>
●原産国：メキシコ製<br>
●標準使用量 水30Lに対して90ml<br>
●非濃縮タイプ<br> 
●使用方法<br>
・ダウニー原液を直接衣類にかけず水の中に入れて使用して下さい。<br>
・最後のすすぎのとき、洗濯機の水量(30Lまで)に対して90ml入れて下さい。<br>
・よく振ってからお使い下さい。 <br><br>

<font color=#FF0000><b>※注意</b></font><br>
・原液が直接かからないように注意して下さい。シミになることがあります。<br>
・シミが出来たときは刺激の少ない固形石けん等で洗い、よくすすいで下さい。<br>
・衣類についている洗濯表示を確認の上、ドライマーク等水洗いの出来ない衣類には使用しないで下さい。<br>
・乳幼児の寝巻きや耐火処理のしてある衣類等への使用はしないで下さい。<br>
・漂白剤、糊及びその他の柔軟仕上げ剤といっしょに使わないで下さい。<br>
・洗濯機に柔軟仕上げ剤専用の自動ディスペンサーが付いているときは本剤に少量の水を加えて下さい。<br>
・万一飲み込んだ時は、無理に吐かせずに、口をすすぎ、水や牛乳を飲ませる等の処置を行い、又、目に入った場合は、流水で十分に洗い流し、本品を持参して直ぐに医師に相談して下さい。<br>
・直射日光をさけ、冷暗所にて保管して下さい。<br>
・水で薄めて保存しないで下さい。<br>
・乳幼児のシャボン玉遊び等に注意し、乳幼児の手の届かないところに保管してください。

<br>----------------------------------------------------------------------<br>
※低温時や湿度環境により、液体が凝固してゼリー状になる場合がありますが、柔軟剤の品質・効果には問題ございません。<br>
なお、凝固が見られた場合は少量の水またはお湯で溶かしてご使用下さい。<br>
※こちらの商品は、輸入の都度予告無くパッケージデザインが変更になる場合がございます。そのため商品画像と実物のデザインが異なる場合がございます。<br>
また、生産の都度内容成分の配合比率が予告なく変更される場合もあるため、生産ロットにより香りや粘度が異なる場合がございます。<br>
※液体の凝固や香り、ボトルデザインによる返品交換は致しかねます。あらかじめご了承のうえ、お買い求めください。
<br>----------------------------------------------------------------------<br><br>


<br><br><br><br><br><br>検索キーワード：ダウニー 3.83ダウニー 柔軟材ダウニー エイプリルフレッシュ 
 ダウニー クリーンブリーズ  ダウニー シンプルプレジャー  ダウニー バニラ&ラベンダー ダウニー ベビーパウダー  ダウニー メキシコ  ダウニー downy 
 ダウニー マウンテンスプリング楽天HC【e-netshop】　ダウニー楽天HC【e-netshop】大人気ダウニー楽天HC【e-netshop】【タイムセール】楽天HC【e-netshop】大人気ダウニー・洗濯用品 メキシカン<!--<center>
<br>
<font size=""6"" color=""red"">＼ 先着200名様！500円クーポン ／</font><br>

<img src=http://image.rakuten.co.jp/enetroom/cabinet/banner/1114-500coupon.jpg border=""0"" width=""650"">
<br><br>

<font size=""7"" color=""red"">≪クーポンゲットはこちらから≫</font><br><br><br><br>

<img src=""http://image.rakuten.co.jp/enetroom/cabinet/m/line.jpg"" width=""650""><br>
<br><br><br>


<font size=""6"" color=""red"">＼ 先着100名様！100円クーポン ／</font><br>

<img src=http://image.rakuten.co.jp/enetroom/cabinet/banner/1114coupon-100.jpg border=""0"" width=""650"">
<br><br>

<font size=""7"" color=""red"">≪クーポンゲットはこちらから≫</font><br><br><br><br>

<img src=""http://image.rakuten.co.jp/enetroom/cabinet/m/line.jpg"" width=""650""><br>-->
<br>

<br>
</center>

<!--▼編集不可-->
<head>
<style type=""text/css"">
<!--
a:hover {
filter:alpha(opacity=75);
-moz-opacity:0.75;
opacity:0.75;
}
-->
</style>
</head>
<!--▲編集不可-->",メキシコダウニー　3L&times;3本【同色3本セット】(3000mlダウニー メキシコメキシカンダウニー液体柔軟剤・非濃縮タイプ・Mexico Mexican Downy・フローデルナ（ロマンス）・エレガンス・タンゴ（パッション）・アロマフローラル9L)  おしゃれ【O】 送料無料：便利生活　マイルーム,物干しランドリーキッチンインテリア一人暮らし収納アイリスオーヤマメタル新生活カラーボックスワンルームラックテレビ台テーブルパソコンデスクチェストベッド家具コーディネート自転車メキシコダウニー　3L&times;3本【同色3本セット】(3000mlダウニー メキシコメキシカンダウニー液体柔軟剤・非濃縮タイプ・Mexico Mexican Downy・フローデルナ（ロマンス）・エレガンス・タンゴ（パッション）・アロマフローラル9L)  おしゃれ【O】 送料無料,　。メキシコダウニー　3L&times;3本【同色3本セット】(3000mlダウニー メキシコメキシカンダウニー液体柔軟剤・非濃縮タイプ・Mexico Mexican Downy・フローデルナ（ロマンス）・エレガンス・タンゴ（パッション）・アロマフローラル9L)  おしゃれ【O】 送料無料[rn]
38-44282,http://tshop.r10s.jp/enetroom/cabinet/zakka1/9400253.jpg?fitin=700:700,261.6000,,日用品雑貨・文房具・手芸 > 日用品・生活雑貨 > 洗剤・柔軟剤 > 洗濯用洗剤・柔軟剤 > 洗濯用洗剤,液体部屋干しトップつめかえ用 600ml a.r.t   おしゃれ,　,"<br><img src=http://image.rakuten.co.jp/kurashikenkou/cabinet/senzai-zakka/image0321.jpg>【商品説明】<br>◆部屋に干した時の生乾きのニオイを防ぐ衣料用液体洗剤詰替え用。蛍光剤無配合なので、きなりや淡色衣料にも安心。フレッシュフローラルの香り。<br><br>【内容量】600ml<br><br><br><table cellspacing=""3"" cellpadding=""5"" border=""0"" bgcolor=""#ffffff""> <tr><td align=""center"" bgcolor=""#FFE4E1""><font color=""#696969"" size=""2"">広告文責</font></td><td bgcolor=""#ffffff""><font color=""#696969"" size=""2"">e-net shop株式会社<br>0120-166-353</font></td> </tr><tr><td align=""center"" bgcolor=""#FFE4E1""><font color=""#696969"" size=""2"">区分</font></td><td bgcolor=""#ffffff""><font color=""#696969"" size=""2"">日本製・医薬部外品</font></td> </tr></table><br><br><br><br><table>
<tr><td colspan=2><center><font color=deeppink size=6><b>▼特集はこちらから▼</b></font></center></td></tr>
<tr><td><img src=""http://www.rakuten.ne.jp/gold/enetroom/images/banner/slider_bn04.jpg"" border=""0""></td>
<td><img src=""http://www.rakuten.ne.jp/gold/enetroom/images/banner/slider_bn05.jpg"" border=""0""></td></tr>

<tr><td><img src=http://image.rakuten.co.jp/enetroom/cabinet/event_web/130530laundry/26080bn.jpg border=0></td>
<td><img src=http://image.rakuten.co.jp/enetroom/cabinet/banner/04150380/zsb.jpg border=0 width=260></td></tr>
<tr><td><img src=http://image.rakuten.co.jp/enetroom/cabinet/banner/04150380/phb.jpg border=0></td>
<td><img src=http://image.rakuten.co.jp/enetroom/cabinet/banner/04150380/loundrybasket.gif border=0 width=260></td></tr>

</table><!--<center>
<br>
<font size=""6"" color=""red"">＼ 先着200名様！500円クーポン ／</font><br>

<img src=http://image.rakuten.co.jp/enetroom/cabinet/banner/1114-500coupon.jpg border=""0"" width=""650"">
<br><br>

<font size=""7"" color=""red"">≪クーポンゲットはこちらから≫</font><br><br><br><br>

<img src=""http://image.rakuten.co.jp/enetroom/cabinet/m/line.jpg"" width=""650""><br>
<br><br><br>


<font size=""6"" color=""red"">＼ 先着100名様！100円クーポン ／</font><br>

<img src=http://image.rakuten.co.jp/enetroom/cabinet/banner/1114coupon-100.jpg border=""0"" width=""650"">
<br><br>

<font size=""7"" color=""red"">≪クーポンゲットはこちらから≫</font><br><br><br><br>

<img src=""http://image.rakuten.co.jp/enetroom/cabinet/m/line.jpg"" width=""650""><br>-->
<br>

<br>
</center>

<!--▼編集不可-->
<head>
<style type=""text/css"">
<!--
a:hover {
filter:alpha(opacity=75);
-moz-opacity:0.75;
opacity:0.75;
}
-->
</style>
</head>
<!--▲編集不可-->",液体部屋干しトップつめかえ用 600ml a.r.t   おしゃれ：便利生活　マイルーム,物干しランドリーキッチンインテリア一人暮らし収納アイリスオーヤマメタル新生活カラーボックスワンルームラックテレビ台テーブルパソコンデスクチェストベッド家具コーディネート自転車液体部屋干しトップつめかえ用 600ml a.r.t   おしゃれ,　。液体部屋干しトップつめかえ用 600ml a.r.t   おしゃれ[rn]
38-44283,http://tshop.r10s.jp/enetroom/cabinet/zakka1/9711089.jpg?fitin=700:700,820.8000,,日用品雑貨・文房具・手芸 > 日用品・生活雑貨 > 洗剤・柔軟剤 > 洗濯用洗剤・柔軟剤 > 洗濯用洗剤,サラヤ アラウ〔ARAU・arau〕洗濯用せっけん本体 + 詰替用セット[SARA]  おしゃれ,　,"<table width=""650""><tr><td></td></tr></table>ヤシから生まれたせっけん成分で、衣類に優しく汚れはしっかり落とします。 <br>柔軟剤ナシでも仕上がりふっくら。<br>液体タイプなので溶けやすく、すすぎもすみやか。<br> 溶け残りの心配もありません。赤ちゃんがくわえてしまうことの多いタオルやリネンも安心して洗えます。<br>ラベンダー＆スペアミントのハーブオイル配合。<br>天然ならではのさわやかな香りで、気持ちまでスッキリ。<br>部屋干しでもイヤなニオイの心配がありません。<br><br>□arau.(アラウ)は、合成界面活性剤、リン酸塩、エデト酸塩、合成香料、<br>　着色料、 保存料をいっさい使っていません。<br>□漂白剤や蛍光増白剤を配合していないので、自然な風合いを保ちます。<br>□排水後は微生物に分解されて、すばやく地球に還ります（生分解度90％以上）。<br><br><font color=darkblue>▼セット内容</font><br>　　・ 洗濯用せっけん本体 1.2L<br>　　・ 洗濯用せっけん詰替用 1.0L<br><br><br>【家庭用品品質表示法に基づく表示】<br><br>品名：洗濯用石けん<br>用途：綿・麻・合成繊維用<br>液性：弱アルカリ性<br>成分：純石けん分（30％脂肪酸カリウム）<br>使用量の目安：[水量 30L]使用量の目安 50mL／[水量 45L]使用量の目安 75mL<br><br>●発売元：「サラヤ株式会社」<br><br><br><!--<center>
<br>
<font size=""6"" color=""red"">＼ 先着200名様！500円クーポン ／</font><br>

<img src=http://image.rakuten.co.jp/enetroom/cabinet/banner/1114-500coupon.jpg border=""0"" width=""650"">
<br><br>

<font size=""7"" color=""red"">≪クーポンゲットはこちらから≫</font><br><br><br><br>

<img src=""http://image.rakuten.co.jp/enetroom/cabinet/m/line.jpg"" width=""650""><br>
<br><br><br>


<font size=""6"" color=""red"">＼ 先着100名様！100円クーポン ／</font><br>

<img src=http://image.rakuten.co.jp/enetroom/cabinet/banner/1114coupon-100.jpg border=""0"" width=""650"">
<br><br>

<font size=""7"" color=""red"">≪クーポンゲットはこちらから≫</font><br><br><br><br>

<img src=""http://image.rakuten.co.jp/enetroom/cabinet/m/line.jpg"" width=""650""><br>-->
<br>

<br>
</center>

<!--▼編集不可-->
<head>
<style type=""text/css"">
<!--
a:hover {
filter:alpha(opacity=75);
-moz-opacity:0.75;
opacity:0.75;
}
-->
</style>
</head>
<!--▲編集不可-->",サラヤ アラウ〔ARAU・arau〕洗濯用せっけん本体 + 詰替用セット[SARA]  おしゃれ：便利生活　マイルーム,物干しランドリーキッチンインテリア一人暮らし収納アイリスオーヤマメタル新生活カラーボックスワンルームラックテレビ台テーブルパソコンデスクチェストベッド家具コーディネート自転車サラヤ アラウ〔ARAU・arau〕洗濯用せっけん本体 + 詰替用セット[SARA]  おしゃれ,　。サラヤ アラウ〔ARAU・arau〕洗濯用せっけん本体 + 詰替用セット[SARA]  おしゃれ[rn]
38-44284,http://tshop.r10s.jp/enetroom/cabinet/zakka/9710044-1.jpg?fitin=700:700,532.8000,,日用品雑貨・文房具・手芸 > 日用品・生活雑貨 > 洗剤・柔軟剤 > 洗濯用洗剤・柔軟剤 > 洗濯用洗剤,サラヤ アラウ〔ARAU・arau〕洗濯用せっけん本体 1.2L a.r.t [SARA]  おしゃれ,　,"<table width=""650""><tr><td></td></tr></table>ヤシから生まれたせっけん成分で、衣類に優しく汚れはしっかり落とします。 <br>柔軟剤ナシでも仕上がりふっくら。<br>液体タイプなので溶けやすく、すすぎもすみやか。<br> 溶け残りの心配もありません。赤ちゃんがくわえてしまうことの多いタオルやリネンも安心して洗えます。<br>ラベンダー＆スペアミントのハーブオイル配合。<br>天然ならではのさわやかな香りで、気持ちまでスッキリ。<br>部屋干しでもイヤなニオイの心配がありません。<br><br>□arau.(アラウ)は、合成界面活性剤、リン酸塩、エデト酸塩、合成香料、<br>　着色料、 保存料をいっさい使っていません。<br>□漂白剤や蛍光増白剤を配合していないので、自然な風合いを保ちます。<br>□排水後は微生物に分解されて、すばやく地球に還ります（生分解度90％以上）。<br><br>【家庭用品品質表示法に基づく表示】<br><br>品名：洗濯用石けん<br>用途：綿・麻・合成繊維用<br>液性：弱アルカリ性<br>成分：純石けん分（30％脂肪酸カリウム）<br>使用量の目安：[水量 30L]使用量の目安 50mL／[水量 45L]使用量の目安 75mL<br><br>●発売元：「サラヤ株式会社」<br><br><br><!--<center>
<br>
<font size=""6"" color=""red"">＼ 先着200名様！500円クーポン ／</font><br>

<img src=http://image.rakuten.co.jp/enetroom/cabinet/banner/1114-500coupon.jpg border=""0"" width=""650"">
<br><br>

<font size=""7"" color=""red"">≪クーポンゲットはこちらから≫</font><br><br><br><br>

<img src=""http://image.rakuten.co.jp/enetroom/cabinet/m/line.jpg"" width=""650""><br>
<br><br><br>


<font size=""6"" color=""red"">＼ 先着100名様！100円クーポン ／</font><br>

<img src=http://image.rakuten.co.jp/enetroom/cabinet/banner/1114coupon-100.jpg border=""0"" width=""650"">
<br><br>

<font size=""7"" color=""red"">≪クーポンゲットはこちらから≫</font><br><br><br><br>

<img src=""http://image.rakuten.co.jp/enetroom/cabinet/m/line.jpg"" width=""650""><br>-->
<br>

<br>
</center>

<!--▼編集不可-->
<head>
<style type=""text/css"">
<!--
a:hover {
filter:alpha(opacity=75);
-moz-opacity:0.75;
opacity:0.75;
}
-->
</style>
</head>
<!--▲編集不可-->",サラヤ アラウ〔ARAU・arau〕洗濯用せっけん本体 1.2L a.r.t [SARA]  おしゃれ：便利生活　マイルーム,物干しランドリーキッチンインテリア一人暮らし収納アイリスオーヤマメタル新生活カラーボックスワンルームラックテレビ台テーブルパソコンデスクチェストベッド家具コーディネート自転車サラヤ アラウ〔ARAU・arau〕洗濯用せっけん本体 1.2L a.r.t [SARA]  おしゃれ,　。サラヤ アラウ〔ARAU・arau〕洗濯用せっけん本体 1.2L a.r.t [SARA]  おしゃれ[rn]
38-44285,http://tshop.r10s.jp/enetroom/cabinet/zakka/9710045-1.jpg?fitin=700:700,384.0000,,日用品雑貨・文房具・手芸 > 日用品・生活雑貨 > 洗剤・柔軟剤 > 洗濯用洗剤・柔軟剤 > 洗濯用洗剤,サラヤ アラウ〔ARAU・arau〕洗濯用せっけん詰替用 1.0L（詰替え用・詰め替え用）a.r.t [SARA]  おしゃれ,　,"<table width=""650""><tr><td></td></tr></table>ヤシから生まれたせっけん成分で、衣類に優しく汚れはしっかり落とします。 <br>柔軟剤ナシでも仕上がりふっくら。<br>液体タイプなので溶けやすく、すすぎもすみやか。<br> 溶け残りの心配もありません。赤ちゃんがくわえてしまうことの多いタオルやリネンも安心して洗えます。<br>ラベンダー＆スペアミントのハーブオイル配合。<br>天然ならではのさわやかな香りで、気持ちまでスッキリ。<br>部屋干しでもイヤなニオイの心配がありません。<br><br>□arau.(アラウ)は、合成界面活性剤、リン酸塩、エデト酸塩、合成香料、<br>　着色料、 保存料をいっさい使っていません。<br>□漂白剤や蛍光増白剤を配合していないので、自然な風合いを保ちます。<br>□排水後は微生物に分解されて、すばやく地球に還ります（生分解度90％以上）。<br><br>【家庭用品品質表示法に基づく表示】<br><br>品名：洗濯用石けん<br>用途：綿・麻・合成繊維用<br>液性：弱アルカリ性<br>成分：純石けん分（30％脂肪酸カリウム）<br>使用量の目安：[水量 30L]使用量の目安 50mL／[水量 45L]使用量の目安 75mL<br><br>●発売元：「サラヤ株式会社」<br><br><br><!--<center>
<br>
<font size=""6"" color=""red"">＼ 先着200名様！500円クーポン ／</font><br>

<img src=http://image.rakuten.co.jp/enetroom/cabinet/banner/1114-500coupon.jpg border=""0"" width=""650"">
<br><br>

<font size=""7"" color=""red"">≪クーポンゲットはこちらから≫</font><br><br><br><br>

<img src=""http://image.rakuten.co.jp/enetroom/cabinet/m/line.jpg"" width=""650""><br>
<br><br><br>


<font size=""6"" color=""red"">＼ 先着100名様！100円クーポン ／</font><br>

<img src=http://image.rakuten.co.jp/enetroom/cabinet/banner/1114coupon-100.jpg border=""0"" width=""650"">
<br><br>

<font size=""7"" color=""red"">≪クーポンゲットはこちらから≫</font><br><br><br><br>

<img src=""http://image.rakuten.co.jp/enetroom/cabinet/m/line.jpg"" width=""650""><br>-->
<br>

<br>
</center>

<!--▼編集不可-->
<head>
<style type=""text/css"">
<!--
a:hover {
filter:alpha(opacity=75);
-moz-opacity:0.75;
opacity:0.75;
}
-->
</style>
</head>
<!--▲編集不可-->",サラヤ アラウ〔ARAU・arau〕洗濯用せっけん詰替用 1.0L（詰替え用・詰め替え用）a.r.t [SARA]  おしゃれ：便利生活　マイルーム,物干しランドリーキッチンインテリア一人暮らし収納アイリスオーヤマメタル新生活カラーボックスワンルームラックテレビ台テーブルパソコンデスクチェストベッド家具コーディネート自転車サラヤ アラウ〔ARAU・arau〕洗濯用せっけん詰替用 1.0L（詰替え用・詰め替え用）a.r.t [SARA]  おしゃれ,　。サラヤ アラウ〔ARAU・arau〕洗濯用せっけん詰替用 1.0L（詰替え用・詰め替え用）a.r.t [SARA]  おしゃれ[rn]
38-44286,http://tshop.r10s.jp/enetroom/cabinet/nitiyouhin/4903301745525.jpg?fitin=700:700,272.0000,,日用品雑貨・文房具・手芸 > 日用品・生活雑貨 > 洗剤・柔軟剤 > 洗濯用洗剤・柔軟剤 > 洗濯用洗剤,トッププレケアエリ　そで用　250ml【ライオン】【DC】 （洗濯用品・洗濯機 ランドリー・洗濯機、洗面台、洗面化粧台、柔軟剤、洗濯乾燥機、衣類乾燥機、洗濯洗剤）  おしゃれ,　,"<table><tr><td><br></td><tr></table><font color=green><b>※在庫の都合上やむをえず取り寄せとなる場合がございます。お届けまで7～10日ほど掛かります。何卒ご了承下さいませ。</b></font><br><br>お洗濯の前処理専用剤（エリ・そで口の汚れに）<br><br>●特徴<br>・汚れの種類に合わせた剤と容器の組合せで、しつこい汚れをしっかり落とします<br>
・体から出る皮脂やタンパク質が混ざり合った複合的な汚れである“エリそで汚れ”を「酵素」と「ノニオン界面活性剤」の相乗効果でパワフルに分解します。<br>・エリやそで口などの細長く広い範囲の汚れにも、液をのばしながらムラなく塗布できる、スポンジ付き容器<br>・ニオイの元になる皮脂汚れをしっかり落とすことでイヤなニオイもスッキリ消臭<br><br>
●使い方<br>・エリやそで口などの汚れ部分に直接塗り、その後、放置せずに他の洗濯物と一緒に洗濯用洗剤で洗って下さい。 <br><br>●使用上の注意<br>
・洗濯機のフタなどのプラスチック部分に原液がつくと、傷むことがありますので、原液がついた場合は、すぐに水でふきとってください。<br>・乳幼児の手の届く所に置かないでください。<br>・用途以外に使わないでください。<br>・使用後は手を水でよく洗い、手荒れがひどい方はゴム手袋を使用したり、クリームなどで手入れをして予防してください。<br><br>
●容量：本体250ml<br><br>●成分<br><br>・界面活性剤（25％　ポリオキシエチレンアルキルエーテル）、アルカリ剤、安定化剤、pH調整剤、酵素<br>
 <br><br><br><br>【発売元】<br><br>ライオン<br><br><table cellspacing=""3"" cellpadding=""5"" border=""0""bgcolor=""#ffffff""><tr><td align=""center"" bgcolor=""#FFE4E1""><font color=""#696969"" size=""2"">広告文責</font></td><td bgcolor=""#ffffff""><font color=""#696969"" size=""2"">e-net shop株式会社<br> 0120-166-353</font></td></tr><tr><td align=""center"" bgcolor=""#FFE4E1""><font color=""#696969"" size=""2"">区分</font></td><td bgcolor=""#ffffff""><font color=""#696969"" size=""2"">日本製・洗濯用合成洗剤 </font></td></tr></table>
<br><br><br><br><br>検索キーワード：  しみ抜き 肝斑 紙魚 ほくろ ケシミン しみ 薬 しみ取り カンパン しみ<br><br><br>検索キーワード：楽天HC【e-netshop】　ランドリー<!--<center>
<br>
<font size=""6"" color=""red"">＼ 先着200名様！500円クーポン ／</font><br>

<img src=http://image.rakuten.co.jp/enetroom/cabinet/banner/1114-500coupon.jpg border=""0"" width=""650"">
<br><br>

<font size=""7"" color=""red"">≪クーポンゲットはこちらから≫</font><br><br><br><br>

<img src=""http://image.rakuten.co.jp/enetroom/cabinet/m/line.jpg"" width=""650""><br>
<br><br><br>


<font size=""6"" color=""red"">＼ 先着100名様！100円クーポン ／</font><br>

<img src=http://image.rakuten.co.jp/enetroom/cabinet/banner/1114coupon-100.jpg border=""0"" width=""650"">
<br><br>

<font size=""7"" color=""red"">≪クーポンゲットはこちらから≫</font><br><br><br><br>

<img src=""http://image.rakuten.co.jp/enetroom/cabinet/m/line.jpg"" width=""650""><br>-->
<br>

<br>
</center>

<!--▼編集不可-->
<head>
<style type=""text/css"">
<!--
a:hover {
filter:alpha(opacity=75);
-moz-opacity:0.75;
opacity:0.75;
}
-->
</style>
</head>
<!--▲編集不可-->",トッププレケアエリ　そで用　250ml【ライオン】【DC】 （洗濯用品・洗濯機 ランドリー・洗濯機、洗面台、洗面化粧台、柔軟剤、洗濯乾燥機、衣類乾燥機、洗濯洗剤）  おしゃれ：便利生活　マイルーム,物干しランドリーキッチンインテリア一人暮らし収納アイリスオーヤマメタル新生活カラーボックスワンルームラックテレビ台テーブルパソコンデスクチェストベッド家具コーディネート自転車トッププレケアエリ　そで用　250ml【ライオン】【DC】 （洗濯用品・洗濯機 ランドリー・洗濯機、洗面台、洗面化粧台、柔軟剤、洗濯乾燥機、衣類乾燥機、洗濯洗剤）  おしゃれ,　。トッププレケアエリ　そで用　250ml【ライオン】【DC】 （洗濯用品・洗濯機 ランドリー・洗濯機、洗面台、洗面化粧台、柔軟剤、洗濯乾燥機、衣類乾燥機、洗濯洗剤）  おしゃれ[rn]
38-44287,http://tshop.r10s.jp/enetroom/cabinet/daishin/9603412.jpg?fitin=700:700,163.2000,,日用品雑貨・文房具・手芸 > 日用品・生活雑貨 > 洗剤・柔軟剤 > 洗濯用洗剤・柔軟剤 > 洗濯用洗剤,×花王 ハイター  600ML 小【DC】  おしゃれ,　,"<table><tr><td><br></td><tr></table>黄ばみ・黒ずみをとり、真っ白に仕上げる塩素系の白物専用漂白剤。<br>
除菌もできます。色柄物、一部のせんいには使えません。<br><br>
【用途】<br>
・白物衣料専用（白物衣料でも使えないものがありますので注意してください。）<br>
・黄ばみ・黒ずみの漂白・衣料の除菌・除臭・赤ちゃんの衣料の漂白<br>
・食べ物、飲み物、血液、汗によるシミの漂白<br><br>
●内容量：600ml<br>
●漂白剤<br>
●液性：アルカリ性<br>
●成分：次亜塩素酸ナトリウム（塩素系）、水酸化ナトリウム（アルカリ剤）<br>
●メーカー：花王<br><br>★ハイター 1500ML（大）はこちら<br><br><font color=red>※お取り寄せ商品の為、お届けまで10日～2週間ほどお時間をいただく場合がございます。<br>　予めご了承ください。</font><!--<center>
<br>
<font size=""6"" color=""red"">＼ 先着200名様！500円クーポン ／</font><br>

<img src=http://image.rakuten.co.jp/enetroom/cabinet/banner/1114-500coupon.jpg border=""0"" width=""650"">
<br><br>

<font size=""7"" color=""red"">≪クーポンゲットはこちらから≫</font><br><br><br><br>

<img src=""http://image.rakuten.co.jp/enetroom/cabinet/m/line.jpg"" width=""650""><br>
<br><br><br>


<font size=""6"" color=""red"">＼ 先着100名様！100円クーポン ／</font><br>

<img src=http://image.rakuten.co.jp/enetroom/cabinet/banner/1114coupon-100.jpg border=""0"" width=""650"">
<br><br>

<font size=""7"" color=""red"">≪クーポンゲットはこちらから≫</font><br><br><br><br>

<img src=""http://image.rakuten.co.jp/enetroom/cabinet/m/line.jpg"" width=""650""><br>-->
<br>

<br>
</center>

<!--▼編集不可-->
<head>
<style type=""text/css"">
<!--
a:hover {
filter:alpha(opacity=75);
-moz-opacity:0.75;
opacity:0.75;
}
-->
</style>
</head>
<!--▲編集不可-->",&times;花王 ハイター  600ML 小【DC】  おしゃれ：便利生活　マイルーム,物干しランドリーキッチンインテリア一人暮らし収納アイリスオーヤマメタル新生活カラーボックスワンルームラックテレビ台テーブルパソコンデスクチェストベッド家具コーディネート自転車&times;花王 ハイター  600ML 小【DC】  おしゃれ,　。&times;花王 ハイター  600ML 小【DC】  おしゃれ[rn]
38-44288,http://tshop.r10s.jp/enetroom/cabinet/daishin/9603413.jpg?fitin=700:700,293.6000,,日用品雑貨・文房具・手芸 > 日用品・生活雑貨 > 洗剤・柔軟剤 > 洗濯用洗剤・柔軟剤 > 洗濯用洗剤,花王 ハイター  1500ML  大【DC】  おしゃれ,　,"<table><tr><td><br></td><tr></table>黄ばみ・黒ずみをとり、真っ白に仕上げる塩素系の白物専用漂白剤。<br>
除菌もできます。色柄物、一部のせんいには使えません。<br><br>
【用途】<br>
・白物衣料専用（白物衣料でも使えないものがありますので注意してください。）<br>
・黄ばみ・黒ずみの漂白・衣料の除菌・除臭・赤ちゃんの衣料の漂白<br>
・食べ物、飲み物、血液、汗によるシミの漂白<br><br>
●内容量：1500ml<br>
●漂白剤<br>
●液性：アルカリ性<br>
●成分：次亜塩素酸ナトリウム（塩素系）、水酸化ナトリウム（アルカリ剤）<br>
●メーカー：花王<br><br>★ハイター 600ML（小）はこちら<br><br><font color=red>※お取り寄せ商品の為、お届けまで10日～2週間ほどお時間をいただく場合がございます。<br>　予めご了承ください。</font><!--<center>
<br>
<font size=""6"" color=""red"">＼ 先着200名様！500円クーポン ／</font><br>

<img src=http://image.rakuten.co.jp/enetroom/cabinet/banner/1114-500coupon.jpg border=""0"" width=""650"">
<br><br>

<font size=""7"" color=""red"">≪クーポンゲットはこちらから≫</font><br><br><br><br>

<img src=""http://image.rakuten.co.jp/enetroom/cabinet/m/line.jpg"" width=""650""><br>
<br><br><br>


<font size=""6"" color=""red"">＼ 先着100名様！100円クーポン ／</font><br>

<img src=http://image.rakuten.co.jp/enetroom/cabinet/banner/1114coupon-100.jpg border=""0"" width=""650"">
<br><br>

<font size=""7"" color=""red"">≪クーポンゲットはこちらから≫</font><br><br><br><br>

<img src=""http://image.rakuten.co.jp/enetroom/cabinet/m/line.jpg"" width=""650""><br>-->
<br>

<br>
</center>

<!--▼編集不可-->
<head>
<style type=""text/css"">
<!--
a:hover {
filter:alpha(opacity=75);
-moz-opacity:0.75;
opacity:0.75;
}
-->
</style>
</head>
<!--▲編集不可-->",花王 ハイター  1500ML  大【DC】  おしゃれ：便利生活　マイルーム,物干しランドリーキッチンインテリア一人暮らし収納アイリスオーヤマメタル新生活カラーボックスワンルームラックテレビ台テーブルパソコンデスクチェストベッド家具コーディネート自転車花王 ハイター  1500ML  大【DC】  おしゃれ,　。花王 ハイター  1500ML  大【DC】  おしゃれ[rn]
38-44289,http://tshop.r10s.jp/transports/cabinet/etc/img60323956.jpg?fitin=700:700,428.0000,,日用品雑貨・文房具・手芸 > 日用品・生活雑貨 > 洗剤・柔軟剤 > 洗濯用洗剤・柔軟剤 > 洗濯用洗剤,★即納/あす楽★★大特価★【エネロクリーン 170g】【衣類用固形洗剤/洗濯石鹸】クリーニング店でも使用されている、プロが勧めるガンコ汚れ専用洗剤！ ※DM便発送不可【RCP】,【後払い・コンビニ決済もOK!】ガンコな汚れ、ドロ汚れに強い！,"<CENTER><TABLE border=""0"">  <TBODY>    <TR>      <TD align=""center"">      <P align=""center""><img src=""http://thumbnail.image.rakuten.co.jp/@0_mall/transports/cabinet/etc/xw-006-1.jpg"" width=""600"" height=""835"" border=""0""><BR><img src=""http://thumbnail.image.rakuten.co.jp/@0_mall/transports/cabinet/etc/xw-006-3.jpg"" width=""600"" height=""441"" border=""0""><BR>      </P>      <TABLE border=""0"" width=""600"">        <TBODY>          <TR>            <TD><BR>■標準使用方法<br>            1.まず洗濯物を充分に水に浸けて下さい。 <BR>            2.エネロクリーンを汚れの部分にムラなく塗ってください。 <BR>            3.洗濯機に入れて洗浄、または揉み洗い、もしくはそのまま水に浸ける。<BR>            <BR>            ＊どの洗浄方法の場合でもエネロクリーンを塗ってから水に浸す時間をより長く置きますと洗浄効果はさらに良くなります。<BR>            <BR>            子供の上履きに水を含ませてから、『エネロクリーン』をこすりつけ、ブラシなどでゴシゴシと洗っていきます。 みるみるうちにドロ汚れで真っ黒だった上履きが真っ白に！<BR>            この汚れ落ちの良さにはびっくりします！<BR>            <BR>            ワイシャツの襟汚れには、洗濯機に入れる前に襟汚れに直接『エネロクリーン』を塗っておきます。 あとはいつもどおり洗濯機でまわすだけです。<BR>            <BR>
            他にも、学校の体操服/体操着や、白い Tシャツ、野球用のスライディングパンツや、<br>
            サッカー用のストッキングなどの「泥汚れ」に効果絶大！<BR>
            <BR>子供が学校の習字で墨汁をこぼした！<br>怪我をして、衣類に血がついてしまった！<br>他にも、シーツを汚してしまった！<br>なんて時にも信じられない効果を発揮します！<BR>
            <br>
            <BR>
            卓球用靴下/卓球ソックス<br>
            バレーボール靴下/バレーボールハイソックス<br>
            サッカーストッキング<br>
            野球用ストッキング/アンダーストッキング<br>
            ユニフォームの黄ばみ・泥汚れ<br>
            運動靴の黒ずみ・泥汚れ<br>
            サポーター 類<br>
            <br>
            <br>
            お父さんのYシャツの襟染み/黄ばみ汚れ<br>
            子供の制服・シャツ<br>
            <br>
            <br>
            などなど・・・<br>
            <br>
            <br>
            とにかく、普通の洗濯石鹸ではお手上げのものに効果絶大！<br>
            黒ずんでませんか？黄ばんでませんか？<BR>            <BR>            <BR>            ＃汚れが強いときは、『エネロクリーン』をつけた後に、もみ洗いや水に漬け置おくと効果的です。 <BR>            <BR>            ■サイズ：35mm×150mm<BR>            ■重量：170g <BR>            ■収納ネット付、1本入 <BR>            <BR>            ■製造販売元：カミナガ販売 <BR>            <BR>            ■品名 洗濯用複合石鹸 棒石鹸<br>■用途 綿・麻・合成繊維用 <br>■液性 弱アルカリ性 <br>■成分 界面活性剤（87％）<br>■純石鹸分[62％、脂肪酸ナトリウム]<br>            ■純石鹸分以外の界面活性剤 <BR>            　[13％アルキルベンゼンスルフォン酸ナトリウム]<BR>            　[5％アルカンスルフォン酸ナトリウム]アルカリ性[けい酸塩]蛍光増白剤<br><br>この複合石けんは石けん分を主体に天然系の石けんカスの分散剤を配合したものです。<br><br>■標準使用方法<br><br>１．まず洗濯物を充分に水に浸けて下さい。<br><br>２．次にエネロクリーンを汚れの部分にムラなく塗って下さい。<br><br>            ３．次に[A]洗濯機に入れて洗浄または[B]もみ洗いをして下さい。あるいは[C]そのまま水に浸けて置いてください。ただし[A][B]の洗濯方法の場合でもエネロクリーンを塗ってから水に浸す時間をより長く置きますと洗浄効果はさらに良くなります。            <br>            <B><BR></B></TD>          </TR>        </TBODY>      </TABLE>      <BR>      <TABLE border=""0"">        <TBODY>          <TR>            <TD align=""center"" width=""431"" bgcolor=""#ffff00""><B><FONT color=""#ff0000"" size=""+1"">※当商品は、クロネコDM便(旧メール便)発送できません。<BR>            ご利用いただける配達方法は、「宅配便」のみです。</FONT></B></TD>          </TR>        </TBODY>      </TABLE>      </TD>    </TR>  </TBODY></TABLE></CENTER><B><BR><FONT color=""#ff0000"">※当商品は、クロネコDM便(旧メール便)発送できません。<BR>ご利用いただける配達方法は、「宅配便」のみです。</FONT><BR></B><BR><TABLE width=""400"" bgcolor=""#666666"" cellspacing=""1"">  <TBODY>    <TR>      <TD bgcolor=""#ffffff"">      <P><FONT size=""-1"">メーカー希望小売価格はメーカーカタログに基づいて掲載しています<BR>      カタログデータは↑コチラ↑をクリックでご確認頂けます。</FONT></P></TD>    </TR>  </TBODY></TABLE><P align=""left""></P>


<style type=""text/css"">
input{
  font-weight:bold;
  font-size:30px;
  color:#000;
}
</style>



<style type=""text/css"">
<!--
span.unit { background: url(http://www.rakuten.ne.jp/gold/transports/img/parts/deferred_payment.jpg) no-repeat left top; text-indent:
-9999; display: block; width: 300; height: 150; margin:15px 0; }
-->
</style>



<style TYPE=""text/css"">
<!--
td.inventory font{font-size:10px;color:#666666;}
td.inventory{word-wrap:break-word;width:80px;}
-->
</style>",★即納/あす楽★★大特価★【エネロクリーン 170g】【衣類用固形洗剤/洗濯石鹸】クリーニング店でも使用されている、プロが勧めるガンコ汚れ専用洗剤！ ※DM便発送不可【RCP】：トランスポーツ,卓球卓球ラバーラケットバタフライユニフォーム★即納/あす楽★★大特価★【エネロクリーン 170g】【衣類用固形洗剤/洗濯石鹸】クリーニング店でも使用されている、プロが勧めるガンコ汚れ専用洗剤！ ※DM便発送不可【RCP】,【後払い・コンビニ決済もOK!】ガンコな汚れ、ドロ汚れに強い！。★即納/あす楽★★大特価★【エネロクリーン 170g】【衣類用固形洗剤/洗濯石鹸】クリーニング店でも使用されている、プロが勧めるガンコ汚れ専用洗剤！ ※DM便発送不可【RCP】[rn]
38-44290,http://tshop.r10s.jp/at-zakka/cabinet/0000/4571313610010.jpg?fitin=700:700,1796.8000,,日用品雑貨・文房具・手芸 > 日用品・生活雑貨 > 洗剤・柔軟剤 > 洗濯用洗剤・柔軟剤 > 洗濯用洗剤,【 送料無料 】 【きれいッ粉】　れもん　多用途エコ洗浄剤　きれいッ粉　ボトル【1000g】 (4571313610010),　,"<img src=""http://image.rakuten.co.jp/at-zakka/cabinet/0000/kireikko0.jpg"" width=""700""><BR><img src=""http://image.rakuten.co.jp/at-zakka/cabinet/0000/kireikko1.jpg"" width=""700"">【商品説明】<br>１．安心・安全な成分でありながら除菌効果もある<br>　　農林水産大臣認可の日本食品分析センターにて、誤飲時の無毒性や皮膚への無刺激性を実証したほど安全でありあがら、洗浄漂白力に加えて除菌力も有し、大腸菌Ｏ１５７・大腸菌Ｏ１１１・サルモネラ菌・レジオネラ菌を９９．９％除菌することが出来る。<br><br>２．溶けが良く、発泡性が高い過炭酸ソーダを厳選して使用<br>　　製造メーカーの若社長が国内の原料製造メーカーから製品を取り寄せ、厳選されたものをきれいッ粉に使用。<br>　　きれいッ粉は溶解速度が早い。<br>　　また、溶解時の発砲性が高い為、発泡作用による洗浄効果がより期待出来る。<br>　　溶けの良さや発泡性の高さは、高温の水のみならず、常温の水でも目で見て違いが分かるほど。<br><br>３．環境省が定めたエコアクション２１（ガイドライン）でも認められた環境性能。<br>　　エコ洗浄剤きれいッ粉を普及することを目標のひとつとすることで、環境省が定めたエコアクション２１の認証・登録をすることが出来た。界面活性剤や塩素成分は不使用。過炭酸ソーダの構成成分は自然界に存在する酸素・炭素・水素・ナトリウムの４種のみの無機物で、生分解不要。（環境への負荷が限りなく少ない<br><br>４．幅広く使えば経済的<br>　　本体価格は通常の合成洗剤と比較すると高価だが、きれいッ粉１０ｇで１？の洗浄液が作れる為、１ｋｇで１００？の洗浄液を作ることが出来る。また、用途が幅広く、専用の洗剤を買い揃える必要がなくなるため、結果的にコストを抑えることが出来る。<br>使用方法用途など：<BR>使用方法：１？お湯（４０℃～５０℃）＝キャップまたは大さじ半分（１０ｇ）<br><br>使用用途：衣類の漂白・染みぬき・部屋干し臭対策、黄ばみ・臭い取り<br>　　　　　　　キッチン回りの油汚れ、キッチン用品・ベビー用品・ペット用品などの洗浄除菌<br>　　　　　　　水筒・急須などの茶渋落とし<br>　　　　　　　洗濯槽の洗浄、腕時計の洗浄、エアコンの洗浄・臭い取り、フィルター洗浄<br>　　　　　　　風呂釜の洗浄、排水口の滑り取り、冷蔵庫、レンジなどの拭き掃除、トイレ・浴室・シンクなどの洗浄など極めて多用途。<br>用法用量使用量の目安：<BR>使用量の目安：お湯１？に対して１０ｇ。ワイシャツ１枚の漂白に約２？程使用。<br><br>成分：<BR>過炭酸ナトリウム　酵素<br>使用上の注意：<BR>・使用できないもの<br>　絹・皮革などの動物性繊維。<br>　鉄・アルミなどの酸化しやすい金属（金・ステンレスは除く）<br>　漆製品、天然木、素焼きの陶器。<br>　ワックスや薄手のメッキなどコーティングされたもの。<br>応急処置：<BR>・飲み込んだ時は、吐かずにすぐ口をすすぎ、牛乳か　　生卵を飲む。<br>　目に入ったときはこすらずすぐ流水で充分に洗い流す。<br>　いずれの場合もすぐに処置し、異常が残る場合は医師に相談する。<br><br>保管保存方法：<BR>・幼児の手が届く所に置かない。・用途外は使用しない。・色がらものは目立たない個所で試す。・熱湯使用時はやけどに注意する。・密閉せず、直射日光や高温多湿の場所での保管は避け、水などで濡らさない。・ペットボトル等の容器に液体のまま保存する場合は、容器の破損の恐れがあるので、キャップをゆるめて保存する。・塩素系とは併用しない。・化学変化や色素沈着により材質自体が変色したものは元に戻らない。<br>保管および取扱い上の注意：<BR>←に記載<br><br>賞味期限等：<BR>なし<br>問い合わせ先：<BR>〒800-0226　福岡県北九州市小倉南区田原新町1-1-2。093-471-3441　　fax093-471-2334。株式会社れもん　キレイ事業部　<br>原産国：日本<br>商品サイズ：120×285×65<BR><br>JANコード：4571313610010<BR>cs：10<BR><br>使用方法用途など：使用方法：１？お湯（４０℃～５０℃）＝キャップまたは大さじ半分（１０ｇ）<br><br>使用用途：衣類の漂白・染みぬき・部屋干し臭対策、黄ばみ・臭い取り<br>　　　　　　　キッチン回りの油汚れ、キッチン用品・ベビー用品・ペット用品などの洗浄除菌<br>　　　　　　　水筒・急須などの茶渋落とし<br>　　　　　　　洗濯槽の洗浄、腕時計の洗浄、エアコンの洗浄・臭い取り、フィルター洗浄<br>　　　　　　　風呂釜の洗浄、排水口の滑り取り、冷蔵庫、レンジなどの拭き掃除、トイレ・浴室・シンクなどの洗浄など極めて多用途。<br>用法用量使用量の目安：使用量の目安：お湯１？に対して１０ｇ。ワイシャツ１枚の漂白に約２？程使用。<br><br>成分：過炭酸ナトリウム　酵素<br>使用上の注意：・使用できないもの<br>　絹・皮革などの動物性繊維。<br>　鉄・アルミなどの酸化しやすい金属（金・ステンレスは除く）<br>　漆製品、天然木、素焼きの陶器。<br>　ワックスや薄手のメッキなどコーティングされたもの。<br>応急処置：・飲み込んだ時は、吐かずにすぐ口をすすぎ、牛乳か　　生卵を飲む。<br>　目に入ったときはこすらずすぐ流水で充分に洗い流す。<br>　いずれの場合もすぐに処置し、異常が残る場合は医師に相談する。<br><br>保管保存方法：・幼児の手が届く所に置かない。・用途外は使用しない。・色がらものは目立たない個所で試す。・熱湯使用時はやけどに注意する。・密閉せず、直射日光や高温多湿の場所での保管は避け、水などで濡らさない。・ペットボトル等の容器に液体のまま保存する場合は、容器の破損の恐れがあるので、キャップをゆるめて保存する。・塩素系とは併用しない。・化学変化や色素沈着により材質自体が変色したものは元に戻らない。<br>保管および取扱い上の注意：←に記載<br><br>賞味期限等：なし<br>問い合わせ先：〒800-0226　福岡県北九州市小倉南区田原新町1-1-2。093-471-3441　　fax093-471-2334。株式会社れもん　キレイ事業部　<br>原産国：日本<br><br><br><br>広告文責：アットライフ株式会社<br>TEL 079-280-2113<br>※商品パッケージは変更の場合あり。<br>メーカー欠品または完売の際、キャンセルをお願いすることがあります。ご了承ください。<style>
<!--

a:hover img {
-moz-opacity:0.7;
 opacity:0.7;
 filter:alpha(opacity=70);
}


#scrollUp{
border:none!important;
bottom:5px;
right:5px;
}
#scrollUp img{
display:none;
}
#scrollUp .nearCart{
background:url(http://image.rakuten.co.jp/at-zakka/cabinet/sozai1/cart_icon01.jpg) no-repeat 0 0;
}
#scrollUp,#scrollUp .nearCart{
width: 70px !important;
height: 73px !important;
}

-->
</style>
広告文責：アットライフ TEL：079-280-2113<br>
商品画像等は予告なく変わることがあります。<br>
また、メーカー欠品の場合はキャンセルのお願いをする場合がございます。ご了承ください。<br><br>

<!-- Webチラシ　　-->
<img src=""http://image.rakuten.co.jp/at-zakka/cabinet/tokusyupage/webtirasi.jpg"" width=""720"" height=""30"" style=""margin-bottom:5px""><br>
<img src=""http://image.rakuten.co.jp/at-zakka/cabinet/corner/tirashi_banner.jpg"" width=""720"" height=""120"" style=""margin-bottom:5px""><br><br>
<br>

<!-- Pickup! -->
<img src=""http://image.rakuten.co.jp/at-zakka/cabinet/pickup.jpg"" width=""720"" height=""30"" style=""margin-bottom:5px""><br>
<br><br>

<!-- レビューのお願い -->
<div align=""center""><img src=""http://image.rakuten.co.jp/at-zakka/cabinet/sozai1/review_onegai.jpg"" width=""600"" height=""700"" border=""0"" usemap=""#review_onegai""></div><map name=""review_onegai"" id=""review_onegai"">
  
  
</map><br><br>

<!-- 送料無料まであとちょっと -->
<p><img src=""http://image.rakuten.co.jp/at-zakka/cabinet/sozai1/atotyotto.jpg"" width=""730"" height=""80"" border=""0""><br>
<img src=""http://image.rakuten.co.jp/at-zakka/cabinet/sozai1/atotyotto1-999_1.jpg"" width=""365"" height=""60"" border=""0""><img src=""http://image.rakuten.co.jp/at-zakka/cabinet/sozai1/atotyotto1000-1999_1.jpg"" width=""365"" height=""60"" border=""0""></p><br>

<!-- 店長おすすめはこちら タイトル -->
<img src=""http://image.rakuten.co.jp/at-zakka/cabinet/sozai1/kyotusetumei1.jpg""><br>",【 送料無料 】 【きれいッ粉】　れもん　多用途エコ洗浄剤　きれいッ粉　ボトル【1000g】 (4571313610010)：日用品＆生活雑貨の店「カットコ」,【 送料無料 】 【きれいッ粉】　れもん　多用途エコ洗浄剤　きれいッ粉　ボトル【1000g】 (4571313610010),　。【 送料無料 】 【きれいッ粉】　れもん　多用途エコ洗浄剤　きれいッ粉　ボトル【1000g】 (4571313610010)[rn]
38-44291,http://tshop.r10s.jp/at-zakka/cabinet/1168/4901797100019.jpg?fitin=700:700,326.4000,,日用品雑貨・文房具・手芸 > 日用品・生活雑貨 > 洗剤・柔軟剤 > 洗濯用洗剤・柔軟剤 > 洗濯用洗剤,【シャボン玉販売】シャボン玉　酸素系漂白剤　７６０ｇ（4901797100019） 【2999円(税込)以上で送料無料】,,"【商品説明】<br>酸素系なので色柄もののお洗濯にもご使用いただけます。<br>台所の除菌・除臭にもどうぞ。<br>また、哺乳瓶や水筒（幼稚園や保育園などの幼児）などの漂白としてもご使用いただけます。<br><br>商品サイズ：155×260×80<br><br>香り：無し<br><br>成分：過炭酸ナトリウム（酸素系）<br><br>ご使用上の注意等：※本品や本品を溶かした液をペットボトルやガラス容器等に密閉して保管すると、酸素が充満し、破裂する恐れがございますので、絶対にしないでください。<br><br>冷暗所において保管し、1年以内に使用してください。<br><br>賞味期限等：3年を目安にしておりますが、保管状況により差があるので、冷暗所において保管し、50年以内に使用してください。<br><br>原産国：日本<br><br>問い合わせ先：〒808-0195　福岡県北九州市若松区南二島2-23-1電話番号　0120-4800-95※お電話でのお問い合わせの受付時間 平日8：00~19：00土曜8：30~17：30（日祝は休業）<br>商品区分：漂白剤<br>JANコード：4901797100019<br><br><br><br>広告文責：アットライフ株式会社<br>TEL 079-280-2113<br>※商品パッケージは変更の場合あり。<br>メーカー欠品または完売の際、キャンセルをお願いすることがあります。ご了承ください。<style>
<!--

a:hover img {
-moz-opacity:0.7;
 opacity:0.7;
 filter:alpha(opacity=70);
}


#scrollUp{
border:none!important;
bottom:5px;
right:5px;
}
#scrollUp img{
display:none;
}
#scrollUp .nearCart{
background:url(http://image.rakuten.co.jp/at-zakka/cabinet/sozai1/cart_icon01.jpg) no-repeat 0 0;
}
#scrollUp,#scrollUp .nearCart{
width: 70px !important;
height: 73px !important;
}

-->
</style>
広告文責：アットライフ TEL：079-280-2113<br>
商品画像等は予告なく変わることがあります。<br>
また、メーカー欠品の場合はキャンセルのお願いをする場合がございます。ご了承ください。<br><br>

<!-- Webチラシ　　-->
<img src=""http://image.rakuten.co.jp/at-zakka/cabinet/tokusyupage/webtirasi.jpg"" width=""720"" height=""30"" style=""margin-bottom:5px""><br>
<img src=""http://image.rakuten.co.jp/at-zakka/cabinet/corner/tirashi_banner.jpg"" width=""720"" height=""120"" style=""margin-bottom:5px""><br><br>
<br>

<!-- Pickup! -->
<img src=""http://image.rakuten.co.jp/at-zakka/cabinet/pickup.jpg"" width=""720"" height=""30"" style=""margin-bottom:5px""><br>
<br><br>

<!-- レビューのお願い -->
<div align=""center""><img src=""http://image.rakuten.co.jp/at-zakka/cabinet/sozai1/review_onegai.jpg"" width=""600"" height=""700"" border=""0"" usemap=""#review_onegai""></div><map name=""review_onegai"" id=""review_onegai"">
  
  
</map><br><br>

<!-- 送料無料まであとちょっと -->
<p><img src=""http://image.rakuten.co.jp/at-zakka/cabinet/sozai1/atotyotto.jpg"" width=""730"" height=""80"" border=""0""><br>
<img src=""http://image.rakuten.co.jp/at-zakka/cabinet/sozai1/atotyotto1-999_1.jpg"" width=""365"" height=""60"" border=""0""><img src=""http://image.rakuten.co.jp/at-zakka/cabinet/sozai1/atotyotto1000-1999_1.jpg"" width=""365"" height=""60"" border=""0""></p><br>

<!-- 店長おすすめはこちら タイトル -->
<img src=""http://image.rakuten.co.jp/at-zakka/cabinet/sozai1/kyotusetumei1.jpg""><br>",【シャボン玉販売】シャボン玉　酸素系漂白剤　７６０ｇ（4901797100019） 【2999円(税込)以上で送料無料】：日用品＆生活雑貨の店「カットコ」,【シャボン玉販売】シャボン玉　酸素系漂白剤　７６０ｇ（4901797100019） 【2999円(税込)以上で送料無料】,【シャボン玉販売】シャボン玉　酸素系漂白剤　７６０ｇ（4901797100019） 【2999円(税込)以上で送料無料】[rn]
38-44292,http://tshop.r10s.jp/at-zakka/cabinet/0000/4562351009041.jpg?fitin=700:700,1100.0000,,日用品雑貨・文房具・手芸 > 日用品・生活雑貨 > 洗剤・柔軟剤 > 洗濯用洗剤・柔軟剤 > 洗濯用洗剤,【 送料無料 】 【きれいッ粉】多用途エコ洗浄剤　きれいッ粉　ボトル【300g】 (4562351009041),　,"<img src=""http://image.rakuten.co.jp/at-zakka/cabinet/0000/kireikko0.jpg"" width=""700""><BR><img src=""http://image.rakuten.co.jp/at-zakka/cabinet/0000/kireikko1.jpg"" width=""700"">【商品説明】<br>安心・安全な多用途エコ洗浄剤！しかも超強力！<BR>酸素の力で洗浄・漂白・脱脂・脱臭・除菌が出来ます。<BR>シリーズのいずれも中身は同じ粉末が入っています。（ボトルタイプも粉末です）<BR><BR><BR>(1)実証済みの安全性と除菌力で安心！<BR>(2)これ一本で「洗浄・漂白・脱脂・脱臭・除菌」5つの力！<BR>　洗濯・掃除・キッチンまわりなど多用途で使用できる。<BR>(3)つけ置きするだけでキレイになるから、時短・簡単・手間いらず。<BR>(4)重曹に近い成分だから、手肌にやさしい<BR>(5)酸素のパワーで汚れを落とすから、繊維・素材を傷めない!<BR>(6)1週間ほどで洗浄液がほぼ水になるから、安心・安全。<BR>　（洗浄力は3~4日はありますが、その後少しずつ酸素が抜けてほぼ水になります）<BR>(7)１リットルあたり約20円とお得。<BR>　さらに、汚れの軽いものから使い回しができるので経済的。<BR>(8)温度と濃度に比例し洗浄力がＵＰ！<BR><br>原産国：日本<br>商品サイズ：180×120×50<BR><br>JANコード：4562351009041<BR>cs：36<BR><br>原産国：日本<br><br><br><br>広告文責：アットライフ株式会社<br>TEL 079-280-2113<br>※商品パッケージは変更の場合あり。<br>メーカー欠品または完売の際、キャンセルをお願いすることがあります。ご了承ください。<style>
<!--

a:hover img {
-moz-opacity:0.7;
 opacity:0.7;
 filter:alpha(opacity=70);
}


#scrollUp{
border:none!important;
bottom:5px;
right:5px;
}
#scrollUp img{
display:none;
}
#scrollUp .nearCart{
background:url(http://image.rakuten.co.jp/at-zakka/cabinet/sozai1/cart_icon01.jpg) no-repeat 0 0;
}
#scrollUp,#scrollUp .nearCart{
width: 70px !important;
height: 73px !important;
}

-->
</style>
広告文責：アットライフ TEL：079-280-2113<br>
商品画像等は予告なく変わることがあります。<br>
また、メーカー欠品の場合はキャンセルのお願いをする場合がございます。ご了承ください。<br><br>

<!-- Webチラシ　　-->
<img src=""http://image.rakuten.co.jp/at-zakka/cabinet/tokusyupage/webtirasi.jpg"" width=""720"" height=""30"" style=""margin-bottom:5px""><br>
<img src=""http://image.rakuten.co.jp/at-zakka/cabinet/corner/tirashi_banner.jpg"" width=""720"" height=""120"" style=""margin-bottom:5px""><br><br>
<br>

<!-- Pickup! -->
<img src=""http://image.rakuten.co.jp/at-zakka/cabinet/pickup.jpg"" width=""720"" height=""30"" style=""margin-bottom:5px""><br>
<br><br>

<!-- レビューのお願い -->
<div align=""center""><img src=""http://image.rakuten.co.jp/at-zakka/cabinet/sozai1/review_onegai.jpg"" width=""600"" height=""700"" border=""0"" usemap=""#review_onegai""></div><map name=""review_onegai"" id=""review_onegai"">
  
  
</map><br><br>

<!-- 送料無料まであとちょっと -->
<p><img src=""http://image.rakuten.co.jp/at-zakka/cabinet/sozai1/atotyotto.jpg"" width=""730"" height=""80"" border=""0""><br>
<img src=""http://image.rakuten.co.jp/at-zakka/cabinet/sozai1/atotyotto1-999_1.jpg"" width=""365"" height=""60"" border=""0""><img src=""http://image.rakuten.co.jp/at-zakka/cabinet/sozai1/atotyotto1000-1999_1.jpg"" width=""365"" height=""60"" border=""0""></p><br>

<!-- 店長おすすめはこちら タイトル -->
<img src=""http://image.rakuten.co.jp/at-zakka/cabinet/sozai1/kyotusetumei1.jpg""><br>",【 送料無料 】 【きれいッ粉】多用途エコ洗浄剤　きれいッ粉　ボトル【300g】 (4562351009041)：日用品＆生活雑貨の店「カットコ」,【 送料無料 】 【きれいッ粉】多用途エコ洗浄剤　きれいッ粉　ボトル【300g】 (4562351009041),　。【 送料無料 】 【きれいッ粉】多用途エコ洗浄剤　きれいッ粉　ボトル【300g】 (4562351009041)[rn]
38-44293,http://tshop.r10s.jp/at-zakka/cabinet/0000/4571313610171.jpg?fitin=700:700,1782.4000,,日用品雑貨・文房具・手芸 > 日用品・生活雑貨 > 洗剤・柔軟剤 > 洗濯用洗剤・柔軟剤 > 洗濯用洗剤,【 送料無料 】 【きれいッ粉】多用途エコ洗浄剤　きれいッ粉　袋【1000g】 (4571313610171),　,"<img src=""http://image.rakuten.co.jp/at-zakka/cabinet/0000/kireikko0.jpg"" width=""700""><BR><img src=""http://image.rakuten.co.jp/at-zakka/cabinet/0000/kireikko1.jpg"" width=""700"">【商品説明】<br>安心・安全な多用途エコ洗浄剤！しかも超強力！<BR>酸素の力で洗浄・漂白・脱脂・脱臭・除菌が出来ます。<BR>シリーズのいずれも中身は同じ粉末が入っています。（ボトルタイプも粉末です）<BR><BR><BR>(1)実証済みの安全性と除菌力で安心！<BR>(2)これ一本で「洗浄・漂白・脱脂・脱臭・除菌」5つの力！<BR>　洗濯・掃除・キッチンまわりなど多用途で使用できる。<BR>(3)つけ置きするだけでキレイになるから、時短・簡単・手間いらず。<BR>(4)重曹に近い成分だから、手肌にやさしい<BR>(5)酸素のパワーで汚れを落とすから、繊維・素材を傷めない!<BR>(6)1週間ほどで洗浄液がほぼ水になるから、安心・安全。<BR>　（洗浄力は3~4日はありますが、その後少しずつ酸素が抜けてほぼ水になります）<BR>(7)１リットルあたり約20円とお得。<BR>　さらに、汚れの軽いものから使い回しができるので経済的。<BR>(8)温度と濃度に比例し洗浄力がＵＰ！<BR><br>使用方法用途など：<BR>用途：洗濯・掃除全般<BR>使い方：お湯（40～50度）に溶かしてつけ置きまたはふき取る。<BR>（水よりもお湯のほうが早く効果が出ます。）<br>用法用量使用量の目安：<BR>２Lのお湯に大さじ1杯<BR><br><br>成分：<BR>過炭酸ナトリウム（酸素系）、酵素<BR><br>問い合わせ先：<BR>株式会社れもん　お客様相談室<BR>お客様相談窓口(受付)平日９：００～１７：３０<BR>0120-80-9015<BR><br>原産国：日本<br>商品サイズ：150×230×60<BR><br>JANコード：4571313610171<BR>cs：10<BR><br>使用方法用途など：用途：洗濯・掃除全般<BR>使い方：お湯（40～50度）に溶かしてつけ置きまたはふき取る。<BR>（水よりもお湯のほうが早く効果が出ます。）<br>用法用量使用量の目安：２Lのお湯に大さじ1杯<BR><br><br>成分：過炭酸ナトリウム（酸素系）、酵素<BR><br>問い合わせ先：株式会社れもん　お客様相談室<BR>お客様相談窓口(受付)平日９：００～１７：３０<BR>0120-80-9015<BR><br>原産国：日本<br><br><br><br>広告文責：アットライフ株式会社<br>TEL 079-280-2113<br>※商品パッケージは変更の場合あり。<br>メーカー欠品または完売の際、キャンセルをお願いすることがあります。ご了承ください。<style>
<!--

a:hover img {
-moz-opacity:0.7;
 opacity:0.7;
 filter:alpha(opacity=70);
}


#scrollUp{
border:none!important;
bottom:5px;
right:5px;
}
#scrollUp img{
display:none;
}
#scrollUp .nearCart{
background:url(http://image.rakuten.co.jp/at-zakka/cabinet/sozai1/cart_icon01.jpg) no-repeat 0 0;
}
#scrollUp,#scrollUp .nearCart{
width: 70px !important;
height: 73px !important;
}

-->
</style>
広告文責：アットライフ TEL：079-280-2113<br>
商品画像等は予告なく変わることがあります。<br>
また、メーカー欠品の場合はキャンセルのお願いをする場合がございます。ご了承ください。<br><br>

<!-- Webチラシ　　-->
<img src=""http://image.rakuten.co.jp/at-zakka/cabinet/tokusyupage/webtirasi.jpg"" width=""720"" height=""30"" style=""margin-bottom:5px""><br>
<img src=""http://image.rakuten.co.jp/at-zakka/cabinet/corner/tirashi_banner.jpg"" width=""720"" height=""120"" style=""margin-bottom:5px""><br><br>
<br>

<!-- Pickup! -->
<img src=""http://image.rakuten.co.jp/at-zakka/cabinet/pickup.jpg"" width=""720"" height=""30"" style=""margin-bottom:5px""><br>
<br><br>

<!-- レビューのお願い -->
<div align=""center""><img src=""http://image.rakuten.co.jp/at-zakka/cabinet/sozai1/review_onegai.jpg"" width=""600"" height=""700"" border=""0"" usemap=""#review_onegai""></div><map name=""review_onegai"" id=""review_onegai"">
  
  
</map><br><br>

<!-- 送料無料まであとちょっと -->
<p><img src=""http://image.rakuten.co.jp/at-zakka/cabinet/sozai1/atotyotto.jpg"" width=""730"" height=""80"" border=""0""><br>
<img src=""http://image.rakuten.co.jp/at-zakka/cabinet/sozai1/atotyotto1-999_1.jpg"" width=""365"" height=""60"" border=""0""><img src=""http://image.rakuten.co.jp/at-zakka/cabinet/sozai1/atotyotto1000-1999_1.jpg"" width=""365"" height=""60"" border=""0""></p><br>

<!-- 店長おすすめはこちら タイトル -->
<img src=""http://image.rakuten.co.jp/at-zakka/cabinet/sozai1/kyotusetumei1.jpg""><br>",【 送料無料 】 【きれいッ粉】多用途エコ洗浄剤　きれいッ粉　袋【1000g】 (4571313610171)：日用品＆生活雑貨の店「カットコ」,【 送料無料 】 【きれいッ粉】多用途エコ洗浄剤　きれいッ粉　袋【1000g】 (4571313610171),　。【 送料無料 】 【きれいッ粉】多用途エコ洗浄剤　きれいッ粉　袋【1000g】 (4571313610171)[rn]
38-44294,http://tshop.r10s.jp/at-zakka/cabinet/1168/4901797009022.jpg?fitin=700:700,1496.8000,,日用品雑貨・文房具・手芸 > 日用品・生活雑貨 > 洗剤・柔軟剤 > 洗濯用洗剤・柔軟剤 > 洗濯用洗剤,【 送料無料 】 【シャボン玉販売】シャボン玉　スノ-ル　2.1KG【2.1kg】 (4901797009022),,"【商品説明】<br>純石けん分99%で洗浄力が高く、経済的です。<br> ふんわりやわらかく洗いあがるので、柔軟剤は不要です。<br><br>商品サイズ：180×320×110<br><br>香り：無し<br><br>成分：純石けん分（99％ 脂肪酸ナトリウム）<br><br>ご使用上の注意等：※洗濯物の量や汚れ具合に応じて使用量を調節してください。<br> ※ドラム式洗濯機をご使用の場合は、取扱説明書をよくお読みください。<br><br>冷暗所において保管し、1年以内に使用してください。<br><br>賞味期限等：3年を目安にしておりますが、保管状況により差があるので、冷暗所において保管し、41年以内に使用してください。<br><br>原産国：日本<br><br>問い合わせ先：〒808-0195　福岡県北九州市若松区南二島2-23-1電話番号　0120-4800-95※お電話でのお問い合わせの受付時間 平日8：00~19：00土曜8：30~17：30（日祝は休業）<br>商品区分：洗濯洗剤<br>JANコード：4901797009022<br><br><br><br>広告文責：アットライフ株式会社<br>TEL 079-280-2113<br>※商品パッケージは変更の場合あり。<br>メーカー欠品または完売の際、キャンセルをお願いすることがあります。ご了承ください。<style>
<!--

a:hover img {
-moz-opacity:0.7;
 opacity:0.7;
 filter:alpha(opacity=70);
}


#scrollUp{
border:none!important;
bottom:5px;
right:5px;
}
#scrollUp img{
display:none;
}
#scrollUp .nearCart{
background:url(http://image.rakuten.co.jp/at-zakka/cabinet/sozai1/cart_icon01.jpg) no-repeat 0 0;
}
#scrollUp,#scrollUp .nearCart{
width: 70px !important;
height: 73px !important;
}

-->
</style>
広告文責：アットライフ TEL：079-280-2113<br>
商品画像等は予告なく変わることがあります。<br>
また、メーカー欠品の場合はキャンセルのお願いをする場合がございます。ご了承ください。<br><br>

<!-- Webチラシ　　-->
<img src=""http://image.rakuten.co.jp/at-zakka/cabinet/tokusyupage/webtirasi.jpg"" width=""720"" height=""30"" style=""margin-bottom:5px""><br>
<img src=""http://image.rakuten.co.jp/at-zakka/cabinet/corner/tirashi_banner.jpg"" width=""720"" height=""120"" style=""margin-bottom:5px""><br><br>
<br>

<!-- Pickup! -->
<img src=""http://image.rakuten.co.jp/at-zakka/cabinet/pickup.jpg"" width=""720"" height=""30"" style=""margin-bottom:5px""><br>
<br><br>

<!-- レビューのお願い -->
<div align=""center""><img src=""http://image.rakuten.co.jp/at-zakka/cabinet/sozai1/review_onegai.jpg"" width=""600"" height=""700"" border=""0"" usemap=""#review_onegai""></div><map name=""review_onegai"" id=""review_onegai"">
  
  
</map><br><br>

<!-- 送料無料まであとちょっと -->
<p><img src=""http://image.rakuten.co.jp/at-zakka/cabinet/sozai1/atotyotto.jpg"" width=""730"" height=""80"" border=""0""><br>
<img src=""http://image.rakuten.co.jp/at-zakka/cabinet/sozai1/atotyotto1-999_1.jpg"" width=""365"" height=""60"" border=""0""><img src=""http://image.rakuten.co.jp/at-zakka/cabinet/sozai1/atotyotto1000-1999_1.jpg"" width=""365"" height=""60"" border=""0""></p><br>

<!-- 店長おすすめはこちら タイトル -->
<img src=""http://image.rakuten.co.jp/at-zakka/cabinet/sozai1/kyotusetumei1.jpg""><br>",【 送料無料 】 【シャボン玉販売】シャボン玉　スノ-ル　2.1KG【2.1kg】 (4901797009022)：日用品＆生活雑貨の店「カットコ」,【 送料無料 】 【シャボン玉販売】シャボン玉　スノ-ル　2.1KG【2.1kg】 (4901797009022),【 送料無料 】 【シャボン玉販売】シャボン玉　スノ-ル　2.1KG【2.1kg】 (4901797009022)[rn]
38-44295,http://tshop.r10s.jp/at-zakka/cabinet/1009/4537130100011.jpg?fitin=700:700,983.2000,,日用品雑貨・文房具・手芸 > 日用品・生活雑貨 > 洗剤・柔軟剤 > 洗濯用洗剤・柔軟剤 > 洗濯用洗剤,【 送料無料 】 【ミヨシ石鹸】【ミヨシ】ニュ-そよ風216KG【2160g】 (4537130100011),,"【商品説明】<br>高純度で植物油主原料の石けんに洗浄力を高める助剤をプラスしました。発売以来長く愛される粉石けんの定番です。石けんカスの発生を軽減する成分が配合されています。微香タイプ（スイートフローラル）。<br><br>商品サイズ：170×260×110<br><br>成分：純石けん分（60% 脂肪酸ナトリウム）、アルカリ剤（炭酸塩）、金属イオン封鎖剤<br><br>ご使用上の注意等：・用途以外に使用しない。・子供の手の届く所に置かない。・手荒れのする方は炊事用手袋を使う。<br><br>原産国：日本<br><br>問い合わせ先：ミヨシ石鹸株式会社 お客様相談室 電話番号：03-3633-6961 (受付時間 平日9：00?17：00） 住所：〒130-0021 東京都墨田区緑3-8-12<br>商品区分：洗濯洗剤<br>JANコード：4537130100011<br><br><br><br>広告文責：アットライフ株式会社<br>TEL 079-280-2113<br>※商品パッケージは変更の場合あり。<br>メーカー欠品または完売の際、キャンセルをお願いすることがあります。ご了承ください。<style>
<!--

a:hover img {
-moz-opacity:0.7;
 opacity:0.7;
 filter:alpha(opacity=70);
}


#scrollUp{
border:none!important;
bottom:5px;
right:5px;
}
#scrollUp img{
display:none;
}
#scrollUp .nearCart{
background:url(http://image.rakuten.co.jp/at-zakka/cabinet/sozai1/cart_icon01.jpg) no-repeat 0 0;
}
#scrollUp,#scrollUp .nearCart{
width: 70px !important;
height: 73px !important;
}

-->
</style>
広告文責：アットライフ TEL：079-280-2113<br>
商品画像等は予告なく変わることがあります。<br>
また、メーカー欠品の場合はキャンセルのお願いをする場合がございます。ご了承ください。<br><br>

<!-- Webチラシ　　-->
<img src=""http://image.rakuten.co.jp/at-zakka/cabinet/tokusyupage/webtirasi.jpg"" width=""720"" height=""30"" style=""margin-bottom:5px""><br>
<img src=""http://image.rakuten.co.jp/at-zakka/cabinet/corner/tirashi_banner.jpg"" width=""720"" height=""120"" style=""margin-bottom:5px""><br><br>
<br>

<!-- Pickup! -->
<img src=""http://image.rakuten.co.jp/at-zakka/cabinet/pickup.jpg"" width=""720"" height=""30"" style=""margin-bottom:5px""><br>
<br><br>

<!-- レビューのお願い -->
<div align=""center""><img src=""http://image.rakuten.co.jp/at-zakka/cabinet/sozai1/review_onegai.jpg"" width=""600"" height=""700"" border=""0"" usemap=""#review_onegai""></div><map name=""review_onegai"" id=""review_onegai"">
  
  
</map><br><br>

<!-- 送料無料まであとちょっと -->
<p><img src=""http://image.rakuten.co.jp/at-zakka/cabinet/sozai1/atotyotto.jpg"" width=""730"" height=""80"" border=""0""><br>
<img src=""http://image.rakuten.co.jp/at-zakka/cabinet/sozai1/atotyotto1-999_1.jpg"" width=""365"" height=""60"" border=""0""><img src=""http://image.rakuten.co.jp/at-zakka/cabinet/sozai1/atotyotto1000-1999_1.jpg"" width=""365"" height=""60"" border=""0""></p><br>

<!-- 店長おすすめはこちら タイトル -->
<img src=""http://image.rakuten.co.jp/at-zakka/cabinet/sozai1/kyotusetumei1.jpg""><br>",【 送料無料 】 【ミヨシ石鹸】【ミヨシ】ニュ-そよ風216KG【2160g】 (4537130100011)：日用品＆生活雑貨の店「カットコ」,【 送料無料 】 【ミヨシ石鹸】【ミヨシ】ニュ-そよ風216KG【2160g】 (4537130100011),【 送料無料 】 【ミヨシ石鹸】【ミヨシ】ニュ-そよ風216KG【2160g】 (4537130100011)[rn]
38-44296,http://tshop.r10s.jp/at-zakka/cabinet/1039/4903367000194.jpg?fitin=700:700,144.8000,,日用品雑貨・文房具・手芸 > 日用品・生活雑貨 > 洗剤・柔軟剤 > 洗濯用洗剤・柔軟剤 > 洗濯用洗剤,【ロケット石鹸】【マイ】ロケット　マイブリーチ　１５００ＭＬ（4903367000194） 【2999円(税込)以上で送料無料】,,"【商品説明】<BR>衣類の黄ばみ・黒ずみ、飲食物・血液・汗などシミを漂白します。<BR>衣類についたバイキンを除き、イヤな臭いを消します。<BR><BR>商品サイズ：105×290×105<BR><BR>成分：次亜塩素酸ナトリウム（塩素系）、水酸化ナトリウム<BR><BR>原材料・材質：ボトル：PE<BR>キャップ：PE<BR>ラベル：PP<BR>中栓：PE<BR><BR>ご使用上の注意等：●用途外に使わない。<BR>●原液で使わない。<BR>●熱湯で使わない。<BR>●容器を強く持ってキャップを開けると原液が飛び出す恐れがあるので注意する。<BR>●使用する時は炊事用手袋を使用する。<BR>●水や他のものを入れたり、つめかえたりしない。破裂することがある。<BR>●効果が落ちるので、酸素系や還元系漂白剤と併用・混合しない。<BR>●金属製およびメラミン製の容器には使わない。<BR>●直射日光を避け、高温の所に置かない。<BR>●倒して保管しない。<BR>●破損を避けるため落とさない。<BR>●幼児の手の届く所に置かない。<BR>●目や皮ふ、衣類につかないよう注意する。<BR><BR>原産国：日本<BR><BR>問い合わせ先：ロケット石鹸株式会社、〒820-0202　福岡県嘉麻市山野2091、電話番号　0948-43-0756<BR>商品区分：漂白剤<BR>JANコード：4903367000194<br><br><br><br>広告文責：アットライフ株式会社<br>TEL 079-280-2113<br>※商品パッケージは変更の場合あり。<br>メーカー欠品または完売の際、キャンセルをお願いすることがあります。ご了承ください。<style>
<!--

a:hover img {
-moz-opacity:0.7;
 opacity:0.7;
 filter:alpha(opacity=70);
}


#scrollUp{
border:none!important;
bottom:5px;
right:5px;
}
#scrollUp img{
display:none;
}
#scrollUp .nearCart{
background:url(http://image.rakuten.co.jp/at-zakka/cabinet/sozai1/cart_icon01.jpg) no-repeat 0 0;
}
#scrollUp,#scrollUp .nearCart{
width: 70px !important;
height: 73px !important;
}

-->
</style>
広告文責：アットライフ TEL：079-280-2113<br>
商品画像等は予告なく変わることがあります。<br>
また、メーカー欠品の場合はキャンセルのお願いをする場合がございます。ご了承ください。<br><br>

<!-- Webチラシ　　-->
<img src=""http://image.rakuten.co.jp/at-zakka/cabinet/tokusyupage/webtirasi.jpg"" width=""720"" height=""30"" style=""margin-bottom:5px""><br>
<img src=""http://image.rakuten.co.jp/at-zakka/cabinet/corner/tirashi_banner.jpg"" width=""720"" height=""120"" style=""margin-bottom:5px""><br><br>
<br>

<!-- Pickup! -->
<img src=""http://image.rakuten.co.jp/at-zakka/cabinet/pickup.jpg"" width=""720"" height=""30"" style=""margin-bottom:5px""><br>
<br><br>

<!-- レビューのお願い -->
<div align=""center""><img src=""http://image.rakuten.co.jp/at-zakka/cabinet/sozai1/review_onegai.jpg"" width=""600"" height=""700"" border=""0"" usemap=""#review_onegai""></div><map name=""review_onegai"" id=""review_onegai"">
  
  
</map><br><br>

<!-- 送料無料まであとちょっと -->
<p><img src=""http://image.rakuten.co.jp/at-zakka/cabinet/sozai1/atotyotto.jpg"" width=""730"" height=""80"" border=""0""><br>
<img src=""http://image.rakuten.co.jp/at-zakka/cabinet/sozai1/atotyotto1-999_1.jpg"" width=""365"" height=""60"" border=""0""><img src=""http://image.rakuten.co.jp/at-zakka/cabinet/sozai1/atotyotto1000-1999_1.jpg"" width=""365"" height=""60"" border=""0""></p><br>

<!-- 店長おすすめはこちら タイトル -->
<img src=""http://image.rakuten.co.jp/at-zakka/cabinet/sozai1/kyotusetumei1.jpg""><br>",【ロケット石鹸】【マイ】ロケット　マイブリーチ　１５００ＭＬ（4903367000194） 【2999円(税込)以上で送料無料】：日用品＆生活雑貨の店「カットコ」,【ロケット石鹸】【マイ】ロケット　マイブリーチ　１５００ＭＬ（4903367000194） 【2999円(税込)以上で送料無料】,【ロケット石鹸】【マイ】ロケット　マイブリーチ　１５００ＭＬ（4903367000194） 【2999円(税込)以上で送料無料】[rn]
38-44297,http://tshop.r10s.jp/at-zakka/cabinet/1039/4903367091895.jpg?fitin=700:700,104.0000,,日用品雑貨・文房具・手芸 > 日用品・生活雑貨 > 洗剤・柔軟剤 > 洗濯用洗剤・柔軟剤 > 洗濯用洗剤,【ロケット石鹸】【パワフル】濃縮パワフルブリーチ詰替用４８０ＭＬ【詰替４８０ｍｌ】 （4903367091895） 【2999円(税込)以上で送料無料】,,"【商品説明】<BR>濃縮タイプの酸素系漂白剤<BR>ウールやシルク・色物・柄物にも安心な酸素系漂白剤です<BR><BR>商品サイズ：140×245×70<BR><BR>香り：シトラスの香り<BR><BR>成分：過酸化水素(酸素系）、界面活性剤(ポリオキシエチレンアルキルエーテル）、安定化剤<BR><BR>原材料・材質：パウチ：PE、PA<BR><BR><BR>ご使用上の注意等：●用途外に使わない。<BR>●熱湯で使わない。<BR>●幼児やペットが触れる所に置かない。<BR>●水や他のものを入れたり、他の容器につめかえたりしない。破損する事がある。<BR>●使用するときは炊事用手袋を使う。<BR>●漂白の時密閉容器を使わない。破裂することがある。<BR>●塩素系や還元系漂白剤と併用・混合すると効果が落ちる。<BR>●せんいが黄ばむことがあるので、漂白中は直射日光の当たる場所を避け、漂白後は充分にすすぐ。<BR>●洗たく機のフタなどのプラスチック部分や床などに原液がついた時は水拭きする。放置すると傷むことがある。<BR>●使用後はキャップをしっかりと閉め、直射日光を避け、冷暗所に立てて保管する。高い所に置かない。<BR><BR>原産国：日本<BR><BR>問い合わせ先：ロケット石鹸株式会社、〒820-0202　福岡県嘉麻市山野2091、電話番号　0948-43-0756<BR>商品区分：漂白剤<BR>JANコード：4903367091895<br><br><br><br>広告文責：アットライフ株式会社<br>TEL 079-280-2113<br>※商品パッケージは変更の場合あり。<br>メーカー欠品または完売の際、キャンセルをお願いすることがあります。ご了承ください。<style>
<!--

a:hover img {
-moz-opacity:0.7;
 opacity:0.7;
 filter:alpha(opacity=70);
}


#scrollUp{
border:none!important;
bottom:5px;
right:5px;
}
#scrollUp img{
display:none;
}
#scrollUp .nearCart{
background:url(http://image.rakuten.co.jp/at-zakka/cabinet/sozai1/cart_icon01.jpg) no-repeat 0 0;
}
#scrollUp,#scrollUp .nearCart{
width: 70px !important;
height: 73px !important;
}

-->
</style>
広告文責：アットライフ TEL：079-280-2113<br>
商品画像等は予告なく変わることがあります。<br>
また、メーカー欠品の場合はキャンセルのお願いをする場合がございます。ご了承ください。<br><br>

<!-- Webチラシ　　-->
<img src=""http://image.rakuten.co.jp/at-zakka/cabinet/tokusyupage/webtirasi.jpg"" width=""720"" height=""30"" style=""margin-bottom:5px""><br>
<img src=""http://image.rakuten.co.jp/at-zakka/cabinet/corner/tirashi_banner.jpg"" width=""720"" height=""120"" style=""margin-bottom:5px""><br><br>
<br>

<!-- Pickup! -->
<img src=""http://image.rakuten.co.jp/at-zakka/cabinet/pickup.jpg"" width=""720"" height=""30"" style=""margin-bottom:5px""><br>
<br><br>

<!-- レビューのお願い -->
<div align=""center""><img src=""http://image.rakuten.co.jp/at-zakka/cabinet/sozai1/review_onegai.jpg"" width=""600"" height=""700"" border=""0"" usemap=""#review_onegai""></div><map name=""review_onegai"" id=""review_onegai"">
  
  
</map><br><br>

<!-- 送料無料まであとちょっと -->
<p><img src=""http://image.rakuten.co.jp/at-zakka/cabinet/sozai1/atotyotto.jpg"" width=""730"" height=""80"" border=""0""><br>
<img src=""http://image.rakuten.co.jp/at-zakka/cabinet/sozai1/atotyotto1-999_1.jpg"" width=""365"" height=""60"" border=""0""><img src=""http://image.rakuten.co.jp/at-zakka/cabinet/sozai1/atotyotto1000-1999_1.jpg"" width=""365"" height=""60"" border=""0""></p><br>

<!-- 店長おすすめはこちら タイトル -->
<img src=""http://image.rakuten.co.jp/at-zakka/cabinet/sozai1/kyotusetumei1.jpg""><br>",【ロケット石鹸】【パワフル】濃縮パワフルブリーチ詰替用４８０ＭＬ【詰替４８０ｍｌ】 （4903367091895） 【2999円(税込)以上で送料無料】：日用品＆生活雑貨の店「カットコ」,【ロケット石鹸】【パワフル】濃縮パワフルブリーチ詰替用４８０ＭＬ【詰替４８０ｍｌ】 （4903367091895） 【2999円(税込)以上で送料無料】,【ロケット石鹸】【パワフル】濃縮パワフルブリーチ詰替用４８０ＭＬ【詰替４８０ｍｌ】 （4903367091895） 【2999円(税込)以上で送料無料】[rn]
38-44298,http://tshop.r10s.jp/at-zakka/cabinet/1055/4571169851186.jpg?fitin=700:700,904.8000,,日用品雑貨・文房具・手芸 > 日用品・生活雑貨 > 洗剤・柔軟剤 > 洗濯用洗剤・柔軟剤 > 洗濯用洗剤,【 送料無料 】 【グラフィコ】【オキシクリ-ン】オキシクリ-ン　マックスフォ-ス【354ML】 (4571169851186),,"【商品説明】<br>オキシクリーンシリーズより、シミ抜きに特化したプレケア洗剤が登場しました。br 色柄物にも使える便利さはそのままに、酵素パワーとさわやかな香りをプラス。brお洗濯前のカンタン「シュ！」で、気になっていた油汚れや、brあきらめていた赤ワインのシミもスッキリ。<br><br>商品サイズ：93×210×48<br><br>香り：さわやかな香り<br><br>効能・効果：衣類についた汚れ・シミを強力分解。あきらめていた汚れにも威力を発揮します。 汚れを落とすだけでなく、香りにもこだわりました。 お洗濯後はさわやかな香りに包まれる、洗浄と芳香を兼ね備えたプレケア洗剤です。<br><br>成分：界面活性剤(15％、アルコールエトキシレート、両性界面活性剤) 酵素 安定剤 アルカリ剤 香料<br><br>ご使用上の注意等：?目立たない所で試してからご使用ください。br?目、皮膚に直接触れないようにしてください。br?使用後手をよく洗ってください。br?着用時に使用しないでください。br?ノズルを「OFF」にしたままスプレーしないでください。brbr<br><br>?直射日光を避け、高温の所に保管しないでください。<br><br>原産国：アメリカ<br><br>問い合わせ先：株式会社グラフィコ　カスタマーセンター　東京都品川区大崎1-6-1　0120-498-177<br>商品区分：洗濯洗剤<br>JANコード：4571169851186<br><br><br><br>広告文責：アットライフ株式会社<br>TEL 079-280-2113<br>※商品パッケージは変更の場合あり。<br>メーカー欠品または完売の際、キャンセルをお願いすることがあります。ご了承ください。<style>
<!--

a:hover img {
-moz-opacity:0.7;
 opacity:0.7;
 filter:alpha(opacity=70);
}


#scrollUp{
border:none!important;
bottom:5px;
right:5px;
}
#scrollUp img{
display:none;
}
#scrollUp .nearCart{
background:url(http://image.rakuten.co.jp/at-zakka/cabinet/sozai1/cart_icon01.jpg) no-repeat 0 0;
}
#scrollUp,#scrollUp .nearCart{
width: 70px !important;
height: 73px !important;
}

-->
</style>
広告文責：アットライフ TEL：079-280-2113<br>
商品画像等は予告なく変わることがあります。<br>
また、メーカー欠品の場合はキャンセルのお願いをする場合がございます。ご了承ください。<br><br>

<!-- Webチラシ　　-->
<img src=""http://image.rakuten.co.jp/at-zakka/cabinet/tokusyupage/webtirasi.jpg"" width=""720"" height=""30"" style=""margin-bottom:5px""><br>
<img src=""http://image.rakuten.co.jp/at-zakka/cabinet/corner/tirashi_banner.jpg"" width=""720"" height=""120"" style=""margin-bottom:5px""><br><br>
<br>

<!-- Pickup! -->
<img src=""http://image.rakuten.co.jp/at-zakka/cabinet/pickup.jpg"" width=""720"" height=""30"" style=""margin-bottom:5px""><br>
<br><br>

<!-- レビューのお願い -->
<div align=""center""><img src=""http://image.rakuten.co.jp/at-zakka/cabinet/sozai1/review_onegai.jpg"" width=""600"" height=""700"" border=""0"" usemap=""#review_onegai""></div><map name=""review_onegai"" id=""review_onegai"">
  
  
</map><br><br>

<!-- 送料無料まであとちょっと -->
<p><img src=""http://image.rakuten.co.jp/at-zakka/cabinet/sozai1/atotyotto.jpg"" width=""730"" height=""80"" border=""0""><br>
<img src=""http://image.rakuten.co.jp/at-zakka/cabinet/sozai1/atotyotto1-999_1.jpg"" width=""365"" height=""60"" border=""0""><img src=""http://image.rakuten.co.jp/at-zakka/cabinet/sozai1/atotyotto1000-1999_1.jpg"" width=""365"" height=""60"" border=""0""></p><br>

<!-- 店長おすすめはこちら タイトル -->
<img src=""http://image.rakuten.co.jp/at-zakka/cabinet/sozai1/kyotusetumei1.jpg""><br>",【 送料無料 】 【グラフィコ】【オキシクリ-ン】オキシクリ-ン　マックスフォ-ス【354ML】 (4571169851186)：日用品＆生活雑貨の店「カットコ」,【 送料無料 】 【グラフィコ】【オキシクリ-ン】オキシクリ-ン　マックスフォ-ス【354ML】 (4571169851186),【 送料無料 】 【グラフィコ】【オキシクリ-ン】オキシクリ-ン　マックスフォ-ス【354ML】 (4571169851186)[rn]
38-44299,http://tshop.r10s.jp/at-zakka/cabinet/1055/4571169852060.jpg?fitin=700:700,846.4000,,日用品雑貨・文房具・手芸 > 日用品・生活雑貨 > 洗剤・柔軟剤 > 洗濯用洗剤・柔軟剤 > 洗濯用洗剤,【 送料無料 】 【グラフィコ】【オキシクリ-ン】オキシクリ-ン　マックスフォ-ス　ジェルスティック【175G】 (4571169852060),,"【商品説明】<br>お洗濯前に、簡単「直塗りスクラブヘッド」で襟や袖の汚れもbr まるで”もみ洗い”したみたいにスッキリ！<br><br>商品サイズ：50×191×50<br><br>香り：ほのか香り<br><br>効能・効果：シミ・汚れに塗るだけで、もみ洗いしたような洗浄効果を実現。強力洗浄成分の効果を最大限に発揮し、 エリ・ソデの汚れをピンポイントに落とせます<br><br>成分：水 界面活性剤(14％、ポリオキシエチレン、アルキルエーテル、アルキルベタイン、アルキルアミノ脂肪酸ナトリウム) 溶剤 増粘着剤 安定剤 酵素 洗浄補助剤<br><br>ご使用上の注意等：?お子様やペットの手の届かないところに保管してください。br?用途以外に使用しないでください。br?目・皮膚に直接触れないようにしてください。br?使用後は手をよく洗ってください。br?着用した状態の衣類に使用しないでください。br<br><br>?直射日光を避け、高温になる場所で保管しないでください。<br><br>問い合わせ先：株式会社グラフィコ　カスタマーセンター　東京都品川区大崎1-6-1　0120-498-177<br>商品区分：洗濯洗剤<br>JANコード：4571169852060<br><br><br><br>広告文責：アットライフ株式会社<br>TEL 079-280-2113<br>※商品パッケージは変更の場合あり。<br>メーカー欠品または完売の際、キャンセルをお願いすることがあります。ご了承ください。<style>
<!--

a:hover img {
-moz-opacity:0.7;
 opacity:0.7;
 filter:alpha(opacity=70);
}


#scrollUp{
border:none!important;
bottom:5px;
right:5px;
}
#scrollUp img{
display:none;
}
#scrollUp .nearCart{
background:url(http://image.rakuten.co.jp/at-zakka/cabinet/sozai1/cart_icon01.jpg) no-repeat 0 0;
}
#scrollUp,#scrollUp .nearCart{
width: 70px !important;
height: 73px !important;
}

-->
</style>
広告文責：アットライフ TEL：079-280-2113<br>
商品画像等は予告なく変わることがあります。<br>
また、メーカー欠品の場合はキャンセルのお願いをする場合がございます。ご了承ください。<br><br>

<!-- Webチラシ　　-->
<img src=""http://image.rakuten.co.jp/at-zakka/cabinet/tokusyupage/webtirasi.jpg"" width=""720"" height=""30"" style=""margin-bottom:5px""><br>
<img src=""http://image.rakuten.co.jp/at-zakka/cabinet/corner/tirashi_banner.jpg"" width=""720"" height=""120"" style=""margin-bottom:5px""><br><br>
<br>

<!-- Pickup! -->
<img src=""http://image.rakuten.co.jp/at-zakka/cabinet/pickup.jpg"" width=""720"" height=""30"" style=""margin-bottom:5px""><br>
<br><br>

<!-- レビューのお願い -->
<div align=""center""><img src=""http://image.rakuten.co.jp/at-zakka/cabinet/sozai1/review_onegai.jpg"" width=""600"" height=""700"" border=""0"" usemap=""#review_onegai""></div><map name=""review_onegai"" id=""review_onegai"">
  
  
</map><br><br>

<!-- 送料無料まであとちょっと -->
<p><img src=""http://image.rakuten.co.jp/at-zakka/cabinet/sozai1/atotyotto.jpg"" width=""730"" height=""80"" border=""0""><br>
<img src=""http://image.rakuten.co.jp/at-zakka/cabinet/sozai1/atotyotto1-999_1.jpg"" width=""365"" height=""60"" border=""0""><img src=""http://image.rakuten.co.jp/at-zakka/cabinet/sozai1/atotyotto1000-1999_1.jpg"" width=""365"" height=""60"" border=""0""></p><br>

<!-- 店長おすすめはこちら タイトル -->
<img src=""http://image.rakuten.co.jp/at-zakka/cabinet/sozai1/kyotusetumei1.jpg""><br>",【 送料無料 】 【グラフィコ】【オキシクリ-ン】オキシクリ-ン　マックスフォ-ス　ジェルスティック【175G】 (4571169852060)：日用品＆生活雑貨の店「カットコ」,【 送料無料 】 【グラフィコ】【オキシクリ-ン】オキシクリ-ン　マックスフォ-ス　ジェルスティック【175G】 (4571169852060),【 送料無料 】 【グラフィコ】【オキシクリ-ン】オキシクリ-ン　マックスフォ-ス　ジェルスティック【175G】 (4571169852060)[rn]
38-44300,http://tshop.r10s.jp/at-zakka/cabinet/1168/4901797009015.jpg?fitin=700:700,979.2000,,日用品雑貨・文房具・手芸 > 日用品・生活雑貨 > 洗剤・柔軟剤 > 洗濯用洗剤・柔軟剤 > 洗濯用洗剤,【 送料無料 】 【シャボン玉販売】シャボン玉　スノ-ル　袋入　1KG【1kg】 (4901797009015),,"【商品説明】<br>純石けん分99%で洗浄力が高く、経済的です。<br> ふんわりやわらかく洗いあがるので、柔軟剤は不要です。<br><br>商品サイズ：260×180×110<br><br>香り：無し<br><br>成分：純石けん分（99％ 脂肪酸ナトリウム）<br><br>ご使用上の注意等：※洗濯物の量や汚れ具合に応じて使用量を調節してください。<br> ※ドラム式洗濯機をご使用の場合は、取扱説明書をよくお読みください。<br><br>冷暗所において保管し、1年以内に使用してください。<br><br>賞味期限等：3年を目安にしておりますが、保管状況により差があるので、冷暗所において保管し、49年以内に使用してください。<br><br>原産国：日本<br><br>問い合わせ先：〒808-0195　福岡県北九州市若松区南二島2-23-1電話番号　0120-4800-95※お電話でのお問い合わせの受付時間 平日8：00~19：00土曜8：30~17：30（日祝は休業）<br>商品区分：洗濯洗剤<br>JANコード：4901797009015<br><br><br><br>広告文責：アットライフ株式会社<br>TEL 079-280-2113<br>※商品パッケージは変更の場合あり。<br>メーカー欠品または完売の際、キャンセルをお願いすることがあります。ご了承ください。<style>
<!--

a:hover img {
-moz-opacity:0.7;
 opacity:0.7;
 filter:alpha(opacity=70);
}


#scrollUp{
border:none!important;
bottom:5px;
right:5px;
}
#scrollUp img{
display:none;
}
#scrollUp .nearCart{
background:url(http://image.rakuten.co.jp/at-zakka/cabinet/sozai1/cart_icon01.jpg) no-repeat 0 0;
}
#scrollUp,#scrollUp .nearCart{
width: 70px !important;
height: 73px !important;
}

-->
</style>
広告文責：アットライフ TEL：079-280-2113<br>
商品画像等は予告なく変わることがあります。<br>
また、メーカー欠品の場合はキャンセルのお願いをする場合がございます。ご了承ください。<br><br>

<!-- Webチラシ　　-->
<img src=""http://image.rakuten.co.jp/at-zakka/cabinet/tokusyupage/webtirasi.jpg"" width=""720"" height=""30"" style=""margin-bottom:5px""><br>
<img src=""http://image.rakuten.co.jp/at-zakka/cabinet/corner/tirashi_banner.jpg"" width=""720"" height=""120"" style=""margin-bottom:5px""><br><br>
<br>

<!-- Pickup! -->
<img src=""http://image.rakuten.co.jp/at-zakka/cabinet/pickup.jpg"" width=""720"" height=""30"" style=""margin-bottom:5px""><br>
<br><br>

<!-- レビューのお願い -->
<div align=""center""><img src=""http://image.rakuten.co.jp/at-zakka/cabinet/sozai1/review_onegai.jpg"" width=""600"" height=""700"" border=""0"" usemap=""#review_onegai""></div><map name=""review_onegai"" id=""review_onegai"">
  
  
</map><br><br>

<!-- 送料無料まであとちょっと -->
<p><img src=""http://image.rakuten.co.jp/at-zakka/cabinet/sozai1/atotyotto.jpg"" width=""730"" height=""80"" border=""0""><br>
<img src=""http://image.rakuten.co.jp/at-zakka/cabinet/sozai1/atotyotto1-999_1.jpg"" width=""365"" height=""60"" border=""0""><img src=""http://image.rakuten.co.jp/at-zakka/cabinet/sozai1/atotyotto1000-1999_1.jpg"" width=""365"" height=""60"" border=""0""></p><br>

<!-- 店長おすすめはこちら タイトル -->
<img src=""http://image.rakuten.co.jp/at-zakka/cabinet/sozai1/kyotusetumei1.jpg""><br>",【 送料無料 】 【シャボン玉販売】シャボン玉　スノ-ル　袋入　1KG【1kg】 (4901797009015)：日用品＆生活雑貨の店「カットコ」,【 送料無料 】 【シャボン玉販売】シャボン玉　スノ-ル　袋入　1KG【1kg】 (4901797009015),【 送料無料 】 【シャボン玉販売】シャボン玉　スノ-ル　袋入　1KG【1kg】 (4901797009015)[rn]
38-44301,http://tshop.r10s.jp/at-zakka/cabinet/0604/4904735053064.jpg?fitin=700:700,321.6000,,日用品雑貨・文房具・手芸 > 日用品・生活雑貨 > 洗剤・柔軟剤 > 洗濯用洗剤・柔軟剤 > 洗濯用洗剤,話題の商品セール【太陽油脂】【パックス】パックス酸素系漂白剤詰替用【５００Ｇ】※テレビで話題の過炭酸ナトリウム・酸素系漂白剤 （4904735053064） 【2999円(税込)以上で送料無料】,,"【商品説明】<br>においも黄ばみもスッキリ。衣類の黄ばみ、黒ずみ、シミなどを酸素の気泡で漂白・除菌・除臭。まな板、フキンなどの除菌・除臭。食器、調理用品の漂白。<br><br>商品サイズ：135×235×80<br><br>成分：過炭酸ナトリウム（酸素系）<br><br>ご使用上の注意等：使用方法を良く読んでお使いください。熱湯では使用しないでください。粉や液が皮膚についた場合はすぐに水で洗い流してください。幼児の手の届くところに置かないでください。万一飲み込んだ場合は水を飲ませるなどの処置を必ずしてください。目に入った場合は流水で十分洗ってください。<br><br>賞味期限等：未開封で製造から3年 開封後6ヶ月<br><br>原産国：日本<br><br>問い合わせ先：〒221-0022 横浜市神奈川区守屋町2-7 045-441-1829<br>商品区分：漂白剤<br>JANコード：4904735053064<br><br><br><br>広告文責：アットライフ株式会社<br>TEL 079-280-2113<br>※商品パッケージは変更の場合あり。<br>メーカー欠品または完売の際、キャンセルをお願いすることがあります。ご了承ください。<style>
<!--

a:hover img {
-moz-opacity:0.7;
 opacity:0.7;
 filter:alpha(opacity=70);
}


#scrollUp{
border:none!important;
bottom:5px;
right:5px;
}
#scrollUp img{
display:none;
}
#scrollUp .nearCart{
background:url(http://image.rakuten.co.jp/at-zakka/cabinet/sozai1/cart_icon01.jpg) no-repeat 0 0;
}
#scrollUp,#scrollUp .nearCart{
width: 70px !important;
height: 73px !important;
}

-->
</style>
広告文責：アットライフ TEL：079-280-2113<br>
商品画像等は予告なく変わることがあります。<br>
また、メーカー欠品の場合はキャンセルのお願いをする場合がございます。ご了承ください。<br><br>

<!-- Webチラシ　　-->
<img src=""http://image.rakuten.co.jp/at-zakka/cabinet/tokusyupage/webtirasi.jpg"" width=""720"" height=""30"" style=""margin-bottom:5px""><br>
<img src=""http://image.rakuten.co.jp/at-zakka/cabinet/corner/tirashi_banner.jpg"" width=""720"" height=""120"" style=""margin-bottom:5px""><br><br>
<br>

<!-- Pickup! -->
<img src=""http://image.rakuten.co.jp/at-zakka/cabinet/pickup.jpg"" width=""720"" height=""30"" style=""margin-bottom:5px""><br>
<br><br>

<!-- レビューのお願い -->
<div align=""center""><img src=""http://image.rakuten.co.jp/at-zakka/cabinet/sozai1/review_onegai.jpg"" width=""600"" height=""700"" border=""0"" usemap=""#review_onegai""></div><map name=""review_onegai"" id=""review_onegai"">
  
  
</map><br><br>

<!-- 送料無料まであとちょっと -->
<p><img src=""http://image.rakuten.co.jp/at-zakka/cabinet/sozai1/atotyotto.jpg"" width=""730"" height=""80"" border=""0""><br>
<img src=""http://image.rakuten.co.jp/at-zakka/cabinet/sozai1/atotyotto1-999_1.jpg"" width=""365"" height=""60"" border=""0""><img src=""http://image.rakuten.co.jp/at-zakka/cabinet/sozai1/atotyotto1000-1999_1.jpg"" width=""365"" height=""60"" border=""0""></p><br>

<!-- 店長おすすめはこちら タイトル -->
<img src=""http://image.rakuten.co.jp/at-zakka/cabinet/sozai1/kyotusetumei1.jpg""><br>",話題の商品セール【太陽油脂】【パックス】パックス酸素系漂白剤詰替用【５００Ｇ】※テレビで話題の過炭酸ナトリウム・酸素系漂白剤 （4904735053064） 【2999円(税込)以上で送料無料】：日用品＆生活雑貨の店「カットコ」,話題の商品セール【太陽油脂】【パックス】パックス酸素系漂白剤詰替用【５００Ｇ】※テレビで話題の過炭酸ナトリウム・酸素系漂白剤 （4904735053064） 【2999円(税込)以上で送料無料】,話題の商品セール【太陽油脂】【パックス】パックス酸素系漂白剤詰替用【５００Ｇ】※テレビで話題の過炭酸ナトリウム・酸素系漂白剤 （4904735053064） 【2999円(税込)以上で送料無料】[rn]
38-44302,http://tshop.r10s.jp/at-zakka/cabinet/1039/4903367091031.jpg?fitin=700:700,90.4000,,日用品雑貨・文房具・手芸 > 日用品・生活雑貨 > 洗剤・柔軟剤 > 洗濯用洗剤・柔軟剤 > 洗濯用洗剤,【ロケット石鹸】【らくらく】詰替用　らくらくブリーチ７２０ＭＬ【詰替７２０ｍｌ】 （4903367091031） 【2999円(税込)以上で送料無料】,,"【商品説明】<BR>黄ばみ・シミをすっきり落とす酸素系漂白剤<BR><BR>商品サイズ：130×260×70<BR><BR>成分：過酸化水素(酸素系）、界面活性剤(ポリオキシエチレンアルキルエーテル）、安定化剤<BR><BR>原材料・材質：パウチ：PE、PA<BR><BR><BR>ご使用上の注意等：●用途外に使わない。<BR>●熱湯で使わない。<BR>●幼児やペットが触れる所に置かない。<BR>●水や他のものを入れたり、他の容器につめかえたりしない。破損する事がある。<BR>●使用するときは炊事用手袋を使う。<BR>●漂白の時密閉容器を使わない。破裂することがある。<BR>●塩素系や還元系漂白剤と併用・混合すると効果が落ちる。<BR>●せんいが黄ばむことがあるので、漂白中は直射日光の当たる場所を避け、漂白後は充分にすすぐ。<BR>●洗たく機のフタなどのプラスチック部分や床などに原液がついた時は水拭きする。放置すると傷むことがある。<BR>●使用後はキャップをしっかりと閉め、直射日光を避け、冷暗所に立てて保管する。高い所に置かない。<BR><BR>原産国：日本<BR><BR>問い合わせ先：ロケット石鹸株式会社、〒820-0202　福岡県嘉麻市山野2091、電話番号　0948-43-0756<BR>商品区分：漂白剤<BR>JANコード：4903367091031<br><br><br><br>広告文責：アットライフ株式会社<br>TEL 079-280-2113<br>※商品パッケージは変更の場合あり。<br>メーカー欠品または完売の際、キャンセルをお願いすることがあります。ご了承ください。<style>
<!--

a:hover img {
-moz-opacity:0.7;
 opacity:0.7;
 filter:alpha(opacity=70);
}


#scrollUp{
border:none!important;
bottom:5px;
right:5px;
}
#scrollUp img{
display:none;
}
#scrollUp .nearCart{
background:url(http://image.rakuten.co.jp/at-zakka/cabinet/sozai1/cart_icon01.jpg) no-repeat 0 0;
}
#scrollUp,#scrollUp .nearCart{
width: 70px !important;
height: 73px !important;
}

-->
</style>
広告文責：アットライフ TEL：079-280-2113<br>
商品画像等は予告なく変わることがあります。<br>
また、メーカー欠品の場合はキャンセルのお願いをする場合がございます。ご了承ください。<br><br>

<!-- Webチラシ　　-->
<img src=""http://image.rakuten.co.jp/at-zakka/cabinet/tokusyupage/webtirasi.jpg"" width=""720"" height=""30"" style=""margin-bottom:5px""><br>
<img src=""http://image.rakuten.co.jp/at-zakka/cabinet/corner/tirashi_banner.jpg"" width=""720"" height=""120"" style=""margin-bottom:5px""><br><br>
<br>

<!-- Pickup! -->
<img src=""http://image.rakuten.co.jp/at-zakka/cabinet/pickup.jpg"" width=""720"" height=""30"" style=""margin-bottom:5px""><br>
<br><br>

<!-- レビューのお願い -->
<div align=""center""><img src=""http://image.rakuten.co.jp/at-zakka/cabinet/sozai1/review_onegai.jpg"" width=""600"" height=""700"" border=""0"" usemap=""#review_onegai""></div><map name=""review_onegai"" id=""review_onegai"">
  
  
</map><br><br>

<!-- 送料無料まであとちょっと -->
<p><img src=""http://image.rakuten.co.jp/at-zakka/cabinet/sozai1/atotyotto.jpg"" width=""730"" height=""80"" border=""0""><br>
<img src=""http://image.rakuten.co.jp/at-zakka/cabinet/sozai1/atotyotto1-999_1.jpg"" width=""365"" height=""60"" border=""0""><img src=""http://image.rakuten.co.jp/at-zakka/cabinet/sozai1/atotyotto1000-1999_1.jpg"" width=""365"" height=""60"" border=""0""></p><br>

<!-- 店長おすすめはこちら タイトル -->
<img src=""http://image.rakuten.co.jp/at-zakka/cabinet/sozai1/kyotusetumei1.jpg""><br>",【ロケット石鹸】【らくらく】詰替用　らくらくブリーチ７２０ＭＬ【詰替７２０ｍｌ】 （4903367091031） 【2999円(税込)以上で送料無料】：日用品＆生活雑貨の店「カットコ」,【ロケット石鹸】【らくらく】詰替用　らくらくブリーチ７２０ＭＬ【詰替７２０ｍｌ】 （4903367091031） 【2999円(税込)以上で送料無料】,【ロケット石鹸】【らくらく】詰替用　らくらくブリーチ７２０ＭＬ【詰替７２０ｍｌ】 （4903367091031） 【2999円(税込)以上で送料無料】[rn]
38-44303,http://tshop.r10s.jp/at-zakka/cabinet/0810/4903301224587.jpg?fitin=700:700,195.2000,,日用品雑貨・文房具・手芸 > 日用品・生活雑貨 > 洗剤・柔軟剤 > 洗濯用洗剤・柔軟剤 > 洗濯用洗剤,欠品 【ライオン】ブライトＷ（ダブル　）つめかえ用　４８０ｍｌ　【2999円(税込)以上で送料無料】 （4903301224587） 【2999円(税込)以上で送料無料】,　,"【商品説明】<br>付いた汚れをしっかり落す＋次の汚れを落ちやすくする「クリア漂白」で、日々の汚れを残さずクリアに洗い上げるので、汗や皮脂汚れが「シミ・黄ばみ・黒ずみ」になるのを防ぎ、衣類の白さが長続き。除菌・消臭効果はもちろん抗菌・防臭効果も高いのでニオイ残りも防ぐ。色柄物に安心な酸素系漂白剤。新洗浄基材配合で洗浄力・漂白力・消臭力を強化。クリスタルカット調の新形状ボトル＋クリスタルシルバーを基調とした新デザイン。<br>商品区分：その他<br>問い合わせ先：<BR>ライオン株式会社 〒130-8644 東京都墨田区本所1-3-7 0120-556-913 0120-556-973<br>原産国：日本<br>商品サイズ：85×256×63<BR><br>JANコード：4903301224570<BR>cs：16<BR><br>商品区分：その他<br>問い合わせ先：ライオン株式会社 〒130-8644 東京都墨田区本所1-3-7 0120-556-913 0120-556-973<br>原産国：日本<br><br><br><br>広告文責：アットライフ株式会社<br>TEL 079-280-2113<br>※商品パッケージは変更の場合あり。<br>メーカー欠品または完売の際、キャンセルをお願いすることがあります。ご了承ください。<style>
<!--

a:hover img {
-moz-opacity:0.7;
 opacity:0.7;
 filter:alpha(opacity=70);
}


#scrollUp{
border:none!important;
bottom:5px;
right:5px;
}
#scrollUp img{
display:none;
}
#scrollUp .nearCart{
background:url(http://image.rakuten.co.jp/at-zakka/cabinet/sozai1/cart_icon01.jpg) no-repeat 0 0;
}
#scrollUp,#scrollUp .nearCart{
width: 70px !important;
height: 73px !important;
}

-->
</style>
広告文責：アットライフ TEL：079-280-2113<br>
商品画像等は予告なく変わることがあります。<br>
また、メーカー欠品の場合はキャンセルのお願いをする場合がございます。ご了承ください。<br><br>

<!-- Webチラシ　　-->
<img src=""http://image.rakuten.co.jp/at-zakka/cabinet/tokusyupage/webtirasi.jpg"" width=""720"" height=""30"" style=""margin-bottom:5px""><br>
<img src=""http://image.rakuten.co.jp/at-zakka/cabinet/corner/tirashi_banner.jpg"" width=""720"" height=""120"" style=""margin-bottom:5px""><br><br>
<br>

<!-- Pickup! -->
<img src=""http://image.rakuten.co.jp/at-zakka/cabinet/pickup.jpg"" width=""720"" height=""30"" style=""margin-bottom:5px""><br>
<br><br>

<!-- レビューのお願い -->
<div align=""center""><img src=""http://image.rakuten.co.jp/at-zakka/cabinet/sozai1/review_onegai.jpg"" width=""600"" height=""700"" border=""0"" usemap=""#review_onegai""></div><map name=""review_onegai"" id=""review_onegai"">
  
  
</map><br><br>

<!-- 送料無料まであとちょっと -->
<p><img src=""http://image.rakuten.co.jp/at-zakka/cabinet/sozai1/atotyotto.jpg"" width=""730"" height=""80"" border=""0""><br>
<img src=""http://image.rakuten.co.jp/at-zakka/cabinet/sozai1/atotyotto1-999_1.jpg"" width=""365"" height=""60"" border=""0""><img src=""http://image.rakuten.co.jp/at-zakka/cabinet/sozai1/atotyotto1000-1999_1.jpg"" width=""365"" height=""60"" border=""0""></p><br>

<!-- 店長おすすめはこちら タイトル -->
<img src=""http://image.rakuten.co.jp/at-zakka/cabinet/sozai1/kyotusetumei1.jpg""><br>",欠品 【ライオン】ブライトＷ（ダブル　）つめかえ用　４８０ｍｌ　【2999円(税込)以上で送料無料】 （4903301224587） 【2999円(税込)以上で送料無料】：日用品＆生活雑貨の店「カットコ」,欠品 【ライオン】ブライトＷ（ダブル　）つめかえ用　４８０ｍｌ　【2999円(税込)以上で送料無料】 （4903301224587） 【2999円(税込)以上で送料無料】,　。欠品 【ライオン】ブライトＷ（ダブル　）つめかえ用　４８０ｍｌ　【2999円(税込)以上で送料無料】 （4903301224587） 【2999円(税込)以上で送料無料】[rn]
38-44304,http://tshop.r10s.jp/at-zakka/cabinet/0810/4903301224594.jpg?fitin=700:700,364.0000,,日用品雑貨・文房具・手芸 > 日用品・生活雑貨 > 洗剤・柔軟剤 > 洗濯用洗剤・柔軟剤 > 洗濯用洗剤,欠品 【ライオン】【ブライト】ブライトＷ（ダブル）つめかえ用　大　９００ｍｌ （4903301224594） 【2999円(税込)以上で送料無料】,　,"【商品説明】<br>付いた汚れをしっかり落す＋次の汚れを落ちやすくする「クリア漂白」で、日々の汚れを残さずクリアに洗い上げるので、汗や皮脂汚れが「シミ・黄ばみ・黒ずみ」になるのを防ぎ、衣類の白さが長続き。除菌・消臭効果はもちろん抗菌・防臭効果も高いのでニオイ残りも防ぐ。色柄物に安心な酸素系漂白剤。新洗浄基材配合で洗浄力・漂白力・消臭力を強化。クリスタルカット調の新形状ボトル＋クリスタルシルバーを基調とした新デザイン。<br>商品区分：その他<br>問い合わせ先：<BR>ライオン株式会社 〒130-8644 東京都墨田区本所1-3-7 0120-556-913 0120-556-973<br>原産国：日本<br>商品サイズ：85×256×63<BR><br>JANコード：4903301224570<BR>cs：16<BR><br>商品区分：その他<br>問い合わせ先：ライオン株式会社 〒130-8644 東京都墨田区本所1-3-7 0120-556-913 0120-556-973<br>原産国：日本<br><br><br><br>広告文責：アットライフ株式会社<br>TEL 079-280-2113<br>※商品パッケージは変更の場合あり。<br>メーカー欠品または完売の際、キャンセルをお願いすることがあります。ご了承ください。<style>
<!--

a:hover img {
-moz-opacity:0.7;
 opacity:0.7;
 filter:alpha(opacity=70);
}


#scrollUp{
border:none!important;
bottom:5px;
right:5px;
}
#scrollUp img{
display:none;
}
#scrollUp .nearCart{
background:url(http://image.rakuten.co.jp/at-zakka/cabinet/sozai1/cart_icon01.jpg) no-repeat 0 0;
}
#scrollUp,#scrollUp .nearCart{
width: 70px !important;
height: 73px !important;
}

-->
</style>
広告文責：アットライフ TEL：079-280-2113<br>
商品画像等は予告なく変わることがあります。<br>
また、メーカー欠品の場合はキャンセルのお願いをする場合がございます。ご了承ください。<br><br>

<!-- Webチラシ　　-->
<img src=""http://image.rakuten.co.jp/at-zakka/cabinet/tokusyupage/webtirasi.jpg"" width=""720"" height=""30"" style=""margin-bottom:5px""><br>
<img src=""http://image.rakuten.co.jp/at-zakka/cabinet/corner/tirashi_banner.jpg"" width=""720"" height=""120"" style=""margin-bottom:5px""><br><br>
<br>

<!-- Pickup! -->
<img src=""http://image.rakuten.co.jp/at-zakka/cabinet/pickup.jpg"" width=""720"" height=""30"" style=""margin-bottom:5px""><br>
<br><br>

<!-- レビューのお願い -->
<div align=""center""><img src=""http://image.rakuten.co.jp/at-zakka/cabinet/sozai1/review_onegai.jpg"" width=""600"" height=""700"" border=""0"" usemap=""#review_onegai""></div><map name=""review_onegai"" id=""review_onegai"">
  
  
</map><br><br>

<!-- 送料無料まであとちょっと -->
<p><img src=""http://image.rakuten.co.jp/at-zakka/cabinet/sozai1/atotyotto.jpg"" width=""730"" height=""80"" border=""0""><br>
<img src=""http://image.rakuten.co.jp/at-zakka/cabinet/sozai1/atotyotto1-999_1.jpg"" width=""365"" height=""60"" border=""0""><img src=""http://image.rakuten.co.jp/at-zakka/cabinet/sozai1/atotyotto1000-1999_1.jpg"" width=""365"" height=""60"" border=""0""></p><br>

<!-- 店長おすすめはこちら タイトル -->
<img src=""http://image.rakuten.co.jp/at-zakka/cabinet/sozai1/kyotusetumei1.jpg""><br>",欠品 【ライオン】【ブライト】ブライトＷ（ダブル）つめかえ用　大　９００ｍｌ （4903301224594） 【2999円(税込)以上で送料無料】：日用品＆生活雑貨の店「カットコ」,欠品 【ライオン】【ブライト】ブライトＷ（ダブル）つめかえ用　大　９００ｍｌ （4903301224594） 【2999円(税込)以上で送料無料】,　。欠品 【ライオン】【ブライト】ブライトＷ（ダブル）つめかえ用　大　９００ｍｌ （4903301224594） 【2999円(税込)以上で送料無料】[rn]
38-44305,http://tshop.r10s.jp/at-zakka/cabinet/0810/4903301530640.jpg?fitin=700:700,220.0000,,日用品雑貨・文房具・手芸 > 日用品・生活雑貨 > 洗剤・柔軟剤 > 洗濯用洗剤・柔軟剤 > 洗濯用洗剤,【ライオン】【ブライト】手間なしブライト　本体　１０００ｍｌ【１０００ＭＬ】 （4903301530640） 【2999円(税込)以上で送料無料】,,"【商品説明】<br>洗剤と一緒にキャップ１杯入れるだけで、衣類の黄ばみ、黒ずみの漂白から毎日の除菌や気になるイヤなニオイの除臭まで、手軽にできる衣料用漂白剤。白物衣料はもちろん色柄物まで安心して使える酸素系液体タイプ。ウールマーク取得でデリケート衣料まで安心して使えます。<br><br>商品サイズ：101×254×101<br><br>成分：過酸化水素（酸素系）、界面活性剤（ポリオキシエチレンアルキルエーテル）、pH調整剤<br><br>ご使用上の注意等：使用上の注意<br>●用途外に使わない。<br>●乳幼児の手の届く所に置かない。<br>●他の容器に移さない。<br>●熱湯では使わない。<br>●炊事用等の手袋を使用する。<br>●せんいが黄ばむことがあるので、漂白中は直射日光の当たる場所を避け、漂白後は充分にすすぐ。<br>●洗濯機のフタなどのプラスチック部分に液がついたときは、すぐにふきとる。放置すると傷むことがある。<br>●直射日光を避け、夏場の車内など高温になる所に置かない。<br><br>応急処置<br>●目に入ったときは、すぐに流水で15分以上洗い流す。<br>●飲み込んだときは、吐かずに口をすすぎ、すぐに牛<br><br>原産国：日本<br><br>問い合わせ先：ライオン株式会社 〒130-8644 東京都墨田区本所1-3-7 0120-556-913 0120-556-973<br>商品区分：漂白剤<br>JANコード：4903301530640<br><br><br><br>広告文責：アットライフ株式会社<br>TEL 079-280-2113<br>※商品パッケージは変更の場合あり。<br>メーカー欠品または完売の際、キャンセルをお願いすることがあります。ご了承ください。<style>
<!--

a:hover img {
-moz-opacity:0.7;
 opacity:0.7;
 filter:alpha(opacity=70);
}


#scrollUp{
border:none!important;
bottom:5px;
right:5px;
}
#scrollUp img{
display:none;
}
#scrollUp .nearCart{
background:url(http://image.rakuten.co.jp/at-zakka/cabinet/sozai1/cart_icon01.jpg) no-repeat 0 0;
}
#scrollUp,#scrollUp .nearCart{
width: 70px !important;
height: 73px !important;
}

-->
</style>
広告文責：アットライフ TEL：079-280-2113<br>
商品画像等は予告なく変わることがあります。<br>
また、メーカー欠品の場合はキャンセルのお願いをする場合がございます。ご了承ください。<br><br>

<!-- Webチラシ　　-->
<img src=""http://image.rakuten.co.jp/at-zakka/cabinet/tokusyupage/webtirasi.jpg"" width=""720"" height=""30"" style=""margin-bottom:5px""><br>
<img src=""http://image.rakuten.co.jp/at-zakka/cabinet/corner/tirashi_banner.jpg"" width=""720"" height=""120"" style=""margin-bottom:5px""><br><br>
<br>

<!-- Pickup! -->
<img src=""http://image.rakuten.co.jp/at-zakka/cabinet/pickup.jpg"" width=""720"" height=""30"" style=""margin-bottom:5px""><br>
<br><br>

<!-- レビューのお願い -->
<div align=""center""><img src=""http://image.rakuten.co.jp/at-zakka/cabinet/sozai1/review_onegai.jpg"" width=""600"" height=""700"" border=""0"" usemap=""#review_onegai""></div><map name=""review_onegai"" id=""review_onegai"">
  
  
</map><br><br>

<!-- 送料無料まであとちょっと -->
<p><img src=""http://image.rakuten.co.jp/at-zakka/cabinet/sozai1/atotyotto.jpg"" width=""730"" height=""80"" border=""0""><br>
<img src=""http://image.rakuten.co.jp/at-zakka/cabinet/sozai1/atotyotto1-999_1.jpg"" width=""365"" height=""60"" border=""0""><img src=""http://image.rakuten.co.jp/at-zakka/cabinet/sozai1/atotyotto1000-1999_1.jpg"" width=""365"" height=""60"" border=""0""></p><br>

<!-- 店長おすすめはこちら タイトル -->
<img src=""http://image.rakuten.co.jp/at-zakka/cabinet/sozai1/kyotusetumei1.jpg""><br>",【ライオン】【ブライト】手間なしブライト　本体　１０００ｍｌ【１０００ＭＬ】 （4903301530640） 【2999円(税込)以上で送料無料】：日用品＆生活雑貨の店「カットコ」,【ライオン】【ブライト】手間なしブライト　本体　１０００ｍｌ【１０００ＭＬ】 （4903301530640） 【2999円(税込)以上で送料無料】,【ライオン】【ブライト】手間なしブライト　本体　１０００ｍｌ【１０００ＭＬ】 （4903301530640） 【2999円(税込)以上で送料無料】[rn]
38-44306,http://tshop.r10s.jp/at-zakka/cabinet/0810/4903301527893.jpg?fitin=700:700,161.6000,,日用品雑貨・文房具・手芸 > 日用品・生活雑貨 > 洗剤・柔軟剤 > 洗濯用洗剤・柔軟剤 > 洗濯用洗剤,セール開催中！【ライオン】【ブライト】手間なしブライト　つめかえ用【７２０ＭＬ】 （4903301527893） 【2999円(税込)以上で送料無料】,,"【商品説明】<br>洗剤と一緒にキャップ１杯入れるだけで、衣類の黄ばみ、黒ずみの漂白から毎日の除菌や気になるイヤなニオイの除臭まで、手軽にできる衣料用漂白剤。白物衣料はもちろん色柄物まで安心して使える酸素系液体タイプ。ウールマーク取得でデリケート衣料まで安心して使えます。<br><br>商品サイズ：101×254×101<br><br>成分：過酸化水素（酸素系）、界面活性剤（ポリオキシエチレンアルキルエーテル）、pH調整剤<br><br>ご使用上の注意等：使用上の注意<br>●用途外に使わない。<br>●乳幼児の手の届く所に置かない。<br>●他の容器に移さない。<br>●熱湯では使わない。<br>●炊事用等の手袋を使用する。<br>●せんいが黄ばむことがあるので、漂白中は直射日光の当たる場所を避け、漂白後は充分にすすぐ。<br>●洗濯機のフタなどのプラスチック部分に液がついたときは、すぐにふきとる。放置すると傷むことがある。<br>●直射日光を避け、夏場の車内など高温になる所に置かない。<br><br>応急処置<br>●目に入ったときは、すぐに流水で15分以上洗い流す。<br>●飲み込んだときは、吐かずに口をすすぎ、すぐに牛<br><br>原産国：日本<br><br>問い合わせ先：ライオン株式会社 〒130-8644 東京都墨田区本所1-3-7 0120-556-913 0120-556-973<br>商品区分：漂白剤<br>JANコード：4903301530640<br><br><br><br>広告文責：アットライフ株式会社<br>TEL 079-280-2113<br>※商品パッケージは変更の場合あり。<br>メーカー欠品または完売の際、キャンセルをお願いすることがあります。ご了承ください。<style>
<!--

a:hover img {
-moz-opacity:0.7;
 opacity:0.7;
 filter:alpha(opacity=70);
}


#scrollUp{
border:none!important;
bottom:5px;
right:5px;
}
#scrollUp img{
display:none;
}
#scrollUp .nearCart{
background:url(http://image.rakuten.co.jp/at-zakka/cabinet/sozai1/cart_icon01.jpg) no-repeat 0 0;
}
#scrollUp,#scrollUp .nearCart{
width: 70px !important;
height: 73px !important;
}

-->
</style>
広告文責：アットライフ TEL：079-280-2113<br>
商品画像等は予告なく変わることがあります。<br>
また、メーカー欠品の場合はキャンセルのお願いをする場合がございます。ご了承ください。<br><br>

<!-- Webチラシ　　-->
<img src=""http://image.rakuten.co.jp/at-zakka/cabinet/tokusyupage/webtirasi.jpg"" width=""720"" height=""30"" style=""margin-bottom:5px""><br>
<img src=""http://image.rakuten.co.jp/at-zakka/cabinet/corner/tirashi_banner.jpg"" width=""720"" height=""120"" style=""margin-bottom:5px""><br><br>
<br>

<!-- Pickup! -->
<img src=""http://image.rakuten.co.jp/at-zakka/cabinet/pickup.jpg"" width=""720"" height=""30"" style=""margin-bottom:5px""><br>
<br><br>

<!-- レビューのお願い -->
<div align=""center""><img src=""http://image.rakuten.co.jp/at-zakka/cabinet/sozai1/review_onegai.jpg"" width=""600"" height=""700"" border=""0"" usemap=""#review_onegai""></div><map name=""review_onegai"" id=""review_onegai"">
  
  
</map><br><br>

<!-- 送料無料まであとちょっと -->
<p><img src=""http://image.rakuten.co.jp/at-zakka/cabinet/sozai1/atotyotto.jpg"" width=""730"" height=""80"" border=""0""><br>
<img src=""http://image.rakuten.co.jp/at-zakka/cabinet/sozai1/atotyotto1-999_1.jpg"" width=""365"" height=""60"" border=""0""><img src=""http://image.rakuten.co.jp/at-zakka/cabinet/sozai1/atotyotto1000-1999_1.jpg"" width=""365"" height=""60"" border=""0""></p><br>

<!-- 店長おすすめはこちら タイトル -->
<img src=""http://image.rakuten.co.jp/at-zakka/cabinet/sozai1/kyotusetumei1.jpg""><br>",セール開催中！【ライオン】【ブライト】手間なしブライト　つめかえ用【７２０ＭＬ】 （4903301527893） 【2999円(税込)以上で送料無料】：日用品＆生活雑貨の店「カットコ」,セール開催中！【ライオン】【ブライト】手間なしブライト　つめかえ用【７２０ＭＬ】 （4903301527893） 【2999円(税込)以上で送料無料】,セール開催中！【ライオン】【ブライト】手間なしブライト　つめかえ用【７２０ＭＬ】 （4903301527893） 【2999円(税込)以上で送料無料】[rn]
38-44307,http://tshop.r10s.jp/at-zakka/cabinet/a/4903367092373.jpg?fitin=700:700,107.2000,,日用品雑貨・文房具・手芸 > 日用品・生活雑貨 > 洗剤・柔軟剤 > 洗濯用洗剤・柔軟剤 > 洗濯用洗剤,香りの酸素系 漂白剤　詰替用 (4903367092373) 【2999円(税込)以上で送料無料】,　,"商品名：香りの酸素系 漂白剤　詰替用<br>内容量：720ml<br>ブランド：香りの酸素系<br>原産国：日本<br><br>色柄ものにも安心！<br>色柄物にも安心して使用できる酸素系漂白剤です。さわやかなシトラスフローラルの香りです。<br><br>JANコード：4903367092373<br><br><br>商品番号：101-12279<br><br><br><br>区分： 洗剤・柔軟剤 <br><br><br><br>広告文責：アットライフ株式会社<br>TEL 079-280-2113<br>※商品パッケージは変更の場合あり。<br>メーカー欠品または完売の際、キャンセルをお願いすることがあります。ご了承ください。<style>
<!--

a:hover img {
-moz-opacity:0.7;
 opacity:0.7;
 filter:alpha(opacity=70);
}


#scrollUp{
border:none!important;
bottom:5px;
right:5px;
}
#scrollUp img{
display:none;
}
#scrollUp .nearCart{
background:url(http://image.rakuten.co.jp/at-zakka/cabinet/sozai1/cart_icon01.jpg) no-repeat 0 0;
}
#scrollUp,#scrollUp .nearCart{
width: 70px !important;
height: 73px !important;
}

-->
</style>
広告文責：アットライフ TEL：079-280-2113<br>
商品画像等は予告なく変わることがあります。<br>
また、メーカー欠品の場合はキャンセルのお願いをする場合がございます。ご了承ください。<br><br>

<!-- Webチラシ　　-->
<img src=""http://image.rakuten.co.jp/at-zakka/cabinet/tokusyupage/webtirasi.jpg"" width=""720"" height=""30"" style=""margin-bottom:5px""><br>
<img src=""http://image.rakuten.co.jp/at-zakka/cabinet/corner/tirashi_banner.jpg"" width=""720"" height=""120"" style=""margin-bottom:5px""><br><br>
<br>

<!-- Pickup! -->
<img src=""http://image.rakuten.co.jp/at-zakka/cabinet/pickup.jpg"" width=""720"" height=""30"" style=""margin-bottom:5px""><br>
<br><br>

<!-- レビューのお願い -->
<div align=""center""><img src=""http://image.rakuten.co.jp/at-zakka/cabinet/sozai1/review_onegai.jpg"" width=""600"" height=""700"" border=""0"" usemap=""#review_onegai""></div><map name=""review_onegai"" id=""review_onegai"">
  
  
</map><br><br>

<!-- 送料無料まであとちょっと -->
<p><img src=""http://image.rakuten.co.jp/at-zakka/cabinet/sozai1/atotyotto.jpg"" width=""730"" height=""80"" border=""0""><br>
<img src=""http://image.rakuten.co.jp/at-zakka/cabinet/sozai1/atotyotto1-999_1.jpg"" width=""365"" height=""60"" border=""0""><img src=""http://image.rakuten.co.jp/at-zakka/cabinet/sozai1/atotyotto1000-1999_1.jpg"" width=""365"" height=""60"" border=""0""></p><br>

<!-- 店長おすすめはこちら タイトル -->
<img src=""http://image.rakuten.co.jp/at-zakka/cabinet/sozai1/kyotusetumei1.jpg""><br>",香りの酸素系 漂白剤　詰替用 (4903367092373) 【2999円(税込)以上で送料無料】：日用品＆生活雑貨の店「カットコ」,香りの酸素系 漂白剤　詰替用 (4903367092373) 【2999円(税込)以上で送料無料】,　。香りの酸素系 漂白剤　詰替用 (4903367092373) 【2999円(税込)以上で送料無料】[rn]
38-44308,http://tshop.r10s.jp/at-zakka/cabinet/1039/4903367000194.jpg?fitin=700:700,1832.0000,,日用品雑貨・文房具・手芸 > 日用品・生活雑貨 > 洗剤・柔軟剤 > 洗濯用洗剤・柔軟剤 > 洗濯用洗剤,【まとめ買い】【ロケット石鹸】【マイ】ロケット　マイブリーチ　１５００ＭＬ【１５００ｍｌ】×12個セット （4903367000194） 【2999円(税込)以上で送料無料】,,"【商品説明】<BR>衣類の黄ばみ・黒ずみ、飲食物・血液・汗などシミを漂白します。<BR>衣類についたバイキンを除き、イヤな臭いを消します。<BR><BR>商品サイズ：105×290×105<BR><BR>成分：次亜塩素酸ナトリウム（塩素系）、水酸化ナトリウム<BR><BR>原材料・材質：ボトル：PE<BR>キャップ：PE<BR>ラベル：PP<BR>中栓：PE<BR><BR>ご使用上の注意等：●用途外に使わない。<BR>●原液で使わない。<BR>●熱湯で使わない。<BR>●容器を強く持ってキャップを開けると原液が飛び出す恐れがあるので注意する。<BR>●使用する時は炊事用手袋を使用する。<BR>●水や他のものを入れたり、つめかえたりしない。破裂することがある。<BR>●効果が落ちるので、酸素系や還元系漂白剤と併用・混合しない。<BR>●金属製およびメラミン製の容器には使わない。<BR>●直射日光を避け、高温の所に置かない。<BR>●倒して保管しない。<BR>●破損を避けるため落とさない。<BR>●幼児の手の届く所に置かない。<BR>●目や皮ふ、衣類につかないよう注意する。<BR><BR>原産国：日本<BR><BR>問い合わせ先：ロケット石鹸株式会社、〒820-0202　福岡県嘉麻市山野2091、電話番号　0948-43-0756<BR>商品区分：漂白剤<BR>JANコード：4903367000194<br><br><br><br>広告文責：アットライフ株式会社<br>TEL 079-280-2113<br>※商品パッケージは変更の場合あり。<br>メーカー欠品または完売の際、キャンセルをお願いすることがあります。ご了承ください。<style>
<!--

a:hover img {
-moz-opacity:0.7;
 opacity:0.7;
 filter:alpha(opacity=70);
}


#scrollUp{
border:none!important;
bottom:5px;
right:5px;
}
#scrollUp img{
display:none;
}
#scrollUp .nearCart{
background:url(http://image.rakuten.co.jp/at-zakka/cabinet/sozai1/cart_icon01.jpg) no-repeat 0 0;
}
#scrollUp,#scrollUp .nearCart{
width: 70px !important;
height: 73px !important;
}

-->
</style>
広告文責：アットライフ TEL：079-280-2113<br>
商品画像等は予告なく変わることがあります。<br>
また、メーカー欠品の場合はキャンセルのお願いをする場合がございます。ご了承ください。<br><br>

<!-- Webチラシ　　-->
<img src=""http://image.rakuten.co.jp/at-zakka/cabinet/tokusyupage/webtirasi.jpg"" width=""720"" height=""30"" style=""margin-bottom:5px""><br>
<img src=""http://image.rakuten.co.jp/at-zakka/cabinet/corner/tirashi_banner.jpg"" width=""720"" height=""120"" style=""margin-bottom:5px""><br><br>
<br>

<!-- Pickup! -->
<img src=""http://image.rakuten.co.jp/at-zakka/cabinet/pickup.jpg"" width=""720"" height=""30"" style=""margin-bottom:5px""><br>
<br><br>

<!-- レビューのお願い -->
<div align=""center""><img src=""http://image.rakuten.co.jp/at-zakka/cabinet/sozai1/review_onegai.jpg"" width=""600"" height=""700"" border=""0"" usemap=""#review_onegai""></div><map name=""review_onegai"" id=""review_onegai"">
  
  
</map><br><br>

<!-- 送料無料まであとちょっと -->
<p><img src=""http://image.rakuten.co.jp/at-zakka/cabinet/sozai1/atotyotto.jpg"" width=""730"" height=""80"" border=""0""><br>
<img src=""http://image.rakuten.co.jp/at-zakka/cabinet/sozai1/atotyotto1-999_1.jpg"" width=""365"" height=""60"" border=""0""><img src=""http://image.rakuten.co.jp/at-zakka/cabinet/sozai1/atotyotto1000-1999_1.jpg"" width=""365"" height=""60"" border=""0""></p><br>

<!-- 店長おすすめはこちら タイトル -->
<img src=""http://image.rakuten.co.jp/at-zakka/cabinet/sozai1/kyotusetumei1.jpg""><br>",【まとめ買い】【ロケット石鹸】【マイ】ロケット　マイブリーチ　１５００ＭＬ【１５００ｍｌ】&times;12個セット （4903367000194） 【2999円(税込)以上で送料無料】：日用品＆生活雑貨の店「カットコ」,【まとめ買い】【ロケット石鹸】【マイ】ロケット　マイブリーチ　１５００ＭＬ【１５００ｍｌ】&times;12個セット （4903367000194） 【2999円(税込)以上で送料無料】,【まとめ買い】【ロケット石鹸】【マイ】ロケット　マイブリーチ　１５００ＭＬ【１５００ｍｌ】&times;12個セット （4903367000194） 【2999円(税込)以上で送料無料】[rn]
38-44309,http://tshop.r10s.jp/at-zakka/cabinet/0810/4903301224594.jpg?fitin=700:700,4332.8000,,日用品雑貨・文房具・手芸 > 日用品・生活雑貨 > 洗剤・柔軟剤 > 洗濯用洗剤・柔軟剤 > 洗濯用洗剤,欠品 【 送料無料 】 X【まとめ買い】【ライオン】【ブライト】ブライトＷ（ダブル）つめかえ用　大　９００ｍｌ【900ｍｌ】×12個セット （4903301224594）,　,"【商品説明】<br>付いた汚れをしっかり落す＋次の汚れを落ちやすくする「クリア漂白」で、日々の汚れを残さずクリアに洗い上げるので、汗や皮脂汚れが「シミ・黄ばみ・黒ずみ」になるのを防ぎ、衣類の白さが長続き。除菌・消臭効果はもちろん抗菌・防臭効果も高いのでニオイ残りも防ぐ。色柄物に安心な酸素系漂白剤。新基材配合で洗浄力・漂白力・消臭力を強化。クリスタルシルバー基調の新デザイン。通常品ボトルに詰替可能な口栓付大容量パウチ。<br>商品区分：その他<br>問い合わせ先：<BR>ライオン株式会社 〒130-8644 東京都墨田区本所1-3-7 0120-556-913 0120-556-973<br>原産国：日本<br>商品サイズ：160×270×90<BR><br>JANコード：4903301224594<BR>cs：12<BR><br>商品区分：その他<br>問い合わせ先：ライオン株式会社 〒130-8644 東京都墨田区本所1-3-7 0120-556-913 0120-556-973<br>原産国：日本<br><br><br><br>広告文責：アットライフ株式会社<br>TEL 079-280-2113<br>※商品パッケージは変更の場合あり。<br>メーカー欠品または完売の際、キャンセルをお願いすることがあります。ご了承ください。<style>
<!--

a:hover img {
-moz-opacity:0.7;
 opacity:0.7;
 filter:alpha(opacity=70);
}


#scrollUp{
border:none!important;
bottom:5px;
right:5px;
}
#scrollUp img{
display:none;
}
#scrollUp .nearCart{
background:url(http://image.rakuten.co.jp/at-zakka/cabinet/sozai1/cart_icon01.jpg) no-repeat 0 0;
}
#scrollUp,#scrollUp .nearCart{
width: 70px !important;
height: 73px !important;
}

-->
</style>
広告文責：アットライフ TEL：079-280-2113<br>
商品画像等は予告なく変わることがあります。<br>
また、メーカー欠品の場合はキャンセルのお願いをする場合がございます。ご了承ください。<br><br>

<!-- Webチラシ　　-->
<img src=""http://image.rakuten.co.jp/at-zakka/cabinet/tokusyupage/webtirasi.jpg"" width=""720"" height=""30"" style=""margin-bottom:5px""><br>
<img src=""http://image.rakuten.co.jp/at-zakka/cabinet/corner/tirashi_banner.jpg"" width=""720"" height=""120"" style=""margin-bottom:5px""><br><br>
<br>

<!-- Pickup! -->
<img src=""http://image.rakuten.co.jp/at-zakka/cabinet/pickup.jpg"" width=""720"" height=""30"" style=""margin-bottom:5px""><br>
<br><br>

<!-- レビューのお願い -->
<div align=""center""><img src=""http://image.rakuten.co.jp/at-zakka/cabinet/sozai1/review_onegai.jpg"" width=""600"" height=""700"" border=""0"" usemap=""#review_onegai""></div><map name=""review_onegai"" id=""review_onegai"">
  
  
</map><br><br>

<!-- 送料無料まであとちょっと -->
<p><img src=""http://image.rakuten.co.jp/at-zakka/cabinet/sozai1/atotyotto.jpg"" width=""730"" height=""80"" border=""0""><br>
<img src=""http://image.rakuten.co.jp/at-zakka/cabinet/sozai1/atotyotto1-999_1.jpg"" width=""365"" height=""60"" border=""0""><img src=""http://image.rakuten.co.jp/at-zakka/cabinet/sozai1/atotyotto1000-1999_1.jpg"" width=""365"" height=""60"" border=""0""></p><br>

<!-- 店長おすすめはこちら タイトル -->
<img src=""http://image.rakuten.co.jp/at-zakka/cabinet/sozai1/kyotusetumei1.jpg""><br>",欠品 【 送料無料 】 X【まとめ買い】【ライオン】【ブライト】ブライトＷ（ダブル）つめかえ用　大　９００ｍｌ【900ｍｌ】&times;12個セット （4903301224594）：日用品＆生活雑貨の店「カットコ」,欠品 【 送料無料 】 X【まとめ買い】【ライオン】【ブライト】ブライトＷ（ダブル）つめかえ用　大　９００ｍｌ【900ｍｌ】&times;12個セット （4903301224594）,　。欠品 【 送料無料 】 X【まとめ買い】【ライオン】【ブライト】ブライトＷ（ダブル）つめかえ用　大　９００ｍｌ【900ｍｌ】&times;12個セット （4903301224594）[rn]
38-44310,http://tshop.r10s.jp/at-zakka/cabinet/k/4903301254850.jpg?fitin=700:700,257.6000,,日用品雑貨・文房具・手芸 > 日用品・生活雑貨 > 洗剤・柔軟剤 > 洗濯用洗剤・柔軟剤 > 洗濯用洗剤,ライオン ブライトＷ　本体　６００ＭＬ 漂白剤 (4903301254850) 【2999円(税込)以上で送料無料】,,"ブランド：ブライト<br>原産国：日本<br><br>毎日の汚れ残りを防いで衣類の白さが長続きする漂白剤<br>付いた汚れをしっかり落す＋次の汚れを落ちやすくする「クリア漂白」で、日々の汚れを残さずクリアに洗い上げる。汗や皮脂汚れが「シミ・黄ばみ・黒ずみ」になるのを防ぐので、衣類の白さが長続き。除菌・消臭効果はもちろん抗菌・防臭効果も高いので、ニオイ残りも防ぎ、部屋干しや残り湯洗濯でも安心。色柄物に安心な酸素系漂白剤。すっきりしたミンティグリーンの香り。クリアな洗い上りイメージのクリスタルカットボトル。<br>使用方法：必ずご使用前に表示をお読みください\n使用方法\n使えるもの　　水洗いできる白物、色物、柄物のせんい製品(木綿、麻、化学せんい、毛、絹)　　　毛・絹は中性洗剤(アクロンなど)と一緒に使う(水温は30℃以下)、赤ちゃんの衣類にも使える\n洗濯用洗剤と一緒にご使用ください\n洗濯機漂白\n用途(汚れの種類)●黄ばみ・黒ずみの漂白・予防　●衣類の消臭・抗菌※1\n　　　　　　　　　　　※1　全ての菌に対し効果を有するわけではありません\n使い方　　　　　　　洗剤と一緒に、洗濯機に入れて洗う(洗剤投入口　使用可能<br><br>JANコード：4903301254850<br><br><br>商品番号：101-00976<br><br><br><br>区分： 洗剤・柔軟剤 <br><br><br><br>広告文責：アットライフ株式会社<br>TEL 079-280-2113<br>※商品パッケージは変更の場合あり。<br>メーカー欠品または完売の際、キャンセルをお願いすることがあります。ご了承ください。<style>
<!--

a:hover img {
-moz-opacity:0.7;
 opacity:0.7;
 filter:alpha(opacity=70);
}


#scrollUp{
border:none!important;
bottom:5px;
right:5px;
}
#scrollUp img{
display:none;
}
#scrollUp .nearCart{
background:url(http://image.rakuten.co.jp/at-zakka/cabinet/sozai1/cart_icon01.jpg) no-repeat 0 0;
}
#scrollUp,#scrollUp .nearCart{
width: 70px !important;
height: 73px !important;
}

-->
</style>
広告文責：アットライフ TEL：079-280-2113<br>
商品画像等は予告なく変わることがあります。<br>
また、メーカー欠品の場合はキャンセルのお願いをする場合がございます。ご了承ください。<br><br>

<!-- Webチラシ　　-->
<img src=""http://image.rakuten.co.jp/at-zakka/cabinet/tokusyupage/webtirasi.jpg"" width=""720"" height=""30"" style=""margin-bottom:5px""><br>
<img src=""http://image.rakuten.co.jp/at-zakka/cabinet/corner/tirashi_banner.jpg"" width=""720"" height=""120"" style=""margin-bottom:5px""><br><br>
<br>

<!-- Pickup! -->
<img src=""http://image.rakuten.co.jp/at-zakka/cabinet/pickup.jpg"" width=""720"" height=""30"" style=""margin-bottom:5px""><br>
<br><br>

<!-- レビューのお願い -->
<div align=""center""><img src=""http://image.rakuten.co.jp/at-zakka/cabinet/sozai1/review_onegai.jpg"" width=""600"" height=""700"" border=""0"" usemap=""#review_onegai""></div><map name=""review_onegai"" id=""review_onegai"">
  
  
</map><br><br>

<!-- 送料無料まであとちょっと -->
<p><img src=""http://image.rakuten.co.jp/at-zakka/cabinet/sozai1/atotyotto.jpg"" width=""730"" height=""80"" border=""0""><br>
<img src=""http://image.rakuten.co.jp/at-zakka/cabinet/sozai1/atotyotto1-999_1.jpg"" width=""365"" height=""60"" border=""0""><img src=""http://image.rakuten.co.jp/at-zakka/cabinet/sozai1/atotyotto1000-1999_1.jpg"" width=""365"" height=""60"" border=""0""></p><br>

<!-- 店長おすすめはこちら タイトル -->
<img src=""http://image.rakuten.co.jp/at-zakka/cabinet/sozai1/kyotusetumei1.jpg""><br>",ライオン ブライトＷ　本体　６００ＭＬ 漂白剤 (4903301254850) 【2999円(税込)以上で送料無料】：日用品＆生活雑貨の店「カットコ」,ライオン ブライトＷ　本体　６００ＭＬ 漂白剤 (4903301254850) 【2999円(税込)以上で送料無料】,ライオン ブライトＷ　本体　６００ＭＬ 漂白剤 (4903301254850) 【2999円(税込)以上で送料無料】[rn]
38-44311,http://tshop.r10s.jp/at-zakka/cabinet/1039/4903367091895.jpg?fitin=700:700,2324.0000,,日用品雑貨・文房具・手芸 > 日用品・生活雑貨 > 洗剤・柔軟剤 > 洗濯用洗剤・柔軟剤 > 洗濯用洗剤,【まとめ買い】【ロケット石鹸】【パワフル】濃縮パワフルブリーチ詰替用４８０ＭＬ【詰替４８０ｍｌ】×20個セット （4903367091895） 【2999円(税込)以上で送料無料】,,"【商品説明】<BR>濃縮タイプの酸素系漂白剤<BR>ウールやシルク・色物・柄物にも安心な酸素系漂白剤です<BR><BR>商品サイズ：140×245×70<BR><BR>香り：シトラスの香り<BR><BR>成分：過酸化水素(酸素系）、界面活性剤(ポリオキシエチレンアルキルエーテル）、安定化剤<BR><BR>原材料・材質：パウチ：PE、PA<BR><BR><BR>ご使用上の注意等：●用途外に使わない。<BR>●熱湯で使わない。<BR>●幼児やペットが触れる所に置かない。<BR>●水や他のものを入れたり、他の容器につめかえたりしない。破損する事がある。<BR>●使用するときは炊事用手袋を使う。<BR>●漂白の時密閉容器を使わない。破裂することがある。<BR>●塩素系や還元系漂白剤と併用・混合すると効果が落ちる。<BR>●せんいが黄ばむことがあるので、漂白中は直射日光の当たる場所を避け、漂白後は充分にすすぐ。<BR>●洗たく機のフタなどのプラスチック部分や床などに原液がついた時は水拭きする。放置すると傷むことがある。<BR>●使用後はキャップをしっかりと閉め、直射日光を避け、冷暗所に立てて保管する。高い所に置かない。<BR><BR>原産国：日本<BR><BR>問い合わせ先：ロケット石鹸株式会社、〒820-0202　福岡県嘉麻市山野2091、電話番号　0948-43-0756<BR>商品区分：漂白剤<BR>JANコード：4903367091895<br><br><br><br>広告文責：アットライフ株式会社<br>TEL 079-280-2113<br>※商品パッケージは変更の場合あり。<br>メーカー欠品または完売の際、キャンセルをお願いすることがあります。ご了承ください。<style>
<!--

a:hover img {
-moz-opacity:0.7;
 opacity:0.7;
 filter:alpha(opacity=70);
}


#scrollUp{
border:none!important;
bottom:5px;
right:5px;
}
#scrollUp img{
display:none;
}
#scrollUp .nearCart{
background:url(http://image.rakuten.co.jp/at-zakka/cabinet/sozai1/cart_icon01.jpg) no-repeat 0 0;
}
#scrollUp,#scrollUp .nearCart{
width: 70px !important;
height: 73px !important;
}

-->
</style>
広告文責：アットライフ TEL：079-280-2113<br>
商品画像等は予告なく変わることがあります。<br>
また、メーカー欠品の場合はキャンセルのお願いをする場合がございます。ご了承ください。<br><br>

<!-- Webチラシ　　-->
<img src=""http://image.rakuten.co.jp/at-zakka/cabinet/tokusyupage/webtirasi.jpg"" width=""720"" height=""30"" style=""margin-bottom:5px""><br>
<img src=""http://image.rakuten.co.jp/at-zakka/cabinet/corner/tirashi_banner.jpg"" width=""720"" height=""120"" style=""margin-bottom:5px""><br><br>
<br>

<!-- Pickup! -->
<img src=""http://image.rakuten.co.jp/at-zakka/cabinet/pickup.jpg"" width=""720"" height=""30"" style=""margin-bottom:5px""><br>
<br><br>

<!-- レビューのお願い -->
<div align=""center""><img src=""http://image.rakuten.co.jp/at-zakka/cabinet/sozai1/review_onegai.jpg"" width=""600"" height=""700"" border=""0"" usemap=""#review_onegai""></div><map name=""review_onegai"" id=""review_onegai"">
  
  
</map><br><br>

<!-- 送料無料まであとちょっと -->
<p><img src=""http://image.rakuten.co.jp/at-zakka/cabinet/sozai1/atotyotto.jpg"" width=""730"" height=""80"" border=""0""><br>
<img src=""http://image.rakuten.co.jp/at-zakka/cabinet/sozai1/atotyotto1-999_1.jpg"" width=""365"" height=""60"" border=""0""><img src=""http://image.rakuten.co.jp/at-zakka/cabinet/sozai1/atotyotto1000-1999_1.jpg"" width=""365"" height=""60"" border=""0""></p><br>

<!-- 店長おすすめはこちら タイトル -->
<img src=""http://image.rakuten.co.jp/at-zakka/cabinet/sozai1/kyotusetumei1.jpg""><br>",【まとめ買い】【ロケット石鹸】【パワフル】濃縮パワフルブリーチ詰替用４８０ＭＬ【詰替４８０ｍｌ】&times;20個セット （4903367091895） 【2999円(税込)以上で送料無料】：日用品＆生活雑貨の店「カットコ」,【まとめ買い】【ロケット石鹸】【パワフル】濃縮パワフルブリーチ詰替用４８０ＭＬ【詰替４８０ｍｌ】&times;20個セット （4903367091895） 【2999円(税込)以上で送料無料】,【まとめ買い】【ロケット石鹸】【パワフル】濃縮パワフルブリーチ詰替用４８０ＭＬ【詰替４８０ｍｌ】&times;20個セット （4903367091895） 【2999円(税込)以上で送料無料】[rn]
38-44312,http://tshop.r10s.jp/at-zakka/cabinet/pp/4901329190259.jpg?fitin=700:700,84.8000,,日用品雑貨・文房具・手芸 > 日用品・生活雑貨 > 洗剤・柔軟剤 > 洗濯用洗剤・柔軟剤 > 洗濯用洗剤,カネヨ ブリーチS 600ML (4901329190259) 【2999円(税込)以上で送料無料】,,"商品名：カネヨ　ブリーチＳ　６００ＭＬ<br>内容量：600ml<br>原産国：日本<br><br>衣類の黄ばみ・シミ・黒ずみをすばやく漂白します。<br>衣類の黄ばみ。シミ、黒ずみをすばやく漂白します。<br>成分：次亜塩素酸ナトリウム・アルカリ剤<br>問合せ先：〒３６６-００２２　埼玉県深谷市本田ヶ谷１２０ カネヨ石鹸株式会社　　 電話番号　０４８-５７３-７８５１<br><br>JANコード：4901329190259<br><br><br>商品番号：101-12889<br><br><br><br>広告文責：アットライフ株式会社<br>TEL 079-280-2113<br>※商品パッケージは変更の場合あり。<br>メーカー欠品または完売の際、キャンセルをお願いすることがあります。ご了承ください。<style>
<!--

a:hover img {
-moz-opacity:0.7;
 opacity:0.7;
 filter:alpha(opacity=70);
}


#scrollUp{
border:none!important;
bottom:5px;
right:5px;
}
#scrollUp img{
display:none;
}
#scrollUp .nearCart{
background:url(http://image.rakuten.co.jp/at-zakka/cabinet/sozai1/cart_icon01.jpg) no-repeat 0 0;
}
#scrollUp,#scrollUp .nearCart{
width: 70px !important;
height: 73px !important;
}

-->
</style>
広告文責：アットライフ TEL：079-280-2113<br>
商品画像等は予告なく変わることがあります。<br>
また、メーカー欠品の場合はキャンセルのお願いをする場合がございます。ご了承ください。<br><br>

<!-- Webチラシ　　-->
<img src=""http://image.rakuten.co.jp/at-zakka/cabinet/tokusyupage/webtirasi.jpg"" width=""720"" height=""30"" style=""margin-bottom:5px""><br>
<img src=""http://image.rakuten.co.jp/at-zakka/cabinet/corner/tirashi_banner.jpg"" width=""720"" height=""120"" style=""margin-bottom:5px""><br><br>
<br>

<!-- Pickup! -->
<img src=""http://image.rakuten.co.jp/at-zakka/cabinet/pickup.jpg"" width=""720"" height=""30"" style=""margin-bottom:5px""><br>
<br><br>

<!-- レビューのお願い -->
<div align=""center""><img src=""http://image.rakuten.co.jp/at-zakka/cabinet/sozai1/review_onegai.jpg"" width=""600"" height=""700"" border=""0"" usemap=""#review_onegai""></div><map name=""review_onegai"" id=""review_onegai"">
  
  
</map><br><br>

<!-- 送料無料まであとちょっと -->
<p><img src=""http://image.rakuten.co.jp/at-zakka/cabinet/sozai1/atotyotto.jpg"" width=""730"" height=""80"" border=""0""><br>
<img src=""http://image.rakuten.co.jp/at-zakka/cabinet/sozai1/atotyotto1-999_1.jpg"" width=""365"" height=""60"" border=""0""><img src=""http://image.rakuten.co.jp/at-zakka/cabinet/sozai1/atotyotto1000-1999_1.jpg"" width=""365"" height=""60"" border=""0""></p><br>

<!-- 店長おすすめはこちら タイトル -->
<img src=""http://image.rakuten.co.jp/at-zakka/cabinet/sozai1/kyotusetumei1.jpg""><br>",カネヨ ブリーチS 600ML (4901329190259) 【2999円(税込)以上で送料無料】：日用品＆生活雑貨の店「カットコ」,カネヨ ブリーチS 600ML (4901329190259) 【2999円(税込)以上で送料無料】,カネヨ ブリーチS 600ML (4901329190259) 【2999円(税込)以上で送料無料】[rn]
38-44313,http://tshop.r10s.jp/at-zakka/cabinet/e/4973210991221.jpg?fitin=700:700,983.2000,,日用品雑貨・文房具・手芸 > 日用品・生活雑貨 > 洗剤・柔軟剤 > 洗濯用洗剤・柔軟剤 > 洗濯用洗剤,【 送料無料 】 チュチュベビ- つけるだけ 1100ml　ベビ-食器や介護用食器をつけるだけの哺乳瓶洗浄(4973210991221),　,"「チュチュベビー つけるだけ 1100ml」は、ベビー食器や介護用食器をつけるだけの哺乳瓶洗浄です。次亜塩素酸ナトリウムを配合しました。ドボッと出ない中栓付き。 <br><br>使用方法<br><br>●野菜・果物<br>専用洗剤で洗ってからよくすすぎ、液に10分間つけ、水道水で流洗してください。<br>●ベビー用食器<br>ブラシと専用洗剤で洗ってからよくすすぎ、液に1時間以上つけてください。水道水で流洗してください。においが気になる場合は水道水で流洗してからご使用ください。ゴム製品は1時間を目安に取り出してください。<br>*標準使用量<br>1Lの水道水に12.5ml(キャップ計量1Lの線)<br>3Lの水道水に37.5ml(キャップ計量3Lの線) <br><br>使用上の注意 <br>1.使用に際して、次のこと注意してください。<br>●指定用途以外には使用しないでください。<br>●定められた用法・用量を厳守してください。(原液での使用及びお湯や他の薬品等との混合はお避けください。)<br>●容器を強く持ってキャップを開けると、液が飛び出す恐れがあります。取手を持って注意して開けてください。<br>●目に入らないよう注意してください。万一入った場合には、目を痛めることがありますのでこすらずすぐに15分以上水で洗い流してください。また、誤って飲み込んだ場合には、吐かせずすぐに口をすすぎ、コップ1-2杯の牛乳か水を飲ませる等の処置をした上、医師に相談してください。<br>2.使用中または使用後は、次のことに注意してください。<br>●液が皮ふについた場合は水で洗い流し、また手の荒れ、発疹、発赤、かゆみ等の症状があらわれた場合は、使用を中止し医師または薬剤師にご相談ください。 <br><br>保管及び取り扱い上の注意 <br>●小児の手の届かないところに保管してください。<br>●直射日光を避け、涼しい場所に密封して保管してください。本品と哺乳びんの専用洗剤や洗浄剤、哺乳びん・乳首の消毒液等との混合は危険ですので絶対に行わないでください。<br>●誤用をさけ、品質を保持するため、他の容器には入れ替えないでください。<br>●金属製の容器、製品(スプーン等)は、変質することがありますので使用しないでください。<br>●衣類等につくと脱色、変色することがありますので注意してください。<br>●本品は野菜・果物・ベビー用食器殺菌料です。使用する製品によっては印刷面、材質等、変色(変質)する場合がありますので注意してください。 <br><br>成分 <br>次亜塩素酸ナトリウム1.0%、水99.0% <br><br>4973210991221 <br>65378 ＊チュチュベビーつけるだけ１１００ＭＬ　　<br>cs：6<br><br><br><br>広告文責：アットライフ株式会社<br>TEL 079-280-2113<br>※商品パッケージは変更の場合あり。<br>メーカー欠品または完売の際、キャンセルをお願いすることがあります。ご了承ください。<style>
<!--

a:hover img {
-moz-opacity:0.7;
 opacity:0.7;
 filter:alpha(opacity=70);
}


#scrollUp{
border:none!important;
bottom:5px;
right:5px;
}
#scrollUp img{
display:none;
}
#scrollUp .nearCart{
background:url(http://image.rakuten.co.jp/at-zakka/cabinet/sozai1/cart_icon01.jpg) no-repeat 0 0;
}
#scrollUp,#scrollUp .nearCart{
width: 70px !important;
height: 73px !important;
}

-->
</style>
広告文責：アットライフ TEL：079-280-2113<br>
商品画像等は予告なく変わることがあります。<br>
また、メーカー欠品の場合はキャンセルのお願いをする場合がございます。ご了承ください。<br><br>

<!-- Webチラシ　　-->
<img src=""http://image.rakuten.co.jp/at-zakka/cabinet/tokusyupage/webtirasi.jpg"" width=""720"" height=""30"" style=""margin-bottom:5px""><br>
<img src=""http://image.rakuten.co.jp/at-zakka/cabinet/corner/tirashi_banner.jpg"" width=""720"" height=""120"" style=""margin-bottom:5px""><br><br>
<br>

<!-- Pickup! -->
<img src=""http://image.rakuten.co.jp/at-zakka/cabinet/pickup.jpg"" width=""720"" height=""30"" style=""margin-bottom:5px""><br>
<br><br>

<!-- レビューのお願い -->
<div align=""center""><img src=""http://image.rakuten.co.jp/at-zakka/cabinet/sozai1/review_onegai.jpg"" width=""600"" height=""700"" border=""0"" usemap=""#review_onegai""></div><map name=""review_onegai"" id=""review_onegai"">
  
  
</map><br><br>

<!-- 送料無料まであとちょっと -->
<p><img src=""http://image.rakuten.co.jp/at-zakka/cabinet/sozai1/atotyotto.jpg"" width=""730"" height=""80"" border=""0""><br>
<img src=""http://image.rakuten.co.jp/at-zakka/cabinet/sozai1/atotyotto1-999_1.jpg"" width=""365"" height=""60"" border=""0""><img src=""http://image.rakuten.co.jp/at-zakka/cabinet/sozai1/atotyotto1000-1999_1.jpg"" width=""365"" height=""60"" border=""0""></p><br>

<!-- 店長おすすめはこちら タイトル -->
<img src=""http://image.rakuten.co.jp/at-zakka/cabinet/sozai1/kyotusetumei1.jpg""><br>",【 送料無料 】 チュチュベビ- つけるだけ 1100ml　ベビ-食器や介護用食器をつけるだけの哺乳瓶洗浄(4973210991221)：日用品＆生活雑貨の店「カットコ」,【 送料無料 】 チュチュベビ- つけるだけ 1100ml　ベビ-食器や介護用食器をつけるだけの哺乳瓶洗浄(4973210991221),　。【 送料無料 】 チュチュベビ- つけるだけ 1100ml　ベビ-食器や介護用食器をつけるだけの哺乳瓶洗浄(4973210991221)[rn]
38-44314,http://tshop.r10s.jp/at-zakka/cabinet/1047/4902135410647_1.jpg?fitin=700:700,339.2000,,日用品雑貨・文房具・手芸 > 日用品・生活雑貨 > 洗剤・柔軟剤 > 洗濯用洗剤・柔軟剤 > 洗濯用洗剤,ＮＳファーファ・ジャパン FAFA（ファーファ）　ファインフレグランス ミストボンコンジェ本体(内容量：250ML) （4902135410647） 【2999円(税込)以上で送料無料】,　,"【商品説明】<br>「着るフレグランス」をコンセプトとした、ファーファのプレミアムライン柔軟剤の香りを再現したミストが誕生。毎回洗わない衣類の香り付けや、ルームフレグランスとしても、人気の香りが楽しめます。洗練されたクリスタルムスクの香り。<br><br><br><br>商品サイズ：82×200×61<br>商品区分：布用<br>JANコード：4902135410449<br><br><br><br>広告文責：アットライフ株式会社<br>TEL 079-280-2113<br>※商品パッケージは変更の場合あり。<br>メーカー欠品または完売の際、キャンセルをお願いすることがあります。ご了承ください。<style>
<!--

a:hover img {
-moz-opacity:0.7;
 opacity:0.7;
 filter:alpha(opacity=70);
}


#scrollUp{
border:none!important;
bottom:5px;
right:5px;
}
#scrollUp img{
display:none;
}
#scrollUp .nearCart{
background:url(http://image.rakuten.co.jp/at-zakka/cabinet/sozai1/cart_icon01.jpg) no-repeat 0 0;
}
#scrollUp,#scrollUp .nearCart{
width: 70px !important;
height: 73px !important;
}

-->
</style>
広告文責：アットライフ TEL：079-280-2113<br>
商品画像等は予告なく変わることがあります。<br>
また、メーカー欠品の場合はキャンセルのお願いをする場合がございます。ご了承ください。<br><br>

<!-- Webチラシ　　-->
<img src=""http://image.rakuten.co.jp/at-zakka/cabinet/tokusyupage/webtirasi.jpg"" width=""720"" height=""30"" style=""margin-bottom:5px""><br>
<img src=""http://image.rakuten.co.jp/at-zakka/cabinet/corner/tirashi_banner.jpg"" width=""720"" height=""120"" style=""margin-bottom:5px""><br><br>
<br>

<!-- Pickup! -->
<img src=""http://image.rakuten.co.jp/at-zakka/cabinet/pickup.jpg"" width=""720"" height=""30"" style=""margin-bottom:5px""><br>
<br><br>

<!-- レビューのお願い -->
<div align=""center""><img src=""http://image.rakuten.co.jp/at-zakka/cabinet/sozai1/review_onegai.jpg"" width=""600"" height=""700"" border=""0"" usemap=""#review_onegai""></div><map name=""review_onegai"" id=""review_onegai"">
  
  
</map><br><br>

<!-- 送料無料まであとちょっと -->
<p><img src=""http://image.rakuten.co.jp/at-zakka/cabinet/sozai1/atotyotto.jpg"" width=""730"" height=""80"" border=""0""><br>
<img src=""http://image.rakuten.co.jp/at-zakka/cabinet/sozai1/atotyotto1-999_1.jpg"" width=""365"" height=""60"" border=""0""><img src=""http://image.rakuten.co.jp/at-zakka/cabinet/sozai1/atotyotto1000-1999_1.jpg"" width=""365"" height=""60"" border=""0""></p><br>

<!-- 店長おすすめはこちら タイトル -->
<img src=""http://image.rakuten.co.jp/at-zakka/cabinet/sozai1/kyotusetumei1.jpg""><br>",ＮＳファーファ・ジャパン FAFA（ファーファ）　ファインフレグランス ミストボンコンジェ本体(内容量：250ML) （4902135410647） 【2999円(税込)以上で送料無料】：日用品＆生活雑貨の店「カットコ」,ＮＳファーファ・ジャパン FAFA（ファーファ）　ファインフレグランス ミストボンコンジェ本体(内容量：250ML) （4902135410647） 【2999円(税込)以上で送料無料】,　。ＮＳファーファ・ジャパン FAFA（ファーファ）　ファインフレグランス ミストボンコンジェ本体(内容量：250ML) （4902135410647） 【2999円(税込)以上で送料無料】[rn]
38-44315,http://tshop.r10s.jp/at-zakka/cabinet/1047/4902135410661.jpg?fitin=700:700,270.4000,,日用品雑貨・文房具・手芸 > 日用品・生活雑貨 > 洗剤・柔軟剤 > 洗濯用洗剤・柔軟剤 > 洗濯用洗剤,ＮＳファーファ・ジャパン FAFA（ファーファ）　ファインフレグランス ミストボンコンジェ詰替(内容量：230ML) （4902135410661） 【2999円(税込)以上で送料無料】,　,"【商品説明】<br>「着るフレグランス」をコンセプトとした、ファーファのプレミアムライン柔軟剤の香りを再現したミストが誕生。毎回洗わない衣類の香り付けや、ルームフレグランスとしても、人気の香りが楽しめます。洗練されたクリスタルムスクの香り。<br><br><br><br>商品サイズ：82×200×61<br>商品区分：布用<br>JANコード：4902135410449<br><br><br><br>広告文責：アットライフ株式会社<br>TEL 079-280-2113<br>※商品パッケージは変更の場合あり。<br>メーカー欠品または完売の際、キャンセルをお願いすることがあります。ご了承ください。<style>
<!--

a:hover img {
-moz-opacity:0.7;
 opacity:0.7;
 filter:alpha(opacity=70);
}


#scrollUp{
border:none!important;
bottom:5px;
right:5px;
}
#scrollUp img{
display:none;
}
#scrollUp .nearCart{
background:url(http://image.rakuten.co.jp/at-zakka/cabinet/sozai1/cart_icon01.jpg) no-repeat 0 0;
}
#scrollUp,#scrollUp .nearCart{
width: 70px !important;
height: 73px !important;
}

-->
</style>
広告文責：アットライフ TEL：079-280-2113<br>
商品画像等は予告なく変わることがあります。<br>
また、メーカー欠品の場合はキャンセルのお願いをする場合がございます。ご了承ください。<br><br>

<!-- Webチラシ　　-->
<img src=""http://image.rakuten.co.jp/at-zakka/cabinet/tokusyupage/webtirasi.jpg"" width=""720"" height=""30"" style=""margin-bottom:5px""><br>
<img src=""http://image.rakuten.co.jp/at-zakka/cabinet/corner/tirashi_banner.jpg"" width=""720"" height=""120"" style=""margin-bottom:5px""><br><br>
<br>

<!-- Pickup! -->
<img src=""http://image.rakuten.co.jp/at-zakka/cabinet/pickup.jpg"" width=""720"" height=""30"" style=""margin-bottom:5px""><br>
<br><br>

<!-- レビューのお願い -->
<div align=""center""><img src=""http://image.rakuten.co.jp/at-zakka/cabinet/sozai1/review_onegai.jpg"" width=""600"" height=""700"" border=""0"" usemap=""#review_onegai""></div><map name=""review_onegai"" id=""review_onegai"">
  
  
</map><br><br>

<!-- 送料無料まであとちょっと -->
<p><img src=""http://image.rakuten.co.jp/at-zakka/cabinet/sozai1/atotyotto.jpg"" width=""730"" height=""80"" border=""0""><br>
<img src=""http://image.rakuten.co.jp/at-zakka/cabinet/sozai1/atotyotto1-999_1.jpg"" width=""365"" height=""60"" border=""0""><img src=""http://image.rakuten.co.jp/at-zakka/cabinet/sozai1/atotyotto1000-1999_1.jpg"" width=""365"" height=""60"" border=""0""></p><br>

<!-- 店長おすすめはこちら タイトル -->
<img src=""http://image.rakuten.co.jp/at-zakka/cabinet/sozai1/kyotusetumei1.jpg""><br>",ＮＳファーファ・ジャパン FAFA（ファーファ）　ファインフレグランス ミストボンコンジェ詰替(内容量：230ML) （4902135410661） 【2999円(税込)以上で送料無料】：日用品＆生活雑貨の店「カットコ」,ＮＳファーファ・ジャパン FAFA（ファーファ）　ファインフレグランス ミストボンコンジェ詰替(内容量：230ML) （4902135410661） 【2999円(税込)以上で送料無料】,　。ＮＳファーファ・ジャパン FAFA（ファーファ）　ファインフレグランス ミストボンコンジェ詰替(内容量：230ML) （4902135410661） 【2999円(税込)以上で送料無料】[rn]
38-44316,http://tshop.r10s.jp/at-zakka/cabinet/p/4987244135223.jpg?fitin=700:700,868.0000,,日用品雑貨・文房具・手芸 > 日用品・生活雑貨 > 洗剤・柔軟剤 > 洗濯用洗剤・柔軟剤 > 洗濯用洗剤,【 送料無料 】 和光堂　赤ちゃんの肌着洗い 詰替え用 (4987244135223),　,"商品名：和光堂　赤ちゃんの肌着洗い 詰替え用<br>内容量：600ml<br>ブランド：ＷＡＫＯＤＯ<br>原産国：日本<br><br>「赤ちゃんの肌着洗い」専用の詰替え用です。<br>「赤ちゃんの肌着洗い」専用の経済的で環境にやさしい詰替え用です。<br><br>JANコード：4987244135223<br><br><br>商品番号：101-92775<br><br><br><br>広告文責：アットライフ株式会社<br>TEL 079-280-2113<br>※商品パッケージは変更の場合あり。<br>メーカー欠品または完売の際、キャンセルをお願いすることがあります。ご了承ください。<style>
<!--

a:hover img {
-moz-opacity:0.7;
 opacity:0.7;
 filter:alpha(opacity=70);
}


#scrollUp{
border:none!important;
bottom:5px;
right:5px;
}
#scrollUp img{
display:none;
}
#scrollUp .nearCart{
background:url(http://image.rakuten.co.jp/at-zakka/cabinet/sozai1/cart_icon01.jpg) no-repeat 0 0;
}
#scrollUp,#scrollUp .nearCart{
width: 70px !important;
height: 73px !important;
}

-->
</style>
広告文責：アットライフ TEL：079-280-2113<br>
商品画像等は予告なく変わることがあります。<br>
また、メーカー欠品の場合はキャンセルのお願いをする場合がございます。ご了承ください。<br><br>

<!-- Webチラシ　　-->
<img src=""http://image.rakuten.co.jp/at-zakka/cabinet/tokusyupage/webtirasi.jpg"" width=""720"" height=""30"" style=""margin-bottom:5px""><br>
<img src=""http://image.rakuten.co.jp/at-zakka/cabinet/corner/tirashi_banner.jpg"" width=""720"" height=""120"" style=""margin-bottom:5px""><br><br>
<br>

<!-- Pickup! -->
<img src=""http://image.rakuten.co.jp/at-zakka/cabinet/pickup.jpg"" width=""720"" height=""30"" style=""margin-bottom:5px""><br>
<br><br>

<!-- レビューのお願い -->
<div align=""center""><img src=""http://image.rakuten.co.jp/at-zakka/cabinet/sozai1/review_onegai.jpg"" width=""600"" height=""700"" border=""0"" usemap=""#review_onegai""></div><map name=""review_onegai"" id=""review_onegai"">
  
  
</map><br><br>

<!-- 送料無料まであとちょっと -->
<p><img src=""http://image.rakuten.co.jp/at-zakka/cabinet/sozai1/atotyotto.jpg"" width=""730"" height=""80"" border=""0""><br>
<img src=""http://image.rakuten.co.jp/at-zakka/cabinet/sozai1/atotyotto1-999_1.jpg"" width=""365"" height=""60"" border=""0""><img src=""http://image.rakuten.co.jp/at-zakka/cabinet/sozai1/atotyotto1000-1999_1.jpg"" width=""365"" height=""60"" border=""0""></p><br>

<!-- 店長おすすめはこちら タイトル -->
<img src=""http://image.rakuten.co.jp/at-zakka/cabinet/sozai1/kyotusetumei1.jpg""><br>",【 送料無料 】 和光堂　赤ちゃんの肌着洗い 詰替え用 (4987244135223)：日用品＆生活雑貨の店「カットコ」,【 送料無料 】 和光堂　赤ちゃんの肌着洗い 詰替え用 (4987244135223),　。【 送料無料 】 和光堂　赤ちゃんの肌着洗い 詰替え用 (4987244135223)[rn]
38-44317,http://tshop.r10s.jp/at-zakka/cabinet/1069/4984090993182.jpg?fitin=700:700,882.4000,,日用品雑貨・文房具・手芸 > 日用品・生活雑貨 > 洗剤・柔軟剤 > 洗濯用洗剤・柔軟剤 > 洗濯用洗剤,【 送料無料 】 【日本漢方研究所】海のお洗濯・洗濯物の除菌・消臭　90g (4984090993182),,"【商品説明】<br>ホタテの貝殻のみを原料とし、特殊焼成した天然素材100％の除菌洗浄剤です。<br><br>1、安心な天然素材<br>ホタテの貝殻から生まれた天然素材100％の除菌・洗浄剤。だから安心・安全<br>2、残留農薬・ワックスの除去<br>塩素系洗剤にはできなかった残留農薬等の有害化学物質が除去できます。<br>3、食材の鮮度保持<br>食材の鮮度保持にすぐれ、日持ちがよくなります。<br>4、強力な除菌<br>強力な除菌効果で大腸菌等食中毒原因菌に効果的です。<br>5、環境配慮型商品<br>廃棄処理をしても河<br><br>商品サイズ：65×110×65<br><br>原材料・材質：ホタテ貝殻焼成カルシウム<br><br>ご使用上の注意等：本来の目的以外には使用しないで下さい。<br>本品は食品添加物ですが、食べ物ではありません<br>本品の性質上、空気にあたると効果が弱まります。必ず密閉した状態で高温多湿を避けて保存してください。<br>子供の手の届かないところに保管してください。<br>万が一、本品が目や喉の粘膜に付着した場合は多量の水で洗い流してください。異常を感じた場合は直ちに医師に相談してください。<br>混ぜるな危険と表記されている塩素系カビ除菌剤・漂白剤と同時に使用することはおやめください。<br>漬け置き洗いはしないでくださ<br><br>直射日光・高温多湿を避けて冷暗所に密閉した状態で保管してください。また、お子様の手の届かないところに保管してください。<br><br>原産国：日本<br><br>問い合わせ先：〒950-0948　新潟市中央区女池南２－１０－１３ 株式会社日本漢方研究所 ９：００～１７：３０（土日祝、年末年始、弊社休業日をのぞく）<br>商品区分：<br>JANコード：4984090993182<br><br><br><br>広告文責：アットライフ株式会社<br>TEL 079-280-2113<br>※商品パッケージは変更の場合あり。<br>メーカー欠品または完売の際、キャンセルをお願いすることがあります。ご了承ください。<style>
<!--

a:hover img {
-moz-opacity:0.7;
 opacity:0.7;
 filter:alpha(opacity=70);
}


#scrollUp{
border:none!important;
bottom:5px;
right:5px;
}
#scrollUp img{
display:none;
}
#scrollUp .nearCart{
background:url(http://image.rakuten.co.jp/at-zakka/cabinet/sozai1/cart_icon01.jpg) no-repeat 0 0;
}
#scrollUp,#scrollUp .nearCart{
width: 70px !important;
height: 73px !important;
}

-->
</style>
広告文責：アットライフ TEL：079-280-2113<br>
商品画像等は予告なく変わることがあります。<br>
また、メーカー欠品の場合はキャンセルのお願いをする場合がございます。ご了承ください。<br><br>

<!-- Webチラシ　　-->
<img src=""http://image.rakuten.co.jp/at-zakka/cabinet/tokusyupage/webtirasi.jpg"" width=""720"" height=""30"" style=""margin-bottom:5px""><br>
<img src=""http://image.rakuten.co.jp/at-zakka/cabinet/corner/tirashi_banner.jpg"" width=""720"" height=""120"" style=""margin-bottom:5px""><br><br>
<br>

<!-- Pickup! -->
<img src=""http://image.rakuten.co.jp/at-zakka/cabinet/pickup.jpg"" width=""720"" height=""30"" style=""margin-bottom:5px""><br>
<br><br>

<!-- レビューのお願い -->
<div align=""center""><img src=""http://image.rakuten.co.jp/at-zakka/cabinet/sozai1/review_onegai.jpg"" width=""600"" height=""700"" border=""0"" usemap=""#review_onegai""></div><map name=""review_onegai"" id=""review_onegai"">
  
  
</map><br><br>

<!-- 送料無料まであとちょっと -->
<p><img src=""http://image.rakuten.co.jp/at-zakka/cabinet/sozai1/atotyotto.jpg"" width=""730"" height=""80"" border=""0""><br>
<img src=""http://image.rakuten.co.jp/at-zakka/cabinet/sozai1/atotyotto1-999_1.jpg"" width=""365"" height=""60"" border=""0""><img src=""http://image.rakuten.co.jp/at-zakka/cabinet/sozai1/atotyotto1000-1999_1.jpg"" width=""365"" height=""60"" border=""0""></p><br>

<!-- 店長おすすめはこちら タイトル -->
<img src=""http://image.rakuten.co.jp/at-zakka/cabinet/sozai1/kyotusetumei1.jpg""><br>",【 送料無料 】 【日本漢方研究所】海のお洗濯・洗濯物の除菌・消臭　90g (4984090993182)：日用品＆生活雑貨の店「カットコ」,【 送料無料 】 【日本漢方研究所】海のお洗濯・洗濯物の除菌・消臭　90g (4984090993182),【 送料無料 】 【日本漢方研究所】海のお洗濯・洗濯物の除菌・消臭　90g (4984090993182)[rn]
38-44318,http://tshop.r10s.jp/at-zakka/cabinet/pp/9900000002251.jpg?fitin=700:700,2160.0000,,日用品雑貨・文房具・手芸 > 日用品・生活雑貨 > 洗剤・柔軟剤 > 洗濯用洗剤・柔軟剤 > 洗濯用洗剤,【 送料無料 】 ライオン　スーパーナノックス　本体 450ｇ＋詰め替え　超特大1300ｇ×２個セット(9900000002251) （9900000002251）,　,"商品名：<br>ライオン　スーパーナノックス　本体　450ｇ＋　詰め替え　超特大1300ｇ×2個セット<br><br>セット内容：<br>ライオン トップ スーパーNANOX 本体 450g ( 4903301241980 ) ×1<br>ライオン トップ スーパーNANOX 詰め替え用 超特大 1300g ( 4903301242062 ) ×2<br><br><br>人気のスーパーナノックスをセットにしました。<br><br><br><br>広告文責：アットライフ株式会社<br>TEL 079-280-2113<br>※商品パッケージは変更の場合あり。<br>メーカー欠品または完売の際、キャンセルをお願いすることがあります。ご了承ください。<style>
<!--

a:hover img {
-moz-opacity:0.7;
 opacity:0.7;
 filter:alpha(opacity=70);
}


#scrollUp{
border:none!important;
bottom:5px;
right:5px;
}
#scrollUp img{
display:none;
}
#scrollUp .nearCart{
background:url(http://image.rakuten.co.jp/at-zakka/cabinet/sozai1/cart_icon01.jpg) no-repeat 0 0;
}
#scrollUp,#scrollUp .nearCart{
width: 70px !important;
height: 73px !important;
}

-->
</style>
広告文責：アットライフ TEL：079-280-2113<br>
商品画像等は予告なく変わることがあります。<br>
また、メーカー欠品の場合はキャンセルのお願いをする場合がございます。ご了承ください。<br><br>

<!-- Webチラシ　　-->
<img src=""http://image.rakuten.co.jp/at-zakka/cabinet/tokusyupage/webtirasi.jpg"" width=""720"" height=""30"" style=""margin-bottom:5px""><br>
<img src=""http://image.rakuten.co.jp/at-zakka/cabinet/corner/tirashi_banner.jpg"" width=""720"" height=""120"" style=""margin-bottom:5px""><br><br>
<br>

<!-- Pickup! -->
<img src=""http://image.rakuten.co.jp/at-zakka/cabinet/pickup.jpg"" width=""720"" height=""30"" style=""margin-bottom:5px""><br>
<br><br>

<!-- レビューのお願い -->
<div align=""center""><img src=""http://image.rakuten.co.jp/at-zakka/cabinet/sozai1/review_onegai.jpg"" width=""600"" height=""700"" border=""0"" usemap=""#review_onegai""></div><map name=""review_onegai"" id=""review_onegai"">
  
  
</map><br><br>

<!-- 送料無料まであとちょっと -->
<p><img src=""http://image.rakuten.co.jp/at-zakka/cabinet/sozai1/atotyotto.jpg"" width=""730"" height=""80"" border=""0""><br>
<img src=""http://image.rakuten.co.jp/at-zakka/cabinet/sozai1/atotyotto1-999_1.jpg"" width=""365"" height=""60"" border=""0""><img src=""http://image.rakuten.co.jp/at-zakka/cabinet/sozai1/atotyotto1000-1999_1.jpg"" width=""365"" height=""60"" border=""0""></p><br>

<!-- 店長おすすめはこちら タイトル -->
<img src=""http://image.rakuten.co.jp/at-zakka/cabinet/sozai1/kyotusetumei1.jpg""><br>",【 送料無料 】 ライオン　スーパーナノックス　本体 450ｇ＋詰め替え　超特大1300ｇ&times;２個セット(9900000002251) （9900000002251）：日用品＆生活雑貨の店「カットコ」,【 送料無料 】 ライオン　スーパーナノックス　本体 450ｇ＋詰め替え　超特大1300ｇ&times;２個セット(9900000002251) （9900000002251）,　。【 送料無料 】 ライオン　スーパーナノックス　本体 450ｇ＋詰め替え　超特大1300ｇ&times;２個セット(9900000002251) （9900000002251）[rn]
38-44319,http://tshop.r10s.jp/at-zakka/cabinet/p/9900000002022.jpg?fitin=700:700,2592.0000,,日用品雑貨・文房具・手芸 > 日用品・生活雑貨 > 洗剤・柔軟剤 > 洗濯用洗剤・柔軟剤 > 洗濯用洗剤,【お得な４点セットで送料無料】善玉バイオ　浄 ジョー　JOE 1300ｇ×２個＋シャボン玉石けん 酸素系漂白剤 750g ×２個　洗濯のプロ御用達の最強洗剤セット(4580241600017　4901797100019),　,"<img src=""http://image.rakuten.co.jp/at-life/cabinet/p/joe1.jpg""><br><br><img src=""http://image.rakuten.co.jp/at-life/cabinet/p/joe2.jpg""><br><br><img src=""http://image.rakuten.co.jp/at-life/cabinet/p/joe3.jpg""><br><br><img src=""http://image.rakuten.co.jp/at-life/cabinet/p/joe4.jpg""><br>【商品説明】<br>「善玉バイオ洗剤 JOE 1.3kg」は、環境に配慮したエコ洗剤(衣類用)です。衣類の彩りを保ち気持ちの良い肌触りに少ない泡でドラム式洗濯機にもおすすめ。<br>・界面活性剤0.5%以下<br>・衣類の黄ばみ・黒ずみを防止<br>・洗剤量50%節約<br>・自然のパワー、善玉バイオ(R)配合<br><br>【用途】<br>綿・麻・合成繊維用<br><br>【使用量の目安】<br>※スプーン1杯で40g計量できます。<br><br><table border=""1"" >  <tbody>    <tr>      <td>洗濯物の重量</td>      <td>ドラム式水量</td>      <td>水流式水量</td>      <td>使用量</td>    </tr>    <tr>      <td>4-6kg</td>      <td>高水位</td>      <td>60L</td>      <td>20-30g(メモリ約3つ目)</td>    </tr>    <tr>      <td>2-4kg</td>      <td>中水位</td>      <td>45L</td>      <td>15-20g(メモリ約2つ目)</td>    </tr>    <tr>      <td>2kg以下</td>      <td>低水位</td>      <td>30L</td>      <td>10-15g(メモリ約1つ目半)</td>    </tr>    <tr>      <td>つけおき洗濯</td>      <td>-</td>      <td>5L</td>      <td>15g(メモリ約1つ目半)</td>    </tr>  </tbody></table><br>・使用後は容器のフタを閉じ、お子様の手の届かない場所に保管ください。<br>・荒れ性の方や洗剤をブラシにつけて洗う時は、炊事用の手袋を着用ください。<br>・用途以外には使用しないでください。<br>・目に入った時はこすらずに真水で洗い流してください。<br>・飲み込んだ時は、口をすすぎ、水を飲む等の処置をしてください。<br>・異常が残る場合には商品を持参して専門医に相談してください。<br><br>【ご注意】<br>((お洗濯前にご確認ください))<br>・この洗剤は界面活性剤成分0.5%以下のため、泡がほとんどたちません。<br>・使用量の目安に従って適量にてご使用ください。<br>・お洗濯の際、洗剤が1ヶ所に偏らないように投入してください。<br>・洗剤投入ケースに洗剤を入れる場合はケースが濡れていないことを確認してください。濡れていると溶け残りの原因になることがあります。<br>・衣類の取扱い表示に従って洗濯をしてください。<br>・色落ちの心配な衣類は、洗剤を濃い目に溶き、衣類の目立たない部分につけてしばらくおき、異常のある場合は使用しないでください。<br>・漂白剤を併用する場合、酸素系漂白剤をご使用ください。<br>・柔軟剤を使用する場合、柔軟剤を指定量よりも少なく調整してご使用ください。柔軟剤の使用過多は黒ずみの原因になることがあります。<br>・入浴剤の種類によっては、お風呂の残り湯でのお洗濯に適さないものがありますのでご注意ください。<br>・洗剤を水に溶かして保管すると洗浄性能が低下するのでおやめください。<br><br>【成分】<br>アルカリ剤(炭酸塩)・水軟化剤・分散剤・再汚染防止剤(カルボキシメチルセルロース)・酵素・漂白剤(酸素系)・善玉バイオ・植物性脂肪酸<br><br>【お問い合わせ先】<br>(株)エコプラッツ　072-980-6911<br><br>商品番号：101-15101<br>JANコード：4580241600017<br><br><br><br>広告文責：アットライフ株式会社<br>TEL 079-280-2113<br>※商品パッケージは変更の場合あり。<br>メーカー欠品または完売の際、キャンセルをお願いすることがあります。ご了承ください。<style>
<!--

a:hover img {
-moz-opacity:0.7;
 opacity:0.7;
 filter:alpha(opacity=70);
}


#scrollUp{
border:none!important;
bottom:5px;
right:5px;
}
#scrollUp img{
display:none;
}
#scrollUp .nearCart{
background:url(http://image.rakuten.co.jp/at-zakka/cabinet/sozai1/cart_icon01.jpg) no-repeat 0 0;
}
#scrollUp,#scrollUp .nearCart{
width: 70px !important;
height: 73px !important;
}

-->
</style>
広告文責：アットライフ TEL：079-280-2113<br>
商品画像等は予告なく変わることがあります。<br>
また、メーカー欠品の場合はキャンセルのお願いをする場合がございます。ご了承ください。<br><br>

<!-- Webチラシ　　-->
<img src=""http://image.rakuten.co.jp/at-zakka/cabinet/tokusyupage/webtirasi.jpg"" width=""720"" height=""30"" style=""margin-bottom:5px""><br>
<img src=""http://image.rakuten.co.jp/at-zakka/cabinet/corner/tirashi_banner.jpg"" width=""720"" height=""120"" style=""margin-bottom:5px""><br><br>
<br>

<!-- Pickup! -->
<img src=""http://image.rakuten.co.jp/at-zakka/cabinet/pickup.jpg"" width=""720"" height=""30"" style=""margin-bottom:5px""><br>
<br><br>

<!-- レビューのお願い -->
<div align=""center""><img src=""http://image.rakuten.co.jp/at-zakka/cabinet/sozai1/review_onegai.jpg"" width=""600"" height=""700"" border=""0"" usemap=""#review_onegai""></div><map name=""review_onegai"" id=""review_onegai"">
  
  
</map><br><br>

<!-- 送料無料まであとちょっと -->
<p><img src=""http://image.rakuten.co.jp/at-zakka/cabinet/sozai1/atotyotto.jpg"" width=""730"" height=""80"" border=""0""><br>
<img src=""http://image.rakuten.co.jp/at-zakka/cabinet/sozai1/atotyotto1-999_1.jpg"" width=""365"" height=""60"" border=""0""><img src=""http://image.rakuten.co.jp/at-zakka/cabinet/sozai1/atotyotto1000-1999_1.jpg"" width=""365"" height=""60"" border=""0""></p><br>

<!-- 店長おすすめはこちら タイトル -->
<img src=""http://image.rakuten.co.jp/at-zakka/cabinet/sozai1/kyotusetumei1.jpg""><br>",【お得な４点セットで送料無料】善玉バイオ　浄 ジョー　JOE 1300ｇ&times;２個＋シャボン玉石けん 酸素系漂白剤 750g &times;２個　洗濯のプロ御用達の最強洗剤セット(4580241600017　4901797100019)：日用品＆生活雑貨の店「カットコ」,【お得な４点セットで送料無料】善玉バイオ　浄 ジョー　JOE 1300ｇ&times;２個＋シャボン玉石けん 酸素系漂白剤 750g &times;２個　洗濯のプロ御用達の最強洗剤セット(4580241600017　4901797100019),　。【お得な４点セットで送料無料】善玉バイオ　浄 ジョー　JOE 1300ｇ&times;２個＋シャボン玉石けん 酸素系漂白剤 750g &times;２個　洗濯のプロ御用達の最強洗剤セット(4580241600017　4901797100019)[rn]
38-44320,http://tshop.r10s.jp/at-zakka/cabinet/0810/4903301241980.jpg?fitin=700:700,384.8000,,日用品雑貨・文房具・手芸 > 日用品・生活雑貨 > 洗剤・柔軟剤 > 洗濯用洗剤・柔軟剤 > 洗濯用洗剤,ライオン トップ　スーパーNANOX（ナノックス）　本体(内容量：450G) （4903301241980） 【2999円(税込)以上で送料無料】,　,"【商品説明】<br><br>使用方法用途など：<BR>●衣類の絵表示にしたがって洗濯してください。<BR>「水洗いはできない」の絵表示のある衣類には使用しないでください。<BR>※ウール・ドライマーク衣料には「アクロン」をおすすめします。<BR><BR>使用量の目安　水30Lに対して10g(10ml)<br>使用上の注意：<BR>使用上の注意<BR>●乳幼児の手の届くところに置かない。●用途外に使わない。●荒れ性の方や原液で使うときは、炊事用の手袋を使用する。●使用後は手を水でよく洗い、クリームなどで手入れをする。●洗濯機のフタなどのプラスチック部分や床に原液がついた時は、放置すると傷むことがあるのですぐに水で充分ふきとる。<br>原産国：日本<br>ブランド：トップ<BR>商品サイズ：84×166×73<br>JANコード：4903301241980<BR>cs：15<BR>商品カテゴリ： お洗濯・衣類・靴ケア ＞ 洗剤・柔軟剤・漂白剤 ＞ 衣料用洗剤 ＞ 液体タイプ　(200000)<br><br><br><br>広告文責：アットライフ株式会社<br>TEL 079-280-2113<br>※商品パッケージは変更の場合あり。<br>メーカー欠品または完売の際、キャンセルをお願いすることがあります。ご了承ください。<style>
<!--

a:hover img {
-moz-opacity:0.7;
 opacity:0.7;
 filter:alpha(opacity=70);
}


#scrollUp{
border:none!important;
bottom:5px;
right:5px;
}
#scrollUp img{
display:none;
}
#scrollUp .nearCart{
background:url(http://image.rakuten.co.jp/at-zakka/cabinet/sozai1/cart_icon01.jpg) no-repeat 0 0;
}
#scrollUp,#scrollUp .nearCart{
width: 70px !important;
height: 73px !important;
}

-->
</style>
広告文責：アットライフ TEL：079-280-2113<br>
商品画像等は予告なく変わることがあります。<br>
また、メーカー欠品の場合はキャンセルのお願いをする場合がございます。ご了承ください。<br><br>

<!-- Webチラシ　　-->
<img src=""http://image.rakuten.co.jp/at-zakka/cabinet/tokusyupage/webtirasi.jpg"" width=""720"" height=""30"" style=""margin-bottom:5px""><br>
<img src=""http://image.rakuten.co.jp/at-zakka/cabinet/corner/tirashi_banner.jpg"" width=""720"" height=""120"" style=""margin-bottom:5px""><br><br>
<br>

<!-- Pickup! -->
<img src=""http://image.rakuten.co.jp/at-zakka/cabinet/pickup.jpg"" width=""720"" height=""30"" style=""margin-bottom:5px""><br>
<br><br>

<!-- レビューのお願い -->
<div align=""center""><img src=""http://image.rakuten.co.jp/at-zakka/cabinet/sozai1/review_onegai.jpg"" width=""600"" height=""700"" border=""0"" usemap=""#review_onegai""></div><map name=""review_onegai"" id=""review_onegai"">
  
  
</map><br><br>

<!-- 送料無料まであとちょっと -->
<p><img src=""http://image.rakuten.co.jp/at-zakka/cabinet/sozai1/atotyotto.jpg"" width=""730"" height=""80"" border=""0""><br>
<img src=""http://image.rakuten.co.jp/at-zakka/cabinet/sozai1/atotyotto1-999_1.jpg"" width=""365"" height=""60"" border=""0""><img src=""http://image.rakuten.co.jp/at-zakka/cabinet/sozai1/atotyotto1000-1999_1.jpg"" width=""365"" height=""60"" border=""0""></p><br>

<!-- 店長おすすめはこちら タイトル -->
<img src=""http://image.rakuten.co.jp/at-zakka/cabinet/sozai1/kyotusetumei1.jpg""><br>",ライオン トップ　スーパーNANOX（ナノックス）　本体(内容量：450G) （4903301241980） 【2999円(税込)以上で送料無料】：日用品＆生活雑貨の店「カットコ」,ライオン トップ　スーパーNANOX（ナノックス）　本体(内容量：450G) （4903301241980） 【2999円(税込)以上で送料無料】,　。ライオン トップ　スーパーNANOX（ナノックス）　本体(内容量：450G) （4903301241980） 【2999円(税込)以上で送料無料】[rn]
38-44321,http://tshop.r10s.jp/at-zakka/cabinet/0810/4903301241997.jpg?fitin=700:700,305.6000,,日用品雑貨・文房具・手芸 > 日用品・生活雑貨 > 洗剤・柔軟剤 > 洗濯用洗剤・柔軟剤 > 洗濯用洗剤,ライオン トップ　スーパーNANOX（ナノックス）　詰め替え(内容量：360G) （4903301241997） 【2999円(税込)以上で送料無料】,　,"【商品説明】<br><br>使用方法用途など：<BR>●衣類の絵表示にしたがって洗濯してください。<BR>「水洗いはできない」の絵表示のある衣類には使用しないでください。<BR>※ウール・ドライマーク衣料には「アクロン」をおすすめします。<BR><BR>使用量の目安　水30Lに対して10g(10ml)<br>使用上の注意：<BR>使用上の注意<BR>●乳幼児の手の届くところに置かない。●用途外に使わない。●荒れ性の方や原液で使うときは、炊事用の手袋を使用する。●使用後は手を水でよく洗い、クリームなどで手入れをする。●洗濯機のフタなどのプラスチック部分や床に原液がついた時は、放置すると傷むことがあるのですぐに水で充分ふきとる。<br>原産国：日本<br>ブランド：トップ<BR>商品サイズ：84×166×73<br>JANコード：4903301241980<BR>cs：15<BR>商品カテゴリ： お洗濯・衣類・靴ケア ＞ 洗剤・柔軟剤・漂白剤 ＞ 衣料用洗剤 ＞ 液体タイプ　(200000)<br><br><br><br>広告文責：アットライフ株式会社<br>TEL 079-280-2113<br>※商品パッケージは変更の場合あり。<br>メーカー欠品または完売の際、キャンセルをお願いすることがあります。ご了承ください。<style>
<!--

a:hover img {
-moz-opacity:0.7;
 opacity:0.7;
 filter:alpha(opacity=70);
}


#scrollUp{
border:none!important;
bottom:5px;
right:5px;
}
#scrollUp img{
display:none;
}
#scrollUp .nearCart{
background:url(http://image.rakuten.co.jp/at-zakka/cabinet/sozai1/cart_icon01.jpg) no-repeat 0 0;
}
#scrollUp,#scrollUp .nearCart{
width: 70px !important;
height: 73px !important;
}

-->
</style>
広告文責：アットライフ TEL：079-280-2113<br>
商品画像等は予告なく変わることがあります。<br>
また、メーカー欠品の場合はキャンセルのお願いをする場合がございます。ご了承ください。<br><br>

<!-- Webチラシ　　-->
<img src=""http://image.rakuten.co.jp/at-zakka/cabinet/tokusyupage/webtirasi.jpg"" width=""720"" height=""30"" style=""margin-bottom:5px""><br>
<img src=""http://image.rakuten.co.jp/at-zakka/cabinet/corner/tirashi_banner.jpg"" width=""720"" height=""120"" style=""margin-bottom:5px""><br><br>
<br>

<!-- Pickup! -->
<img src=""http://image.rakuten.co.jp/at-zakka/cabinet/pickup.jpg"" width=""720"" height=""30"" style=""margin-bottom:5px""><br>
<br><br>

<!-- レビューのお願い -->
<div align=""center""><img src=""http://image.rakuten.co.jp/at-zakka/cabinet/sozai1/review_onegai.jpg"" width=""600"" height=""700"" border=""0"" usemap=""#review_onegai""></div><map name=""review_onegai"" id=""review_onegai"">
  
  
</map><br><br>

<!-- 送料無料まであとちょっと -->
<p><img src=""http://image.rakuten.co.jp/at-zakka/cabinet/sozai1/atotyotto.jpg"" width=""730"" height=""80"" border=""0""><br>
<img src=""http://image.rakuten.co.jp/at-zakka/cabinet/sozai1/atotyotto1-999_1.jpg"" width=""365"" height=""60"" border=""0""><img src=""http://image.rakuten.co.jp/at-zakka/cabinet/sozai1/atotyotto1000-1999_1.jpg"" width=""365"" height=""60"" border=""0""></p><br>

<!-- 店長おすすめはこちら タイトル -->
<img src=""http://image.rakuten.co.jp/at-zakka/cabinet/sozai1/kyotusetumei1.jpg""><br>",ライオン トップ　スーパーNANOX（ナノックス）　詰め替え(内容量：360G) （4903301241997） 【2999円(税込)以上で送料無料】：日用品＆生活雑貨の店「カットコ」,ライオン トップ　スーパーNANOX（ナノックス）　詰め替え(内容量：360G) （4903301241997） 【2999円(税込)以上で送料無料】,　。ライオン トップ　スーパーNANOX（ナノックス）　詰め替え(内容量：360G) （4903301241997） 【2999円(税込)以上で送料無料】[rn]
38-44322,http://tshop.r10s.jp/at-zakka/cabinet/0810/4903301242000.jpg?fitin=700:700,887.2000,,日用品雑貨・文房具・手芸 > 日用品・生活雑貨 > 洗剤・柔軟剤 > 洗濯用洗剤・柔軟剤 > 洗濯用洗剤,【 送料無料 】 ライオン トップ　ス-パ-NANOX(ナノックス)　詰め替え大型(内容量:660G) (4903301242000),　,"【商品説明】<br><br>使用方法用途など：<BR>●衣類の絵表示にしたがって洗濯してください。<BR>「水洗いはできない」の絵表示のある衣類には使用しないでください。<BR>※ウール・ドライマーク衣料には「アクロン」をおすすめします。<BR><BR>使用量の目安　水30Lに対して10g(10ml)<br>使用上の注意：<BR>使用上の注意<BR>●乳幼児の手の届くところに置かない。●用途外に使わない。●荒れ性の方や原液で使うときは、炊事用の手袋を使用する。●使用後は手を水でよく洗い、クリームなどで手入れをする。●洗濯機のフタなどのプラスチック部分や床に原液がついた時は、放置すると傷むことがあるのですぐに水で充分ふきとる。<br>原産国：日本<br>ブランド：トップ<BR>商品サイズ：84×166×73<br>JANコード：4903301241980<BR>cs：15<BR>商品カテゴリ： お洗濯・衣類・靴ケア ＞ 洗剤・柔軟剤・漂白剤 ＞ 衣料用洗剤 ＞ 液体タイプ　(200000)<br><br><br><br>広告文責：アットライフ株式会社<br>TEL 079-280-2113<br>※商品パッケージは変更の場合あり。<br>メーカー欠品または完売の際、キャンセルをお願いすることがあります。ご了承ください。<style>
<!--

a:hover img {
-moz-opacity:0.7;
 opacity:0.7;
 filter:alpha(opacity=70);
}


#scrollUp{
border:none!important;
bottom:5px;
right:5px;
}
#scrollUp img{
display:none;
}
#scrollUp .nearCart{
background:url(http://image.rakuten.co.jp/at-zakka/cabinet/sozai1/cart_icon01.jpg) no-repeat 0 0;
}
#scrollUp,#scrollUp .nearCart{
width: 70px !important;
height: 73px !important;
}

-->
</style>
広告文責：アットライフ TEL：079-280-2113<br>
商品画像等は予告なく変わることがあります。<br>
また、メーカー欠品の場合はキャンセルのお願いをする場合がございます。ご了承ください。<br><br>

<!-- Webチラシ　　-->
<img src=""http://image.rakuten.co.jp/at-zakka/cabinet/tokusyupage/webtirasi.jpg"" width=""720"" height=""30"" style=""margin-bottom:5px""><br>
<img src=""http://image.rakuten.co.jp/at-zakka/cabinet/corner/tirashi_banner.jpg"" width=""720"" height=""120"" style=""margin-bottom:5px""><br><br>
<br>

<!-- Pickup! -->
<img src=""http://image.rakuten.co.jp/at-zakka/cabinet/pickup.jpg"" width=""720"" height=""30"" style=""margin-bottom:5px""><br>
<br><br>

<!-- レビューのお願い -->
<div align=""center""><img src=""http://image.rakuten.co.jp/at-zakka/cabinet/sozai1/review_onegai.jpg"" width=""600"" height=""700"" border=""0"" usemap=""#review_onegai""></div><map name=""review_onegai"" id=""review_onegai"">
  
  
</map><br><br>

<!-- 送料無料まであとちょっと -->
<p><img src=""http://image.rakuten.co.jp/at-zakka/cabinet/sozai1/atotyotto.jpg"" width=""730"" height=""80"" border=""0""><br>
<img src=""http://image.rakuten.co.jp/at-zakka/cabinet/sozai1/atotyotto1-999_1.jpg"" width=""365"" height=""60"" border=""0""><img src=""http://image.rakuten.co.jp/at-zakka/cabinet/sozai1/atotyotto1000-1999_1.jpg"" width=""365"" height=""60"" border=""0""></p><br>

<!-- 店長おすすめはこちら タイトル -->
<img src=""http://image.rakuten.co.jp/at-zakka/cabinet/sozai1/kyotusetumei1.jpg""><br>",【 送料無料 】 ライオン トップ　ス-パ-NANOX(ナノックス)　詰め替え大型(内容量:660G) (4903301242000)：日用品＆生活雑貨の店「カットコ」,【 送料無料 】 ライオン トップ　ス-パ-NANOX(ナノックス)　詰め替え大型(内容量:660G) (4903301242000),　。【 送料無料 】 ライオン トップ　ス-パ-NANOX(ナノックス)　詰め替え大型(内容量:660G) (4903301242000)[rn]
38-44323,http://tshop.r10s.jp/at-zakka/cabinet/0810/4903301242031.jpg?fitin=700:700,1080.0000,,日用品雑貨・文房具・手芸 > 日用品・生活雑貨 > 洗剤・柔軟剤 > 洗濯用洗剤・柔軟剤 > 洗濯用洗剤,【 送料無料 】 ライオン トップ　ス-パ-NANOX(ナノックス)　詰め替え特大(内容量:950G) (4903301242031),　,"【商品説明】<br><br>使用方法用途など：<BR>●衣類の絵表示にしたがって洗濯してください。<BR>「水洗いはできない」の絵表示のある衣類には使用しないでください。<BR>※ウール・ドライマーク衣料には「アクロン」をおすすめします。<BR><BR>使用量の目安　水30Lに対して10g(10ml)<br>使用上の注意：<BR>使用上の注意<BR>●乳幼児の手の届くところに置かない。●用途外に使わない。●荒れ性の方や原液で使うときは、炊事用の手袋を使用する。●使用後は手を水でよく洗い、クリームなどで手入れをする。●洗濯機のフタなどのプラスチック部分や床に原液がついた時は、放置すると傷むことがあるのですぐに水で充分ふきとる。<br>原産国：日本<br>ブランド：トップ<BR>商品サイズ：84×166×73<br>JANコード：4903301241980<BR>cs：15<BR>商品カテゴリ： お洗濯・衣類・靴ケア ＞ 洗剤・柔軟剤・漂白剤 ＞ 衣料用洗剤 ＞ 液体タイプ　(200000)<br><br><br><br>広告文責：アットライフ株式会社<br>TEL 079-280-2113<br>※商品パッケージは変更の場合あり。<br>メーカー欠品または完売の際、キャンセルをお願いすることがあります。ご了承ください。<style>
<!--

a:hover img {
-moz-opacity:0.7;
 opacity:0.7;
 filter:alpha(opacity=70);
}


#scrollUp{
border:none!important;
bottom:5px;
right:5px;
}
#scrollUp img{
display:none;
}
#scrollUp .nearCart{
background:url(http://image.rakuten.co.jp/at-zakka/cabinet/sozai1/cart_icon01.jpg) no-repeat 0 0;
}
#scrollUp,#scrollUp .nearCart{
width: 70px !important;
height: 73px !important;
}

-->
</style>
広告文責：アットライフ TEL：079-280-2113<br>
商品画像等は予告なく変わることがあります。<br>
また、メーカー欠品の場合はキャンセルのお願いをする場合がございます。ご了承ください。<br><br>

<!-- Webチラシ　　-->
<img src=""http://image.rakuten.co.jp/at-zakka/cabinet/tokusyupage/webtirasi.jpg"" width=""720"" height=""30"" style=""margin-bottom:5px""><br>
<img src=""http://image.rakuten.co.jp/at-zakka/cabinet/corner/tirashi_banner.jpg"" width=""720"" height=""120"" style=""margin-bottom:5px""><br><br>
<br>

<!-- Pickup! -->
<img src=""http://image.rakuten.co.jp/at-zakka/cabinet/pickup.jpg"" width=""720"" height=""30"" style=""margin-bottom:5px""><br>
<br><br>

<!-- レビューのお願い -->
<div align=""center""><img src=""http://image.rakuten.co.jp/at-zakka/cabinet/sozai1/review_onegai.jpg"" width=""600"" height=""700"" border=""0"" usemap=""#review_onegai""></div><map name=""review_onegai"" id=""review_onegai"">
  
  
</map><br><br>

<!-- 送料無料まであとちょっと -->
<p><img src=""http://image.rakuten.co.jp/at-zakka/cabinet/sozai1/atotyotto.jpg"" width=""730"" height=""80"" border=""0""><br>
<img src=""http://image.rakuten.co.jp/at-zakka/cabinet/sozai1/atotyotto1-999_1.jpg"" width=""365"" height=""60"" border=""0""><img src=""http://image.rakuten.co.jp/at-zakka/cabinet/sozai1/atotyotto1000-1999_1.jpg"" width=""365"" height=""60"" border=""0""></p><br>

<!-- 店長おすすめはこちら タイトル -->
<img src=""http://image.rakuten.co.jp/at-zakka/cabinet/sozai1/kyotusetumei1.jpg""><br>",【 送料無料 】 ライオン トップ　ス-パ-NANOX(ナノックス)　詰め替え特大(内容量:950G) (4903301242031)：日用品＆生活雑貨の店「カットコ」,【 送料無料 】 ライオン トップ　ス-パ-NANOX(ナノックス)　詰め替え特大(内容量:950G) (4903301242031),　。【 送料無料 】 ライオン トップ　ス-パ-NANOX(ナノックス)　詰め替え特大(内容量:950G) (4903301242031)[rn]
38-44324,http://tshop.r10s.jp/at-zakka/cabinet/1009/4537130102176.jpg?fitin=700:700,345.6000,,日用品雑貨・文房具・手芸 > 日用品・生活雑貨 > 洗剤・柔軟剤 > 洗濯用洗剤・柔軟剤 > 洗濯用洗剤,ミヨシ石鹸 無添加お肌のための洗濯用液体せっけん　詰替スタンディングタイプ(内容量：1000ML) （4537130102176） 【2999円(税込)以上で送料無料】,　,"【商品説明】<br>スキンケア発想の洗濯用液体せっけん。香料・着色料・防腐剤など一切加えずお肌のことを考えました。繊維荒れにチクチクや、柔軟剤無しでも使える仕上がり感でお肌への負担を和らげます。<br>使用方法用途など：<BR>●使用量は減らさず守ってお使い下さい。●洗濯機の投入口から投入する場合、タイマー予約でのご使用はしないでください。時間がたつと液体せっけんが乾燥し、流れ出なくなることがあります。●汚れがひどい部分には直接原液をかけ、部分洗いを行うと効果的です。●汚れの程度に応じて使用量を増やすと効果的です。●白い石けんカスが衣類に付いたら、せっけんの使用量不足です。量を増やしてください。●洗濯機の取扱説明書をよく読んでお使いください。●「中性」表示があるもの、「水洗いできないもの」絵表示がある衣料品には使わないでください<br><br>成分：<BR>純石けん分（30％　脂肪酸カリウム）<br>使用上の注意：<BR>●用途以外に使わない。・子供の手が届くところに置かない。●手荒れのする方は炊事用手袋を使う。●入浴剤の入ったお風呂の残り湯は使用しない。洗濯物が染色されることがある。・原液を直接かけ長時間放置すると色落ちすることがある。●万一飲み込んだ場合は水を飲ませるなどの処置をする。●目に入った場合は、こすらずにすぐ流水でよく洗う。●異常がある場合は医師に相談する。<br>原産国：日本<br>ブランド：<BR>商品サイズ：××<br>JANコード：4537130102176<BR>cs：12<BR>商品カテゴリ： お洗濯・衣類・靴ケア　＞　洗剤・柔軟剤・漂白剤　＞　衣料用洗剤　＞　天然系・自然派　(200100)<br><br><br><br>広告文責：アットライフ株式会社<br>TEL 079-280-2113<br>※商品パッケージは変更の場合あり。<br>メーカー欠品または完売の際、キャンセルをお願いすることがあります。ご了承ください。<style>
<!--

a:hover img {
-moz-opacity:0.7;
 opacity:0.7;
 filter:alpha(opacity=70);
}


#scrollUp{
border:none!important;
bottom:5px;
right:5px;
}
#scrollUp img{
display:none;
}
#scrollUp .nearCart{
background:url(http://image.rakuten.co.jp/at-zakka/cabinet/sozai1/cart_icon01.jpg) no-repeat 0 0;
}
#scrollUp,#scrollUp .nearCart{
width: 70px !important;
height: 73px !important;
}

-->
</style>
広告文責：アットライフ TEL：079-280-2113<br>
商品画像等は予告なく変わることがあります。<br>
また、メーカー欠品の場合はキャンセルのお願いをする場合がございます。ご了承ください。<br><br>

<!-- Webチラシ　　-->
<img src=""http://image.rakuten.co.jp/at-zakka/cabinet/tokusyupage/webtirasi.jpg"" width=""720"" height=""30"" style=""margin-bottom:5px""><br>
<img src=""http://image.rakuten.co.jp/at-zakka/cabinet/corner/tirashi_banner.jpg"" width=""720"" height=""120"" style=""margin-bottom:5px""><br><br>
<br>

<!-- Pickup! -->
<img src=""http://image.rakuten.co.jp/at-zakka/cabinet/pickup.jpg"" width=""720"" height=""30"" style=""margin-bottom:5px""><br>
<br><br>

<!-- レビューのお願い -->
<div align=""center""><img src=""http://image.rakuten.co.jp/at-zakka/cabinet/sozai1/review_onegai.jpg"" width=""600"" height=""700"" border=""0"" usemap=""#review_onegai""></div><map name=""review_onegai"" id=""review_onegai"">
  
  
</map><br><br>

<!-- 送料無料まであとちょっと -->
<p><img src=""http://image.rakuten.co.jp/at-zakka/cabinet/sozai1/atotyotto.jpg"" width=""730"" height=""80"" border=""0""><br>
<img src=""http://image.rakuten.co.jp/at-zakka/cabinet/sozai1/atotyotto1-999_1.jpg"" width=""365"" height=""60"" border=""0""><img src=""http://image.rakuten.co.jp/at-zakka/cabinet/sozai1/atotyotto1000-1999_1.jpg"" width=""365"" height=""60"" border=""0""></p><br>

<!-- 店長おすすめはこちら タイトル -->
<img src=""http://image.rakuten.co.jp/at-zakka/cabinet/sozai1/kyotusetumei1.jpg""><br>",ミヨシ石鹸 無添加お肌のための洗濯用液体せっけん　詰替スタンディングタイプ(内容量：1000ML) （4537130102176） 【2999円(税込)以上で送料無料】：日用品＆生活雑貨の店「カットコ」,ミヨシ石鹸 無添加お肌のための洗濯用液体せっけん　詰替スタンディングタイプ(内容量：1000ML) （4537130102176） 【2999円(税込)以上で送料無料】,　。ミヨシ石鹸 無添加お肌のための洗濯用液体せっけん　詰替スタンディングタイプ(内容量：1000ML) （4537130102176） 【2999円(税込)以上で送料無料】[rn]
38-44325,http://tshop.r10s.jp/at-zakka/cabinet/s/4902430693561.jpg?fitin=700:700,908.8000,,日用品雑貨・文房具・手芸 > 日用品・生活雑貨 > 洗剤・柔軟剤 > 洗濯用洗剤・柔軟剤 > 洗濯用洗剤,【 送料無料 】 P&G さらさ　洗剤つめかえ用超特大サイズ(内容量:1350G) (4902430693561),　,"【商品説明】<br>新配合高活性オーガニック酵素で家族みんなの肌がよろこぶまっ白な仕上がり<br>原産国：日本<br>ブランド：サラサ<BR>商品サイズ：197×309×94<br>JANコード：4902430693561<BR>cs：6<BR>商品カテゴリ： お洗濯・衣類・靴ケア　＞　洗剤・柔軟剤・漂白剤　＞　衣料用洗剤　＞　液体タイプ　(200000)<br><br><br><br>広告文責：アットライフ株式会社<br>TEL 079-280-2113<br>※商品パッケージは変更の場合あり。<br>メーカー欠品または完売の際、キャンセルをお願いすることがあります。ご了承ください。<style>
<!--

a:hover img {
-moz-opacity:0.7;
 opacity:0.7;
 filter:alpha(opacity=70);
}


#scrollUp{
border:none!important;
bottom:5px;
right:5px;
}
#scrollUp img{
display:none;
}
#scrollUp .nearCart{
background:url(http://image.rakuten.co.jp/at-zakka/cabinet/sozai1/cart_icon01.jpg) no-repeat 0 0;
}
#scrollUp,#scrollUp .nearCart{
width: 70px !important;
height: 73px !important;
}

-->
</style>
広告文責：アットライフ TEL：079-280-2113<br>
商品画像等は予告なく変わることがあります。<br>
また、メーカー欠品の場合はキャンセルのお願いをする場合がございます。ご了承ください。<br><br>

<!-- Webチラシ　　-->
<img src=""http://image.rakuten.co.jp/at-zakka/cabinet/tokusyupage/webtirasi.jpg"" width=""720"" height=""30"" style=""margin-bottom:5px""><br>
<img src=""http://image.rakuten.co.jp/at-zakka/cabinet/corner/tirashi_banner.jpg"" width=""720"" height=""120"" style=""margin-bottom:5px""><br><br>
<br>

<!-- Pickup! -->
<img src=""http://image.rakuten.co.jp/at-zakka/cabinet/pickup.jpg"" width=""720"" height=""30"" style=""margin-bottom:5px""><br>
<br><br>

<!-- レビューのお願い -->
<div align=""center""><img src=""http://image.rakuten.co.jp/at-zakka/cabinet/sozai1/review_onegai.jpg"" width=""600"" height=""700"" border=""0"" usemap=""#review_onegai""></div><map name=""review_onegai"" id=""review_onegai"">
  
  
</map><br><br>

<!-- 送料無料まであとちょっと -->
<p><img src=""http://image.rakuten.co.jp/at-zakka/cabinet/sozai1/atotyotto.jpg"" width=""730"" height=""80"" border=""0""><br>
<img src=""http://image.rakuten.co.jp/at-zakka/cabinet/sozai1/atotyotto1-999_1.jpg"" width=""365"" height=""60"" border=""0""><img src=""http://image.rakuten.co.jp/at-zakka/cabinet/sozai1/atotyotto1000-1999_1.jpg"" width=""365"" height=""60"" border=""0""></p><br>

<!-- 店長おすすめはこちら タイトル -->
<img src=""http://image.rakuten.co.jp/at-zakka/cabinet/sozai1/kyotusetumei1.jpg""><br>",【 送料無料 】 P&amp;G さらさ　洗剤つめかえ用超特大サイズ(内容量:1350G) (4902430693561)：日用品＆生活雑貨の店「カットコ」,【 送料無料 】 P&amp;G さらさ　洗剤つめかえ用超特大サイズ(内容量:1350G) (4902430693561),　。【 送料無料 】 P&amp;G さらさ　洗剤つめかえ用超特大サイズ(内容量:1350G) (4902430693561)[rn]
38-44326,http://tshop.r10s.jp/at-zakka/cabinet/s/4902430675802.jpg?fitin=700:700,856.8000,,日用品雑貨・文房具・手芸 > 日用品・生活雑貨 > 洗剤・柔軟剤 > 洗濯用洗剤・柔軟剤 > 洗濯用洗剤,【 送料無料 】 【P&G】Bold(ボ-ルド)　ド香りのサプリインジェルプラチナフロ-ラル&サボンの香り　つめかえ用　超特大サイズ(内容量:1260G) 　 (4902430675802),　,"【商品説明】<br>新香調「プラチナフローラル」。既存のフレッシュ系の香りに加え、より甘いフローラル系の品揃え！もちろん「天気で香りが変わる」テクノロジーも採用しています！<br>原産国：日本<br>ブランド：ボールド<BR>商品サイズ：197×272×94<br>JANコード：4902430675802<BR>cs：6<BR>商品カテゴリ： お洗濯・衣類・靴ケア ＞ 洗剤・柔軟剤・漂白剤 ＞ 衣料用洗剤 ＞ 液体タイプ　(200000)<br><br><br><br>広告文責：アットライフ株式会社<br>TEL 079-280-2113<br>※商品パッケージは変更の場合あり。<br>メーカー欠品または完売の際、キャンセルをお願いすることがあります。ご了承ください。<style>
<!--

a:hover img {
-moz-opacity:0.7;
 opacity:0.7;
 filter:alpha(opacity=70);
}


#scrollUp{
border:none!important;
bottom:5px;
right:5px;
}
#scrollUp img{
display:none;
}
#scrollUp .nearCart{
background:url(http://image.rakuten.co.jp/at-zakka/cabinet/sozai1/cart_icon01.jpg) no-repeat 0 0;
}
#scrollUp,#scrollUp .nearCart{
width: 70px !important;
height: 73px !important;
}

-->
</style>
広告文責：アットライフ TEL：079-280-2113<br>
商品画像等は予告なく変わることがあります。<br>
また、メーカー欠品の場合はキャンセルのお願いをする場合がございます。ご了承ください。<br><br>

<!-- Webチラシ　　-->
<img src=""http://image.rakuten.co.jp/at-zakka/cabinet/tokusyupage/webtirasi.jpg"" width=""720"" height=""30"" style=""margin-bottom:5px""><br>
<img src=""http://image.rakuten.co.jp/at-zakka/cabinet/corner/tirashi_banner.jpg"" width=""720"" height=""120"" style=""margin-bottom:5px""><br><br>
<br>

<!-- Pickup! -->
<img src=""http://image.rakuten.co.jp/at-zakka/cabinet/pickup.jpg"" width=""720"" height=""30"" style=""margin-bottom:5px""><br>
<br><br>

<!-- レビューのお願い -->
<div align=""center""><img src=""http://image.rakuten.co.jp/at-zakka/cabinet/sozai1/review_onegai.jpg"" width=""600"" height=""700"" border=""0"" usemap=""#review_onegai""></div><map name=""review_onegai"" id=""review_onegai"">
  
  
</map><br><br>

<!-- 送料無料まであとちょっと -->
<p><img src=""http://image.rakuten.co.jp/at-zakka/cabinet/sozai1/atotyotto.jpg"" width=""730"" height=""80"" border=""0""><br>
<img src=""http://image.rakuten.co.jp/at-zakka/cabinet/sozai1/atotyotto1-999_1.jpg"" width=""365"" height=""60"" border=""0""><img src=""http://image.rakuten.co.jp/at-zakka/cabinet/sozai1/atotyotto1000-1999_1.jpg"" width=""365"" height=""60"" border=""0""></p><br>

<!-- 店長おすすめはこちら タイトル -->
<img src=""http://image.rakuten.co.jp/at-zakka/cabinet/sozai1/kyotusetumei1.jpg""><br>",【 送料無料 】 【P&amp;G】Bold(ボ-ルド)　ド香りのサプリインジェルプラチナフロ-ラル&amp;サボンの香り　つめかえ用　超特大サイズ(内容量:1260G) 　 (4902430675802)：日用品＆生活雑貨の店「カットコ」,【 送料無料 】 【P&amp;G】Bold(ボ-ルド)　ド香りのサプリインジェルプラチナフロ-ラル&amp;サボンの香り　つめかえ用　超特大サイズ(内容量:1260G) 　 (4902430675802),　。【 送料無料 】 【P&amp;G】Bold(ボ-ルド)　ド香りのサプリインジェルプラチナフロ-ラル&amp;サボンの香り　つめかえ用　超特大サイズ(内容量:1260G) 　 (4902430675802)[rn]
38-44327,http://tshop.r10s.jp/at-zakka/cabinet/gg/4902430737715.jpg?fitin=700:700,289.6000,,日用品雑貨・文房具・手芸 > 日用品・生活雑貨 > 洗剤・柔軟剤 > 洗濯用洗剤・柔軟剤 > 洗濯用洗剤,欠品 アリエール イオンパワージェルサイエンスプラス　つめかえ 増量品 (4902430737715) 【2999円(税込)以上で送料無料】,,"商品名：アリエール イオンパワージェルサイエンスプラス　つめかえ 増量品<br>内容量：850g<br>ブランド：アリエール<br>原産国：日本<br><br>新イオンパワージェルは洗濯槽のカビまで防ぐ！！<br>新アリエールイオンパワージェルは、消臭力をさらにアップ。５０倍抗菌の抗菌力で、洗濯槽からの移り菌も防いで徹底防臭。洗濯槽のカビまで防ぐことができます。<br><br>JANコード：4902430737715<br><br><br>商品番号：101-15615<br><br><br><br>区分： 洗剤・柔軟剤 <br><br><br><br>広告文責：アットライフ株式会社<BR>TEL 079-280-2113<BR>※商品パッケージは変更の場合あり。<BR>メーカー欠品または完売の際、キャンセルをお願いすることがあります。ご了承ください。<style>
<!--

a:hover img {
-moz-opacity:0.7;
 opacity:0.7;
 filter:alpha(opacity=70);
}


#scrollUp{
border:none!important;
bottom:5px;
right:5px;
}
#scrollUp img{
display:none;
}
#scrollUp .nearCart{
background:url(http://image.rakuten.co.jp/at-zakka/cabinet/sozai1/cart_icon01.jpg) no-repeat 0 0;
}
#scrollUp,#scrollUp .nearCart{
width: 70px !important;
height: 73px !important;
}

-->
</style>
広告文責：アットライフ TEL：079-280-2113<br>
商品画像等は予告なく変わることがあります。<br>
また、メーカー欠品の場合はキャンセルのお願いをする場合がございます。ご了承ください。<br><br>

<!-- Webチラシ　　-->
<img src=""http://image.rakuten.co.jp/at-zakka/cabinet/tokusyupage/webtirasi.jpg"" width=""720"" height=""30"" style=""margin-bottom:5px""><br>
<img src=""http://image.rakuten.co.jp/at-zakka/cabinet/corner/tirashi_banner.jpg"" width=""720"" height=""120"" style=""margin-bottom:5px""><br><br>
<br>

<!-- Pickup! -->
<img src=""http://image.rakuten.co.jp/at-zakka/cabinet/pickup.jpg"" width=""720"" height=""30"" style=""margin-bottom:5px""><br>
<br><br>

<!-- レビューのお願い -->
<div align=""center""><img src=""http://image.rakuten.co.jp/at-zakka/cabinet/sozai1/review_onegai.jpg"" width=""600"" height=""700"" border=""0"" usemap=""#review_onegai""></div><map name=""review_onegai"" id=""review_onegai"">
  
  
</map><br><br>

<!-- 送料無料まであとちょっと -->
<p><img src=""http://image.rakuten.co.jp/at-zakka/cabinet/sozai1/atotyotto.jpg"" width=""730"" height=""80"" border=""0""><br>
<img src=""http://image.rakuten.co.jp/at-zakka/cabinet/sozai1/atotyotto1-999_1.jpg"" width=""365"" height=""60"" border=""0""><img src=""http://image.rakuten.co.jp/at-zakka/cabinet/sozai1/atotyotto1000-1999_1.jpg"" width=""365"" height=""60"" border=""0""></p><br>

<!-- 店長おすすめはこちら タイトル -->
<img src=""http://image.rakuten.co.jp/at-zakka/cabinet/sozai1/kyotusetumei1.jpg""><br>",欠品 アリエール イオンパワージェルサイエンスプラス　つめかえ 増量品 (4902430737715) 【2999円(税込)以上で送料無料】：日用品＆生活雑貨の店「カットコ」,欠品 アリエール イオンパワージェルサイエンスプラス　つめかえ 増量品 (4902430737715) 【2999円(税込)以上で送料無料】,欠品 アリエール イオンパワージェルサイエンスプラス　つめかえ 増量品 (4902430737715) 【2999円(税込)以上で送料無料】[rn]
38-44328,http://tshop.r10s.jp/at-zakka/cabinet/aa/4903301248361.jpg?fitin=700:700,864.0000,,日用品雑貨・文房具・手芸 > 日用品・生活雑貨 > 洗剤・柔軟剤 > 洗濯用洗剤・柔軟剤 > 洗濯用洗剤,【 送料無料 】 LION トップ　HYGIA (ハイジア)　つめかえ用大 　660g (4903301248361),　,"商品名：LION トップ　ＨＹＧＩＡ （ハイジア）　つめかえ用大 　６６０ｇ<br>内容量：660g<br>ブランド：トップ<br>原産国：日本<br><br>たっぷり使える大容量タイプのつめかえ用です。<br>注ぎやすい保管に便利なキャップ付。トップＨＹＧＩＡからたっぷり使えるつめかえ用大容量タイプ。特長１　たっぷり使えてまとめ買いに便利な大容量タイプ。⇒通常のつめかえ用（３６０ｇ）に対して、約１．８倍の６６０ｇ入り。特長２　保管に便利なキャップ付⇒一度開封しても封を閉めて保管できます。特長３　注ぎやすい、ストロー状キャップ⇒本体へスムーズな詰替えができます。<br>成分：必ずご使用前に表示をお読みくださいすすぎ1回OK●洗濯機の設定に｢ためすすぎ｣と｢注水すすぎ｣がある場合は｢ためすすぎ」を選んでください。●柔軟剤・衣料用漂白剤もいつもどおり使えます。ボトルへのつめかえ方(つめかえ時、液があふれないようご注意ください)○必ずトップHYGIA(ハイジア)のボトルにつめかえてください。○ボトル側面の｢つめかえライン｣まで液面が下がったら、つめかえてください。○他の洗剤と混ぜると、液が濁ったり、固まることがあります。キャップを開ける注ぎ<br>使用方法：界面活性剤(50％ ポリオキシエチレン脂肪酸メチルエステル、直鎖アルキルベンゼンスルホン酸塩)、安定化剤、消泡剤、pH調整剤、酵素<br><br>JANコード：4903301248361<br><br><br>商品番号：101-01144<br><br><br><br>区分： 洗剤・柔軟剤 <br><br><br><br>広告文責：アットライフ株式会社<br>TEL 079-280-2113<br>※商品パッケージは変更の場合あり。<br>メーカー欠品または完売の際、キャンセルをお願いすることがあります。ご了承ください。<style>
<!--

a:hover img {
-moz-opacity:0.7;
 opacity:0.7;
 filter:alpha(opacity=70);
}


#scrollUp{
border:none!important;
bottom:5px;
right:5px;
}
#scrollUp img{
display:none;
}
#scrollUp .nearCart{
background:url(http://image.rakuten.co.jp/at-zakka/cabinet/sozai1/cart_icon01.jpg) no-repeat 0 0;
}
#scrollUp,#scrollUp .nearCart{
width: 70px !important;
height: 73px !important;
}

-->
</style>
広告文責：アットライフ TEL：079-280-2113<br>
商品画像等は予告なく変わることがあります。<br>
また、メーカー欠品の場合はキャンセルのお願いをする場合がございます。ご了承ください。<br><br>

<!-- Webチラシ　　-->
<img src=""http://image.rakuten.co.jp/at-zakka/cabinet/tokusyupage/webtirasi.jpg"" width=""720"" height=""30"" style=""margin-bottom:5px""><br>
<img src=""http://image.rakuten.co.jp/at-zakka/cabinet/corner/tirashi_banner.jpg"" width=""720"" height=""120"" style=""margin-bottom:5px""><br><br>
<br>

<!-- Pickup! -->
<img src=""http://image.rakuten.co.jp/at-zakka/cabinet/pickup.jpg"" width=""720"" height=""30"" style=""margin-bottom:5px""><br>
<br><br>

<!-- レビューのお願い -->
<div align=""center""><img src=""http://image.rakuten.co.jp/at-zakka/cabinet/sozai1/review_onegai.jpg"" width=""600"" height=""700"" border=""0"" usemap=""#review_onegai""></div><map name=""review_onegai"" id=""review_onegai"">
  
  
</map><br><br>

<!-- 送料無料まであとちょっと -->
<p><img src=""http://image.rakuten.co.jp/at-zakka/cabinet/sozai1/atotyotto.jpg"" width=""730"" height=""80"" border=""0""><br>
<img src=""http://image.rakuten.co.jp/at-zakka/cabinet/sozai1/atotyotto1-999_1.jpg"" width=""365"" height=""60"" border=""0""><img src=""http://image.rakuten.co.jp/at-zakka/cabinet/sozai1/atotyotto1000-1999_1.jpg"" width=""365"" height=""60"" border=""0""></p><br>

<!-- 店長おすすめはこちら タイトル -->
<img src=""http://image.rakuten.co.jp/at-zakka/cabinet/sozai1/kyotusetumei1.jpg""><br>",【 送料無料 】 LION トップ　HYGIA (ハイジア)　つめかえ用大 　660g (4903301248361)：日用品＆生活雑貨の店「カットコ」,【 送料無料 】 LION トップ　HYGIA (ハイジア)　つめかえ用大 　660g (4903301248361),　。【 送料無料 】 LION トップ　HYGIA (ハイジア)　つめかえ用大 　660g (4903301248361)[rn]
38-44329,http://tshop.r10s.jp/at-zakka/cabinet/k/4903301254775.jpg?fitin=700:700,240.0000,,日用品雑貨・文房具・手芸 > 日用品・生活雑貨 > 洗剤・柔軟剤 > 洗濯用洗剤・柔軟剤 > 洗濯用洗剤,ライオン 部屋干しトップ 除菌ＥＸ　900g （衣類用洗濯洗剤　粉末）(4903301254775) 【2999円(税込)以上で送料無料】,,"ブランド：トップ<br>原産国：日本<br><br>高い除菌力と除臭効果で生乾きのイヤな臭いを防ぐ。<br>いつものお洗濯で汚れ・菌・ウイルスまで落とし、部屋干し時の生乾きのイヤなニオイを防ぐ。ダブル除菌成分と、汚れと菌に働くダブル分解酵素、除臭成分の力で、部屋に干す時に気になる「生乾きのイヤなニオイ」を防ぐのはもちろん、使うとき湿るとでてくる、タオルなどの「もどり生乾き臭」を防ぐ。さらに布製品に付着するウイルスまで落とし、衛生・快適に洗いあげる衣料用粉末洗剤。すっきりとしたシトラスフルーティの香り。<br>使用方法：お洗濯方法\n１衣類の絵表示を確認\n　洗える衣類　綿、麻、合成繊維\n　洗えない衣類　弱30中性、手洗イ30中性、中性表示のもの(毛・絹など)、水洗いできないもの\n２色落ちが心配な衣類は、色落ちを確認\n　●濃いめの洗剤液(少量の水で溶く)を目立たない所につけて5分おく→変色や色落ちをしたら洗えません。\n３洗剤と衣類を洗濯機に入れる\n　●洗剤を衣類に直接ふりかけない。(溶け残り・蛍光ムラ・退色の原因になる)\n　●洗剤が1ヶ所にかたよらないよう、注水のタイミングや洗剤投入ケース等を上手に利用し、洗<br><br>JANコード：4903301254775<br><br><br>商品番号：101-00978<br><br><br><br>区分： 洗剤・柔軟剤 <br><br><br><br>広告文責：アットライフ株式会社<br>TEL 079-280-2113<br>※商品パッケージは変更の場合あり。<br>メーカー欠品または完売の際、キャンセルをお願いすることがあります。ご了承ください。<style>
<!--

a:hover img {
-moz-opacity:0.7;
 opacity:0.7;
 filter:alpha(opacity=70);
}


#scrollUp{
border:none!important;
bottom:5px;
right:5px;
}
#scrollUp img{
display:none;
}
#scrollUp .nearCart{
background:url(http://image.rakuten.co.jp/at-zakka/cabinet/sozai1/cart_icon01.jpg) no-repeat 0 0;
}
#scrollUp,#scrollUp .nearCart{
width: 70px !important;
height: 73px !important;
}

-->
</style>
広告文責：アットライフ TEL：079-280-2113<br>
商品画像等は予告なく変わることがあります。<br>
また、メーカー欠品の場合はキャンセルのお願いをする場合がございます。ご了承ください。<br><br>

<!-- Webチラシ　　-->
<img src=""http://image.rakuten.co.jp/at-zakka/cabinet/tokusyupage/webtirasi.jpg"" width=""720"" height=""30"" style=""margin-bottom:5px""><br>
<img src=""http://image.rakuten.co.jp/at-zakka/cabinet/corner/tirashi_banner.jpg"" width=""720"" height=""120"" style=""margin-bottom:5px""><br><br>
<br>

<!-- Pickup! -->
<img src=""http://image.rakuten.co.jp/at-zakka/cabinet/pickup.jpg"" width=""720"" height=""30"" style=""margin-bottom:5px""><br>
<br><br>

<!-- レビューのお願い -->
<div align=""center""><img src=""http://image.rakuten.co.jp/at-zakka/cabinet/sozai1/review_onegai.jpg"" width=""600"" height=""700"" border=""0"" usemap=""#review_onegai""></div><map name=""review_onegai"" id=""review_onegai"">
  
  
</map><br><br>

<!-- 送料無料まであとちょっと -->
<p><img src=""http://image.rakuten.co.jp/at-zakka/cabinet/sozai1/atotyotto.jpg"" width=""730"" height=""80"" border=""0""><br>
<img src=""http://image.rakuten.co.jp/at-zakka/cabinet/sozai1/atotyotto1-999_1.jpg"" width=""365"" height=""60"" border=""0""><img src=""http://image.rakuten.co.jp/at-zakka/cabinet/sozai1/atotyotto1000-1999_1.jpg"" width=""365"" height=""60"" border=""0""></p><br>

<!-- 店長おすすめはこちら タイトル -->
<img src=""http://image.rakuten.co.jp/at-zakka/cabinet/sozai1/kyotusetumei1.jpg""><br>",ライオン 部屋干しトップ 除菌ＥＸ　900g （衣類用洗濯洗剤　粉末）(4903301254775) 【2999円(税込)以上で送料無料】：日用品＆生活雑貨の店「カットコ」,ライオン 部屋干しトップ 除菌ＥＸ　900g （衣類用洗濯洗剤　粉末）(4903301254775) 【2999円(税込)以上で送料無料】,ライオン 部屋干しトップ 除菌ＥＸ　900g （衣類用洗濯洗剤　粉末）(4903301254775) 【2999円(税込)以上で送料無料】[rn]
38-44330,http://tshop.r10s.jp/at-zakka/cabinet/aa/4903301248347.jpg?fitin=700:700,300.8000,,日用品雑貨・文房具・手芸 > 日用品・生活雑貨 > 洗剤・柔軟剤 > 洗濯用洗剤・柔軟剤 > 洗濯用洗剤,LION トップ　ＨＹＧＩＡ（ハイジア）　つめかえ用　３６０ｇ (4903301248347) 【2999円(税込)以上で送料無料】,　,"商品名：LION トップ　ＨＹＧＩＡ（ハイジア）　つめかえ用　３６０ｇ<br>内容量：360g<br>ブランド：トップ<br>原産国：日本<br><br>抗菌バリアで衣類を菌から守る<br>洗うたび、衣類の抗菌力が高まり、菌の増殖やニオイの発生を防ぐ、予防発想のお洗濯を提案する超コンパクト液体洗剤。洗濯槽の菌が作るバイオフィルムの分解・除去、発生予防。洗たく中の菌・カビ移りも抑える。１００％天然ハーブ　ティーツリーオイル配合。ミンティーグリーンの香り。超コンパクトタイプ。すすぎは１回でＯＫ<br>成分：必ずご使用前に表示をお読みくださいすすぎ1回OK●洗濯機の設定に｢ためすすぎ｣と｢注水すすぎ｣がある場合は｢ためすすぎ」を選んでください。●柔軟剤・衣料用漂白剤もいつもどおり使えます。ボトルへのつめかえ方○必ずトップHYGIA(ハイジア)のボトルにつめかえてください。○ボトル側面の｢つめかえライン｣まで液面が下がったら、つめかえてください。○他の洗剤と混ぜると、液が濁ったり、固まることがあります。パックを切る注ぎ口部分をしっかり持ち、矢印の方向に引いて切ってくださ<br>使用方法：界面活性剤(50％ ポリオキシエチレン脂肪酸メチルエステル、直鎖アルキルベンゼンスルホン酸塩)、安定化剤、消泡剤、pH調整剤、酵素<br><br>JANコード：4903301248347<br><br><br>商品番号：101-01143<br><br><br><br>区分： 洗剤・柔軟剤 <br><br><br><br>広告文責：アットライフ株式会社<br>TEL 079-280-2113<br>※商品パッケージは変更の場合あり。<br>メーカー欠品または完売の際、キャンセルをお願いすることがあります。ご了承ください。<style>
<!--

a:hover img {
-moz-opacity:0.7;
 opacity:0.7;
 filter:alpha(opacity=70);
}


#scrollUp{
border:none!important;
bottom:5px;
right:5px;
}
#scrollUp img{
display:none;
}
#scrollUp .nearCart{
background:url(http://image.rakuten.co.jp/at-zakka/cabinet/sozai1/cart_icon01.jpg) no-repeat 0 0;
}
#scrollUp,#scrollUp .nearCart{
width: 70px !important;
height: 73px !important;
}

-->
</style>
広告文責：アットライフ TEL：079-280-2113<br>
商品画像等は予告なく変わることがあります。<br>
また、メーカー欠品の場合はキャンセルのお願いをする場合がございます。ご了承ください。<br><br>

<!-- Webチラシ　　-->
<img src=""http://image.rakuten.co.jp/at-zakka/cabinet/tokusyupage/webtirasi.jpg"" width=""720"" height=""30"" style=""margin-bottom:5px""><br>
<img src=""http://image.rakuten.co.jp/at-zakka/cabinet/corner/tirashi_banner.jpg"" width=""720"" height=""120"" style=""margin-bottom:5px""><br><br>
<br>

<!-- Pickup! -->
<img src=""http://image.rakuten.co.jp/at-zakka/cabinet/pickup.jpg"" width=""720"" height=""30"" style=""margin-bottom:5px""><br>
<br><br>

<!-- レビューのお願い -->
<div align=""center""><img src=""http://image.rakuten.co.jp/at-zakka/cabinet/sozai1/review_onegai.jpg"" width=""600"" height=""700"" border=""0"" usemap=""#review_onegai""></div><map name=""review_onegai"" id=""review_onegai"">
  
  
</map><br><br>

<!-- 送料無料まであとちょっと -->
<p><img src=""http://image.rakuten.co.jp/at-zakka/cabinet/sozai1/atotyotto.jpg"" width=""730"" height=""80"" border=""0""><br>
<img src=""http://image.rakuten.co.jp/at-zakka/cabinet/sozai1/atotyotto1-999_1.jpg"" width=""365"" height=""60"" border=""0""><img src=""http://image.rakuten.co.jp/at-zakka/cabinet/sozai1/atotyotto1000-1999_1.jpg"" width=""365"" height=""60"" border=""0""></p><br>

<!-- 店長おすすめはこちら タイトル -->
<img src=""http://image.rakuten.co.jp/at-zakka/cabinet/sozai1/kyotusetumei1.jpg""><br>",LION トップ　ＨＹＧＩＡ（ハイジア）　つめかえ用　３６０ｇ (4903301248347) 【2999円(税込)以上で送料無料】：日用品＆生活雑貨の店「カットコ」,LION トップ　ＨＹＧＩＡ（ハイジア）　つめかえ用　３６０ｇ (4903301248347) 【2999円(税込)以上で送料無料】,　。LION トップ　ＨＹＧＩＡ（ハイジア）　つめかえ用　３６０ｇ (4903301248347) 【2999円(税込)以上で送料無料】[rn]
38-44331,http://tshop.r10s.jp/at-zakka/cabinet/aa/4903301253884.jpg?fitin=700:700,864.0000,,日用品雑貨・文房具・手芸 > 日用品・生活雑貨 > 洗剤・柔軟剤 > 洗濯用洗剤・柔軟剤 > 洗濯用洗剤,【 送料無料 】 LION トップ　HYGIA (ハイジア)　本体大　660g (4903301253884),　,"商品名：LION トップ　ＨＹＧＩＡ （ハイジア）　本体大　６６０ｇ<br>内容量：660g<br>ブランド：トップ<br>原産国：日本<br><br>抗菌バリアで衣類を菌から守る<br>洗うたび、衣類の抗菌力が高まり、菌の増殖やニオイの発生を防ぐ、予防発想のお洗濯を提案する超コンパクト液体洗剤。洗濯槽の菌が作るバイオフィルムの分解・除去、発生予防。洗たく中の菌・カビ移りも抑える。１００％天然ハーブ　ティーツリーオイル配合。ミンティーグリーンの香り。超コンパクトタイプ。すすぎは１回でＯＫ<br>成分：必ずご使用前に表示をお読みくださいすすぎ1回OK●洗濯機の設定に｢ためすすぎ｣と｢注水すすぎ｣がある場合は｢ためすすぎ」を選んでください。●柔軟剤・衣料用漂白剤もいつもどおり使えます。●衣類の絵表示にしたがって洗濯してください。[水洗いはできない]の絵表示のある衣類には使用しないでください。※ウール・ドライマーク衣料には｢アクロン｣をおすすめします。従来の液体洗剤の(当社トップクリアリキッド比)1/2の使用量で洗えます。ドラム式にもピッタリ無けい光使用量の目<br>使用方法：界面活性剤(50％ ポリオキシエチレン脂肪酸メチルエステル、直鎖アルキルベンゼンスルホン酸塩)、安定化剤、消泡剤、pH調整剤、酵素<br><br>JANコード：4903301253884<br><br><br>商品番号：101-01147<br><br><br><br>区分： 洗剤・柔軟剤 <br><br><br><br>広告文責：アットライフ株式会社<br>TEL 079-280-2113<br>※商品パッケージは変更の場合あり。<br>メーカー欠品または完売の際、キャンセルをお願いすることがあります。ご了承ください。<style>
<!--

a:hover img {
-moz-opacity:0.7;
 opacity:0.7;
 filter:alpha(opacity=70);
}


#scrollUp{
border:none!important;
bottom:5px;
right:5px;
}
#scrollUp img{
display:none;
}
#scrollUp .nearCart{
background:url(http://image.rakuten.co.jp/at-zakka/cabinet/sozai1/cart_icon01.jpg) no-repeat 0 0;
}
#scrollUp,#scrollUp .nearCart{
width: 70px !important;
height: 73px !important;
}

-->
</style>
広告文責：アットライフ TEL：079-280-2113<br>
商品画像等は予告なく変わることがあります。<br>
また、メーカー欠品の場合はキャンセルのお願いをする場合がございます。ご了承ください。<br><br>

<!-- Webチラシ　　-->
<img src=""http://image.rakuten.co.jp/at-zakka/cabinet/tokusyupage/webtirasi.jpg"" width=""720"" height=""30"" style=""margin-bottom:5px""><br>
<img src=""http://image.rakuten.co.jp/at-zakka/cabinet/corner/tirashi_banner.jpg"" width=""720"" height=""120"" style=""margin-bottom:5px""><br><br>
<br>

<!-- Pickup! -->
<img src=""http://image.rakuten.co.jp/at-zakka/cabinet/pickup.jpg"" width=""720"" height=""30"" style=""margin-bottom:5px""><br>
<br><br>

<!-- レビューのお願い -->
<div align=""center""><img src=""http://image.rakuten.co.jp/at-zakka/cabinet/sozai1/review_onegai.jpg"" width=""600"" height=""700"" border=""0"" usemap=""#review_onegai""></div><map name=""review_onegai"" id=""review_onegai"">
  
  
</map><br><br>

<!-- 送料無料まであとちょっと -->
<p><img src=""http://image.rakuten.co.jp/at-zakka/cabinet/sozai1/atotyotto.jpg"" width=""730"" height=""80"" border=""0""><br>
<img src=""http://image.rakuten.co.jp/at-zakka/cabinet/sozai1/atotyotto1-999_1.jpg"" width=""365"" height=""60"" border=""0""><img src=""http://image.rakuten.co.jp/at-zakka/cabinet/sozai1/atotyotto1000-1999_1.jpg"" width=""365"" height=""60"" border=""0""></p><br>

<!-- 店長おすすめはこちら タイトル -->
<img src=""http://image.rakuten.co.jp/at-zakka/cabinet/sozai1/kyotusetumei1.jpg""><br>",【 送料無料 】 LION トップ　HYGIA (ハイジア)　本体大　660g (4903301253884)：日用品＆生活雑貨の店「カットコ」,【 送料無料 】 LION トップ　HYGIA (ハイジア)　本体大　660g (4903301253884),　。【 送料無料 】 LION トップ　HYGIA (ハイジア)　本体大　660g (4903301253884)[rn]
38-44332,http://tshop.r10s.jp/at-zakka/cabinet/aa/4903301248385.jpg?fitin=700:700,1188.0000,,日用品雑貨・文房具・手芸 > 日用品・生活雑貨 > 洗剤・柔軟剤 > 洗濯用洗剤・柔軟剤 > 洗濯用洗剤,【 送料無料 】 LION トップ HYGIA (ハイジア)　つめかえ用　超特大　1300g (4903301248385),　,"商品名：LION トップ ＨＹＧＩＡ （ハイジア）　つめかえ用　超特大　１３００ｇ<br>内容量：1300g<br>ブランド：トップ<br>原産国：日本<br><br>抗菌バリアで衣類を菌から守る。特大容量品。<br>洗うたび、衣類の抗菌力が高まり、菌の増殖やニオイの発生を防ぐ、予防発想のお洗濯を提案する超コンパクト液体洗剤。洗濯槽の菌が作るバイオフィルムの分解・除去、発生予防。洗たく中の菌・カビ移りも抑える。１００％天然ハーブ　ティーツリーオイル配合。ミンティーグリーンの香り。超コンパクトタイプ。すすぎは１回でＯＫ。たっぷり使える通常つめかえ用の２．６倍　特大容量。<br>成分：必ずご使用前に表示をお読みくださいすすぎ1回OK　●洗濯機の設定に「ためすすぎ」と「注水すすぎ」がある場合は「ためすすぎ」を選んでください。　●柔軟剤・衣料用漂白剤もいつもどおり使えます。ドラム式にもおすすめボトルへのつめかえ方(つめかえ時、液があふれないようご注意ください)○必ずトップHYGIA(ハイジア)のボトルにつめかえてください。○ボトル側面の「つめかえライン」まで液面が下がったら、つめかえてください。○他の洗剤と混ぜると、液が濁ったり、固まることがあります。\<br>使用方法：界面活性剤(50％ ポリオキシエチレン脂肪酸メチルエステル、直鎖アルキルベンゼンスルホン酸塩)、安定化剤、消泡剤、pH調整剤、酵素<br><br>JANコード：4903301248385<br><br><br>商品番号：101-01146<br><br><br><br>区分： 洗剤・柔軟剤 <br><br><br><br>広告文責：アットライフ株式会社<br>TEL 079-280-2113<br>※商品パッケージは変更の場合あり。<br>メーカー欠品または完売の際、キャンセルをお願いすることがあります。ご了承ください。<style>
<!--

a:hover img {
-moz-opacity:0.7;
 opacity:0.7;
 filter:alpha(opacity=70);
}


#scrollUp{
border:none!important;
bottom:5px;
right:5px;
}
#scrollUp img{
display:none;
}
#scrollUp .nearCart{
background:url(http://image.rakuten.co.jp/at-zakka/cabinet/sozai1/cart_icon01.jpg) no-repeat 0 0;
}
#scrollUp,#scrollUp .nearCart{
width: 70px !important;
height: 73px !important;
}

-->
</style>
広告文責：アットライフ TEL：079-280-2113<br>
商品画像等は予告なく変わることがあります。<br>
また、メーカー欠品の場合はキャンセルのお願いをする場合がございます。ご了承ください。<br><br>

<!-- Webチラシ　　-->
<img src=""http://image.rakuten.co.jp/at-zakka/cabinet/tokusyupage/webtirasi.jpg"" width=""720"" height=""30"" style=""margin-bottom:5px""><br>
<img src=""http://image.rakuten.co.jp/at-zakka/cabinet/corner/tirashi_banner.jpg"" width=""720"" height=""120"" style=""margin-bottom:5px""><br><br>
<br>

<!-- Pickup! -->
<img src=""http://image.rakuten.co.jp/at-zakka/cabinet/pickup.jpg"" width=""720"" height=""30"" style=""margin-bottom:5px""><br>
<br><br>

<!-- レビューのお願い -->
<div align=""center""><img src=""http://image.rakuten.co.jp/at-zakka/cabinet/sozai1/review_onegai.jpg"" width=""600"" height=""700"" border=""0"" usemap=""#review_onegai""></div><map name=""review_onegai"" id=""review_onegai"">
  
  
</map><br><br>

<!-- 送料無料まであとちょっと -->
<p><img src=""http://image.rakuten.co.jp/at-zakka/cabinet/sozai1/atotyotto.jpg"" width=""730"" height=""80"" border=""0""><br>
<img src=""http://image.rakuten.co.jp/at-zakka/cabinet/sozai1/atotyotto1-999_1.jpg"" width=""365"" height=""60"" border=""0""><img src=""http://image.rakuten.co.jp/at-zakka/cabinet/sozai1/atotyotto1000-1999_1.jpg"" width=""365"" height=""60"" border=""0""></p><br>

<!-- 店長おすすめはこちら タイトル -->
<img src=""http://image.rakuten.co.jp/at-zakka/cabinet/sozai1/kyotusetumei1.jpg""><br>",【 送料無料 】 LION トップ HYGIA (ハイジア)　つめかえ用　超特大　1300g (4903301248385)：日用品＆生活雑貨の店「カットコ」,【 送料無料 】 LION トップ HYGIA (ハイジア)　つめかえ用　超特大　1300g (4903301248385),　。【 送料無料 】 LION トップ HYGIA (ハイジア)　つめかえ用　超特大　1300g (4903301248385)[rn]
38-44333,http://tshop.r10s.jp/at-zakka/cabinet/aa/4903301256472.jpg?fitin=700:700,2743.2000,,日用品雑貨・文房具・手芸 > 日用品・生活雑貨 > 洗剤・柔軟剤 > 洗濯用洗剤・柔軟剤 > 洗濯用洗剤,【 送料無料 】 トップ ハイジア ４Ｌ (4903301256472),,"商品名：トップ ハイジア ４Ｌ<br>ブランド：トップ<br>原産国：日本<br><br>他糖分解酵素を新配合　洗濯槽の菌が作るバイオフィルムを分解・除去<br>すぐれた抗菌性能を発揮するプラスイオン抗菌成分と、菌の栄養となるタンパク汚れをしっかり落とす確かな洗浄力を併せ持つことで洗うたびに高まる抗菌力を発揮。<br>超コンパクト液体洗剤なので使用量1/2、すすぎ１回。ミンティーグリーンの香り。（蛍光増白剤不使用）<br>成分：界面活性剤　安定化剤　酵素<br><br>JANコード：4903301256472<br><br><br>商品番号：101-01503<br><br><br><br>区分： 洗剤・柔軟剤 <br><br><br><br>広告文責：アットライフ株式会社<br>TEL 079-280-2113<br>※商品パッケージは変更の場合あり。<br>メーカー欠品または完売の際、キャンセルをお願いすることがあります。ご了承ください。<style>
<!--

a:hover img {
-moz-opacity:0.7;
 opacity:0.7;
 filter:alpha(opacity=70);
}


#scrollUp{
border:none!important;
bottom:5px;
right:5px;
}
#scrollUp img{
display:none;
}
#scrollUp .nearCart{
background:url(http://image.rakuten.co.jp/at-zakka/cabinet/sozai1/cart_icon01.jpg) no-repeat 0 0;
}
#scrollUp,#scrollUp .nearCart{
width: 70px !important;
height: 73px !important;
}

-->
</style>
広告文責：アットライフ TEL：079-280-2113<br>
商品画像等は予告なく変わることがあります。<br>
また、メーカー欠品の場合はキャンセルのお願いをする場合がございます。ご了承ください。<br><br>

<!-- Webチラシ　　-->
<img src=""http://image.rakuten.co.jp/at-zakka/cabinet/tokusyupage/webtirasi.jpg"" width=""720"" height=""30"" style=""margin-bottom:5px""><br>
<img src=""http://image.rakuten.co.jp/at-zakka/cabinet/corner/tirashi_banner.jpg"" width=""720"" height=""120"" style=""margin-bottom:5px""><br><br>
<br>

<!-- Pickup! -->
<img src=""http://image.rakuten.co.jp/at-zakka/cabinet/pickup.jpg"" width=""720"" height=""30"" style=""margin-bottom:5px""><br>
<br><br>

<!-- レビューのお願い -->
<div align=""center""><img src=""http://image.rakuten.co.jp/at-zakka/cabinet/sozai1/review_onegai.jpg"" width=""600"" height=""700"" border=""0"" usemap=""#review_onegai""></div><map name=""review_onegai"" id=""review_onegai"">
  
  
</map><br><br>

<!-- 送料無料まであとちょっと -->
<p><img src=""http://image.rakuten.co.jp/at-zakka/cabinet/sozai1/atotyotto.jpg"" width=""730"" height=""80"" border=""0""><br>
<img src=""http://image.rakuten.co.jp/at-zakka/cabinet/sozai1/atotyotto1-999_1.jpg"" width=""365"" height=""60"" border=""0""><img src=""http://image.rakuten.co.jp/at-zakka/cabinet/sozai1/atotyotto1000-1999_1.jpg"" width=""365"" height=""60"" border=""0""></p><br>

<!-- 店長おすすめはこちら タイトル -->
<img src=""http://image.rakuten.co.jp/at-zakka/cabinet/sozai1/kyotusetumei1.jpg""><br>",【 送料無料 】 トップ ハイジア ４Ｌ (4903301256472)：日用品＆生活雑貨の店「カットコ」,【 送料無料 】 トップ ハイジア ４Ｌ (4903301256472),【 送料無料 】 トップ ハイジア ４Ｌ (4903301256472)[rn]
38-44334,http://tshop.r10s.jp/at-zakka/cabinet/aa/4903301248330.jpg?fitin=700:700,344.0000,,日用品雑貨・文房具・手芸 > 日用品・生活雑貨 > 洗剤・柔軟剤 > 洗濯用洗剤・柔軟剤 > 洗濯用洗剤,LION トップ　ＨＹＧＩＡ（ハイジア）　本体　４５０ｇ (4903301248330) 【2999円(税込)以上で送料無料】,　,"商品名：LION トップ　ＨＹＧＩＡ（ハイジア）　本体　４５０ｇ<br>内容量：450g<br>ブランド：トップ<br>原産国：日本<br><br>抗菌バリアで衣類を菌から守る<br>洗うたび、衣類の抗菌力が高まり、菌の増殖やニオイの発生を防ぐ、予防発想のお洗濯を提案する超コンパクト液体洗剤。洗濯槽の菌が作るバイオフィルムの分解・除去、発生予防。洗たく中の菌・カビ移りも抑える。１００％天然ハーブ　ティーツリーオイル配合。ミンティーグリーンの香り。超コンパクトタイプ。すすぎは１回でＯＫ<br>成分：必ずご使用前に表示をお読みくださいすすぎ1回OK●洗濯機の設定に｢ためすすぎ｣と｢注水すすぎ｣がある場合は｢ためすすぎ」を選んでください。●柔軟剤・衣料用漂白剤もいつもどおり使えます。●衣類の絵表示にしたがって洗濯してください。[水洗いはできない]の絵表示のある衣類には使用しないでください。※ウール・ドライマーク衣料には｢アクロン｣をおすすめします。従来の液体洗剤の(当社トップクリアリキッド比)1/2の使用量で洗えます。ドラム式にもピッタリ無けい光使用量の目<br>使用方法：界面活性剤(50％ ポリオキシエチレン脂肪酸メチルエステル、直鎖アルキルベンゼンスルホン酸塩)、安定化剤、消泡剤、pH調整剤、酵素<br><br>JANコード：4903301248330<br><br><br>商品番号：101-01142<br><br><br><br>区分： 洗剤・柔軟剤 <br><br><br><br>広告文責：アットライフ株式会社<br>TEL 079-280-2113<br>※商品パッケージは変更の場合あり。<br>メーカー欠品または完売の際、キャンセルをお願いすることがあります。ご了承ください。<style>
<!--

a:hover img {
-moz-opacity:0.7;
 opacity:0.7;
 filter:alpha(opacity=70);
}


#scrollUp{
border:none!important;
bottom:5px;
right:5px;
}
#scrollUp img{
display:none;
}
#scrollUp .nearCart{
background:url(http://image.rakuten.co.jp/at-zakka/cabinet/sozai1/cart_icon01.jpg) no-repeat 0 0;
}
#scrollUp,#scrollUp .nearCart{
width: 70px !important;
height: 73px !important;
}

-->
</style>
広告文責：アットライフ TEL：079-280-2113<br>
商品画像等は予告なく変わることがあります。<br>
また、メーカー欠品の場合はキャンセルのお願いをする場合がございます。ご了承ください。<br><br>

<!-- Webチラシ　　-->
<img src=""http://image.rakuten.co.jp/at-zakka/cabinet/tokusyupage/webtirasi.jpg"" width=""720"" height=""30"" style=""margin-bottom:5px""><br>
<img src=""http://image.rakuten.co.jp/at-zakka/cabinet/corner/tirashi_banner.jpg"" width=""720"" height=""120"" style=""margin-bottom:5px""><br><br>
<br>

<!-- Pickup! -->
<img src=""http://image.rakuten.co.jp/at-zakka/cabinet/pickup.jpg"" width=""720"" height=""30"" style=""margin-bottom:5px""><br>
<br><br>

<!-- レビューのお願い -->
<div align=""center""><img src=""http://image.rakuten.co.jp/at-zakka/cabinet/sozai1/review_onegai.jpg"" width=""600"" height=""700"" border=""0"" usemap=""#review_onegai""></div><map name=""review_onegai"" id=""review_onegai"">
  
  
</map><br><br>

<!-- 送料無料まであとちょっと -->
<p><img src=""http://image.rakuten.co.jp/at-zakka/cabinet/sozai1/atotyotto.jpg"" width=""730"" height=""80"" border=""0""><br>
<img src=""http://image.rakuten.co.jp/at-zakka/cabinet/sozai1/atotyotto1-999_1.jpg"" width=""365"" height=""60"" border=""0""><img src=""http://image.rakuten.co.jp/at-zakka/cabinet/sozai1/atotyotto1000-1999_1.jpg"" width=""365"" height=""60"" border=""0""></p><br>

<!-- 店長おすすめはこちら タイトル -->
<img src=""http://image.rakuten.co.jp/at-zakka/cabinet/sozai1/kyotusetumei1.jpg""><br>",LION トップ　ＨＹＧＩＡ（ハイジア）　本体　４５０ｇ (4903301248330) 【2999円(税込)以上で送料無料】：日用品＆生活雑貨の店「カットコ」,LION トップ　ＨＹＧＩＡ（ハイジア）　本体　４５０ｇ (4903301248330) 【2999円(税込)以上で送料無料】,　。LION トップ　ＨＹＧＩＡ（ハイジア）　本体　４５０ｇ (4903301248330) 【2999円(税込)以上で送料無料】[rn]
38-44335,http://tshop.r10s.jp/at-zakka/cabinet/gg/4903301248408.jpg?fitin=700:700,241.6000,,日用品雑貨・文房具・手芸 > 日用品・生活雑貨 > 洗剤・柔軟剤 > 洗濯用洗剤・柔軟剤 > 洗濯用洗剤,トップ　ＨＹＧＩＡ　本体　お試し品 (4903301248408) 【2999円(税込)以上で送料無料】,,"商品名：トップ　ＨＹＧＩＡ　本体　お試し品<br>内容量：380g<br>ブランド：トップ<br>原産国：日本<br><br>抗菌バリアで衣類を菌から守る<br>洗うたび、衣類の抗菌力が高まり、菌の増殖やニオイの発生を防ぐ、予防発想のお洗濯を提案する超コンパクト液体洗剤。洗濯槽の菌が作るバイオフィルムの分解・除去、発生予防。洗たく中の菌・カビ移りも抑える。１００％天然ハーブ　ティーツリーオイル配合。ミンティーグリーンの香り。超コンパクトタイプ。すすぎは１回でＯＫ　３８０Ｇのお試し容量。<br>使用方法：必ずご使用前に表示をお読みください\nすすぎ1回OK\n●洗濯機の設定に｢ためすすぎ｣と｢注水すすぎ｣がある場合は｢ためすすぎ」を選んでください。\n●柔軟剤・衣料用漂白剤もいつもどおり使えます。\n\n●衣類の絵表示にしたがって洗濯してください。[水洗いはできない]の絵表示のある衣類には使用しないでください。\n※ウール・ドライマーク衣料には｢アクロン｣をおすすめします。\n\n従来の液体洗剤の(当社トップクリアリキッド比)1/2の使用量で洗えます。\nドラム式にもピッタリ\n無けい光\n\n使用量の目<br><br>JANコード：4903301248408<br><br><br>商品番号：101-01004<br><br><br><br>区分： 洗剤・柔軟剤 <br><br><br><br>広告文責：アットライフ株式会社<BR>TEL 079-280-2113<BR>※商品パッケージは変更の場合あり。<BR>メーカー欠品または完売の際、キャンセルをお願いすることがあります。ご了承ください。<style>
<!--

a:hover img {
-moz-opacity:0.7;
 opacity:0.7;
 filter:alpha(opacity=70);
}


#scrollUp{
border:none!important;
bottom:5px;
right:5px;
}
#scrollUp img{
display:none;
}
#scrollUp .nearCart{
background:url(http://image.rakuten.co.jp/at-zakka/cabinet/sozai1/cart_icon01.jpg) no-repeat 0 0;
}
#scrollUp,#scrollUp .nearCart{
width: 70px !important;
height: 73px !important;
}

-->
</style>
広告文責：アットライフ TEL：079-280-2113<br>
商品画像等は予告なく変わることがあります。<br>
また、メーカー欠品の場合はキャンセルのお願いをする場合がございます。ご了承ください。<br><br>

<!-- Webチラシ　　-->
<img src=""http://image.rakuten.co.jp/at-zakka/cabinet/tokusyupage/webtirasi.jpg"" width=""720"" height=""30"" style=""margin-bottom:5px""><br>
<img src=""http://image.rakuten.co.jp/at-zakka/cabinet/corner/tirashi_banner.jpg"" width=""720"" height=""120"" style=""margin-bottom:5px""><br><br>
<br>

<!-- Pickup! -->
<img src=""http://image.rakuten.co.jp/at-zakka/cabinet/pickup.jpg"" width=""720"" height=""30"" style=""margin-bottom:5px""><br>
<br><br>

<!-- レビューのお願い -->
<div align=""center""><img src=""http://image.rakuten.co.jp/at-zakka/cabinet/sozai1/review_onegai.jpg"" width=""600"" height=""700"" border=""0"" usemap=""#review_onegai""></div><map name=""review_onegai"" id=""review_onegai"">
  
  
</map><br><br>

<!-- 送料無料まであとちょっと -->
<p><img src=""http://image.rakuten.co.jp/at-zakka/cabinet/sozai1/atotyotto.jpg"" width=""730"" height=""80"" border=""0""><br>
<img src=""http://image.rakuten.co.jp/at-zakka/cabinet/sozai1/atotyotto1-999_1.jpg"" width=""365"" height=""60"" border=""0""><img src=""http://image.rakuten.co.jp/at-zakka/cabinet/sozai1/atotyotto1000-1999_1.jpg"" width=""365"" height=""60"" border=""0""></p><br>

<!-- 店長おすすめはこちら タイトル -->
<img src=""http://image.rakuten.co.jp/at-zakka/cabinet/sozai1/kyotusetumei1.jpg""><br>",トップ　ＨＹＧＩＡ　本体　お試し品 (4903301248408) 【2999円(税込)以上で送料無料】：日用品＆生活雑貨の店「カットコ」,トップ　ＨＹＧＩＡ　本体　お試し品 (4903301248408) 【2999円(税込)以上で送料無料】,トップ　ＨＹＧＩＡ　本体　お試し品 (4903301248408) 【2999円(税込)以上で送料無料】[rn]
38-44336,http://tshop.r10s.jp/at-zakka/cabinet/k/4903301254874.jpg?fitin=700:700,734.4000,,日用品雑貨・文房具・手芸 > 日用品・生活雑貨 > 洗剤・柔軟剤 > 洗濯用洗剤・柔軟剤 > 洗濯用洗剤,【 送料無料 】 ライオン ブライトW　つめかえ用大　900ML 漂白剤 (4903301254874),,"ブランド：ブライト<br>原産国：日本<br><br>毎日の汚れ残りを防いで衣類の白さが長続きする漂白剤<br>付いた汚れをしっかり落す＋次の汚れを落ちやすくする「クリア漂白」で、日々の汚れを残さずクリアに洗い上げる。汗や皮脂汚れが「シミ・黄ばみ・黒ずみ」になるのを防ぐので、衣類の白さが長続き。除菌・消臭効果はもちろん抗菌・防臭効果も高いので、ニオイ残りも防ぎ、部屋干しや残り湯洗濯でも安心。色柄物に安心な酸素系漂白剤。すっきりしたミンティグリーンの香り。口栓付きで、通常つめかえの１．８倍容量の大サイズ。<br>使用方法：必ずご使用前に表示をお読みください\nボトルへのつめかえ方\n(本品は通常サイズのつめかえ用(480ml)の約1.8倍の容量です)\n●必ず「ブライトＷ」のボトルにつめかえてください。\n●空になったボトルは、そのまま洗わずにつめかえてください。●つめかえは、洗面台、風呂場などでしてください。＊万一こぼした場合は、すぐに水で洗い流してください。●つめかえるときは、水や金属など他のものが入らないよう注意してください。\nキャップを開ける\n注ぎ口の根元をしっかり持ち、キャップを矢印の方向にまわして開けてく<br><br>JANコード：4903301254874<br><br><br>商品番号：101-00974<br><br><br><br>区分： 洗剤・柔軟剤 <br><br><br><br>広告文責：アットライフ株式会社<br>TEL 079-280-2113<br>※商品パッケージは変更の場合あり。<br>メーカー欠品または完売の際、キャンセルをお願いすることがあります。ご了承ください。<style>
<!--

a:hover img {
-moz-opacity:0.7;
 opacity:0.7;
 filter:alpha(opacity=70);
}


#scrollUp{
border:none!important;
bottom:5px;
right:5px;
}
#scrollUp img{
display:none;
}
#scrollUp .nearCart{
background:url(http://image.rakuten.co.jp/at-zakka/cabinet/sozai1/cart_icon01.jpg) no-repeat 0 0;
}
#scrollUp,#scrollUp .nearCart{
width: 70px !important;
height: 73px !important;
}

-->
</style>
広告文責：アットライフ TEL：079-280-2113<br>
商品画像等は予告なく変わることがあります。<br>
また、メーカー欠品の場合はキャンセルのお願いをする場合がございます。ご了承ください。<br><br>

<!-- Webチラシ　　-->
<img src=""http://image.rakuten.co.jp/at-zakka/cabinet/tokusyupage/webtirasi.jpg"" width=""720"" height=""30"" style=""margin-bottom:5px""><br>
<img src=""http://image.rakuten.co.jp/at-zakka/cabinet/corner/tirashi_banner.jpg"" width=""720"" height=""120"" style=""margin-bottom:5px""><br><br>
<br>

<!-- Pickup! -->
<img src=""http://image.rakuten.co.jp/at-zakka/cabinet/pickup.jpg"" width=""720"" height=""30"" style=""margin-bottom:5px""><br>
<br><br>

<!-- レビューのお願い -->
<div align=""center""><img src=""http://image.rakuten.co.jp/at-zakka/cabinet/sozai1/review_onegai.jpg"" width=""600"" height=""700"" border=""0"" usemap=""#review_onegai""></div><map name=""review_onegai"" id=""review_onegai"">
  
  
</map><br><br>

<!-- 送料無料まであとちょっと -->
<p><img src=""http://image.rakuten.co.jp/at-zakka/cabinet/sozai1/atotyotto.jpg"" width=""730"" height=""80"" border=""0""><br>
<img src=""http://image.rakuten.co.jp/at-zakka/cabinet/sozai1/atotyotto1-999_1.jpg"" width=""365"" height=""60"" border=""0""><img src=""http://image.rakuten.co.jp/at-zakka/cabinet/sozai1/atotyotto1000-1999_1.jpg"" width=""365"" height=""60"" border=""0""></p><br>

<!-- 店長おすすめはこちら タイトル -->
<img src=""http://image.rakuten.co.jp/at-zakka/cabinet/sozai1/kyotusetumei1.jpg""><br>",【 送料無料 】 ライオン ブライトW　つめかえ用大　900ML 漂白剤 (4903301254874)：日用品＆生活雑貨の店「カットコ」,【 送料無料 】 ライオン ブライトW　つめかえ用大　900ML 漂白剤 (4903301254874),【 送料無料 】 ライオン ブライトW　つめかえ用大　900ML 漂白剤 (4903301254874)[rn]
38-44337,http://tshop.r10s.jp/at-zakka/cabinet/0810/4903301215776.jpg?fitin=700:700,336.0000,,日用品雑貨・文房具・手芸 > 日用品・生活雑貨 > 洗剤・柔軟剤 > 洗濯用洗剤・柔軟剤 > 洗濯用洗剤,【ライオン】【トツプ】香りつづくトップ　Ａｒｏｍａ　Ｐｌｕｓ　Ｐｒｅｃｉｏｕｓ　Ｐｉｎｋ　本体　４００ｇ【４００Ｇ】 （4903301215776） 【2999円(税込)以上で送料無料】,,"【商品説明】<br>エッセンシャルオイルを使用した華やかで上品な、贅沢な香りで、日常をエレガントに彩る柔軟剤入り超コンパクト洗剤。プレシャス・ピンクは華やかなピンクローズの香り。ライラック、ジャスミンをアクセントに、高級感溢れるピンクローズをふんだんに集めた、華やかで上品な香りです。高い消臭デオドラント効果でイヤなニオイもすっきり。柔軟成分配合で、衣類をふんわりと心地よい仕上がりに。すすぎ１回のお洗たくもＯＫ。<br><br><br><br>商品サイズ：80×167×68<br>商品区分：衣料用洗剤<br>JANコード：4903301215776<br><br><br><br>広告文責：アットライフ株式会社<br>TEL 079-280-2113<br>※商品パッケージは変更の場合あり。<br>メーカー欠品または完売の際、キャンセルをお願いすることがあります。ご了承ください。<style>
<!--

a:hover img {
-moz-opacity:0.7;
 opacity:0.7;
 filter:alpha(opacity=70);
}


#scrollUp{
border:none!important;
bottom:5px;
right:5px;
}
#scrollUp img{
display:none;
}
#scrollUp .nearCart{
background:url(http://image.rakuten.co.jp/at-zakka/cabinet/sozai1/cart_icon01.jpg) no-repeat 0 0;
}
#scrollUp,#scrollUp .nearCart{
width: 70px !important;
height: 73px !important;
}

-->
</style>
広告文責：アットライフ TEL：079-280-2113<br>
商品画像等は予告なく変わることがあります。<br>
また、メーカー欠品の場合はキャンセルのお願いをする場合がございます。ご了承ください。<br><br>

<!-- Webチラシ　　-->
<img src=""http://image.rakuten.co.jp/at-zakka/cabinet/tokusyupage/webtirasi.jpg"" width=""720"" height=""30"" style=""margin-bottom:5px""><br>
<img src=""http://image.rakuten.co.jp/at-zakka/cabinet/corner/tirashi_banner.jpg"" width=""720"" height=""120"" style=""margin-bottom:5px""><br><br>
<br>

<!-- Pickup! -->
<img src=""http://image.rakuten.co.jp/at-zakka/cabinet/pickup.jpg"" width=""720"" height=""30"" style=""margin-bottom:5px""><br>
<br><br>

<!-- レビューのお願い -->
<div align=""center""><img src=""http://image.rakuten.co.jp/at-zakka/cabinet/sozai1/review_onegai.jpg"" width=""600"" height=""700"" border=""0"" usemap=""#review_onegai""></div><map name=""review_onegai"" id=""review_onegai"">
  
  
</map><br><br>

<!-- 送料無料まであとちょっと -->
<p><img src=""http://image.rakuten.co.jp/at-zakka/cabinet/sozai1/atotyotto.jpg"" width=""730"" height=""80"" border=""0""><br>
<img src=""http://image.rakuten.co.jp/at-zakka/cabinet/sozai1/atotyotto1-999_1.jpg"" width=""365"" height=""60"" border=""0""><img src=""http://image.rakuten.co.jp/at-zakka/cabinet/sozai1/atotyotto1000-1999_1.jpg"" width=""365"" height=""60"" border=""0""></p><br>

<!-- 店長おすすめはこちら タイトル -->
<img src=""http://image.rakuten.co.jp/at-zakka/cabinet/sozai1/kyotusetumei1.jpg""><br>",【ライオン】【トツプ】香りつづくトップ　Ａｒｏｍａ　Ｐｌｕｓ　Ｐｒｅｃｉｏｕｓ　Ｐｉｎｋ　本体　４００ｇ【４００Ｇ】 （4903301215776） 【2999円(税込)以上で送料無料】：日用品＆生活雑貨の店「カットコ」,【ライオン】【トツプ】香りつづくトップ　Ａｒｏｍａ　Ｐｌｕｓ　Ｐｒｅｃｉｏｕｓ　Ｐｉｎｋ　本体　４００ｇ【４００Ｇ】 （4903301215776） 【2999円(税込)以上で送料無料】,【ライオン】【トツプ】香りつづくトップ　Ａｒｏｍａ　Ｐｌｕｓ　Ｐｒｅｃｉｏｕｓ　Ｐｉｎｋ　本体　４００ｇ【４００Ｇ】 （4903301215776） 【2999円(税込)以上で送料無料】[rn]
38-44338,http://tshop.r10s.jp/at-zakka/cabinet/0810/4903301215783.jpg?fitin=700:700,263.2000,,日用品雑貨・文房具・手芸 > 日用品・生活雑貨 > 洗剤・柔軟剤 > 洗濯用洗剤・柔軟剤 > 洗濯用洗剤,【ライオン】【トツプ】香りつづくトップ　Ａｒｏｍａ　Ｐｌｕｓ　Ｐｒｅｃｉｏｕｓ　Ｐｉｎｋ　つめかえ用　３２０ｇ【３２０Ｇ】 （4903301215783） 【2999円(税込)以上で送料無料】,,"【商品説明】<br>エッセンシャルオイルを使用した華やかで上品な、贅沢な香りで、日常をエレガントに彩る柔軟剤入り超コンパクト洗剤。プレシャス・ピンクは華やかなピンクローズの香り。ライラック、ジャスミンをアクセントに、高級感溢れるピンクローズをふんだんに集めた、華やかで上品な香りです。高い消臭デオドラント効果でイヤなニオイもすっきり。柔軟成分配合で、衣類をふんわりと心地よい仕上がりに。すすぎ１回のお洗たくもＯＫ。<br><br><br><br>商品サイズ：80×167×68<br>商品区分：衣料用洗剤<br>JANコード：4903301215776<br><br><br><br>広告文責：アットライフ株式会社<br>TEL 079-280-2113<br>※商品パッケージは変更の場合あり。<br>メーカー欠品または完売の際、キャンセルをお願いすることがあります。ご了承ください。<style>
<!--

a:hover img {
-moz-opacity:0.7;
 opacity:0.7;
 filter:alpha(opacity=70);
}


#scrollUp{
border:none!important;
bottom:5px;
right:5px;
}
#scrollUp img{
display:none;
}
#scrollUp .nearCart{
background:url(http://image.rakuten.co.jp/at-zakka/cabinet/sozai1/cart_icon01.jpg) no-repeat 0 0;
}
#scrollUp,#scrollUp .nearCart{
width: 70px !important;
height: 73px !important;
}

-->
</style>
広告文責：アットライフ TEL：079-280-2113<br>
商品画像等は予告なく変わることがあります。<br>
また、メーカー欠品の場合はキャンセルのお願いをする場合がございます。ご了承ください。<br><br>

<!-- Webチラシ　　-->
<img src=""http://image.rakuten.co.jp/at-zakka/cabinet/tokusyupage/webtirasi.jpg"" width=""720"" height=""30"" style=""margin-bottom:5px""><br>
<img src=""http://image.rakuten.co.jp/at-zakka/cabinet/corner/tirashi_banner.jpg"" width=""720"" height=""120"" style=""margin-bottom:5px""><br><br>
<br>

<!-- Pickup! -->
<img src=""http://image.rakuten.co.jp/at-zakka/cabinet/pickup.jpg"" width=""720"" height=""30"" style=""margin-bottom:5px""><br>
<br><br>

<!-- レビューのお願い -->
<div align=""center""><img src=""http://image.rakuten.co.jp/at-zakka/cabinet/sozai1/review_onegai.jpg"" width=""600"" height=""700"" border=""0"" usemap=""#review_onegai""></div><map name=""review_onegai"" id=""review_onegai"">
  
  
</map><br><br>

<!-- 送料無料まであとちょっと -->
<p><img src=""http://image.rakuten.co.jp/at-zakka/cabinet/sozai1/atotyotto.jpg"" width=""730"" height=""80"" border=""0""><br>
<img src=""http://image.rakuten.co.jp/at-zakka/cabinet/sozai1/atotyotto1-999_1.jpg"" width=""365"" height=""60"" border=""0""><img src=""http://image.rakuten.co.jp/at-zakka/cabinet/sozai1/atotyotto1000-1999_1.jpg"" width=""365"" height=""60"" border=""0""></p><br>

<!-- 店長おすすめはこちら タイトル -->
<img src=""http://image.rakuten.co.jp/at-zakka/cabinet/sozai1/kyotusetumei1.jpg""><br>",【ライオン】【トツプ】香りつづくトップ　Ａｒｏｍａ　Ｐｌｕｓ　Ｐｒｅｃｉｏｕｓ　Ｐｉｎｋ　つめかえ用　３２０ｇ【３２０Ｇ】 （4903301215783） 【2999円(税込)以上で送料無料】：日用品＆生活雑貨の店「カットコ」,【ライオン】【トツプ】香りつづくトップ　Ａｒｏｍａ　Ｐｌｕｓ　Ｐｒｅｃｉｏｕｓ　Ｐｉｎｋ　つめかえ用　３２０ｇ【３２０Ｇ】 （4903301215783） 【2999円(税込)以上で送料無料】,【ライオン】【トツプ】香りつづくトップ　Ａｒｏｍａ　Ｐｌｕｓ　Ｐｒｅｃｉｏｕｓ　Ｐｉｎｋ　つめかえ用　３２０ｇ【３２０Ｇ】 （4903301215783） 【2999円(税込)以上で送料無料】[rn]
38-44339,http://tshop.r10s.jp/at-zakka/cabinet/0810/4903301215912.jpg?fitin=700:700,336.0000,,日用品雑貨・文房具・手芸 > 日用品・生活雑貨 > 洗剤・柔軟剤 > 洗濯用洗剤・柔軟剤 > 洗濯用洗剤,【ライオン】【トツプ】香りつづくトップ　Ａｒｏｍａ　Ｐｌｕｓ　Ｅｌｅｇａｎｔ　Ｙｅｌｌｏｗ　本体　４００ｇ【４００Ｇ】 （4903301215912） 【2999円(税込)以上で送料無料】,,"【商品説明】<br>エッセンシャルオイルを使用した華やかで上品な、贅沢な香りで、日常をエレガントに彩る柔軟剤入り超コンパクト洗剤。プレシャス・ピンクは華やかなピンクローズの香り。ライラック、ジャスミンをアクセントに、高級感溢れるピンクローズをふんだんに集めた、華やかで上品な香りです。高い消臭デオドラント効果でイヤなニオイもすっきり。柔軟成分配合で、衣類をふんわりと心地よい仕上がりに。すすぎ１回のお洗たくもＯＫ。<br><br><br><br>商品サイズ：80×167×68<br>商品区分：衣料用洗剤<br>JANコード：4903301215776<br><br><br><br>広告文責：アットライフ株式会社<br>TEL 079-280-2113<br>※商品パッケージは変更の場合あり。<br>メーカー欠品または完売の際、キャンセルをお願いすることがあります。ご了承ください。<style>
<!--

a:hover img {
-moz-opacity:0.7;
 opacity:0.7;
 filter:alpha(opacity=70);
}


#scrollUp{
border:none!important;
bottom:5px;
right:5px;
}
#scrollUp img{
display:none;
}
#scrollUp .nearCart{
background:url(http://image.rakuten.co.jp/at-zakka/cabinet/sozai1/cart_icon01.jpg) no-repeat 0 0;
}
#scrollUp,#scrollUp .nearCart{
width: 70px !important;
height: 73px !important;
}

-->
</style>
広告文責：アットライフ TEL：079-280-2113<br>
商品画像等は予告なく変わることがあります。<br>
また、メーカー欠品の場合はキャンセルのお願いをする場合がございます。ご了承ください。<br><br>

<!-- Webチラシ　　-->
<img src=""http://image.rakuten.co.jp/at-zakka/cabinet/tokusyupage/webtirasi.jpg"" width=""720"" height=""30"" style=""margin-bottom:5px""><br>
<img src=""http://image.rakuten.co.jp/at-zakka/cabinet/corner/tirashi_banner.jpg"" width=""720"" height=""120"" style=""margin-bottom:5px""><br><br>
<br>

<!-- Pickup! -->
<img src=""http://image.rakuten.co.jp/at-zakka/cabinet/pickup.jpg"" width=""720"" height=""30"" style=""margin-bottom:5px""><br>
<br><br>

<!-- レビューのお願い -->
<div align=""center""><img src=""http://image.rakuten.co.jp/at-zakka/cabinet/sozai1/review_onegai.jpg"" width=""600"" height=""700"" border=""0"" usemap=""#review_onegai""></div><map name=""review_onegai"" id=""review_onegai"">
  
  
</map><br><br>

<!-- 送料無料まであとちょっと -->
<p><img src=""http://image.rakuten.co.jp/at-zakka/cabinet/sozai1/atotyotto.jpg"" width=""730"" height=""80"" border=""0""><br>
<img src=""http://image.rakuten.co.jp/at-zakka/cabinet/sozai1/atotyotto1-999_1.jpg"" width=""365"" height=""60"" border=""0""><img src=""http://image.rakuten.co.jp/at-zakka/cabinet/sozai1/atotyotto1000-1999_1.jpg"" width=""365"" height=""60"" border=""0""></p><br>

<!-- 店長おすすめはこちら タイトル -->
<img src=""http://image.rakuten.co.jp/at-zakka/cabinet/sozai1/kyotusetumei1.jpg""><br>",【ライオン】【トツプ】香りつづくトップ　Ａｒｏｍａ　Ｐｌｕｓ　Ｅｌｅｇａｎｔ　Ｙｅｌｌｏｗ　本体　４００ｇ【４００Ｇ】 （4903301215912） 【2999円(税込)以上で送料無料】：日用品＆生活雑貨の店「カットコ」,【ライオン】【トツプ】香りつづくトップ　Ａｒｏｍａ　Ｐｌｕｓ　Ｅｌｅｇａｎｔ　Ｙｅｌｌｏｗ　本体　４００ｇ【４００Ｇ】 （4903301215912） 【2999円(税込)以上で送料無料】,【ライオン】【トツプ】香りつづくトップ　Ａｒｏｍａ　Ｐｌｕｓ　Ｅｌｅｇａｎｔ　Ｙｅｌｌｏｗ　本体　４００ｇ【４００Ｇ】 （4903301215912） 【2999円(税込)以上で送料無料】[rn]
38-44340,http://tshop.r10s.jp/at-zakka/cabinet/0810/4903301215929.jpg?fitin=700:700,263.2000,,日用品雑貨・文房具・手芸 > 日用品・生活雑貨 > 洗剤・柔軟剤 > 洗濯用洗剤・柔軟剤 > 洗濯用洗剤,【ライオン】【香り続くトップ】香りつづくトップ　アロマプラス(Aroma plus elegant yellow)つめかえ用　３２０ｇ【３２０Ｇ】 （4903301215929） 【2999円(税込)以上で送料無料】,,"【商品説明】<br>エッセンシャルオイルを使用した華やかで上品な、贅沢な香りで、日常をエレガントに彩る柔軟剤入り超コンパクト洗剤。プレシャス・ピンクは華やかなピンクローズの香り。ライラック、ジャスミンをアクセントに、高級感溢れるピンクローズをふんだんに集めた、華やかで上品な香りです。高い消臭デオドラント効果でイヤなニオイもすっきり。柔軟成分配合で、衣類をふんわりと心地よい仕上がりに。すすぎ１回のお洗たくもＯＫ。<br><br><br><br>商品サイズ：80×167×68<br>商品区分：衣料用洗剤<br>JANコード：4903301215776<br><br><br><br>広告文責：アットライフ株式会社<br>TEL 079-280-2113<br>※商品パッケージは変更の場合あり。<br>メーカー欠品または完売の際、キャンセルをお願いすることがあります。ご了承ください。<style>
<!--

a:hover img {
-moz-opacity:0.7;
 opacity:0.7;
 filter:alpha(opacity=70);
}


#scrollUp{
border:none!important;
bottom:5px;
right:5px;
}
#scrollUp img{
display:none;
}
#scrollUp .nearCart{
background:url(http://image.rakuten.co.jp/at-zakka/cabinet/sozai1/cart_icon01.jpg) no-repeat 0 0;
}
#scrollUp,#scrollUp .nearCart{
width: 70px !important;
height: 73px !important;
}

-->
</style>
広告文責：アットライフ TEL：079-280-2113<br>
商品画像等は予告なく変わることがあります。<br>
また、メーカー欠品の場合はキャンセルのお願いをする場合がございます。ご了承ください。<br><br>

<!-- Webチラシ　　-->
<img src=""http://image.rakuten.co.jp/at-zakka/cabinet/tokusyupage/webtirasi.jpg"" width=""720"" height=""30"" style=""margin-bottom:5px""><br>
<img src=""http://image.rakuten.co.jp/at-zakka/cabinet/corner/tirashi_banner.jpg"" width=""720"" height=""120"" style=""margin-bottom:5px""><br><br>
<br>

<!-- Pickup! -->
<img src=""http://image.rakuten.co.jp/at-zakka/cabinet/pickup.jpg"" width=""720"" height=""30"" style=""margin-bottom:5px""><br>
<br><br>

<!-- レビューのお願い -->
<div align=""center""><img src=""http://image.rakuten.co.jp/at-zakka/cabinet/sozai1/review_onegai.jpg"" width=""600"" height=""700"" border=""0"" usemap=""#review_onegai""></div><map name=""review_onegai"" id=""review_onegai"">
  
  
</map><br><br>

<!-- 送料無料まであとちょっと -->
<p><img src=""http://image.rakuten.co.jp/at-zakka/cabinet/sozai1/atotyotto.jpg"" width=""730"" height=""80"" border=""0""><br>
<img src=""http://image.rakuten.co.jp/at-zakka/cabinet/sozai1/atotyotto1-999_1.jpg"" width=""365"" height=""60"" border=""0""><img src=""http://image.rakuten.co.jp/at-zakka/cabinet/sozai1/atotyotto1000-1999_1.jpg"" width=""365"" height=""60"" border=""0""></p><br>

<!-- 店長おすすめはこちら タイトル -->
<img src=""http://image.rakuten.co.jp/at-zakka/cabinet/sozai1/kyotusetumei1.jpg""><br>",【ライオン】【香り続くトップ】香りつづくトップ　アロマプラス(Aroma plus elegant yellow)つめかえ用　３２０ｇ【３２０Ｇ】 （4903301215929） 【2999円(税込)以上で送料無料】：日用品＆生活雑貨の店「カットコ」,【ライオン】【香り続くトップ】香りつづくトップ　アロマプラス(Aroma plus elegant yellow)つめかえ用　３２０ｇ【３２０Ｇ】 （4903301215929） 【2999円(税込)以上で送料無料】,【ライオン】【香り続くトップ】香りつづくトップ　アロマプラス(Aroma plus elegant yellow)つめかえ用　３２０ｇ【３２０Ｇ】 （4903301215929） 【2999円(税込)以上で送料無料】[rn]
38-44341,http://tshop.r10s.jp/at-zakka/cabinet/1047/4902135142562.jpg?fitin=700:700,288.8000,,日用品雑貨・文房具・手芸 > 日用品・生活雑貨 > 洗剤・柔軟剤 > 洗濯用洗剤・柔軟剤 > 洗濯用洗剤,【ＮＳファーファ】【ファーファ】ファーファ液洗　香りひきたつ無香料本体１ＫＧ【本体１．０ＫＧ】 （4902135142562） 【2999円(税込)以上で送料無料】,,"【商品説明】<br>しつこい蓄積臭（ちくせきしゅう）もダブルの効果ですっきり洗う「消臭＆抗菌」洗浄力１３３％にアップ（従来品比）。消臭成分配合で一日着用して衣類に溜まったニオイ汚れをすっきり。抗菌成分配合でニオイの元となる菌の増殖を抑制。生乾きのイヤなニオイも防ぎます（※すべての菌に効果があるわけではありません）。長年支持されているベビーフローラルの香りがお洗濯後にやさしく香ります。<br>使用方法用途など：<BR>使用量の目安　水３０Ｌに対し２５ｇ。衣類の「取り扱い絵表示」をお確かめください。「水洗いのできないもの」には使用しないでください。色落ちが心配な衣類には、原液を衣類の目立たない部分につけて５分ほど置き、変色、色落ちするものは洗わないでください。<br><br>成分：<BR>界面活性剤（14％、ポリオキシアルキレンアルキルアミン、ポリオキシエチレンアルキルエーテル）、粘度調整剤、再付着防止剤<br>使用上の注意：<BR>●子供の手の届くところに置かない。<br>●用途以外に使用しない。<br>●荒れ性の方や長時間使用する場合、または原液で使用する場合は炊事用手袋を使用する。<br>●使用後は手を水でよく洗い、クリームなどでお手入れをする。<br>●洗濯機のフタなどのプラスチック部分に洗剤がついたまま放置すると傷むことがあるので、水ですぐにふきとる。<br>応急処置：<BR>●子供の手の届くところに置かない。ｂｒ●用途以外に使用しない。ｂｒ●荒れ性の方や長時間使用する場合、または原液で使用する場合は炊事用手袋を使用する。ｂｒ●使用後は手を水でよく洗い、クリームなどでお手入れをする。ｂｒ●洗濯機のフタなどのプラスチック部分に洗剤がついたまま放置すると傷むことがあるので、水ですぐにふきとる。<br>保管保存方法：<BR>●高温や低温及び直射日光などを避けて保管する（色味が変化したり、にごりが生じることがありますが、製品性能上問題はありません）。<br>保管および取扱い上の注意：<BR>●洗濯機などのプラスチックに洗剤がついたまま放置すると傷むことがあるので、水ですぐにふきとる。 ●柔らかい材質でできているので、持つ運びや保管時の破損に注意する。<br><br>賞味期限等：<BR>●洗濯機などのプラスチックに洗剤がついたまま放置すると傷むことがあるので、水ですぐにふきとる。 ●柔らかい材質でできているので、持つ運びや保管時の破損に注意する。<br>問い合わせ先：<BR>ＮＳファーファジャパン株式会社　〒１３０ー００２４東京都墨田区菊川３ー２１ー８　　お客様相談室でんわ０３ー５６６９ー１２３０<br>原産国：日本<br>ブランド：ファーファ<BR>商品サイズ：145×236×78<br>JANコード：4902135142999<BR>cs：12<BR>商品カテゴリ： お洗濯・衣類・靴ケア　＞　洗剤・柔軟剤・漂白剤　＞　衣料用洗剤　＞　液体タイプ　(200000)<br><br><br><br>広告文責：アットライフ株式会社<br>TEL 079-280-2113<br>※商品パッケージは変更の場合あり。<br>メーカー欠品または完売の際、キャンセルをお願いすることがあります。ご了承ください。<style>
<!--

a:hover img {
-moz-opacity:0.7;
 opacity:0.7;
 filter:alpha(opacity=70);
}


#scrollUp{
border:none!important;
bottom:5px;
right:5px;
}
#scrollUp img{
display:none;
}
#scrollUp .nearCart{
background:url(http://image.rakuten.co.jp/at-zakka/cabinet/sozai1/cart_icon01.jpg) no-repeat 0 0;
}
#scrollUp,#scrollUp .nearCart{
width: 70px !important;
height: 73px !important;
}

-->
</style>
広告文責：アットライフ TEL：079-280-2113<br>
商品画像等は予告なく変わることがあります。<br>
また、メーカー欠品の場合はキャンセルのお願いをする場合がございます。ご了承ください。<br><br>

<!-- Webチラシ　　-->
<img src=""http://image.rakuten.co.jp/at-zakka/cabinet/tokusyupage/webtirasi.jpg"" width=""720"" height=""30"" style=""margin-bottom:5px""><br>
<img src=""http://image.rakuten.co.jp/at-zakka/cabinet/corner/tirashi_banner.jpg"" width=""720"" height=""120"" style=""margin-bottom:5px""><br><br>
<br>

<!-- Pickup! -->
<img src=""http://image.rakuten.co.jp/at-zakka/cabinet/pickup.jpg"" width=""720"" height=""30"" style=""margin-bottom:5px""><br>
<br><br>

<!-- レビューのお願い -->
<div align=""center""><img src=""http://image.rakuten.co.jp/at-zakka/cabinet/sozai1/review_onegai.jpg"" width=""600"" height=""700"" border=""0"" usemap=""#review_onegai""></div><map name=""review_onegai"" id=""review_onegai"">
  
  
</map><br><br>

<!-- 送料無料まであとちょっと -->
<p><img src=""http://image.rakuten.co.jp/at-zakka/cabinet/sozai1/atotyotto.jpg"" width=""730"" height=""80"" border=""0""><br>
<img src=""http://image.rakuten.co.jp/at-zakka/cabinet/sozai1/atotyotto1-999_1.jpg"" width=""365"" height=""60"" border=""0""><img src=""http://image.rakuten.co.jp/at-zakka/cabinet/sozai1/atotyotto1000-1999_1.jpg"" width=""365"" height=""60"" border=""0""></p><br>

<!-- 店長おすすめはこちら タイトル -->
<img src=""http://image.rakuten.co.jp/at-zakka/cabinet/sozai1/kyotusetumei1.jpg""><br>",【ＮＳファーファ】【ファーファ】ファーファ液洗　香りひきたつ無香料本体１ＫＧ【本体１．０ＫＧ】 （4902135142562） 【2999円(税込)以上で送料無料】：日用品＆生活雑貨の店「カットコ」,【ＮＳファーファ】【ファーファ】ファーファ液洗　香りひきたつ無香料本体１ＫＧ【本体１．０ＫＧ】 （4902135142562） 【2999円(税込)以上で送料無料】,【ＮＳファーファ】【ファーファ】ファーファ液洗　香りひきたつ無香料本体１ＫＧ【本体１．０ＫＧ】 （4902135142562） 【2999円(税込)以上で送料無料】[rn]
38-44342,http://tshop.r10s.jp/at-zakka/cabinet/pp/4902430657075.jpg?fitin=700:700,846.4000,,日用品雑貨・文房具・手芸 > 日用品・生活雑貨 > 洗剤・柔軟剤 > 洗濯用洗剤・柔軟剤 > 洗濯用洗剤,【今月のオススメ品】P&G アリエール 洗濯洗剤 液体 パワージェルボール 詰替用 超お得サイズ 1.16kg (48個入り)(4902430657075)(洗濯用品・ジェルボール・洗剤) 【2999円(税込)以上で送料無料】,　,"～シトラスグリーンの香り～<br /><br />*通常の約2.7倍*。 <br />*超お得サイズ*。<br /><br />*アリエールサイエンスプラスパワージェルボールつめかえ用(18個入り)対比 第3の洗剤 アリエールパワージェルボール*。 <br /><br />*一粒でコンパクト洗剤を超えた消臭洗浄力。* <br />*当社濃縮洗剤と比較。 消臭洗浄力とは消臭と皮脂汚れ洗浄の総合力を意味します <br />高濃度HEDPキレート成分とトリプルイオン洗浄成分の処方が様々な汚れもニオイも強力に洗浄します。 <br />*計量いらずで一粒ポンと入れるだけ。 <br />30L~65L(2.0kg~6.0kg)のお洗濯に適しています*。 <br />*全自動洗濯機・ドラム式洗濯機 OK。 <br />従来の液体洗剤つめかえ用とほぼ同じ回数使えます*。<br />**平均洗濯物量(2.6kg)縦型洗濯機使用 すすぎ1回OK**<br /><br />【使用上の注意】 <br /><br />　※子供に注意 <br />　※目に注意 <br />　※濡れた手で触らない <br />　※切らない破らない <br /><br />　※洗剤投入口には入れない(製品がつまり、水があふれる恐れがあります。) <br /><br />原産国：日本<br /><br />【お問い合わせ先】<br />P&amp;G <br />プロクター・アンド・ギャンブル・ジャパン株式会社<br />TEL：0120-021321(祝日・年末年始を除く月-金の9：15-17：00)<br /><br /><br />JANコード：<font size=""-1"">4902430657075</font><br />商品番号：101-10481　<br /><br /><br />（　洗濯用洗剤・衣料用洗剤・せんたく・香り・ジェルボール・時短・時間短縮・つめかえ・詰替え・詰め替え・詰め替え用　） <br /><br /><br /><br><br><br><br>広告文責：アットライフ株式会社<br>TEL 079-280-2113<br>※商品パッケージは変更の場合あり。<br>メーカー欠品または完売の際、キャンセルをお願いすることがあります。ご了承ください。<style>
<!--

a:hover img {
-moz-opacity:0.7;
 opacity:0.7;
 filter:alpha(opacity=70);
}


#scrollUp{
border:none!important;
bottom:5px;
right:5px;
}
#scrollUp img{
display:none;
}
#scrollUp .nearCart{
background:url(http://image.rakuten.co.jp/at-zakka/cabinet/sozai1/cart_icon01.jpg) no-repeat 0 0;
}
#scrollUp,#scrollUp .nearCart{
width: 70px !important;
height: 73px !important;
}

-->
</style>
広告文責：アットライフ TEL：079-280-2113<br>
商品画像等は予告なく変わることがあります。<br>
また、メーカー欠品の場合はキャンセルのお願いをする場合がございます。ご了承ください。<br><br>

<!-- Webチラシ　　-->
<img src=""http://image.rakuten.co.jp/at-zakka/cabinet/tokusyupage/webtirasi.jpg"" width=""720"" height=""30"" style=""margin-bottom:5px""><br>
<img src=""http://image.rakuten.co.jp/at-zakka/cabinet/corner/tirashi_banner.jpg"" width=""720"" height=""120"" style=""margin-bottom:5px""><br><br>
<br>

<!-- Pickup! -->
<img src=""http://image.rakuten.co.jp/at-zakka/cabinet/pickup.jpg"" width=""720"" height=""30"" style=""margin-bottom:5px""><br>
<br><br>

<!-- レビューのお願い -->
<div align=""center""><img src=""http://image.rakuten.co.jp/at-zakka/cabinet/sozai1/review_onegai.jpg"" width=""600"" height=""700"" border=""0"" usemap=""#review_onegai""></div><map name=""review_onegai"" id=""review_onegai"">
  
  
</map><br><br>

<!-- 送料無料まであとちょっと -->
<p><img src=""http://image.rakuten.co.jp/at-zakka/cabinet/sozai1/atotyotto.jpg"" width=""730"" height=""80"" border=""0""><br>
<img src=""http://image.rakuten.co.jp/at-zakka/cabinet/sozai1/atotyotto1-999_1.jpg"" width=""365"" height=""60"" border=""0""><img src=""http://image.rakuten.co.jp/at-zakka/cabinet/sozai1/atotyotto1000-1999_1.jpg"" width=""365"" height=""60"" border=""0""></p><br>

<!-- 店長おすすめはこちら タイトル -->
<img src=""http://image.rakuten.co.jp/at-zakka/cabinet/sozai1/kyotusetumei1.jpg""><br>",【今月のオススメ品】P&amp;G アリエール 洗濯洗剤 液体 パワージェルボール 詰替用 超お得サイズ 1.16kg (48個入り)(4902430657075)(洗濯用品・ジェルボール・洗剤) 【2999円(税込)以上で送料無料】：日用品＆生活雑貨の店「カットコ」,【今月のオススメ品】P&amp;G アリエール 洗濯洗剤 液体 パワージェルボール 詰替用 超お得サイズ 1.16kg (48個入り)(4902430657075)(洗濯用品・ジェルボール・洗剤) 【2999円(税込)以上で送料無料】,　。【今月のオススメ品】P&amp;G アリエール 洗濯洗剤 液体 パワージェルボール 詰替用 超お得サイズ 1.16kg (48個入り)(4902430657075)(洗濯用品・ジェルボール・洗剤) 【2999円(税込)以上で送料無料】[rn]
38-44343,http://tshop.r10s.jp/at-zakka/cabinet/1047/4902135142500.jpg?fitin=700:700,214.4000,,日用品雑貨・文房具・手芸 > 日用品・生活雑貨 > 洗剤・柔軟剤 > 洗濯用洗剤・柔軟剤 > 洗濯用洗剤,【ＮＳファーファ】【ファーファ】ファーファ液洗　香りひきたつ無香料詰替０．９ＫＧ【詰替０．９ＫＧ】 （4902135142500） 【2999円(税込)以上で送料無料】,,"【商品説明】<br>しつこい蓄積臭（ちくせきしゅう）もダブルの効果ですっきり洗う「消臭＆抗菌」洗浄力１３３％にアップ（従来品比）。消臭成分配合で一日着用して衣類に溜まったニオイ汚れをすっきり。抗菌成分配合でニオイの元となる菌の増殖を抑制。生乾きのイヤなニオイも防ぎます（※すべての菌に効果があるわけではありません）。長年支持されているベビーフローラルの香りがお洗濯後にやさしく香ります。<br>使用方法用途など：<BR>使用量の目安　水３０Ｌに対し２５ｇ。衣類の「取り扱い絵表示」をお確かめください。「水洗いのできないもの」には使用しないでください。色落ちが心配な衣類には、原液を衣類の目立たない部分につけて５分ほど置き、変色、色落ちするものは洗わないでください。<br><br>成分：<BR>界面活性剤（14％、ポリオキシアルキレンアルキルアミン、ポリオキシエチレンアルキルエーテル）、粘度調整剤、再付着防止剤<br>使用上の注意：<BR>●子供の手の届くところに置かない。<br>●用途以外に使用しない。<br>●荒れ性の方や長時間使用する場合、または原液で使用する場合は炊事用手袋を使用する。<br>●使用後は手を水でよく洗い、クリームなどでお手入れをする。<br>●洗濯機のフタなどのプラスチック部分に洗剤がついたまま放置すると傷むことがあるので、水ですぐにふきとる。<br>応急処置：<BR>●子供の手の届くところに置かない。ｂｒ●用途以外に使用しない。ｂｒ●荒れ性の方や長時間使用する場合、または原液で使用する場合は炊事用手袋を使用する。ｂｒ●使用後は手を水でよく洗い、クリームなどでお手入れをする。ｂｒ●洗濯機のフタなどのプラスチック部分に洗剤がついたまま放置すると傷むことがあるので、水ですぐにふきとる。<br>保管保存方法：<BR>●高温や低温及び直射日光などを避けて保管する（色味が変化したり、にごりが生じることがありますが、製品性能上問題はありません）。<br>保管および取扱い上の注意：<BR>●洗濯機などのプラスチックに洗剤がついたまま放置すると傷むことがあるので、水ですぐにふきとる。 ●柔らかい材質でできているので、持つ運びや保管時の破損に注意する。<br><br>賞味期限等：<BR>●洗濯機などのプラスチックに洗剤がついたまま放置すると傷むことがあるので、水ですぐにふきとる。 ●柔らかい材質でできているので、持つ運びや保管時の破損に注意する。<br>問い合わせ先：<BR>ＮＳファーファジャパン株式会社　〒１３０ー００２４東京都墨田区菊川３ー２１ー８　　お客様相談室でんわ０３ー５６６９ー１２３０<br>原産国：日本<br>ブランド：ファーファ<BR>商品サイズ：145×236×78<br>JANコード：4902135142999<BR>cs：12<BR>商品カテゴリ： お洗濯・衣類・靴ケア　＞　洗剤・柔軟剤・漂白剤　＞　衣料用洗剤　＞　液体タイプ　(200000)<br><br><br><br>広告文責：アットライフ株式会社<br>TEL 079-280-2113<br>※商品パッケージは変更の場合あり。<br>メーカー欠品または完売の際、キャンセルをお願いすることがあります。ご了承ください。<style>
<!--

a:hover img {
-moz-opacity:0.7;
 opacity:0.7;
 filter:alpha(opacity=70);
}


#scrollUp{
border:none!important;
bottom:5px;
right:5px;
}
#scrollUp img{
display:none;
}
#scrollUp .nearCart{
background:url(http://image.rakuten.co.jp/at-zakka/cabinet/sozai1/cart_icon01.jpg) no-repeat 0 0;
}
#scrollUp,#scrollUp .nearCart{
width: 70px !important;
height: 73px !important;
}

-->
</style>
広告文責：アットライフ TEL：079-280-2113<br>
商品画像等は予告なく変わることがあります。<br>
また、メーカー欠品の場合はキャンセルのお願いをする場合がございます。ご了承ください。<br><br>

<!-- Webチラシ　　-->
<img src=""http://image.rakuten.co.jp/at-zakka/cabinet/tokusyupage/webtirasi.jpg"" width=""720"" height=""30"" style=""margin-bottom:5px""><br>
<img src=""http://image.rakuten.co.jp/at-zakka/cabinet/corner/tirashi_banner.jpg"" width=""720"" height=""120"" style=""margin-bottom:5px""><br><br>
<br>

<!-- Pickup! -->
<img src=""http://image.rakuten.co.jp/at-zakka/cabinet/pickup.jpg"" width=""720"" height=""30"" style=""margin-bottom:5px""><br>
<br><br>

<!-- レビューのお願い -->
<div align=""center""><img src=""http://image.rakuten.co.jp/at-zakka/cabinet/sozai1/review_onegai.jpg"" width=""600"" height=""700"" border=""0"" usemap=""#review_onegai""></div><map name=""review_onegai"" id=""review_onegai"">
  
  
</map><br><br>

<!-- 送料無料まであとちょっと -->
<p><img src=""http://image.rakuten.co.jp/at-zakka/cabinet/sozai1/atotyotto.jpg"" width=""730"" height=""80"" border=""0""><br>
<img src=""http://image.rakuten.co.jp/at-zakka/cabinet/sozai1/atotyotto1-999_1.jpg"" width=""365"" height=""60"" border=""0""><img src=""http://image.rakuten.co.jp/at-zakka/cabinet/sozai1/atotyotto1000-1999_1.jpg"" width=""365"" height=""60"" border=""0""></p><br>

<!-- 店長おすすめはこちら タイトル -->
<img src=""http://image.rakuten.co.jp/at-zakka/cabinet/sozai1/kyotusetumei1.jpg""><br>",【ＮＳファーファ】【ファーファ】ファーファ液洗　香りひきたつ無香料詰替０．９ＫＧ【詰替０．９ＫＧ】 （4902135142500） 【2999円(税込)以上で送料無料】：日用品＆生活雑貨の店「カットコ」,【ＮＳファーファ】【ファーファ】ファーファ液洗　香りひきたつ無香料詰替０．９ＫＧ【詰替０．９ＫＧ】 （4902135142500） 【2999円(税込)以上で送料無料】,【ＮＳファーファ】【ファーファ】ファーファ液洗　香りひきたつ無香料詰替０．９ＫＧ【詰替０．９ＫＧ】 （4902135142500） 【2999円(税込)以上で送料無料】[rn]
38-44344,http://tshop.r10s.jp/at-zakka/cabinet/s/4902135118734.jpg?fitin=700:700,214.4000,,日用品雑貨・文房具・手芸 > 日用品・生活雑貨 > 洗剤・柔軟剤 > 洗濯用洗剤・柔軟剤 > 洗濯用洗剤,ファーファ　コンパクト洗剤 ベビーフローラル ０．９ｋｇ (4902135118734) 【2999円(税込)以上で送料無料】,　,"商品名：ファーファ　コンパクト洗剤 ベビーフローラル ０．９ｋｇ<br>内容量：900g<br>ブランド：ファーファ<br>原産国：日本<br><br>定番のベビーフローラルの香りの粉末洗剤。漂白成分入りでスッキリ　約束の白さ。マイクロパウダー製法で溶けやすさ抜群。<br>使用方法：使用量の目安　水30Ｌに対し30g。・すすぎは2回をおすすめします。・洗濯物が多いときや汚れのひどい場合は、洗剤を１割程度多く使用するとより効果的な洗浄力が得られます。・ドラム式洗濯機にもおすすめ。用途　綿・麻・合成繊維用・お洗濯前に衣類の「取扱い絵表示」をお確かめください。本品は蛍光増白剤を配合しております。きなりやｵﾌﾎﾜｲﾄ、ﾍﾞｰｼﾞｭ、ﾋﾟﾝｸ等の淡色系の木綿・麻衣料などは蛍光剤を配合していない洗剤をおすすめします。このような衣類は、蛍光剤の入った洗剤で洗うと白っぽくなる<br>問合せ先：ＮＳファーファジャパン株式会社　〒１３０－００２４東京都墨田区菊川３ー２１ー８お客様相談室　でんわ０３ー５６６９ー１２３０<br><br>JANコード：4902135118734<br><br><br>商品番号：101-16643<br><br><br><br>区分： 洗剤・柔軟剤 <br><br><br><br>広告文責：アットライフ株式会社<br>TEL 079-280-2113<br>※商品パッケージは変更の場合あり。<br>メーカー欠品または完売の際、キャンセルをお願いすることがあります。ご了承ください。<style>
<!--

a:hover img {
-moz-opacity:0.7;
 opacity:0.7;
 filter:alpha(opacity=70);
}


#scrollUp{
border:none!important;
bottom:5px;
right:5px;
}
#scrollUp img{
display:none;
}
#scrollUp .nearCart{
background:url(http://image.rakuten.co.jp/at-zakka/cabinet/sozai1/cart_icon01.jpg) no-repeat 0 0;
}
#scrollUp,#scrollUp .nearCart{
width: 70px !important;
height: 73px !important;
}

-->
</style>
広告文責：アットライフ TEL：079-280-2113<br>
商品画像等は予告なく変わることがあります。<br>
また、メーカー欠品の場合はキャンセルのお願いをする場合がございます。ご了承ください。<br><br>

<!-- Webチラシ　　-->
<img src=""http://image.rakuten.co.jp/at-zakka/cabinet/tokusyupage/webtirasi.jpg"" width=""720"" height=""30"" style=""margin-bottom:5px""><br>
<img src=""http://image.rakuten.co.jp/at-zakka/cabinet/corner/tirashi_banner.jpg"" width=""720"" height=""120"" style=""margin-bottom:5px""><br><br>
<br>

<!-- Pickup! -->
<img src=""http://image.rakuten.co.jp/at-zakka/cabinet/pickup.jpg"" width=""720"" height=""30"" style=""margin-bottom:5px""><br>
<br><br>

<!-- レビューのお願い -->
<div align=""center""><img src=""http://image.rakuten.co.jp/at-zakka/cabinet/sozai1/review_onegai.jpg"" width=""600"" height=""700"" border=""0"" usemap=""#review_onegai""></div><map name=""review_onegai"" id=""review_onegai"">
  
  
</map><br><br>

<!-- 送料無料まであとちょっと -->
<p><img src=""http://image.rakuten.co.jp/at-zakka/cabinet/sozai1/atotyotto.jpg"" width=""730"" height=""80"" border=""0""><br>
<img src=""http://image.rakuten.co.jp/at-zakka/cabinet/sozai1/atotyotto1-999_1.jpg"" width=""365"" height=""60"" border=""0""><img src=""http://image.rakuten.co.jp/at-zakka/cabinet/sozai1/atotyotto1000-1999_1.jpg"" width=""365"" height=""60"" border=""0""></p><br>

<!-- 店長おすすめはこちら タイトル -->
<img src=""http://image.rakuten.co.jp/at-zakka/cabinet/sozai1/kyotusetumei1.jpg""><br>",ファーファ　コンパクト洗剤 ベビーフローラル ０．９ｋｇ (4902135118734) 【2999円(税込)以上で送料無料】：日用品＆生活雑貨の店「カットコ」,ファーファ　コンパクト洗剤 ベビーフローラル ０．９ｋｇ (4902135118734) 【2999円(税込)以上で送料無料】,　。ファーファ　コンパクト洗剤 ベビーフローラル ０．９ｋｇ (4902135118734) 【2999円(税込)以上で送料無料】[rn]
38-44345,http://tshop.r10s.jp/at-zakka/cabinet/1047/4902135142227.jpg?fitin=700:700,276.0000,,日用品雑貨・文房具・手芸 > 日用品・生活雑貨 > 洗剤・柔軟剤 > 洗濯用洗剤・柔軟剤 > 洗濯用洗剤,【ＮＳファーファ】【ファーファ】ファーファ液体洗剤　クリアアップルブロッサム１ＫＧ【本体１．０ＫＧ】 （4902135142227） 【2999円(税込)以上で送料無料】,,"【商品説明】<br>しつこい蓄積臭（ちくせきしゅう）もダブルの効果ですっきり洗う「消臭＆抗菌」洗浄力１３３％にアップ（従来品比）。消臭成分配合で一日着用して衣類に溜まったニオイ汚れをすっきり。抗菌成分配合でニオイの元となる菌の増殖を抑制。生乾きのイヤなニオイも防ぎます（※すべての菌に効果があるわけではありません）。長年支持されているベビーフローラルの香りがお洗濯後にやさしく香ります。<br>使用方法用途など：<BR>使用量の目安　水３０Ｌに対し２５ｇ。衣類の「取り扱い絵表示」をお確かめください。「水洗いのできないもの」には使用しないでください。色落ちが心配な衣類には、原液を衣類の目立たない部分につけて５分ほど置き、変色、色落ちするものは洗わないでください。<br><br>成分：<BR>界面活性剤（14％、ポリオキシアルキレンアルキルアミン、ポリオキシエチレンアルキルエーテル）、粘度調整剤、再付着防止剤<br>使用上の注意：<BR>●子供の手の届くところに置かない。<br>●用途以外に使用しない。<br>●荒れ性の方や長時間使用する場合、または原液で使用する場合は炊事用手袋を使用する。<br>●使用後は手を水でよく洗い、クリームなどでお手入れをする。<br>●洗濯機のフタなどのプラスチック部分に洗剤がついたまま放置すると傷むことがあるので、水ですぐにふきとる。<br>応急処置：<BR>●子供の手の届くところに置かない。ｂｒ●用途以外に使用しない。ｂｒ●荒れ性の方や長時間使用する場合、または原液で使用する場合は炊事用手袋を使用する。ｂｒ●使用後は手を水でよく洗い、クリームなどでお手入れをする。ｂｒ●洗濯機のフタなどのプラスチック部分に洗剤がついたまま放置すると傷むことがあるので、水ですぐにふきとる。<br>保管保存方法：<BR>●高温や低温及び直射日光などを避けて保管する（色味が変化したり、にごりが生じることがありますが、製品性能上問題はありません）。<br>保管および取扱い上の注意：<BR>●洗濯機などのプラスチックに洗剤がついたまま放置すると傷むことがあるので、水ですぐにふきとる。 ●柔らかい材質でできているので、持つ運びや保管時の破損に注意する。<br><br>賞味期限等：<BR>●洗濯機などのプラスチックに洗剤がついたまま放置すると傷むことがあるので、水ですぐにふきとる。 ●柔らかい材質でできているので、持つ運びや保管時の破損に注意する。<br>問い合わせ先：<BR>ＮＳファーファジャパン株式会社　〒１３０ー００２４東京都墨田区菊川３ー２１ー８　　お客様相談室でんわ０３ー５６６９ー１２３０<br>原産国：日本<br>ブランド：ファーファ<BR>商品サイズ：145×236×78<br>JANコード：4902135142999<BR>cs：12<BR>商品カテゴリ： お洗濯・衣類・靴ケア　＞　洗剤・柔軟剤・漂白剤　＞　衣料用洗剤　＞　液体タイプ　(200000)<br><br><br><br>広告文責：アットライフ株式会社<br>TEL 079-280-2113<br>※商品パッケージは変更の場合あり。<br>メーカー欠品または完売の際、キャンセルをお願いすることがあります。ご了承ください。<style>
<!--

a:hover img {
-moz-opacity:0.7;
 opacity:0.7;
 filter:alpha(opacity=70);
}


#scrollUp{
border:none!important;
bottom:5px;
right:5px;
}
#scrollUp img{
display:none;
}
#scrollUp .nearCart{
background:url(http://image.rakuten.co.jp/at-zakka/cabinet/sozai1/cart_icon01.jpg) no-repeat 0 0;
}
#scrollUp,#scrollUp .nearCart{
width: 70px !important;
height: 73px !important;
}

-->
</style>
広告文責：アットライフ TEL：079-280-2113<br>
商品画像等は予告なく変わることがあります。<br>
また、メーカー欠品の場合はキャンセルのお願いをする場合がございます。ご了承ください。<br><br>

<!-- Webチラシ　　-->
<img src=""http://image.rakuten.co.jp/at-zakka/cabinet/tokusyupage/webtirasi.jpg"" width=""720"" height=""30"" style=""margin-bottom:5px""><br>
<img src=""http://image.rakuten.co.jp/at-zakka/cabinet/corner/tirashi_banner.jpg"" width=""720"" height=""120"" style=""margin-bottom:5px""><br><br>
<br>

<!-- Pickup! -->
<img src=""http://image.rakuten.co.jp/at-zakka/cabinet/pickup.jpg"" width=""720"" height=""30"" style=""margin-bottom:5px""><br>
<br><br>

<!-- レビューのお願い -->
<div align=""center""><img src=""http://image.rakuten.co.jp/at-zakka/cabinet/sozai1/review_onegai.jpg"" width=""600"" height=""700"" border=""0"" usemap=""#review_onegai""></div><map name=""review_onegai"" id=""review_onegai"">
  
  
</map><br><br>

<!-- 送料無料まであとちょっと -->
<p><img src=""http://image.rakuten.co.jp/at-zakka/cabinet/sozai1/atotyotto.jpg"" width=""730"" height=""80"" border=""0""><br>
<img src=""http://image.rakuten.co.jp/at-zakka/cabinet/sozai1/atotyotto1-999_1.jpg"" width=""365"" height=""60"" border=""0""><img src=""http://image.rakuten.co.jp/at-zakka/cabinet/sozai1/atotyotto1000-1999_1.jpg"" width=""365"" height=""60"" border=""0""></p><br>

<!-- 店長おすすめはこちら タイトル -->
<img src=""http://image.rakuten.co.jp/at-zakka/cabinet/sozai1/kyotusetumei1.jpg""><br>",【ＮＳファーファ】【ファーファ】ファーファ液体洗剤　クリアアップルブロッサム１ＫＧ【本体１．０ＫＧ】 （4902135142227） 【2999円(税込)以上で送料無料】：日用品＆生活雑貨の店「カットコ」,【ＮＳファーファ】【ファーファ】ファーファ液体洗剤　クリアアップルブロッサム１ＫＧ【本体１．０ＫＧ】 （4902135142227） 【2999円(税込)以上で送料無料】,【ＮＳファーファ】【ファーファ】ファーファ液体洗剤　クリアアップルブロッサム１ＫＧ【本体１．０ＫＧ】 （4902135142227） 【2999円(税込)以上で送料無料】[rn]
38-44346,http://tshop.r10s.jp/at-zakka/cabinet/1047/4902135142234.jpg?fitin=700:700,201.6000,,日用品雑貨・文房具・手芸 > 日用品・生活雑貨 > 洗剤・柔軟剤 > 洗濯用洗剤・柔軟剤 > 洗濯用洗剤,【ＮＳファーファ】【ファーファ】ファーファ液体洗剤　クリアアップルブロッサム詰替０．９ＫＧ【詰替０．９ＫＧ】 （4902135142234） 【2999円(税込)以上で送料無料】,,"【商品説明】<br>しつこい蓄積臭（ちくせきしゅう）もダブルの効果ですっきり洗う「消臭＆抗菌」洗浄力１３３％にアップ（従来品比）。消臭成分配合で一日着用して衣類に溜まったニオイ汚れをすっきり。抗菌成分配合でニオイの元となる菌の増殖を抑制。生乾きのイヤなニオイも防ぎます（※すべての菌に効果があるわけではありません）。長年支持されているベビーフローラルの香りがお洗濯後にやさしく香ります。<br>使用方法用途など：<BR>使用量の目安　水３０Ｌに対し２５ｇ。衣類の「取り扱い絵表示」をお確かめください。「水洗いのできないもの」には使用しないでください。色落ちが心配な衣類には、原液を衣類の目立たない部分につけて５分ほど置き、変色、色落ちするものは洗わないでください。<br><br>成分：<BR>界面活性剤（14％、ポリオキシアルキレンアルキルアミン、ポリオキシエチレンアルキルエーテル）、粘度調整剤、再付着防止剤<br>使用上の注意：<BR>●子供の手の届くところに置かない。<br>●用途以外に使用しない。<br>●荒れ性の方や長時間使用する場合、または原液で使用する場合は炊事用手袋を使用する。<br>●使用後は手を水でよく洗い、クリームなどでお手入れをする。<br>●洗濯機のフタなどのプラスチック部分に洗剤がついたまま放置すると傷むことがあるので、水ですぐにふきとる。<br>応急処置：<BR>●子供の手の届くところに置かない。ｂｒ●用途以外に使用しない。ｂｒ●荒れ性の方や長時間使用する場合、または原液で使用する場合は炊事用手袋を使用する。ｂｒ●使用後は手を水でよく洗い、クリームなどでお手入れをする。ｂｒ●洗濯機のフタなどのプラスチック部分に洗剤がついたまま放置すると傷むことがあるので、水ですぐにふきとる。<br>保管保存方法：<BR>●高温や低温及び直射日光などを避けて保管する（色味が変化したり、にごりが生じることがありますが、製品性能上問題はありません）。<br>保管および取扱い上の注意：<BR>●洗濯機などのプラスチックに洗剤がついたまま放置すると傷むことがあるので、水ですぐにふきとる。 ●柔らかい材質でできているので、持つ運びや保管時の破損に注意する。<br><br>賞味期限等：<BR>●洗濯機などのプラスチックに洗剤がついたまま放置すると傷むことがあるので、水ですぐにふきとる。 ●柔らかい材質でできているので、持つ運びや保管時の破損に注意する。<br>問い合わせ先：<BR>ＮＳファーファジャパン株式会社　〒１３０ー００２４東京都墨田区菊川３ー２１ー８　　お客様相談室でんわ０３ー５６６９ー１２３０<br>原産国：日本<br>ブランド：ファーファ<BR>商品サイズ：145×236×78<br>JANコード：4902135142999<BR>cs：12<BR>商品カテゴリ： お洗濯・衣類・靴ケア　＞　洗剤・柔軟剤・漂白剤　＞　衣料用洗剤　＞　液体タイプ　(200000)<br><br><br><br>広告文責：アットライフ株式会社<br>TEL 079-280-2113<br>※商品パッケージは変更の場合あり。<br>メーカー欠品または完売の際、キャンセルをお願いすることがあります。ご了承ください。<style>
<!--

a:hover img {
-moz-opacity:0.7;
 opacity:0.7;
 filter:alpha(opacity=70);
}


#scrollUp{
border:none!important;
bottom:5px;
right:5px;
}
#scrollUp img{
display:none;
}
#scrollUp .nearCart{
background:url(http://image.rakuten.co.jp/at-zakka/cabinet/sozai1/cart_icon01.jpg) no-repeat 0 0;
}
#scrollUp,#scrollUp .nearCart{
width: 70px !important;
height: 73px !important;
}

-->
</style>
広告文責：アットライフ TEL：079-280-2113<br>
商品画像等は予告なく変わることがあります。<br>
また、メーカー欠品の場合はキャンセルのお願いをする場合がございます。ご了承ください。<br><br>

<!-- Webチラシ　　-->
<img src=""http://image.rakuten.co.jp/at-zakka/cabinet/tokusyupage/webtirasi.jpg"" width=""720"" height=""30"" style=""margin-bottom:5px""><br>
<img src=""http://image.rakuten.co.jp/at-zakka/cabinet/corner/tirashi_banner.jpg"" width=""720"" height=""120"" style=""margin-bottom:5px""><br><br>
<br>

<!-- Pickup! -->
<img src=""http://image.rakuten.co.jp/at-zakka/cabinet/pickup.jpg"" width=""720"" height=""30"" style=""margin-bottom:5px""><br>
<br><br>

<!-- レビューのお願い -->
<div align=""center""><img src=""http://image.rakuten.co.jp/at-zakka/cabinet/sozai1/review_onegai.jpg"" width=""600"" height=""700"" border=""0"" usemap=""#review_onegai""></div><map name=""review_onegai"" id=""review_onegai"">
  
  
</map><br><br>

<!-- 送料無料まであとちょっと -->
<p><img src=""http://image.rakuten.co.jp/at-zakka/cabinet/sozai1/atotyotto.jpg"" width=""730"" height=""80"" border=""0""><br>
<img src=""http://image.rakuten.co.jp/at-zakka/cabinet/sozai1/atotyotto1-999_1.jpg"" width=""365"" height=""60"" border=""0""><img src=""http://image.rakuten.co.jp/at-zakka/cabinet/sozai1/atotyotto1000-1999_1.jpg"" width=""365"" height=""60"" border=""0""></p><br>

<!-- 店長おすすめはこちら タイトル -->
<img src=""http://image.rakuten.co.jp/at-zakka/cabinet/sozai1/kyotusetumei1.jpg""><br>",【ＮＳファーファ】【ファーファ】ファーファ液体洗剤　クリアアップルブロッサム詰替０．９ＫＧ【詰替０．９ＫＧ】 （4902135142234） 【2999円(税込)以上で送料無料】：日用品＆生活雑貨の店「カットコ」,【ＮＳファーファ】【ファーファ】ファーファ液体洗剤　クリアアップルブロッサム詰替０．９ＫＧ【詰替０．９ＫＧ】 （4902135142234） 【2999円(税込)以上で送料無料】,【ＮＳファーファ】【ファーファ】ファーファ液体洗剤　クリアアップルブロッサム詰替０．９ＫＧ【詰替０．９ＫＧ】 （4902135142234） 【2999円(税込)以上で送料無料】[rn]
38-44347,http://tshop.r10s.jp/at-zakka/cabinet/pp/4902430657099.jpg?fitin=700:700,846.4000,,日用品雑貨・文房具・手芸 > 日用品・生活雑貨 > 洗剤・柔軟剤 > 洗濯用洗剤・柔軟剤 > 洗濯用洗剤,【今月のオススメ品】Ｐ＆Ｇ　アリエール 洗濯洗剤 液体 リビングドライジェルボール 詰替用 超お得サイズ 1.16kg (48個入り)(4902430657099)(洗濯用品・ジェルボール・洗剤) 【2999円(税込)以上で送料無料】,　,"～シトラスグリーンの香り～<br /><br />*通常の約2.7倍*。 <br />*超お得サイズ*。<br /><br />*アリエールサイエンスプラスパワージェルボールつめかえ用(18個入り)対比 第3の洗剤 アリエールパワージェルボール*。 <br /><br />*一粒でコンパクト洗剤を超えた消臭洗浄力。* <br />*当社濃縮洗剤と比較。 消臭洗浄力とは消臭と皮脂汚れ洗浄の総合力を意味します <br />高濃度HEDPキレート成分とトリプルイオン洗浄成分の処方が様々な汚れもニオイも強力に洗浄します。 <br />*計量いらずで一粒ポンと入れるだけ。 <br />30L~65L(2.0kg~6.0kg)のお洗濯に適しています*。 <br />*全自動洗濯機・ドラム式洗濯機 OK。 <br />従来の液体洗剤つめかえ用とほぼ同じ回数使えます*。<br />**平均洗濯物量(2.6kg)縦型洗濯機使用 すすぎ1回OK**<br /><br />【使用上の注意】 <br /><br />　※子供に注意 <br />　※目に注意 <br />　※濡れた手で触らない <br />　※切らない破らない <br /><br />　※洗剤投入口には入れない(製品がつまり、水があふれる恐れがあります。) <br /><br />原産国：日本<br /><br />【お問い合わせ先】<br />P&amp;G <br />プロクター・アンド・ギャンブル・ジャパン株式会社<br />TEL：0120-021321(祝日・年末年始を除く月-金の9：15-17：00)<br /><br /><br />JANコード：<font size=""-1"">4902430657075</font><br />商品番号：101-10481　<br /><br /><br />（　洗濯用洗剤・衣料用洗剤・せんたく・香り・ジェルボール・時短・時間短縮・つめかえ・詰替え・詰め替え・詰め替え用　） <br /><br /><br /><br><br><br><br>広告文責：アットライフ株式会社<br>TEL 079-280-2113<br>※商品パッケージは変更の場合あり。<br>メーカー欠品または完売の際、キャンセルをお願いすることがあります。ご了承ください。<style>
<!--

a:hover img {
-moz-opacity:0.7;
 opacity:0.7;
 filter:alpha(opacity=70);
}


#scrollUp{
border:none!important;
bottom:5px;
right:5px;
}
#scrollUp img{
display:none;
}
#scrollUp .nearCart{
background:url(http://image.rakuten.co.jp/at-zakka/cabinet/sozai1/cart_icon01.jpg) no-repeat 0 0;
}
#scrollUp,#scrollUp .nearCart{
width: 70px !important;
height: 73px !important;
}

-->
</style>
広告文責：アットライフ TEL：079-280-2113<br>
商品画像等は予告なく変わることがあります。<br>
また、メーカー欠品の場合はキャンセルのお願いをする場合がございます。ご了承ください。<br><br>

<!-- Webチラシ　　-->
<img src=""http://image.rakuten.co.jp/at-zakka/cabinet/tokusyupage/webtirasi.jpg"" width=""720"" height=""30"" style=""margin-bottom:5px""><br>
<img src=""http://image.rakuten.co.jp/at-zakka/cabinet/corner/tirashi_banner.jpg"" width=""720"" height=""120"" style=""margin-bottom:5px""><br><br>
<br>

<!-- Pickup! -->
<img src=""http://image.rakuten.co.jp/at-zakka/cabinet/pickup.jpg"" width=""720"" height=""30"" style=""margin-bottom:5px""><br>
<br><br>

<!-- レビューのお願い -->
<div align=""center""><img src=""http://image.rakuten.co.jp/at-zakka/cabinet/sozai1/review_onegai.jpg"" width=""600"" height=""700"" border=""0"" usemap=""#review_onegai""></div><map name=""review_onegai"" id=""review_onegai"">
  
  
</map><br><br>

<!-- 送料無料まであとちょっと -->
<p><img src=""http://image.rakuten.co.jp/at-zakka/cabinet/sozai1/atotyotto.jpg"" width=""730"" height=""80"" border=""0""><br>
<img src=""http://image.rakuten.co.jp/at-zakka/cabinet/sozai1/atotyotto1-999_1.jpg"" width=""365"" height=""60"" border=""0""><img src=""http://image.rakuten.co.jp/at-zakka/cabinet/sozai1/atotyotto1000-1999_1.jpg"" width=""365"" height=""60"" border=""0""></p><br>

<!-- 店長おすすめはこちら タイトル -->
<img src=""http://image.rakuten.co.jp/at-zakka/cabinet/sozai1/kyotusetumei1.jpg""><br>",【今月のオススメ品】Ｐ＆Ｇ　アリエール 洗濯洗剤 液体 リビングドライジェルボール 詰替用 超お得サイズ 1.16kg (48個入り)(4902430657099)(洗濯用品・ジェルボール・洗剤) 【2999円(税込)以上で送料無料】：日用品＆生活雑貨の店「カットコ」,【今月のオススメ品】Ｐ＆Ｇ　アリエール 洗濯洗剤 液体 リビングドライジェルボール 詰替用 超お得サイズ 1.16kg (48個入り)(4902430657099)(洗濯用品・ジェルボール・洗剤) 【2999円(税込)以上で送料無料】,　。【今月のオススメ品】Ｐ＆Ｇ　アリエール 洗濯洗剤 液体 リビングドライジェルボール 詰替用 超お得サイズ 1.16kg (48個入り)(4902430657099)(洗濯用品・ジェルボール・洗剤) 【2999円(税込)以上で送料無料】[rn]
38-44348,http://tshop.r10s.jp/at-zakka/cabinet/1036/4901329230139.jpg?fitin=700:700,370.4000,,日用品雑貨・文房具・手芸 > 日用品・生活雑貨 > 洗剤・柔軟剤 > 洗濯用洗剤・柔軟剤 > 洗濯用洗剤,【カネヨ石鹸】作業着専用洗剤ジェル８００ＭＬ【８００ｍｌ】 （4901329230139） 【2999円(税込)以上で送料無料】,,"【商品説明】<br>使いやすいジェルタイプる洗浄成分・抗菌・消臭・防汚成分のパワーで汚れた衣類をスッキリ。抗菌仕上げで部屋干し臭を防ぐ。<br><br>商品サイズ：100×280×70<br><br>成分：界面活性剤・溶剤・アルカリ剤・分散剤・安定化剤<br><br>ご使用上の注意等：●用途以外に使用しない。<br>●子供の手の届く所に置かない。<br>●白物の衣類を一緒に洗う時は色落ちに注意する。<br>●劣化した油汚れや奥深く染み込んだドロ汚れなどは、落ちない場合がある。<br>●洗たく槽のフタなどプラスチック部分に原液がついたときは水で拭き取る。<br><br>原産国：日本<br><br>問い合わせ先：〒３６６-００２２　埼玉県深谷市本田ヶ谷１２０ カネヨ石鹸株式会社　電話番号　０４８-５７３-７８５１<br>商品区分：洗濯洗剤<br>JANコード：4901329230139<br><br><br><br>広告文責：アットライフ株式会社<br>TEL 079-280-2113<br>※商品パッケージは変更の場合あり。<br>メーカー欠品または完売の際、キャンセルをお願いすることがあります。ご了承ください。<style>
<!--

a:hover img {
-moz-opacity:0.7;
 opacity:0.7;
 filter:alpha(opacity=70);
}


#scrollUp{
border:none!important;
bottom:5px;
right:5px;
}
#scrollUp img{
display:none;
}
#scrollUp .nearCart{
background:url(http://image.rakuten.co.jp/at-zakka/cabinet/sozai1/cart_icon01.jpg) no-repeat 0 0;
}
#scrollUp,#scrollUp .nearCart{
width: 70px !important;
height: 73px !important;
}

-->
</style>
広告文責：アットライフ TEL：079-280-2113<br>
商品画像等は予告なく変わることがあります。<br>
また、メーカー欠品の場合はキャンセルのお願いをする場合がございます。ご了承ください。<br><br>

<!-- Webチラシ　　-->
<img src=""http://image.rakuten.co.jp/at-zakka/cabinet/tokusyupage/webtirasi.jpg"" width=""720"" height=""30"" style=""margin-bottom:5px""><br>
<img src=""http://image.rakuten.co.jp/at-zakka/cabinet/corner/tirashi_banner.jpg"" width=""720"" height=""120"" style=""margin-bottom:5px""><br><br>
<br>

<!-- Pickup! -->
<img src=""http://image.rakuten.co.jp/at-zakka/cabinet/pickup.jpg"" width=""720"" height=""30"" style=""margin-bottom:5px""><br>
<br><br>

<!-- レビューのお願い -->
<div align=""center""><img src=""http://image.rakuten.co.jp/at-zakka/cabinet/sozai1/review_onegai.jpg"" width=""600"" height=""700"" border=""0"" usemap=""#review_onegai""></div><map name=""review_onegai"" id=""review_onegai"">
  
  
</map><br><br>

<!-- 送料無料まであとちょっと -->
<p><img src=""http://image.rakuten.co.jp/at-zakka/cabinet/sozai1/atotyotto.jpg"" width=""730"" height=""80"" border=""0""><br>
<img src=""http://image.rakuten.co.jp/at-zakka/cabinet/sozai1/atotyotto1-999_1.jpg"" width=""365"" height=""60"" border=""0""><img src=""http://image.rakuten.co.jp/at-zakka/cabinet/sozai1/atotyotto1000-1999_1.jpg"" width=""365"" height=""60"" border=""0""></p><br>

<!-- 店長おすすめはこちら タイトル -->
<img src=""http://image.rakuten.co.jp/at-zakka/cabinet/sozai1/kyotusetumei1.jpg""><br>",【カネヨ石鹸】作業着専用洗剤ジェル８００ＭＬ【８００ｍｌ】 （4901329230139） 【2999円(税込)以上で送料無料】：日用品＆生活雑貨の店「カットコ」,【カネヨ石鹸】作業着専用洗剤ジェル８００ＭＬ【８００ｍｌ】 （4901329230139） 【2999円(税込)以上で送料無料】,【カネヨ石鹸】作業着専用洗剤ジェル８００ＭＬ【８００ｍｌ】 （4901329230139） 【2999円(税込)以上で送料無料】[rn]
38-44349,http://tshop.r10s.jp/at-zakka/cabinet/1036/4901329230139.jpg?fitin=700:700,4384.8000,,日用品雑貨・文房具・手芸 > 日用品・生活雑貨 > 洗剤・柔軟剤 > 洗濯用洗剤・柔軟剤 > 洗濯用洗剤,【 送料無料 】 【まとめ買い】【カネヨ石鹸】作業着専用洗剤ジェル８００ＭＬ【８００ｍｌ】×12個セット （4901329230139）,,"【商品説明】<br>使いやすいジェルタイプる洗浄成分・抗菌・消臭・防汚成分のパワーで汚れた衣類をスッキリ。抗菌仕上げで部屋干し臭を防ぐ。<br><br>商品サイズ：100×280×70<br><br>成分：界面活性剤・溶剤・アルカリ剤・分散剤・安定化剤<br><br>ご使用上の注意等：●用途以外に使用しない。<br>●子供の手の届く所に置かない。<br>●白物の衣類を一緒に洗う時は色落ちに注意する。<br>●劣化した油汚れや奥深く染み込んだドロ汚れなどは、落ちない場合がある。<br>●洗たく槽のフタなどプラスチック部分に原液がついたときは水で拭き取る。<br><br>原産国：日本<br><br>問い合わせ先：〒３６６-００２２　埼玉県深谷市本田ヶ谷１２０ カネヨ石鹸株式会社　電話番号　０４８-５７３-７８５１<br>商品区分：洗濯洗剤<br>JANコード：4901329230139<br><br><br><br>広告文責：アットライフ株式会社<br>TEL 079-280-2113<br>※商品パッケージは変更の場合あり。<br>メーカー欠品または完売の際、キャンセルをお願いすることがあります。ご了承ください。<style>
<!--

a:hover img {
-moz-opacity:0.7;
 opacity:0.7;
 filter:alpha(opacity=70);
}


#scrollUp{
border:none!important;
bottom:5px;
right:5px;
}
#scrollUp img{
display:none;
}
#scrollUp .nearCart{
background:url(http://image.rakuten.co.jp/at-zakka/cabinet/sozai1/cart_icon01.jpg) no-repeat 0 0;
}
#scrollUp,#scrollUp .nearCart{
width: 70px !important;
height: 73px !important;
}

-->
</style>
広告文責：アットライフ TEL：079-280-2113<br>
商品画像等は予告なく変わることがあります。<br>
また、メーカー欠品の場合はキャンセルのお願いをする場合がございます。ご了承ください。<br><br>

<!-- Webチラシ　　-->
<img src=""http://image.rakuten.co.jp/at-zakka/cabinet/tokusyupage/webtirasi.jpg"" width=""720"" height=""30"" style=""margin-bottom:5px""><br>
<img src=""http://image.rakuten.co.jp/at-zakka/cabinet/corner/tirashi_banner.jpg"" width=""720"" height=""120"" style=""margin-bottom:5px""><br><br>
<br>

<!-- Pickup! -->
<img src=""http://image.rakuten.co.jp/at-zakka/cabinet/pickup.jpg"" width=""720"" height=""30"" style=""margin-bottom:5px""><br>
<br><br>

<!-- レビューのお願い -->
<div align=""center""><img src=""http://image.rakuten.co.jp/at-zakka/cabinet/sozai1/review_onegai.jpg"" width=""600"" height=""700"" border=""0"" usemap=""#review_onegai""></div><map name=""review_onegai"" id=""review_onegai"">
  
  
</map><br><br>

<!-- 送料無料まであとちょっと -->
<p><img src=""http://image.rakuten.co.jp/at-zakka/cabinet/sozai1/atotyotto.jpg"" width=""730"" height=""80"" border=""0""><br>
<img src=""http://image.rakuten.co.jp/at-zakka/cabinet/sozai1/atotyotto1-999_1.jpg"" width=""365"" height=""60"" border=""0""><img src=""http://image.rakuten.co.jp/at-zakka/cabinet/sozai1/atotyotto1000-1999_1.jpg"" width=""365"" height=""60"" border=""0""></p><br>

<!-- 店長おすすめはこちら タイトル -->
<img src=""http://image.rakuten.co.jp/at-zakka/cabinet/sozai1/kyotusetumei1.jpg""><br>",【 送料無料 】 【まとめ買い】【カネヨ石鹸】作業着専用洗剤ジェル８００ＭＬ【８００ｍｌ】&times;12個セット （4901329230139）：日用品＆生活雑貨の店「カットコ」,【 送料無料 】 【まとめ買い】【カネヨ石鹸】作業着専用洗剤ジェル８００ＭＬ【８００ｍｌ】&times;12個セット （4901329230139）,【 送料無料 】 【まとめ買い】【カネヨ石鹸】作業着専用洗剤ジェル８００ＭＬ【８００ｍｌ】&times;12個セット （4901329230139）[rn]
38-44350,http://tshop.r10s.jp/at-zakka/cabinet/1036/4901329230443.jpg?fitin=700:700,409.6000,,日用品雑貨・文房具・手芸 > 日用品・生活雑貨 > 洗剤・柔軟剤 > 洗濯用洗剤・柔軟剤 > 洗濯用洗剤,欠品 【カネヨ石鹸】濃縮作業衣ハイパワー大サイズ詰替　７００ＭＬ【詰替７００ｍｌ】 （4901329230443） 【2999円(税込)以上で送料無料】,,"【商品説明】<br>しつこい油汚れにもしっかり浸透し落とします。少ない使用量でしっかり洗える濃縮タイプ。詰替えタイプ。<br><br>商品サイズ：130×250×70<br><br>成分：界面活性剤・溶剤・アルカリ剤・安定化剤<br><br>ご使用上の注意等：●用途以外に使用しない。<br>●子供の手の届く所に置かない。<br>●荒れ性の方や長時間使用時は、手袋を使用する。<br>●白物と色物の衣類を一緒に洗う時は、色落ちに注意する。<br>●劣化した油汚れや奥深く染み込んだドロ汚れなどは、落ちない場合がある。<br><br>原産国：日本<br><br>問い合わせ先：〒３６６-００２２　埼玉県深谷市本田ヶ谷１２０ カネヨ石鹸株式会社　電話番号　０４８-５７３-７８５１<br>商品区分：洗濯洗剤<br>JANコード：4901329230443<br><br><br><br>広告文責：アットライフ株式会社<br>TEL 079-280-2113<br>※商品パッケージは変更の場合あり。<br>メーカー欠品または完売の際、キャンセルをお願いすることがあります。ご了承ください。<style>
<!--

a:hover img {
-moz-opacity:0.7;
 opacity:0.7;
 filter:alpha(opacity=70);
}


#scrollUp{
border:none!important;
bottom:5px;
right:5px;
}
#scrollUp img{
display:none;
}
#scrollUp .nearCart{
background:url(http://image.rakuten.co.jp/at-zakka/cabinet/sozai1/cart_icon01.jpg) no-repeat 0 0;
}
#scrollUp,#scrollUp .nearCart{
width: 70px !important;
height: 73px !important;
}

-->
</style>
広告文責：アットライフ TEL：079-280-2113<br>
商品画像等は予告なく変わることがあります。<br>
また、メーカー欠品の場合はキャンセルのお願いをする場合がございます。ご了承ください。<br><br>

<!-- Webチラシ　　-->
<img src=""http://image.rakuten.co.jp/at-zakka/cabinet/tokusyupage/webtirasi.jpg"" width=""720"" height=""30"" style=""margin-bottom:5px""><br>
<img src=""http://image.rakuten.co.jp/at-zakka/cabinet/corner/tirashi_banner.jpg"" width=""720"" height=""120"" style=""margin-bottom:5px""><br><br>
<br>

<!-- Pickup! -->
<img src=""http://image.rakuten.co.jp/at-zakka/cabinet/pickup.jpg"" width=""720"" height=""30"" style=""margin-bottom:5px""><br>
<br><br>

<!-- レビューのお願い -->
<div align=""center""><img src=""http://image.rakuten.co.jp/at-zakka/cabinet/sozai1/review_onegai.jpg"" width=""600"" height=""700"" border=""0"" usemap=""#review_onegai""></div><map name=""review_onegai"" id=""review_onegai"">
  
  
</map><br><br>

<!-- 送料無料まであとちょっと -->
<p><img src=""http://image.rakuten.co.jp/at-zakka/cabinet/sozai1/atotyotto.jpg"" width=""730"" height=""80"" border=""0""><br>
<img src=""http://image.rakuten.co.jp/at-zakka/cabinet/sozai1/atotyotto1-999_1.jpg"" width=""365"" height=""60"" border=""0""><img src=""http://image.rakuten.co.jp/at-zakka/cabinet/sozai1/atotyotto1000-1999_1.jpg"" width=""365"" height=""60"" border=""0""></p><br>

<!-- 店長おすすめはこちら タイトル -->
<img src=""http://image.rakuten.co.jp/at-zakka/cabinet/sozai1/kyotusetumei1.jpg""><br>",欠品 【カネヨ石鹸】濃縮作業衣ハイパワー大サイズ詰替　７００ＭＬ【詰替７００ｍｌ】 （4901329230443） 【2999円(税込)以上で送料無料】：日用品＆生活雑貨の店「カットコ」,欠品 【カネヨ石鹸】濃縮作業衣ハイパワー大サイズ詰替　７００ＭＬ【詰替７００ｍｌ】 （4901329230443） 【2999円(税込)以上で送料無料】,欠品 【カネヨ石鹸】濃縮作業衣ハイパワー大サイズ詰替　７００ＭＬ【詰替７００ｍｌ】 （4901329230443） 【2999円(税込)以上で送料無料】[rn]
38-44351,http://tshop.r10s.jp/at-zakka/cabinet/1036/4901329230443.jpg?fitin=700:700,4799.2000,,日用品雑貨・文房具・手芸 > 日用品・生活雑貨 > 洗剤・柔軟剤 > 洗濯用洗剤・柔軟剤 > 洗濯用洗剤,欠品 【 送料無料 】 【まとめ買い】【カネヨ石鹸】濃縮作業衣ハイパワー大サイズ詰替　７００ＭＬ【詰替７００ｍｌ】×12個セット （4901329230443）,,"【商品説明】<br>しつこい油汚れにもしっかり浸透し落とします。少ない使用量でしっかり洗える濃縮タイプ。詰替えタイプ。<br><br>商品サイズ：130×250×70<br><br>成分：界面活性剤・溶剤・アルカリ剤・安定化剤<br><br>ご使用上の注意等：●用途以外に使用しない。<br>●子供の手の届く所に置かない。<br>●荒れ性の方や長時間使用時は、手袋を使用する。<br>●白物と色物の衣類を一緒に洗う時は、色落ちに注意する。<br>●劣化した油汚れや奥深く染み込んだドロ汚れなどは、落ちない場合がある。<br><br>原産国：日本<br><br>問い合わせ先：〒３６６-００２２　埼玉県深谷市本田ヶ谷１２０ カネヨ石鹸株式会社　電話番号　０４８-５７３-７８５１<br>商品区分：洗濯洗剤<br>JANコード：4901329230443<br><br><br><br>広告文責：アットライフ株式会社<br>TEL 079-280-2113<br>※商品パッケージは変更の場合あり。<br>メーカー欠品または完売の際、キャンセルをお願いすることがあります。ご了承ください。<style>
<!--

a:hover img {
-moz-opacity:0.7;
 opacity:0.7;
 filter:alpha(opacity=70);
}


#scrollUp{
border:none!important;
bottom:5px;
right:5px;
}
#scrollUp img{
display:none;
}
#scrollUp .nearCart{
background:url(http://image.rakuten.co.jp/at-zakka/cabinet/sozai1/cart_icon01.jpg) no-repeat 0 0;
}
#scrollUp,#scrollUp .nearCart{
width: 70px !important;
height: 73px !important;
}

-->
</style>
広告文責：アットライフ TEL：079-280-2113<br>
商品画像等は予告なく変わることがあります。<br>
また、メーカー欠品の場合はキャンセルのお願いをする場合がございます。ご了承ください。<br><br>

<!-- Webチラシ　　-->
<img src=""http://image.rakuten.co.jp/at-zakka/cabinet/tokusyupage/webtirasi.jpg"" width=""720"" height=""30"" style=""margin-bottom:5px""><br>
<img src=""http://image.rakuten.co.jp/at-zakka/cabinet/corner/tirashi_banner.jpg"" width=""720"" height=""120"" style=""margin-bottom:5px""><br><br>
<br>

<!-- Pickup! -->
<img src=""http://image.rakuten.co.jp/at-zakka/cabinet/pickup.jpg"" width=""720"" height=""30"" style=""margin-bottom:5px""><br>
<br><br>

<!-- レビューのお願い -->
<div align=""center""><img src=""http://image.rakuten.co.jp/at-zakka/cabinet/sozai1/review_onegai.jpg"" width=""600"" height=""700"" border=""0"" usemap=""#review_onegai""></div><map name=""review_onegai"" id=""review_onegai"">
  
  
</map><br><br>

<!-- 送料無料まであとちょっと -->
<p><img src=""http://image.rakuten.co.jp/at-zakka/cabinet/sozai1/atotyotto.jpg"" width=""730"" height=""80"" border=""0""><br>
<img src=""http://image.rakuten.co.jp/at-zakka/cabinet/sozai1/atotyotto1-999_1.jpg"" width=""365"" height=""60"" border=""0""><img src=""http://image.rakuten.co.jp/at-zakka/cabinet/sozai1/atotyotto1000-1999_1.jpg"" width=""365"" height=""60"" border=""0""></p><br>

<!-- 店長おすすめはこちら タイトル -->
<img src=""http://image.rakuten.co.jp/at-zakka/cabinet/sozai1/kyotusetumei1.jpg""><br>",欠品 【 送料無料 】 【まとめ買い】【カネヨ石鹸】濃縮作業衣ハイパワー大サイズ詰替　７００ＭＬ【詰替７００ｍｌ】&times;12個セット （4901329230443）：日用品＆生活雑貨の店「カットコ」,欠品 【 送料無料 】 【まとめ買い】【カネヨ石鹸】濃縮作業衣ハイパワー大サイズ詰替　７００ＭＬ【詰替７００ｍｌ】&times;12個セット （4901329230443）,欠品 【 送料無料 】 【まとめ買い】【カネヨ石鹸】濃縮作業衣ハイパワー大サイズ詰替　７００ＭＬ【詰替７００ｍｌ】&times;12個セット （4901329230443）[rn]
38-44352,http://tshop.r10s.jp/at-zakka/cabinet/pp/4985275796529.jpg?fitin=700:700,312.0000,,日用品雑貨・文房具・手芸 > 日用品・生活雑貨 > 洗剤・柔軟剤 > 洗濯用洗剤・柔軟剤 > 洗濯用洗剤,【トイレタリージャパン】【サフロン】香りサフロン　アロマジェル液体衣料用洗剤１６００【詰替１６００ｇ】 （4985275796529） 【2999円(税込)以上で送料無料】,,"<a href=""http://item.rakuten.co.jp/at-zakka/c/0000003431/?s=5&i=1#risFil"" target=""_blank""><img src=""http://image.rakuten.co.jp/at-zakka/cabinet/p/toiletary_itiran.jpg"" width=""700"" height=""200""></a><br>⇒その他 トイレタリージャパン商品はこちらから<br><br>【商品説明】<br>バイオ酵素のパワーで弾力な洗浄力！驚きの白さ！さわやかなフローラルの香りが長く続きます。天然由来洗浄成分配合<br>ドラム式にもおすすめ。大容量は保存に便利なキャップ付き。<br><br>商品サイズ：172×280×85<br><br>香り：フローラルの香り<br><br>成分：界面活性剤（１７％、アルファオレフィンスルホン酸ナトリウム、アルキルエーテル硫酸エステルナトリウム）、ｐｈ調整剤、安定化剤、酵素、香料、蛍光増白剤。<br><br>原材料・材質：本体：ＰＥ、ＰＥＴ、ＰＡ<br>キャップ：ＰＥ<br><br>ご使用上の注意等：用途以外には使わないで下さい<br>子供のシャボン玉遊びやいたずらに注意し、子供の手の届く所に置かないで下さい。<br>荒れ性の方や長時間使う場合は炊事用手袋えを使う。<br>洗濯機のフタなどのプラステック部分に原液が付いた時は水でふきとる。放置すると傷む事があります。<br>使用後は手を水で洗い、クリームなどでのお手入れをお薦めします。<br><br>開封後は全量を使いきる。開封した状態で湿気の多い場所保管すると、固まりが生じる事があります。<br><br>原産国：韓国<br><br>問い合わせ先：発売元：トイレタリージャパンインク株式会社 〒569-0835　大阪府高槻市三島江三丁目2-8 お問合せ先：072（679）2011 受付時間：10：00～17：00（土・日曜日・祝日を除く）<br>商品区分：洗濯洗剤<br>JANコード：4985275796529<br><br><br><br>広告文責：アットライフ株式会社<br>TEL 079-280-2113<br>※商品パッケージは変更の場合あり。<br>メーカー欠品または完売の際、キャンセルをお願いすることがあります。ご了承ください。<style>
<!--

a:hover img {
-moz-opacity:0.7;
 opacity:0.7;
 filter:alpha(opacity=70);
}


#scrollUp{
border:none!important;
bottom:5px;
right:5px;
}
#scrollUp img{
display:none;
}
#scrollUp .nearCart{
background:url(http://image.rakuten.co.jp/at-zakka/cabinet/sozai1/cart_icon01.jpg) no-repeat 0 0;
}
#scrollUp,#scrollUp .nearCart{
width: 70px !important;
height: 73px !important;
}

-->
</style>
広告文責：アットライフ TEL：079-280-2113<br>
商品画像等は予告なく変わることがあります。<br>
また、メーカー欠品の場合はキャンセルのお願いをする場合がございます。ご了承ください。<br><br>

<!-- Webチラシ　　-->
<img src=""http://image.rakuten.co.jp/at-zakka/cabinet/tokusyupage/webtirasi.jpg"" width=""720"" height=""30"" style=""margin-bottom:5px""><br>
<img src=""http://image.rakuten.co.jp/at-zakka/cabinet/corner/tirashi_banner.jpg"" width=""720"" height=""120"" style=""margin-bottom:5px""><br><br>
<br>

<!-- Pickup! -->
<img src=""http://image.rakuten.co.jp/at-zakka/cabinet/pickup.jpg"" width=""720"" height=""30"" style=""margin-bottom:5px""><br>
<br><br>

<!-- レビューのお願い -->
<div align=""center""><img src=""http://image.rakuten.co.jp/at-zakka/cabinet/sozai1/review_onegai.jpg"" width=""600"" height=""700"" border=""0"" usemap=""#review_onegai""></div><map name=""review_onegai"" id=""review_onegai"">
  
  
</map><br><br>

<!-- 送料無料まであとちょっと -->
<p><img src=""http://image.rakuten.co.jp/at-zakka/cabinet/sozai1/atotyotto.jpg"" width=""730"" height=""80"" border=""0""><br>
<img src=""http://image.rakuten.co.jp/at-zakka/cabinet/sozai1/atotyotto1-999_1.jpg"" width=""365"" height=""60"" border=""0""><img src=""http://image.rakuten.co.jp/at-zakka/cabinet/sozai1/atotyotto1000-1999_1.jpg"" width=""365"" height=""60"" border=""0""></p><br>

<!-- 店長おすすめはこちら タイトル -->
<img src=""http://image.rakuten.co.jp/at-zakka/cabinet/sozai1/kyotusetumei1.jpg""><br>",【トイレタリージャパン】【サフロン】香りサフロン　アロマジェル液体衣料用洗剤１６００【詰替１６００ｇ】 （4985275796529） 【2999円(税込)以上で送料無料】：日用品＆生活雑貨の店「カットコ」,【トイレタリージャパン】【サフロン】香りサフロン　アロマジェル液体衣料用洗剤１６００【詰替１６００ｇ】 （4985275796529） 【2999円(税込)以上で送料無料】,【トイレタリージャパン】【サフロン】香りサフロン　アロマジェル液体衣料用洗剤１６００【詰替１６００ｇ】 （4985275796529） 【2999円(税込)以上で送料無料】[rn]
38-44353,http://tshop.r10s.jp/at-zakka/cabinet/k/4901329230498.jpg?fitin=700:700,4890.4000,,日用品雑貨・文房具・手芸 > 日用品・生活雑貨 > 洗剤・柔軟剤 > 洗濯用洗剤・柔軟剤 > 洗濯用洗剤,【 送料無料 】  カネヨ石鹸 作業衣専用 洗剤 ＥＸ つめかえ 360ml×24個セット (4901329230498),,"ブランド：サギョウイセンヨウセンザイＥＸツメカエ<br>原産国：日本<br><br>ガンコな汚れを落とす作業衣専用洗剤詰替。<br>作業衣のガンコな汚れを一度で落とす。<br>超コンパクトタイプの作業衣専用洗剤詰替。<br><br>JANコード：4901329230498<br><br><br>商品番号：101-*024-15676<br><br><br><br>区分：日用雑貨品、他<br><br><br><br>広告文責：アットライフ株式会社<br>TEL 079-280-2113<br>※商品パッケージは変更の場合あり。<br>メーカー欠品または完売の際、キャンセルをお願いすることがあります。ご了承ください。<style>
<!--

a:hover img {
-moz-opacity:0.7;
 opacity:0.7;
 filter:alpha(opacity=70);
}


#scrollUp{
border:none!important;
bottom:5px;
right:5px;
}
#scrollUp img{
display:none;
}
#scrollUp .nearCart{
background:url(http://image.rakuten.co.jp/at-zakka/cabinet/sozai1/cart_icon01.jpg) no-repeat 0 0;
}
#scrollUp,#scrollUp .nearCart{
width: 70px !important;
height: 73px !important;
}

-->
</style>
広告文責：アットライフ TEL：079-280-2113<br>
商品画像等は予告なく変わることがあります。<br>
また、メーカー欠品の場合はキャンセルのお願いをする場合がございます。ご了承ください。<br><br>

<!-- Webチラシ　　-->
<img src=""http://image.rakuten.co.jp/at-zakka/cabinet/tokusyupage/webtirasi.jpg"" width=""720"" height=""30"" style=""margin-bottom:5px""><br>
<img src=""http://image.rakuten.co.jp/at-zakka/cabinet/corner/tirashi_banner.jpg"" width=""720"" height=""120"" style=""margin-bottom:5px""><br><br>
<br>

<!-- Pickup! -->
<img src=""http://image.rakuten.co.jp/at-zakka/cabinet/pickup.jpg"" width=""720"" height=""30"" style=""margin-bottom:5px""><br>
<br><br>

<!-- レビューのお願い -->
<div align=""center""><img src=""http://image.rakuten.co.jp/at-zakka/cabinet/sozai1/review_onegai.jpg"" width=""600"" height=""700"" border=""0"" usemap=""#review_onegai""></div><map name=""review_onegai"" id=""review_onegai"">
  
  
</map><br><br>

<!-- 送料無料まであとちょっと -->
<p><img src=""http://image.rakuten.co.jp/at-zakka/cabinet/sozai1/atotyotto.jpg"" width=""730"" height=""80"" border=""0""><br>
<img src=""http://image.rakuten.co.jp/at-zakka/cabinet/sozai1/atotyotto1-999_1.jpg"" width=""365"" height=""60"" border=""0""><img src=""http://image.rakuten.co.jp/at-zakka/cabinet/sozai1/atotyotto1000-1999_1.jpg"" width=""365"" height=""60"" border=""0""></p><br>

<!-- 店長おすすめはこちら タイトル -->
<img src=""http://image.rakuten.co.jp/at-zakka/cabinet/sozai1/kyotusetumei1.jpg""><br>",【 送料無料 】  カネヨ石鹸 作業衣専用 洗剤 ＥＸ つめかえ 360ml&times;24個セット (4901329230498)：日用品＆生活雑貨の店「カットコ」,【 送料無料 】  カネヨ石鹸 作業衣専用 洗剤 ＥＸ つめかえ 360ml&times;24個セット (4901329230498),【 送料無料 】  カネヨ石鹸 作業衣専用 洗剤 ＥＸ つめかえ 360ml&times;24個セット (4901329230498)[rn]
38-44354,http://tshop.r10s.jp/at-zakka/cabinet/1036/4901329230450.jpg?fitin=700:700,312.0000,,日用品雑貨・文房具・手芸 > 日用品・生活雑貨 > 洗剤・柔軟剤 > 洗濯用洗剤・柔軟剤 > 洗濯用洗剤,【カネヨ石鹸】作業衣専用洗剤　増強剤　４００Ｇ【４００ｇ】 （4901329230450） 【2999円(税込)以上で送料無料】,,"【商品説明】<br>お洗たくでは落としきれない汚れまで落とします。洗浄力・消臭力をパワーアップし抗菌・防臭効果を付加します。<br><br>商品サイズ：140×195×70<br><br>成分：アルカリ剤・界面活性剤・過炭酸ナトリウム・酵素・ 漂白活性化剤・工程剤<br><br>ご使用上の注意等：●用途以外に使用しない。<br>●子供の手の届く所に置かない。<br>●熱湯で使わない。<br>●白物と色物の衣類を一緒に洗う時は、色落ちに注意する。<br>●繊維が黄ばむことがあるので、洗浄又はつけ置き中は直射日光の当たる場所はさけ、充分にすすぐ。<br><br>原産国：日本<br><br>問い合わせ先：〒３６６-００２２　埼玉県深谷市本田ヶ谷１２０ カネヨ石鹸株式会社　電話番号　０４８-５７３-７８５１<br>商品区分：洗濯洗剤<br>JANコード：4901329230450<br><br><br><br>広告文責：アットライフ株式会社<br>TEL 079-280-2113<br>※商品パッケージは変更の場合あり。<br>メーカー欠品または完売の際、キャンセルをお願いすることがあります。ご了承ください。<style>
<!--

a:hover img {
-moz-opacity:0.7;
 opacity:0.7;
 filter:alpha(opacity=70);
}


#scrollUp{
border:none!important;
bottom:5px;
right:5px;
}
#scrollUp img{
display:none;
}
#scrollUp .nearCart{
background:url(http://image.rakuten.co.jp/at-zakka/cabinet/sozai1/cart_icon01.jpg) no-repeat 0 0;
}
#scrollUp,#scrollUp .nearCart{
width: 70px !important;
height: 73px !important;
}

-->
</style>
広告文責：アットライフ TEL：079-280-2113<br>
商品画像等は予告なく変わることがあります。<br>
また、メーカー欠品の場合はキャンセルのお願いをする場合がございます。ご了承ください。<br><br>

<!-- Webチラシ　　-->
<img src=""http://image.rakuten.co.jp/at-zakka/cabinet/tokusyupage/webtirasi.jpg"" width=""720"" height=""30"" style=""margin-bottom:5px""><br>
<img src=""http://image.rakuten.co.jp/at-zakka/cabinet/corner/tirashi_banner.jpg"" width=""720"" height=""120"" style=""margin-bottom:5px""><br><br>
<br>

<!-- Pickup! -->
<img src=""http://image.rakuten.co.jp/at-zakka/cabinet/pickup.jpg"" width=""720"" height=""30"" style=""margin-bottom:5px""><br>
<br><br>

<!-- レビューのお願い -->
<div align=""center""><img src=""http://image.rakuten.co.jp/at-zakka/cabinet/sozai1/review_onegai.jpg"" width=""600"" height=""700"" border=""0"" usemap=""#review_onegai""></div><map name=""review_onegai"" id=""review_onegai"">
  
  
</map><br><br>

<!-- 送料無料まであとちょっと -->
<p><img src=""http://image.rakuten.co.jp/at-zakka/cabinet/sozai1/atotyotto.jpg"" width=""730"" height=""80"" border=""0""><br>
<img src=""http://image.rakuten.co.jp/at-zakka/cabinet/sozai1/atotyotto1-999_1.jpg"" width=""365"" height=""60"" border=""0""><img src=""http://image.rakuten.co.jp/at-zakka/cabinet/sozai1/atotyotto1000-1999_1.jpg"" width=""365"" height=""60"" border=""0""></p><br>

<!-- 店長おすすめはこちら タイトル -->
<img src=""http://image.rakuten.co.jp/at-zakka/cabinet/sozai1/kyotusetumei1.jpg""><br>",【カネヨ石鹸】作業衣専用洗剤　増強剤　４００Ｇ【４００ｇ】 （4901329230450） 【2999円(税込)以上で送料無料】：日用品＆生活雑貨の店「カットコ」,【カネヨ石鹸】作業衣専用洗剤　増強剤　４００Ｇ【４００ｇ】 （4901329230450） 【2999円(税込)以上で送料無料】,【カネヨ石鹸】作業衣専用洗剤　増強剤　４００Ｇ【４００ｇ】 （4901329230450） 【2999円(税込)以上で送料無料】[rn]
38-44355,http://tshop.r10s.jp/at-zakka/cabinet/d/4901329230368.jpg?fitin=700:700,252.8000,,日用品雑貨・文房具・手芸 > 日用品・生活雑貨 > 洗剤・柔軟剤 > 洗濯用洗剤・柔軟剤 > 洗濯用洗剤,【カネヨ石鹸】カネヨエリそで部分洗い浸透ジェル２５０ＭＬ【２５０ｍｌ】 （4901329230368） 【2999円(税込)以上で送料無料】,,"【商品説明】<br>濃密ジェルタイプの部分洗い。浸透力が高く、エリ、そでの皮脂汚れ、油汚れやファンデーション等の汚れもしっかり落とします。<br><br>商品サイズ：68×194×45<br><br>成分：界面活性剤・溶剤・アルカリ剤・安定化剤<br><br>ご使用上の注意等：●用途以外に使用しない。<br>●他の洗剤、液体漂白剤の原液と一緒に塗布しない。<br>●子供の手の届く所に置かない。<br>●当品をしみこませた後に、白物の衣類を一緒に洗う時は色落ちに注意する。<br>●汚れの種類や繊維の種類によっては、落ちない場合がある。<br>●洗たく槽のフタなどプラスチック部分に原液がついたときは水で拭き取る。<br><br>原産国：日本<br><br>問い合わせ先：〒３６６-００２２　埼玉県深谷市本田ヶ谷１２０ カネヨ石鹸株式会社　電話番号　０４８-５７３-７８５１<br>商品区分：洗濯洗剤<br>JANコード：4901329230368<br><br><br><br>広告文責：アットライフ株式会社<br>TEL 079-280-2113<br>※商品パッケージは変更の場合あり。<br>メーカー欠品または完売の際、キャンセルをお願いすることがあります。ご了承ください。<style>
<!--

a:hover img {
-moz-opacity:0.7;
 opacity:0.7;
 filter:alpha(opacity=70);
}


#scrollUp{
border:none!important;
bottom:5px;
right:5px;
}
#scrollUp img{
display:none;
}
#scrollUp .nearCart{
background:url(http://image.rakuten.co.jp/at-zakka/cabinet/sozai1/cart_icon01.jpg) no-repeat 0 0;
}
#scrollUp,#scrollUp .nearCart{
width: 70px !important;
height: 73px !important;
}

-->
</style>
広告文責：アットライフ TEL：079-280-2113<br>
商品画像等は予告なく変わることがあります。<br>
また、メーカー欠品の場合はキャンセルのお願いをする場合がございます。ご了承ください。<br><br>

<!-- Webチラシ　　-->
<img src=""http://image.rakuten.co.jp/at-zakka/cabinet/tokusyupage/webtirasi.jpg"" width=""720"" height=""30"" style=""margin-bottom:5px""><br>
<img src=""http://image.rakuten.co.jp/at-zakka/cabinet/corner/tirashi_banner.jpg"" width=""720"" height=""120"" style=""margin-bottom:5px""><br><br>
<br>

<!-- Pickup! -->
<img src=""http://image.rakuten.co.jp/at-zakka/cabinet/pickup.jpg"" width=""720"" height=""30"" style=""margin-bottom:5px""><br>
<br><br>

<!-- レビューのお願い -->
<div align=""center""><img src=""http://image.rakuten.co.jp/at-zakka/cabinet/sozai1/review_onegai.jpg"" width=""600"" height=""700"" border=""0"" usemap=""#review_onegai""></div><map name=""review_onegai"" id=""review_onegai"">
  
  
</map><br><br>

<!-- 送料無料まであとちょっと -->
<p><img src=""http://image.rakuten.co.jp/at-zakka/cabinet/sozai1/atotyotto.jpg"" width=""730"" height=""80"" border=""0""><br>
<img src=""http://image.rakuten.co.jp/at-zakka/cabinet/sozai1/atotyotto1-999_1.jpg"" width=""365"" height=""60"" border=""0""><img src=""http://image.rakuten.co.jp/at-zakka/cabinet/sozai1/atotyotto1000-1999_1.jpg"" width=""365"" height=""60"" border=""0""></p><br>

<!-- 店長おすすめはこちら タイトル -->
<img src=""http://image.rakuten.co.jp/at-zakka/cabinet/sozai1/kyotusetumei1.jpg""><br>",【カネヨ石鹸】カネヨエリそで部分洗い浸透ジェル２５０ＭＬ【２５０ｍｌ】 （4901329230368） 【2999円(税込)以上で送料無料】：日用品＆生活雑貨の店「カットコ」,【カネヨ石鹸】カネヨエリそで部分洗い浸透ジェル２５０ＭＬ【２５０ｍｌ】 （4901329230368） 【2999円(税込)以上で送料無料】,【カネヨ石鹸】カネヨエリそで部分洗い浸透ジェル２５０ＭＬ【２５０ｍｌ】 （4901329230368） 【2999円(税込)以上で送料無料】[rn]
38-44356,http://tshop.r10s.jp/at-zakka/cabinet/1036/4901329260532.jpg?fitin=700:700,290.4000,,日用品雑貨・文房具・手芸 > 日用品・生活雑貨 > 洗剤・柔軟剤 > 洗濯用洗剤・柔軟剤 > 洗濯用洗剤,【1個から送料無料】カネヨ石鹸 K-Wash　ランドリ-ソ-プ(内容量:135G) (4901329260532),　,"【商品説明】<br>甘酸っぱい香りが広がり楽しい気分をとどける洗たく石けんです。大切な衣類の汚れをしっかり落とせます。<br>原産国：日本<br>ブランド：KーWash<BR>商品サイズ：105×62×24<br>JANコード：4901329260532<BR>cs：24<BR>商品カテゴリ： お洗濯・衣類・靴ケア　＞　洗剤・柔軟剤・漂白剤　＞　衣料用洗剤　＞　部分洗い　(200300)<br><br><br><br>広告文責：アットライフ株式会社<br>TEL 079-280-2113<br>※商品パッケージは変更の場合あり。<br>メーカー欠品または完売の際、キャンセルをお願いすることがあります。ご了承ください。<style>
<!--

a:hover img {
-moz-opacity:0.7;
 opacity:0.7;
 filter:alpha(opacity=70);
}


#scrollUp{
border:none!important;
bottom:5px;
right:5px;
}
#scrollUp img{
display:none;
}
#scrollUp .nearCart{
background:url(http://image.rakuten.co.jp/at-zakka/cabinet/sozai1/cart_icon01.jpg) no-repeat 0 0;
}
#scrollUp,#scrollUp .nearCart{
width: 70px !important;
height: 73px !important;
}

-->
</style>
広告文責：アットライフ TEL：079-280-2113<br>
商品画像等は予告なく変わることがあります。<br>
また、メーカー欠品の場合はキャンセルのお願いをする場合がございます。ご了承ください。<br><br>

<!-- Webチラシ　　-->
<img src=""http://image.rakuten.co.jp/at-zakka/cabinet/tokusyupage/webtirasi.jpg"" width=""720"" height=""30"" style=""margin-bottom:5px""><br>
<img src=""http://image.rakuten.co.jp/at-zakka/cabinet/corner/tirashi_banner.jpg"" width=""720"" height=""120"" style=""margin-bottom:5px""><br><br>
<br>

<!-- Pickup! -->
<img src=""http://image.rakuten.co.jp/at-zakka/cabinet/pickup.jpg"" width=""720"" height=""30"" style=""margin-bottom:5px""><br>
<br><br>

<!-- レビューのお願い -->
<div align=""center""><img src=""http://image.rakuten.co.jp/at-zakka/cabinet/sozai1/review_onegai.jpg"" width=""600"" height=""700"" border=""0"" usemap=""#review_onegai""></div><map name=""review_onegai"" id=""review_onegai"">
  
  
</map><br><br>

<!-- 送料無料まであとちょっと -->
<p><img src=""http://image.rakuten.co.jp/at-zakka/cabinet/sozai1/atotyotto.jpg"" width=""730"" height=""80"" border=""0""><br>
<img src=""http://image.rakuten.co.jp/at-zakka/cabinet/sozai1/atotyotto1-999_1.jpg"" width=""365"" height=""60"" border=""0""><img src=""http://image.rakuten.co.jp/at-zakka/cabinet/sozai1/atotyotto1000-1999_1.jpg"" width=""365"" height=""60"" border=""0""></p><br>

<!-- 店長おすすめはこちら タイトル -->
<img src=""http://image.rakuten.co.jp/at-zakka/cabinet/sozai1/kyotusetumei1.jpg""><br>",【1個から送料無料】カネヨ石鹸 K-Wash　ランドリ-ソ-プ(内容量:135G) (4901329260532)：日用品＆生活雑貨の店「カットコ」,【1個から送料無料】カネヨ石鹸 K-Wash　ランドリ-ソ-プ(内容量:135G) (4901329260532),　。【1個から送料無料】カネヨ石鹸 K-Wash　ランドリ-ソ-プ(内容量:135G) (4901329260532)[rn]
38-44357,http://tshop.r10s.jp/at-zakka/cabinet/1036/4901329230450.jpg?fitin=700:700,7041.6000,,日用品雑貨・文房具・手芸 > 日用品・生活雑貨 > 洗剤・柔軟剤 > 洗濯用洗剤・柔軟剤 > 洗濯用洗剤,【 送料無料 】 【まとめ買い】【カネヨ石鹸】作業衣専用洗剤　増強剤　４００Ｇ【４００ｇ】×24個セット （4901329230450）,,"【商品説明】<br>お洗たくでは落としきれない汚れまで落とします。洗浄力・消臭力をパワーアップし抗菌・防臭効果を付加します。<br><br>商品サイズ：140×195×70<br><br>成分：アルカリ剤・界面活性剤・過炭酸ナトリウム・酵素・ 漂白活性化剤・工程剤<br><br>ご使用上の注意等：●用途以外に使用しない。<br>●子供の手の届く所に置かない。<br>●熱湯で使わない。<br>●白物と色物の衣類を一緒に洗う時は、色落ちに注意する。<br>●繊維が黄ばむことがあるので、洗浄又はつけ置き中は直射日光の当たる場所はさけ、充分にすすぐ。<br><br>原産国：日本<br><br>問い合わせ先：〒３６６-００２２　埼玉県深谷市本田ヶ谷１２０ カネヨ石鹸株式会社　電話番号　０４８-５７３-７８５１<br>商品区分：洗濯洗剤<br>JANコード：4901329230450<br><br><br><br>広告文責：アットライフ株式会社<br>TEL 079-280-2113<br>※商品パッケージは変更の場合あり。<br>メーカー欠品または完売の際、キャンセルをお願いすることがあります。ご了承ください。<style>
<!--

a:hover img {
-moz-opacity:0.7;
 opacity:0.7;
 filter:alpha(opacity=70);
}


#scrollUp{
border:none!important;
bottom:5px;
right:5px;
}
#scrollUp img{
display:none;
}
#scrollUp .nearCart{
background:url(http://image.rakuten.co.jp/at-zakka/cabinet/sozai1/cart_icon01.jpg) no-repeat 0 0;
}
#scrollUp,#scrollUp .nearCart{
width: 70px !important;
height: 73px !important;
}

-->
</style>
広告文責：アットライフ TEL：079-280-2113<br>
商品画像等は予告なく変わることがあります。<br>
また、メーカー欠品の場合はキャンセルのお願いをする場合がございます。ご了承ください。<br><br>

<!-- Webチラシ　　-->
<img src=""http://image.rakuten.co.jp/at-zakka/cabinet/tokusyupage/webtirasi.jpg"" width=""720"" height=""30"" style=""margin-bottom:5px""><br>
<img src=""http://image.rakuten.co.jp/at-zakka/cabinet/corner/tirashi_banner.jpg"" width=""720"" height=""120"" style=""margin-bottom:5px""><br><br>
<br>

<!-- Pickup! -->
<img src=""http://image.rakuten.co.jp/at-zakka/cabinet/pickup.jpg"" width=""720"" height=""30"" style=""margin-bottom:5px""><br>
<br><br>

<!-- レビューのお願い -->
<div align=""center""><img src=""http://image.rakuten.co.jp/at-zakka/cabinet/sozai1/review_onegai.jpg"" width=""600"" height=""700"" border=""0"" usemap=""#review_onegai""></div><map name=""review_onegai"" id=""review_onegai"">
  
  
</map><br><br>

<!-- 送料無料まであとちょっと -->
<p><img src=""http://image.rakuten.co.jp/at-zakka/cabinet/sozai1/atotyotto.jpg"" width=""730"" height=""80"" border=""0""><br>
<img src=""http://image.rakuten.co.jp/at-zakka/cabinet/sozai1/atotyotto1-999_1.jpg"" width=""365"" height=""60"" border=""0""><img src=""http://image.rakuten.co.jp/at-zakka/cabinet/sozai1/atotyotto1000-1999_1.jpg"" width=""365"" height=""60"" border=""0""></p><br>

<!-- 店長おすすめはこちら タイトル -->
<img src=""http://image.rakuten.co.jp/at-zakka/cabinet/sozai1/kyotusetumei1.jpg""><br>",【 送料無料 】 【まとめ買い】【カネヨ石鹸】作業衣専用洗剤　増強剤　４００Ｇ【４００ｇ】&times;24個セット （4901329230450）：日用品＆生活雑貨の店「カットコ」,【 送料無料 】 【まとめ買い】【カネヨ石鹸】作業衣専用洗剤　増強剤　４００Ｇ【４００ｇ】&times;24個セット （4901329230450）,【 送料無料 】 【まとめ買い】【カネヨ石鹸】作業衣専用洗剤　増強剤　４００Ｇ【４００ｇ】&times;24個セット （4901329230450）[rn]
38-44358,http://tshop.r10s.jp/at-zakka/cabinet/d/4901329230368.jpg?fitin=700:700,5823.2000,,日用品雑貨・文房具・手芸 > 日用品・生活雑貨 > 洗剤・柔軟剤 > 洗濯用洗剤・柔軟剤 > 洗濯用洗剤,【 送料無料 】 【まとめ買い】【カネヨ石鹸】カネヨエリそで部分洗い浸透ジェル２５０ＭＬ【２５０ｍｌ】×24個セット （4901329230368）,,"【商品説明】<br>濃密ジェルタイプの部分洗い。浸透力が高く、エリ、そでの皮脂汚れ、油汚れやファンデーション等の汚れもしっかり落とします。<br><br>商品サイズ：68×194×45<br><br>成分：界面活性剤・溶剤・アルカリ剤・安定化剤<br><br>ご使用上の注意等：●用途以外に使用しない。<br>●他の洗剤、液体漂白剤の原液と一緒に塗布しない。<br>●子供の手の届く所に置かない。<br>●当品をしみこませた後に、白物の衣類を一緒に洗う時は色落ちに注意する。<br>●汚れの種類や繊維の種類によっては、落ちない場合がある。<br>●洗たく槽のフタなどプラスチック部分に原液がついたときは水で拭き取る。<br><br>原産国：日本<br><br>問い合わせ先：〒３６６-００２２　埼玉県深谷市本田ヶ谷１２０ カネヨ石鹸株式会社　電話番号　０４８-５７３-７８５１<br>商品区分：洗濯洗剤<br>JANコード：4901329230368<br><br><br><br>広告文責：アットライフ株式会社<br>TEL 079-280-2113<br>※商品パッケージは変更の場合あり。<br>メーカー欠品または完売の際、キャンセルをお願いすることがあります。ご了承ください。<style>
<!--

a:hover img {
-moz-opacity:0.7;
 opacity:0.7;
 filter:alpha(opacity=70);
}


#scrollUp{
border:none!important;
bottom:5px;
right:5px;
}
#scrollUp img{
display:none;
}
#scrollUp .nearCart{
background:url(http://image.rakuten.co.jp/at-zakka/cabinet/sozai1/cart_icon01.jpg) no-repeat 0 0;
}
#scrollUp,#scrollUp .nearCart{
width: 70px !important;
height: 73px !important;
}

-->
</style>
広告文責：アットライフ TEL：079-280-2113<br>
商品画像等は予告なく変わることがあります。<br>
また、メーカー欠品の場合はキャンセルのお願いをする場合がございます。ご了承ください。<br><br>

<!-- Webチラシ　　-->
<img src=""http://image.rakuten.co.jp/at-zakka/cabinet/tokusyupage/webtirasi.jpg"" width=""720"" height=""30"" style=""margin-bottom:5px""><br>
<img src=""http://image.rakuten.co.jp/at-zakka/cabinet/corner/tirashi_banner.jpg"" width=""720"" height=""120"" style=""margin-bottom:5px""><br><br>
<br>

<!-- Pickup! -->
<img src=""http://image.rakuten.co.jp/at-zakka/cabinet/pickup.jpg"" width=""720"" height=""30"" style=""margin-bottom:5px""><br>
<br><br>

<!-- レビューのお願い -->
<div align=""center""><img src=""http://image.rakuten.co.jp/at-zakka/cabinet/sozai1/review_onegai.jpg"" width=""600"" height=""700"" border=""0"" usemap=""#review_onegai""></div><map name=""review_onegai"" id=""review_onegai"">
  
  
</map><br><br>

<!-- 送料無料まであとちょっと -->
<p><img src=""http://image.rakuten.co.jp/at-zakka/cabinet/sozai1/atotyotto.jpg"" width=""730"" height=""80"" border=""0""><br>
<img src=""http://image.rakuten.co.jp/at-zakka/cabinet/sozai1/atotyotto1-999_1.jpg"" width=""365"" height=""60"" border=""0""><img src=""http://image.rakuten.co.jp/at-zakka/cabinet/sozai1/atotyotto1000-1999_1.jpg"" width=""365"" height=""60"" border=""0""></p><br>

<!-- 店長おすすめはこちら タイトル -->
<img src=""http://image.rakuten.co.jp/at-zakka/cabinet/sozai1/kyotusetumei1.jpg""><br>",【 送料無料 】 【まとめ買い】【カネヨ石鹸】カネヨエリそで部分洗い浸透ジェル２５０ＭＬ【２５０ｍｌ】&times;24個セット （4901329230368）：日用品＆生活雑貨の店「カットコ」,【 送料無料 】 【まとめ買い】【カネヨ石鹸】カネヨエリそで部分洗い浸透ジェル２５０ＭＬ【２５０ｍｌ】&times;24個セット （4901329230368）,【 送料無料 】 【まとめ買い】【カネヨ石鹸】カネヨエリそで部分洗い浸透ジェル２５０ＭＬ【２５０ｍｌ】&times;24個セット （4901329230368）[rn]
38-44359,http://tshop.r10s.jp/at-zakka/cabinet/1036/4901329230290.jpg?fitin=700:700,260.0000,,日用品雑貨・文房具・手芸 > 日用品・生活雑貨 > 洗剤・柔軟剤 > 洗濯用洗剤・柔軟剤 > 洗濯用洗剤,【カネヨ石鹸】作業衣専用洗剤ジェル詰替７００ＭＬ【詰替７００ｍｌ】 （4901329230290） 【2999円(税込)以上で送料無料】,,"【商品説明】<br>使いやすいジェルタイプる洗浄成分・抗菌・消臭・防汚成分のパワーで汚れた衣類をスッキリ。抗菌仕上げで部屋干し臭を防ぐ。<br><br>商品サイズ：130×250×70<br><br>成分：界面活性剤・溶剤・アルカリ剤・分散剤・安定化剤<br><br>ご使用上の注意等：●用途以外に使用しない。<br>●子供の手の届く所に置かない。<br>●白物の衣類を一緒に洗う時は色落ちに注意する。<br>●劣化した油汚れや奥深く染み込んだドロ汚れなどは、落ちない場合がある。<br>●洗たく槽のフタなどプラスチック部分に原液がついたときは水で拭き取る。<br><br>原産国：日本<br><br>問い合わせ先：〒３６６-００２２　埼玉県深谷市本田ヶ谷１２０ カネヨ石鹸株式会社　電話番号　０４８-５７３-７８５１<br>商品区分：洗濯洗剤<br>JANコード：4901329230290<br><br><br><br>広告文責：アットライフ株式会社<br>TEL 079-280-2113<br>※商品パッケージは変更の場合あり。<br>メーカー欠品または完売の際、キャンセルをお願いすることがあります。ご了承ください。<style>
<!--

a:hover img {
-moz-opacity:0.7;
 opacity:0.7;
 filter:alpha(opacity=70);
}


#scrollUp{
border:none!important;
bottom:5px;
right:5px;
}
#scrollUp img{
display:none;
}
#scrollUp .nearCart{
background:url(http://image.rakuten.co.jp/at-zakka/cabinet/sozai1/cart_icon01.jpg) no-repeat 0 0;
}
#scrollUp,#scrollUp .nearCart{
width: 70px !important;
height: 73px !important;
}

-->
</style>
広告文責：アットライフ TEL：079-280-2113<br>
商品画像等は予告なく変わることがあります。<br>
また、メーカー欠品の場合はキャンセルのお願いをする場合がございます。ご了承ください。<br><br>

<!-- Webチラシ　　-->
<img src=""http://image.rakuten.co.jp/at-zakka/cabinet/tokusyupage/webtirasi.jpg"" width=""720"" height=""30"" style=""margin-bottom:5px""><br>
<img src=""http://image.rakuten.co.jp/at-zakka/cabinet/corner/tirashi_banner.jpg"" width=""720"" height=""120"" style=""margin-bottom:5px""><br><br>
<br>

<!-- Pickup! -->
<img src=""http://image.rakuten.co.jp/at-zakka/cabinet/pickup.jpg"" width=""720"" height=""30"" style=""margin-bottom:5px""><br>
<br><br>

<!-- レビューのお願い -->
<div align=""center""><img src=""http://image.rakuten.co.jp/at-zakka/cabinet/sozai1/review_onegai.jpg"" width=""600"" height=""700"" border=""0"" usemap=""#review_onegai""></div><map name=""review_onegai"" id=""review_onegai"">
  
  
</map><br><br>

<!-- 送料無料まであとちょっと -->
<p><img src=""http://image.rakuten.co.jp/at-zakka/cabinet/sozai1/atotyotto.jpg"" width=""730"" height=""80"" border=""0""><br>
<img src=""http://image.rakuten.co.jp/at-zakka/cabinet/sozai1/atotyotto1-999_1.jpg"" width=""365"" height=""60"" border=""0""><img src=""http://image.rakuten.co.jp/at-zakka/cabinet/sozai1/atotyotto1000-1999_1.jpg"" width=""365"" height=""60"" border=""0""></p><br>

<!-- 店長おすすめはこちら タイトル -->
<img src=""http://image.rakuten.co.jp/at-zakka/cabinet/sozai1/kyotusetumei1.jpg""><br>",【カネヨ石鹸】作業衣専用洗剤ジェル詰替７００ＭＬ【詰替７００ｍｌ】 （4901329230290） 【2999円(税込)以上で送料無料】：日用品＆生活雑貨の店「カットコ」,【カネヨ石鹸】作業衣専用洗剤ジェル詰替７００ＭＬ【詰替７００ｍｌ】 （4901329230290） 【2999円(税込)以上で送料無料】,【カネヨ石鹸】作業衣専用洗剤ジェル詰替７００ＭＬ【詰替７００ｍｌ】 （4901329230290） 【2999円(税込)以上で送料無料】[rn]
38-44360,http://tshop.r10s.jp/at-zakka/cabinet/1036/4901329230290.jpg?fitin=700:700,3231.2000,,日用品雑貨・文房具・手芸 > 日用品・生活雑貨 > 洗剤・柔軟剤 > 洗濯用洗剤・柔軟剤 > 洗濯用洗剤,【 送料無料 】 【まとめ買い】【カネヨ石鹸】作業衣専用洗剤ジェル詰替７００ＭＬ【詰替７００ｍｌ】×12個セット （4901329230290）,,"【商品説明】<br>使いやすいジェルタイプる洗浄成分・抗菌・消臭・防汚成分のパワーで汚れた衣類をスッキリ。抗菌仕上げで部屋干し臭を防ぐ。<br><br>商品サイズ：130×250×70<br><br>成分：界面活性剤・溶剤・アルカリ剤・分散剤・安定化剤<br><br>ご使用上の注意等：●用途以外に使用しない。<br>●子供の手の届く所に置かない。<br>●白物の衣類を一緒に洗う時は色落ちに注意する。<br>●劣化した油汚れや奥深く染み込んだドロ汚れなどは、落ちない場合がある。<br>●洗たく槽のフタなどプラスチック部分に原液がついたときは水で拭き取る。<br><br>原産国：日本<br><br>問い合わせ先：〒３６６-００２２　埼玉県深谷市本田ヶ谷１２０ カネヨ石鹸株式会社　電話番号　０４８-５７３-７８５１<br>商品区分：洗濯洗剤<br>JANコード：4901329230290<br><br><br><br>広告文責：アットライフ株式会社<br>TEL 079-280-2113<br>※商品パッケージは変更の場合あり。<br>メーカー欠品または完売の際、キャンセルをお願いすることがあります。ご了承ください。<style>
<!--

a:hover img {
-moz-opacity:0.7;
 opacity:0.7;
 filter:alpha(opacity=70);
}


#scrollUp{
border:none!important;
bottom:5px;
right:5px;
}
#scrollUp img{
display:none;
}
#scrollUp .nearCart{
background:url(http://image.rakuten.co.jp/at-zakka/cabinet/sozai1/cart_icon01.jpg) no-repeat 0 0;
}
#scrollUp,#scrollUp .nearCart{
width: 70px !important;
height: 73px !important;
}

-->
</style>
広告文責：アットライフ TEL：079-280-2113<br>
商品画像等は予告なく変わることがあります。<br>
また、メーカー欠品の場合はキャンセルのお願いをする場合がございます。ご了承ください。<br><br>

<!-- Webチラシ　　-->
<img src=""http://image.rakuten.co.jp/at-zakka/cabinet/tokusyupage/webtirasi.jpg"" width=""720"" height=""30"" style=""margin-bottom:5px""><br>
<img src=""http://image.rakuten.co.jp/at-zakka/cabinet/corner/tirashi_banner.jpg"" width=""720"" height=""120"" style=""margin-bottom:5px""><br><br>
<br>

<!-- Pickup! -->
<img src=""http://image.rakuten.co.jp/at-zakka/cabinet/pickup.jpg"" width=""720"" height=""30"" style=""margin-bottom:5px""><br>
<br><br>

<!-- レビューのお願い -->
<div align=""center""><img src=""http://image.rakuten.co.jp/at-zakka/cabinet/sozai1/review_onegai.jpg"" width=""600"" height=""700"" border=""0"" usemap=""#review_onegai""></div><map name=""review_onegai"" id=""review_onegai"">
  
  
</map><br><br>

<!-- 送料無料まであとちょっと -->
<p><img src=""http://image.rakuten.co.jp/at-zakka/cabinet/sozai1/atotyotto.jpg"" width=""730"" height=""80"" border=""0""><br>
<img src=""http://image.rakuten.co.jp/at-zakka/cabinet/sozai1/atotyotto1-999_1.jpg"" width=""365"" height=""60"" border=""0""><img src=""http://image.rakuten.co.jp/at-zakka/cabinet/sozai1/atotyotto1000-1999_1.jpg"" width=""365"" height=""60"" border=""0""></p><br>

<!-- 店長おすすめはこちら タイトル -->
<img src=""http://image.rakuten.co.jp/at-zakka/cabinet/sozai1/kyotusetumei1.jpg""><br>",【 送料無料 】 【まとめ買い】【カネヨ石鹸】作業衣専用洗剤ジェル詰替７００ＭＬ【詰替７００ｍｌ】&times;12個セット （4901329230290）：日用品＆生活雑貨の店「カットコ」,【 送料無料 】 【まとめ買い】【カネヨ石鹸】作業衣専用洗剤ジェル詰替７００ＭＬ【詰替７００ｍｌ】&times;12個セット （4901329230290）,【 送料無料 】 【まとめ買い】【カネヨ石鹸】作業衣専用洗剤ジェル詰替７００ＭＬ【詰替７００ｍｌ】&times;12個セット （4901329230290）[rn]
38-44361,http://tshop.r10s.jp/at-zakka/cabinet/k/4901329230474.jpg?fitin=700:700,4890.4000,,日用品雑貨・文房具・手芸 > 日用品・生活雑貨 > 洗剤・柔軟剤 > 洗濯用洗剤・柔軟剤 > 洗濯用洗剤,【 送料無料 】  カネヨ石鹸 ガンコ汚れ専用 洗剤 つめかえ 360ml×24個セット (4901329230474),,"ブランド：ガンコヨゴレセンヨウセンザイツメカエ<br>原産国：日本<br><br>皮脂・臭い・汗・泥の汚れを一度で落とすガンコ汚れ専用洗剤詰替。<br><br>JANコード：4901329230474<br><br><br>商品番号：101-*024-15683<br><br><br><br>区分：日用雑貨品、他<br><br><br><br>広告文責：アットライフ株式会社<br>TEL 079-280-2113<br>※商品パッケージは変更の場合あり。<br>メーカー欠品または完売の際、キャンセルをお願いすることがあります。ご了承ください。<style>
<!--

a:hover img {
-moz-opacity:0.7;
 opacity:0.7;
 filter:alpha(opacity=70);
}


#scrollUp{
border:none!important;
bottom:5px;
right:5px;
}
#scrollUp img{
display:none;
}
#scrollUp .nearCart{
background:url(http://image.rakuten.co.jp/at-zakka/cabinet/sozai1/cart_icon01.jpg) no-repeat 0 0;
}
#scrollUp,#scrollUp .nearCart{
width: 70px !important;
height: 73px !important;
}

-->
</style>
広告文責：アットライフ TEL：079-280-2113<br>
商品画像等は予告なく変わることがあります。<br>
また、メーカー欠品の場合はキャンセルのお願いをする場合がございます。ご了承ください。<br><br>

<!-- Webチラシ　　-->
<img src=""http://image.rakuten.co.jp/at-zakka/cabinet/tokusyupage/webtirasi.jpg"" width=""720"" height=""30"" style=""margin-bottom:5px""><br>
<img src=""http://image.rakuten.co.jp/at-zakka/cabinet/corner/tirashi_banner.jpg"" width=""720"" height=""120"" style=""margin-bottom:5px""><br><br>
<br>

<!-- Pickup! -->
<img src=""http://image.rakuten.co.jp/at-zakka/cabinet/pickup.jpg"" width=""720"" height=""30"" style=""margin-bottom:5px""><br>
<br><br>

<!-- レビューのお願い -->
<div align=""center""><img src=""http://image.rakuten.co.jp/at-zakka/cabinet/sozai1/review_onegai.jpg"" width=""600"" height=""700"" border=""0"" usemap=""#review_onegai""></div><map name=""review_onegai"" id=""review_onegai"">
  
  
</map><br><br>

<!-- 送料無料まであとちょっと -->
<p><img src=""http://image.rakuten.co.jp/at-zakka/cabinet/sozai1/atotyotto.jpg"" width=""730"" height=""80"" border=""0""><br>
<img src=""http://image.rakuten.co.jp/at-zakka/cabinet/sozai1/atotyotto1-999_1.jpg"" width=""365"" height=""60"" border=""0""><img src=""http://image.rakuten.co.jp/at-zakka/cabinet/sozai1/atotyotto1000-1999_1.jpg"" width=""365"" height=""60"" border=""0""></p><br>

<!-- 店長おすすめはこちら タイトル -->
<img src=""http://image.rakuten.co.jp/at-zakka/cabinet/sozai1/kyotusetumei1.jpg""><br>",【 送料無料 】  カネヨ石鹸 ガンコ汚れ専用 洗剤 つめかえ 360ml&times;24個セット (4901329230474)：日用品＆生活雑貨の店「カットコ」,【 送料無料 】  カネヨ石鹸 ガンコ汚れ専用 洗剤 つめかえ 360ml&times;24個セット (4901329230474),【 送料無料 】  カネヨ石鹸 ガンコ汚れ専用 洗剤 つめかえ 360ml&times;24個セット (4901329230474)[rn]
38-44362,http://tshop.r10s.jp/at-zakka/cabinet/1036/4901329230177.jpg?fitin=700:700,1432.8000,,日用品雑貨・文房具・手芸 > 日用品・生活雑貨 > 洗剤・柔軟剤 > 洗濯用洗剤・柔軟剤 > 洗濯用洗剤,【 送料無料 】 【カネヨ石鹸】作業着専用洗剤42KG【4.2】 (4901329230177),,"【商品説明】<br>洗浄成分・抗菌・消臭・防汚成分のパワーで汚れた衣類をスッキリ。抗菌仕上げで部屋干し臭を防ぐ。<br><br>商品サイズ：185×265×170<br><br>成分：界面活性剤・アルカリ剤・工程剤・溶剤<br><br>ご使用上の注意等：●用途以外に使用しない。<br>●子供の手の届く所に置かない。<br>●白物の衣類を一緒に洗う時は色落ちに注意する。<br>●劣化した油汚れや奥深く染み込んだドロ汚れなどは、落ちない場合がある。<br><br><br>原産国：日本<br><br>問い合わせ先：〒３６６-００２２　埼玉県深谷市本田ヶ谷１２０ カネヨ石鹸株式会社　電話番号　０４８-５７３-７８５１<br>商品区分：洗濯洗剤<br>JANコード：4901329230177<br><br><br><br>広告文責：アットライフ株式会社<br>TEL 079-280-2113<br>※商品パッケージは変更の場合あり。<br>メーカー欠品または完売の際、キャンセルをお願いすることがあります。ご了承ください。<style>
<!--

a:hover img {
-moz-opacity:0.7;
 opacity:0.7;
 filter:alpha(opacity=70);
}


#scrollUp{
border:none!important;
bottom:5px;
right:5px;
}
#scrollUp img{
display:none;
}
#scrollUp .nearCart{
background:url(http://image.rakuten.co.jp/at-zakka/cabinet/sozai1/cart_icon01.jpg) no-repeat 0 0;
}
#scrollUp,#scrollUp .nearCart{
width: 70px !important;
height: 73px !important;
}

-->
</style>
広告文責：アットライフ TEL：079-280-2113<br>
商品画像等は予告なく変わることがあります。<br>
また、メーカー欠品の場合はキャンセルのお願いをする場合がございます。ご了承ください。<br><br>

<!-- Webチラシ　　-->
<img src=""http://image.rakuten.co.jp/at-zakka/cabinet/tokusyupage/webtirasi.jpg"" width=""720"" height=""30"" style=""margin-bottom:5px""><br>
<img src=""http://image.rakuten.co.jp/at-zakka/cabinet/corner/tirashi_banner.jpg"" width=""720"" height=""120"" style=""margin-bottom:5px""><br><br>
<br>

<!-- Pickup! -->
<img src=""http://image.rakuten.co.jp/at-zakka/cabinet/pickup.jpg"" width=""720"" height=""30"" style=""margin-bottom:5px""><br>
<br><br>

<!-- レビューのお願い -->
<div align=""center""><img src=""http://image.rakuten.co.jp/at-zakka/cabinet/sozai1/review_onegai.jpg"" width=""600"" height=""700"" border=""0"" usemap=""#review_onegai""></div><map name=""review_onegai"" id=""review_onegai"">
  
  
</map><br><br>

<!-- 送料無料まであとちょっと -->
<p><img src=""http://image.rakuten.co.jp/at-zakka/cabinet/sozai1/atotyotto.jpg"" width=""730"" height=""80"" border=""0""><br>
<img src=""http://image.rakuten.co.jp/at-zakka/cabinet/sozai1/atotyotto1-999_1.jpg"" width=""365"" height=""60"" border=""0""><img src=""http://image.rakuten.co.jp/at-zakka/cabinet/sozai1/atotyotto1000-1999_1.jpg"" width=""365"" height=""60"" border=""0""></p><br>

<!-- 店長おすすめはこちら タイトル -->
<img src=""http://image.rakuten.co.jp/at-zakka/cabinet/sozai1/kyotusetumei1.jpg""><br>",【 送料無料 】 【カネヨ石鹸】作業着専用洗剤42KG【4.2】 (4901329230177)：日用品＆生活雑貨の店「カットコ」,【 送料無料 】 【カネヨ石鹸】作業着専用洗剤42KG【4.2】 (4901329230177),【 送料無料 】 【カネヨ石鹸】作業着専用洗剤42KG【4.2】 (4901329230177)[rn]
38-44363,http://tshop.r10s.jp/at-zakka/cabinet/1036/4901329230344.jpg?fitin=700:700,370.4000,,日用品雑貨・文房具・手芸 > 日用品・生活雑貨 > 洗剤・柔軟剤 > 洗濯用洗剤・柔軟剤 > 洗濯用洗剤,欠品 【カネヨ石鹸】濃縮作業衣ハイパワー５００ＭＬ【５００ｍｌ】 （4901329230344） 【2999円(税込)以上で送料無料】,,"【商品説明】<br>しつこい油汚れにもしっかり浸透し落とします。少ない使用量でしっかり洗える濃縮タイプ。<br><br>商品サイズ：84×198×56<br><br>成分：界面活性剤・溶剤・アルカリ剤・安定化剤<br><br>ご使用上の注意等：●用途以外に使用しない。<br>●子供の手の届く所に置かない。<br>●荒れ性の方や長時間使用時は、手袋を使用する。<br>●白物と色物の衣類を一緒に洗う時は、色落ちに注意する。<br>●劣化した油汚れや奥深く染み込んだドロ汚れなどは、落ちない場合がある。<br><br>原産国：日本<br><br>問い合わせ先：〒３６６-００２２　埼玉県深谷市本田ヶ谷１２０ カネヨ石鹸株式会社　電話番号　０４８-５７３-７８５１<br>商品区分：洗濯洗剤<br>JANコード：4901329230344<br><br><br><br>広告文責：アットライフ株式会社<br>TEL 079-280-2113<br>※商品パッケージは変更の場合あり。<br>メーカー欠品または完売の際、キャンセルをお願いすることがあります。ご了承ください。<style>
<!--

a:hover img {
-moz-opacity:0.7;
 opacity:0.7;
 filter:alpha(opacity=70);
}


#scrollUp{
border:none!important;
bottom:5px;
right:5px;
}
#scrollUp img{
display:none;
}
#scrollUp .nearCart{
background:url(http://image.rakuten.co.jp/at-zakka/cabinet/sozai1/cart_icon01.jpg) no-repeat 0 0;
}
#scrollUp,#scrollUp .nearCart{
width: 70px !important;
height: 73px !important;
}

-->
</style>
広告文責：アットライフ TEL：079-280-2113<br>
商品画像等は予告なく変わることがあります。<br>
また、メーカー欠品の場合はキャンセルのお願いをする場合がございます。ご了承ください。<br><br>

<!-- Webチラシ　　-->
<img src=""http://image.rakuten.co.jp/at-zakka/cabinet/tokusyupage/webtirasi.jpg"" width=""720"" height=""30"" style=""margin-bottom:5px""><br>
<img src=""http://image.rakuten.co.jp/at-zakka/cabinet/corner/tirashi_banner.jpg"" width=""720"" height=""120"" style=""margin-bottom:5px""><br><br>
<br>

<!-- Pickup! -->
<img src=""http://image.rakuten.co.jp/at-zakka/cabinet/pickup.jpg"" width=""720"" height=""30"" style=""margin-bottom:5px""><br>
<br><br>

<!-- レビューのお願い -->
<div align=""center""><img src=""http://image.rakuten.co.jp/at-zakka/cabinet/sozai1/review_onegai.jpg"" width=""600"" height=""700"" border=""0"" usemap=""#review_onegai""></div><map name=""review_onegai"" id=""review_onegai"">
  
  
</map><br><br>

<!-- 送料無料まであとちょっと -->
<p><img src=""http://image.rakuten.co.jp/at-zakka/cabinet/sozai1/atotyotto.jpg"" width=""730"" height=""80"" border=""0""><br>
<img src=""http://image.rakuten.co.jp/at-zakka/cabinet/sozai1/atotyotto1-999_1.jpg"" width=""365"" height=""60"" border=""0""><img src=""http://image.rakuten.co.jp/at-zakka/cabinet/sozai1/atotyotto1000-1999_1.jpg"" width=""365"" height=""60"" border=""0""></p><br>

<!-- 店長おすすめはこちら タイトル -->
<img src=""http://image.rakuten.co.jp/at-zakka/cabinet/sozai1/kyotusetumei1.jpg""><br>",欠品 【カネヨ石鹸】濃縮作業衣ハイパワー５００ＭＬ【５００ｍｌ】 （4901329230344） 【2999円(税込)以上で送料無料】：日用品＆生活雑貨の店「カットコ」,欠品 【カネヨ石鹸】濃縮作業衣ハイパワー５００ＭＬ【５００ｍｌ】 （4901329230344） 【2999円(税込)以上で送料無料】,欠品 【カネヨ石鹸】濃縮作業衣ハイパワー５００ＭＬ【５００ｍｌ】 （4901329230344） 【2999円(税込)以上で送料無料】[rn]
38-44364,http://tshop.r10s.jp/at-zakka/cabinet/1036/4901329230344.jpg?fitin=700:700,8260.0000,,日用品雑貨・文房具・手芸 > 日用品・生活雑貨 > 洗剤・柔軟剤 > 洗濯用洗剤・柔軟剤 > 洗濯用洗剤,欠品 【 送料無料 】 【まとめ買い】【カネヨ石鹸】濃縮作業衣ハイパワー５００ＭＬ【５００ｍｌ】×24個セット （4901329230344）,,"【商品説明】<br>しつこい油汚れにもしっかり浸透し落とします。少ない使用量でしっかり洗える濃縮タイプ。<br><br>商品サイズ：84×198×56<br><br>成分：界面活性剤・溶剤・アルカリ剤・安定化剤<br><br>ご使用上の注意等：●用途以外に使用しない。<br>●子供の手の届く所に置かない。<br>●荒れ性の方や長時間使用時は、手袋を使用する。<br>●白物と色物の衣類を一緒に洗う時は、色落ちに注意する。<br>●劣化した油汚れや奥深く染み込んだドロ汚れなどは、落ちない場合がある。<br><br>原産国：日本<br><br>問い合わせ先：〒３６６-００２２　埼玉県深谷市本田ヶ谷１２０ カネヨ石鹸株式会社　電話番号　０４８-５７３-７８５１<br>商品区分：洗濯洗剤<br>JANコード：4901329230344<br><br><br><br>広告文責：アットライフ株式会社<br>TEL 079-280-2113<br>※商品パッケージは変更の場合あり。<br>メーカー欠品または完売の際、キャンセルをお願いすることがあります。ご了承ください。<style>
<!--

a:hover img {
-moz-opacity:0.7;
 opacity:0.7;
 filter:alpha(opacity=70);
}


#scrollUp{
border:none!important;
bottom:5px;
right:5px;
}
#scrollUp img{
display:none;
}
#scrollUp .nearCart{
background:url(http://image.rakuten.co.jp/at-zakka/cabinet/sozai1/cart_icon01.jpg) no-repeat 0 0;
}
#scrollUp,#scrollUp .nearCart{
width: 70px !important;
height: 73px !important;
}

-->
</style>
広告文責：アットライフ TEL：079-280-2113<br>
商品画像等は予告なく変わることがあります。<br>
また、メーカー欠品の場合はキャンセルのお願いをする場合がございます。ご了承ください。<br><br>

<!-- Webチラシ　　-->
<img src=""http://image.rakuten.co.jp/at-zakka/cabinet/tokusyupage/webtirasi.jpg"" width=""720"" height=""30"" style=""margin-bottom:5px""><br>
<img src=""http://image.rakuten.co.jp/at-zakka/cabinet/corner/tirashi_banner.jpg"" width=""720"" height=""120"" style=""margin-bottom:5px""><br><br>
<br>

<!-- Pickup! -->
<img src=""http://image.rakuten.co.jp/at-zakka/cabinet/pickup.jpg"" width=""720"" height=""30"" style=""margin-bottom:5px""><br>
<br><br>

<!-- レビューのお願い -->
<div align=""center""><img src=""http://image.rakuten.co.jp/at-zakka/cabinet/sozai1/review_onegai.jpg"" width=""600"" height=""700"" border=""0"" usemap=""#review_onegai""></div><map name=""review_onegai"" id=""review_onegai"">
  
  
</map><br><br>

<!-- 送料無料まであとちょっと -->
<p><img src=""http://image.rakuten.co.jp/at-zakka/cabinet/sozai1/atotyotto.jpg"" width=""730"" height=""80"" border=""0""><br>
<img src=""http://image.rakuten.co.jp/at-zakka/cabinet/sozai1/atotyotto1-999_1.jpg"" width=""365"" height=""60"" border=""0""><img src=""http://image.rakuten.co.jp/at-zakka/cabinet/sozai1/atotyotto1000-1999_1.jpg"" width=""365"" height=""60"" border=""0""></p><br>

<!-- 店長おすすめはこちら タイトル -->
<img src=""http://image.rakuten.co.jp/at-zakka/cabinet/sozai1/kyotusetumei1.jpg""><br>",欠品 【 送料無料 】 【まとめ買い】【カネヨ石鹸】濃縮作業衣ハイパワー５００ＭＬ【５００ｍｌ】&times;24個セット （4901329230344）：日用品＆生活雑貨の店「カットコ」,欠品 【 送料無料 】 【まとめ買い】【カネヨ石鹸】濃縮作業衣ハイパワー５００ＭＬ【５００ｍｌ】&times;24個セット （4901329230344）,欠品 【 送料無料 】 【まとめ買い】【カネヨ石鹸】濃縮作業衣ハイパワー５００ＭＬ【５００ｍｌ】&times;24個セット （4901329230344）[rn]
38-44365,http://tshop.r10s.jp/at-zakka/cabinet/1036/4901329230177.jpg?fitin=700:700,3503.2000,,日用品雑貨・文房具・手芸 > 日用品・生活雑貨 > 洗剤・柔軟剤 > 洗濯用洗剤・柔軟剤 > 洗濯用洗剤,【 送料無料 】 【まとめ買い】【カネヨ石鹸】作業着専用洗剤４，２ＫＧ【４．２】×3個セット （4901329230177）,,"【商品説明】<br>洗浄成分・抗菌・消臭・防汚成分のパワーで汚れた衣類をスッキリ。抗菌仕上げで部屋干し臭を防ぐ。<br><br>商品サイズ：185×265×170<br><br>成分：界面活性剤・アルカリ剤・工程剤・溶剤<br><br>ご使用上の注意等：●用途以外に使用しない。<br>●子供の手の届く所に置かない。<br>●白物の衣類を一緒に洗う時は色落ちに注意する。<br>●劣化した油汚れや奥深く染み込んだドロ汚れなどは、落ちない場合がある。<br><br><br>原産国：日本<br><br>問い合わせ先：〒３６６-００２２　埼玉県深谷市本田ヶ谷１２０ カネヨ石鹸株式会社　電話番号　０４８-５７３-７８５１<br>商品区分：洗濯洗剤<br>JANコード：4901329230177<br><br><br><br>広告文責：アットライフ株式会社<br>TEL 079-280-2113<br>※商品パッケージは変更の場合あり。<br>メーカー欠品または完売の際、キャンセルをお願いすることがあります。ご了承ください。<style>
<!--

a:hover img {
-moz-opacity:0.7;
 opacity:0.7;
 filter:alpha(opacity=70);
}


#scrollUp{
border:none!important;
bottom:5px;
right:5px;
}
#scrollUp img{
display:none;
}
#scrollUp .nearCart{
background:url(http://image.rakuten.co.jp/at-zakka/cabinet/sozai1/cart_icon01.jpg) no-repeat 0 0;
}
#scrollUp,#scrollUp .nearCart{
width: 70px !important;
height: 73px !important;
}

-->
</style>
広告文責：アットライフ TEL：079-280-2113<br>
商品画像等は予告なく変わることがあります。<br>
また、メーカー欠品の場合はキャンセルのお願いをする場合がございます。ご了承ください。<br><br>

<!-- Webチラシ　　-->
<img src=""http://image.rakuten.co.jp/at-zakka/cabinet/tokusyupage/webtirasi.jpg"" width=""720"" height=""30"" style=""margin-bottom:5px""><br>
<img src=""http://image.rakuten.co.jp/at-zakka/cabinet/corner/tirashi_banner.jpg"" width=""720"" height=""120"" style=""margin-bottom:5px""><br><br>
<br>

<!-- Pickup! -->
<img src=""http://image.rakuten.co.jp/at-zakka/cabinet/pickup.jpg"" width=""720"" height=""30"" style=""margin-bottom:5px""><br>
<br><br>

<!-- レビューのお願い -->
<div align=""center""><img src=""http://image.rakuten.co.jp/at-zakka/cabinet/sozai1/review_onegai.jpg"" width=""600"" height=""700"" border=""0"" usemap=""#review_onegai""></div><map name=""review_onegai"" id=""review_onegai"">
  
  
</map><br><br>

<!-- 送料無料まであとちょっと -->
<p><img src=""http://image.rakuten.co.jp/at-zakka/cabinet/sozai1/atotyotto.jpg"" width=""730"" height=""80"" border=""0""><br>
<img src=""http://image.rakuten.co.jp/at-zakka/cabinet/sozai1/atotyotto1-999_1.jpg"" width=""365"" height=""60"" border=""0""><img src=""http://image.rakuten.co.jp/at-zakka/cabinet/sozai1/atotyotto1000-1999_1.jpg"" width=""365"" height=""60"" border=""0""></p><br>

<!-- 店長おすすめはこちら タイトル -->
<img src=""http://image.rakuten.co.jp/at-zakka/cabinet/sozai1/kyotusetumei1.jpg""><br>",【 送料無料 】 【まとめ買い】【カネヨ石鹸】作業着専用洗剤４，２ＫＧ【４．２】&times;3個セット （4901329230177）：日用品＆生活雑貨の店「カットコ」,【 送料無料 】 【まとめ買い】【カネヨ石鹸】作業着専用洗剤４，２ＫＧ【４．２】&times;3個セット （4901329230177）,【 送料無料 】 【まとめ買い】【カネヨ石鹸】作業着専用洗剤４，２ＫＧ【４．２】&times;3個セット （4901329230177）[rn]
38-44366,http://tshop.r10s.jp/at-zakka/cabinet/k/4901329230481.jpg?fitin=700:700,6424.8000,,日用品雑貨・文房具・手芸 > 日用品・生活雑貨 > 洗剤・柔軟剤 > 洗濯用洗剤・柔軟剤 > 洗濯用洗剤,【 送料無料 】  カネヨ 作業衣専用洗剤 ＥＸ 本体 400ml×24個セット (4901329230481),,"ブランド：作業衣専用洗剤ＥＸ本体<br>原産国：日本<br><br>ガンコな汚れを落とす作業衣専用洗剤。<br>作業衣のガンコな汚れを一度で落とす超コンパクトタイプの作業衣専用洗剤。抗菌消臭。<br><br>JANコード：4901329230481<br><br><br>商品番号：101-*024-15679<br><br><br><br>区分：日用雑貨品、他<br><br><br><br>広告文責：アットライフ株式会社<br>TEL 079-280-2113<br>※商品パッケージは変更の場合あり。<br>メーカー欠品または完売の際、キャンセルをお願いすることがあります。ご了承ください。<style>
<!--

a:hover img {
-moz-opacity:0.7;
 opacity:0.7;
 filter:alpha(opacity=70);
}


#scrollUp{
border:none!important;
bottom:5px;
right:5px;
}
#scrollUp img{
display:none;
}
#scrollUp .nearCart{
background:url(http://image.rakuten.co.jp/at-zakka/cabinet/sozai1/cart_icon01.jpg) no-repeat 0 0;
}
#scrollUp,#scrollUp .nearCart{
width: 70px !important;
height: 73px !important;
}

-->
</style>
広告文責：アットライフ TEL：079-280-2113<br>
商品画像等は予告なく変わることがあります。<br>
また、メーカー欠品の場合はキャンセルのお願いをする場合がございます。ご了承ください。<br><br>

<!-- Webチラシ　　-->
<img src=""http://image.rakuten.co.jp/at-zakka/cabinet/tokusyupage/webtirasi.jpg"" width=""720"" height=""30"" style=""margin-bottom:5px""><br>
<img src=""http://image.rakuten.co.jp/at-zakka/cabinet/corner/tirashi_banner.jpg"" width=""720"" height=""120"" style=""margin-bottom:5px""><br><br>
<br>

<!-- Pickup! -->
<img src=""http://image.rakuten.co.jp/at-zakka/cabinet/pickup.jpg"" width=""720"" height=""30"" style=""margin-bottom:5px""><br>
<br><br>

<!-- レビューのお願い -->
<div align=""center""><img src=""http://image.rakuten.co.jp/at-zakka/cabinet/sozai1/review_onegai.jpg"" width=""600"" height=""700"" border=""0"" usemap=""#review_onegai""></div><map name=""review_onegai"" id=""review_onegai"">
  
  
</map><br><br>

<!-- 送料無料まであとちょっと -->
<p><img src=""http://image.rakuten.co.jp/at-zakka/cabinet/sozai1/atotyotto.jpg"" width=""730"" height=""80"" border=""0""><br>
<img src=""http://image.rakuten.co.jp/at-zakka/cabinet/sozai1/atotyotto1-999_1.jpg"" width=""365"" height=""60"" border=""0""><img src=""http://image.rakuten.co.jp/at-zakka/cabinet/sozai1/atotyotto1000-1999_1.jpg"" width=""365"" height=""60"" border=""0""></p><br>

<!-- 店長おすすめはこちら タイトル -->
<img src=""http://image.rakuten.co.jp/at-zakka/cabinet/sozai1/kyotusetumei1.jpg""><br>",【 送料無料 】  カネヨ 作業衣専用洗剤 ＥＸ 本体 400ml&times;24個セット (4901329230481)：日用品＆生活雑貨の店「カットコ」,【 送料無料 】  カネヨ 作業衣専用洗剤 ＥＸ 本体 400ml&times;24個セット (4901329230481),【 送料無料 】  カネヨ 作業衣専用洗剤 ＥＸ 本体 400ml&times;24個セット (4901329230481)[rn]
38-44367,http://tshop.r10s.jp/at-zakka/cabinet/k/4901329230467.jpg?fitin=700:700,6424.8000,,日用品雑貨・文房具・手芸 > 日用品・生活雑貨 > 洗剤・柔軟剤 > 洗濯用洗剤・柔軟剤 > 洗濯用洗剤,【 送料無料 】  カネヨ ガンコ汚れ専用 洗剤 本体 400ml×24個セット (4901329230467),,"ブランド：ガンコ汚れ専用洗剤本体<br>原産国：日本<br><br>皮脂・臭い・汗・泥の汚れを一度で落とすガンコ汚れ専<br><br>JANコード：4901329230467<br><br><br>商品番号：101-*024-15687<br><br><br><br>区分：日用雑貨品、他<br><br><br><br>広告文責：アットライフ株式会社<br>TEL 079-280-2113<br>※商品パッケージは変更の場合あり。<br>メーカー欠品または完売の際、キャンセルをお願いすることがあります。ご了承ください。<style>
<!--

a:hover img {
-moz-opacity:0.7;
 opacity:0.7;
 filter:alpha(opacity=70);
}


#scrollUp{
border:none!important;
bottom:5px;
right:5px;
}
#scrollUp img{
display:none;
}
#scrollUp .nearCart{
background:url(http://image.rakuten.co.jp/at-zakka/cabinet/sozai1/cart_icon01.jpg) no-repeat 0 0;
}
#scrollUp,#scrollUp .nearCart{
width: 70px !important;
height: 73px !important;
}

-->
</style>
広告文責：アットライフ TEL：079-280-2113<br>
商品画像等は予告なく変わることがあります。<br>
また、メーカー欠品の場合はキャンセルのお願いをする場合がございます。ご了承ください。<br><br>

<!-- Webチラシ　　-->
<img src=""http://image.rakuten.co.jp/at-zakka/cabinet/tokusyupage/webtirasi.jpg"" width=""720"" height=""30"" style=""margin-bottom:5px""><br>
<img src=""http://image.rakuten.co.jp/at-zakka/cabinet/corner/tirashi_banner.jpg"" width=""720"" height=""120"" style=""margin-bottom:5px""><br><br>
<br>

<!-- Pickup! -->
<img src=""http://image.rakuten.co.jp/at-zakka/cabinet/pickup.jpg"" width=""720"" height=""30"" style=""margin-bottom:5px""><br>
<br><br>

<!-- レビューのお願い -->
<div align=""center""><img src=""http://image.rakuten.co.jp/at-zakka/cabinet/sozai1/review_onegai.jpg"" width=""600"" height=""700"" border=""0"" usemap=""#review_onegai""></div><map name=""review_onegai"" id=""review_onegai"">
  
  
</map><br><br>

<!-- 送料無料まであとちょっと -->
<p><img src=""http://image.rakuten.co.jp/at-zakka/cabinet/sozai1/atotyotto.jpg"" width=""730"" height=""80"" border=""0""><br>
<img src=""http://image.rakuten.co.jp/at-zakka/cabinet/sozai1/atotyotto1-999_1.jpg"" width=""365"" height=""60"" border=""0""><img src=""http://image.rakuten.co.jp/at-zakka/cabinet/sozai1/atotyotto1000-1999_1.jpg"" width=""365"" height=""60"" border=""0""></p><br>

<!-- 店長おすすめはこちら タイトル -->
<img src=""http://image.rakuten.co.jp/at-zakka/cabinet/sozai1/kyotusetumei1.jpg""><br>",【 送料無料 】  カネヨ ガンコ汚れ専用 洗剤 本体 400ml&times;24個セット (4901329230467)：日用品＆生活雑貨の店「カットコ」,【 送料無料 】  カネヨ ガンコ汚れ専用 洗剤 本体 400ml&times;24個セット (4901329230467),【 送料無料 】  カネヨ ガンコ汚れ専用 洗剤 本体 400ml&times;24個セット (4901329230467)[rn]
38-44368,http://tshop.r10s.jp/mprice-shop/cabinet/sp/4901329240138p1.jpg?fitin=700:700,177.6000,,日用品雑貨・文房具・手芸 > 日用品・生活雑貨 > 洗剤・柔軟剤 > 洗濯用洗剤・柔軟剤 > 洗濯用洗剤,特報！なんと！あの【カネヨ石鹸】 作業衣専用洗剤スティック　１１０ｇ が～“お一人さま１個限定”でお試し特価！◆お取り寄せ商品【RCP】【02P03Dec16】,,"<table border=0 width=380><tr><td><font style=""font-size:14px;line-height:1.2;"">
<hr color=#ccffcc size=2><font color=#0066ff>◆</font><b>特  長</b><font color=#0066ff>◆</font><hr color=#ccffcc size=2>「作業衣専用洗剤 スティックタイプ 110g」は、頑固な汚れを直接こすって落とすスティックタイプの洗剤です。<br>特殊防汚成分SRN配合で汚れが付きにくくなります。<br>えリ・そでなどの汗じみ。脂じみもきれいに落とします。<br>持ちやすく作業しやすいスティックタイプ。便利なフック、ネット付きです。無リンタイプ。<hr color=#ccffcc size=2><font color=#0066ff>◆</font><b>メーカー</b><font color=#0066ff>◆</font><hr color=#ccffcc size=2>カネヨ石鹸株式会社<hr color=#ccffcc size=2><font color=#0066ff>◆</font><b>成　分</b><font color=#0066ff>◆</font><hr color=#ccffcc size=2>純石けん分(98%、脂肪酸ナトリウム)</font></td></tr></table>
<table border=0 width=380><tr><td style=""font-size:12px;""><font color=#000088><hr>【ご注意１】この商品はお取り寄せ商品です。ご注文されてから発送されるまで約10営業日(土日・祝を除く)いただきます。<br>
なお、商品によりましては、予定が大幅に遅れることもございますので、何卒あらかじめご了承お願いいたします。</font></td></tr><tr><td style=""font-size:12px;""><font color=#000088>【ご注意２】お取り寄せ商品以外の商品と一緒にお買い上げの場合は、全ての商品が揃い次第の発送となりますので、ご了承下さい。</font></td></tr></table>
<table border=0 width=380 style=""font-size:12px;line-height:1.2;""><tr><td><font color=#000088><hr>※パッケージデザイン等が予告なく変更される場合もあります。<br>※商品廃番・メーカー欠品など諸事情によりお届けできない場合がございます。<hr></font></td></tr></table>
<table border=0 width=380 style=""font-size:12px;line-height:1.2;""><tr><td>【広告文責】株式会社メディスンプラス：0120-205-904 ※休業日 土日・祝祭日</td></tr></table><link rel=""stylesheet"" href=""http://www.rakuten.ne.jp/gold/medistock/css_flt/fb_l_p.css"" type=""text/css"" />
<div id=""flt_l1""></div>
<div id=""flt_l2""></div>
<div id=""flt_l3""></div>
<div id=""flt_l4""></div>
<div id=""flt_l5""></div>
<div id=""flt_l6""></div>
<div id=""flt_l7""></div>

<link rel=""stylesheet"" href=""http://www.rakuten.ne.jp/gold/medistock/css_flt/fb_r_m.css"" type=""text/css"" />
<div id=""flt_r1""></div>
<div id=""flt_r2""></div>
<div id=""flt_r3""></div>
<div id=""flt_r4""></div>
<div id=""flt_r5""></div>
<div id=""flt_r6""></div>
<div id=""flt_r7""></div>

<center>
<div style=""width:710px; border:1px solid #b66; padding:5px; margin-bottom:5px; background:#fff;"">

</div>
</center>


<br>

<link href=""http://www.rakuten.ne.jp/gold/medistock/hd_vita.css"" rel=""stylesheet"" type=""text/css"">

<table width=""730"" border=""0""><tr><td align=""center"">

<div><img src=""http://image.rakuten.co.jp/medistock/cabinet/hd/sp.gif"" height=""20""></div>

<center><img src=""http://image.rakuten.co.jp/mprice-shop/cabinet/mp_bn/170407crp_mid.gif"" border=""0""></center>
<center>↑ </center>
<font color=#003366><b>Ｍプライスで使える【商品限定２００円offクーポン】配布中！<br>クーポンの対象品は...このバナーをクリック！ ※獲得期間にご注意！</b></font>
<br><br><br>



	<div><img src=""http://image.rakuten.co.jp/medistock/cabinet/banner/170601p3.gif"" width=""468"" alt=""エントリー"" border=""0""></div>
	<div><img src=""http://image.rakuten.co.jp/medistock/cabinet/hd/sp.gif"" height=""5""></div>

	<div><img src=""http://image.rakuten.co.jp/medistock/cabinet/banner/1704win.jpg"" width=""468"" alt=""エントリー"" border=""0""></div>
	<div><img src=""http://image.rakuten.co.jp/medistock/cabinet/hd/sp.gif"" height=""5""></div>



<div><img src=""http://image.rakuten.co.jp/medistock/cabinet/banner/160801ls.gif"" width=""468"" alt=""エントリー"" border=""0""></div>
<div><img src=""http://image.rakuten.co.jp/medistock/cabinet/hd/sp.gif"" height=""5""></div>

<div><img src=""http://image.rakuten.co.jp/medistock/cabinet/banner/160118pt7.jpg"" width=""468"" alt=""エントリー"" border=""0""></div>
<div><img src=""http://image.rakuten.co.jp/medistock/cabinet/hd/sp.gif"" height=""5""></div>

<div><img src=""http://image.rakuten.co.jp/medistock/cabinet/banner/160801nua.jpg"" width=""468"" alt=""初めて購入700pt"" border=""0""></div>
<div><img src=""http://image.rakuten.co.jp/medistock/cabinet/hd/sp.gif"" height=""5""></div>

<div><img src=""http://image.rakuten.co.jp/medistock/cabinet/banner/160506rgw.jpg"" width=""468"" alt=""エントリー"" border=""0""></div>
<div><img src=""http://image.rakuten.co.jp/medistock/cabinet/hd/sp.gif"" height=""5""></div>

<div><img src=""http://image.rakuten.co.jp/medistock/cabinet/banner/161201tb05p.jpg"" width=""468"" alt=""ツールバーPt2"" border=""0""></div>
<div><img src=""http://image.rakuten.co.jp/medistock/cabinet/hd/sp.gif"" height=""5""></div>

<div><img src=""http://image.rakuten.co.jp/medistock/cabinet/banner/160601tb10.jpg"" width=""468"" alt=""初ツールバー"" border=""0""></div>
<div><img src=""http://image.rakuten.co.jp/medistock/cabinet/hd/sp.gif"" height=""5""></div>


<div><img src=""http://image.rakuten.co.jp/medistock/cabinet/banner/151101app.jpg"" width=""468"" alt=""エントリー"" border=""0""></div>
<div><img src=""http://image.rakuten.co.jp/medistock/cabinet/hd/sp.gif"" height=""5""></div>


<div><img src=""http://image.rakuten.co.jp/medistock/cabinet/p_img/bn_ato.gif"" width=""468"" alt=""ＮＰ後払い"" border=""0""></div>
<div><img src=""http://image.rakuten.co.jp/medistock/cabinet/hd/sp.gif"" height=""5""></div>


</td></tr></table>",特報！なんと！あの【カネヨ石鹸】 作業衣専用洗剤スティック　１１０ｇ が～&ldquo;お一人さま１個限定&rdquo;でお試し特価！◆お取り寄せ商品【RCP】【02P03Dec16】：Ｍプライス,特報！なんと！あの【カネヨ石鹸】 作業衣専用洗剤スティック　１１０ｇ が～&ldquo;お一人さま１個限定&rdquo;でお試し特価！◆お取り寄せ商品【RCP】【02P03Dec16】,特報！なんと！あの【カネヨ石鹸】 作業衣専用洗剤スティック　１１０ｇ が～&ldquo;お一人さま１個限定&rdquo;でお試し特価！◆お取り寄せ商品【RCP】【02P03Dec16】[rn]
38-44369,http://tshop.r10s.jp/mprice-shop/cabinet/lion2/4903301103677.jpg?fitin=700:700,59.2000,,日用品雑貨・文房具・手芸 > 日用品・生活雑貨 > 洗剤・柔軟剤 > 洗濯用洗剤・柔軟剤 > 洗濯用洗剤,なんと！あの【ライオン】液体部屋干しトップ　３０ｍｌ×２包入 が「この価格！？」 ※お取り寄せ商品【RCP】【02P06Aug16】【02P03Sep16】,,"<table border=0 width=380><tr><td><font style=""font-size:14px;line-height:1.2;"">
<hr color=#ccffcc size=2><font color=#0066ff>◆</font><b>特  長</b><font color=#0066ff>◆</font><hr color=#ccffcc size=2>旅行・外出先や入院中の衣類洗濯、コインランドリーに便利！<br>１回分の洗剤がコンパクトに個包されています。<br><br>「酵素」と「抗菌成分」を配合し、イヤなニオイを原因から分解除去して、“生乾きのイヤなニオイ”を抑えます。<br>「高洗浄力ノニオン界面活性剤」と「酵素」がタンパク汚れ・皮脂汚れを洗浄除去し、抗菌成分「モノアルキルカチオン」が洗浄後の衣類に菌が繁殖することを抑制します。<br>無けい光なので、「きなり」や「淡色衣料」にも安心。 さわやかな「フレッシュフローラル」の香り。<hr color=#ccffcc size=2><font color=#0066ff>◆</font><b>メーカー</b><font color=#0066ff>◆</font><hr color=#ccffcc size=2>ライオン株式会社<hr color=#ccffcc size=2><font color=#0066ff>◆</font><b>成　分</b><font color=#0066ff>◆</font><hr color=#ccffcc size=2>水（バランス剤）、ポリオキシエチレンアルキルエーテル（界面活性剤）、ポリエチレングリコール（安定剤）、エチルアルコール（安定剤）、アルキルトリメチルアンモニウム塩（界面活性剤／抗菌剤）、アルカノールアミン（pH調整剤）、香料、酵素、クエン酸（安定剤）、防腐剤、硫酸（pH調整剤）、着色剤</font></td></tr></table>
<table border=0 width=380><tr><td style=""font-size:12px;""><font color=#000088><hr>【ご注意１】この商品はお取り寄せ商品です。ご注文されてから発送されるまで約10営業日(土日・祝を除く)いただきます。<br>
なお、商品によりましては、予定が大幅に遅れることもございますので、何卒あらかじめご了承お願いいたします。</font></td></tr><tr><td style=""font-size:12px;""><font color=#000088>【ご注意２】お取り寄せ商品以外の商品と一緒にお買い上げの場合は、全ての商品が揃い次第の発送となりますので、ご了承下さい。</font></td></tr></table>
<table border=0 width=380 style=""font-size:12px;line-height:1.2;""><tr><td><font color=#000088><hr>※パッケージデザイン等が予告なく変更される場合もあります。<br>※商品廃番・メーカー欠品など諸事情によりお届けできない場合がございます。<hr></font></td></tr></table>
<table border=0 width=380 style=""font-size:12px;line-height:1.2;""><tr><td>【広告文責】株式会社メディスンプラス：0120-205-904 ※休業日 土日・祝祭日</td></tr></table><link rel=""stylesheet"" href=""http://www.rakuten.ne.jp/gold/medistock/css_flt/fb_l_p.css"" type=""text/css"" />
<div id=""flt_l1""></div>
<div id=""flt_l2""></div>
<div id=""flt_l3""></div>
<div id=""flt_l4""></div>
<div id=""flt_l5""></div>
<div id=""flt_l6""></div>
<div id=""flt_l7""></div>

<link rel=""stylesheet"" href=""http://www.rakuten.ne.jp/gold/medistock/css_flt/fb_r_m.css"" type=""text/css"" />
<div id=""flt_r1""></div>
<div id=""flt_r2""></div>
<div id=""flt_r3""></div>
<div id=""flt_r4""></div>
<div id=""flt_r5""></div>
<div id=""flt_r6""></div>
<div id=""flt_r7""></div>

<center>
<div style=""width:710px; border:1px solid #b66; padding:5px; margin-bottom:5px; background:#fff;"">

</div>
</center>


<br>

<link href=""http://www.rakuten.ne.jp/gold/medistock/hd_vita.css"" rel=""stylesheet"" type=""text/css"">

<table width=""730"" border=""0""><tr><td align=""center"">

<div><img src=""http://image.rakuten.co.jp/medistock/cabinet/hd/sp.gif"" height=""20""></div>

<center><img src=""http://image.rakuten.co.jp/mprice-shop/cabinet/mp_bn/170407crp_mid.gif"" border=""0""></center>
<center>↑ </center>
<font color=#003366><b>Ｍプライスで使える【商品限定２００円offクーポン】配布中！<br>クーポンの対象品は...このバナーをクリック！ ※獲得期間にご注意！</b></font>
<br><br><br>





	<div><img src=""http://image.rakuten.co.jp/medistock/cabinet/banner/1704win.jpg"" width=""468"" alt=""エントリー"" border=""0""></div>
	<div><img src=""http://image.rakuten.co.jp/medistock/cabinet/hd/sp.gif"" height=""5""></div>



<div><img src=""http://image.rakuten.co.jp/medistock/cabinet/banner/160801ls.gif"" width=""468"" alt=""エントリー"" border=""0""></div>
<div><img src=""http://image.rakuten.co.jp/medistock/cabinet/hd/sp.gif"" height=""5""></div>

<div><img src=""http://image.rakuten.co.jp/medistock/cabinet/banner/160118pt7.jpg"" width=""468"" alt=""エントリー"" border=""0""></div>
<div><img src=""http://image.rakuten.co.jp/medistock/cabinet/hd/sp.gif"" height=""5""></div>

<div><img src=""http://image.rakuten.co.jp/medistock/cabinet/banner/160801nua.jpg"" width=""468"" alt=""初めて購入700pt"" border=""0""></div>
<div><img src=""http://image.rakuten.co.jp/medistock/cabinet/hd/sp.gif"" height=""5""></div>

<div><img src=""http://image.rakuten.co.jp/medistock/cabinet/banner/160506rgw.jpg"" width=""468"" alt=""エントリー"" border=""0""></div>
<div><img src=""http://image.rakuten.co.jp/medistock/cabinet/hd/sp.gif"" height=""5""></div>

<div><img src=""http://image.rakuten.co.jp/medistock/cabinet/banner/161201tb05p.jpg"" width=""468"" alt=""ツールバーPt2"" border=""0""></div>
<div><img src=""http://image.rakuten.co.jp/medistock/cabinet/hd/sp.gif"" height=""5""></div>

<div><img src=""http://image.rakuten.co.jp/medistock/cabinet/banner/160601tb10.jpg"" width=""468"" alt=""初ツールバー"" border=""0""></div>
<div><img src=""http://image.rakuten.co.jp/medistock/cabinet/hd/sp.gif"" height=""5""></div>


<div><img src=""http://image.rakuten.co.jp/medistock/cabinet/banner/151101app.jpg"" width=""468"" alt=""エントリー"" border=""0""></div>
<div><img src=""http://image.rakuten.co.jp/medistock/cabinet/hd/sp.gif"" height=""5""></div>


<div><img src=""http://image.rakuten.co.jp/medistock/cabinet/p_img/bn_ato.gif"" width=""468"" alt=""ＮＰ後払い"" border=""0""></div>
<div><img src=""http://image.rakuten.co.jp/medistock/cabinet/hd/sp.gif"" height=""5""></div>


</td></tr></table>",なんと！あの【ライオン】液体部屋干しトップ　３０ｍｌ&times;２包入 が「この価格！？」 ※お取り寄せ商品【RCP】【02P06Aug16】【02P03Sep16】：Ｍプライス,なんと！あの【ライオン】液体部屋干しトップ　３０ｍｌ&times;２包入 が「この価格！？」 ※お取り寄せ商品【RCP】【02P06Aug16】【02P03Sep16】,なんと！あの【ライオン】液体部屋干しトップ　３０ｍｌ&times;２包入 が「この価格！？」 ※お取り寄せ商品【RCP】【02P06Aug16】【02P03Sep16】[rn]
38-44370,http://tshop.r10s.jp/mprice-shop/cabinet/lion2/4903301224792.jpg?fitin=700:700,285.6000,,日用品雑貨・文房具・手芸 > 日用品・生活雑貨 > 洗剤・柔軟剤 > 洗濯用洗剤・柔軟剤 > 洗濯用洗剤,なんと！あの【ライオン】香りとデオドラントのソフラン アロマナチュラル“プレミアム消臭”ホワイトハーブアロマの香り 本体620ml（消臭ハーブカプセルを新配合）が「この価格！？」【RCP】【02P03Dec16】,,"<table border=0 width=380><tr><td><font style=""font-size:14px;line-height:1.2;"">
<hr color=#ccffcc size=2><font color=#0066ff>◆</font><b>特　長</b><font color=#0066ff>◆</font><hr color=#ccffcc size=2>
イヤなニオイを消臭し、ナチュラルな香りが楽しめる、ふっくら仕上がるアロマ柔軟剤。<br>
気持ちリフレッシュ・リラックス、アロマ感覚のお洗濯が楽しめる「天然アロマオイル配合」。ライオン独自の持続性香料によって、お洗濯が乾いた後も香りが続きます。<br>
高い抗菌・防臭効果で、部屋干しのイヤなニオイ発生を抑えます（※全ての菌に対して抗菌効果を有するわけではありません）。
さらに、汗やタバコのイヤなニオイが、衣類につくのも抑制します。<br>
植物生まれの柔軟成分が、センイの１本１本まで柔らかく仕上げ、静電気も防ぎます。<br>
しかも本商品から「プレミアム消臭」がリニューアルされて、さらに進化！
今まで通り「ナノ消臭成分」が、皮脂・汗のイヤなニオイをセンイの芯からしっかり消臭し、着用中も洗いたての清潔感が続きます。
そして今回から新たに追加配合された「消臭ハーブカプセル」が、１日の終わりまで、汗・体臭などイヤな臭いをしっかり消臭します。<br>
“ナノ消臭成分×新配合の消臭ハーブカプセル”で、シリーズの「消臭ライン」を形成～。<br>

・・・本商品の香りは、気分晴れやか「ホワイトハーブアロマ」。ミュゲ(スズラン)を中心としたフローラルの香りに、グリーンティーやティーツリーをブレンドした、すがすがしいハーブの香り。
汗をかきやすい時期の衣服に、スポーツ後の汗が染みこんだ衣服にオススメの、清潔感のある香りです。
<br>【お客様へ】本商品は「4903301224792」がリニューアルされた商品です。

<hr color=#ccffcc size=2><font color=#0066ff>◆</font><b>メーカー</b><font color=#0066ff>◆</font><hr color=#ccffcc size=2>
ライオン
<hr color=#ccffcc size=2><font color=#0066ff>◆</font><b>成　分</b><font color=#0066ff>◆</font><hr color=#ccffcc size=2>
バランス剤（水）、界面活性剤／柔軟剤（エステル型ジアルキルアンモニウム塩）、安定化剤（ポリオキシエチレンアルキルエーテル・エチルアルコール）、香料、消臭剤、粘度調整剤（塩化カルシウム）、抗菌剤、酸化防止剤（BHT）、防腐剤
</font></td></tr></table>
<table border=0 width=380 style=""font-size:12px;line-height:1.2;""><tr><td><font color=#000088><hr>※パッケージデザイン等が予告なく変更される場合もあります。<br>※商品廃番・メーカー欠品など諸事情によりお届けできない場合がございます。<hr></font></td></tr></table>
<table border=0 width=380 style=""font-size:12px;line-height:1.2;""><tr><td>【広告文責】株式会社メディスンプラス：0120-205-904 ※休業日 土日・祝祭日</td></tr></table><link rel=""stylesheet"" href=""http://www.rakuten.ne.jp/gold/medistock/css_flt/fb_l_p.css"" type=""text/css"" />
<div id=""flt_l1""></div>
<div id=""flt_l2""></div>
<div id=""flt_l3""></div>
<div id=""flt_l4""></div>
<div id=""flt_l5""></div>
<div id=""flt_l6""></div>
<div id=""flt_l7""></div>

<link rel=""stylesheet"" href=""http://www.rakuten.ne.jp/gold/medistock/css_flt/fb_r_m.css"" type=""text/css"" />
<div id=""flt_r1""></div>
<div id=""flt_r2""></div>
<div id=""flt_r3""></div>
<div id=""flt_r4""></div>
<div id=""flt_r5""></div>
<div id=""flt_r6""></div>
<div id=""flt_r7""></div>

<center>
<div style=""width:710px; border:1px solid #b66; padding:5px; margin-bottom:5px; background:#fff;"">

</div>
</center>


<br>

<link href=""http://www.rakuten.ne.jp/gold/medistock/hd_vita.css"" rel=""stylesheet"" type=""text/css"">

<table width=""730"" border=""0""><tr><td align=""center"">

<div><img src=""http://image.rakuten.co.jp/medistock/cabinet/hd/sp.gif"" height=""20""></div>

<center><img src=""http://image.rakuten.co.jp/mprice-shop/cabinet/mp_bn/170407crp_mid.gif"" border=""0""></center>
<center>↑ </center>
<font color=#003366><b>Ｍプライスで使える【商品限定２００円offクーポン】配布中！<br>クーポンの対象品は...このバナーをクリック！ ※獲得期間にご注意！</b></font>
<br><br><br>





	<div><img src=""http://image.rakuten.co.jp/medistock/cabinet/banner/1704win.jpg"" width=""468"" alt=""エントリー"" border=""0""></div>
	<div><img src=""http://image.rakuten.co.jp/medistock/cabinet/hd/sp.gif"" height=""5""></div>



<div><img src=""http://image.rakuten.co.jp/medistock/cabinet/banner/160801ls.gif"" width=""468"" alt=""エントリー"" border=""0""></div>
<div><img src=""http://image.rakuten.co.jp/medistock/cabinet/hd/sp.gif"" height=""5""></div>

<div><img src=""http://image.rakuten.co.jp/medistock/cabinet/banner/160118pt7.jpg"" width=""468"" alt=""エントリー"" border=""0""></div>
<div><img src=""http://image.rakuten.co.jp/medistock/cabinet/hd/sp.gif"" height=""5""></div>

<div><img src=""http://image.rakuten.co.jp/medistock/cabinet/banner/160801nua.jpg"" width=""468"" alt=""初めて購入700pt"" border=""0""></div>
<div><img src=""http://image.rakuten.co.jp/medistock/cabinet/hd/sp.gif"" height=""5""></div>

<div><img src=""http://image.rakuten.co.jp/medistock/cabinet/banner/160506rgw.jpg"" width=""468"" alt=""エントリー"" border=""0""></div>
<div><img src=""http://image.rakuten.co.jp/medistock/cabinet/hd/sp.gif"" height=""5""></div>

<div><img src=""http://image.rakuten.co.jp/medistock/cabinet/banner/161201tb05p.jpg"" width=""468"" alt=""ツールバーPt2"" border=""0""></div>
<div><img src=""http://image.rakuten.co.jp/medistock/cabinet/hd/sp.gif"" height=""5""></div>

<div><img src=""http://image.rakuten.co.jp/medistock/cabinet/banner/160601tb10.jpg"" width=""468"" alt=""初ツールバー"" border=""0""></div>
<div><img src=""http://image.rakuten.co.jp/medistock/cabinet/hd/sp.gif"" height=""5""></div>


<div><img src=""http://image.rakuten.co.jp/medistock/cabinet/banner/151101app.jpg"" width=""468"" alt=""エントリー"" border=""0""></div>
<div><img src=""http://image.rakuten.co.jp/medistock/cabinet/hd/sp.gif"" height=""5""></div>


<div><img src=""http://image.rakuten.co.jp/medistock/cabinet/p_img/bn_ato.gif"" width=""468"" alt=""ＮＰ後払い"" border=""0""></div>
<div><img src=""http://image.rakuten.co.jp/medistock/cabinet/hd/sp.gif"" height=""5""></div>


</td></tr></table>",なんと！あの【ライオン】香りとデオドラントのソフラン アロマナチュラル&ldquo;プレミアム消臭&rdquo;ホワイトハーブアロマの香り 本体620ml（消臭ハーブカプセルを新配合）が「この価格！？」【RCP】【02P03Dec16】：Ｍプライス,なんと！あの【ライオン】香りとデオドラントのソフラン アロマナチュラル&ldquo;プレミアム消臭&rdquo;ホワイトハーブアロマの香り 本体620ml（消臭ハーブカプセルを新配合）が「この価格！？」【RCP】【02P03Dec16】,なんと！あの【ライオン】香りとデオドラントのソフラン アロマナチュラル&ldquo;プレミアム消臭&rdquo;ホワイトハーブアロマの香り 本体620ml（消臭ハーブカプセルを新配合）が「この価格！？」【RCP】【02P03Dec16】[rn]
38-44371,http://tshop.r10s.jp/mprice-shop/cabinet/pg2/4902430657099.jpg?fitin=700:700,760.0000,,日用品雑貨・文房具・手芸 > 日用品・生活雑貨 > 洗剤・柔軟剤 > 洗濯用洗剤・柔軟剤 > 洗濯用洗剤,なんと！あの“第３の洗濯洗剤”【Ｐ＆Ｇ】アリエール　部屋干し用 リビングドライジェルボールＳ　つめかえ用　超ジャンボサイズ　９４０ｇ（４８個入） が「この価格！？」◆お取り寄せ商品【RCP】【02P03Dec16】,,"<table border=0 width=380><tr><td><font style=""font-size:14px;line-height:1.2;"">
<hr color=#ccffcc size=2><font color=#0066ff>◆</font><b>特  長</b><font color=#0066ff>◆</font><hr color=#ccffcc size=2>ファブリーズ共同開発の「アリエール リビングドライジェルボールS（３ｉｎ１）」は、たった一粒で強力な洗浄力、抗菌・消臭力、ダメージケアという３つのニーズに応える画期的な洗濯洗剤です。<br>
・液体洗剤では困難だった、汚れを落としやすくするキレート剤分子「HEDPキレート剤分子」を高濃度で配合。<br>
・部分洗いなどの手間をかけずに100種の汚れもすっきり強力洗浄します。 ※平均洗濯物量（2.6kg）時<br>
・コンパクト抗菌洗剤では押さえられない「生乾き菌」をしっかり抑え50倍抗菌する、「デュアルバイオ抗菌処方」により新次元の抗菌・消臭力を発揮します。<br>
　さらに消臭マイクロカプセルが、部屋干し特有のニオイをしっかり抑えます。<br>
・すすぎ１回ＯＫ、縦型洗濯機・ドラム式洗濯機ＯＫ<br>
・これまでの洗剤とほぼ同じ回数使えます。(平均洗濯物量2.6kg縦型洗濯機使用)<br>
・1粒／30L～65L(2.0kg～6.0kg)のお洗濯に適しています。<br>
・クリーンフレッシュの香り（詰替え用 超ジャンボサイズ：48個入）<br>
<br>
◆注意事項<br>
・子供に注意<br>
・目に注意<br>
・濡れた手で触らない<br>
・切らない、破らない<br>
・洗剤投入口には入れない(製品がつまり、水があふれる恐れがあります。)<br>
<br>
◆使用上の注意<br>
これは食べ物ではありません。<br>
・子供やペットの手の届く所に置かない。<br>
・口に入れたり、飲み込んだりしない。<br>
　万一飲み込んだ場合は、吐かせず、水を飲ませるなどしの処置をして医師にする。<br>
・認知症の方などの誤飲を防ぐため、置き場所に注意する。<br>
・用途以外に使わない。<br>
・下洗いや手洗い用におすすめしません。<br>
・製品を強く押したり、長時間触らない。<br>
・製品が破れて原液が洗濯機のフタについたときは、水ですぐふき取る。</font></td></tr></table>
<table border=0 width=380><tr><td style=""font-size:12px;""><font color=#000088><hr>【ご注意１】この商品はお取り寄せ商品です。ご注文されてから発送されるまで約10営業日(土日・祝を除く)いただきます。<br>
なお、商品によりましては、予定が大幅に遅れることもございますので、何卒あらかじめご了承お願いいたします。</font></td></tr><tr><td style=""font-size:12px;""><font color=#000088>【ご注意２】お取り寄せ商品以外の商品と一緒にお買い上げの場合は、全ての商品が揃い次第の発送となりますので、ご了承下さい。
<hr color=#ccffcc size=2><font color=#0066ff>◆</font><b>メーカー</b><font color=#0066ff>◆</font><hr color=#ccffcc size=2>
プロクター・アンド・ギャンブル・ジャパン株式会社
<hr color=#ccffcc size=2><font color=#0066ff>◆</font><b>成分</b><font color=#0066ff>◆</font><hr color=#ccffcc size=2>
界面活性剤(67％ 直鎖アルキルベンゼンスルホン酸塩、ポリオキシエチレンアルキルエーテル、アルキルエーテル硫酸エステル塩、純せっけん分(脂肪酸塩))、安定化剤(プロパンジオール)、分散剤、金属封鎖剤、香料、水軟化剤、酵素、蛍光増白剤
<hr><font color=""#003366""><b>【お客様へ】本商品は「アリエール リビングドライ（部屋干し用）ジェルボール つめ替え用 超お得サイズ 1.16Kg」がリニューアルされた商品です。</b></font>
</font></td></tr></table>
<table border=0 width=380 style=""font-size:12px;line-height:1.2;""><tr><td><font color=#000088><hr>※パッケージデザイン等が予告なく変更される場合もあります。<br>※商品廃番・メーカー欠品など諸事情によりお届けできない場合がございます。<hr></font></td></tr></table>
<table border=0 width=380 style=""font-size:12px;line-height:1.2;""><tr><td>【広告文責】株式会社メディスンプラス：0120-205-904 ※休業日 土日・祝祭日</td></tr></table><link rel=""stylesheet"" href=""http://www.rakuten.ne.jp/gold/medistock/css_flt/fb_l_p.css"" type=""text/css"" />
<div id=""flt_l1""></div>
<div id=""flt_l2""></div>
<div id=""flt_l3""></div>
<div id=""flt_l4""></div>
<div id=""flt_l5""></div>
<div id=""flt_l6""></div>
<div id=""flt_l7""></div>

<link rel=""stylesheet"" href=""http://www.rakuten.ne.jp/gold/medistock/css_flt/fb_r_m.css"" type=""text/css"" />
<div id=""flt_r1""></div>
<div id=""flt_r2""></div>
<div id=""flt_r3""></div>
<div id=""flt_r4""></div>
<div id=""flt_r5""></div>
<div id=""flt_r6""></div>
<div id=""flt_r7""></div>

<center>
<div style=""width:710px; border:1px solid #b66; padding:5px; margin-bottom:5px; background:#fff;"">

</div>
</center>


<br>

<link href=""http://www.rakuten.ne.jp/gold/medistock/hd_vita.css"" rel=""stylesheet"" type=""text/css"">

<table width=""730"" border=""0""><tr><td align=""center"">

<div><img src=""http://image.rakuten.co.jp/medistock/cabinet/hd/sp.gif"" height=""20""></div>

<center><img src=""http://image.rakuten.co.jp/mprice-shop/cabinet/mp_bn/170407crp_mid.gif"" border=""0""></center>
<center>↑ </center>
<font color=#003366><b>Ｍプライスで使える【商品限定２００円offクーポン】配布中！<br>クーポンの対象品は...このバナーをクリック！ ※獲得期間にご注意！</b></font>
<br><br><br>





	<div><img src=""http://image.rakuten.co.jp/medistock/cabinet/banner/1704win.jpg"" width=""468"" alt=""エントリー"" border=""0""></div>
	<div><img src=""http://image.rakuten.co.jp/medistock/cabinet/hd/sp.gif"" height=""5""></div>



<div><img src=""http://image.rakuten.co.jp/medistock/cabinet/banner/160801ls.gif"" width=""468"" alt=""エントリー"" border=""0""></div>
<div><img src=""http://image.rakuten.co.jp/medistock/cabinet/hd/sp.gif"" height=""5""></div>

<div><img src=""http://image.rakuten.co.jp/medistock/cabinet/banner/160118pt7.jpg"" width=""468"" alt=""エントリー"" border=""0""></div>
<div><img src=""http://image.rakuten.co.jp/medistock/cabinet/hd/sp.gif"" height=""5""></div>

<div><img src=""http://image.rakuten.co.jp/medistock/cabinet/banner/160801nua.jpg"" width=""468"" alt=""初めて購入700pt"" border=""0""></div>
<div><img src=""http://image.rakuten.co.jp/medistock/cabinet/hd/sp.gif"" height=""5""></div>

<div><img src=""http://image.rakuten.co.jp/medistock/cabinet/banner/160506rgw.jpg"" width=""468"" alt=""エントリー"" border=""0""></div>
<div><img src=""http://image.rakuten.co.jp/medistock/cabinet/hd/sp.gif"" height=""5""></div>

<div><img src=""http://image.rakuten.co.jp/medistock/cabinet/banner/161201tb05p.jpg"" width=""468"" alt=""ツールバーPt2"" border=""0""></div>
<div><img src=""http://image.rakuten.co.jp/medistock/cabinet/hd/sp.gif"" height=""5""></div>

<div><img src=""http://image.rakuten.co.jp/medistock/cabinet/banner/160601tb10.jpg"" width=""468"" alt=""初ツールバー"" border=""0""></div>
<div><img src=""http://image.rakuten.co.jp/medistock/cabinet/hd/sp.gif"" height=""5""></div>


<div><img src=""http://image.rakuten.co.jp/medistock/cabinet/banner/151101app.jpg"" width=""468"" alt=""エントリー"" border=""0""></div>
<div><img src=""http://image.rakuten.co.jp/medistock/cabinet/hd/sp.gif"" height=""5""></div>


<div><img src=""http://image.rakuten.co.jp/medistock/cabinet/p_img/bn_ato.gif"" width=""468"" alt=""ＮＰ後払い"" border=""0""></div>
<div><img src=""http://image.rakuten.co.jp/medistock/cabinet/hd/sp.gif"" height=""5""></div>


</td></tr></table>",なんと！あの&ldquo;第３の洗濯洗剤&rdquo;【Ｐ＆Ｇ】アリエール　部屋干し用 リビングドライジェルボールＳ　つめかえ用　超ジャンボサイズ　９４０ｇ（４８個入） が「この価格！？」◆お取り寄せ商品【RCP】【02P03Dec16】：Ｍプライス,なんと！あの&ldquo;第３の洗濯洗剤&rdquo;【Ｐ＆Ｇ】アリエール　部屋干し用 リビングドライジェルボールＳ　つめかえ用　超ジャンボサイズ　９４０ｇ（４８個入） が「この価格！？」◆お取り寄せ商品【RCP】【02P03Dec16】,なんと！あの&ldquo;第３の洗濯洗剤&rdquo;【Ｐ＆Ｇ】アリエール　部屋干し用 リビングドライジェルボールＳ　つめかえ用　超ジャンボサイズ　９４０ｇ（４８個入） が「この価格！？」◆お取り寄せ商品【RCP】【02P03Dec16】[rn]
38-44372,http://tshop.r10s.jp/mprice-shop/cabinet/pg2/4902430362818.jpg?fitin=700:700,338.4000,,日用品雑貨・文房具・手芸 > 日用品・生活雑貨 > 洗剤・柔軟剤 > 洗濯用洗剤・柔軟剤 > 洗濯用洗剤,なんと！あの【Ｐ＆Ｇ】アリエール　イオンパワージェル　サイエンスプラス　本体　１．０Ｋｇ が「この価格！？」※お取り寄せ商品【RCP】【02P03Dec16】,,"<table border=0 width=380><tr><td><font style=""font-size:14px;line-height:1.2;"">
<hr color=#ccffcc size=2><font color=#0066ff>◆</font><b>特  長</b><font color=#0066ff>◆</font><hr color=#ccffcc size=2>洗濯槽のカビまで防ぐ！それが“50倍抗菌”のアリエール(Ｐ＆Ｇ他抗菌洗剤に比べて、湿った状態で頑固なニオイ菌の増殖を防ぎます)！<br>洗濯物からイヤな臭いがする！お洗濯した後なのに、洗濯物に黒い汚れが付いていることがある・・・それは洗濯槽のカビが原因かも！？ でも、洗濯槽のお手入れって、大変！<br>そこで、毎日のお洗濯にアリエール イオンパワージェル！洗濯槽のカビまで防ぎます。お洗濯しながら、洗濯槽のカビ対策～！<br>と、そこで終わりではない！<br>洗濯物の嫌なニオイ、その原因はまだあります。実は、従来の他のＰ＆Ｇ抗菌洗剤シリーズでも抑えられなかった菌が！<br>ニオイの原因菌には、皮脂汚れから発生する「脂臭菌（陽性ニオイ菌）」と、湿った状態で発生する「生乾菌（陰性ニオイ菌）」の２種類がございまして。これまでは脂臭菌の抗菌はできても、生乾菌への対策が困難だったのですね。<br>そこで、新テクノロジー「デュアルバイオ抗菌処方」を採用したアリエールの出番ですよ。２つの菌をしっかり抗菌！<br>生乾きのニオイ対策で、部屋干しにもうれしい！<br>と、そこで終わりではない！ニオイ対策だけじゃない！<br>独自のイオンバランスで配合された「３種類の界面活性剤」が、頑固な汚れやニオイに効果的にアプローチ。“漂白剤なし”でも強力洗浄(2014年11月 Ｐ＆Ｇ調べ)！<br>コーヒー、スパゲティソースやマスタード、泥汚れ、頑固なエリ汚れに最適！<br>しかも「すすぎ１回でＯＫ」！お水と時間の節約で、お洗濯生活も快適！<br>これが、アリエールのイオンパワージェル。アナタも是非！<br>用途：綿、麻、合成繊維用<br>液性：弱アルカリ性<br><br>・使用上の注意<br>子供の手の届くところに置かない。<br>上記用途以外に使用しない。<br>荒れ性の方や長時間使う場合、また原液で使う場合は炊事用手袋を使う。<br>使用後は水で手をよく洗い、クリームなどでお手入れをお薦めします。<br>原液が洗濯機のフタについた時は、水ですぐ拭き取る。<br><hr color=#ccffcc size=2><font color=#0066ff>◆</font><b>メーカー</b><font color=#0066ff>◆</font><hr color=#ccffcc size=2>プロクター・アンド・ギャンブル・ジャパン株式会社<hr color=#ccffcc size=2><font color=#0066ff>◆</font><b>成　分</b><font color=#0066ff>◆</font><hr color=#ccffcc size=2>界面活性剤(22％：直鎖アルキルベンゼンスルホン酸塩、ポリオキシエチレンアルキルエーテル)、安定化剤、アルカリ剤、水軟化剤、分散剤、酵素、蛍光増白剤<br></font></td></tr></table>
<table border=0 width=380><tr><td style=""font-size:12px;""><font color=#000088><hr>【ご注意１】この商品はお取り寄せ商品です。ご注文されてから発送されるまで約10営業日(土日・祝を除く)いただきます。<br>
なお、商品によりましては、予定が大幅に遅れることもございますので、何卒あらかじめご了承お願いいたします。</font></td></tr><tr><td style=""font-size:12px;""><font color=#000088>【ご注意２】お取り寄せ商品以外の商品と一緒にお買い上げの場合は、全ての商品が揃い次第の発送となりますので、ご了承下さい。</font></td></tr></table>
<table border=0 width=380 style=""font-size:12px;line-height:1.2;""><tr><td><font color=#000088><hr>※パッケージデザイン等が予告なく変更される場合もあります。<br>※商品廃番・メーカー欠品など諸事情によりお届けできない場合がございます。<hr></font></td></tr></table>
<table border=0 width=380 style=""font-size:12px;line-height:1.2;""><tr><td>【広告文責】株式会社メディスンプラス：0120-205-904 ※休業日 土日・祝祭日</td></tr></table><link rel=""stylesheet"" href=""http://www.rakuten.ne.jp/gold/medistock/css_flt/fb_l_p.css"" type=""text/css"" />
<div id=""flt_l1""></div>
<div id=""flt_l2""></div>
<div id=""flt_l3""></div>
<div id=""flt_l4""></div>
<div id=""flt_l5""></div>
<div id=""flt_l6""></div>
<div id=""flt_l7""></div>

<link rel=""stylesheet"" href=""http://www.rakuten.ne.jp/gold/medistock/css_flt/fb_r_m.css"" type=""text/css"" />
<div id=""flt_r1""></div>
<div id=""flt_r2""></div>
<div id=""flt_r3""></div>
<div id=""flt_r4""></div>
<div id=""flt_r5""></div>
<div id=""flt_r6""></div>
<div id=""flt_r7""></div>

<center>
<div style=""width:710px; border:1px solid #b66; padding:5px; margin-bottom:5px; background:#fff;"">

</div>
</center>


<br>

<link href=""http://www.rakuten.ne.jp/gold/medistock/hd_vita.css"" rel=""stylesheet"" type=""text/css"">

<table width=""730"" border=""0""><tr><td align=""center"">

<div><img src=""http://image.rakuten.co.jp/medistock/cabinet/hd/sp.gif"" height=""20""></div>

<center><img src=""http://image.rakuten.co.jp/mprice-shop/cabinet/mp_bn/170407crp_mid.gif"" border=""0""></center>
<center>↑ </center>
<font color=#003366><b>Ｍプライスで使える【商品限定２００円offクーポン】配布中！<br>クーポンの対象品は...このバナーをクリック！ ※獲得期間にご注意！</b></font>
<br><br><br>





	<div><img src=""http://image.rakuten.co.jp/medistock/cabinet/banner/1704win.jpg"" width=""468"" alt=""エントリー"" border=""0""></div>
	<div><img src=""http://image.rakuten.co.jp/medistock/cabinet/hd/sp.gif"" height=""5""></div>



<div><img src=""http://image.rakuten.co.jp/medistock/cabinet/banner/160801ls.gif"" width=""468"" alt=""エントリー"" border=""0""></div>
<div><img src=""http://image.rakuten.co.jp/medistock/cabinet/hd/sp.gif"" height=""5""></div>

<div><img src=""http://image.rakuten.co.jp/medistock/cabinet/banner/160118pt7.jpg"" width=""468"" alt=""エントリー"" border=""0""></div>
<div><img src=""http://image.rakuten.co.jp/medistock/cabinet/hd/sp.gif"" height=""5""></div>

<div><img src=""http://image.rakuten.co.jp/medistock/cabinet/banner/160801nua.jpg"" width=""468"" alt=""初めて購入700pt"" border=""0""></div>
<div><img src=""http://image.rakuten.co.jp/medistock/cabinet/hd/sp.gif"" height=""5""></div>

<div><img src=""http://image.rakuten.co.jp/medistock/cabinet/banner/160506rgw.jpg"" width=""468"" alt=""エントリー"" border=""0""></div>
<div><img src=""http://image.rakuten.co.jp/medistock/cabinet/hd/sp.gif"" height=""5""></div>

<div><img src=""http://image.rakuten.co.jp/medistock/cabinet/banner/161201tb05p.jpg"" width=""468"" alt=""ツールバーPt2"" border=""0""></div>
<div><img src=""http://image.rakuten.co.jp/medistock/cabinet/hd/sp.gif"" height=""5""></div>

<div><img src=""http://image.rakuten.co.jp/medistock/cabinet/banner/160601tb10.jpg"" width=""468"" alt=""初ツールバー"" border=""0""></div>
<div><img src=""http://image.rakuten.co.jp/medistock/cabinet/hd/sp.gif"" height=""5""></div>


<div><img src=""http://image.rakuten.co.jp/medistock/cabinet/banner/151101app.jpg"" width=""468"" alt=""エントリー"" border=""0""></div>
<div><img src=""http://image.rakuten.co.jp/medistock/cabinet/hd/sp.gif"" height=""5""></div>


<div><img src=""http://image.rakuten.co.jp/medistock/cabinet/p_img/bn_ato.gif"" width=""468"" alt=""ＮＰ後払い"" border=""0""></div>
<div><img src=""http://image.rakuten.co.jp/medistock/cabinet/hd/sp.gif"" height=""5""></div>


</td></tr></table>",なんと！あの【Ｐ＆Ｇ】アリエール　イオンパワージェル　サイエンスプラス　本体　１．０Ｋｇ が「この価格！？」※お取り寄せ商品【RCP】【02P03Dec16】：Ｍプライス,なんと！あの【Ｐ＆Ｇ】アリエール　イオンパワージェル　サイエンスプラス　本体　１．０Ｋｇ が「この価格！？」※お取り寄せ商品【RCP】【02P03Dec16】,なんと！あの【Ｐ＆Ｇ】アリエール　イオンパワージェル　サイエンスプラス　本体　１．０Ｋｇ が「この価格！？」※お取り寄せ商品【RCP】【02P03Dec16】[rn]
