37-73025,http://tshop.r10s.jp/orange-heal/cabinet/kiwi/1310040-1.jpg?fitin=700:700,500.8000,,靴 > 靴ケア用品・アクセサリ > 靴磨き,KIWI キィウィ　シューポリッシュ　ダークタン（中缶）ヨーロッパ経由東アジア正規品【あす楽対応】（鏡面磨きにおすすめ）,鏡面磨き（ハイシャイン）の必需品。日本未入荷色！,"<div style=""width:700px; background-color:#333; text-align:center; margin:10px auto; padding:15px; "">
<h1 style=""color:#fff; font-size:26px; line-height:36px; font-weight:bold;"">鏡面磨きにおすすめ！<br />
待望の国内未入荷カラー KIWI中缶「ダークタン」が入荷！<br />
<br />
従来色「KIWI中缶 チャ」よりも<br />
赤みのある仕上げをご希望の方に</h1>
<p style=""padding-top:0; margin:0;""><img src=""http://image.rakuten.co.jp/orange-heal/cabinet/kiwi/1310040page_tit.jpg"" width=""700"" height=""500"" /></p>
<p style=""padding-top:15px; margin:0;""><img src=""http://image.rakuten.co.jp/orange-heal/cabinet/kiwi/1310040page_kiwi.jpg"" width=""700"" height=""290"" /></p>
<p style=""padding-top:15px; margin:0;""><img src=""http://image.rakuten.co.jp/orange-heal/cabinet/kiwi/1310040page_3.jpg"" width=""700"" height=""565"" usemap=""#color""></p>
<table style=""width:700px; margin:15px auto 0 auto; background:#FFF;"" border=""0"" cellspacing=""0"" cellpadding=""0"">
<tr>
    <td colspan=""3""><img src=""http://image.rakuten.co.jp/orange-heal/cabinet/kiwi/1310040page_staff.jpg"" width=""700"" height=""420"" /></td>
    </tr>
  <tr>
    <td><a href=""http://item.rakuten.co.jp/orange-heal/5799001/""><img src=""http://image.rakuten.co.jp/orange-heal/cabinet/kiwi/1310040page_hi.jpg"" width=""195"" height=""95"" border=""0"" /></a></td>
    <td><a href=""http://item.rakuten.co.jp/orange-heal/3752000/""><img src=""http://image.rakuten.co.jp/orange-heal/cabinet/kiwi/1310040page_po.jpg"" width=""190"" height=""95"" border=""0"" /></a></td>
    <td><a href=""http://item.rakuten.co.jp/orange-heal/1310040#pk01""><img src=""http://image.rakuten.co.jp/orange-heal/cabinet/kiwi/1310040page_mv.jpg"" width=""315"" height=""95"" border=""0"" /></a></td>
  </tr>
  </table>
  <table style=""width:700px; margin:15px auto 0 auto; background:#FFF; text-align:center;"" border=""0"" cellspacing=""0"" cellpadding=""0"">
  <tr>
    <td colspan=""4""><img src=""http://image.rakuten.co.jp/orange-heal/cabinet/kiwi/1310599page_2.jpg"" width=""700"" height=""365"" usemap=""#brown""><p style=""padding:0 25px 10px 25px; margin:0; font-color:#333; text-align:left; font-size:14px; line-height:16px;"">色味も微妙に異なる4種の茶系カラーを取り揃えています。<br />
      罫線が透けて見えるものは、革本来の色を生かした透明感ある仕上がりとなります。
      <br />
      あまり透けていないものは、革の上にしっかり目にワックスの色がのります。
      
      <br />
      <br />
      色や仕上がりの違いから、お好みのワックスを選んで頂くことで、靴の表情にも変化が生まれます。</p></td>
  </tr>
  <tr>
    <td style=""width:155px; text-align:center; font-size:12px; line-height:16px;""><a href=""http://item.rakuten.co.jp/orange-heal/1310600-1310602/""><img src=""http://image.rakuten.co.jp/orange-heal/cabinet/img55861781.jpg"" width=""130"" vspace=""5"" border=""0"" /></a><br />
      <a href=""http://item.rakuten.co.jp/orange-heal/1310600-1310602/"">KIWIパレードグロス<br />プレステージ</a><br />
      ●クロ●チャ<br />
      ●ムショク●ダークタン<br />
      <span style=""color:#f00;"">686円+税</span></td>
    <td style=""width:155px; font-size:12px; line-height:16px; text-align:center;""><a href=""http://item.rakuten.co.jp/orange-heal/1310599/""><img src=""http://image.rakuten.co.jp/orange-heal/cabinet/kiwi/1310599.jpg"" alt="""" width=""130"" vspace=""5"" border=""0"" /></a><br />
      <a href=""http://item.rakuten.co.jp/orange-heal/1310599/"">KIWI中缶<br />
        東アジア正規品</a><br />
      ●クロ●チャ<br />
      ●ムショク<br />
      <span style=""color:#f00;"">573円+税</span></td>
    <td style=""width:155px; font-size:12px; line-height:16px; text-align:center;""><a href=""http://item.rakuten.co.jp/orange-heal/1310040/""><img src=""http://image.rakuten.co.jp/orange-heal/cabinet/kiwi/1310040-1.jpg"" alt="""" width=""130"" vspace=""5"" border=""0"" /></a><br />
      <a href=""http://item.rakuten.co.jp/orange-heal/1310040/"">KIWI中缶<br />
        東アジア正規品</a><br />
      <br />
      ●ダークタン <br />
      ヨーロッパ経由<span style=""color:#f00;"">580円+税</span></td>
  <td style=""width:155px; font-size:12px; line-height:16px; text-align:center;""><!--<a href=""http://item.rakuten.co.jp/orange-heal/1310000-1310001-1310002/""><img src=""http://image.rakuten.co.jp/orange-heal/cabinet/kiwi/1310000-1.jpg"" width=""130"" vspace=""5"" border=""0"" /></a><br />
      <a href=""http://item.rakuten.co.jp/orange-heal/1310000-1310001-1310002/"">【USA】KIWI中缶</a><br />
  <br />
  <br />
  ●チャ●ムショク<br />
  <span style=""color:#f00;"">450円+税</span>--></td>
  </tr>
  <tr>
    <td colspan=""4""><img src=""http://image.rakuten.co.jp/orange-heal/cabinet/kiwi/1310040page_17.jpg"" width=""700"" height=""120"" /></td>
  </tr>
  </table>
<p style=""padding-top:15px; margin:0;""><img src=""http://image.rakuten.co.jp/orange-heal/cabinet/kiwi/1310040page_qa.jpg"" width=""700"" height=""45"" /></p>
<dl style=""width:700px; text-align:left; font-size:12px; line-height:16px; color:#333; padding:0; margin:0 auto 10px auto; overflow: hidden; background-color:#FFF;"">
<dt style=""font-size: 16px;font-weight: bold; color: #FFF;background-color: #333;margin:10px 5px 0 5px; padding:5px 10px;"">Q）USAパレードグロスのチャを使っていたのですが、他におすすめのワックスは何ですか？</dt>
<dd style=""padding: 5px 10px;"">上記の比較画像のように色味が近いのは<a href=""http://item.rakuten.co.jp/orange-heal/1310000-1310001-1310002/"">中缶 チャ</a>になります。<br />
  弊社スタッフ個人の印象ではございますが、<br />
  「使用感は<a href=""http://item.rakuten.co.jp/orange-heal/1310600-1310602/"">パレードグロス プレステージ チャ</a>が近いのでは」という意見がございます。</dd>
<dt style=""font-size: 16px;font-weight: bold; color: #FFF;background-color: #333;margin:10px 5px 0 5px; padding:5px 10px;"">Q）ワックスが硬く、割れていました。保管状況が悪いのでしょうか？</dt>
<dd style=""padding: 5px 10px;"">ワックスは、当初から割れ（ヒビ）が入っているものが大半です。硬すぎて使いづらい時は缶を手のひらの上に置いて温めたり、暖かい部屋にしばらく置いて下さい。柔らかくなりすぎた時は、しばらく涼しい場所に置いて下さい。</dd>
<dt style=""font-size: 16px;font-weight: bold; color: #FFF;background-color: #333;margin:10px 5px 0 5px; padding:5px 10px;"">Q）ワックスの缶のフタに小さな穴が開いているものがあった..。</dt>
<dd style=""padding: 5px 10px 0 10px; margin-bottom:15px;"">この穴は、もともと製造時にKIWIの工場で開けたものでございます。

  <br />
  <br />
  穴を開けてあるフタを使った方が、ワックスを缶に詰めた後、<br />
  製品のコンディション
を良好に保てるため（表面に汗をかかない等）、そのようにしているとのことです。 <br />
  <br />
  ただし、冬季など気温が低く、熱いワックスが缶の中で冷めるまでに、汗の心配等がない時期は穴の開いていないフタを使用するとのことです。

同じ時に輸入したものでも、製造の時期が少しずれていますと、同商品でも穴の開いているものと
開いていないものがあります。

  <br />
  <br />
  製造地が高温多湿という気候の場合も、缶に穴が開いております。

  <br />
  <br />
  穴はワックスの品質を良好に保つための仕様として、ご理解を頂ければ幸いです。
（緯度の高いヨーロッパでは、穴の開いていないフタのワックスが主流のようです）</dd>
</dl>
<p style=""padding:5px 0 0 0; margin:0;""><a href=""http://event.rakuten.co.jp/asuraku/about/"" target=""_blank"" ><img src=""http://image.rakuten.co.jp/com/img/rms/cabinet/recommend_new/img00000413.jpg"" alt=""翌日配送あす楽の締切は営業日の15時まで"" width=""670"" height=""120"" border=""0"" /></a></p>
<p style=""padding:5px 0; margin:0;""><img src=""http://www.rakuten.ne.jp/gold/orange-heal/bn/mail_bn.jpg"" alt=""こちらの商品は【メール便】に対応しておりません。"" width=""700"" height=""120"" /></p>
<map name=""color"">

<area shape=""rect"" coords=""12,54,516,558"" href=""http://item.rakuten.co.jp/orange-heal/1310599/"" target=""_blank"" alt=""KIWIシューポリッシュ中缶はこちら"">

</map>

<map name=""brown"">

<area shape=""rect"" coords=""29,60,210,349"" href=""http://item.rakuten.co.jp/orange-heal/1310599/"" target=""_blank"" alt=""KIWIシューポリッシュ中缶チャはこちら"">
<area shape=""rect"" coords=""213,60,360,349"" href=""http://item.rakuten.co.jp/orange-heal/1310600-1310602/"" target=""_blank"" alt=""KIWIパレードグロスチャはこちら"">
<area shape=""rect"" coords=""499,60,675,349"" href=""http://item.rakuten.co.jp/orange-heal/1310600-1310602/"" target=""_blank"" alt=""KIWIパレードグロスダークタンはこちら"">
<area shape=""rect"" coords=""363,60,496,348"" href=""http://item.rakuten.co.jp/orange-heal/1310040/"" target=""_blank"" alt=""KIWIシューポリッシュ中缶ダークタンはこちら"">

</map>

</div>
<div style=""width:730px; background-color:#fff; text-align:center; margin:10px auto; padding:0; "">
<p style=""padding:15px 0; margin:0; background-color:#FFF;""><iframe id=""kiwi_set"" name=""kiwi_set"" src=""http://www.rakuten.ne.jp/gold/orange-heal/sp/kiwi_set.html"" frameborder=""0"" marginwidth=""0"" scrolling=""no"" width=""730px"" height=""1220px""></iframe></p>
<p style=""padding:5px 0; margin:0;""><a href=""http://event.rakuten.co.jp/asuraku/about/"" target=""_blank"" ><img src=""http://image.rakuten.co.jp/com/img/rms/cabinet/recommend_new/img00000413.jpg"" alt=""翌日配送あす楽の締切は営業日の15時まで"" width=""670"" height=""120"" border=""0"" /></a></p>
<p style=""padding:5px 0; margin:0;""><img src=""http://www.rakuten.ne.jp/gold/orange-heal/bn/mail_bn.jpg"" alt=""こちらの商品は【メール便】に対応しておりません。"" width=""700"" height=""120"" /></p>


<a href=""http://item.rakuten.co.jp/orange-heal/4704075/"" target=""_blank""><img src=""http://image.rakuten.co.jp/orange-heal/cabinet/kiwi/4704075bn.jpg"" border=""0"" alt=""鏡面磨きセットはこちら"" /></a>
<a href=""http://item.rakuten.co.jp/orange-heal/3752093/"" target=""_blank""><img src=""http://image.rakuten.co.jp/orange-heal/cabinet/mail/2016/20160621_13.jpg"" border=""0"" alt=""ハイシャインポリッシュクロスエクストラはこちら"" /></a>
</div><TABLE style=""width:501px; color:#666; font-size:12px; line-height:14px;"">
  <TBODY>
  <TR>
      <TD style="" background-color:#960; color:#FFF; font-size:12px; font-weight:bold; padding:2px 0;"">&nbsp;※このページはKIWI中缶ダークタンの販売ページです。</TD>
    </TR>
    <TR>
      <TD style=""padding:3px 0;"">●KIWI シューポリッシュ 中缶（黒・茶・無色）はこちら<br>
      ●KIWI パレードグロス プレステージはこちら</TD>
    </TR>
    <TR>
      <TD style=""color:#F80; font-size:12px; font-weight:bold; padding:10px 0 3px 0;"">-特長-</TD>
    </TR>
    <TR>
      <TD style=""padding:3px 0;"">鏡面磨き（ハイシャイン）用としても人気の高い、KIWI（キィウイ）の油性ワックスです。
      </TD>
    </TR>
    <TR>
      <TD style=""color:#F80; font-size:12px; font-weight:bold; padding:2px 0;"">-使用方法-</TD>
    </TR>
    <TR>
      <TD style=""padding:3px 0;"">布にワックスを少量取り、全体に薄くのばして磨いてください。</TD>
    </TR>
    <TR>
      <TD style=""color:#F80; font-size:12px; font-weight:bold; padding:2px 0;"">-注意-</TD>
    </TR>    
    <TR>
      <TD style=""padding:3px 0;""><span style=""color:#f00;"">※革の材質によりシミや色落ち、ツヤがなくなる場合があります。</span>必ず目立たない箇所でテストしてからご使用下さい。<br />
・色が移って衣服を汚す場合があります。<br />
・爬虫類や起毛皮革には使用できません。<br />
・使用後はふたを完全にしめて下さい。<br />
・乾燥・ひび割れしてもご使用になれます。<br />
・蓋に空いている穴について：製造上（製造時の気温など）品質を保つ為に空いている缶があります。品質には問題はございません。なにとぞご了承くださいませ。 </TD>
    </TR>
    <TR>
      <TD style=""color:#F80; font-size:12px; font-weight:bold; padding:2px 0;"">-品質表示-</TD>
    </TR>
    <TR>
      <TD style=""padding:3px 0;"">内容量：50ml、成分：ろう・油脂・有機溶剤、種類：油性</TD>
    </TR>
    <TR>
      <TD style=""padding:10px 0 3px 0;"">製造 インドネシア MADE IN INDONESIA　（KIWIブランド　東アジア 正規品）</TD>
    </TR>
    <TR>
      <TD style=""padding:3px 0;"">商品名：キィウイ　中缶（キィウイ　シューポリッシュ）ダークタン（KIWI SHOE POLISH DARK TAN）</TD>
    </TR>
    <TR>
      <TD style=""padding:3px 0;""><span style=""color:#f00;"">※商品切替時につきパッケージが異なる場合がございますが、中身に変更はございません。<br />
      </span></TD>
    </TR> 
  </TBODY>
</TABLE>

<br /><span style=""font-size:10px; color:#ccc;"">◎メール便不可◎KIWI◎ワックス・ポリッシュ◎靴◎鏡面磨き</span></center>
<br /><p align=""center""></p><style type=""text/css"">


/*
 * 送料無料バナー。
 */
span.unit:before
{
  /* 表示する文字 */
  content: '';
 
  /* ブロック要素に変更 */
  display: block;
 
  /* 横幅を指定 */
  width: 437px;
 
  /* 高さを指定 */
  height: 120px;
 
  /* 背景画像 */
  background: url(http://image.rakuten.co.jp/orange-heal/cabinet/baner/mail_cannot1.jpg) transparent 0 50% no-repeat;


}

<!--

span.catch_copy {
  line-height: 120%;
  font-size: 12px;
  color: #999999;  
}

span.item_name {
  line-height: 150%;
  font-size: 14px;
  margin-top: 10px;
}

/* キャッチコピー上部にラベルがつく */
span.catch_copy:before {
    content: ""スタッフおすすめ""; /*ラベル内の文言*/
    width: 100px; /*ラベルのサイズ*/
    background-color: #bf0000; /*ラベルの色*/
    font-size: 11px;
    color: #fff;
    text-align: center;
    display: block;
    padding: 1px 4px;
    margin-bottom: 4px;
    border-radius: 2px;
    clear: both;
}

/* 商品名下に境界線が入る */
span.item_name {
    display: block;
    border-bottom: 2px dotted #FF6600;
    padding-bottom: 8px;
}

/* 価格に枠線がつく */
table#rakutenLimitedId_cart {
    background-color: #f8f8f8;
    border: 1px solid #ddd;
    padding: 8px;
    margin: 16px 0;
}

span.price1 {
    color: #333 !important;
    font-weight: bold;
    font-size: 80% !important;
    line-height: 30px;
    display: inline-block;
    margin-right: 16px;
}

-->

</style>",KIWI キィウィ　シューポリッシュ　ダークタン（中缶）ヨーロッパ経由東アジア正規品【あす楽対応】（鏡面磨きにおすすめ）：オレンジヒール,ジュエル靴クリームヴィオラビオラVIOLAVIORA靴手入れ靴磨きシューケアクリーナー防水スプレー汚れ落としローションパラレル東京オレンジヒールレザーケアスニーカー靴のお手入れシューピット靴墨シューピッドKIWI キィウィ　シューポリッシュ　ダークタン（中缶）ヨーロッパ経由東アジア正規品【あす楽対応】（鏡面磨きにおすすめ）,鏡面磨き（ハイシャイン）の必需品。日本未入荷色！。KIWI キィウィ　シューポリッシュ　ダークタン（中缶）ヨーロッパ経由東アジア正規品【あす楽対応】（鏡面磨きにおすすめ）[rn]
37-73026,http://tshop.r10s.jp/orange-heal/cabinet/cleaner/2902020-1.jpg?fitin=700:700,432.0000,,靴 > 靴ケア用品・アクセサリ > 靴磨き,【シューケア/靴磨き】【Oggi 掲載！】ヴィオラ　エナメルケア【あす楽対応】（エナメル専用　汚れ落し・ツヤ出し）,1本で汚れ落とし＆ツヤ出しが出来るエナメル専用ローション,"<div style=""width:730px; background-color:#fff; text-align:center; margin:10px auto; padding:0; "">
<h1 style=""color:#0C0; font-size:26px; line-height:36px;"">エナメル特有の美しいツヤ・輝きを保つ必需品<br />保革プラスでしっとりとした仕上がりは靴にピッタリ！</h1>
<img src=""http://image.rakuten.co.jp/orange-heal/cabinet/cleaner/2902020page_1.jpg"" width=""730"" alt=""""><br>
<img src=""http://image.rakuten.co.jp/orange-heal/cabinet/cleaner/2902020page_2.jpg"" width=""730"" height=""461"" alt=""""><br>
<img src=""http://image.rakuten.co.jp/orange-heal/cabinet/item/ipi06.jpg"" width=""730"" height=""96"" alt=""""><br>
<div style=""background: url(http://image.rakuten.co.jp/orange-heal/cabinet/item/ipi07.jpg) repeat;width:730px;"">
<div style=""padding:0 40px 20px 40px;color:#777471;line-height:1.4;font-size:12px; text-align:left;"">
 <br><img src=""http://image.rakuten.co.jp/orange-heal/cabinet/cleaner/2902020_staff.jpg"" width=""120"" align=""right"" style=""margin-left:8px;"" />

 久しぶりにエナメル（クロコ型押し）の財布のお手入れをしました。 <br />
使ったのは「VIOLA エナメルケア」 <br /> <br />

布に少し含ませて拭いたら「 すべすべ＆ツヤツヤ 」になったのに自分でもびっくり！ <br />
外見上はあまり汚れは分からず、ローションを含ませた布にもほどんど目立つ汚れはつかなかったのに・・・・ <br />
毎日何度も手で触るものだけに、分からないようでいて、やっぱり皮脂汚れ等がついていたのだと思います。 <br /> <br />

「春財布」・・・お財布が張る＝金運に恵まれる、ということで、春にお財布を新調される方も多いとか。 <br />
新調される方も、そして長年ご愛用の方も、エナメル素材のお財布をお持ちなら、ぜひ「VIOLA エナメルケア」お勧めします♪ 
</div></div>
<img src=""http://image.rakuten.co.jp/orange-heal/cabinet/item/ipi08.jpg"" width=""730"" height=""87"" alt="""">
<p style=""padding:5px 0 0 0; margin:0;""><a href=""http://event.rakuten.co.jp/asuraku/about/"" target=""_blank"" ><img src=""http://image.rakuten.co.jp/com/img/rms/cabinet/recommend_new/img00000413.jpg"" alt=""翌日配送あす楽の締切は営業日の15時まで"" width=""670"" height=""120"" border=""0"" /></p><span style=""padding:5px 0; margin:0;""><img src=""http://www.rakuten.ne.jp/gold/orange-heal/bn/mail_bn.jpg"" alt=""こちらの商品は【メール便】に対応しておりません。"" width=""700"" height=""120"" /></span></div><font size=""2"" face=""ＭＳ ゴシック"" color=""#ff8000"">【対象レザー】</font>
<table width=""500"" height=""90px;"" border=""0"" cellspacing=""0"" cellpadding=""0"">
  <tr align=""left"">
    <td>
    <img src=""http://image.rakuten.co.jp/orange-heal/cabinet/reather_08.jpg"" alt=""エナメル"" width=""80"" height=""80"" border=""0"" />
  </tr>
</table><br>

<table width=""501"" cellpadding=""1"">
  <tbody>
    <tr>
      <td><font size=""2"" face=""ＭＳ ゴシック"" color=""#ff8000"">-特長</font><font color=""#ff8000"" size=""2"">-</font></td>
    </tr>
    <tr>
      <td>
      <P><font color=""#666666"" size=""2"">汚れを落としてツヤを出し、革に柔軟性を与えてひび割れを防ぎます。</font><font color=""#ff0000"" size=""2""><br>
      </font></P>
      </td>
    </tr>
    <tr>
      <td><font color=""#800000"" size=""2""><font color=""#800000""><font color=""#ff8000"">-用途-</font></font></font></td>
    </tr>
    <tr>
      <td><font color=""#666666"" size=""2"">エナメル革の汚れ落としと保護ツヤ出し<br>
      ※スエードなどの起毛革にはご使用になれません。<br>
      </font></td>
    </tr>
    <tr>
      <td><font color=""#ff8000"" size=""2"">-使用法-</font></td>
    </tr>
    <tr>
      <td><font color=""#666666"" size=""2"">1.布に適量を含ませ、薄く均一に塗り伸ばします。<br>
      2.乾いた柔らかい布でよく磨き上げて下さい。<br>
      </font></td>
    </tr>
    <tr>
      <td><font color=""#000000"" size=""2""><font color=""#ff8000"">※注意</font></font></td>
    </tr>
    <tr>
      <td><font color=""#666666"" size=""2""><font 
color=#ff0000><font color=#666666 size=2>輸入製品などへのご使用は販売店様・メーカー様とあらかじめご相談の上、ご使用下さい。</font></font><br>
      </font></td>
    </tr>
    <tr>
      <td><font color=""#666666"" size=""2"">内容量　120ml</font></td>
    </tr>
    <tr>
      <td><font color=""#666666"" size=""2""><font color=""#666666"">製造</font></font><font size=""2"">　</font><font color=""#666666"" size=""2"">株式会社ジュエル</font></td>
    </tr>
    <tr>
      <td><font color=""#666666"" size=""2""><font color=""#666666"">商品名　VIOLA（ヴィオラ)エナメルケア</font></font></td>
    </tr>
  </tbody>
</table>
<br><span style=""font-size:10px; color:#ccc;"">◎メール便不可◎VIOLA◎保革・補色（クリーム、他）◎クリーナー◎エナメル</span>
<div style=""width:500px"">
<img src=""http://image.rakuten.co.jp/orange-heal/cabinet/layout/enamel_1.jpg"" border=""0"">
<div style=""background:url(http://image.rakuten.co.jp/orange-heal/cabinet/layout/enamel_2.jpg);"">
<p style=""margin:0 30px 3px 30px; font-size:11px; line-height:13px;"">エナメルに汚れがついたらエナメルに使用できるクリーナーをお使い下さい。ツヤ出し成分が入っているクリーナーの場合は、乾いた後に綺麗な柔らかい布で磨いて仕上げて下さい。</p>
<table colspan=""6"" width=""100%"" style=""table-layout:fixed; font-size:11px; color:#FFF; text-align:center; line-height:13px;"" border=""0"">
<tr><td width=""9"">&nbsp;</td>
<td><img src=""http://image.rakuten.co.jp/orange-heal/cabinet/cleaner/2902020-1.jpg"" width=""100"" borde=""0""></td>
<td><img src=""http://image.rakuten.co.jp/orange-heal/cabinet/collonil/2911032.jpg"" width=""100"" borde=""0""></td>
<td><img src=""http://image.rakuten.co.jp/orange-heal/cabinet/collonil/2911001-1.jpg"" width=""100"" borde=""0""></td>
<td><img src=""http://image.rakuten.co.jp/orange-heal/cabinet/cleaner/4704055.jpg"" width=""100"" borde=""0""></td>
<td width=""10"">&nbsp;</td></tr>
<tr><td width=""9"">&nbsp;</td>
<td bgcolor=""#FF0066"">ヴィオラ<br>エナメルケア</td>
<td bgcolor=""#FF0066"">コロニル<br>ラックスプレー</td>
<td bgcolor=""#FF0066"">コロニル<br>
ラックムース</td>
<td bgcolor=""#FF0066"">ヴィオラ エナメル靴<br>お手入れセット</td>
<td width=""9"">&nbsp;</td>
</tr>
<tr><td width=""9"">&nbsp;</td>
<td><img src=""http://image.rakuten.co.jp/orange-heal/cabinet/saphir/img56084560.jpg"" width=""100"" borde=""0""></td>
<td><img src=""http://image.rakuten.co.jp/orange-heal/cabinet/collonil/1111081-1.jpg"" width=""100"" borde=""0""></td>
<td><img src=""http://image.rakuten.co.jp/orange-heal/cabinet/oteirezakka/3711002-1.jpg"" width=""100"" borde=""0""></td>
<td><img src=""http://image.rakuten.co.jp/orange-heal/cabinet/oteirezakka/3767000-1.jpg"" width=""100"" borde=""0""></td>
<td width=""10"">&nbsp;</td></tr>
<tr><td width=""9"">&nbsp;</td>
<td bgcolor=""#FF0066"">ヴァーニスライフ<br>エナメルローション</td>
<td bgcolor=""#FF0066"">コロニル<br>ラックポリッシュ</td>
<td bgcolor=""#FF0066"">コロニル<br>テレンプ</td>
<td bgcolor=""#FF0066"">ケント<br>シリコンクロス</td>
<td width=""9"">&nbsp;</td>
</tr>
</table>
<img src=""http://image.rakuten.co.jp/orange-heal/cabinet/layout/enamel_3.jpg"" border=""0"">
</div></div>
<p style=""margin:15px 0;""><span style=""font-size:13px;color:#039;font-weight:bold;line-height:20px;"">↓エナメル靴を少しでも長くきれいに履けるように・・・↓</span><br>
<img src=""http://image.rakuten.co.jp/orange-heal/cabinet/cleaner/4704055bn.jpg"" border=""0""></p>
<p style=""margin:15px 0;""><span style=""font-size:13px;color:#f33;font-weight:bold;line-height:20px;"">↓超簡単3ステップケア★革製品のお手入れセット↓</span><br>
<img src=""https://image.rakuten.co.jp/orange-heal/cabinet/cream/4704108_bn.jpg"" width=""500"" height=""200"" border=""0""></p>
</center>
<br /><p align=""center""></p><style type=""text/css"">


/*
 * 送料無料バナー。
 */
span.unit:before
{
  /* 表示する文字 */
  content: '';
 
  /* ブロック要素に変更 */
  display: block;
 
  /* 横幅を指定 */
  width: 437px;
 
  /* 高さを指定 */
  height: 120px;
 
  /* 背景画像 */
  background: url(http://image.rakuten.co.jp/orange-heal/cabinet/baner/mail_cannot1.jpg) transparent 0 50% no-repeat;


}

<!--

span.catch_copy {
  line-height: 120%;
  font-size: 12px;
  color: #999999;  
}

span.item_name {
  line-height: 150%;
  font-size: 14px;
  margin-top: 10px;
}

/* キャッチコピー上部にラベルがつく */
span.catch_copy:before {
    content: ""スタッフおすすめ""; /*ラベル内の文言*/
    width: 100px; /*ラベルのサイズ*/
    background-color: #bf0000; /*ラベルの色*/
    font-size: 11px;
    color: #fff;
    text-align: center;
    display: block;
    padding: 1px 4px;
    margin-bottom: 4px;
    border-radius: 2px;
    clear: both;
}

/* 商品名下に境界線が入る */
span.item_name {
    display: block;
    border-bottom: 2px dotted #FF6600;
    padding-bottom: 8px;
}

/* 価格に枠線がつく */
table#rakutenLimitedId_cart {
    background-color: #f8f8f8;
    border: 1px solid #ddd;
    padding: 8px;
    margin: 16px 0;
}

span.price1 {
    color: #333 !important;
    font-weight: bold;
    font-size: 80% !important;
    line-height: 30px;
    display: inline-block;
    margin-right: 16px;
}

-->

</style>",【シューケア/靴磨き】【Oggi 掲載！】ヴィオラ　エナメルケア【あす楽対応】（エナメル専用　汚れ落し・ツヤ出し）：オレンジヒール,ジュエル靴クリームヴィオラビオラVIOLAVIORA靴手入れ靴磨きシューケアクリーナー防水スプレー汚れ落としローションパラレル東京オレンジヒールレザーケアスニーカー靴のお手入れシューピット靴墨シューピッド【シューケア/靴磨き】【Oggi 掲載！】ヴィオラ　エナメルケア【あす楽対応】（エナメル専用　汚れ落し・ツヤ出し）,1本で汚れ落とし＆ツヤ出しが出来るエナメル専用ローション。【シューケア/靴磨き】【Oggi 掲載！】ヴィオラ　エナメルケア【あす楽対応】（エナメル専用　汚れ落し・ツヤ出し）[rn]
37-73027,http://tshop.r10s.jp/orange-heal/cabinet/oteirezakka/3752093.jpg?fitin=700:700,864.0000,,靴 > 靴ケア用品・アクセサリ > 靴磨き,ハイシャイン ポリッシュクロス エクストラ（3枚入り）【あす楽対応】靴磨き　鏡面磨き [M便 1/1],鏡面磨き（ハイシャイン）に最適！日本製の帯状クロス,"<div style=""width:730px; background-color:#fff; text-align:center; margin:10px auto; padding:0; "">
<h1 style=""color:#000; font-size:36px; line-height:44px; font-weight:bold;"">生地が柔らかく、素早く上質な仕上がりに。<br>
  鏡面磨きに最適な日本製のクロス</h1>
<img src=""http://image.rakuten.co.jp/orange-heal/cabinet/oteirezakka/3752093page_01.jpg"" alt=""靴磨き　クロス　磨き方"" width=""730"" height=""507"" border=""0"" />
<img src=""http://image.rakuten.co.jp/orange-heal/cabinet/oteirezakka/3752093page_2.jpg"" alt=""靴磨き　クロス　磨き方"" width=""730"" height=""647"" border=""0"" />
<p style=""padding:5px 0 10px 0; margin:0 15px 0 15px; text-align:left;"">仕上げ磨きにはこちらがおすすめ↓<br />
  <a href=""http://item.rakuten.co.jp/orange-heal/3752461/"" target=""_blank"" >
<img src=""http://image.rakuten.co.jp/orange-heal/cabinet/oteirezakka/3752461bn.jpg"" alt=""コットンフランネルクロス"" width=""700"" height=""193"" border=""0"" style=""margin:0.2rem 0 1rem 0;"" />
</a></p>
<p style=""padding:15px 0; margin:0; background-color:#FFF;""><iframe id=""kiwi_set"" name=""kiwi_set"" src=""http://www.rakuten.ne.jp/gold/orange-heal/sp/kiwi_set.html"" frameborder=""0"" marginwidth=""0"" scrolling=""no"" width=""730px"" height=""1220px""></iframe></p>
<p style=""margin:10px 0 5px 0;""><a href=""http://event.rakuten.co.jp/asuraku/about/"" target=""_blank"" ><img src=""http://image.rakuten.co.jp/com/img/rms/cabinet/recommend_new/img00000413.jpg"" alt=""翌日配送あす楽の締切は営業日の15時まで"" width=""670"" height=""120"" border=""0"" /></a>
<img src=""http://image.rakuten.co.jp/orange-heal/cabinet/baner/mailhason.jpg"" alt=""こちらの商品は【メール便】の場合パッケージが破損する可能性があります。"" width=""650"" height=""100"" /></p>
</div><TABLE style=""width:501px; color:#666; font-size:12px; line-height:14px;"">
  <TBODY>
    <TR>
      <TD style=""color:#F80; font-size:12px; font-weight:bold; padding:2px 0;"">-特長-</TD>
    </TR>
    <TR>
      <TD style=""padding:3px 0;"">・鏡面磨き（ハイシャイン）に最適な日本製のクロス<br>
      ・生地が柔らかく、素早く上質な仕上がりになります。
      </TD>
    </TR>
    <TR>
      <TD style=""color:#F80; font-size:12px; font-weight:bold; padding:2px 0;"">-使用法-</TD>
    </TR>
    <TR>
      <TD style=""padding:3px 0;"">中指と人差し指の腹の部分がピンと張るように、巻きつけて使用します。</TD>
    </TR>
    <TR>
      <TD style=""padding:3px 0;"">【サイズ】6×60cm、【素材】綿100%、【枚数】3枚</TD>
    </TR>
    <TR>
      <TD style=""padding:3px 0;"">製造　日本製</TD>
    </TR>
    <TR>
      <TD style=""padding:3px 0;"">販売元　株式会社ルボウ</TD>
    </TR>
    <TR>
      <TD style=""padding:3px 0;"">商品名　ハイシャイン ポリッシュクロス（High Shine Polish Cloth）エクストラ</TD>
    </TR>
  </TBODY>
</TABLE>
<br />
<p align=""center""></p>


<img src=""http://image.rakuten.co.jp/orange-heal/cabinet/oteirezakka/hsmv.jpg"" width=""300"" height=""80"" border=""0"" />
<br /><span style=""font-size:10px; color:#ccc;"">◎磨きグッズ（クロス、ミット、他）◎鏡面磨き</span></center>
<br /><p align=""center""></p><style type=""text/css"">


/*
 * 送料無料バナー。
 */
span.unit:before
{
  /* 表示する文字 */
  content: '';
 
  /* ブロック要素に変更 */
  display: block;
 
  /* 横幅を指定 */
  width: 437px;
 
  /* 高さを指定 */
  height: 120px;
 
  /* 背景画像 */
  background: url(http://image.rakuten.co.jp/orange-heal/cabinet/baner/mail_cannot4.jpg) transparent 0 50% no-repeat;


}

<!--

span.catch_copy {
  line-height: 120%;
  font-size: 12px;
  color: #999999;  
}

span.item_name {
  line-height: 150%;
  font-size: 14px;
  margin-top: 10px;
}

/* キャッチコピー上部にラベルがつく */
span.catch_copy:before {
    content: ""スタッフおすすめ""; /*ラベル内の文言*/
    width: 100px; /*ラベルのサイズ*/
    background-color: #bf0000; /*ラベルの色*/
    font-size: 11px;
    color: #fff;
    text-align: center;
    display: block;
    padding: 1px 4px;
    margin-bottom: 4px;
    border-radius: 2px;
    clear: both;
}

/* 商品名下に境界線が入る */
span.item_name {
    display: block;
    border-bottom: 2px dotted #FF6600;
    padding-bottom: 8px;
}

/* 価格に枠線がつく */
table#rakutenLimitedId_cart {
    background-color: #f8f8f8;
    border: 1px solid #ddd;
    padding: 8px;
    margin: 16px 0;
}

span.price1 {
    color: #333 !important;
    font-weight: bold;
    font-size: 80% !important;
    line-height: 30px;
    display: inline-block;
    margin-right: 16px;
}

-->

</style>",ハイシャイン ポリッシュクロス エクストラ（3枚入り）【あす楽対応】靴磨き　鏡面磨き [M便 1/1]：オレンジヒール,ジュエル靴クリームヴィオラビオラVIOLAVIORA靴手入れ靴磨きシューケアクリーナー防水スプレー汚れ落としローションパラレル東京オレンジヒールレザーケアスニーカー靴のお手入れシューピット靴墨シューピッドハイシャイン ポリッシュクロス エクストラ（3枚入り）【あす楽対応】靴磨き　鏡面磨き [M便 1/1],鏡面磨き（ハイシャイン）に最適！日本製の帯状クロス。ハイシャイン ポリッシュクロス エクストラ（3枚入り）【あす楽対応】靴磨き　鏡面磨き [M便 1/1][rn]
37-73028,http://tshop.r10s.jp/orange-heal/cabinet/collonil/1311000_01.jpg?fitin=700:700,1382.4000,,靴 > 靴ケア用品・アクセサリ > 靴磨き,コロニル1909 ワックスポリッシュ 75ml【あす楽対応】鏡面磨き（ハイシャイン・全体磨き）,コロニル1909のワックス入荷！上品なツヤ仕上がり,"<div style=""width:730px; background-color:#fff; text-align:center; margin:10px auto; padding:0; "">
<h1 style=""color:#036; font-size:25px; line-height:36px; font-weight:bold;"">よりパーフェクトな光沢を追求し、1909シリーズとして遂に登場！<br />
～Collonil&nbsp;コロニル1909&nbsp;ワックスポリッシュ～</h1>
<h2 style=""color:#036; font-size:20px; line-height:36px; font-weight:bold;"">厳選されたワックスが、滑らかで美しい仕上がりをもたらします</h2>
<p style=""padding:0 0 10px 0; margin:0;""><img src=""http://image.rakuten.co.jp/orange-heal/cabinet/collonil/1311000page_01.jpg"" alt=""Collonilコロニル1909ワックスポリッシュ"" width=""730"" height=""455"" border=""0"" /><br />
  <img src=""http://image.rakuten.co.jp/orange-heal/cabinet/collonil/1311000page_02b.jpg"" alt=""Collonilコロニル1909ワックスポリッシュの色見本・鏡面磨き（ハイシャイン）使用例"" width=""730"" height=""730"" border=""0"" /><br />
<img src=""http://image.rakuten.co.jp/orange-heal/cabinet/collonil/1311000page_03b.jpg"" alt=""Collonilコロニル1909ワックスポリッシュ使用例・スタッフお試しレポート"" width=""730"" height=""623"" border=""0"" /></p>
<p style=""padding:5px 0 0 0; margin:0;""><a href=""http://event.rakuten.co.jp/asuraku/about/"" target=""_blank"" ><img src=""http://image.rakuten.co.jp/com/img/rms/cabinet/recommend_new/img00000413.jpg"" alt=""翌日配送あす楽の締切は営業日の15時まで"" width=""670"" height=""120"" border=""0"" /></a></p>
<p style=""padding:5px 0; margin:0;""><img src=""http://www.rakuten.ne.jp/gold/orange-heal/bn/mail_bn.jpg"" alt=""こちらの商品は【メール便】に対応しておりません。"" width=""700"" height=""120"" /></p>
</div><TABLE style=""width:501px; color:#666; font-size:12px; line-height:14px;"">
  <TBODY>
    <TR>
      <TD style=""color:#F80; font-size:12px; font-weight:bold; padding:2px 0;"">-特長-</TD>
    </TR>
    <TR>
      <TD style=""padding:3px 0;"">厳選されたワックスが、皮革に栄養と高い光沢を与えます。つま先やかかと部の鏡面磨き（ハイシャイン）に使用すると滑らかで美しく仕上がります。全体磨きにもお使いいただけます。</TD>
    </TR>
    <TR>
      <TD style=""color:#F80; font-size:12px; font-weight:bold; padding:2px 0;"">-用途-</TD>
    </TR>
    <TR>
      <TD style=""padding:3px 0;"">靴磨き用高級ワックス（油性）</TD>
    </TR>
    <TR>
      <TD style=""color:#F80; font-size:12px; font-weight:bold; padding:2px 0;"">-対象素材・製品-</TD>
    </TR>
    <TR>
      <TD style=""padding:3px 0;"">スムースレザーの靴</TD>
    </TR>
    <TR>
      <TD style=""color:#F80; font-size:12px; font-weight:bold; padding:2px 0;"">-使用方法-</TD>
    </TR>
    <TR>
      <TD style=""padding:3px 0;"">1．対象素材・製品表面のホコリや汚れを布やブラシで落としてください。<br>
        2．布に少量取り、皮革に均一に塗布してください。<br>
        3．ポリッシングクロス（磨き布）で乾拭きしてください。<br>
        4．全体磨きの場合は、さらに山羊毛などの磨きブラシで磨いてください。</TD>
    </TR>
    <TR>
      <TD style=""color:#F80; font-size:12px; font-weight:bold; padding:2px 0;"">-使用上の注意-</TD>
    </TR>
    <TR>
      <TD style=""padding:3px 0;"">上記の対象素材・製品以外には使用できません。<br>
        <span style=""color:#f00;"">一部特殊素材にシミ、色むらの出る場合がありますので、目立たない箇所で試してください。</span><br>
        ※湿った皮革には使用しないでください。</TD>
    </TR>
    <TR>
      <TD style=""color:#F80; font-size:12px; font-weight:bold; padding:2px 0;"">-主要成分-</TD>
    </TR>    
    <TR>
      <TD style=""padding:3px 0;"">ワックス・オイル・有機溶剤</TD>
    </TR>
    <TR>
      <TD style=""color:#F80; font-size:12px; font-weight:bold; padding:2px 0;"">-品質表示-</TD>
    </TR>    
    <TR>
      <TD style=""padding:8px 0 3px 0;"">内容量：75ml&nbsp;&nbsp;種類：油性</TD>
    </TR>
    <TR>
      <TD style=""padding:3px 0;"">製造&nbsp;ドイツ ザルゼンブロッド社 Made in Germany</TD>
    </TR>
    <TR>
      <TD style=""padding:3px 0;"">商品名&nbsp;コロニル1909&nbsp;ワックスポリッシュ&nbsp;75ml （Collonil&nbsp;1909&nbsp;WAX&nbsp;POLISH）</TD>
    </TR>
  </TBODY>
</TABLE>
<br /><span style=""font-size:10px; color:#ccc;"">◎メール便不可◎Collonil◎ワックス・ポリッシュ◎靴◎鏡面磨き◎ハイシャイン◎靴磨き◎コロニル1909</span></center>
<br /><p align=""center""></p><table style=""width: 726px;	border-collapse: collapse; border-spacing: 0; margin: 5px auto; font-size:12px; line-height:16px; color:#666; text-align:center;"" border=""0"" cellspacing=""0"" cellpadding=""2"">
  <tr>
    <td colspan=""5""><img src=""http://image.rakuten.co.jp/orange-heal/cabinet/collonil/link_tit.jpg"" width=""726"" height=""40"" /></td>
    </tr>
  <tr>
    <td>シュプリーム<br />
      クリーム
      デラックス</td>
    <td>シュプリーム<br />
      プロテクトスプレー<br />
      </td>
    <td>レザーローション<br />
      </td>
    <td>レザークリーム<br />
      </td>
    <td>ワックスポリッシュ<br />
      </td>
  </tr>
  <tr>
    <td style=""width: 142px; text-align: center;""><img src=""http://image.rakuten.co.jp/orange-heal/cabinet/collonil/1211005_1.jpg"" vspace=""5"" border=""0"" style=""width:100px; height:100px;""></td>
    <td style=""width: 142px; text-align: center;""><img src=""http://image.rakuten.co.jp/orange-heal/cabinet/collonil/1811013_1.jpg"" vspace=""5"" border=""0"" style=""width:100px; height:100px;""></td>
    <td style=""width: 142px; text-align: center;""><img src=""http://image.rakuten.co.jp/orange-heal/cabinet/collonil/1611002_1.jpg"" vspace=""5"" border=""0"" style=""width:100px; height:100px;""></td>
    <td style=""width: 142px; text-align: center;""><img src=""http://image.rakuten.co.jp/orange-heal/cabinet/collonil/1111601_1.jpg"" vspace=""5"" border=""0"" style=""width:100px; height:100px;""></td>
    <td style=""width: 142px; text-align: center;""><img src=""http://image.rakuten.co.jp/orange-heal/cabinet/collonil/1311000_01.jpg"" vspace=""2"" border=""0"" style=""width:100px; height:100px;""></td>
  </tr>
  <tr>
    <td style=""width: 142px; text-align: center;"">ディアマントを引き継ぐ<br />
      最高級保革栄養クリーム </td>
    <td style=""width: 142px; text-align: center;"">ツヤ革・起毛革・コンビ素材にも使える<br />
      防水・保革栄養スプレー </td>
    <td style=""width: 142px; text-align: center;"">アロエと高級オイルを<br />
      豊富に含んだ
      高品質のレザーローション </td>
    <td style=""width: 142px; text-align: center;"">スムースレザー用高品質保革栄養クリーム。クリーニングと防水にも効果的</td>
    <td style=""width: 142px; text-align: center;"">鏡面磨き・全体磨きにも！<br />
      皮革に栄養と高い光沢を<br />
      与える高級ワックス </td>
  </tr>
  <tr style=""color: #F00; text-align: center;"">
    <td>&yen;2,800+税</td>
    <td>&yen;2,000+税</td>
    <td>&yen;2,000+税</td>
    <td>&yen;2,000+税</td>
    <td>&yen;1,600+税</td>
  </tr>
  <tr>
    <td colspan=""5"" style=""height:7px; padding-top:5px;""><hr /></td>
    </tr>
  <tr>
    <td>シュプリーム<br />
      クリームワックススプレー</td>
    <td>アプリケーションブラシ<br />
      </td>
    <td>ファインポリッシングブラシ<br />
      </td>
    <td>&nbsp;</td>
    <td>&nbsp;</td>
  </tr>
  <tr>
    <td style=""width: 142px; text-align: center;""><img src=""http://image.rakuten.co.jp/orange-heal/cabinet/collonil/1811014_1.jpg"" vspace=""5"" border=""0"" style=""width:100px; height:100px;""></td>
    <td style=""width: 142px; text-align: center;""><img src=""http://image.rakuten.co.jp/orange-heal/cabinet/collonil/3611004_1.jpg"" vspace=""5"" border=""0"" style=""width:100px; height:100px;""></td>
    <td style=""width: 142px; text-align: center;""><img src=""http://image.rakuten.co.jp/orange-heal/cabinet/collonil/3611003_1.jpg"" vspace=""5"" border=""0"" style=""width:100px; height:100px;""></td>
    <td style=""width: 142px; text-align: center;"">&nbsp;</td>
    <td style=""width: 142px; text-align: center;"">&nbsp;</td>
  </tr>
  <tr>
    <td style=""width: 142px; text-align: center;"">【スムースレザー専用】<br />
      美しいツヤ仕上がりの防水・保革栄養スプレー </td>
    <td style=""width: 142px; text-align: center;"">1909ロゴのゴールド刻印入り。小型丸柄の<br />
    靴クリーム塗布用ブラシ</td>
    <td style=""width: 142px; text-align: center;"">極上の山羊毛を<br />
      贅沢に使った<br />
      柔らかく密度の高いブラシ</td>
    <td style=""width: 142px; text-align: center;"">&nbsp;</td>
    <td style=""width: 142px; text-align: center;"">&nbsp;</td>
  </tr>
  <tr style=""color: #F00; text-align: center;"">
    <td>&yen;2,000+税</td>
    <td>&yen;900+税</td>
    <td>&yen;2,800+税</td>
    <td>&nbsp;</td>
    <td>&nbsp;</td>
  </tr>
</table>",コロニル1909 ワックスポリッシュ 75ml【あす楽対応】鏡面磨き（ハイシャイン・全体磨き）：オレンジヒール,ジュエル靴クリームヴィオラビオラVIOLAVIORA靴手入れ靴磨きシューケアクリーナー防水スプレー汚れ落としローションパラレル東京オレンジヒールレザーケアスニーカー靴のお手入れシューピット靴墨シューピッドコロニル1909 ワックスポリッシュ 75ml【あす楽対応】鏡面磨き（ハイシャイン・全体磨き）,コロニル1909のワックス入荷！上品なツヤ仕上がり。コロニル1909 ワックスポリッシュ 75ml【あす楽対応】鏡面磨き（ハイシャイン・全体磨き）[rn]
37-73029,http://tshop.r10s.jp/orange-heal/cabinet/kiwi/1310000-1.jpg?fitin=700:700,388.8000,,靴 > 靴ケア用品・アクセサリ > 靴磨き,KIWI キィウィ　シューポリッシュ（中缶/USA）【あす楽対応】（鏡面磨きにおすすめ）,KIWIの油性ワックス,"<br>
<CENTER><IMG SRC=""http://image.rakuten.co.jp/orange-heal/cabinet/img55808568.jpg""></CENTER>
<br><br>
<H1 align=""center""><FONT size=""+3"">KIWI （キィウイ）</FONT></H1>
<BR>
<CENTER><H2><FONT color=""#808080"">世界170カ国以上で愛されるシューケア製品トップブランド</FONT></H2>
<br>
</CENTER>
<p style=""padding:5px 0; margin:0;"">
<a href=""http://event.rakuten.co.jp/asuraku/about/"" target=""_blank"" >
<img src=""http://image.rakuten.co.jp/orange-heal/cabinet/baner/2013summer_asuraku.jpg"" alt=""翌日配送あす楽の締切は営業日の15時まで"" width=""670"" height=""120"" border=""0"" />
</a></p>

<center><img src=""http://www.rakuten.ne.jp/gold/orange-heal/bn/mail_bn.jpg"" alt=""こちらの商品は【メール便】に対応しておりません。"" width=""700"" height=""120"" /><br /></center><TABLE style=""width:501px; color:#666; font-size:12px; line-height:14px;"">
  <TBODY>
  <TR>
      <TD style="" background-color:#000; color:#FFF; font-size:12px; font-weight:bold; padding:2px 0;"">&nbsp;KIWI シューポリッシュ 中缶のキズにつきまして</TD>
    </TR>
    <TR>
      <TD style=""padding:3px 0;""><img src=""http://image.rakuten.co.jp/orange-heal/cabinet/kiwi/1310010_detail.jpg"" border=""0""></td></tr>
      <tr>
      <td style=""color:#F00; padding:3px 0;"">品質を確認するために開封して検品を行っておりますので、缶に上記のような傷がついてしまいます。
      パッケージの不良ではございませんので、何卒ご了承くださいますようお願い申し上げます。</TD></tr>
    </TR>
    <TR>
      <TD style=""color:#F80; font-size:12px; font-weight:bold; padding:10px 0 3px 0;"">-特長-</TD>
    </TR>
    <TR>
      <TD style=""padding:3px 0;"">鏡面磨き（ハイシャイン）用としても人気の高い、KIWI（キィウイ）の<font color=""#FF0000"">USA仕様</font>の油性ワックスです。
      </TD>
    </TR>
    <TR>
      <TD style=""color:#F80; font-size:12px; font-weight:bold; padding:2px 0;"">-使用方法-</TD>
    </TR>
    <TR>
      <TD style=""padding:3px 0;"">布にワックスを少量取り、全体に薄くのばして磨いてください。</TD>
    </TR>
    <TR>
      <TD style=""color:#F80; font-size:12px; font-weight:bold; padding:2px 0;"">-注意-</TD>
    </TR>    
    <TR>
      <TD style=""padding:3px 0;""><span style=""color:#f00;"">※革の材質によりシミや色落ち、ツヤがなくなる場合があります。</span>必ず目立たない箇所でテストしてからご使用下さい。<br />
・色が移って衣服を汚す場合があります。<br />
・爬虫類や起毛皮革には使用できません。<br />
・使用後はふたを完全にしめて下さい。<br />
<span style=""color:#f00;"">・乾燥・ひび割れしてもご使用になれます。</span><br />
・蓋に空いている穴について：製造上（製造時の気温など）品質を保つ為に空いている缶があります。品質には問題はございません。なにとぞご了承くださいませ。 </TD>
    </TR>
    <TR>
      <TD style=""color:#F80; font-size:12px; font-weight:bold; padding:2px 0;"">-品質表示-</TD>
    </TR>
    <TR>
      <TD style=""padding:3px 0;"">内容量：32g、成分：ろう・油脂・有機溶剤、種類：油性</TD>
    </TR>
    <TR>
      <TD style=""padding:10px 0 3px 0;"">製造 アメリカ MADE IN U.S.A.</TD>
    </TR>
    <TR>
      <TD style=""padding:3px 0;"">商品名：キィウイ　中缶（キィウイ　シューポリッシュ） </TD>
    </TR>
  </TBODY>
</TABLE>

<br /><span style=""font-size:10px; color:#ccc;"">◎メール便不可◎KIWI◎ワックス・ポリッシュ◎靴◎鏡面磨き</span></center>
<br /><p align=""center""></p><style type=""text/css"">


/*
 * 送料無料バナー。
 */
span.unit:before
{
  /* 表示する文字 */
  content: '';
 
  /* ブロック要素に変更 */
  display: block;
 
  /* 横幅を指定 */
  width: 437px;
 
  /* 高さを指定 */
  height: 120px;
 
  /* 背景画像 */
  background: url(http://image.rakuten.co.jp/orange-heal/cabinet/baner/mail_cannot1.jpg) transparent 0 50% no-repeat;


}

<!--

span.catch_copy {
  line-height: 120%;
  font-size: 12px;
  color: #999999;  
}

span.item_name {
  line-height: 150%;
  font-size: 14px;
  margin-top: 10px;
}

/* キャッチコピー上部にラベルがつく */
span.catch_copy:before {
    content: ""スタッフおすすめ""; /*ラベル内の文言*/
    width: 100px; /*ラベルのサイズ*/
    background-color: #bf0000; /*ラベルの色*/
    font-size: 11px;
    color: #fff;
    text-align: center;
    display: block;
    padding: 1px 4px;
    margin-bottom: 4px;
    border-radius: 2px;
    clear: both;
}

/* 商品名下に境界線が入る */
span.item_name {
    display: block;
    border-bottom: 2px dotted #FF6600;
    padding-bottom: 8px;
}

/* 価格に枠線がつく */
table#rakutenLimitedId_cart {
    background-color: #f8f8f8;
    border: 1px solid #ddd;
    padding: 8px;
    margin: 16px 0;
}

span.price1 {
    color: #333 !important;
    font-weight: bold;
    font-size: 80% !important;
    line-height: 30px;
    display: inline-block;
    margin-right: 16px;
}

-->

</style>",KIWI キィウィ　シューポリッシュ（中缶/USA）【あす楽対応】（鏡面磨きにおすすめ）：オレンジヒール,ジュエル靴クリームヴィオラビオラVIOLAVIORA靴手入れ靴磨きシューケアクリーナー防水スプレー汚れ落としローションパラレル東京オレンジヒールレザーケアスニーカー靴のお手入れシューピット靴墨シューピッドKIWI キィウィ　シューポリッシュ（中缶/USA）【あす楽対応】（鏡面磨きにおすすめ）,KIWIの油性ワックス。KIWI キィウィ　シューポリッシュ（中缶/USA）【あす楽対応】（鏡面磨きにおすすめ）[rn]
37-73030,http://tshop.r10s.jp/orange-heal/cabinet/cream/1310020-1310021-1.jpg?fitin=700:700,518.4000,,靴 > 靴ケア用品・アクセサリ > 靴磨き,【シューケア/靴磨き】（完売・再入荷予定なし）【USA】 KIWI パレードグロス中缶（鏡面磨きにおすすめ）,鏡面磨き（ハイシャイン）の必需品,"<div style=""width:730px; background-color:#fff; text-align:center; margin:10px auto; padding:0; "">
<h1 style=""color:#036; font-size:26px; line-height:36px; font-weight:bold;"">こちらの商品は完売いたしました。有難うございました。<br />
<p style=""text-decoration:underline;"">次回入荷の予定はございません。</p>
<p style=""font-size:18px; color:#930;"">パレードグロス　プレステージ（クロ、チャ、ムショク）はこちら↓<br />
  <a href=""http://item.rakuten.co.jp/orange-heal/1310600-1310602/""><img src=""http://image.rakuten.co.jp/orange-heal/cabinet/baner/1310600bn700.jpg"" width=""730"" height=""170"" border=""0"" /></a></p>
<p style=""font-size:18px; color:#903;"">ヨーロッパ経由色のダークタン、オックスブラッドはこちら↓<br />
  <a href=""http://item.rakuten.co.jp/orange-heal/1310050/""><img src=""http://image.rakuten.co.jp/orange-heal/cabinet/baner/1310050bn700.jpg"" width=""730"" height=""170"" border=""0"" /></a></p>
</h1>
</div><P>

ここは【USA】KIWIパレードグロス中缶の販売ページです<BR>
<font color=""red"">現在パッケージ切り替え時期につき、パッケージが異なる場合がございます（中身は同じです）。</font><BR>
<br>
<FONT size=""+2"" color=""#ff0000"">※大変申し訳ございませんが、USA KIWI パレードグロス中缶は完売し、次回入荷の予定がございません。</FONT><BR>
<br>
<P> KIWIパレードグロス【PRESTIGE】プレステージ(クロ・チャ・ムショク）の販売ページはコチラ。<br>
</P>
<TABLE width=""600"" cellpadding=""1"">
  <TBODY>
    <TR>
      <TD width=""600""><FONT size=""2"" face=""ＭＳ ゴシック"" color=""#ff8000"">-特長</FONT><FONT color=""#ff8000"" size=""2"">-</FONT></TD>
    </TR>
    <TR>
      <TD width=""600""><FONT color=""#ff0000"" size=""2"">鏡面磨き（ハイシャイン）用</FONT><FONT color=""#666666"" size=""2"">としても人気の高い、KIWI（キィウイ）の油性ワックスです。<BR>
      </FONT><FONT color=""#ff0000"" size=""2"">USA仕様</FONT><FONT color=""#666666"" size=""2"">ならではの、格段のツヤ仕上がりとなります。(シリコン含有）<BR>
      </FONT></TD>
    </TR>
    <TR>
      <TD width=""600""><FONT color=""#800000"" size=""2""><FONT color=""#800000""><FONT color=""#ff8000"">-用途-</FONT></FONT></FONT></TD>
    </TR>
    <TR>
      <TD width=""600""><FONT color=""#666666"" size=""2"">靴磨き用高級ワックス（油性）<BR>
      </FONT></TD>
    </TR>
    <TR>
      <TD width=""260""><FONT color=""#ff8000"" size=""2"">-使用法-</FONT></TD>
    </TR>
    <TR>
      <TD width=""600""><FONT color=""#666666"" size=""2"">・布にワックスを少量取り、全体に薄くのばして磨いてください。<BR>
      </FONT></TD>
    </TR>
    <TR>
      <TD width=""600""><FONT color=""#000000"" size=""2""><FONT color=""#ff8000"">※注意</FONT></FONT></TD>
    </TR>
    <TR>
      <TD width=""600""><FONT color=""#666666"" size=""2""><FONT color=""#ff0000"">※革の材質によりシミや色落ち、ツヤがなくなる場合があります。</FONT><BR>
      必ず目立たない箇所でテストしてからご使用下さい。<BR>
      ・色が移って衣服を汚す場合があります。<BR>
      ・爬虫類や起毛皮革には使用できません。<BR>
      ・使用後はふたを完全にしめて下さい。<BR>
      ・湿度や環境により溶剤が蒸発して中身が縮小する場合がありますが、使用には問題ありません。</FONT><FONT color=""#ff0000"" size=""2""><BR>
      </FONT></TD>
    </TR>
    <TR>
      <TD width=""600""><FONT color=""#666666"" size=""2"">内容量</FONT><FONT size=""2"">　</FONT><FONT color=""#666666"" size=""2"">32g</FONT></TD>
    </TR>
    <TR>
      <TD width=""600""><FONT color=""#666666"" size=""2""><FONT color=""#666666"">製造</FONT></FONT><FONT color=""#666666"" size=""2""> アメリカ Made in U.S.A.</FONT></TD>
    </TR>
    <TR>
      <TD width=""600""><FONT color=""#666666"" size=""2""><FONT color=""#666666"">商品名　キィウイ パレードグロス KIWI PARADE GLOSS </FONT></FONT></TD>
    </TR>
    <TR>
      <TD><FONT color=""#666666"" size=""2""><FONT color=""#666666"">主成分　ロウ・油脂・有機溶剤・シリコン　　種類　油性</FONT></FONT></TD>
    </TR>
  </TBODY>
</TABLE>
<br>
<br>
<br>
      <TABLE border=""0"" cellspacing=""1"" cellpadding=""2"" width=""550"">
 <tr bgcolor=""#ffffff"">
<TD width=""6005"" align=""center"" height=""25"" bgcolor=""#cc3333""><FONT color=""#ffffff""><B>【USA】 KIWIパレードグロスのフタに開いている穴につきまして</B></FONT></TD>
</tr>
<tr bgcolor=""#ffffff"">
            <TD width=""550"" align=""left"" height=""40""><FONT size=""-1"" color=""#808080""><BR>
            ●輸入元より●<br>
            <BR>
            　【USA】 KIWIパレードグロスはフタ中央部に小穴の開いているものと、開いていないものがございます。<BR>
            　穴はUSA工場での製造時より開いているもので、不良品ではございません。<BR>
            <BR>
            　気温の比較的高い時期に製造されたものは、製造時に熱いワックスが缶の中で冷めるまでに、過度に<BR>
            　表面に汗をかいたりすることのないように、穴の開いたフタを使用してあります。<BR>
<BR>
            　冬季など気温が低く、ワックスが冷めるまでの汗の心配等が少ない時期は穴の開いていないフタを<BR>
            　使用するとのことです。<BR>
<BR>
            　同時期に輸入したものでも、USA工場での製造時期が少しずれていますと、同じ商品でも穴の開いて<BR>
            　いるものと開いていないものが混在しております。<BR>
            <BR>
            　ちなみに、同じKIWIのパレードグロスでもインドネシア製のパレードグロスプレステージに関しましては、<BR>
            　製造地の高温多湿という気候から、すべての缶に穴が開いております。<BR>
            <BR>
            　穴はパレードグロスの品質を良好に保つための、KIWIの仕様として、ご理解を頂ければ幸いです。<BR>
            </FONT><FONT size=""-1""><BR>
            </FONT><FONT size=""-1"" color=""#808080"">※（緯度の高いヨーロッパ製のワックスは、穴の開いていないフタが主流のようです）<BR>
</FONT></TD>
        </tr>
 </TABLE>
<br>
<img src=""http://image.rakuten.co.jp/orange-heal/cabinet/brushhorn/3610000_bn.jpg"" alt="""" width=""450"" height=""200"" border=""0"" /><br>
<br>
<br>
<TABLE border=""0"">
  <TBODY>
    <TR>
      <TD colspan=""9"" height=""30"" bgcolor=""#cc3333"" align=""center""><B><FONT color=""#ffffff"">この商品との関連・同梱オススメ商品はこちらです♪<br />
      　（合計 3,240円（税込）以上 送料無料）</FONT></B></TD>
    </TR>
    <TR>
      <TD height=""10"" colspan=""5""></TD>
    </TR>
    <TR>
      <TD width=""102"" height=""130""><IMG src=""http://image.rakuten.co.jp/orange-heal/cabinet/00823201/img55657818.jpg"" width=""100"" height=""100"" border=""0""></TD>
      <TD width=""102"" height=""97""><IMG src=""http://image.rakuten.co.jp/orange-heal/cabinet/00823201/img55657816.jpg"" width=""100"" height=""100"" border=""0""></TD>
      <TD width=""102"" height=""97""><IMG src=""http://image.rakuten.co.jp/orange-heal/cabinet/img55809512.jpg"" width=""100"" height=""100"" border=""0""></TD>
      <TD width=""102"" height=""97""><IMG src=""http://image.rakuten.co.jp/orange-heal/cabinet/00823201/img55659897.jpg"" width=""100"" height=""100"" border=""0""></TD>
      <TD width=""102"" height=""97""><IMG src=""http://image.rakuten.co.jp/orange-heal/cabinet/00823201/img55658268.jpg"" width=""100"" height=""100"" border=""0""></TD>
    </TR>
    <TR>
      <TD width=""102"" valign=""top""><FONT size=""-2"">ツヤを出す素材を追求し作り
      上げた、仕上げ磨き専用ミット</FONT></TD>
      <TD width=""102"" valign=""top""><FONT size=""-2"">やわらかなネル素材。磨き用他、多目的に使えます。</FONT></TD>
      <TD width=""102"" valign=""top""><FONT size=""-2"">泥・油・古い靴クリーム等、
      靴のさまざまな汚れを強力に
      落とすクリームタイプクリーナー
      </FONT></TD>
      <TD width=""102"" valign=""top""><FONT size=""-2"">全60色の豊富な色揃え。
      美しい光沢と防水力が
      自慢の靴クリーム
      </FONT></TD>
      <TD width=""102"" valign=""top""><FONT size=""-2"">汚れも防ぐ強力防水スプレー 
      ツヤ革・起毛革・ヌメ革・布など
      様々な靴やバッグに使えます！
      </FONT></TD>
    </TR>
  </TBODY>
</TABLE>
<br /><span style=""font-size:10px; color:#ccc;"">◎KIWI◎ワックス・ポリッシュ◎靴◎鏡面磨き</span>
</center>
<br /><p align=""center""></p><link rel=""stylesheet"" href=""http://www.rakuten.ne.jp/gold/orange-heal/css/cat.css"" type=""text/css"" media=""all"">",【シューケア/靴磨き】（完売・再入荷予定なし）【USA】 KIWI パレードグロス中缶（鏡面磨きにおすすめ）：オレンジヒール,ジュエル靴クリームヴィオラビオラVIOLAVIORA靴手入れ靴磨きシューケアクリーナー防水スプレー汚れ落としローションパラレル東京オレンジヒールレザーケアスニーカー靴のお手入れシューピット靴墨シューピッド【シューケア/靴磨き】（完売・再入荷予定なし）【USA】 KIWI パレードグロス中缶（鏡面磨きにおすすめ）,鏡面磨き（ハイシャイン）の必需品。【シューケア/靴磨き】（完売・再入荷予定なし）【USA】 KIWI パレードグロス中缶（鏡面磨きにおすすめ）[rn]
37-73031,http://tshop.r10s.jp/orange-heal/cabinet/saphir/2128000-01.jpg?fitin=700:700,1728.0000,,靴 > 靴ケア用品・アクセサリ > 靴磨き,Saphir Noir(サフィール ノワール)オムニローション【あす楽対応】(スエード・ヌバック等起毛素材・テキスタイル素材用クリーナー),スエード・ヌバック等やテキスタイル素材の靴全体的な汚れ落とし,"<center>
<div style=""width:700px;"">
<h2 style=""color:#333; font-size:28px; line-height:34px;"">Saphirの上級ライン”Saphir Noir”入荷しました！</h2><br />
<h3 style=""color:#C03;font-size:25px; line-height:27px;"">スエード・ヌバック・テキスタイル専用<br />付属のブラシで優しく泡立て、汚れを洗浄します<br /><br /><br /></h3>
<img src=""http://image.rakuten.co.jp/orange-heal/cabinet/saphir/1228101_01.jpg"" alt=""Saphir Noir CREME(サフィール ノワール)"" width=""700"" height=""480"" border=""0""><img src=""http://image.rakuten.co.jp/orange-heal/cabinet/saphir/2128000_01.jpg"" alt=""Saphir Noir CREME(サフィール ノワール)オムニローション"" width=""700"" height=""240"" border=""0""><br /><br />

<img src=""http://image.rakuten.co.jp/orange-heal/cabinet/saphir/2128000_03.jpg"" alt=""Saphir Noir CREME(サフィール ノワール)オムニローション"" width=""700"" height=""400"" border=""0""><br />
<p style=""font-size:14px; color:#333; line-height:16px; text-align:left; width:650px; padding-left:30px;"">
土と雨で汚れやシミが出来てしまったスエードのブーツに使用した状態です。<br />
全体的にオムニローションを付属のブラシで泡立てながら洗浄したところ、<br />
ひどい雨ジミも土汚れもキレイに落ちました。<br />
<br />
起毛が洗浄液をよく吸い込むので、使用量としては、ムートンブーツで両足で100ml一本使いきるくらいです。<br />
<br />
洗浄し乾かした直後は、表面が堅く固まったような感じになりますが、スエード専用のブラシを使い<br />
丁寧にブラッシングすることで、
本来のふかふかとした感じも戻ってきます。 <br /><br />
<a href=""http://item.rakuten.co.jp/orange-heal/2128000/#ak01"">使用方法を解説した動画</a>も是非ご覧下さい。</p>
<br><br>
<p style=""padding:5px 0; margin:0;"">
<a href=""http://event.rakuten.co.jp/asuraku/about/"" target=""_blank"" >
<img src=""http://image.rakuten.co.jp/com/img/rms/cabinet/recommend_new/img00000413.jpg"" alt=""翌日配送あす楽の締切は営業日の15時まで"" width=""670"" height=""120"" border=""0"" />
</a>
</p><span style=""padding:5px 0; margin:0;""><img src=""http://www.rakuten.ne.jp/gold/orange-heal/bn/mail_bn.jpg"" alt=""こちらの商品は【メール便】に対応しておりません。"" width=""700"" height=""120"" /></span>

<br />
</center>
<font size=""2"" face=""ＭＳ ゴシック"" color=""#ff8000"">【対象レザー】</font>
<table width=""500"" height=""90px;"" border=""0"" cellspacing=""0"" cellpadding=""0"">
  <tr align=""left"">
    <td>
    <img src=""http://image.rakuten.co.jp/orange-heal/cabinet/reather_02.jpg"" alt=""スエード・ヌバック"" width=""80"" height=""80"" border=""0"" />
  </tr>
</table><br />
<TABLE width=""501"" cellpadding=""1"">
  <TBODY>
    <TR>
      <TD width=""500""><FONT size=""2"" face=""ＭＳ ゴシック"" color=""#ff8000"">-特長</FONT><FONT color=""#ff8000"" size=""2"">-</FONT></TD>
    </TR>
    <TR>
      <TD width=""500""><FONT color=""#666666"" size=""2"">スエード・ヌバック等の起毛素材やテキスタイル素材の靴の全体汚れを落とします。<br>
洗浄用ミニブラシ付属。<br />
      
      </FONT></TD>
    </TR>
    <TR>
      <TD width=""500""><FONT color=""#800000"" size=""2""><FONT color=""#800000""><FONT color=""#ff8000"">-用途-</FONT></FONT></FONT></TD>
    </TR>
    <TR>
      <TD width=""500""><FONT color=""#666666"" size=""2"">・スエード、ヌバック、ベロア、テキスタイル、ストレッチ素材、マイクロファイバー素材の靴の<BR>
      </FONT><FONT color=""#ff0000"" size=""2"">全体汚れ落とし。<br />
      </FONT></TD>
    </TR>
    <TR>
      <TD width=""260""><FONT color=""#ff8000"" size=""2"">-使用法-</FONT></TD>
    </TR>
    <TR>
      <TD width=""500""><FONT color=""#666666"" size=""2"">
      1.靴用ブラシで表面の汚れを払い落とします。<br />
2.ローションを適量、小皿に取り、付属のミニブラシに含ませて泡立てながら、靴全体を優しくこすり、洗浄します。<br />
<font color=""#FF0000"">※注意　部分的に使わず、必ず靴全体にお使い下さい。</font><br />
3.付属のミニブラシを水洗いしてから、洗浄した部分の泡をすすぎ落とすように少量の水を使いブラッシングします。<br />
4.タオルなどで水気を吸い取り、乾くまで（6時間ほど）放置します。<br />
5.最後にブラシをかけて、全体の毛並みを整えてください。<br />
<br /> 
※お手入れ前のほこり落とし・仕上げのブラッシング用には、同じ ノワールラインや起毛専用のブラシが
お勧めです。<br />
サフィール ノワール　ブリストル ポリッシャーブラシ<br />
サフィール ノワールブリストル ハンドルブラシ<br />
ジュエル（JEWEL） スエード・ヌバック ハンドルブラシ<br /><br />

      </FONT></TD>
    </TR>
    <TR>
      <TD width=""500""><FONT color=""#000000"" size=""2""><FONT color=""#ff8000"">※注意</FONT></FONT></TD>
    </TR>
    <TR>
      <TD width=""500""><FONT color=""#666666"" size=""2"">必ず目立たない箇所でテストをしてからご使用下さい。<br />
      汚れのある部分だけへのご使用ではなく、靴全体に満遍なくお使い下さい。<BR>
      <BR>
      </FONT><FONT color=""#ff0000"" size=""2"">ご使用後、色が濃くなったり、毛の風合いが固くなる場合がございます。<BR>
      軽度の汚れ・部分汚れには、ヴィオラ強力スエード汚れ落としのような、消しゴムタイプの<BR>
      クリーナーがお勧めです。（革への負担が少なく、ご使用方法も簡単です）<br />
      </FONT></TD>
    </TR>
    <TR>
      <TD width=""500""><FONT color=""#666666"" size=""2"">容量: 100ml<br />
製造元: アベル社 フランス製 SAPHIR NOIR  <br />
商品名: Saphir Noir(サフィール ノワール) オムニローション 100ml <br />
</FONT></TD>
    </TR>
  </TBODY>
</TABLE>


<br />
<font style=""color:#F00; font-size:14px; line-height:30px;""><strong>↓↓★基本のお手入れにはこちらのセットもお買得です★↓↓</strong></font><br />
<img src=""http://image.rakuten.co.jp/orange-heal/cabinet/suede/4704005_bn.jpg"" alt=""■特別価格・送料無料■ジュエル（JEWEL）スエードケアボックス "" width=""500"" height=""100"" border=""0"" />
<br /><span style=""font-size:10px; color:#ccc;"">◎メール便不可◎SAPHIR NOIR◎クリーナー◎スエード・ヌバック◎靴◎ブーツ</span>
</center>
<br /><p align=""center""></p><style type=""text/css"">


/*
 * 送料無料バナー。
 */
span.unit:before
{
  /* 表示する文字 */
  content: '';
 
  /* ブロック要素に変更 */
  display: block;
 
  /* 横幅を指定 */
  width: 437px;
 
  /* 高さを指定 */
  height: 120px;
 
  /* 背景画像 */
  background: url(http://image.rakuten.co.jp/orange-heal/cabinet/baner/mail_cannot1.jpg) transparent 0 50% no-repeat;


}

<!--

span.catch_copy {
  line-height: 120%;
  font-size: 12px;
  color: #999999;  
}

span.item_name {
  line-height: 150%;
  font-size: 14px;
  margin-top: 10px;
}

/* キャッチコピー上部にラベルがつく */
span.catch_copy:before {
    content: ""スタッフおすすめ""; /*ラベル内の文言*/
    width: 100px; /*ラベルのサイズ*/
    background-color: #bf0000; /*ラベルの色*/
    font-size: 11px;
    color: #fff;
    text-align: center;
    display: block;
    padding: 1px 4px;
    margin-bottom: 4px;
    border-radius: 2px;
    clear: both;
}

/* 商品名下に境界線が入る */
span.item_name {
    display: block;
    border-bottom: 2px dotted #FF6600;
    padding-bottom: 8px;
}

/* 価格に枠線がつく */
table#rakutenLimitedId_cart {
    background-color: #f8f8f8;
    border: 1px solid #ddd;
    padding: 8px;
    margin: 16px 0;
}

span.price1 {
    color: #333 !important;
    font-weight: bold;
    font-size: 80% !important;
    line-height: 30px;
    display: inline-block;
    margin-right: 16px;
}

-->

</style>",Saphir Noir(サフィール ノワール)オムニローション【あす楽対応】(スエード・ヌバック等起毛素材・テキスタイル素材用クリーナー)：オレンジヒール,ジュエル靴クリームヴィオラビオラVIOLAVIORA靴手入れ靴磨きシューケアクリーナー防水スプレー汚れ落としローションパラレル東京オレンジヒールレザーケアスニーカー靴のお手入れシューピット靴墨シューピッドSaphir Noir(サフィール ノワール)オムニローション【あす楽対応】(スエード・ヌバック等起毛素材・テキスタイル素材用クリーナー),スエード・ヌバック等やテキスタイル素材の靴全体的な汚れ落とし。Saphir Noir(サフィール ノワール)オムニローション【あす楽対応】(スエード・ヌバック等起毛素材・テキスタイル素材用クリーナー)[rn]
37-73032,http://tshop.r10s.jp/orange-heal/cabinet/collonil/2911020.jpg?fitin=700:700,1036.8000,,靴 > 靴ケア用品・アクセサリ > 靴磨き,【シューケア/靴底/保革】コロニル ソールトニック【あす楽対応】25%増量・革底専用の保革,革底専用の保革剤。水の浸透を防ぎ保護します！【25%増量】,"<IMG SRC=""http://image.rakuten.co.jp/orange-heal/cabinet/img55269538.gif"">

<br><center>
<h1>世界のトップブランド コロニル<br>高級皮革製の靴底用保革剤</h1></center>

<p style=""font-weight:bold; color:#F00; text-align:center;"">★パッケージリニューアルにつき25%増量★</p>
<p style=""padding:5px 0; margin:0;"">
<a href=""http://event.rakuten.co.jp/asuraku/about/"" target=""_blank"" >
<img src=""http://image.rakuten.co.jp/com/img/rms/cabinet/recommend_new/img00000413.jpg"" alt=""翌日配送あす楽の締切は営業日の15時まで"" width=""670"" height=""120"" border=""0"" />
</a></p>

<center><img src=""http://www.rakuten.ne.jp/gold/orange-heal/bn/mail_bn.jpg"" alt=""こちらの商品は【メール便】に対応しておりません。"" width=""700"" height=""120"" /><br /></center><TABLE width=""600"" cellpadding=""1"">
  <TBODY>
    <TR>
      <TD width=""600""><FONT size=""2"" face=""ＭＳ ゴシック"" color=""#ff8000"">-特長</FONT><FONT color=""#ff8000"" size=""2"">-</FONT></TD>
    </TR>
    <TR>
      <TD width=""600""><FONT color=""#666666"" size=""2"">高級革製の靴底にフロライトカーボン樹脂を含浸させ、水の浸透を防ぎ、保護しながら長持ちさせ、<BR>
      同時に通気性も維持します。</FONT><FONT color=""#666666"" size=""2""><BR>
      </FONT></TD>
    </TR>
    <TR>
      <TD width=""600""><FONT color=""#800000"" size=""2""><FONT color=""#800000""><FONT color=""#ff8000"">-用途-</FONT></FONT></FONT></TD>
    </TR>
    <TR>
      <TD width=""600""><FONT color=""#666666"" size=""2"">高級皮革製の靴底の保革<BR>
      </FONT></TD>
    </TR>
    <TR>
      <TD width=""260""><FONT color=""#ff8000"" size=""2"">-使用法-</FONT></TD>
    </TR>
    <TR>
      <TD width=""600""><FONT color=""#666666"" size=""2"">先に汚れやホコリを落とした後、先端の特殊スポンジで塗布するだけです。<BR>
      </FONT></TD>
    </TR>
    <TR>
      <TD width=""600""><FONT color=""#000000"" size=""2""><FONT color=""#ff8000"">※注意</FONT></FONT></TD>
    </TR>
    <TR>
      <TD width=""600""><FONT color=""#666666"" size=""2"">革底以外には使用できません。使用前に数回振ってからご使用下さい。</FONT></TD>
    </TR>
    <TR>
      <TD width=""600""><FONT color=""#666666"" size=""2"">内容量　100ml</FONT><br>
      <font color=""red"" size=""2"">※パッケージリニューアルにより25%増量になりました</font></FONT>
      </TD>
    </TR>
    <TR>
      <TD><FONT color=""#666666"" size=""2""><FONT color=""#666666"">成分</FONT> ろう・油脂・有機溶剤　　　 種類：乳化性　　　　色：無色</FONT></TD>
    </TR>
    <TR>
      <TD width=""600""><FONT color=""#666666"" size=""2""><FONT color=""#666666"">製造</FONT></FONT><FONT color=""#666666"" size=""2""> ドイツ ザルゼンブロッド社 Made in Germany</FONT></TD>
    </TR>
    <TR>
      <TD width=""600""><FONT color=""#666666"" size=""2""><FONT color=""#666666"">商品名　コロニル　ソールトニック</FONT></FONT></TD>
    </TR>
  </TBODY>
</TABLE>



<br>
<!-- blogリンク -->

<!-- /blogリンク -->


<P align=""center""><FONT size=""+2""><B><FONT color=""green"" size=""+2"">◆同梱 オススメ商品 ◆</FONT></B></FONT></P>
<CENTER>
<TABLE border=""1"" cellpadding=""2"">
  <TBODY>
    <TR>
      <TD align=""center"" width=""140"">泡で汚れを落として<BR>
      ツヤを出す</TD>
      <TD align=""center"" width=""140"" bgcolor=""#ff9900"">革以外もOKの<BR>
      万能クリーナー</TD>
      <TD align=""center"" width=""140"">ガンコ汚れに効く<BR>
      「<FONT color=""#ff0000""><B>超強力</B></FONT>」クリーナー</TD>
      <TD align=""center"" width=""140"" bgcolor=""#ff9900"">お得な大容量420ml<BR>
      防水スプレー</TD>
      <TD align=""center"" width=""140"">片足1秒で<BR>
      除菌消臭</TD>
    </TR>
    <TR>
      <TD height=""95"" width=""140""><IMG src=""http://image.rakuten.co.jp/orange-heal/cabinet/img55269211.jpg"" width=""140"" height=""105"" border=""0""></TD>
      <TD><IMG src=""http://image.rakuten.co.jp/orange-heal/cabinet/img55269207.jpg"" width=""140"" height=""105"" border=""0""></TD>
      <TD><IMG src=""http://image.rakuten.co.jp/orange-heal/cabinet/img55269206.jpg"" width=""140"" height=""105"" border=""0""></TD>
      <TD><IMG src=""http://image.rakuten.co.jp/orange-heal/cabinet/img55269202.jpg"" width=""140"" height=""105"" border=""0""></TD>
      <TD><IMG src=""http://image.rakuten.co.jp/orange-heal/cabinet/img55269205.jpg"" width=""140"" height=""105"" border=""0""></TD>
    </TR>
    <TR>
      <TD align=""center"" bgcolor=""#ff9900"">ヴィオラ ツヤ出し<BR>
      栄養スプレー</TD>
      <TD align=""center"">ヴィオラ<BR>
      汚れ落としローション</TD>
      <TD align=""center"" bgcolor=""#ff9900"">ヴィオラ 靴用　強力<BR>
      汚れ落としローション</TD>
      <TD align=""center"">ヴィオラ<BR>
      防水スプレー420ml</TD>
      <TD align=""center"" bgcolor=""#ff9900"">ヴィオラ<BR>
      デオドラントスプレー</TD>
    </TR>
  </TBODY>
</TABLE>
</CENTER>
<br /><span style=""font-size:10px; color:#ccc;"">◎メール便不可◎Collonil◎保革・補色（クリーム、他）◎コバ・ヒール・靴底◎靴</span></center>
<br /><p align=""center""></p><style type=""text/css"">


/*
 * 送料無料バナー。
 */
span.unit:before
{
  /* 表示する文字 */
  content: '';
 
  /* ブロック要素に変更 */
  display: block;
 
  /* 横幅を指定 */
  width: 437px;
 
  /* 高さを指定 */
  height: 120px;
 
  /* 背景画像 */
  background: url(http://image.rakuten.co.jp/orange-heal/cabinet/baner/mail_cannot1.jpg) transparent 0 50% no-repeat;


}

<!--

span.catch_copy {
  line-height: 120%;
  font-size: 12px;
  color: #999999;  
}

span.item_name {
  line-height: 150%;
  font-size: 14px;
  margin-top: 10px;
}

/* キャッチコピー上部にラベルがつく */
span.catch_copy:before {
    content: ""スタッフおすすめ""; /*ラベル内の文言*/
    width: 100px; /*ラベルのサイズ*/
    background-color: #bf0000; /*ラベルの色*/
    font-size: 11px;
    color: #fff;
    text-align: center;
    display: block;
    padding: 1px 4px;
    margin-bottom: 4px;
    border-radius: 2px;
    clear: both;
}

/* 商品名下に境界線が入る */
span.item_name {
    display: block;
    border-bottom: 2px dotted #FF6600;
    padding-bottom: 8px;
}

/* 価格に枠線がつく */
table#rakutenLimitedId_cart {
    background-color: #f8f8f8;
    border: 1px solid #ddd;
    padding: 8px;
    margin: 16px 0;
}

span.price1 {
    color: #333 !important;
    font-weight: bold;
    font-size: 80% !important;
    line-height: 30px;
    display: inline-block;
    margin-right: 16px;
}

-->

</style>",【シューケア/靴底/保革】コロニル ソールトニック【あす楽対応】25%増量・革底専用の保革：オレンジヒール,ジュエル靴クリームヴィオラビオラVIOLAVIORA靴手入れ靴磨きシューケアクリーナー防水スプレー汚れ落としローションパラレル東京オレンジヒールレザーケアスニーカー靴のお手入れシューピット靴墨シューピッド【シューケア/靴底/保革】コロニル ソールトニック【あす楽対応】25%増量・革底専用の保革,革底専用の保革剤。水の浸透を防ぎ保護します！【25%増量】。【シューケア/靴底/保革】コロニル ソールトニック【あす楽対応】25%増量・革底専用の保革[rn]
37-73033,http://tshop.r10s.jp/orange-heal/cabinet/saphir/1228401-1.jpg?fitin=700:700,1728.0000,,靴 > 靴ケア用品・アクセサリ > 靴磨き,Saphir Noir(サフィール ノワール)コードヴァンクリーム【あす楽対応】（コードヴァン専用　保革栄養・ツヤ出し）,コードバン革特有の上品なツヤを保つ特別処方！,"<div style=""width:700px; text-align:center; margin:10px auto; padding:0; "">
<h1 style=""color:#000; font-size:32px; line-height:48px; font-weight:bold;"">コードバンの上品なツヤを保つ為に処方された<br />
”Saphir Noir”コードヴァン専用クリーム</h1>
<img src=""http://image.rakuten.co.jp/orange-heal/cabinet/saphir/noir_sougou.jpg"" alt=""Saphir Noir(サフィール ノワール) "" width=""700"" height=""495"" /><br />
<img src=""http://image.rakuten.co.jp/orange-heal/cabinet/saphir/1228401page_02.jpg"" alt=""Saphir Noir(サフィール ノワール) コードヴァンクリーム"" width=""700"" height=""235"" /><br />
<img src=""http://image.rakuten.co.jp/orange-heal/cabinet/saphir/1228401page_03s.jpg"" alt=""Saphir Noir(サフィール ノワール) コードバンクリーム　カラーバリエーション"" width=""700"" height=""545"" /><br />
<img src=""http://image.rakuten.co.jp/orange-heal/cabinet/saphir/1228401page_04.jpg"" alt=""Saphir Noir(サフィール ノワール) コードバンクリーム　オールデンのバーガンディの靴に使用した感想です"" width=""700"" height=""380"" />
<br />
<br />
<p style=""padding:5px 0; margin:0 0 25px 0;""><img src=""http://image.rakuten.co.jp/orange-heal/cabinet/saphir/saphirnoir_newcap.jpg"" width=""710"" height=""214"" /></p>

<iframe src=""http://www.rakuten.ne.jp/gold/orange-heal/saphir_newcap.html"" frameborder=""0"" scrolling=""no"" width=""800"" height=""130""></iframe>

<p style=""padding:5px 0; margin:0;""><a href=""http://event.rakuten.co.jp/asuraku/about/"" target=""_blank"" ><img src=""http://image.rakuten.co.jp/com/img/rms/cabinet/recommend_new/img00000413.jpg"" alt=""翌日配送あす楽の締切は営業日の15時まで"" width=""670"" height=""120"" border=""0"" /></a></p>
<img src=""http://www.rakuten.ne.jp/gold/orange-heal/bn/mail_bn.jpg"" alt=""こちらの商品は【メール便】に対応しておりません。"" width=""700"" height=""120"" /><br />
</div><TABLE style=""width:501px; color:#666; font-size:12px; line-height:14px;"">
  <TBODY>
    <TR>
      <TD style=""color:#F80; font-size:12px; font-weight:bold; padding:2px 0;"">-特長-</TD>
    </TR>
    <TR>
      <TD style=""padding:3px 0;"">・コードヴァン特有の色ツヤや風合いを保ち、傷やひび割れから皮革を守ります。<br />
      ・ニートフットオイル・ビーズワックスベースのコードヴァン専用のクリームです。</TD>
    </TR>
    <TR>
      <TD style=""color:#F80; font-size:12px; font-weight:bold; padding:2px 0;"">-用途-</TD>
    </TR>
    <TR>
      <TD style=""padding:3px 0;"">コードヴァン靴専用高級クリーム（乳化性）</TD>
    </TR>
    <TR>
      <TD style=""color:#F80; font-size:12px; font-weight:bold; padding:2px 0;"">-使用法-</TD>
    </TR>
    <TR>
      <TD style=""padding:3px 0;"">布にクリームを少量取り、全体に薄くのばして磨いてください。</TD>
    </TR>
    <TR>
      <TD style=""color:#F80; font-size:12px; font-weight:bold; padding:2px 0;"">-注意-</TD>
    </TR>    
    <TR>
      <TD style=""padding:3px 0;"">・起毛革・エナメル・爬虫類には使用できません。<br />
        ・コードヴァン革用です。<br />
        ・色落ちやシミになる特殊仕上げの皮革もございます。目立たないところでテストしてからご使用ください。<br />
        ・ご使用後はフタを完全に閉めてください。<br>
      </TD>
    </TR>
    <TR>
      <TD style=""padding:8px 0 3px 0;"">容量:&nbsp;75ml</TD>
    </TR>
    <TR>
      <TD style=""padding:3px 0;"">製造元:&nbsp;アベル社&nbsp;フランス製&nbsp;SAPHIR&nbsp;NOIR</TD>
    </TR>
    <TR>
      <TD style=""padding:3px 0;"">成分:&nbsp;ろう、油脂、有機溶剤</TD>
    </TR>
    <TR>
      <TD style=""padding:3px 0;"">種類:&nbsp;乳化性</TD>
    </TR>
    <TR>
      <TD style=""padding:3px 0;"">商品名:&nbsp;Saphir Noir(サフィール ノワール)コードヴァンクリーム</TD>
    </TR>
    <TR>
      <TD style=""padding:3px 0;"">※商品切替時につきパッケージが異なる場合がございますが、中身に変更はございません。</TD>
    </TR>
  </TBODY>
</TABLE>
<br /><span style=""font-size:10px; color:#ccc;"">◎メール便不可◎SAPHIR NOIR◎保革・補色（クリーム、他）◎コードバン◎靴</span>
</center>
<br /><p align=""center""></p><style type=""text/css"">


/*
 * 送料無料バナー。
 */
span.unit:before
{
  /* 表示する文字 */
  content: '';
 
  /* ブロック要素に変更 */
  display: block;
 
  /* 横幅を指定 */
  width: 437px;
 
  /* 高さを指定 */
  height: 120px;
 
  /* 背景画像 */
  background: url(http://image.rakuten.co.jp/orange-heal/cabinet/baner/mail_cannot1.jpg) transparent 0 50% no-repeat;


}

<!--

span.catch_copy {
  line-height: 120%;
  font-size: 12px;
  color: #999999;  
}

span.item_name {
  line-height: 150%;
  font-size: 14px;
  margin-top: 10px;
}

/* キャッチコピー上部にラベルがつく */
span.catch_copy:before {
    content: ""スタッフおすすめ""; /*ラベル内の文言*/
    width: 100px; /*ラベルのサイズ*/
    background-color: #bf0000; /*ラベルの色*/
    font-size: 11px;
    color: #fff;
    text-align: center;
    display: block;
    padding: 1px 4px;
    margin-bottom: 4px;
    border-radius: 2px;
    clear: both;
}

/* 商品名下に境界線が入る */
span.item_name {
    display: block;
    border-bottom: 2px dotted #FF6600;
    padding-bottom: 8px;
}

/* 価格に枠線がつく */
table#rakutenLimitedId_cart {
    background-color: #f8f8f8;
    border: 1px solid #ddd;
    padding: 8px;
    margin: 16px 0;
}

span.price1 {
    color: #333 !important;
    font-weight: bold;
    font-size: 80% !important;
    line-height: 30px;
    display: inline-block;
    margin-right: 16px;
}

-->

</style>",Saphir Noir(サフィール ノワール)コードヴァンクリーム【あす楽対応】（コードヴァン専用　保革栄養・ツヤ出し）：オレンジヒール,ジュエル靴クリームヴィオラビオラVIOLAVIORA靴手入れ靴磨きシューケアクリーナー防水スプレー汚れ落としローションパラレル東京オレンジヒールレザーケアスニーカー靴のお手入れシューピット靴墨シューピッドSaphir Noir(サフィール ノワール)コードヴァンクリーム【あす楽対応】（コードヴァン専用　保革栄養・ツヤ出し）,コードバン革特有の上品なツヤを保つ特別処方！。Saphir Noir(サフィール ノワール)コードヴァンクリーム【あす楽対応】（コードヴァン専用　保革栄養・ツヤ出し）[rn]
37-73034,http://tshop.r10s.jp/yoimonohonpo/cabinet/201235742d9dc5dec8/65529.jpg?fitin=700:700,405.6000,,靴 > 靴ケア用品・アクセサリ > 靴磨き,簡単くつクリーナー(両面)4個組,,"■お取り寄せの為、ご注文を頂いた時点で完売となっている可能性がございます。 その場合はご連絡させて頂きますので予めご了承ください<table width=""600"" border=""0"" align=""center"" cellpadding=""0"" cellspacing=""0""><tr><td><img src=""http://image.rakuten.co.jp/tuhan-ya/cabinet/0000000/65529-01.jpg"" width=""600"" height=""928""><br><img src=""http://image.rakuten.co.jp/tuhan-ya/cabinet/0000000/65529-02.jpg"" width=""600"" height=""749""><br><img src=""http://image.rakuten.co.jp/tuhan-ya/cabinet/0000000/65529-03.jpg"" width=""600"" height=""773""></td></tr></table><br><br><table width=""600"" border=""0"" align=""center"" cellpadding=""0"" cellspacing=""0""><tr><td><h1><font color=""#333333"" size=""3"">サッと拭くだけで靴がピカピカに！簡単くつクリーナーでお出かけ前などサッと拭くだけできれいになります！男性用の革靴や女性用のブーツにも使えて便利。お得な4個組でスポンジが両面使えて経済的！革靴/ブーツ/くつ/クリーナー/スポンジ/ピカピカ/両面/経済的</font></h1></td></tr></table><!--ab--><!--ab2015.6-->■お取り寄せの為、ご注文を頂いた時点で完売となっている可能性がございます。  その場合はご連絡させて頂きますので予めご了承ください<br><table width=""300"" border=""0"" cellspacing=""0"" cellpadding=""0""><tr><td><font color=""#333333"" size=""-1"">時間がない時もサッと拭くだけで簡単キレイ！おしゃれは足元から！簡単くつクリーナーでいつもきれいな革靴に。女性用のブーツにも使えます。両面使えて経済的！お得な4個組です。</font></td></tr></table><br><table width=""300"" border=""0"" cellpadding=""5"" cellspacing=""1"" bgcolor=""#666666""><tr bgcolor=""#FFFFFF""><td width=""25%"" align=""center"" bgcolor=""#FFFFCC""><font color=""#333333"" size=""-1"">サイズ</font></td><td width=""75%"" align=""left""><font color=""#333333"" size=""-1"">（1個あたり）縦13×横8×高さ4.5cm<br>個装：26×16×4.5cm</font></td></tr><tr bgcolor=""#FFFFFF""><td align=""center"" bgcolor=""#FFFFCC""><font color=""#333333"" size=""-1"">重量</font></td><td align=""left""><font color=""#333333"" size=""-1"">30g</font></td></tr><tr bgcolor=""#FFFFFF""><td align=""center"" bgcolor=""#FFFFCC""><font color=""#333333"" size=""-1"">素材・材質</font></td><td align=""left""><font color=""#333333"" size=""-1"">スポンジ：軟質ウレタンフォーム（シリコーンオイル含浸）<br>容器：ポリプロピレン</font></td></tr><tr bgcolor=""#FFFFFF""><td align=""center"" bgcolor=""#FFFFCC""><font color=""#333333"" size=""-1"">製造国</font></td><td align=""left""><font color=""#333333"" size=""-1"">中国</font></td></tr></table><!--ab--><!--ab2015.6-->・広告文責(株式会社創和　0299-47-0506)<style type=""text/css"">
/*買い物かごに入れるボタン*/
div#rakutenLimitedId_aroundCart input.rCartBtn, 
div#rakutenLimitedId_aroundCart input.rCartBtn[type=""submit""] {
    width: 330px !important;
    height: 80px !important;
    cursor: pointer !important;
    background: url(""https://image.rakuten.co.jp/yoimonohonpo/cabinet/03133889/imgrc0068400933.jpg"")no-repeat 0 0 !important;
}

div#rakutenLimitedId_aroundCart input.rCartBtn,
div#rakutenLimitedId_aroundCart input.rCartBtn[type=""submit""]:hover {
    background: url(""https://image.rakuten.co.jp/yoimonohonpo/cabinet/03133889/imgrc0068400934.jpg"")no-repeat 0 0 !important;
}
</style>",簡単くつクリーナー(両面)4個組：良いもの本舗,ハイドロキノン骨盤ショーツベビーベッドパットバストアップチャイルドシートカバーボディブラシランドセルパッドコスメボックスメイクボックス虫よけパーカー除毛クリーム虫よけパンツメジカライナースキレットフェイスライン整形テープ防虫パーカートイレタンク洗浄剤ゾーリンゲン毛抜きエクスフォーレイヌリン簡単くつクリーナー(両面)4個組,簡単くつクリーナー(両面)4個組[rn]
37-73035,http://tshop.r10s.jp/yoimonohonpo/cabinet/813935899a0a86148d/1070669.jpg?fitin=700:700,1310.4000,,靴 > 靴ケア用品・アクセサリ > 靴磨き,コロンブス 靴みがきセット ブートブラックシルバーライン モヒートセット,持ち運びに便利な缶入りの靴みがきセット。,"■お取り寄せの為、ご注文を頂いた時点で完売となっている可能性がございます。 その場合はご連絡させて頂きますので予めご了承ください<table width=""600"" border=""0"" align=""center"" cellpadding=""0"" cellspacing=""0""><tr><td><font color=""#009999"" size=""5""><strong>持ち運びに便利な缶入りの靴みがきセット。</strong></font></td></tr></table><br><table width=""610"" border=""0"" align=""center"" cellpadding=""1"" cellspacing=""0""><tr><td width=""610"" valign=""top"" align=""center""><div><img src=""http://image.rakuten.co.jp/tuhan-ya/cabinet/t_simple5429/1070669-01.jpg"" width=""600"" height=""600""><br><font size=3></font></div><br><table width=""600"" cellspacing=""0"" cellpadding=""0"" border=""0"" align=""center""><tr><td width=""600"" valign=""top""><div align=""center""><img width=""600"" height=""484"" src=""http://image.rakuten.co.jp/tuhan-ya/cabinet/t_simple5429/1070669-02.jpg""><br><font size=""3""></font></div><br></td></tr><tr><td width=""600"" valign=""top""><div align=""center""><img width=""600"" height=""349"" src=""http://image.rakuten.co.jp/tuhan-ya/cabinet/t_simple5429/1070669-03.jpg""><br><font size=""3""></font></div><br></td></tr><tr><td width=""600"" valign=""top""><div align=""center""><img width=""600"" height=""316"" src=""http://image.rakuten.co.jp/tuhan-ya/cabinet/t_simple5429/1070669-04.jpg""><br><font size=""3""></font></div><br></td></tr><tr><td width=""600"" valign=""top""><div align=""center""><img width=""600"" height=""426"" src=""http://image.rakuten.co.jp/tuhan-ya/cabinet/t_simple5429/1070669-05.jpg""><br><font size=""3""></font></div><br></td></tr><tr><td width=""600"" valign=""top""><div align=""center""><img width=""450"" height=""319"" src=""http://image.rakuten.co.jp/tuhan-ya/cabinet/t_simple5429/1070669-06.jpg""><br><font size=""3""></font></div><br></td></tr><tr><td width=""600"" valign=""top""><div align=""center""><img width=""600"" height=""430"" src=""http://image.rakuten.co.jp/tuhan-ya/cabinet/t_simple5429/1070669-07.jpg""><br><font size=""3""></font></div><br></td></tr></table></td></tr></table><table width=""600"" border=""0"" align=""center"" cellpadding=""1"" cellspacing=""0""><tr><td width=""600"" valign=""top"" align=""left""><br><font size=""3"">手入れに必要なシュークリームやシュークリーナー、ブラシ、クロスをセットにしました。持ち運びに便利なコンパクトな缶ケース入りなので会社等に常備しておくのもおススメです。</font></td></tr></table><br><!--その他アレルギーここから--><!--保存方法と製造（販売）者情報ここから--><span style=""padding:0;margin:0;font-size:0;color:#fff;"">fk094igrjs</span><!--ab--><!--ab2015.6-->■お取り寄せの為、ご注文を頂いた時点で完売となっている可能性がございます。  その場合はご連絡させて頂きますので予めご了承ください<br><table width=""300"" border=""0"" cellspacing=""0"" cellpadding=""0""><tr><td><font color=""#333333"" size=""-1"">手入れに必要なシュークリームやシュークリーナー、ブラシ、クロスをセットにしました。持ち運びに便利なコンパクトな缶ケース入りなので会社等に常備しておくのもおススメです。</font></td></tr></table><br><table width=""300"" border=""0"" cellpadding=""5"" cellspacing=""1"" bgcolor=""#666666""><tr bgcolor=""#FFFFFF""><td align=""center"" nowrap bgcolor=""#FFFFCC""><font color=""#333333"" size=""-1"">サイズ</font></td><td align=""left""><font color=""#333333"" size=""-1"">缶ケース:縦79×横119×高さ57mm</font><br><font color=""#333333"" size=""-1"">個装サイズ：7×23×15cm</font></td></tr><tr bgcolor=""#FFFFFF""><td align=""center"" nowrap bgcolor=""#FFFFCC""><font color=""#333333"" size=""-1"">重量</font></td><td align=""left""><font color=""#333333"" size=""-1"">個装重量：935g</font></td></tr><tr bgcolor=""#FFFFFF""><td align=""center"" nowrap bgcolor=""#FFFFCC""><font color=""#333333"" size=""-1"">素材・材質</font></td><td align=""left""><font color=""#333333"" size=""-1"">ブラシ104:豚毛<br>クロス:綿</font></td></tr><tr bgcolor=""#FFFFFF""><td align=""center"" nowrap bgcolor=""#FFFFCC""><font color=""#333333"" size=""-1"">成分</font></td><td align=""left""><font color=""#333333"" size=""-1"">【シュークリーム55g(ニュートラル)】<br>ろう、油脂、有機溶剤<br>【シュークリーナー10g】<br>ろう、油脂、有機溶剤</font></td></tr><tr bgcolor=""#FFFFFF""><td align=""center"" nowrap bgcolor=""#FFFFCC""><font color=""#333333"" size=""-1"">セット内容</font></td><td align=""left""><font color=""#333333"" size=""-1"">シュークリーム55g(ニュートラル)<br>シュークリーナー10g<br>ブラシ104<br>クロス1枚</font></td></tr><tr bgcolor=""#FFFFFF""><td align=""center"" nowrap bgcolor=""#FFFFCC""><font color=""#333333"" size=""-1"">製造国</font></td><td align=""left""><font color=""#333333"" size=""-1"">日本</font></td></tr></table><!--ab--><!--ab2015.6-->・広告文責(株式会社創和　0299-47-0506)<style type=""text/css"">
/*買い物かごに入れるボタン*/
div#rakutenLimitedId_aroundCart input.rCartBtn, 
div#rakutenLimitedId_aroundCart input.rCartBtn[type=""submit""] {
    width: 330px !important;
    height: 80px !important;
    cursor: pointer !important;
    background: url(""https://image.rakuten.co.jp/yoimonohonpo/cabinet/03133889/imgrc0068400933.jpg"")no-repeat 0 0 !important;
}

div#rakutenLimitedId_aroundCart input.rCartBtn,
div#rakutenLimitedId_aroundCart input.rCartBtn[type=""submit""]:hover {
    background: url(""https://image.rakuten.co.jp/yoimonohonpo/cabinet/03133889/imgrc0068400934.jpg"")no-repeat 0 0 !important;
}
</style>",コロンブス 靴みがきセット ブートブラックシルバーライン モヒートセット：良いもの本舗,ハイドロキノン骨盤ショーツベビーベッドパットバストアップチャイルドシートカバーボディブラシランドセルパッドコスメボックスメイクボックス虫よけパーカー除毛クリーム虫よけパンツメジカライナースキレットフェイスライン整形テープ防虫パーカートイレタンク洗浄剤ゾーリンゲン毛抜きエクスフォーレイヌリンコロンブス 靴みがきセット ブートブラックシルバーライン モヒートセット,持ち運びに便利な缶入りの靴みがきセット。。コロンブス 靴みがきセット ブートブラックシルバーライン モヒートセット[rn]
37-73036,http://tshop.r10s.jp/afrobeat/cabinet/cl_fa4/1084418.jpg?fitin=700:700,1036.8000,,靴 > 靴ケア用品・アクセサリ > 靴磨き,【コロンブス シューケアセット ミニリキッドセット5 (ミニトランク入りシューケアセット)】,旅行や出張にも♪トランク型の透明ケース入り靴みがきセット!!,"<table width=""600"" border=""0"" align=""center"" cellpadding=""0"" cellspacing=""0""><tr><td><font color=""#EE7600"" size=""5""><strong>旅行や出張にも♪トランク型の透明ケース入り靴みがきセット!!</strong></font></td></tr></table><br><table width=""610"" border=""0"" align=""center"" cellpadding=""1"" cellspacing=""0""><tr><td width=""610"" valign=""top"" align=""center""><div><img src=""https://image.rakuten.co.jp/tuhan-ya/cabinet/t_simple5451/1084418-01.jpg"" width=""600"" height=""600""><br><font size=3></font></div><br><table width=""600"" border=""0"" align=""center"" cellpadding=""1"" cellspacing=""0""><tr><td width=""600"" valign=""top"" align=""left""><font size=""3"">【使用方法】<br>(1)豚毛ブラシで、靴全体のホコリを落とします。<br>　全体的にブラッシングをするのがコツです。<br>(2)クリーナーで、汚れや以前に塗ったクリームを落とします。<br>(3)ミニリキッドで、全体にクリームを延ばします。<br>(4)最後に付属の仕上げ用クロスで磨きます。<br><br>【使用上の注意】<br>※素材によってはシミや色落ちする革もございますので、<br>　目立たない部分で試してからご使用ください。<br>※スエード、ヌバックなどの起毛革、素仕上げヌメ革、<br>　エナメル革、その他特殊な革や布製品には使用できません。</font></td></tr></table><br><br><table width=""600"" cellspacing=""0"" cellpadding=""0"" border=""0"" align=""center""></table></td></tr></table><table width=""600"" border=""0"" align=""center"" cellpadding=""1"" cellspacing=""0""><tr><td width=""600"" valign=""top"" align=""left""><br><font size=""3"">靴のお手入れ用品を揃えたコンパクトなセットです。ミニリキッドは、手を汚さずに塗れるハンディタイプの液体靴クリームです。</font></td></tr></table><br><!--その他アレルギーここから--><!--保存方法と製造（販売）者情報ここから--><span style=""padding:0;margin:0;font-size:0;color:#fff;"">fk094igrjs</span><br><center><font color=red size=4><b>本商品はご注文よりお時間をいただく場合もございます。<br>標準納期は買い物カゴ上に記載しております。</b></font></center><table width=""300"" border=""0"" cellspacing=""0"" cellpadding=""0""><tr><td><font color=""#333333"" size=""-1"">靴のお手入れ用品を揃えたコンパクトなセットです。ミニリキッドは、手を汚さずに塗れるハンディタイプの液体靴クリームです。</font></td></tr></table><br><table width=""300"" border=""0"" cellpadding=""5"" cellspacing=""1"" bgcolor=""#666666""><tr bgcolor=""#FFFFFF""><td align=""center"" nowrap bgcolor=""#FFFFCC""><font color=""#333333"" size=""-1"">サイズ</font></td><td align=""left""><font color=""#333333"" size=""-1"">【ケース】縦11×横8.5×高さ4.5cm、【豚毛ブラシ104】持ち手・約9.3×3.7cm、毛足:約1.5cm、【仕上げ用クロス】約29.7×10cm</font><br><font color=""#333333"" size=""-1"">個装サイズ：11×9×5cm</font></td></tr><tr bgcolor=""#FFFFFF""><td align=""center"" nowrap bgcolor=""#FFFFCC""><font color=""#333333"" size=""-1"">重量</font></td><td align=""left""><font color=""#333333"" size=""-1"">個装重量：175g</font></td></tr><tr bgcolor=""#FFFFFF""><td align=""center"" nowrap bgcolor=""#FFFFCC""><font color=""#333333"" size=""-1"">素材・材質</font></td><td align=""left""><font color=""#333333"" size=""-1"">ケース/ポリスチレン・ポリプロピレン(取っ手)<br>豚毛ブラシ104:豚毛</font></td></tr><tr bgcolor=""#FFFFFF""><td align=""center"" nowrap bgcolor=""#FFFFCC""><font color=""#333333"" size=""-1"">成分</font></td><td align=""left""><font color=""#333333"" size=""-1"">クリーナー:有機溶剤、界面活性剤<br>ミニリキッド(黒):ろう、油脂、染料</font></td></tr><tr bgcolor=""#FFFFFF""><td align=""center"" nowrap bgcolor=""#FFFFCC""><font color=""#333333"" size=""-1"">セット内容</font></td><td align=""left""><font color=""#333333"" size=""-1"">ミニトランクケース<br>豚毛ブラシ104<br>仕上げ用クロス<br>クリーナー10g<br>ミニリキッド24cc(黒)</font></td></tr><tr bgcolor=""#FFFFFF""><td align=""center"" nowrap bgcolor=""#FFFFCC""><font color=""#333333"" size=""-1"">製造国</font></td><td align=""left""><font color=""#333333"" size=""-1"">日本</font></td></tr></table><table border=0><tr><td>
<font size=4 color=#8B2500><b>進化し続けるノーズマスクピット・鼻マスク！そのムズムズに！</b></font><br><img src=""http://image.rakuten.co.jp/afrobeat/cabinet/banner/nosemask_feb10.gif"" border=""0""><br><br>


<img src=""http://image.rakuten.co.jp/afrobeat/cabinet/sp_bn/best_gb01.jpg"" border=""0""><br><br>


<img src=""http://image.rakuten.co.jp/afrobeat/cabinet/sp_bn/best_tr39.jpg"" border=""0""><br><br>


<img src=""http://image.rakuten.co.jp/afrobeat/cabinet/sp_bn/best_10175.jpg"" border=""0""><br><br>



<img src=""http://image.rakuten.co.jp/afrobeat/cabinet/banner/tp1721-600right.jpg"" border=""0""><br><br>



</td></tr></table>


</center>
<br>


</td></tr></table>",【コロンブス シューケアセット ミニリキッドセット5 (ミニトランク入りシューケアセット)】：アフロビート,【コロンブス シューケアセット ミニリキッドセット5 (ミニトランク入りシューケアセット)】,旅行や出張にも♪トランク型の透明ケース入り靴みがきセット!!。【コロンブス シューケアセット ミニリキッドセット5 (ミニトランク入りシューケアセット)】[rn]
37-73037,http://tshop.r10s.jp/afrobeat/cabinet/cl_fa4/1084417.jpg?fitin=700:700,4060.8000,,靴 > 靴ケア用品・アクセサリ > 靴磨き,【コロンブス シューケアセット ミニリキッドセット3(木箱入り)】,ギフトにも♪木箱に入った靴みがきセット!!,"<table width=""600"" border=""0"" align=""center"" cellpadding=""0"" cellspacing=""0""><tr><td><font color=""#EE7600"" size=""5""><strong>ギフトにも♪木箱に入った靴みがきセット!!</strong></font></td></tr></table><br><table width=""610"" border=""0"" align=""center"" cellpadding=""1"" cellspacing=""0""><tr><td width=""610"" valign=""top"" align=""center""><div><img src=""https://image.rakuten.co.jp/tuhan-ya/cabinet/t_simple5451/1084417-01.jpg"" width=""600"" height=""600""><br><font size=3></font></div><br><table width=""600"" border=""0"" align=""center"" cellpadding=""1"" cellspacing=""0""><tr><td width=""600"" valign=""top"" align=""left""><font size=""3"">【使用方法】<br>(1)豚毛ブラシで、靴全体のホコリを落とします。<br>　全体的にブラッシングをするのがコツです。<br>(2)クリーナーで、汚れや以前に塗ったクリームを落とします。<br>(3)ミニリキッドで、全体にクリームを延ばします。<br>(4)最後に付属の磨き用テレンプ(クロス)で磨きます。<br><br><br>【使用上の注意】<br>※シミや色落ちする革もあります。<br>　目立たない部分で試してからご使用ください。<br>※スエード、ヌバックなどの起毛革、素仕上げヌメ革、<br>　エナメル革、その他特殊な革や布製品には使用できません。</font></td></tr></table><br><br><table width=""600"" cellspacing=""0"" cellpadding=""0"" border=""0"" align=""center""><tr><td width=""600"" valign=""top""><div align=""center""><img width=""350"" height=""267"" src=""https://image.rakuten.co.jp/tuhan-ya/cabinet/t_simple5451/1084417-02.jpg""><br><font size=""3""></font></div><br></td></tr></table></td></tr></table><table width=""600"" border=""0"" align=""center"" cellpadding=""1"" cellspacing=""0""><tr><td width=""600"" valign=""top"" align=""left""><br><font size=""3"">黒い木箱に靴のお手入れ用品をセットしました。ギフトにも最適なので、父の日やホワイトデーのプレゼントに!!ミニリキッド2色と、ブラシは2種類それぞれ2個入りなので、用途に合わせて使い分けができます。ミニリキッドは、手を汚さずに塗れるハンディタイプの液体靴クリームです。</font></td></tr></table><br><!--その他アレルギーここから--><!--保存方法と製造（販売）者情報ここから--><span style=""padding:0;margin:0;font-size:0;color:#fff;"">fk094igrjs</span><br><center><font color=red size=4><b>本商品はご注文よりお時間をいただく場合もございます。<br>標準納期は買い物カゴ上に記載しております。</b></font></center><table width=""300"" border=""0"" cellspacing=""0"" cellpadding=""0""><tr><td><font color=""#333333"" size=""-1"">黒い木箱に靴のお手入れ用品をセットしました。ギフトにも最適なので、父の日やホワイトデーのプレゼントに!!ミニリキッド2色と、ブラシは2種類それぞれ2個入りなので、用途に合わせて使い分けができます。ミニリキッドは、手を汚さずに塗れるハンディタイプの液体靴クリームです。</font></td></tr></table><br><table width=""300"" border=""0"" cellpadding=""5"" cellspacing=""1"" bgcolor=""#666666""><tr bgcolor=""#FFFFFF""><td align=""center"" nowrap bgcolor=""#FFFFCC""><font color=""#333333"" size=""-1"">サイズ</font></td><td align=""left""><font color=""#333333"" size=""-1"">【豚毛ブラシ】持ち手:約9.3×3.7cm・毛足約1.5cm、【竹ブラシ】持ち手:約15.5×1.2cm・毛足:約1.3cm、【磨き用テレンプ】約30×21.8cm</font><br><font color=""#333333"" size=""-1"">個装サイズ：21×12×12cm</font></td></tr><tr bgcolor=""#FFFFFF""><td align=""center"" nowrap bgcolor=""#FFFFCC""><font color=""#333333"" size=""-1"">重量</font></td><td align=""left""><font color=""#333333"" size=""-1"">個装重量：900g</font></td></tr><tr bgcolor=""#FFFFFF""><td align=""center"" nowrap bgcolor=""#FFFFCC""><font color=""#333333"" size=""-1"">素材・材質</font></td><td align=""left""><font color=""#333333"" size=""-1"">豚毛ブラシ104:豚毛<br>竹ブラシ:豚毛<br>磨き用テレンプ:綿</font></td></tr><tr bgcolor=""#FFFFFF""><td align=""center"" nowrap bgcolor=""#FFFFCC""><font color=""#333333"" size=""-1"">成分</font></td><td align=""left""><font color=""#333333"" size=""-1"">クリーナー:有機溶剤、界面活性剤<br>ミニリキッド(黒):ろう、油脂、染料<br>ミニリキッド(無色):ろう、油脂</font></td></tr><tr bgcolor=""#FFFFFF""><td align=""center"" nowrap bgcolor=""#FFFFCC""><font color=""#333333"" size=""-1"">セット内容</font></td><td align=""left""><font color=""#333333"" size=""-1"">木製ケース<br>クリーナー10cc<br>ミニリキッド24cc(黒)<br>ミニリキッド24cc(無色)<br>豚毛ブラシ104×2本<br>竹ブラシ×2本<br>磨き用テレンプ×2枚</font></td></tr><tr bgcolor=""#FFFFFF""><td align=""center"" nowrap bgcolor=""#FFFFCC""><font color=""#333333"" size=""-1"">製造国</font></td><td align=""left""><font color=""#333333"" size=""-1"">日本</font></td></tr></table><table border=0><tr><td>
<font size=4 color=#8B2500><b>進化し続けるノーズマスクピット・鼻マスク！そのムズムズに！</b></font><br><img src=""http://image.rakuten.co.jp/afrobeat/cabinet/banner/nosemask_feb10.gif"" border=""0""><br><br>


<img src=""http://image.rakuten.co.jp/afrobeat/cabinet/sp_bn/best_gb01.jpg"" border=""0""><br><br>


<img src=""http://image.rakuten.co.jp/afrobeat/cabinet/sp_bn/best_tr39.jpg"" border=""0""><br><br>


<img src=""http://image.rakuten.co.jp/afrobeat/cabinet/sp_bn/best_10175.jpg"" border=""0""><br><br>



<img src=""http://image.rakuten.co.jp/afrobeat/cabinet/banner/tp1721-600right.jpg"" border=""0""><br><br>



</td></tr></table>


</center>
<br>


</td></tr></table>",【コロンブス シューケアセット ミニリキッドセット3(木箱入り)】：アフロビート,【コロンブス シューケアセット ミニリキッドセット3(木箱入り)】,ギフトにも♪木箱に入った靴みがきセット!!。【コロンブス シューケアセット ミニリキッドセット3(木箱入り)】[rn]
37-73038,http://tshop.r10s.jp/ginzatiger/cabinet/mowbray/mmss.jpg?fitin=700:700,2240.0000,,靴 > 靴ケア用品・アクセサリ > 靴磨き,靴磨きセット M.MOWBRAY モゥブレィ モウブレイ x 銀座大賀靴工房 スターターセット シューケアセット（靴磨きセット 初心者向け 革靴 手入れ セット）シューケアボックス,初心者向け 靴磨きセット シューケアセット 革靴 手入れ セット,"<div class=""io"">



<div class=""itemw"">

<div class=""itemtl"">
<!--▼商品名-->
【スターターセットの使い方（説明書）付き】<br><br>
靴磨きセット M.MOWBRAY モゥブレィ モウブレイ x 銀座大賀靴工房<br>スターターセット シューケアセット<br>（靴磨きセット 初心者向け 革靴 手入れ セット）シューケアボックス
</div>



<div class=""imain"">
<!--▼メイン画像 幅700px以下でご用意ください-->
<img src=""http://image.rakuten.co.jp/ginzatiger/cabinet/2016start/mm/msn01.jpg"" border=""0""><br>
</div>

<div class=""imaintxt"">
<!--▼説明文ここから-->
銀座大賀靴工房オリジナル スターターセット。<br>
最低限必要な商品をシューケアセット（靴磨きセット）にしました。<br>
結婚式の引出物など、数十個のご注文にも対応しています。<br>
<!--▲説明文ここまで-->
</div>


</div>



<br>



<table border=""0"" width=""750"" cellpadding=""0"" cellspacing=""0"">
<tr valign=""top"" align=""left"">
<td width=""362"" class=""subph"">

<!--▼サブ画像[左]-->
<img src=""http://image.rakuten.co.jp/ginzatiger/cabinet/2016start/mm/msn04.jpg"" width=""360"" border=""0""></td>
<td nowrap width=""18""></td>
<td width=""370"">

<!--▼テキスト[右]-->
<div class=""subtl"">セット内容</div>
靴磨きセット M.MOWBRAY モゥブレィ モウブレイ x 銀座大賀靴工房 スターターセット シューケアセット（靴磨きセット 初心者向け 革靴 手入れ セット）これから始める 靴磨きセット<br><br>
[エムモゥブレィ] M.MOWBRAY モウブレイ シュークリームのカラーは、ニュートラル（無色）とブラックの2種類からお選びいただけます。
<br><br>
【セット内容】<br>
[エムモゥブレィ] M.MOWBRAY シュークリーム１個（ニュートラル（無色）またはブラック）、靴磨きムートングローブクロス１枚、靴クリーム塗布用ミニ豚毛ブラシ1本、ミニブラシ（化繊）１本、ミニブラシ（馬毛）１本、竹ようじ１本、ミニステインリムーバー（汚れ落とし）１本、ミニクロス（約 85mm×380mm）1枚、銀座大賀靴工房オリジナル シューケアボックス（紙箱：177mm×D138mm×H63mm）。<br>
<br>
スターターセットの使い方（説明書）付き。<br><br>
<!--▼拡大画像リンク-->
<a href=""http://image.rakuten.co.jp/ginzatiger/cabinet/2016start/mm/msn04.jpg"" target=""_blank""><img src=""http://image.rakuten.co.jp/ginzatiger/cabinet/i/kakudai_bt.gif"" border=""0"" align=""right"" hspace=""0"" alt=""拡大画像はこちら""></a><br>


</td>
</tr></table>


<br>
<br>


<table border=""0"" width=""750"" cellpadding=""0"" cellspacing=""0"">
<tr valign=""top"" align=""left"">
<td width=""370"">

<!--▼テキスト[左]-->
<div class=""subtl"">銀座大賀靴工房 オリジナル シューケアボックス</div>

紙箱の質感も上質で、プレゼントにも最適の靴磨きセットです。<br>
銀座大賀靴工房オリジナルボックス<br>（紙箱：177mm×D138mm×H63mm）
<br><br>
●M.MOWBRAY モゥブレィ モウブレイ シュークリーム。<br>
革靴に栄養と潤い、柔軟性を与え靴を長持ちさせる靴クリームです。<br>
■用途：スムースレザー（一般的な表革）の革靴 手入れに。<br>
■タイプ：乳化性　ガラスビン<br>
■容量：50ml<br>
■原産国：イタリア製<br>
※スエード・ヌバック等の起毛革やエナメル製品、爬虫類皮革（ヘビ、トカゲ、クロコ、ワニ等）にはご使用できません。
<br><br>
<!--▼拡大画像リンク-->
<a href=""http://image.rakuten.co.jp/ginzatiger/cabinet/2016start/box02.jpg"" target=""_blank""><img src=""http://image.rakuten.co.jp/ginzatiger/cabinet/i/kakudai_bt.gif"" border=""0"" align=""right"" hspace=""0"" alt=""拡大画像はこちら""></a><br>

</td>
<td nowrap width=""18""></td>
<td width=""362"" class=""subph"">

<!--▼サブ画像[右]-->
<img src=""http://image.rakuten.co.jp/ginzatiger/cabinet/2016start/box02.jpg"" width=""360"" border=""0"">

</td>
</tr></table>


<br>
<br>

<div align=""center"">
<img src=""http://image.rakuten.co.jp/ginzatiger/cabinet/2016start/mmadvice04.jpg"">
</div>
<br>
<br>


<!--▼ditailここから-->
<div class=""itemw"">
<div class=""cor750"">ITEM DETAIL<b>セット商品詳細</b></div>
<table border=""0"" width=""742"" cellspacing=""10"" class=""idetail"">
<tr valign=""top"" align=""left"" bgcolor=""#ffffff"">
<td>

<!--[1] 拡大画像リンク/縮小画像 幅210px-->
<a href=""http://image.rakuten.co.jp/ginzatiger/cabinet/2016start/mouton02.jpg"" target=""_blank""><img src=""http://image.rakuten.co.jp/ginzatiger/cabinet/2016start/mouton02.jpg"" width=""210"" border=""0""><br>
&gt;&gt;画像をクリックで拡大</a><br>
靴磨きムートングローブクロスは、日常のお手入れで使う靴磨き用クロスです。馬毛ブラシでほこりを落とした後に、ムートンクロスで靴を磨くとピカピカになります。

</td>
<td>

<!--[2] 拡大画像リンク/縮小画像 幅210px-->
<a href=""http://image.rakuten.co.jp/ginzatiger/cabinet/2016start/mouton03.jpg"" target=""_blank""><img src=""http://image.rakuten.co.jp/ginzatiger/cabinet/2016start/mouton03.jpg"" width=""210"" border=""0""><br>
&gt;&gt;画像をクリックで拡大</a><br>
靴磨きムートングローブクロスは、大きなサイズで、とても使いやすいクロスです（220mm×155mm 毛：化繊）裏面はメッシュ加工。

</td>

<td>

<!--[3] 拡大画像リンク/縮小画像 幅210px-->
<a href=""http://image.rakuten.co.jp/ginzatiger/cabinet/2016start/minipic03.jpg"" target=""_blank""><img src=""http://image.rakuten.co.jp/ginzatiger/cabinet/2016start/minipic03.jpg"" width=""210"" border=""0""><br>
&gt;&gt;画像をクリックで拡大</a><br>
靴クリーム塗布用ミニ豚毛ブラシ。手を汚さずにクリームが綺麗に塗れます。

</td>

</tr>
</table>
<table border=""0"" width=""742"" cellspacing=""10"" class=""idetail"">
<tr valign=""top"" align=""left"" bgcolor=""#ffffff"">
<td>

<!--[1] 拡大画像リンク/縮小画像 幅210px-->
<a href=""http://image.rakuten.co.jp/ginzatiger/cabinet/2016start/minihorse01.jpg"" target=""_blank""><img src=""http://image.rakuten.co.jp/ginzatiger/cabinet/2016start/minihorse01.jpg"" width=""210"" border=""0""><br>
&gt;&gt;画像をクリックで拡大</a><br>
ミニブラシ（馬毛）日常のお手入れで使うほこり落とし用ブラシです。馬毛ブラシは茶色の毛のブラシです。（サイズ：90mm×38mm 毛の長さ：約15mm）
</td>
<td>

<!--[2] 拡大画像リンク/縮小画像 幅210px-->
<a href=""http://image.rakuten.co.jp/ginzatiger/cabinet/2016start/minikasen01.jpg"" target=""_blank""><img src=""http://image.rakuten.co.jp/ginzatiger/cabinet/2016start/minikasen01.jpg"" width=""210"" border=""0""><br>
&gt;&gt;画像をクリックで拡大</a><br>
ミニブラシ（化繊）豚毛相当のコシのある黒い毛で、靴クリーム塗布後にクリームを均等に伸ばす役割です。（サイズ：90mm×38mm 毛の長さ：約15mm）
</td>
<td>

<!--[3] 拡大画像リンク/縮小画像 幅210px-->
<a href=""http://image.rakuten.co.jp/ginzatiger/cabinet/2016start/stain24-01.jpg"" target=""_blank""><img src=""http://image.rakuten.co.jp/ginzatiger/cabinet/2016start/stain24-01.jpg"" width=""210"" border=""0""><br>
&gt;&gt;画像をクリックで拡大</a><br>
ミニステインリムーバー（24ml）（汚れ落とし）。皮革の表面についた汚れを落とし、きれいにします。また、同時に皮革のしなやかさが戻ります。 

</td>
</tr>
</table>
<table border=""0"" width=""742"" cellspacing=""10"" class=""idetail"">
<tr valign=""top"" align=""left"" bgcolor=""#ffffff"">
<td>

<!--[1] 拡大画像リンク/縮小画像 幅210px-->
<a href=""http://image.rakuten.co.jp/ginzatiger/cabinet/2016start/mm/msn03.jpg"" target=""_blank""><img src=""http://image.rakuten.co.jp/ginzatiger/cabinet/2016start/mm/msn03.jpg"" width=""210"" border=""0""><br>
&gt;&gt;画像をクリックで拡大</a><br>
ニュートラルセット。シュークリームがニュートラル（無色）です。

</td>
<td>

<!--[2] 拡大画像リンク/縮小画像 幅210px-->
<a href=""http://image.rakuten.co.jp/ginzatiger/cabinet/2016start/mm/msb03.jpg"" target=""_blank""><img src=""http://image.rakuten.co.jp/ginzatiger/cabinet/2016start/mm/msb03.jpg"" width=""210"" border=""0""><br>
&gt;&gt;画像をクリックで拡大</a><br>
ブラックセット。シュークリームがブラックです。

</td>
<td>

<!--[3] 拡大画像リンク/縮小画像 幅210px-->
<a href=""http://image.rakuten.co.jp/ginzatiger/cabinet/2016start/box01.jpg"" target=""_blank""><img src=""http://image.rakuten.co.jp/ginzatiger/cabinet/2016start/box01.jpg"" width=""210"" border=""0""><br>
&gt;&gt;画像をクリックで拡大</a><br>
上質な質感の紙箱です。

</td>
</tr>
</table>
</div>
<!--▲ditailここまで-->

<br>
<br>
<center><img src=""http://image.rakuten.co.jp/ginzatiger/cabinet/2016start/mm/msn06.jpg"" border=""0""></center>
<br>
<br>
<div align=""center""><a href=""http://item.rakuten.co.jp/ginzatiger/10000335/"" target=""_blank""><img src=""http://image.rakuten.co.jp/ginzatiger/cabinet/other/startkanban001.jpg"" width=""700"" height=""350"" border=""0"" /></a>
</div>
<br><br>
<div align=""center"">
<img src=""http://image.rakuten.co.jp/ginzatiger/cabinet/kanban/wrapping700.jpg""></div>

<!--▼ギフト対応ここから-->

<div align=""center"">
<a href=""http://item.rakuten.co.jp/ginzatiger/c/0000000135/"" target=""_blank""><img src=""http://image.rakuten.co.jp/ginzatiger/cabinet/kanban/gift.jpg"" width=""522"" border=""0""><br>
&gt;&gt;プレゼント用にギフト対応をしています</a>
</div>

<!--▲ギフト対応ここまで-->
<br>
<br>
<b>【スターターセットの使い方（説明書）付き】<br><br>靴磨きセット M.MOWBRAY モゥブレィ モウブレイ x 銀座大賀靴工房 スターターセット シューケアセット（靴磨きセット 初心者向け 革靴 手入れ セット）シューケアボックス</b><br><br>
[エムモゥブレィ] M.MOWBRAY モウブレイ シュークリームのカラーは、ニュートラル（無色）とブラックの2種類からお選びいただけます。
<br><br>結婚式の引出物など、数十個のご注文にも対応しています。<br><br>
【セット内容】<br>
[エムモゥブレィ] M.MOWBRAY シュークリーム１個（ニュートラル（無色）またはブラック）、靴磨きムートングローブクロス１枚、靴クリーム塗布用ミニ豚毛ブラシ1本、ミニブラシ（化繊）１本、ミニブラシ（馬毛）１本、竹ようじ１本、ミニステインリムーバー（汚れ落とし）１本、ミニクロス（約 85mm×380mm）1枚、銀座大賀靴工房オリジナルボックス（紙箱：177mm×D138mm×H63mm）。<br>
<br>
スターターセットの使い方（説明書）付き。<br><br>
<table border=""0"" cellspacing=""0"" cellpadding=""2"">
<tr valign=""top"">
<td nowrap>プレゼント用にギフト対応をしています。</td>
</tr></table><style type=""text/css"">
<!--

div#HeaderKeyword {
	position:absolute;
	top:50px;/*一番上からの位置*/
	left:30px;/*左端からの位置*/
}

div#HeaderKeyword span {
	background: #bf0000;
	color:#fff;
	font-weight:bold;
	padding:2px 5px;
}

div#HeaderKeyword a {
	color:#0044CC;
}

-->
</style>


<div id=""HeaderKeyword"">
<span>注目のキーワード</span>
靴磨きセット
シューケアセット
ブートブラック
モウブレイ
サフィール
コロニル
ウォーリー
</div>",靴磨きセット M.MOWBRAY モゥブレィ モウブレイ x 銀座大賀靴工房 スターターセット シューケアセット（靴磨きセット 初心者向け 革靴 手入れ セット）シューケアボックス：銀座大賀靴工房,靴磨きセット靴磨きシューケアセットシューケアシューケア ボックス靴クリームデリケートクリーム革靴 手入れ セット平野ブラシ靴べらモゥブレィサフィール ノワール靴紐携帯用 靴べらモウブレイブートブラックコルドヌリアングレーズシューツリーシュークリームコロンブス靴磨きセット M.MOWBRAY モゥブレィ モウブレイ x 銀座大賀靴工房 スターターセット シューケアセット（靴磨きセット 初心者向け 革靴 手入れ セット）シューケアボックス,初心者向け 靴磨きセット シューケアセット 革靴 手入れ セット。靴磨きセット M.MOWBRAY モゥブレィ モウブレイ x 銀座大賀靴工房 スターターセット シューケアセット（靴磨きセット 初心者向け 革靴 手入れ セット）シューケアボックス[rn]
37-73039,http://tshop.r10s.jp/ginzatiger/cabinet/mowbray/dxninki.jpg?fitin=700:700,3104.0000,,靴 > 靴ケア用品・アクセサリ > 靴磨き,靴磨きセット M.MOWBRAY モゥブレィ モウブレイ x 銀座大賀靴工房 【デラックスDX】 スターターセット シューケアセット（靴磨きセット 初心者向け 革靴 手入れ セット）シューケアボックス【あす楽】,初心者向けのスターターセットにポリッシュを追加,"<div class=""io"">



<div class=""itemw"">

<div class=""itemtl"">
<!--▼商品名-->
【スターターセットの使い方（説明書）付き】<br><br>
靴磨きセット M.MOWBRAY モゥブレィ モウブレイ x 銀座大賀靴工房<br>【デラックスDX】 スターターセット シューケアセット<br>
</div>



<div class=""imain"">
<!--▼メイン画像 幅700px以下でご用意ください-->
<img src=""http://image.rakuten.co.jp/ginzatiger/cabinet/2016start/mm/mdn01.jpg"" border=""0""><br>
</div>

<div class=""imaintxt"">
<!--▼説明文ここから-->

初心者向けのスターターセットにポリッシュを追加しました。<br>
ステインリムーバーも60mlにサイズアップ。<br>
紙箱の質感も上質で、プレゼントにも最適の靴磨きセットです。<br>結婚式の引出物など、数十個のご注文にも対応しています。<br>
<!--▲説明文ここまで-->
</div>


</div>



<br>



<table border=""0"" width=""750"" cellpadding=""0"" cellspacing=""0"">
<tr valign=""top"" align=""left"">
<td width=""362"" class=""subph"">

<!--▼サブ画像[左]-->
<img src=""http://image.rakuten.co.jp/ginzatiger/cabinet/2016start/mm/mdn04.jpg"" width=""360"" border=""0""></td>
<td nowrap width=""18""></td>
<td width=""370"">

<!--▼テキスト[右]-->
<div class=""subtl"">セット内容</div>
ニュートラル（無色）セットは、シュークリームとポリッシュのカラーがニュートラルです。<br>
ブラックセットは、シュークリームとポリッシュのカラーがブラックです。
<br><br>
【セット内容】<br>
[エムモゥブレィ] M.MOWBRAY シュークリーム１個（ニュートラル（無色）またはブラック）、[エムモゥブレィ] M.MOWBRAY シューポリッシュ１個（ニュートラル（無色）またはブラック）、靴磨きムートンクロス１枚、靴クリーム塗布用ミニ豚毛ブラシ１本、ミニブラシ（化繊）１本、ミニブラシ（馬毛）１本、竹ようじ１本、ステインリムーバー60ml（汚れ落とし）１本、ミニクロス（約 85mm×380mm）1枚、銀座大賀靴工房オリジナル シューケアボックス（紙箱：177mm×D138mm×H63mm）。<br>
<br>
スターターセットの使い方（説明書）付き。<br><br>
<!--▼拡大画像リンク-->
<a href=""http://image.rakuten.co.jp/ginzatiger/cabinet/2016start/mm/mdn04.jpg"" target=""_blank""><img src=""http://image.rakuten.co.jp/ginzatiger/cabinet/i/kakudai_bt.gif"" border=""0"" align=""right"" hspace=""0"" alt=""拡大画像はこちら""></a><br>


</td>
</tr></table>


<br>
<br>


<table border=""0"" width=""750"" cellpadding=""0"" cellspacing=""0"">
<tr valign=""top"" align=""left"">
<td width=""370"">

<!--▼テキスト[左]-->
<div class=""subtl"">銀座大賀靴工房 オリジナル シューケアボックス</div>

靴磨きセットがコンパクトにおさまっています。<br>
紙箱の質感も上質で、プレゼントにも最適の靴磨きセットです。<br>
銀座大賀靴工房オリジナルボックス<br>
（紙箱：177mm×D138mm×H63mm）
<br><br>
●M.MOWBRAY モゥブレィ シュークリーム。<br>
■タイプ：乳化性　ガラスビン
■容量：50ml<br>
<br>
●M.MOWBRAY モゥブレィ ハイシャインポリッシュ65ml<br>
■主成分：ろう、油脂、有機溶剤<br>
■種類：油性 <br>
<br>
●シュークリーム、ポリッシュ共に<br>
■原産国：イタリア製<br>
■用途：スムーズレザー用。<br>
■注意：用途以外の製品には使用できません。必ず目立たない部分でテストしてからご使用下さい。<br>
※スエード・ヌバック等の起毛革やエナメル製品、爬虫類皮革（ヘビ、トカゲ、クロコ、ワニ等）にはご使用できません。<br><br> 

<!--▼拡大画像リンク-->
<a href=""http://image.rakuten.co.jp/ginzatiger/cabinet/2016start/box02.jpg"" target=""_blank""><img src=""http://image.rakuten.co.jp/ginzatiger/cabinet/i/kakudai_bt.gif"" border=""0"" align=""right"" hspace=""0"" alt=""拡大画像はこちら""></a><br>

</td>
<td nowrap width=""18""></td>
<td width=""362"" class=""subph"">

<!--▼サブ画像[右]-->
<img src=""http://image.rakuten.co.jp/ginzatiger/cabinet/2016start/box02.jpg"" width=""360"" border=""0"">

</td>
</tr></table>



<br>
<br>

<div align=""center"">
<img src=""http://image.rakuten.co.jp/ginzatiger/cabinet/2016start/mmadvice04.jpg"">
</div>
<br>
<br>


<!--▼ditailここから-->
<div class=""itemw"">
<div class=""cor750"">ITEM DETAIL<b>セット商品詳細</b></div>
<table border=""0"" width=""742"" cellspacing=""10"" class=""idetail"">
<tr valign=""top"" align=""left"" bgcolor=""#ffffff"">
<td>

<!--[1] 拡大画像リンク/縮小画像 幅210px-->
<a href=""http://image.rakuten.co.jp/ginzatiger/cabinet/2016start/mouton02.jpg"" target=""_blank""><img src=""http://image.rakuten.co.jp/ginzatiger/cabinet/2016start/mouton02.jpg"" width=""210"" border=""0""><br>
&gt;&gt;画像をクリックで拡大</a><br>
靴磨きムートンクロスは、日常のお手入れで使う靴磨き用クロスです。馬毛ブラシでほこりを落とした後に、ムートンクロスで靴を磨くとピカピカになります。

</td>
<td>

<!--[2] 拡大画像リンク/縮小画像 幅210px-->
<a href=""http://image.rakuten.co.jp/ginzatiger/cabinet/2016start/mouton03.jpg"" target=""_blank""><img src=""http://image.rakuten.co.jp/ginzatiger/cabinet/2016start/mouton03.jpg"" width=""210"" border=""0""><br>
&gt;&gt;画像をクリックで拡大</a><br>
大きなサイズで、とても使いやすいクロスです（220mm×155mm 毛：化繊）裏面はメッシュ加工。

</td>
<td>

<!--[3] 拡大画像リンク/縮小画像 幅210px-->
<a href=""http://image.rakuten.co.jp/ginzatiger/cabinet/2016start/minipic03.jpg"" target=""_blank""><img src=""http://image.rakuten.co.jp/ginzatiger/cabinet/2016start/minipic03.jpg"" width=""210"" border=""0""><br>
&gt;&gt;画像をクリックで拡大</a><br>
靴クリーム塗布用ミニ豚毛ブラシ。手を汚さずにクリームが綺麗に塗れます。

</td>
</tr>
</table>
<table border=""0"" width=""742"" cellspacing=""10"" class=""idetail"">
<tr valign=""top"" align=""left"" bgcolor=""#ffffff"">
<td>

<!--[1] 拡大画像リンク/縮小画像 幅210px-->
<a href=""http://image.rakuten.co.jp/ginzatiger/cabinet/2016start/minihorse01.jpg"" target=""_blank""><img src=""http://image.rakuten.co.jp/ginzatiger/cabinet/2016start/minihorse01.jpg"" width=""210"" border=""0""><br>
&gt;&gt;画像をクリックで拡大</a><br>
ミニブラシ（馬毛）日常のお手入れで使うほこり落とし用ブラシです。馬毛ブラシは茶色の毛のブラシです。（サイズ：90mm×38mm 毛の長さ：約15mm）
</td>
<td>

<!--[2] 拡大画像リンク/縮小画像 幅210px-->
<a href=""http://image.rakuten.co.jp/ginzatiger/cabinet/2016start/minikasen01.jpg"" target=""_blank""><img src=""http://image.rakuten.co.jp/ginzatiger/cabinet/2016start/minikasen01.jpg"" width=""210"" border=""0""><br>
&gt;&gt;画像をクリックで拡大</a><br>
ミニブラシ（化繊）豚毛相当のコシのある黒い毛で、靴クリーム塗布後にクリームを均等に伸ばす役割です。（サイズ：90mm×38mm 毛の長さ：約15mm）
</td>
<td>
<!--[3] 拡大画像リンク/縮小画像 幅210px-->
<a href=""http://image.rakuten.co.jp/ginzatiger/cabinet/2016start/stain60-01.jpg"" target=""_blank""><img src=""http://image.rakuten.co.jp/ginzatiger/cabinet/2016start/stain60-01.jpg"" width=""210"" border=""0""><br>
&gt;&gt;画像をクリックで拡大</a><br>
ステインリムーバー（60ml）（汚れ落とし）。皮革の表面についた汚れを落とし、きれいにします。また、同時に皮革のしなやかさが戻ります。

</td>
</tr>
</table>
<table border=""0"" width=""742"" cellspacing=""10"" class=""idetail"">
<tr valign=""top"" align=""left"" bgcolor=""#ffffff"">
<td>

<!--[1] 拡大画像リンク/縮小画像 幅210px-->
<a href=""http://image.rakuten.co.jp/ginzatiger/cabinet/2016start/mm/mdn04.jpg"" target=""_blank""><img src=""http://image.rakuten.co.jp/ginzatiger/cabinet/2016start/mm/mdn04.jpg"" width=""210"" border=""0""><br>
&gt;&gt;画像をクリックで拡大</a><br>
ニュートラルセット。シュークリームとポリッシュがニュートラル（無色）です。

</td>
<td>

<!--[2] 拡大画像リンク/縮小画像 幅210px-->
<a href=""http://image.rakuten.co.jp/ginzatiger/cabinet/2016start/mm/mdb04.jpg"" target=""_blank""><img src=""http://image.rakuten.co.jp/ginzatiger/cabinet/2016start/mm/mdb04.jpg"" width=""210"" border=""0""><br>
&gt;&gt;画像をクリックで拡大</a><br>
ブラックセット。シュークリームとポリッシュがブラックです。

</td>
<td>

<!--[3] 拡大画像リンク/縮小画像 幅210px-->
<a href=""http://image.rakuten.co.jp/ginzatiger/cabinet/2016start/box01.jpg"" target=""_blank""><img src=""http://image.rakuten.co.jp/ginzatiger/cabinet/2016start/box01.jpg"" width=""210"" border=""0""><br>
&gt;&gt;画像をクリックで拡大</a><br>
上質な質感の紙箱です。

</td>
</tr>
</table>
</div>
<!--▲ditailここまで-->


<br><br>
<center><img src=""http://image.rakuten.co.jp/ginzatiger/cabinet/2016start/mm/mdn06.jpg"" border=""0""></center>
<br><br>
<div align=""center""><a href=""http://item.rakuten.co.jp/ginzatiger/10000335/"" target=""_blank""><img src=""http://image.rakuten.co.jp/ginzatiger/cabinet/other/startkanban001.jpg"" width=""700"" height=""350"" border=""0"" /></a>
</div>
<br><br>
<div align=""center"">
<img src=""http://image.rakuten.co.jp/ginzatiger/cabinet/kanban/wrapping700.jpg""></div>

<!--▼ギフト対応ここから-->

<div align=""center"">
<a href=""http://item.rakuten.co.jp/ginzatiger/c/0000000135/"" target=""_blank""><img src=""http://image.rakuten.co.jp/ginzatiger/cabinet/kanban/gift.jpg"" width=""522"" border=""0""><br>
&gt;&gt;プレゼント用にギフト対応をしています</a>
</div>

<!--▲ギフト対応ここまで-->

<br><br>

<!--▼あす楽対応ここから-->
<div align=""center"">
<a href=""http://event.rakuten.co.jp/asuraku/about/"" target=""_blank""><img src=""http://image.rakuten.co.jp/ginzatiger/cabinet/kanban/asuraku12.jpg"" border=""0""/></a></div>
<!--▲あす楽対応ここまで-->

<br><br>


<b>【スターターセットの使い方（説明書）付き】<br><br>靴磨きセット M.MOWBRAY モゥブレィ モウブレイ x 銀座大賀靴工房 【デラックスDX】 スターターセット シューケアセット シューケアボックス（靴磨きセット 初心者向け 革靴 手入れ セット）</b><br><br>結婚式の引出物など、数十個のご注文にも対応しています。<br><br>
ニュートラル（無色）セットは、シュークリームとポリッシュのカラーがニュートラルです。<br>
ブラックセットは、シュークリームとポリッシュのカラーがブラックです。
<br><br>
【セット内容】<br>
[エムモゥブレィ] M.MOWBRAY シュークリーム１個（ニュートラル（無色）またはブラック）、[エムモゥブレィ] M.MOWBRAY シューポリッシュ１個（ニュートラル（無色）またはブラック）、靴磨きムートンクロス１枚、靴クリーム塗布用ミニ豚毛ブラシ１本、ミニブラシ（化繊）１本、ミニブラシ（馬毛）１本、竹ようじ１本、ステインリムーバー60ml（汚れ落とし）１本、ミニクロス（約 85mm×380mm）1枚、銀座大賀靴工房オリジナルボックス（紙箱：177mm×D138mm×H63mm）。<br>
<br>スターターセットの使い方（説明書）付き。<br><br>

<table border=""0"" cellspacing=""0"" cellpadding=""2"">
<tr valign=""top"">
<td nowrap>プレゼント用にギフト対応をしています。</td>
</tr></table><style type=""text/css"">
<!--

div#HeaderKeyword {
	position:absolute;
	top:50px;/*一番上からの位置*/
	left:30px;/*左端からの位置*/
}

div#HeaderKeyword span {
	background: #bf0000;
	color:#fff;
	font-weight:bold;
	padding:2px 5px;
}

div#HeaderKeyword a {
	color:#0044CC;
}

-->
</style>


<div id=""HeaderKeyword"">
<span>注目のキーワード</span>
靴磨きセット
シューケアセット
ブートブラック
モウブレイ
サフィール
コロニル
ウォーリー
</div>",靴磨きセット M.MOWBRAY モゥブレィ モウブレイ x 銀座大賀靴工房 【デラックスDX】 スターターセット シューケアセット（靴磨きセット 初心者向け 革靴 手入れ セット）シューケアボックス【あす楽】：銀座大賀靴工房,靴磨きセット靴磨きシューケアセットシューケアシューケア ボックス靴クリームデリケートクリーム革靴 手入れ セット平野ブラシ靴べらモゥブレィサフィール ノワール靴紐携帯用 靴べらモウブレイブートブラックコルドヌリアングレーズシューツリーシュークリームコロンブス靴磨きセット M.MOWBRAY モゥブレィ モウブレイ x 銀座大賀靴工房 【デラックスDX】 スターターセット シューケアセット（靴磨きセット 初心者向け 革靴 手入れ セット）シューケアボックス【あす楽】,初心者向けのスターターセットにポリッシュを追加。靴磨きセット M.MOWBRAY モゥブレィ モウブレイ x 銀座大賀靴工房 【デラックスDX】 スターターセット シューケアセット（靴磨きセット 初心者向け 革靴 手入れ セット）シューケアボックス【あす楽】[rn]
37-73040,http://tshop.r10s.jp/ginzatiger/cabinet/mowbray/pruninnki.jpg?fitin=700:700,8640.0000,,靴 > 靴ケア用品・アクセサリ > 靴磨き,靴磨きセット【送料無料】M.MOWBRAY モゥブレィ モウブレイ シューケアセット トラディショナルケアセット（木箱 シューケア ボックス）革靴 手入れ セット【あす楽】,モウブレイの本格派シューケアセット（靴磨きセット）です。,"<div class=""io"">



<div class=""itemw"">


<div class=""itemtl"">
<!--▼商品名-->
靴磨きセット【送料無料】<br>
M.MOWBRAY モゥブレィ モウブレイ シューケアセット トラディショナルケアセット<br>
（木箱 シューケア ボックス）<br>
革靴 手入れ 靴磨きセット。シューケア ボックス BOX。<br>
</div>



<div class=""imain"">
<!--▼メイン画像 幅700px以下でご用意ください-->
<img src=""http://image.rakuten.co.jp/ginzatiger/cabinet/mowbray/traditional01.jpg"" border=""0""><br>
</div>

<div class=""imaintxt"">
<!--▼説明文ここから-->
<B>靴磨きセット シューケアセット</B><br>
モゥブレィ プルミエセットの廃番に伴う、後継商品の シューケア ボックス セットです。
<br>
ボックス（木箱）はプルミエセットと同じもので、中身の商品が変更になりました。
<br><br>
モゥブレィ シュークリーム、ミニデリケートクリーム、ステインリムーバー、ブラシ、クロスなど基本的な商品が入っているシューケアセット（靴磨きセット）革靴 手入れ用です。<br>
<!--▲説明文ここまで-->
</div>


</div>



<br>



<table border=""0"" width=""750"" cellpadding=""0"" cellspacing=""0"">
<tr valign=""top"" align=""left"">
<td width=""362"" class=""subph"">

<!--▼サブ画像[左]-->
<img src=""http://image.rakuten.co.jp/ginzatiger/cabinet/mowbray/traditional02.jpg"" width=""360"" border=""0""></td>
<td nowrap width=""18""></td>
<td width=""370"">

<!--▼テキスト[右]-->
<div class=""subtl"">靴磨きセット内容</div>

靴磨きセット【送料無料】<br>
M.MOWBRAY モゥブレィ モウブレイ シューケアセット トラディショナルケアセット<br>
（木箱 シューケア ボックス）<br>
革靴 手入れ 靴磨きセット。シューケア ボックス BOX。<br><br>

Ｍ．モウブレイクリーム（ブラック）1個、Ｍ．モウブレイ ミニデリケートクリーム　1個、Ｍ．モウブレイステインリムーバー60ml　1個、ワークブラシ ホワイト（豚毛）1本、ミニブラシ（馬毛）1本、塗布用ブラシ1本、リムーバークロス1枚、グローブクロス1枚、クロス（茶色）1枚、シューホーン（メタル靴べら）1個。<br>
<br>

<!--▼拡大画像リンク-->
<a href=""http://image.rakuten.co.jp/ginzatiger/cabinet/mowbray/traditional02.jpg"" target=""_blank""><img src=""http://image.rakuten.co.jp/ginzatiger/cabinet/i/kakudai_bt.gif"" border=""0"" align=""right"" hspace=""0"" alt=""拡大画像はこちら""></a><br>


</td>
</tr></table>


<br>
<br>


<table border=""0"" width=""750"" cellpadding=""0"" cellspacing=""0"">
<tr valign=""top"" align=""left"">
<td width=""370"">

<!--▼テキスト[左]-->
<div class=""subtl"">靴磨きセット　ボックス（木箱）</div>

●バーガンディ色の木箱は日本の職人により丁寧に手作りされ、重厚感のある仕上りです。<BR><BR>
●取り外し可能なブラシやクロスが入る小箱が特長です。<BR><BR>
●木箱の厚みがたっぷり収納できる設計です。<BR><BR>
●贈り物、ギフトなどに最適。ラッピングも承ります。 <BR><BR>
■箱の材質：木（ＭＤＦ）<BR>
■原産国：（木箱）日本製　<BR>
■木箱サイズ：Ｗ198mm D257mm H130mm <br>
<br>

<!--▼拡大画像リンク-->
<a href=""http://image.rakuten.co.jp/ginzatiger/cabinet/mowbray/traditional03.jpg"" target=""_blank""><img src=""http://image.rakuten.co.jp/ginzatiger/cabinet/i/kakudai_bt.gif"" border=""0"" align=""right"" hspace=""0"" alt=""拡大画像はこちら""></a><br>

</td>
<td nowrap width=""18""></td>
<td width=""362"" class=""subph"">

<!--▼サブ画像[右]-->
<img src=""http://image.rakuten.co.jp/ginzatiger/cabinet/mowbray/traditional03.jpg"" width=""360"" border=""0"">

</td>
</tr></table>

<br>
<br>


<!--▼ditailここから-->
<div class=""itemw"">
<div class=""cor750"">ITEM DETAIL<b>靴磨きセット　商品詳細</b></div>
<table border=""0"" width=""742"" cellspacing=""10"" class=""idetail"">
<tr valign=""top"" align=""left"" bgcolor=""#ffffff"">
<td>

<!--[1] 拡大画像リンク/縮小画像 幅210px-->
<a href=""http://image.rakuten.co.jp/ginzatiger/cabinet/mowbray/traditional04.jpg"" target=""_blank""><img src=""http://image.rakuten.co.jp/ginzatiger/cabinet/mowbray/traditional04.jpg"" width=""210"" border=""0""><br>
&gt;&gt;画像をクリックで拡大</a><br>
十分な収納力があります。

</td>
<td>

<!--[2] 拡大画像リンク/縮小画像 幅210px-->
<a href=""http://image.rakuten.co.jp/ginzatiger/cabinet/mowbray/traditional05.jpg"" target=""_blank""><img src=""http://image.rakuten.co.jp/ginzatiger/cabinet/mowbray/traditional05.jpg"" width=""210"" border=""0""><br>
&gt;&gt;画像をクリックで拡大</a><br>
トレイは取り外しができます。
</td>
<td>

<!--[3] 拡大画像リンク/縮小画像 幅210px-->
<a href=""http://image.rakuten.co.jp/ginzatiger/cabinet/mowbray/traditional06.jpg"" target=""_blank""><img src=""http://image.rakuten.co.jp/ginzatiger/cabinet/mowbray/traditional06.jpg"" width=""210"" border=""0""><br>
&gt;&gt;画像をクリックで拡大</a><br>
ボックス背面
</td>
</tr>
</table>
</div>
<!--▲ditailここまで-->


<br>
<br>

<!--▼ギフト対応ここから-->

<div align=""center"">
<a href=""http://item.rakuten.co.jp/ginzatiger/c/0000000135/"" target=""_blank""><img src=""http://image.rakuten.co.jp/ginzatiger/cabinet/kanban/gift.jpg"" width=""522"" border=""0""><br>
&gt;&gt;プレゼント用にギフト対応をしています</a>
</div>

<!--▲ギフト対応ここまで-->

<br>
<br>
<B>靴磨きセット【送料無料】<br>
M.MOWBRAY モゥブレィ モウブレイ シューケアセット トラディショナルケアセット<br>
（木箱 シューケア ボックス）</B><br><br>
モゥブレィ シュークリーム、ミニデリケートクリーム、ステインリムーバー、ブラシ、クロスなど基本的な商品が入っているシューケアセット（靴磨きセット）革靴 手入れ用です。<br>
<br>
【セット内容】<br>
Ｍ．モウブレイクリーム（ブラック）1個、Ｍ．モウブレイ ミニデリケートクリーム　1個、Ｍ．モウブレイステインリムーバー60ml　1個、ワークブラシ ホワイト（豚毛）1本、ミニブラシ（馬毛）1本、塗布用ブラシ1本、リムーバークロス1枚、グローブクロス1枚、クロス（茶色）1枚、シューホーン（メタル靴べら）1個。
 <BR><BR>
■箱の材質：木（ＭＤＦ）<BR>
■原産国：（木箱）日本製　<BR>
■木箱サイズ：Ｗ198mm D257mm H130mm <br><style type=""text/css"">
<!--

div#HeaderKeyword {
	position:absolute;
	top:50px;/*一番上からの位置*/
	left:30px;/*左端からの位置*/
}

div#HeaderKeyword span {
	background: #bf0000;
	color:#fff;
	font-weight:bold;
	padding:2px 5px;
}

div#HeaderKeyword a {
	color:#0044CC;
}

-->
</style>


<div id=""HeaderKeyword"">
<span>注目のキーワード</span>
靴磨きセット
シューケアセット
ブートブラック
モウブレイ
サフィール
コロニル
ウォーリー
</div>",靴磨きセット【送料無料】M.MOWBRAY モゥブレィ モウブレイ シューケアセット トラディショナルケアセット（木箱 シューケア ボックス）革靴 手入れ セット【あす楽】：銀座大賀靴工房,靴磨きセット靴磨きシューケアセットシューケアシューケア ボックス靴クリームデリケートクリーム革靴 手入れ セット平野ブラシ靴べらモゥブレィサフィール ノワール靴紐携帯用 靴べらモウブレイブートブラックコルドヌリアングレーズシューツリーシュークリームコロンブス靴磨きセット【送料無料】M.MOWBRAY モゥブレィ モウブレイ シューケアセット トラディショナルケアセット（木箱 シューケア ボックス）革靴 手入れ セット【あす楽】,モウブレイの本格派シューケアセット（靴磨きセット）です。。靴磨きセット【送料無料】M.MOWBRAY モゥブレィ モウブレイ シューケアセット トラディショナルケアセット（木箱 シューケア ボックス）革靴 手入れ セット【あす楽】[rn]
37-73041,http://tshop.r10s.jp/milclo/cabinet/item28-05/pas-28-20.jpg?fitin=700:700,1296.0000,,花・ガーデン・DIY > エクステリア・ガーデンファニチャー > ガーデンオーナメント・置物,アンティークスコップ,,"<img src=""http://image.rakuten.co.jp/milclo/cabinet/item28-05/pas-28-20_main.jpg"" alt=""アンティークスコップGR"" class=""mainImg""><br><img src=""http://image.rakuten.co.jp/milclo/cabinet/item28-05/pas-28-20_01.jpg"" alt=""商品名詳細画像1"" class=""syosaiImgImg""><br><img src=""http://image.rakuten.co.jp/milclo/cabinet/item28-05/pas-28-20_02.jpg"" alt=""商品名詳細画像1"" class=""syosaiImgImg""><br><img src=""http://image.rakuten.co.jp/milclo/cabinet/item28-05/pas-28-20_03.jpg"" alt=""商品名詳細画像1"" class=""syosaiImgImg""><div id=""Syosaibox""><img src=""http://image.rakuten.co.jp/milclo/cabinet/top/deta_bghead.jpg"" alt=""詳細"" height=""153"" width=""538""><div id=""Syosai""><p id=""SyosaiTxt"">ナチュラルガーデンにジャンクなテイストをプラス。<br>使い古された雑貨や小物、ペンキの剥げ落ちたポットなどがお庭やベランダを味のある雰囲気にしてくれますよ。</p></div><div id=""SyosaiFoot""><img src=""http://image.rakuten.co.jp/milclo/cabinet/top/deta_bgfoot.jpg"" alt=""詳細ここまで"" height=""44"" width=""538""></div></div>SIZE：W11×D5×H35cm<br>素材：スチール<br>made in China<br><img src=""http://image.rakuten.co.jp/milclo/cabinet/nongift.gif"" alt=""ラッピング不可"" width=""273""><br><br>【予めご了承ください】<br>※アンティーク調仕上げの商品です。表面にあるヒビや塗装剥がれ、錆はデザインでわざと加工されています。商品の特徴で不良ではありません。予めご了承ください。<br>※表示サイズには若干の誤差があります。<br>※写真に掲載されている小物は別売りです。<!-- コンビニ受け取りバナー
<div align=""center""><img src=""http://image.rakuten.co.jp/com/img/rms/cabinet/recommend_new/img00012113.jpg""  width=""468"" height=""60"" alt=""コンビニ受け取り"" class=""""></div>-->

<!--ここから楽太郎-->
<center>
<div style=""width:702px; background-color:#d3c5bb; border:1px solid #d3c5bb; padding:0; margin-bottom:6px"" align=""center"">
<p style=""color:#FFFFFF; font-size:15px; font-weight:bold; margin:0; line-height:25px;"">店舗内売れ筋ランキング</p>
<div style=""background-color:#FFFFFF"">


<!-- ポイント▼745バナー
-->

</div>
</div>

<!--▼クーポン
<div style=""margin-bottom:20px""> 
<img src=""https://image.rakuten.co.jp/milclo/cabinet/banner/cp500.jpg"" width=""535"" alt=""クーポン""> 
</div> 
--> 

</center>",アンティークスコップ：MilClover＊ミルクローバー,ナチュラル雑貨フェイクグリーンガーデン雑貨インテリア雑貨ガーデニング雑貨キッズ雑貨アンティークナチュラルアンティーク送料無料プレゼントダルトン掛け時計玄関マットトイレマット男前雑貨トイレタリーキッチン雑貨スタジオエムデコレ友膳アンティークスコップ,アンティークスコップ[rn]
37-73042,http://tshop.r10s.jp/milclo/cabinet/item28-05/po62630.jpg?fitin=700:700,2592.0000,,花・ガーデン・DIY > エクステリア・ガーデンファニチャー > ガーデンオーナメント・置物,ガーデンバスケットS,,"<img src=""http://image.rakuten.co.jp/milclo/cabinet/item28-05/po62630_main.jpg"" alt=""ガーデンバスケットS"" class=""mainImg""><br><img src=""http://image.rakuten.co.jp/milclo/cabinet/item28-05/po62630_01.jpg"" alt=""商品名詳細画像1"" class=""syosaiImgImg""><br><img src=""http://image.rakuten.co.jp/milclo/cabinet/item28-05/po62630_02.jpg"" alt=""商品名詳細画像1"" class=""syosaiImgImg""><br><img src=""http://image.rakuten.co.jp/milclo/cabinet/item28-05/po62630_03.jpg"" alt=""商品名詳細画像1"" class=""syosaiImgImg""><div id=""Syosaibox""><img src=""http://image.rakuten.co.jp/milclo/cabinet/top/deta_bghead.jpg"" alt=""詳細"" height=""153"" width=""538""><div id=""Syosai""><p id=""SyosaiTxt"">ジャンクな雰囲気たっぷりのハンギングバスケット。フェンスや椅子の背面などに引っかけて中にはインテリアグリーンや小物を入れても。</p></div><div id=""SyosaiFoot""><img src=""http://image.rakuten.co.jp/milclo/cabinet/top/deta_bgfoot.jpg"" alt=""詳細ここまで"" height=""44"" width=""538""></div></div>SIZE：W35×D24.5×H19<br>made in China<br><img src=""http://image.rakuten.co.jp/milclo/cabinet/nongift.gif"" alt=""ラッピング不可"" width=""273""><br><br>【予めご了承ください】<br>※アンティーク調仕上げの商品です。表面にあるヒビや塗装剥がれ、錆はデザインでわざと加工されています。商品の特徴で不良ではありません。予めご了承ください。<br>※表示サイズには若干の誤差があります。<br>※写真に掲載されている小物は別売りです。<!-- コンビニ受け取りバナー
<div align=""center""><img src=""http://image.rakuten.co.jp/com/img/rms/cabinet/recommend_new/img00012113.jpg""  width=""468"" height=""60"" alt=""コンビニ受け取り"" class=""""></div>-->

<!--ここから楽太郎-->
<center>
<div style=""width:702px; background-color:#d3c5bb; border:1px solid #d3c5bb; padding:0; margin-bottom:6px"" align=""center"">
<p style=""color:#FFFFFF; font-size:15px; font-weight:bold; margin:0; line-height:25px;"">店舗内売れ筋ランキング</p>
<div style=""background-color:#FFFFFF"">


<!-- ポイント▼745バナー
-->

</div>
</div>

<!--▼クーポン
<div style=""margin-bottom:20px""> 
<img src=""https://image.rakuten.co.jp/milclo/cabinet/banner/cp500.jpg"" width=""535"" alt=""クーポン""> 
</div> 
--> 

</center>",ガーデンバスケットS：MilClover＊ミルクローバー,ナチュラル雑貨フェイクグリーンガーデン雑貨インテリア雑貨ガーデニング雑貨キッズ雑貨アンティークナチュラルアンティーク送料無料プレゼントダルトン掛け時計玄関マットトイレマット男前雑貨トイレタリーキッチン雑貨スタジオエムデコレ友膳ガーデンバスケットS,ガーデンバスケットS[rn]
37-73043,http://tshop.r10s.jp/milclo/cabinet/item27-03/po-63197.jpg?fitin=700:700,1728.0000,,花・ガーデン・DIY > エクステリア・ガーデンファニチャー > ガーデンオーナメント・置物,ハンギングスタンド【コンビニ受取対応商品】,,"<img src=""http://www.rakuten.ne.jp/gold/milclo/img/h27/po-63197_main.jpg"" alt=""商品名"" class=""mainImg""><br><img src=""http://www.rakuten.ne.jp/gold/milclo/img/h27/po-63197_01.jpg"" alt=""商品名詳細画像1"" class=""syosaiImgImg""><br><img src=""http://www.rakuten.ne.jp/gold/milclo/img/h27/po-63197_02.jpg"" alt=""商品名詳細画像1"" class=""syosaiImgImg""><div id=""Syosaibox""><img src=""http://image.rakuten.co.jp/milclo/cabinet/top/deta_bghead.jpg"" alt=""詳細"" height=""153"" width=""538""><div id=""Syosai""><p id=""SyosaiTxt"">小さなハンギングポットやランタンを掛けてディスプレイすることができます。</p></div><div id=""SyosaiFoot""><img src=""http://image.rakuten.co.jp/milclo/cabinet/top/deta_bgfoot.jpg"" alt=""詳細ここまで"" height=""44"" width=""538""></div></div>SIZE：W20×D26×H80cm<br>made in china<br><img src=""http://image.rakuten.co.jp/milclo/cabinet/nongift.gif"" alt=""ラッピング不可"" width=""273""><br><br>【予めご了承ください】<br>※表示サイズには若干の誤差があります。<br>※写真に掲載されているランタン等小物は別売りです。<br>※多少のキズや汚れなど見られます。予めご了承ください。<br>※組み立て式です<br><br><font color=""#ded2c4"" size=""-2"">[関連ワード]<br>ナチュラル雑貨 ナチュラルアンティーク雑貨 シャビー クリスマスプレゼント プレゼント Present ポッシュリビング poshliving スタンド 母の日 ホワイトクリスマス かわいい置物 可愛い置物 クリスマス置物　お洒落 クリスマス オシャレクリスマスディスプレイ</font><!-- コンビニ受け取りバナー
<div align=""center""><img src=""http://image.rakuten.co.jp/com/img/rms/cabinet/recommend_new/img00012113.jpg""  width=""468"" height=""60"" alt=""コンビニ受け取り"" class=""""></div>-->

<!--ここから楽太郎-->
<center>
<div style=""width:702px; background-color:#d3c5bb; border:1px solid #d3c5bb; padding:0; margin-bottom:6px"" align=""center"">
<p style=""color:#FFFFFF; font-size:15px; font-weight:bold; margin:0; line-height:25px;"">店舗内売れ筋ランキング</p>
<div style=""background-color:#FFFFFF"">


<!-- ポイント▼745バナー
-->

</div>
</div>

<!--▼クーポン
<div style=""margin-bottom:20px""> 
<img src=""https://image.rakuten.co.jp/milclo/cabinet/banner/cp500.jpg"" width=""535"" alt=""クーポン""> 
</div> 
--> 

</center>",ハンギングスタンド【コンビニ受取対応商品】：MilClover＊ミルクローバー,ナチュラル雑貨フェイクグリーンガーデン雑貨インテリア雑貨ガーデニング雑貨キッズ雑貨アンティークナチュラルアンティーク送料無料プレゼントダルトン掛け時計玄関マットトイレマット男前雑貨トイレタリーキッチン雑貨スタジオエムデコレ友膳ハンギングスタンド【コンビニ受取対応商品】,ハンギングスタンド【コンビニ受取対応商品】[rn]
37-73044,http://tshop.r10s.jp/milclo/cabinet/item27-03/mur-6361.jpg?fitin=700:700,950.4000,,花・ガーデン・DIY > エクステリア・ガーデンファニチャー > ガーデンオーナメント・置物,ホワイトウッド クラフト一輪車【コンビニ受取対応商品】,,"<img src=""http://www.rakuten.ne.jp/gold/milclo/img/h27/mur-6361_main.jpg"" alt=""商品名"" class=""mainImg""><br><img src=""http://www.rakuten.ne.jp/gold/milclo/img/h27/mur-6361_01.jpg"" alt=""商品名詳細画像1"" class=""syosaiImgImg""><div id=""Syosaibox""><img src=""http://image.rakuten.co.jp/milclo/cabinet/top/deta_bghead.jpg"" alt=""詳細"" height=""153"" width=""538""><div id=""Syosai""><p id=""SyosaiTxt"">ホワイトペイントがかわいい木製一輪車。フラワーポットとして、小物入れとしてなどいろんな使い方を楽しんで。<br />ベタっとペイントされているので、お好みでシャビーなアンティーク加工を楽しんでもみても。DIYの素材としても色々な使い方ができそうですよ。</p></div><div id=""SyosaiFoot""><img src=""http://image.rakuten.co.jp/milclo/cabinet/top/deta_bgfoot.jpg"" alt=""詳細ここまで"" height=""44"" width=""538""></div></div>SIZE：W33×D16×H16cm<br>素材：ウッド<br>made in china<br><img src=""http://image.rakuten.co.jp/milclo/cabinet/gift_ok01.gif"" width=""165"" height=""43"" alt=""ラッピング申込みページへ""><br><br>【予めご了承ください】<br>※塗装剥がれや掠れ傷や汚れなど見られる場合があります。予めご了承ください。<br>※写真に掲載されているフェイクグリーンは含まれません。<br>※サイズは多少の誤差があります。<br>※宅配便で発送になります<br>※車輪は回りません。<br><br><font color=""#ded2c4"" size=""-2"">[関連ワード]<br>ナチュラル雑貨 ナチュラルアンティーク雑貨 シャビー クリスマスプレゼント プレゼント Present ガーデン雑貨 ガーデニング雑貨　木製雑貨 母の日 ホワイトクリスマス かわいい置物 可愛い置物 クリスマス置物　お洒落 クリスマス オシャレクリスマスディスプレイ</font><!-- コンビニ受け取りバナー
<div align=""center""><img src=""http://image.rakuten.co.jp/com/img/rms/cabinet/recommend_new/img00012113.jpg""  width=""468"" height=""60"" alt=""コンビニ受け取り"" class=""""></div>-->

<!--ここから楽太郎-->
<center>
<div style=""width:702px; background-color:#d3c5bb; border:1px solid #d3c5bb; padding:0; margin-bottom:6px"" align=""center"">
<p style=""color:#FFFFFF; font-size:15px; font-weight:bold; margin:0; line-height:25px;"">店舗内売れ筋ランキング</p>
<div style=""background-color:#FFFFFF"">


<!-- ポイント▼745バナー
-->

</div>
</div>

<!--▼クーポン
<div style=""margin-bottom:20px""> 
<img src=""https://image.rakuten.co.jp/milclo/cabinet/banner/cp500.jpg"" width=""535"" alt=""クーポン""> 
</div> 
--> 

</center>",ホワイトウッド クラフト一輪車【コンビニ受取対応商品】：MilClover＊ミルクローバー,ナチュラル雑貨フェイクグリーンガーデン雑貨インテリア雑貨ガーデニング雑貨キッズ雑貨アンティークナチュラルアンティーク送料無料プレゼントダルトン掛け時計玄関マットトイレマット男前雑貨トイレタリーキッチン雑貨スタジオエムデコレ友膳ホワイトウッド クラフト一輪車【コンビニ受取対応商品】,ホワイトウッド クラフト一輪車【コンビニ受取対応商品】[rn]
37-73045,http://tshop.r10s.jp/milclo/cabinet/item27-02/ume-a10625.jpg?fitin=700:700,794.4000,,花・ガーデン・DIY > エクステリア・ガーデンファニチャー > ガーデンオーナメント・置物,ハンキング ナチュラルウッド バスケット【コンビニ受取対応商品】,,"<img src=""http://www.rakuten.ne.jp/gold/milclo/img/h27/ume-a10625_main.jpg"" alt=""ハンキング ナチュラルウッド バスケット"" class=""mainImg""><br><img src=""http://www.rakuten.ne.jp/gold/milclo/img/h27/ume-a10625_01.jpg"" alt=""商品名詳細画像1"" class=""syosaiImgImg""><div id=""Syosaibox""><img src=""http://image.rakuten.co.jp/milclo/cabinet/top/deta_bghead.jpg"" alt=""詳細"" height=""153"" width=""538""><div id=""Syosai""><p id=""SyosaiTxt"">ナチュラル素材のハンギングバスケット。吊してピックやタイムバンチを入れてみたり、垂れ下がり系のフェイクグリーンをディスプレイしても。</p></div><div id=""SyosaiFoot""><img src=""http://image.rakuten.co.jp/milclo/cabinet/top/deta_bgfoot.jpg"" alt=""詳細ここまで"" height=""44"" width=""538""></div></div>SIZE：φ9×H11cm(ハンギング部含むH26.5cm)<br>素材：天然素材、メタル<br>made in china<br><img src=""http://image.rakuten.co.jp/milclo/cabinet/gift_ok01.gif"" width=""165"" height=""43"" alt=""ラッピング申込みページへ""><br><br>【予めご了承ください】<br>※素材の特性上ささくれや多少の折れなど見られます。予めご了承ください。<br>※ハンギング部分の色ムラは商品の仕様で不良ではありません。。<br>※サイズは多少の誤差があります。<br>※写真に掲載されているグリーン等の小物は別売です。<br>※メール便発送はできません。<!-- コンビニ受け取りバナー
<div align=""center""><img src=""http://image.rakuten.co.jp/com/img/rms/cabinet/recommend_new/img00012113.jpg""  width=""468"" height=""60"" alt=""コンビニ受け取り"" class=""""></div>-->

<!--ここから楽太郎-->
<center>
<div style=""width:702px; background-color:#d3c5bb; border:1px solid #d3c5bb; padding:0; margin-bottom:6px"" align=""center"">
<p style=""color:#FFFFFF; font-size:15px; font-weight:bold; margin:0; line-height:25px;"">店舗内売れ筋ランキング</p>
<div style=""background-color:#FFFFFF"">


<!-- ポイント▼745バナー
-->

</div>
</div>

<!--▼クーポン
<div style=""margin-bottom:20px""> 
<img src=""https://image.rakuten.co.jp/milclo/cabinet/banner/cp500.jpg"" width=""535"" alt=""クーポン""> 
</div> 
--> 

</center>",ハンキング ナチュラルウッド バスケット【コンビニ受取対応商品】：MilClover＊ミルクローバー,ナチュラル雑貨フェイクグリーンガーデン雑貨インテリア雑貨ガーデニング雑貨キッズ雑貨アンティークナチュラルアンティーク送料無料プレゼントダルトン掛け時計玄関マットトイレマット男前雑貨トイレタリーキッチン雑貨スタジオエムデコレ友膳ハンキング ナチュラルウッド バスケット【コンビニ受取対応商品】,ハンキング ナチュラルウッド バスケット【コンビニ受取対応商品】[rn]
37-73046,http://tshop.r10s.jp/milclo/cabinet/item26/03/dec-sb-8264.jpg?fitin=700:700,414.4000,,花・ガーデン・DIY > エクステリア・ガーデンファニチャー > ガーデンオーナメント・置物,【ポイント10倍!】SHABBY ET PLUS　ガーデンオーナメント【コンビニ受取対応商品】,【ポイント10倍!】,"<img src=""http://image.rakuten.co.jp/milclo/cabinet/item26/03/dec-sb-8264_main.jpg"" alt=""SHABBY ET PLUS　ガーデンオーナメント"" class=""mainImg""><br><img src=""http://image.rakuten.co.jp/milclo/cabinet/item26/03/dec-sb-8264_01.jpg"" alt=""商品名詳細画像1"" class=""syosaiImgImg""><div id=""Syosaibox""><img src=""http://image.rakuten.co.jp/milclo/cabinet/top/deta_bghead.jpg"" alt=""詳細"" height=""153"" width=""538""><div id=""Syosai""><p id=""SyosaiTxt"">ガラスのように光を通すミニチュアオーナメント。お庭や窓辺を素敵に演出してくださいね。</p></div><div id=""SyosaiFoot""><img src=""http://image.rakuten.co.jp/milclo/cabinet/top/deta_bgfoot.jpg"" alt=""詳細ここまで"" height=""44"" width=""538""></div></div>外灯：Ф2.6×H5.7cm<br>ジョーロ：W6.1×D2.5×H3.5<br>ジャグポット：Ф2.5×3.2×H4.5cm<br>素材：ポリレジン<br>made in China<br><img src=""http://image.rakuten.co.jp/milclo/cabinet/gift_ok01.gif"" width=""165"" height=""43"" alt=""ラッピング申込みページへ""><br><br>【予めご了承ください】<br>※塗装剥がれや掠れや多少の傷など見られます。不良の対象ではありませんので予めご了承ください。<br>※写真に掲載されている小花等は含まれません。<br>※表示サイズは多少の誤差がございます。<br>※メール便発送はできません。<!-- コンビニ受け取りバナー
<div align=""center""><img src=""http://image.rakuten.co.jp/com/img/rms/cabinet/recommend_new/img00012113.jpg""  width=""468"" height=""60"" alt=""コンビニ受け取り"" class=""""></div>-->

<!--ここから楽太郎-->
<center>
<div style=""width:702px; background-color:#d3c5bb; border:1px solid #d3c5bb; padding:0; margin-bottom:6px"" align=""center"">
<p style=""color:#FFFFFF; font-size:15px; font-weight:bold; margin:0; line-height:25px;"">店舗内売れ筋ランキング</p>
<div style=""background-color:#FFFFFF"">


<!-- ポイント▼745バナー
-->

</div>
</div>

<!--▼クーポン
<div style=""margin-bottom:20px""> 
<img src=""https://image.rakuten.co.jp/milclo/cabinet/banner/cp500.jpg"" width=""535"" alt=""クーポン""> 
</div> 
--> 

</center>",【ポイント10倍!】SHABBY ET PLUS　ガーデンオーナメント【コンビニ受取対応商品】：MilClover＊ミルクローバー,ナチュラル雑貨フェイクグリーンガーデン雑貨インテリア雑貨ガーデニング雑貨キッズ雑貨アンティークナチュラルアンティーク送料無料プレゼントダルトン掛け時計玄関マットトイレマット男前雑貨トイレタリーキッチン雑貨スタジオエムデコレ友膳【ポイント10倍!】SHABBY ET PLUS　ガーデンオーナメント【コンビニ受取対応商品】,【ポイント10倍!】。【ポイント10倍!】SHABBY ET PLUS　ガーデンオーナメント【コンビニ受取対応商品】[rn]
37-73047,http://tshop.r10s.jp/milclo/cabinet/item28-05/pas-28-09wh.jpg?fitin=700:700,1728.0000,,花・ガーデン・DIY > エクステリア・ガーデンファニチャー > ガーデンオーナメント・置物,ジャンク ブリキピッチャー WH,,"<img src=""http://image.rakuten.co.jp/milclo/cabinet/item28-05/pas-28-09wh_1.jpg"" alt=""ジャンク ブリキピッチャー WH"" class=""mainImg""><br><img src=""http://image.rakuten.co.jp/milclo/cabinet/item28-05/pas-28-09wh_2.jpg"" alt=""商品名詳細画像1"" class=""syosaiImgImg""><br><img src=""http://image.rakuten.co.jp/milclo/cabinet/item28-05/pas-28-09wh_3.jpg"" alt=""商品名詳細画像1"" class=""syosaiImgImg""><br><img src=""http://image.rakuten.co.jp/milclo/cabinet/item28-05/pas-28-09wh_4.jpg"" alt=""商品名詳細画像1"" class=""syosaiImgImg""><br><img src=""http://image.rakuten.co.jp/milclo/cabinet/item28-05/pas-28-09wh_5.jpg"" alt=""商品名詳細画像1"" class=""syosaiImgImg""><br><img src=""http://image.rakuten.co.jp/milclo/cabinet/item28-05/pas-28-09wh_6.jpg"" alt=""商品名詳細画像1"" class=""syosaiImgImg""><div id=""Syosaibox""><img src=""http://image.rakuten.co.jp/milclo/cabinet/top/deta_bghead.jpg"" alt=""詳細"" height=""153"" width=""538""><div id=""Syosai""><p id=""SyosaiTxt"">アンティークな味わいのあるガーデンオブジェ。ナチュラルガーデン、ジャンクガーデン、リビングなどオシャレで格好いいディスプレイに。</p></div><div id=""SyosaiFoot""><img src=""http://image.rakuten.co.jp/milclo/cabinet/top/deta_bgfoot.jpg"" alt=""詳細ここまで"" height=""44"" width=""538""></div></div>SIZE：W22.5×D15×H25cm<br>重量：300g<br>素材：スチール<br>made in China<br><img src=""http://image.rakuten.co.jp/milclo/cabinet/gift_ok01.gif"" width=""165"" height=""43"" alt=""ラッピング申込みページへ""><br><br>【予めご了承ください】<br>※このシリーズはハンドメイド商品です。サイズやアイアンの曲がり具合に多少の個体差があります。<br>※アンティーク加工が施された商品です。商品の仕様上、錆、傷や色むらなどあります。<br>※表示サイズには若干の誤差があります。<br>※写真に掲載されている小物は別売りです。<br>※商品の特性上水漏れします。不良ではありません。<br>※メール便発送はできません。<br><br><font color=""#79654C"" size=""1"">アンティークな味わいのあるガーデンオブジェ。ナチュラルガーデン、ジャンクガーデン、リビングなどオシャレで格好いいディスプレイに。</font><br><br><font color=""#ded2c4"" size=""-2"">[関連ワード]<br>パセオ paseo 壁掛け 花瓶 置物 ジャンク JUNK アンティーク ガーデン雑貨 ガーデニング雑貨 ガーデンインテリア雑貨 ナチュラル雑貨 アンティーク調 シャビー クリスマスプレゼント お祝 お祝い プレゼント Present 母の日 ホワイトデー ガーデニング雑貨 ガーデン雑貨 かわいい 可愛い cute ジャンク JUNK おしゃれ お洒落 オシャレ</font><!-- コンビニ受け取りバナー
<div align=""center""><img src=""http://image.rakuten.co.jp/com/img/rms/cabinet/recommend_new/img00012113.jpg""  width=""468"" height=""60"" alt=""コンビニ受け取り"" class=""""></div>-->

<!--ここから楽太郎-->
<center>
<div style=""width:702px; background-color:#d3c5bb; border:1px solid #d3c5bb; padding:0; margin-bottom:6px"" align=""center"">
<p style=""color:#FFFFFF; font-size:15px; font-weight:bold; margin:0; line-height:25px;"">店舗内売れ筋ランキング</p>
<div style=""background-color:#FFFFFF"">


<!-- ポイント▼745バナー
-->

</div>
</div>

<!--▼クーポン
<div style=""margin-bottom:20px""> 
<img src=""https://image.rakuten.co.jp/milclo/cabinet/banner/cp500.jpg"" width=""535"" alt=""クーポン""> 
</div> 
--> 

</center>",ジャンク ブリキピッチャー WH：MilClover＊ミルクローバー,ナチュラル雑貨フェイクグリーンガーデン雑貨インテリア雑貨ガーデニング雑貨キッズ雑貨アンティークナチュラルアンティーク送料無料プレゼントダルトン掛け時計玄関マットトイレマット男前雑貨トイレタリーキッチン雑貨スタジオエムデコレ友膳ジャンク ブリキピッチャー WH,ジャンク ブリキピッチャー WH[rn]
37-73048,http://tshop.r10s.jp/milclo/cabinet/item27-02/ak-dg597ap1.jpg?fitin=700:700,1105.6000,,花・ガーデン・DIY > エクステリア・ガーデンファニチャー > ガーデンオーナメント・置物,Old New Both プレート OPEN & CLOSE,【メール便OK】,"<img src=""http://www.rakuten.ne.jp/gold/milclo/img/h27/ak-dg597ap1_main.jpg"" alt=""Old New Both プレート OPEN & CLOSE"" class=""mainImg""><br><img src=""http://www.rakuten.ne.jp/gold/milclo/img/h27/ak-dg597ap1_01.jpg"" alt=""商品名詳細画像1"" class=""syosaiImgImg""><div id=""Syosaibox""><img src=""http://image.rakuten.co.jp/milclo/cabinet/top/deta_bghead.jpg"" alt=""詳細"" height=""153"" width=""538""><div id=""Syosai""><p id=""SyosaiTxt"">アメリカンなドーナツショップを思い出させるようなデザインがかわいいOPEN&CLOSEDのドアプレート。</p></div><div id=""SyosaiFoot""><img src=""http://image.rakuten.co.jp/milclo/cabinet/top/deta_bgfoot.jpg"" alt=""詳細ここまで"" height=""44"" width=""538""></div></div>SIZE：約 W25×D1.5xH20cm<br>素材：木製<br>メール便OK<br>made in China<br><img src=""http://image.rakuten.co.jp/milclo/cabinet/gift_ok01.gif"" width=""165"" height=""43"" alt=""ラッピング申込みページへ""><br><br>【予めご了承ください】<br>※古びた風合いを出すためアンティーク加工が施されています。塗装剥がれや掠れ等は商品の特徴で不良の対象ではありません。予めご了承ください。<br>※写真に掲載されているフェイクグリーン等の小物は含まれません。<br><br><font color=""#ded2c4"" size=""-2"">[関連ワード]<br>ナチュラル雑貨 ナチュラルアンティーク雑貨 シャビー ベランダガーデニング ベランダガーデン 可愛い置物  ディスプレイ ナチュラルフレンチ カントリー雑貨 お祝 お祝い クリスマスプレゼント プレゼント Present 母の日 ホワイトデー  アンティーク 男前インテリア　塩系 男前 ウェルカムプレート</font><!-- コンビニ受け取りバナー
<div align=""center""><img src=""http://image.rakuten.co.jp/com/img/rms/cabinet/recommend_new/img00012113.jpg""  width=""468"" height=""60"" alt=""コンビニ受け取り"" class=""""></div>-->

<!--ここから楽太郎-->
<center>
<div style=""width:702px; background-color:#d3c5bb; border:1px solid #d3c5bb; padding:0; margin-bottom:6px"" align=""center"">
<p style=""color:#FFFFFF; font-size:15px; font-weight:bold; margin:0; line-height:25px;"">店舗内売れ筋ランキング</p>
<div style=""background-color:#FFFFFF"">


<!-- ポイント▼745バナー
-->

</div>
</div>

<!--▼クーポン
<div style=""margin-bottom:20px""> 
<img src=""https://image.rakuten.co.jp/milclo/cabinet/banner/cp500.jpg"" width=""535"" alt=""クーポン""> 
</div> 
--> 

</center>",Old New Both プレート OPEN &amp; CLOSE：MilClover＊ミルクローバー,ナチュラル雑貨フェイクグリーンガーデン雑貨インテリア雑貨ガーデニング雑貨キッズ雑貨アンティークナチュラルアンティーク送料無料プレゼントダルトン掛け時計玄関マットトイレマット男前雑貨トイレタリーキッチン雑貨スタジオエムデコレ友膳Old New Both プレート OPEN &amp; CLOSE,【メール便OK】。Old New Both プレート OPEN &amp; CLOSE[rn]
37-73049,http://tshop.r10s.jp/milclo/cabinet/item29-1/mar1003734-00.jpg?fitin=700:700,864.0000,,花・ガーデン・DIY > エクステリア・ガーデンファニチャー > ガーデンオーナメント・置物,チアフルフレンズ ゴールデンハムスターのポコ,,"<img src=""http://www.rakuten.ne.jp/gold/milclo/img/h29/01/mar1003734-00_1.jpg"" alt=""チアフルフレンズ ゴールデンハムスターのポコ"" class=""mainImg""><br><img src=""http://www.rakuten.ne.jp/gold/milclo/img/h29/01/mar1003734-00_2.jpg"" alt=""商品名詳細画像1"" class=""syosaiImgImg""><br><img src=""http://www.rakuten.ne.jp/gold/milclo/img/h29/01/mar1003734-00_3.jpg"" alt=""商品名詳細画像1"" class=""syosaiImgImg""><div id=""Syosaibox""><img src=""http://image.rakuten.co.jp/milclo/cabinet/top/deta_bghead.jpg"" alt=""詳細"" height=""153"" width=""538""><div id=""Syosai""><p id=""SyosaiTxt"">チアフルシリーズの新しいお友達。チアフルフレンズ ゴールデンハムスターのポコ。ハムスターの愛らしいポーズに癒やされます。</p></div><div id=""SyosaiFoot""><img src=""http://image.rakuten.co.jp/milclo/cabinet/top/deta_bgfoot.jpg"" alt=""詳細ここまで"" height=""44"" width=""538""></div></div>SIZE：約W11×D14×H13.3cm<br>素材:ポリレジン他<br>made in China<br><br><img src=""http://image.rakuten.co.jp/milclo/cabinet/gift_ok01.gif"" width=""165"" height=""43"" alt=""ラッピング申込みページへ""><br><br>【予めご了承ください】<br>※表面の処理は多少の塗装剥がれや製造上の型の後など見られます。また、キズや汚れなどは商品の特徴で不良対象ではありません。商品の特徴とあらかじめご了承ください。<br>※表示サイズには若干の誤差があります。<br>※写真に掲載されている小物は別売りです。<br>※商品の表情等は個体差があります。 br><br><br><font color=""#ded2c4"" size=""-2"">[関連ワード]<br> 丸和貿易 置物 雑貨 動物 ガーデン雑貨 ナチュラル雑貨 アンティーク調 シャビー クリスマスプレゼント お祝 お祝い プレゼント Present 母の日 ホワイトデー  かわいい 可愛い cute ジャンク JUNK おしゃれ お洒落 オシャレ</font><!-- コンビニ受け取りバナー
<div align=""center""><img src=""http://image.rakuten.co.jp/com/img/rms/cabinet/recommend_new/img00012113.jpg""  width=""468"" height=""60"" alt=""コンビニ受け取り"" class=""""></div>-->

<!--ここから楽太郎-->
<center>
<div style=""width:702px; background-color:#d3c5bb; border:1px solid #d3c5bb; padding:0; margin-bottom:6px"" align=""center"">
<p style=""color:#FFFFFF; font-size:15px; font-weight:bold; margin:0; line-height:25px;"">店舗内売れ筋ランキング</p>
<div style=""background-color:#FFFFFF"">


<!-- ポイント▼745バナー
-->

</div>
</div>

<!--▼クーポン
<div style=""margin-bottom:20px""> 
<img src=""https://image.rakuten.co.jp/milclo/cabinet/banner/cp500.jpg"" width=""535"" alt=""クーポン""> 
</div> 
--> 

</center>",チアフルフレンズ ゴールデンハムスターのポコ：MilClover＊ミルクローバー,ナチュラル雑貨フェイクグリーンガーデン雑貨インテリア雑貨ガーデニング雑貨キッズ雑貨アンティークナチュラルアンティーク送料無料プレゼントダルトン掛け時計玄関マットトイレマット男前雑貨トイレタリーキッチン雑貨スタジオエムデコレ友膳チアフルフレンズ ゴールデンハムスターのポコ,チアフルフレンズ ゴールデンハムスターのポコ[rn]
37-73050,http://tshop.r10s.jp/milclo/cabinet/item29-1/mar1003737.jpg?fitin=700:700,864.0000,,花・ガーデン・DIY > エクステリア・ガーデンファニチャー > ガーデンオーナメント・置物,チアフルフレンズことりのセット,,"<img src=""http://www.rakuten.ne.jp/gold/milclo/img/h29/01/mar1003737_1.jpg"" alt=""チアフルフレンズことりのセット"" class=""mainImg""><br><img src=""http://www.rakuten.ne.jp/gold/milclo/img/h29/01/mar1003737_2.jpg"" alt=""商品名詳細画像1"" class=""syosaiImgImg""><br><img src=""http://www.rakuten.ne.jp/gold/milclo/img/h29/01/mar1003737_3.jpg"" alt=""商品名詳細画像1"" class=""syosaiImgImg""><br><img src=""http://www.rakuten.ne.jp/gold/milclo/img/h29/01/mar1003737_4.jpg"" alt=""商品名詳細画像1"" class=""syosaiImgImg""><br><img src=""http://www.rakuten.ne.jp/gold/milclo/img/h29/01/mar1003737_5.jpg"" alt=""商品名詳細画像1"" class=""syosaiImgImg""><div id=""Syosaibox""><img src=""http://image.rakuten.co.jp/milclo/cabinet/top/deta_bghead.jpg"" alt=""詳細"" height=""153"" width=""538""><div id=""Syosai""><p id=""SyosaiTxt"">チアフルフレンズの新しいお友達。ブラウンカラーの小鳥さんセット 『ルチル&クォーツ』とブルーの小鳥さんセット『ラピス&ラズリー』</p></div><div id=""SyosaiFoot""><img src=""http://image.rakuten.co.jp/milclo/cabinet/top/deta_bgfoot.jpg"" alt=""詳細ここまで"" height=""44"" width=""538""></div></div>SIZE：約W10.3×D6.5×H6.4cm、約W10.5×D6.1×H6.5cm<br>素材:ポリレジン他<br>2点1セット<br>made in China<br><br><img src=""http://image.rakuten.co.jp/milclo/cabinet/gift_ok01.gif"" width=""165"" height=""43"" alt=""ラッピング申込みページへ""><br><br>【予めご了承ください】<br>※表面の処理は多少の塗装剥がれや製造上の型の後など見られます。また、キズや汚れなどは商品の特徴で不良対象ではありません。商品の特徴とあらかじめご了承ください。<br>※表示サイズには若干の誤差があります。<br>※写真に掲載されている小物は別売りです。<br>※商品の表情等は個体差があります。 br><br><br><font color=""#ded2c4"" size=""-2"">[関連ワード]<br> 丸和貿易 置物 雑貨 動物  ガーデン雑貨 ナチュラル雑貨 アンティーク調 シャビー クリスマスプレゼント お祝 お祝い プレゼント Present 母の日 ホワイトデー  かわいい 可愛い cute ジャンク JUNK おしゃれ お洒落 オシャレ</font><!-- コンビニ受け取りバナー
<div align=""center""><img src=""http://image.rakuten.co.jp/com/img/rms/cabinet/recommend_new/img00012113.jpg""  width=""468"" height=""60"" alt=""コンビニ受け取り"" class=""""></div>-->

<!--ここから楽太郎-->
<center>
<div style=""width:702px; background-color:#d3c5bb; border:1px solid #d3c5bb; padding:0; margin-bottom:6px"" align=""center"">
<p style=""color:#FFFFFF; font-size:15px; font-weight:bold; margin:0; line-height:25px;"">店舗内売れ筋ランキング</p>
<div style=""background-color:#FFFFFF"">


<!-- ポイント▼745バナー
-->

</div>
</div>

<!--▼クーポン
<div style=""margin-bottom:20px""> 
<img src=""https://image.rakuten.co.jp/milclo/cabinet/banner/cp500.jpg"" width=""535"" alt=""クーポン""> 
</div> 
--> 

</center>",チアフルフレンズことりのセット：MilClover＊ミルクローバー,ナチュラル雑貨フェイクグリーンガーデン雑貨インテリア雑貨ガーデニング雑貨キッズ雑貨アンティークナチュラルアンティーク送料無料プレゼントダルトン掛け時計玄関マットトイレマット男前雑貨トイレタリーキッチン雑貨スタジオエムデコレ友膳チアフルフレンズことりのセット,チアフルフレンズことりのセット[rn]
37-73051,http://tshop.r10s.jp/milclo/cabinet/item24/yu-f4700.jpg?fitin=700:700,432.0000,,花・ガーデン・DIY > エクステリア・ガーデンファニチャー > ガーデンオーナメント・置物,ブランボワキャニスターM【コンビニ受取対応商品】,【you-zen】,"<img src=""http://image.rakuten.co.jp/milclo/cabinet/item24/04/yu-f4700_main.jpg"" alt=""ブランボワキャニスターM"" class=""mainImg""><br><img src=""http://image.rakuten.co.jp/milclo/cabinet/item24/04/yu-f4700_01.jpg"" alt=""ブランボワキャニスターM詳細画像1"" class=""syosaiImgImg""><br><table summary=""ポイント"" border=""0"" cellpadding=""0"" cellspacing=""0""  class=""syosetutable""><tr><td class=""syosetu"">そのまま飾っておくだけでもかわいいキャニスター型のフラワーベース</td></tr></table>サイズ：W6.5×D4.5×H9.8cm・内径 W5.2×D3.5cm<br>素　材：陶器<br>made in China<br><img src=""http://image.rakuten.co.jp/milclo/cabinet/gift_ok01.gif"" width=""165"" height=""43"" alt=""ラッピング申込みページへ""><br><br>【予めご了承ください】<br>※柄の歪みやプリントの掠れなど見られます。<br>※表示サイズには若干の誤差があります。<br>※写真に掲載されているグリーンや小物は別売りです。<br>※食器ではありません。<!-- コンビニ受け取りバナー
<div align=""center""><img src=""http://image.rakuten.co.jp/com/img/rms/cabinet/recommend_new/img00012113.jpg""  width=""468"" height=""60"" alt=""コンビニ受け取り"" class=""""></div>-->

<!--ここから楽太郎-->
<center>
<div style=""width:702px; background-color:#d3c5bb; border:1px solid #d3c5bb; padding:0; margin-bottom:6px"" align=""center"">
<p style=""color:#FFFFFF; font-size:15px; font-weight:bold; margin:0; line-height:25px;"">店舗内売れ筋ランキング</p>
<div style=""background-color:#FFFFFF"">


<!-- ポイント▼745バナー
-->

</div>
</div>

<!--▼クーポン
<div style=""margin-bottom:20px""> 
<img src=""https://image.rakuten.co.jp/milclo/cabinet/banner/cp500.jpg"" width=""535"" alt=""クーポン""> 
</div> 
--> 

</center>",ブランボワキャニスターM【コンビニ受取対応商品】：MilClover＊ミルクローバー,ナチュラル雑貨フェイクグリーンガーデン雑貨インテリア雑貨ガーデニング雑貨キッズ雑貨アンティークナチュラルアンティーク送料無料プレゼントダルトン掛け時計玄関マットトイレマット男前雑貨トイレタリーキッチン雑貨スタジオエムデコレ友膳ブランボワキャニスターM【コンビニ受取対応商品】,【you-zen】。ブランボワキャニスターM【コンビニ受取対応商品】[rn]
37-73052,http://tshop.r10s.jp/milclo/cabinet/item27-01/car-tw102ye.jpg?fitin=700:700,518.4000,,花・ガーデン・DIY > エクステリア・ガーデンファニチャー > ガーデンオーナメント・置物,クルールミルクカン SS イエロー【コンビニ受取対応商品】,,"<img src=""http://image.rakuten.co.jp/milclo/cabinet/item27-01/car-tw102ye_main.jpg"" alt=""クルールミルクカン SS イエロー"" class=""mainImg""><br><img src=""http://image.rakuten.co.jp/milclo/cabinet/item27-01/car-tw102ye_01.jpg"" alt=""商品名詳細画像1"" class=""syosaiImgImg""><div id=""Syosaibox""><img src=""http://image.rakuten.co.jp/milclo/cabinet/top/deta_bghead.jpg"" alt=""詳細"" height=""153"" width=""538""><div id=""Syosai""><p id=""SyosaiTxt"">フロントのラベルにサビ加工がかわいいミルク缶。インテリアにちょこっと飾れるミニサイズ。</p></div><div id=""SyosaiFoot""><img src=""http://image.rakuten.co.jp/milclo/cabinet/top/deta_bgfoot.jpg"" alt=""詳細ここまで"" height=""44"" width=""538""></div></div>SIZE:W11×D8.5×H12cm<br>素材:ブリキ<br>made in China<br><img class=""spacBtn"" src=""/img/syosai/gift_ok.gif"" alt=""ラッピングできます"" /><br><br>【予めご了承ください】<br>※アンティーク調仕上げになります。表面の錆びや色ムラや掠れなどは特徴で不良の対象ではありません。予めご了承ください。<br>※表示サイズと多少異なる場合がございます。<br>※写真に掲載されている小物は別売です。<br>※メール便発送はできません。<br>※写真のシルバーは別ページで販売中です。 <br><br><font color=""#ded2c4"" size=""-2"">[関連ワード]<br>ナチュラル雑貨 ベランダガーデニング 可愛い置物  ディスプレイ ナチュラルフレンチ カントリー雑貨 お祝 お祝い クリスマスプレゼント プレゼント Present 母の日 ホワイトデー  アンティーク風雑貨  カルナック CARNAC ミルク缶 アンティーク調 シャビー アメリカン ジャンク</font><!-- コンビニ受け取りバナー
<div align=""center""><img src=""http://image.rakuten.co.jp/com/img/rms/cabinet/recommend_new/img00012113.jpg""  width=""468"" height=""60"" alt=""コンビニ受け取り"" class=""""></div>-->

<!--ここから楽太郎-->
<center>
<div style=""width:702px; background-color:#d3c5bb; border:1px solid #d3c5bb; padding:0; margin-bottom:6px"" align=""center"">
<p style=""color:#FFFFFF; font-size:15px; font-weight:bold; margin:0; line-height:25px;"">店舗内売れ筋ランキング</p>
<div style=""background-color:#FFFFFF"">


<!-- ポイント▼745バナー
-->

</div>
</div>

<!--▼クーポン
<div style=""margin-bottom:20px""> 
<img src=""https://image.rakuten.co.jp/milclo/cabinet/banner/cp500.jpg"" width=""535"" alt=""クーポン""> 
</div> 
--> 

</center>",クルールミルクカン SS イエロー【コンビニ受取対応商品】：MilClover＊ミルクローバー,ナチュラル雑貨フェイクグリーンガーデン雑貨インテリア雑貨ガーデニング雑貨キッズ雑貨アンティークナチュラルアンティーク送料無料プレゼントダルトン掛け時計玄関マットトイレマット男前雑貨トイレタリーキッチン雑貨スタジオエムデコレ友膳クルールミルクカン SS イエロー【コンビニ受取対応商品】,クルールミルクカン SS イエロー【コンビニ受取対応商品】[rn]
37-73053,http://tshop.r10s.jp/milclo/cabinet/item27-03/pas-st-38br.jpg?fitin=700:700,155.2000,,花・ガーデン・DIY > エクステリア・ガーデンファニチャー > ガーデンオーナメント・置物,ミニウッドハシゴ,,"<img src=""http://www.rakuten.ne.jp/gold/milclo/img/h27/pas-st-38br_main.jpg"" alt=""ミニウッドハシゴ"" class=""mainImg""><br><img src=""http://www.rakuten.ne.jp/gold/milclo/img/h27/pas-st-38br_01.jpg"" alt=""商品名詳細画像1"" class=""syosaiImgImg""><div id=""Syosaibox""><img src=""http://image.rakuten.co.jp/milclo/cabinet/top/deta_bghead.jpg"" alt=""詳細"" height=""153"" width=""538""><div id=""Syosai""><p id=""SyosaiTxt"">ナチュラルアンティークなガーデンにちょこんと飾りたいハンドメイドのミニチュアオブジェ。</p></div><div id=""SyosaiFoot""><img src=""http://image.rakuten.co.jp/milclo/cabinet/top/deta_bgfoot.jpg"" alt=""詳細ここまで"" height=""44"" width=""538""></div></div>SIZE：3×1×H9cm<br>素材：木<br>メール便OK<br>素材：木<br>made in China<br><br><img src=""http://image.rakuten.co.jp/milclo/cabinet/gift_ok01.gif"" width=""165"" height=""43"" alt=""ラッピング申込みページへ""><br><br>【予めご了承ください】<br>※表示サイズには若干の誤差があります。<br>※写真に掲載されている小物は別売りです。<br>※こちらの商品はアンティーク加工が施されています。また、キズや汚れ、歪み、隙間など見られます。予めご了承ください。<br><br><font color=""#ded2c4"" size=""-2"">[関連ワード]<br>ナチュラル雑貨 アンティーク調 メール便OK ガーデン雑貨 ガーデニング雑貨 PASEO パセオ ミニチュアオブジェ ピック ガーデンピック シャビー クリスマスプレゼント お祝 お祝い プレゼント Present 母の日 ホワイトデー</font><!-- コンビニ受け取りバナー
<div align=""center""><img src=""http://image.rakuten.co.jp/com/img/rms/cabinet/recommend_new/img00012113.jpg""  width=""468"" height=""60"" alt=""コンビニ受け取り"" class=""""></div>-->

<!--ここから楽太郎-->
<center>
<div style=""width:702px; background-color:#d3c5bb; border:1px solid #d3c5bb; padding:0; margin-bottom:6px"" align=""center"">
<p style=""color:#FFFFFF; font-size:15px; font-weight:bold; margin:0; line-height:25px;"">店舗内売れ筋ランキング</p>
<div style=""background-color:#FFFFFF"">


<!-- ポイント▼745バナー
-->

</div>
</div>

<!--▼クーポン
<div style=""margin-bottom:20px""> 
<img src=""https://image.rakuten.co.jp/milclo/cabinet/banner/cp500.jpg"" width=""535"" alt=""クーポン""> 
</div> 
--> 

</center>",ミニウッドハシゴ：MilClover＊ミルクローバー,ナチュラル雑貨フェイクグリーンガーデン雑貨インテリア雑貨ガーデニング雑貨キッズ雑貨アンティークナチュラルアンティーク送料無料プレゼントダルトン掛け時計玄関マットトイレマット男前雑貨トイレタリーキッチン雑貨スタジオエムデコレ友膳ミニウッドハシゴ,ミニウッドハシゴ[rn]
37-73054,http://tshop.r10s.jp/milclo/cabinet/item27-03/pas-st-27.jpg?fitin=700:700,328.0000,,花・ガーデン・DIY > エクステリア・ガーデンファニチャー > ガーデンオーナメント・置物,ウッド ミニ ボード【コンビニ受取対応商品】,,"<img src=""http://www.rakuten.ne.jp/gold/milclo/img/h27/pas-st-27_main.jpg"" alt=""ウッド ミニ ボード"" class=""mainImg""><br><img src=""http://www.rakuten.ne.jp/gold/milclo/img/h27/pas-st-27_01.jpg"" alt=""商品名詳細画像1"" class=""syosaiImgImg""><br><img src=""http://www.rakuten.ne.jp/gold/milclo/img/h27/pas-st-27_02.jpg"" alt=""商品名詳細画像1"" class=""syosaiImgImg""><div id=""Syosaibox""><img src=""http://image.rakuten.co.jp/milclo/cabinet/top/deta_bghead.jpg"" alt=""詳細"" height=""153"" width=""538""><div id=""Syosai""><p id=""SyosaiTxt"">ナチュラルアンティークなガーデンにちょこんと飾りたいハンドメイドのミニチュアオブジェ。</p></div><div id=""SyosaiFoot""><img src=""http://image.rakuten.co.jp/milclo/cabinet/top/deta_bgfoot.jpg"" alt=""詳細ここまで"" height=""44"" width=""538""></div></div>SIZE：7×5.5×H10cm<br>素材：木<br>made in China<br><br><img src=""http://image.rakuten.co.jp/milclo/cabinet/gift_ok01.gif"" width=""165"" height=""43"" alt=""ラッピング申込みページへ""><br><br>【予めご了承ください】<br>※表示サイズには若干の誤差があります。<br>※写真に掲載されている小物は別売りです。<br>※こちらの商品はアンティーク加工が施されています。また、キズや汚れ、歪み、隙間など見られます。予めご了承ください。<br>※メール便発送はできません。<br><br><font color=""#ded2c4"" size=""-2"">[関連ワード]<br>ナチュラル雑貨 アンティーク調 ガーデン雑貨 ガーデニング雑貨 PASEO パセオ ミニチュアオブジェ 置物 シャビー クリスマスプレゼント お祝 お祝い プレゼント Present 母の日 ホワイトデー</font><!-- コンビニ受け取りバナー
<div align=""center""><img src=""http://image.rakuten.co.jp/com/img/rms/cabinet/recommend_new/img00012113.jpg""  width=""468"" height=""60"" alt=""コンビニ受け取り"" class=""""></div>-->

<!--ここから楽太郎-->
<center>
<div style=""width:702px; background-color:#d3c5bb; border:1px solid #d3c5bb; padding:0; margin-bottom:6px"" align=""center"">
<p style=""color:#FFFFFF; font-size:15px; font-weight:bold; margin:0; line-height:25px;"">店舗内売れ筋ランキング</p>
<div style=""background-color:#FFFFFF"">


<!-- ポイント▼745バナー
-->

</div>
</div>

<!--▼クーポン
<div style=""margin-bottom:20px""> 
<img src=""https://image.rakuten.co.jp/milclo/cabinet/banner/cp500.jpg"" width=""535"" alt=""クーポン""> 
</div> 
--> 

</center>",ウッド ミニ ボード【コンビニ受取対応商品】：MilClover＊ミルクローバー,ナチュラル雑貨フェイクグリーンガーデン雑貨インテリア雑貨ガーデニング雑貨キッズ雑貨アンティークナチュラルアンティーク送料無料プレゼントダルトン掛け時計玄関マットトイレマット男前雑貨トイレタリーキッチン雑貨スタジオエムデコレ友膳ウッド ミニ ボード【コンビニ受取対応商品】,ウッド ミニ ボード【コンビニ受取対応商品】[rn]
37-73055,http://tshop.r10s.jp/milclo/cabinet/item27-02/mur-4668.jpg?fitin=700:700,691.2000,,花・ガーデン・DIY > エクステリア・ガーデンファニチャー > ガーデンオーナメント・置物,ラスティックアイアンロボットS【コンビニ受取対応商品】,,"<img src=""http://www.rakuten.ne.jp/gold/milclo/img/h27/mur-4668_main.jpg"" alt=""ラスティックアイアンロボットS"" class=""mainImg""><br><img src=""http://www.rakuten.ne.jp/gold/milclo/img/h27/mur-4668_01.jpg"" alt=""商品名詳細画像1"" class=""syosaiImgImg""><br><img src=""http://www.rakuten.ne.jp/gold/milclo/img/h27/mur-4668_02.jpg"" alt=""商品名詳細画像1"" class=""syosaiImgImg""><div id=""Syosaibox""><img src=""http://image.rakuten.co.jp/milclo/cabinet/top/deta_bghead.jpg"" alt=""詳細"" height=""153"" width=""538""><div id=""Syosai""><p id=""SyosaiTxt"">サビサビ ロボットちゃん。多肉ちゃんの横にチョコッと置いて、サビサビガーデンのお友達に！</p></div><div id=""SyosaiFoot""><img src=""http://image.rakuten.co.jp/milclo/cabinet/top/deta_bgfoot.jpg"" alt=""詳細ここまで"" height=""44"" width=""538""></div></div>SIZE：W7.5×D8×H9cm<br>素材：ブリキ<br>made in China<br><img src=""http://image.rakuten.co.jp/milclo/cabinet/gift_ok01.gif"" width=""165"" height=""43"" alt=""ラッピング申込みページへ""><br><br>【予めご了承ください】<br>※古びた風合いを出すためアンティーク加工が施されています。塗装剥がれや掠れ等は商品の特徴で不良の対象ではありません。予めご了承ください。<br>※写真に掲載されている小物は含まれません。<br>※サイズは多少の誤差があります。<br>※宅配便で発送になります<br><br><font color=""#ded2c4"" size=""-2"">[関連ワード]<br>ナチュラル雑貨 ナチュラルアンティーク雑貨 シャビー ベランダガーデニング ベランダガーデン 可愛い置物  ディスプレイ ナチュラルフレンチ カントリー雑貨 お祝 お祝い クリスマスプレゼント プレゼント Present 母の日 ホワイトデー  アンティーク</font><!-- コンビニ受け取りバナー
<div align=""center""><img src=""http://image.rakuten.co.jp/com/img/rms/cabinet/recommend_new/img00012113.jpg""  width=""468"" height=""60"" alt=""コンビニ受け取り"" class=""""></div>-->

<!--ここから楽太郎-->
<center>
<div style=""width:702px; background-color:#d3c5bb; border:1px solid #d3c5bb; padding:0; margin-bottom:6px"" align=""center"">
<p style=""color:#FFFFFF; font-size:15px; font-weight:bold; margin:0; line-height:25px;"">店舗内売れ筋ランキング</p>
<div style=""background-color:#FFFFFF"">


<!-- ポイント▼745バナー
-->

</div>
</div>

<!--▼クーポン
<div style=""margin-bottom:20px""> 
<img src=""https://image.rakuten.co.jp/milclo/cabinet/banner/cp500.jpg"" width=""535"" alt=""クーポン""> 
</div> 
--> 

</center>",ラスティックアイアンロボットS【コンビニ受取対応商品】：MilClover＊ミルクローバー,ナチュラル雑貨フェイクグリーンガーデン雑貨インテリア雑貨ガーデニング雑貨キッズ雑貨アンティークナチュラルアンティーク送料無料プレゼントダルトン掛け時計玄関マットトイレマット男前雑貨トイレタリーキッチン雑貨スタジオエムデコレ友膳ラスティックアイアンロボットS【コンビニ受取対応商品】,ラスティックアイアンロボットS【コンビニ受取対応商品】[rn]
37-73056,http://tshop.r10s.jp/milclo/cabinet/item27-02/yu-uh3315.jpg?fitin=700:700,950.4000,,花・ガーデン・DIY > エクステリア・ガーデンファニチャー > ガーデンオーナメント・置物,ドアサインリーススタンドW【コンビニ受取対応商品】,,"<img src=""http://www.rakuten.ne.jp/gold/milclo/img/h27/yu-uh3315_main.jpg"" alt=""ドアサインリーススタンドW"" class=""mainImg""><br><img src=""http://www.rakuten.ne.jp/gold/milclo/img/h27/yu-uh3315_01.jpg"" alt=""商品名詳細画像1"" class=""syosaiImgImg""><br><img src=""http://www.rakuten.ne.jp/gold/milclo/img/h27/yu-uh3315_02.jpg"" alt=""商品名詳細画像1"" class=""syosaiImgImg""><div id=""Syosaibox""><img src=""http://image.rakuten.co.jp/milclo/cabinet/top/deta_bghead.jpg"" alt=""詳細"" height=""153"" width=""538""><div id=""Syosai""><p id=""SyosaiTxt"">アンティークな雰囲気に仕上げられたリーススタンド。そのまま飾ってもプレートデザインが可愛い！</p></div><div id=""SyosaiFoot""><img src=""http://image.rakuten.co.jp/milclo/cabinet/top/deta_bgfoot.jpg"" alt=""詳細ここまで"" height=""44"" width=""538""></div></div>SIZE：W12×D12×H24cm<br>素材：アイアン<br>φ12cmリース対応<br>made in China<br><img src=""http://image.rakuten.co.jp/milclo/cabinet/gift_ok01.gif"" width=""165"" height=""43"" alt=""ラッピング申込みページへ""><br><br>【予めご了承ください】<br>※古びた風合いを出すためアンティーク加工が施されています。塗装剥がれや掠れ等は商品の特徴で不良の対象ではありません。予めご了承ください。<br>※写真に掲載されているフェイクグリーン等の小物は含まれません。<br>※多少の歪み等見られます。<br>※宅配便で発送になります<br><br><font color=""#ded2c4"" size=""-2"">[関連ワード]<br>ナチュラル雑貨 ナチュラルアンティーク雑貨 シャビー ベランダガーデニング ベランダガーデン 可愛い置物  ディスプレイ ナチュラルフレンチ カントリー雑貨 お祝 お祝い クリスマスプレゼント プレゼント Present 母の日 ホワイトデー リース</font><!-- コンビニ受け取りバナー
<div align=""center""><img src=""http://image.rakuten.co.jp/com/img/rms/cabinet/recommend_new/img00012113.jpg""  width=""468"" height=""60"" alt=""コンビニ受け取り"" class=""""></div>-->

<!--ここから楽太郎-->
<center>
<div style=""width:702px; background-color:#d3c5bb; border:1px solid #d3c5bb; padding:0; margin-bottom:6px"" align=""center"">
<p style=""color:#FFFFFF; font-size:15px; font-weight:bold; margin:0; line-height:25px;"">店舗内売れ筋ランキング</p>
<div style=""background-color:#FFFFFF"">


<!-- ポイント▼745バナー
-->

</div>
</div>

<!--▼クーポン
<div style=""margin-bottom:20px""> 
<img src=""https://image.rakuten.co.jp/milclo/cabinet/banner/cp500.jpg"" width=""535"" alt=""クーポン""> 
</div> 
--> 

</center>",ドアサインリーススタンドW【コンビニ受取対応商品】：MilClover＊ミルクローバー,ナチュラル雑貨フェイクグリーンガーデン雑貨インテリア雑貨ガーデニング雑貨キッズ雑貨アンティークナチュラルアンティーク送料無料プレゼントダルトン掛け時計玄関マットトイレマット男前雑貨トイレタリーキッチン雑貨スタジオエムデコレ友膳ドアサインリーススタンドW【コンビニ受取対応商品】,ドアサインリーススタンドW【コンビニ受取対応商品】[rn]
37-73057,http://tshop.r10s.jp/milclo/cabinet/item27-03/sp-drdy4580.jpg?fitin=700:700,1296.0000,,花・ガーデン・DIY > エクステリア・ガーデンファニチャー > ガーデンオーナメント・置物,GARE ティンプレート OPEN & CLOSE,【メール便OK】,"<img src=""http://www.rakuten.ne.jp/gold/milclo/img/h27/sp-drdy4580_main.jpg"" alt=""GARE ティンプレート OPEN & CLOSE"" class=""mainImg""><br><img src=""http://www.rakuten.ne.jp/gold/milclo/img/h27/sp-drdy4580_01.jpg"" alt=""商品名詳細画像1"" class=""syosaiImgImg""><br><img src=""http://www.rakuten.ne.jp/gold/milclo/img/h27/sp-drdy4580_02.jpg"" alt=""商品名詳細画像1"" class=""syosaiImgImg""><div id=""Syosaibox""><img src=""http://image.rakuten.co.jp/milclo/cabinet/top/deta_bghead.jpg"" alt=""詳細"" height=""153"" width=""538""><div id=""Syosai""><p id=""SyosaiTxt"">アンティークな仕上げがかっこいい！オープンクローズドのドアプレート。</p></div><div id=""SyosaiFoot""><img src=""http://image.rakuten.co.jp/milclo/cabinet/top/deta_bgfoot.jpg"" alt=""詳細ここまで"" height=""44"" width=""538""></div></div>SIZE:W28.5×H20.5cm<br>素材：ブリキ<br>メール便OK<br>made in China<br><br><img class=""spacBtn"" src=""/img/syosai/gift_ok.gif"" alt=""ラッピングできます"" /><br><img class=""titleCaution"" src=""/img/syosai/title_caution.gif"" alt=""ご注意ください"" /><div class=""chuiTxt"">※アンティーク調仕上げになります。サビや塗装ムラや塗装剥がれは風合いを出すための加工であり不良ではありません。<br>※多少の歪み、凸凹等見られます。<br>※写真に掲載されているスタンド等の小物は含みません。<br>※表示サイズは多少の誤差がございます。</div></div><br><br><font color=""#ded2c4"" size=""-2"">[関連ワード]<br>スパイス SPICE ティンプレート ドアプレート オープン GARE TINPLATE OPEN & CLOSE ナチュラル雑貨 ナチュラルアンティーク雑貨 シャビー クリスマスプレゼント プレゼント Present 母の日 かわいい置物 可愛い置物</font><!-- コンビニ受け取りバナー
<div align=""center""><img src=""http://image.rakuten.co.jp/com/img/rms/cabinet/recommend_new/img00012113.jpg""  width=""468"" height=""60"" alt=""コンビニ受け取り"" class=""""></div>-->

<!--ここから楽太郎-->
<center>
<div style=""width:702px; background-color:#d3c5bb; border:1px solid #d3c5bb; padding:0; margin-bottom:6px"" align=""center"">
<p style=""color:#FFFFFF; font-size:15px; font-weight:bold; margin:0; line-height:25px;"">店舗内売れ筋ランキング</p>
<div style=""background-color:#FFFFFF"">


<!-- ポイント▼745バナー
-->

</div>
</div>

<!--▼クーポン
<div style=""margin-bottom:20px""> 
<img src=""https://image.rakuten.co.jp/milclo/cabinet/banner/cp500.jpg"" width=""535"" alt=""クーポン""> 
</div> 
--> 

</center>",GARE ティンプレート OPEN &amp; CLOSE：MilClover＊ミルクローバー,ナチュラル雑貨フェイクグリーンガーデン雑貨インテリア雑貨ガーデニング雑貨キッズ雑貨アンティークナチュラルアンティーク送料無料プレゼントダルトン掛け時計玄関マットトイレマット男前雑貨トイレタリーキッチン雑貨スタジオエムデコレ友膳GARE ティンプレート OPEN &amp; CLOSE,【メール便OK】。GARE ティンプレート OPEN &amp; CLOSE[rn]
37-73058,http://tshop.r10s.jp/milclo/cabinet/item27-01/yu-p-5e263.jpg?fitin=700:700,276.0000,,花・ガーデン・DIY > エクステリア・ガーデンファニチャー > ガーデンオーナメント・置物,ファイアーファイター ピック【コンビニ受取対応商品】,,"<img src=""http://image.rakuten.co.jp/milclo/cabinet/item27-01/yu-p-5e263_main.jpg"" alt=""ファイアーファイター ピック"" class=""mainImg""><br><img src=""http://image.rakuten.co.jp/milclo/cabinet/item27-01/yu-p-5e263_01.jpg"" alt=""商品名詳細画像1"" class=""syosaiImgImg""><div id=""Syosaibox""><img src=""http://image.rakuten.co.jp/milclo/cabinet/top/deta_bghead.jpg"" alt=""詳細"" height=""153"" width=""538""><div id=""Syosai""><p id=""SyosaiTxt"">バケツを持ったワンコとニャンコのガーデンピック。</p></div><div id=""SyosaiFoot""><img src=""http://image.rakuten.co.jp/milclo/cabinet/top/deta_bgfoot.jpg"" alt=""詳細ここまで"" height=""44"" width=""538""></div></div>ドッグ：W2.5×3×H4cm(全長30cm)<br>キャット：W2.3×2.8×H4cm(全長30cm) <br>素材：ポリレジン<br>maid in China<br><img src=""http://image.rakuten.co.jp/milclo/cabinet/gift_ok01.gif"" width=""165"" height=""43"" alt=""ラッピング申込みページへ""><br><br>【予めご了承ください】<br>※小さな傷やペイントの掠れ、色飛びなど見られますが商品の風合いとご理解ください。<br>※表示サイズには若干の誤差があります。<br>※写真に掲載されている小物は別売りです。<br>※メール便発送できません<!-- コンビニ受け取りバナー
<div align=""center""><img src=""http://image.rakuten.co.jp/com/img/rms/cabinet/recommend_new/img00012113.jpg""  width=""468"" height=""60"" alt=""コンビニ受け取り"" class=""""></div>-->

<!--ここから楽太郎-->
<center>
<div style=""width:702px; background-color:#d3c5bb; border:1px solid #d3c5bb; padding:0; margin-bottom:6px"" align=""center"">
<p style=""color:#FFFFFF; font-size:15px; font-weight:bold; margin:0; line-height:25px;"">店舗内売れ筋ランキング</p>
<div style=""background-color:#FFFFFF"">


<!-- ポイント▼745バナー
-->

</div>
</div>

<!--▼クーポン
<div style=""margin-bottom:20px""> 
<img src=""https://image.rakuten.co.jp/milclo/cabinet/banner/cp500.jpg"" width=""535"" alt=""クーポン""> 
</div> 
--> 

</center>",ファイアーファイター ピック【コンビニ受取対応商品】：MilClover＊ミルクローバー,ナチュラル雑貨フェイクグリーンガーデン雑貨インテリア雑貨ガーデニング雑貨キッズ雑貨アンティークナチュラルアンティーク送料無料プレゼントダルトン掛け時計玄関マットトイレマット男前雑貨トイレタリーキッチン雑貨スタジオエムデコレ友膳ファイアーファイター ピック【コンビニ受取対応商品】,ファイアーファイター ピック【コンビニ受取対応商品】[rn]
37-73059,http://tshop.r10s.jp/milclo/cabinet/item27-03/pas-st-24.jpg?fitin=700:700,328.0000,,花・ガーデン・DIY > エクステリア・ガーデンファニチャー > ガーデンオーナメント・置物,ウッド ミニ ベンチ【コンビニ受取対応商品】,,"<img src=""http://www.rakuten.ne.jp/gold/milclo/img/h27/pas-st-24_main.jpg"" alt=""ウッド ミニ ベンチ"" class=""mainImg""><br><img src=""http://www.rakuten.ne.jp/gold/milclo/img/h27/pas-st-24_01.jpg"" alt=""商品名詳細画像1"" class=""syosaiImgImg""><div id=""Syosaibox""><img src=""http://image.rakuten.co.jp/milclo/cabinet/top/deta_bghead.jpg"" alt=""詳細"" height=""153"" width=""538""><div id=""Syosai""><p id=""SyosaiTxt"">ナチュラルアンティークなガーデンにちょこんと飾りたいハンドメイドのミニチュアオブジェ。</p></div><div id=""SyosaiFoot""><img src=""http://image.rakuten.co.jp/milclo/cabinet/top/deta_bgfoot.jpg"" alt=""詳細ここまで"" height=""44"" width=""538""></div></div>SIZE：11×6.5×H9cm<br>素材：木<br>made in China<br><br><img src=""http://image.rakuten.co.jp/milclo/cabinet/gift_ok01.gif"" width=""165"" height=""43"" alt=""ラッピング申込みページへ""><br><br>【予めご了承ください】<br>※表示サイズには若干の誤差があります。<br>※写真に掲載されている小物は別売りです。<br>※こちらの商品はアンティーク加工が施されています。また、キズや汚れ、歪み、隙間など見られます。予めご了承ください。<br>※メール便発送はできません。<br><br><font color=""#ded2c4"" size=""-2"">[関連ワード]<br>ナチュラル雑貨 アンティーク調 ガーデン雑貨 ガーデニング雑貨 PASEO パセオ ミニチュアオブジェ 置物 シャビー クリスマスプレゼント お祝 お祝い プレゼント Present 母の日 ホワイトデー</font><!-- コンビニ受け取りバナー
<div align=""center""><img src=""http://image.rakuten.co.jp/com/img/rms/cabinet/recommend_new/img00012113.jpg""  width=""468"" height=""60"" alt=""コンビニ受け取り"" class=""""></div>-->

<!--ここから楽太郎-->
<center>
<div style=""width:702px; background-color:#d3c5bb; border:1px solid #d3c5bb; padding:0; margin-bottom:6px"" align=""center"">
<p style=""color:#FFFFFF; font-size:15px; font-weight:bold; margin:0; line-height:25px;"">店舗内売れ筋ランキング</p>
<div style=""background-color:#FFFFFF"">


<!-- ポイント▼745バナー
-->

</div>
</div>

<!--▼クーポン
<div style=""margin-bottom:20px""> 
<img src=""https://image.rakuten.co.jp/milclo/cabinet/banner/cp500.jpg"" width=""535"" alt=""クーポン""> 
</div> 
--> 

</center>",ウッド ミニ ベンチ【コンビニ受取対応商品】：MilClover＊ミルクローバー,ナチュラル雑貨フェイクグリーンガーデン雑貨インテリア雑貨ガーデニング雑貨キッズ雑貨アンティークナチュラルアンティーク送料無料プレゼントダルトン掛け時計玄関マットトイレマット男前雑貨トイレタリーキッチン雑貨スタジオエムデコレ友膳ウッド ミニ ベンチ【コンビニ受取対応商品】,ウッド ミニ ベンチ【コンビニ受取対応商品】[rn]
37-73060,http://tshop.r10s.jp/milclo/cabinet/item27-01/yu-5e265.jpg?fitin=700:700,241.6000,,花・ガーデン・DIY > エクステリア・ガーデンファニチャー > ガーデンオーナメント・置物,ヴェトモンアニマルピック,【メール便OK】,"<img src=""http://image.rakuten.co.jp/milclo/cabinet/item27-01/yu-5e265_main.jpg"" alt=""ヴェトモンアニマルピック"" class=""mainImg""><br><img src=""http://image.rakuten.co.jp/milclo/cabinet/item27-01/yu-5e265_01.jpg"" alt=""商品名詳細画像1"" class=""syosaiImgImg""><div id=""Syosaibox""><img src=""http://image.rakuten.co.jp/milclo/cabinet/top/deta_bghead.jpg"" alt=""詳細"" height=""153"" width=""538""><div id=""Syosai""><p id=""SyosaiTxt"">スカーフをしたわんこと、黄色いパーカーニャンコのかわいいガーデンピック。</p></div><div id=""SyosaiFoot""><img src=""http://image.rakuten.co.jp/milclo/cabinet/top/deta_bgfoot.jpg"" alt=""詳細ここまで"" height=""44"" width=""538""></div></div>ドッグ：W2×1.8×H3.8cm(全長30cm)<br>キャット：W2.2×2.2×H4.2cm(全長30cm)<br>素材：ポリレジン<br>メール便OK<br>maid in China<br><img src=""http://image.rakuten.co.jp/milclo/cabinet/gift_ok01.gif"" width=""165"" height=""43"" alt=""ラッピング申込みページへ""><br><br>【予めご了承ください】<br>※小さな傷やペイントの掠れ、色飛びなど見られますが商品の風合いとご理解ください。<br>※表示サイズには若干の誤差があります。<br>※写真に掲載されている小物は別売りです。<!-- コンビニ受け取りバナー
<div align=""center""><img src=""http://image.rakuten.co.jp/com/img/rms/cabinet/recommend_new/img00012113.jpg""  width=""468"" height=""60"" alt=""コンビニ受け取り"" class=""""></div>-->

<!--ここから楽太郎-->
<center>
<div style=""width:702px; background-color:#d3c5bb; border:1px solid #d3c5bb; padding:0; margin-bottom:6px"" align=""center"">
<p style=""color:#FFFFFF; font-size:15px; font-weight:bold; margin:0; line-height:25px;"">店舗内売れ筋ランキング</p>
<div style=""background-color:#FFFFFF"">


<!-- ポイント▼745バナー
-->

</div>
</div>

<!--▼クーポン
<div style=""margin-bottom:20px""> 
<img src=""https://image.rakuten.co.jp/milclo/cabinet/banner/cp500.jpg"" width=""535"" alt=""クーポン""> 
</div> 
--> 

</center>",ヴェトモンアニマルピック：MilClover＊ミルクローバー,ナチュラル雑貨フェイクグリーンガーデン雑貨インテリア雑貨ガーデニング雑貨キッズ雑貨アンティークナチュラルアンティーク送料無料プレゼントダルトン掛け時計玄関マットトイレマット男前雑貨トイレタリーキッチン雑貨スタジオエムデコレ友膳ヴェトモンアニマルピック,【メール便OK】。ヴェトモンアニマルピック[rn]
37-73061,http://tshop.r10s.jp/milclo/cabinet/item27-02/ak-hlht688.jpg?fitin=700:700,1555.2000,,花・ガーデン・DIY > エクステリア・ガーデンファニチャー > ガーデンオーナメント・置物,アイアンプラッケ WELCOME HLB【コンビニ受取対応商品】,,"<img src=""http://www.rakuten.ne.jp/gold/milclo/img/h27/ak-hlht688_main.jpg"" alt=""アイアンプラッケ WELCOME HLB"" class=""mainImg""><br><img src=""http://www.rakuten.ne.jp/gold/milclo/img/h27/ak-hlht688_01.jpg"" alt=""商品名詳細画像1"" class=""syosaiImgImg""><br><img src=""http://www.rakuten.ne.jp/gold/milclo/img/h27/ak-hlht688_02.jpg"" alt=""商品名詳細画像1"" class=""syosaiImgImg""><div id=""Syosaibox""><img src=""http://image.rakuten.co.jp/milclo/cabinet/top/deta_bghead.jpg"" alt=""詳細"" height=""153"" width=""538""><div id=""Syosai""><p id=""SyosaiTxt"">シャビーでアンティークなロゴデザインが格好いいアイアン サインプレート。かっこよくディスプレイしておしゃれな玄関に。男前インテリアにもオススメです。</p></div><div id=""SyosaiFoot""><img src=""http://image.rakuten.co.jp/milclo/cabinet/top/deta_bgfoot.jpg"" alt=""詳細ここまで"" height=""44"" width=""538""></div></div>SIZE：W30xH40cm<br>素材：アイアン<br>made in China<br><img src=""http://image.rakuten.co.jp/milclo/cabinet/gift_ok01.gif"" width=""165"" height=""43"" alt=""ラッピング申込みページへ""><br><br>【予めご了承ください】<br>※古びた風合いを出すためアンティーク加工が施されています。塗装剥がれや掠れ等は商品の特徴で不良の対象ではありません。予めご了承ください。<br>※写真に掲載されているフェイクグリーン等の小物は含まれません。<br>※宅配便で発送になります<br><br><font color=""#ded2c4"" size=""-2"">[関連ワード]<br>ナチュラル雑貨 ナチュラルアンティーク雑貨 シャビー ベランダガーデニング ベランダガーデン 可愛い置物  ディスプレイ ナチュラルフレンチ カントリー雑貨 お祝 お祝い クリスマスプレゼント プレゼント Present 母の日 ホワイトデー  アンティーク 男前インテリア　塩系 男前 サインプレート バスサイン</font><!-- コンビニ受け取りバナー
<div align=""center""><img src=""http://image.rakuten.co.jp/com/img/rms/cabinet/recommend_new/img00012113.jpg""  width=""468"" height=""60"" alt=""コンビニ受け取り"" class=""""></div>-->

<!--ここから楽太郎-->
<center>
<div style=""width:702px; background-color:#d3c5bb; border:1px solid #d3c5bb; padding:0; margin-bottom:6px"" align=""center"">
<p style=""color:#FFFFFF; font-size:15px; font-weight:bold; margin:0; line-height:25px;"">店舗内売れ筋ランキング</p>
<div style=""background-color:#FFFFFF"">


<!-- ポイント▼745バナー
-->

</div>
</div>

<!--▼クーポン
<div style=""margin-bottom:20px""> 
<img src=""https://image.rakuten.co.jp/milclo/cabinet/banner/cp500.jpg"" width=""535"" alt=""クーポン""> 
</div> 
--> 

</center>",アイアンプラッケ WELCOME HLB【コンビニ受取対応商品】：MilClover＊ミルクローバー,ナチュラル雑貨フェイクグリーンガーデン雑貨インテリア雑貨ガーデニング雑貨キッズ雑貨アンティークナチュラルアンティーク送料無料プレゼントダルトン掛け時計玄関マットトイレマット男前雑貨トイレタリーキッチン雑貨スタジオエムデコレ友膳アイアンプラッケ WELCOME HLB【コンビニ受取対応商品】,アイアンプラッケ WELCOME HLB【コンビニ受取対応商品】[rn]
37-73062,http://tshop.r10s.jp/milclo/cabinet/item27-02/ak-hlht671.jpg?fitin=700:700,1555.2000,,花・ガーデン・DIY > エクステリア・ガーデンファニチャー > ガーデンオーナメント・置物,アイアンプラッケ WELCOME ブラック【コンビニ受取対応商品】,,"<img src=""http://www.rakuten.ne.jp/gold/milclo/img/h27/ak-hlht671_main.jpg"" alt=""アイアンプラッケ WELCOME ブラック"" class=""mainImg""><br><img src=""http://www.rakuten.ne.jp/gold/milclo/img/h27/ak-hlht671_01.jpg"" alt=""商品名詳細画像1"" class=""syosaiImgImg""><br><img src=""http://www.rakuten.ne.jp/gold/milclo/img/h27/ak-hlht671_02.jpg"" alt=""商品名詳細画像1"" class=""syosaiImgImg""><div id=""Syosaibox""><img src=""http://image.rakuten.co.jp/milclo/cabinet/top/deta_bghead.jpg"" alt=""詳細"" height=""153"" width=""538""><div id=""Syosai""><p id=""SyosaiTxt"">シャビーでアンティークなロゴデザインが格好いいアイアン サインプレート。かっこよくディスプレイしておしゃれな玄関に。男前インテリアにもオススメです。</p></div><div id=""SyosaiFoot""><img src=""http://image.rakuten.co.jp/milclo/cabinet/top/deta_bgfoot.jpg"" alt=""詳細ここまで"" height=""44"" width=""538""></div></div>SIZE：W20xH50cm<br>素材：アイアン<br>made in China<br><img src=""http://image.rakuten.co.jp/milclo/cabinet/gift_ok01.gif"" width=""165"" height=""43"" alt=""ラッピング申込みページへ""><br><br>【予めご了承ください】<br>※古びた風合いを出すためアンティーク加工が施されています。塗装剥がれや掠れ等は商品の特徴で不良の対象ではありません。予めご了承ください。<br>※写真に掲載されているフェイクグリーン等の小物は含まれません。<br>※宅配便で発送になります<br><br><font color=""#ded2c4"" size=""-2"">[関連ワード]<br>ナチュラル雑貨 ナチュラルアンティーク雑貨 シャビー ベランダガーデニング ベランダガーデン 可愛い置物  ディスプレイ ナチュラルフレンチ カントリー雑貨 お祝 お祝い クリスマスプレゼント プレゼント Present 母の日 ホワイトデー  アンティーク 男前インテリア　塩系 男前 サインプレート バスサイン 磁石</font><!-- コンビニ受け取りバナー
<div align=""center""><img src=""http://image.rakuten.co.jp/com/img/rms/cabinet/recommend_new/img00012113.jpg""  width=""468"" height=""60"" alt=""コンビニ受け取り"" class=""""></div>-->

<!--ここから楽太郎-->
<center>
<div style=""width:702px; background-color:#d3c5bb; border:1px solid #d3c5bb; padding:0; margin-bottom:6px"" align=""center"">
<p style=""color:#FFFFFF; font-size:15px; font-weight:bold; margin:0; line-height:25px;"">店舗内売れ筋ランキング</p>
<div style=""background-color:#FFFFFF"">


<!-- ポイント▼745バナー
-->

</div>
</div>

<!--▼クーポン
<div style=""margin-bottom:20px""> 
<img src=""https://image.rakuten.co.jp/milclo/cabinet/banner/cp500.jpg"" width=""535"" alt=""クーポン""> 
</div> 
--> 

</center>",アイアンプラッケ WELCOME ブラック【コンビニ受取対応商品】：MilClover＊ミルクローバー,ナチュラル雑貨フェイクグリーンガーデン雑貨インテリア雑貨ガーデニング雑貨キッズ雑貨アンティークナチュラルアンティーク送料無料プレゼントダルトン掛け時計玄関マットトイレマット男前雑貨トイレタリーキッチン雑貨スタジオエムデコレ友膳アイアンプラッケ WELCOME ブラック【コンビニ受取対応商品】,アイアンプラッケ WELCOME ブラック【コンビニ受取対応商品】[rn]
37-73063,http://tshop.r10s.jp/milclo/cabinet/item27-02/ak-hlht412.jpg?fitin=700:700,1555.2000,,花・ガーデン・DIY > エクステリア・ガーデンファニチャー > ガーデンオーナメント・置物,アイアンプラッケ WELCOME ブラウン【コンビニ受取対応商品】,,"<img src=""http://www.rakuten.ne.jp/gold/milclo/img/h27/ak-hlht412_main.jpg"" alt=""アイアンプラッケ WELCOME ブラウン"" class=""mainImg""><br><img src=""http://www.rakuten.ne.jp/gold/milclo/img/h27/ak-hlht412_01.jpg"" alt=""商品名詳細画像1"" class=""syosaiImgImg""><br><img src=""http://www.rakuten.ne.jp/gold/milclo/img/h27/ak-hlht412_02.jpg"" alt=""商品名詳細画像1"" class=""syosaiImgImg""><div id=""Syosaibox""><img src=""http://image.rakuten.co.jp/milclo/cabinet/top/deta_bghead.jpg"" alt=""詳細"" height=""153"" width=""538""><div id=""Syosai""><p id=""SyosaiTxt"">シャビーでアンティークなロゴデザインが格好いいアイアン サインプレート。かっこよくディスプレイしておしゃれな玄関に。男前インテリアにもオススメです。</p></div><div id=""SyosaiFoot""><img src=""http://image.rakuten.co.jp/milclo/cabinet/top/deta_bgfoot.jpg"" alt=""詳細ここまで"" height=""44"" width=""538""></div></div>SIZE：W20xH50cm<br>素材：アイアン<br>made in China<br><img src=""http://image.rakuten.co.jp/milclo/cabinet/gift_ok01.gif"" width=""165"" height=""43"" alt=""ラッピング申込みページへ""><br><br>【予めご了承ください】<br>※古びた風合いを出すためアンティーク加工が施されています。塗装剥がれや掠れ等は商品の特徴で不良の対象ではありません。予めご了承ください。<br>※写真に掲載されているフェイクグリーン等の小物は含まれません。<br>※宅配便で発送になります<br><br><font color=""#ded2c4"" size=""-2"">[関連ワード]<br>ナチュラル雑貨 ナチュラルアンティーク雑貨 シャビー ベランダガーデニング ベランダガーデン 可愛い置物  ディスプレイ ナチュラルフレンチ カントリー雑貨 お祝 お祝い クリスマスプレゼント プレゼント Present 母の日 ホワイトデー  アンティーク 男前インテリア　塩系 男前 サインプレート バスサイン</font><!-- コンビニ受け取りバナー
<div align=""center""><img src=""http://image.rakuten.co.jp/com/img/rms/cabinet/recommend_new/img00012113.jpg""  width=""468"" height=""60"" alt=""コンビニ受け取り"" class=""""></div>-->

<!--ここから楽太郎-->
<center>
<div style=""width:702px; background-color:#d3c5bb; border:1px solid #d3c5bb; padding:0; margin-bottom:6px"" align=""center"">
<p style=""color:#FFFFFF; font-size:15px; font-weight:bold; margin:0; line-height:25px;"">店舗内売れ筋ランキング</p>
<div style=""background-color:#FFFFFF"">


<!-- ポイント▼745バナー
-->

</div>
</div>

<!--▼クーポン
<div style=""margin-bottom:20px""> 
<img src=""https://image.rakuten.co.jp/milclo/cabinet/banner/cp500.jpg"" width=""535"" alt=""クーポン""> 
</div> 
--> 

</center>",アイアンプラッケ WELCOME ブラウン【コンビニ受取対応商品】：MilClover＊ミルクローバー,ナチュラル雑貨フェイクグリーンガーデン雑貨インテリア雑貨ガーデニング雑貨キッズ雑貨アンティークナチュラルアンティーク送料無料プレゼントダルトン掛け時計玄関マットトイレマット男前雑貨トイレタリーキッチン雑貨スタジオエムデコレ友膳アイアンプラッケ WELCOME ブラウン【コンビニ受取対応商品】,アイアンプラッケ WELCOME ブラウン【コンビニ受取対応商品】[rn]
37-73064,http://tshop.r10s.jp/milclo/cabinet/item27-03/pas-st-43br.jpg?fitin=700:700,284.8000,,花・ガーデン・DIY > エクステリア・ガーデンファニチャー > ガーデンオーナメント・置物,ミニウッドピック ポスト【コンビニ受取対応商品】,,"<img src=""http://www.rakuten.ne.jp/gold/milclo/img/h27/pas-st-43br_main.jpg"" alt=""ミニウッドピック ポスト"" class=""mainImg""><br><img src=""http://www.rakuten.ne.jp/gold/milclo/img/h27/pas-st-43br_01.jpg"" alt=""商品名詳細画像1"" class=""syosaiImgImg""><div id=""Syosaibox""><img src=""http://image.rakuten.co.jp/milclo/cabinet/top/deta_bghead.jpg"" alt=""詳細"" height=""153"" width=""538""><div id=""Syosai""><p id=""SyosaiTxt"">ナチュラルアンティークなガーデンにちょこんと飾りたいハンドメイドのミニチュアオブジェ。</p></div><div id=""SyosaiFoot""><img src=""http://image.rakuten.co.jp/milclo/cabinet/top/deta_bgfoot.jpg"" alt=""詳細ここまで"" height=""44"" width=""538""></div></div>SIZE：3.5×3×H12cm<br>素材：木<br>made in China<br><br><img src=""http://image.rakuten.co.jp/milclo/cabinet/gift_ok01.gif"" width=""165"" height=""43"" alt=""ラッピング申込みページへ""><br><br>【予めご了承ください】<br>※表示サイズには若干の誤差があります。<br>※写真に掲載されている小物は別売りです。<br>※こちらの商品はアンティーク加工が施されています。また、キズや汚れ、歪み、隙間など見られます。予めご了承ください。<br>※メール便発送はできません。<br><br><font color=""#ded2c4"" size=""-2"">[関連ワード]<br>ナチュラル雑貨 アンティーク調 ガーデン雑貨 ガーデニング雑貨 PASEO パセオ ミニチュアオブジェ ピック ガーデンピック シャビー クリスマスプレゼント お祝 お祝い プレゼント Present 母の日 ホワイトデー</font><!-- コンビニ受け取りバナー
<div align=""center""><img src=""http://image.rakuten.co.jp/com/img/rms/cabinet/recommend_new/img00012113.jpg""  width=""468"" height=""60"" alt=""コンビニ受け取り"" class=""""></div>-->

<!--ここから楽太郎-->
<center>
<div style=""width:702px; background-color:#d3c5bb; border:1px solid #d3c5bb; padding:0; margin-bottom:6px"" align=""center"">
<p style=""color:#FFFFFF; font-size:15px; font-weight:bold; margin:0; line-height:25px;"">店舗内売れ筋ランキング</p>
<div style=""background-color:#FFFFFF"">


<!-- ポイント▼745バナー
-->

</div>
</div>

<!--▼クーポン
<div style=""margin-bottom:20px""> 
<img src=""https://image.rakuten.co.jp/milclo/cabinet/banner/cp500.jpg"" width=""535"" alt=""クーポン""> 
</div> 
--> 

</center>",ミニウッドピック ポスト【コンビニ受取対応商品】：MilClover＊ミルクローバー,ナチュラル雑貨フェイクグリーンガーデン雑貨インテリア雑貨ガーデニング雑貨キッズ雑貨アンティークナチュラルアンティーク送料無料プレゼントダルトン掛け時計玄関マットトイレマット男前雑貨トイレタリーキッチン雑貨スタジオエムデコレ友膳ミニウッドピック ポスト【コンビニ受取対応商品】,ミニウッドピック ポスト【コンビニ受取対応商品】[rn]
37-73065,http://tshop.r10s.jp/milclo/cabinet/item27-01/mar4006952.jpg?fitin=700:700,1728.0000,,花・ガーデン・DIY > エクステリア・ガーデンファニチャー > ガーデンオーナメント・置物,JWリコルテ フラワーコンテナ,,"<img src=""http://www.rakuten.ne.jp/gold/milclo/img/h27/mar4006952_main.jpg"" alt=""JWリコルテ フラワーコンテナ"" class=""mainImg""><br><img src=""http://www.rakuten.ne.jp/gold/milclo/img/h27/mar4006952_01.jpg"" alt=""商品名詳細画像1"" class=""syosaiImgImg""><br><img src=""http://www.rakuten.ne.jp/gold/milclo/img/h27/mar4006952_02.jpg"" alt=""商品名詳細画像1"" class=""syosaiImgImg""><div id=""Syosaibox""><img src=""http://image.rakuten.co.jp/milclo/cabinet/top/deta_bghead.jpg"" alt=""詳細"" height=""153"" width=""538""><div id=""Syosai""><p id=""SyosaiTxt"">シャビーな雰囲気に仕上げられたフラワーコンテナ。ハンドルが付いたカート風のデザインが可愛い♪ポットをいくつか並べて飾ってみたりと使い方は色々♪</p></div><div id=""SyosaiFoot""><img src=""http://image.rakuten.co.jp/milclo/cabinet/top/deta_bgfoot.jpg"" alt=""詳細ここまで"" height=""44"" width=""538""></div></div>SIZE：約W46×D22×H23.8cm<br>素材：木(アンティーク風仕上げ)<br>made in China<br><img class=""spacBtn"" src=""/img/syosai/title_giftno.gif"" alt=""ラッピングできません"" /><br><br>【予めご了承ください】<br>※アンティーク加工が施されています。塗装剥がれや掠れ、傷など見られますが商品の特徴で不良の対象ではありません。<br>※リサイクルウッドを使用しています。木のつなぎ目やヒビ、穴、欠けなど見られます。不良の対象にはなりませんので、粗野な風合いは商品の特徴と予めご了承ください。<br>※写真に掲載されている小物等は含まれません。<br>※表示サイズは多少の誤差がございます。<br><br><font color=""#ded2c4"" size=""-2"">[関連ワード]<br>プランター台 アンティーク調 花台　ガーデン雑貨ナチュラル雑貨 ガーデン雑貨 ガーデニング雑貨 ベランダガーデニング ベランダガーデン 南欧風 北欧風 庭 インテリア小物 シャビー アンティーク調  ディスプレイ ナチュラルフレンチ カントリー雑貨 お祝 お祝い クリスマスプレゼント プレゼント 母の日 ホワイトデー  </font><!-- コンビニ受け取りバナー
<div align=""center""><img src=""http://image.rakuten.co.jp/com/img/rms/cabinet/recommend_new/img00012113.jpg""  width=""468"" height=""60"" alt=""コンビニ受け取り"" class=""""></div>-->

<!--ここから楽太郎-->
<center>
<div style=""width:702px; background-color:#d3c5bb; border:1px solid #d3c5bb; padding:0; margin-bottom:6px"" align=""center"">
<p style=""color:#FFFFFF; font-size:15px; font-weight:bold; margin:0; line-height:25px;"">店舗内売れ筋ランキング</p>
<div style=""background-color:#FFFFFF"">


<!-- ポイント▼745バナー
-->

</div>
</div>

<!--▼クーポン
<div style=""margin-bottom:20px""> 
<img src=""https://image.rakuten.co.jp/milclo/cabinet/banner/cp500.jpg"" width=""535"" alt=""クーポン""> 
</div> 
--> 

</center>",JWリコルテ フラワーコンテナ：MilClover＊ミルクローバー,ナチュラル雑貨フェイクグリーンガーデン雑貨インテリア雑貨ガーデニング雑貨キッズ雑貨アンティークナチュラルアンティーク送料無料プレゼントダルトン掛け時計玄関マットトイレマット男前雑貨トイレタリーキッチン雑貨スタジオエムデコレ友膳JWリコルテ フラワーコンテナ,JWリコルテ フラワーコンテナ[rn]
37-73066,http://tshop.r10s.jp/milclo/cabinet/item27-01/yu-ek5440.jpg?fitin=700:700,518.4000,,花・ガーデン・DIY > エクステリア・ガーデンファニチャー > ガーデンオーナメント・置物,ブリックブラッカピック3本セット,【メール便OK】,"<img src=""http://image.rakuten.co.jp/milclo/cabinet/item27-01/yu-ek5440_main.jpg"" alt=""ブリックブラッカピック3本セット"" class=""mainImg""><br><img src=""http://image.rakuten.co.jp/milclo/cabinet/item27-01/yu-ek5440_01.jpg"" alt=""商品名詳細画像1"" class=""syosaiImgImg""><div id=""Syosaibox""><img src=""http://image.rakuten.co.jp/milclo/cabinet/top/deta_bghead.jpg"" alt=""詳細"" height=""153"" width=""538""><div id=""Syosai""><p id=""SyosaiTxt"">アンティーク加工が施されたブリキのガーデンピック。</p></div><div id=""SyosaiFoot""><img src=""http://image.rakuten.co.jp/milclo/cabinet/top/deta_bgfoot.jpg"" alt=""詳細ここまで"" height=""44"" width=""538""></div></div>SIZE：(赤)W3.2×2×H3.8cm(全長21cm)<br>素材：ブリキ<br>メール便OK<br>maid in China<br><img src=""http://image.rakuten.co.jp/milclo/cabinet/gift_ok01.gif"" width=""165"" height=""43"" alt=""ラッピング申込みページへ""><br><br>【予めご了承ください】<br>※小さな傷やペイントの掠れ、色飛びなど見られますが商品の風合いとご理解ください。<br>※表示サイズには若干の誤差があります。<br>※写真に掲載されている小物は別売りです。<!-- コンビニ受け取りバナー
<div align=""center""><img src=""http://image.rakuten.co.jp/com/img/rms/cabinet/recommend_new/img00012113.jpg""  width=""468"" height=""60"" alt=""コンビニ受け取り"" class=""""></div>-->

<!--ここから楽太郎-->
<center>
<div style=""width:702px; background-color:#d3c5bb; border:1px solid #d3c5bb; padding:0; margin-bottom:6px"" align=""center"">
<p style=""color:#FFFFFF; font-size:15px; font-weight:bold; margin:0; line-height:25px;"">店舗内売れ筋ランキング</p>
<div style=""background-color:#FFFFFF"">


<!-- ポイント▼745バナー
-->

</div>
</div>

<!--▼クーポン
<div style=""margin-bottom:20px""> 
<img src=""https://image.rakuten.co.jp/milclo/cabinet/banner/cp500.jpg"" width=""535"" alt=""クーポン""> 
</div> 
--> 

</center>",ブリックブラッカピック3本セット：MilClover＊ミルクローバー,ナチュラル雑貨フェイクグリーンガーデン雑貨インテリア雑貨ガーデニング雑貨キッズ雑貨アンティークナチュラルアンティーク送料無料プレゼントダルトン掛け時計玄関マットトイレマット男前雑貨トイレタリーキッチン雑貨スタジオエムデコレ友膳ブリックブラッカピック3本セット,【メール便OK】。ブリックブラッカピック3本セット[rn]
37-73067,http://tshop.r10s.jp/milclo/cabinet/item27-01/yu-mc2857.jpg?fitin=700:700,448.8000,,花・ガーデン・DIY > エクステリア・ガーデンファニチャー > ガーデンオーナメント・置物,グリキャトルセゾン マッチボックスS【コンビニ受取対応商品】,,"<img src=""http://www.rakuten.ne.jp/gold/milclo/img/h27/yu-mc2857_main.jpg"" alt=""グリキャトルセゾン マッチボックスS"" class=""mainImg""><br><img src=""http://www.rakuten.ne.jp/gold/milclo/img/h27/yu-mc2857_01.jpg"" alt=""商品名詳細画像1"" class=""syosaiImgImg""><div id=""Syosaibox""><img src=""http://image.rakuten.co.jp/milclo/cabinet/top/deta_bghead.jpg"" alt=""詳細"" height=""153"" width=""538""><div id=""Syosai""><p id=""SyosaiTxt"">マッチ箱のようなデザインのマッチボックス。<br>そのまま飾っても、クリップや切手などの小物入れにしても。</p></div><div id=""SyosaiFoot""><img src=""http://image.rakuten.co.jp/milclo/cabinet/top/deta_bgfoot.jpg"" alt=""詳細ここまで"" height=""44"" width=""538""></div></div>SIZE：W7×D2×H4.5cm<br>素材：ブリキ・紙<br>made in China<br><img src=""http://image.rakuten.co.jp/milclo/cabinet/gift_ok01.gif"" width=""165"" height=""43"" alt=""ラッピング申込みページへ""><br><br>【予めご了承ください】<br>※アンティーク調仕上げになります。サビや塗装ムラや塗装剥がれは風合いを出すための加工であり不良ではありません。<br>※多少の歪み、凸凹等見られます。<br>※写真に掲載されているグリーン等の小物は含みません。<br>※表示サイズは多少の誤差がございます。<br><br><font color=""#ded2c4"" size=""-2"">[関連ワード]<br>小物 置物 ガーデニング雑貨 ガーデン雑貨 ブリキ 友膳 you-zenナチュラル雑貨 ガーデン雑貨 ガーデニング雑貨 ベランダガーデニング ベランダガーデン 南欧風 北欧風 庭 インテリア小物 シャビー アンティーク調  ディスプレイ ナチュラルフレンチ カントリー雑貨 お祝 お祝い クリスマスプレゼント プレゼント 母の日 ホワイトデー  </font><!-- コンビニ受け取りバナー
<div align=""center""><img src=""http://image.rakuten.co.jp/com/img/rms/cabinet/recommend_new/img00012113.jpg""  width=""468"" height=""60"" alt=""コンビニ受け取り"" class=""""></div>-->

<!--ここから楽太郎-->
<center>
<div style=""width:702px; background-color:#d3c5bb; border:1px solid #d3c5bb; padding:0; margin-bottom:6px"" align=""center"">
<p style=""color:#FFFFFF; font-size:15px; font-weight:bold; margin:0; line-height:25px;"">店舗内売れ筋ランキング</p>
<div style=""background-color:#FFFFFF"">


<!-- ポイント▼745バナー
-->

</div>
</div>

<!--▼クーポン
<div style=""margin-bottom:20px""> 
<img src=""https://image.rakuten.co.jp/milclo/cabinet/banner/cp500.jpg"" width=""535"" alt=""クーポン""> 
</div> 
--> 

</center>",グリキャトルセゾン マッチボックスS【コンビニ受取対応商品】：MilClover＊ミルクローバー,ナチュラル雑貨フェイクグリーンガーデン雑貨インテリア雑貨ガーデニング雑貨キッズ雑貨アンティークナチュラルアンティーク送料無料プレゼントダルトン掛け時計玄関マットトイレマット男前雑貨トイレタリーキッチン雑貨スタジオエムデコレ友膳グリキャトルセゾン マッチボックスS【コンビニ受取対応商品】,グリキャトルセゾン マッチボックスS【コンビニ受取対応商品】[rn]
37-73068,http://tshop.r10s.jp/milclo/cabinet/item27-03/mar4007187.jpg?fitin=700:700,302.4000,,花・ガーデン・DIY > エクステリア・ガーデンファニチャー > ガーデンオーナメント・置物,お花見エンジョイノーティ【コンビニ受取対応商品】,,"<img src=""http://www.rakuten.ne.jp/gold/milclo/img/h27/mar4007187_main.jpg"" alt=""お花見エンジョイノーティ"" class=""mainImg""><br><img src=""http://www.rakuten.ne.jp/gold/milclo/img/h27/mar4007187_01.jpg"" alt=""商品名詳細画像1"" class=""syosaiImgImg""><br><img src=""http://www.rakuten.ne.jp/gold/milclo/img/h27/mar4007187_02.jpg"" alt=""商品名詳細画像1"" class=""syosaiImgImg""><div id=""Syosaibox""><img src=""http://image.rakuten.co.jp/milclo/cabinet/top/deta_bghead.jpg"" alt=""詳細"" height=""153"" width=""538""><div id=""Syosai""><p id=""SyosaiTxt"">みんなでお花見楽しいな♪<br />可愛らしいノーティ マスコットのお花見シリーズ。</p></div><div id=""SyosaiFoot""><img src=""http://image.rakuten.co.jp/milclo/cabinet/top/deta_bgfoot.jpg"" alt=""詳細ここまで"" height=""44"" width=""538""></div></div>ウサギ：3.1×5.3×4.8cm<br>ネコ：2.8×4.1×4.2cm<br>クマ：3.3×3.2×5.4cm<br>ヒツジ：4.9×3.4×4.7cm<br>カエル：2.7×5.9×2.5cm<br>サル：7.6×2.6×2.6cm<br>素材：レジン<br>made in China<br><br><img src=""http://image.rakuten.co.jp/milclo/cabinet/gift_ok01.gif"" width=""165"" height=""43"" alt=""ラッピング申込みページへ""><br><br>【予めご了承ください】<br>※写真に掲載されている小物は別売です。<br>※多少のキズなど見られます。<br>※表示サイズは多少の誤差がございます。<br>※メール便発送はできません。<!-- コンビニ受け取りバナー
<div align=""center""><img src=""http://image.rakuten.co.jp/com/img/rms/cabinet/recommend_new/img00012113.jpg""  width=""468"" height=""60"" alt=""コンビニ受け取り"" class=""""></div>-->

<!--ここから楽太郎-->
<center>
<div style=""width:702px; background-color:#d3c5bb; border:1px solid #d3c5bb; padding:0; margin-bottom:6px"" align=""center"">
<p style=""color:#FFFFFF; font-size:15px; font-weight:bold; margin:0; line-height:25px;"">店舗内売れ筋ランキング</p>
<div style=""background-color:#FFFFFF"">


<!-- ポイント▼745バナー
-->

</div>
</div>

<!--▼クーポン
<div style=""margin-bottom:20px""> 
<img src=""https://image.rakuten.co.jp/milclo/cabinet/banner/cp500.jpg"" width=""535"" alt=""クーポン""> 
</div> 
--> 

</center>",お花見エンジョイノーティ【コンビニ受取対応商品】：MilClover＊ミルクローバー,ナチュラル雑貨フェイクグリーンガーデン雑貨インテリア雑貨ガーデニング雑貨キッズ雑貨アンティークナチュラルアンティーク送料無料プレゼントダルトン掛け時計玄関マットトイレマット男前雑貨トイレタリーキッチン雑貨スタジオエムデコレ友膳お花見エンジョイノーティ【コンビニ受取対応商品】,お花見エンジョイノーティ【コンビニ受取対応商品】[rn]
37-73069,http://tshop.r10s.jp/milclo/cabinet/item27-01/yu-ek5512.jpg?fitin=700:700,328.0000,,花・ガーデン・DIY > エクステリア・ガーデンファニチャー > ガーデンオーナメント・置物,ウッドユイットトロワサインフェンスM,【メール便OK】,"<img src=""http://www.rakuten.ne.jp/gold/milclo/img/h27/yu-ek5512_main.jpg"" alt=""ウッドユイットトロワサインフェンスM"" class=""mainImg""><br><img src=""http://www.rakuten.ne.jp/gold/milclo/img/h27/yu-ek5512_01.jpg"" alt=""商品名詳細画像1"" class=""syosaiImgImg""><div id=""Syosaibox""><img src=""http://image.rakuten.co.jp/milclo/cabinet/top/deta_bghead.jpg"" alt=""詳細"" height=""153"" width=""538""><div id=""Syosai""><p id=""SyosaiTxt"">多肉植物やハーブ、観葉植物のアクセントに。フェンスの形のかわいいガーデンピック。</p></div><div id=""SyosaiFoot""><img src=""http://image.rakuten.co.jp/milclo/cabinet/top/deta_bgfoot.jpg"" alt=""詳細ここまで"" height=""44"" width=""538""></div></div>SIZE：W92×D10×H10.5cm<br>素材：レジン、ワイヤー<br>メール便OK<br>made in China<br><img src=""http://image.rakuten.co.jp/milclo/cabinet/gift_ok01.gif"" width=""165"" height=""43"" alt=""ラッピング申込みページへ""><br><br>【予めご了承ください】<br>※アンティーク加工が施されています。塗装剥がれや掠れ、傷やヒビ、節など見られます。商品の特徴で不良の対象ではありません。予めご了承ください。<br>※写真に掲載されている小物等は含まれません。<br>※表示サイズは多少の誤差がございます。<br><br><font color=""#ded2c4"" size=""-2"">[関連ワード]<br>ナチュラル雑貨 ガーデン雑貨 ガーデニング雑貨 ベランダガーデニング ベランダガーデン 南欧風 北欧風 庭 インテリア小物 シャビー アンティーク調  ディスプレイ ナチュラルフレンチ カントリー雑貨 お祝 お祝い クリスマスプレゼント プレゼント 母の日 ホワイトデー 友膳 you-zen アンティーク調 シャビー ナチュラルアンティーク ピック フェンス ピック</font><!-- コンビニ受け取りバナー
<div align=""center""><img src=""http://image.rakuten.co.jp/com/img/rms/cabinet/recommend_new/img00012113.jpg""  width=""468"" height=""60"" alt=""コンビニ受け取り"" class=""""></div>-->

<!--ここから楽太郎-->
<center>
<div style=""width:702px; background-color:#d3c5bb; border:1px solid #d3c5bb; padding:0; margin-bottom:6px"" align=""center"">
<p style=""color:#FFFFFF; font-size:15px; font-weight:bold; margin:0; line-height:25px;"">店舗内売れ筋ランキング</p>
<div style=""background-color:#FFFFFF"">


<!-- ポイント▼745バナー
-->

</div>
</div>

<!--▼クーポン
<div style=""margin-bottom:20px""> 
<img src=""https://image.rakuten.co.jp/milclo/cabinet/banner/cp500.jpg"" width=""535"" alt=""クーポン""> 
</div> 
--> 

</center>",ウッドユイットトロワサインフェンスM：MilClover＊ミルクローバー,ナチュラル雑貨フェイクグリーンガーデン雑貨インテリア雑貨ガーデニング雑貨キッズ雑貨アンティークナチュラルアンティーク送料無料プレゼントダルトン掛け時計玄関マットトイレマット男前雑貨トイレタリーキッチン雑貨スタジオエムデコレ友膳ウッドユイットトロワサインフェンスM,【メール便OK】。ウッドユイットトロワサインフェンスM[rn]
37-73070,http://tshop.r10s.jp/milclo/cabinet/item27-03/mar4007188-00.jpg?fitin=700:700,432.0000,,花・ガーデン・DIY > エクステリア・ガーデンファニチャー > ガーデンオーナメント・置物,お花見エンジョイノーティ バスケット【コンビニ受取対応商品】,,"<img src=""http://www.rakuten.ne.jp/gold/milclo/img/h27/mar4007188-00_main.jpg"" alt=""お花見エンジョイノーティ バスケット"" class=""mainImg""><br><img src=""http://www.rakuten.ne.jp/gold/milclo/img/h27/mar4007188-00_01.jpg"" alt=""商品名詳細画像1"" class=""syosaiImgImg""><div id=""Syosaibox""><img src=""http://image.rakuten.co.jp/milclo/cabinet/top/deta_bghead.jpg"" alt=""詳細"" height=""153"" width=""538""><div id=""Syosai""><p id=""SyosaiTxt"">可愛らしいノーティ マスコットのお花見シリーズのバスケット。<br />バスケットに、リンゴとワインとフランスパンが入っています。</p></div><div id=""SyosaiFoot""><img src=""http://image.rakuten.co.jp/milclo/cabinet/top/deta_bgfoot.jpg"" alt=""詳細ここまで"" height=""44"" width=""538""></div></div>バスケット：3.7×3.3×3.4cm<br>パン：3.3×0.9×6cm<br>リンゴ：φ1.4×H1.6cm<br>ワイン：φ1.1×H3.4cm<br>素材：レジン<br>made in China<br><br><img src=""http://image.rakuten.co.jp/milclo/cabinet/gift_ok01.gif"" width=""165"" height=""43"" alt=""ラッピング申込みページへ""><br><br>【予めご了承ください】<br>※写真に掲載されている小物は別売です。<br>※多少のキズなど見られます。<br>※表示サイズは多少の誤差がございます。<br>※メール便発送はできません。<!-- コンビニ受け取りバナー
<div align=""center""><img src=""http://image.rakuten.co.jp/com/img/rms/cabinet/recommend_new/img00012113.jpg""  width=""468"" height=""60"" alt=""コンビニ受け取り"" class=""""></div>-->

<!--ここから楽太郎-->
<center>
<div style=""width:702px; background-color:#d3c5bb; border:1px solid #d3c5bb; padding:0; margin-bottom:6px"" align=""center"">
<p style=""color:#FFFFFF; font-size:15px; font-weight:bold; margin:0; line-height:25px;"">店舗内売れ筋ランキング</p>
<div style=""background-color:#FFFFFF"">


<!-- ポイント▼745バナー
-->

</div>
</div>

<!--▼クーポン
<div style=""margin-bottom:20px""> 
<img src=""https://image.rakuten.co.jp/milclo/cabinet/banner/cp500.jpg"" width=""535"" alt=""クーポン""> 
</div> 
--> 

</center>",お花見エンジョイノーティ バスケット【コンビニ受取対応商品】：MilClover＊ミルクローバー,ナチュラル雑貨フェイクグリーンガーデン雑貨インテリア雑貨ガーデニング雑貨キッズ雑貨アンティークナチュラルアンティーク送料無料プレゼントダルトン掛け時計玄関マットトイレマット男前雑貨トイレタリーキッチン雑貨スタジオエムデコレ友膳お花見エンジョイノーティ バスケット【コンビニ受取対応商品】,お花見エンジョイノーティ バスケット【コンビニ受取対応商品】[rn]
37-73071,http://tshop.r10s.jp/milclo/cabinet/item27-03/mar4007189.jpg?fitin=700:700,259.2000,,花・ガーデン・DIY > エクステリア・ガーデンファニチャー > ガーデンオーナメント・置物,お花見エンジョイノーティ 桜の花と葉【コンビニ受取対応商品】,,"<img src=""http://www.rakuten.ne.jp/gold/milclo/img/h27/mar4007189_main.jpg"" alt=""お花見エンジョイノーティ 桜の花と葉"" class=""mainImg""><br><img src=""http://www.rakuten.ne.jp/gold/milclo/img/h27/mar4007189_01.jpg"" alt=""商品名詳細画像1"" class=""syosaiImgImg""><br><img src=""http://www.rakuten.ne.jp/gold/milclo/img/h27/mar4007189_02.jpg"" alt=""商品名詳細画像1"" class=""syosaiImgImg""><div id=""Syosaibox""><img src=""http://image.rakuten.co.jp/milclo/cabinet/top/deta_bghead.jpg"" alt=""詳細"" height=""153"" width=""538""><div id=""Syosai""><p id=""SyosaiTxt"">みんなでお花見楽しいな♪<br />可愛らしいノーティ マスコットのお花見シリーズ。</p></div><div id=""SyosaiFoot""><img src=""http://image.rakuten.co.jp/milclo/cabinet/top/deta_bgfoot.jpg"" alt=""詳細ここまで"" height=""44"" width=""538""></div></div>花：6.×7.9×1.9cm<br>葉：8.6×5.8×3.3cm<br>素材：レジン<br>素材：レジン<br>made in China<br><br><img src=""http://image.rakuten.co.jp/milclo/cabinet/gift_ok01.gif"" width=""165"" height=""43"" alt=""ラッピング申込みページへ""><br><br>【予めご了承ください】<br>※写真に掲載されているマスコットや等の小物は別売です。<br>※多少のキズなど見られます。<br>※表示サイズは多少の誤差がございます。<br>※メール便発送はできません。<!-- コンビニ受け取りバナー
<div align=""center""><img src=""http://image.rakuten.co.jp/com/img/rms/cabinet/recommend_new/img00012113.jpg""  width=""468"" height=""60"" alt=""コンビニ受け取り"" class=""""></div>-->

<!--ここから楽太郎-->
<center>
<div style=""width:702px; background-color:#d3c5bb; border:1px solid #d3c5bb; padding:0; margin-bottom:6px"" align=""center"">
<p style=""color:#FFFFFF; font-size:15px; font-weight:bold; margin:0; line-height:25px;"">店舗内売れ筋ランキング</p>
<div style=""background-color:#FFFFFF"">


<!-- ポイント▼745バナー
-->

</div>
</div>

<!--▼クーポン
<div style=""margin-bottom:20px""> 
<img src=""https://image.rakuten.co.jp/milclo/cabinet/banner/cp500.jpg"" width=""535"" alt=""クーポン""> 
</div> 
--> 

</center>",お花見エンジョイノーティ 桜の花と葉【コンビニ受取対応商品】：MilClover＊ミルクローバー,ナチュラル雑貨フェイクグリーンガーデン雑貨インテリア雑貨ガーデニング雑貨キッズ雑貨アンティークナチュラルアンティーク送料無料プレゼントダルトン掛け時計玄関マットトイレマット男前雑貨トイレタリーキッチン雑貨スタジオエムデコレ友膳お花見エンジョイノーティ 桜の花と葉【コンビニ受取対応商品】,お花見エンジョイノーティ 桜の花と葉【コンビニ受取対応商品】[rn]
37-73072,http://tshop.r10s.jp/milclo/cabinet/item27-02/ume-ke3437s-aq.jpg?fitin=700:700,1166.4000,,花・ガーデン・DIY > エクステリア・ガーデンファニチャー > ガーデンオーナメント・置物,ナンバリングミニブリキ5点セット(M)　アンティークブラウン【コンビニ受取対応商品】,,"<img src=""http://www.rakuten.ne.jp/gold/milclo/img/h27/ume-ke3437s-aq_main.jpg"" alt=""ナンバリングミニブリキ(M)　5点セット アンティークブラウン"" class=""mainImg""><br><img src=""http://www.rakuten.ne.jp/gold/milclo/img/h27/ume-ke3437s-aq_01.jpg"" alt=""商品名詳細画像1"" class=""syosaiImgImg""><br><img src=""http://www.rakuten.ne.jp/gold/milclo/img/h27/ume-ke3437s-aq_02.jpg"" alt=""商品名詳細画像1"" class=""syosaiImgImg""><div id=""Syosaibox""><img src=""http://image.rakuten.co.jp/milclo/cabinet/top/deta_bghead.jpg"" alt=""詳細"" height=""153"" width=""538""><div id=""Syosai""><p id=""SyosaiTxt"">手のひらに収まるミニサイズのかわいいブリキ缶セット。多肉植物との相性は◎。</p></div><div id=""SyosaiFoot""><img src=""http://image.rakuten.co.jp/milclo/cabinet/top/deta_bgfoot.jpg"" alt=""詳細ここまで"" height=""44"" width=""538""></div></div>SIZE:約5×5×H3.5cm～10×5.5×H5.5cm<br>素材:ブリキ<br>底穴あり<br>made in China<br><img src=""http://image.rakuten.co.jp/milclo/cabinet/gift_ok01.gif"" width=""165"" height=""43"" alt=""ラッピング申込みページへ""><br><br>【予めご了承ください】<br>※古びた風合いを出すためアンティーク加工が施されています。塗装剥がれや掠れは不良の対象ではありません。予めご了承ください。<br>※写真に掲載されている多肉植物は別売で商品に含まれません。<br>※メール便発送はできません。 <br><br><font color=""#ded2c4"" size=""-2"">[関連ワード]<br>ナチュラル雑貨 ナチュラルアンティーク雑貨 シャビー ベランダガーデニング ベランダガーデン 可愛い置物  ディスプレイ ナチュラルフレンチ カントリー雑貨 お祝 お祝い クリスマスプレゼント プレゼント Present 母の日 ホワイトデー  アンティーク 多肉 フラワーポット フラワーベース ミニチュア</font><!-- コンビニ受け取りバナー
<div align=""center""><img src=""http://image.rakuten.co.jp/com/img/rms/cabinet/recommend_new/img00012113.jpg""  width=""468"" height=""60"" alt=""コンビニ受け取り"" class=""""></div>-->

<!--ここから楽太郎-->
<center>
<div style=""width:702px; background-color:#d3c5bb; border:1px solid #d3c5bb; padding:0; margin-bottom:6px"" align=""center"">
<p style=""color:#FFFFFF; font-size:15px; font-weight:bold; margin:0; line-height:25px;"">店舗内売れ筋ランキング</p>
<div style=""background-color:#FFFFFF"">


<!-- ポイント▼745バナー
-->

</div>
</div>

<!--▼クーポン
<div style=""margin-bottom:20px""> 
<img src=""https://image.rakuten.co.jp/milclo/cabinet/banner/cp500.jpg"" width=""535"" alt=""クーポン""> 
</div> 
--> 

</center>",ナンバリングミニブリキ5点セット(M)　アンティークブラウン【コンビニ受取対応商品】：MilClover＊ミルクローバー,ナチュラル雑貨フェイクグリーンガーデン雑貨インテリア雑貨ガーデニング雑貨キッズ雑貨アンティークナチュラルアンティーク送料無料プレゼントダルトン掛け時計玄関マットトイレマット男前雑貨トイレタリーキッチン雑貨スタジオエムデコレ友膳ナンバリングミニブリキ5点セット(M)　アンティークブラウン【コンビニ受取対応商品】,ナンバリングミニブリキ5点セット(M)　アンティークブラウン【コンビニ受取対応商品】[rn]
37-73073,http://tshop.r10s.jp/milclo/cabinet/item27-01/yu-mc2907.jpg?fitin=700:700,500.8000,,花・ガーデン・DIY > エクステリア・ガーデンファニチャー > ガーデンオーナメント・置物,ユイットトロワ フェンス,【メール便OK】,"<img src=""http://www.rakuten.ne.jp/gold/milclo/img/h27/yu-mc2907_main.jpg"" alt=""ユイットトロワ フェンス"" class=""mainImg""><br><img src=""http://www.rakuten.ne.jp/gold/milclo/img/h27/yu-mc2907_01.jpg"" alt=""商品名詳細画像1"" class=""syosaiImgImg""><div id=""Syosaibox""><img src=""http://image.rakuten.co.jp/milclo/cabinet/top/deta_bghead.jpg"" alt=""詳細"" height=""153"" width=""538""><div id=""Syosai""><p id=""SyosaiTxt"">ナチュラルな木製フェンス。<br>ミニチュアオブジェの背景に立てかけて、素敵な雰囲気にディスプレイしてくださいね。</p></div><div id=""SyosaiFoot""><img src=""http://image.rakuten.co.jp/milclo/cabinet/top/deta_bgfoot.jpg"" alt=""詳細ここまで"" height=""44"" width=""538""></div></div>SIZE：W17×D1.5×H12.5cm<br>素材：wood<br>メール便OK<br>made in China<br><img src=""http://image.rakuten.co.jp/milclo/cabinet/gift_ok01.gif"" width=""165"" height=""43"" alt=""ラッピング申込みページへ""><br><br>【予めご了承ください】<br>※アンティーク加工が施されています。多少の汚れやペイントの掠れ色飛び、傷など見られますが商品の特徴で不良の対象ではありません。<br>※表示サイズには若干の誤差があります。<br>※写真に掲載されている小物は別売りです。<br>※スタンドは付いていませんので壁面などに立てかけてディスプレイしてください。<br><br><font color=""#ded2c4"" size=""-2"">[関連ワード]<br>小物 置物 友膳 you-zen ガーデン雑貨 アンティーク調 アンティーク風ナチュラル雑貨 ガーデン雑貨 ガーデニング雑貨 ベランダガーデニング ベランダガーデン 南欧風 北欧風 庭 インテリア小物 シャビー アンティーク調  ディスプレイ ナチュラルフレンチ カントリー雑貨 お祝 お祝い クリスマスプレゼント プレゼント 母の日 ホワイトデー  </font><!-- コンビニ受け取りバナー
<div align=""center""><img src=""http://image.rakuten.co.jp/com/img/rms/cabinet/recommend_new/img00012113.jpg""  width=""468"" height=""60"" alt=""コンビニ受け取り"" class=""""></div>-->

<!--ここから楽太郎-->
<center>
<div style=""width:702px; background-color:#d3c5bb; border:1px solid #d3c5bb; padding:0; margin-bottom:6px"" align=""center"">
<p style=""color:#FFFFFF; font-size:15px; font-weight:bold; margin:0; line-height:25px;"">店舗内売れ筋ランキング</p>
<div style=""background-color:#FFFFFF"">


<!-- ポイント▼745バナー
-->

</div>
</div>

<!--▼クーポン
<div style=""margin-bottom:20px""> 
<img src=""https://image.rakuten.co.jp/milclo/cabinet/banner/cp500.jpg"" width=""535"" alt=""クーポン""> 
</div> 
--> 

</center>",ユイットトロワ フェンス：MilClover＊ミルクローバー,ナチュラル雑貨フェイクグリーンガーデン雑貨インテリア雑貨ガーデニング雑貨キッズ雑貨アンティークナチュラルアンティーク送料無料プレゼントダルトン掛け時計玄関マットトイレマット男前雑貨トイレタリーキッチン雑貨スタジオエムデコレ友膳ユイットトロワ フェンス,【メール便OK】。ユイットトロワ フェンス[rn]
37-73074,http://tshop.r10s.jp/milclo/cabinet/item27-02/ab-jh-305-aa.jpg?fitin=700:700,1382.4000,,花・ガーデン・DIY > エクステリア・ガーデンファニチャー > ガーデンオーナメント・置物,アクイユ ラウンドスタンディングサイン【コンビニ受取対応商品】,,"<img src=""http://www.rakuten.ne.jp/gold/milclo/img/h27/ab-jh-305-aa_main.jpg"" alt=""アクイユ ラウンドスタンディングサイン"" class=""mainImg""><br><img src=""http://www.rakuten.ne.jp/gold/milclo/img/h27/ab-jh-305-aa_01.jpg"" alt=""商品名詳細画像1"" class=""syosaiImgImg""><div id=""Syosaibox""><img src=""http://image.rakuten.co.jp/milclo/cabinet/top/deta_bghead.jpg"" alt=""詳細"" height=""153"" width=""538""><div id=""Syosai""><p id=""SyosaiTxt"">玄関や庭先でお客様を迎えるためにデザインされたかっこよくマニッシュなウェルカムプレート。<br />accueil=歓迎, おもてなし。<br />玄関や庭先でお客様を迎えるためにデザインされました。<br />スチール素材のかっこよさを引き立てる、ほどよくマニッシュなイメージのエンボスデザインがアンティーク加工と合わさって男前インテリアとの相性も◎<br />裏面が黒板になっているので'OPEN'や'CLOSE'など自由に書きこむこともできます。<br />(チョークは付属していません)</p></div><div id=""SyosaiFoot""><img src=""http://image.rakuten.co.jp/milclo/cabinet/top/deta_bgfoot.jpg"" alt=""詳細ここまで"" height=""44"" width=""538""></div></div>SIZE:W21× D:13.5× H:40cm<br>素材:スチール<br>made in china<br><img src=""http://image.rakuten.co.jp/milclo/cabinet/nongift.gif"" alt=""ラッピング不可"" width=""273""><br><br>【予めご了承ください】<br>※古びた風合いを出すためアンティーク加工が施されています。塗装剥がれや掠れ等は商品の特徴で不良の対象ではありません。予めご了承ください。<br>※写真に掲載されている小物は別売です。<br>※宅配便で発送になります<!-- コンビニ受け取りバナー
<div align=""center""><img src=""http://image.rakuten.co.jp/com/img/rms/cabinet/recommend_new/img00012113.jpg""  width=""468"" height=""60"" alt=""コンビニ受け取り"" class=""""></div>-->

<!--ここから楽太郎-->
<center>
<div style=""width:702px; background-color:#d3c5bb; border:1px solid #d3c5bb; padding:0; margin-bottom:6px"" align=""center"">
<p style=""color:#FFFFFF; font-size:15px; font-weight:bold; margin:0; line-height:25px;"">店舗内売れ筋ランキング</p>
<div style=""background-color:#FFFFFF"">


<!-- ポイント▼745バナー
-->

</div>
</div>

<!--▼クーポン
<div style=""margin-bottom:20px""> 
<img src=""https://image.rakuten.co.jp/milclo/cabinet/banner/cp500.jpg"" width=""535"" alt=""クーポン""> 
</div> 
--> 

</center>",アクイユ ラウンドスタンディングサイン【コンビニ受取対応商品】：MilClover＊ミルクローバー,ナチュラル雑貨フェイクグリーンガーデン雑貨インテリア雑貨ガーデニング雑貨キッズ雑貨アンティークナチュラルアンティーク送料無料プレゼントダルトン掛け時計玄関マットトイレマット男前雑貨トイレタリーキッチン雑貨スタジオエムデコレ友膳アクイユ ラウンドスタンディングサイン【コンビニ受取対応商品】,アクイユ ラウンドスタンディングサイン【コンビニ受取対応商品】[rn]
37-73075,http://tshop.r10s.jp/milclo/cabinet/item27-02/pa-ey-28-13.jpg?fitin=700:700,518.4000,,花・ガーデン・DIY > エクステリア・ガーデンファニチャー > ガーデンオーナメント・置物,ハンギングガラス13（テラリウムM）【コンビニ受取対応商品】,,"<img src=""http://www.rakuten.ne.jp/gold/milclo/img/h27/pa-ey-28-13_main.jpg"" alt=""ハンギングガラス13（テラリウムM）"" class=""mainImg""><br><img src=""http://www.rakuten.ne.jp/gold/milclo/img/h27/pa-ey-28-13_01.jpg"" alt=""商品名詳細画像1"" class=""syosaiImgImg""><div id=""Syosaibox""><img src=""http://image.rakuten.co.jp/milclo/cabinet/top/deta_bghead.jpg"" alt=""詳細"" height=""153"" width=""538""><div id=""Syosai""><p id=""SyosaiTxt"">ガラス素材のハンギングポット（テラリウム）。ナチュラルでも、塩系でもちょっと大人雰囲気のインテリアに。<br />エアープランツや多肉植物、フェイクグリーンを入れて素敵なディスプレイを♪<br />写真のエアープランツはMサイズのペルティナです。</p></div><div id=""SyosaiFoot""><img src=""http://image.rakuten.co.jp/milclo/cabinet/top/deta_bgfoot.jpg"" alt=""詳細ここまで"" height=""44"" width=""538""></div></div>SIZE：11.5×H13cm、口径φ7cm<br>素材：ガラス、麻紐<br>made in china<br><img src=""http://image.rakuten.co.jp/milclo/cabinet/gift_ok01.gif"" width=""165"" height=""43"" alt=""ラッピング申込みページへ""><br><br>【予めご了承ください】<br>※多少の気泡等見られる場合がございます<br>※写真に掲載されているグリーン等の小物は含みません。<br>※表示サイズは多少の誤差がございます。<br>※宅配便発送になります。<!-- コンビニ受け取りバナー
<div align=""center""><img src=""http://image.rakuten.co.jp/com/img/rms/cabinet/recommend_new/img00012113.jpg""  width=""468"" height=""60"" alt=""コンビニ受け取り"" class=""""></div>-->

<!--ここから楽太郎-->
<center>
<div style=""width:702px; background-color:#d3c5bb; border:1px solid #d3c5bb; padding:0; margin-bottom:6px"" align=""center"">
<p style=""color:#FFFFFF; font-size:15px; font-weight:bold; margin:0; line-height:25px;"">店舗内売れ筋ランキング</p>
<div style=""background-color:#FFFFFF"">


<!-- ポイント▼745バナー
-->

</div>
</div>

<!--▼クーポン
<div style=""margin-bottom:20px""> 
<img src=""https://image.rakuten.co.jp/milclo/cabinet/banner/cp500.jpg"" width=""535"" alt=""クーポン""> 
</div> 
--> 

</center>",ハンギングガラス13（テラリウムM）【コンビニ受取対応商品】：MilClover＊ミルクローバー,ナチュラル雑貨フェイクグリーンガーデン雑貨インテリア雑貨ガーデニング雑貨キッズ雑貨アンティークナチュラルアンティーク送料無料プレゼントダルトン掛け時計玄関マットトイレマット男前雑貨トイレタリーキッチン雑貨スタジオエムデコレ友膳ハンギングガラス13（テラリウムM）【コンビニ受取対応商品】,ハンギングガラス13（テラリウムM）【コンビニ受取対応商品】[rn]
37-73076,http://tshop.r10s.jp/milclo/cabinet/item27-03/ume-pa-p1133mn.jpg?fitin=700:700,388.8000,,花・ガーデン・DIY > エクステリア・ガーデンファニチャー > ガーデンオーナメント・置物,細綱追羽根 M【コンビニ受取対応商品】,,"<img src=""http://www.rakuten.ne.jp/gold/milclo/img/h27/ume-pa-p1133mn_main.jpg"" alt=""細綱追羽根 M"" class=""mainImg""><br><img src=""http://www.rakuten.ne.jp/gold/milclo/img/h27/ume-pa-p1133mn_01.jpg"" alt=""商品名詳細画像1"" class=""syosaiImgImg""><div id=""Syosaibox""><img src=""http://image.rakuten.co.jp/milclo/cabinet/top/deta_bghead.jpg"" alt=""詳細"" height=""153"" width=""538""><div id=""Syosai""><p id=""SyosaiTxt"">ワイヤーデコ羽子板と一緒に飾っても、Sサイズと一緒に飾ってお正月らしい雰囲気に！羽根の部分は自由に形を変えることができます。</p></div><div id=""SyosaiFoot""><img src=""http://image.rakuten.co.jp/milclo/cabinet/top/deta_bgfoot.jpg"" alt=""詳細ここまで"" height=""44"" width=""538""></div></div>SIZE：L12cm 中心部分直径3cm<br>made in China<br><br><img src=""http://image.rakuten.co.jp/milclo/cabinet/gift_ok01.gif"" width=""165"" height=""43"" alt=""ラッピング申込みページへ""><br><br>【予めご了承ください】<br>※写真に掲載されている小物は別売です。<br>※一つ一つ手作業で作られていますので形や大きさは多少の個体差があります。<br>※表示サイズは多少の誤差がございます。<br>※メール便発送はできません。<!-- コンビニ受け取りバナー
<div align=""center""><img src=""http://image.rakuten.co.jp/com/img/rms/cabinet/recommend_new/img00012113.jpg""  width=""468"" height=""60"" alt=""コンビニ受け取り"" class=""""></div>-->

<!--ここから楽太郎-->
<center>
<div style=""width:702px; background-color:#d3c5bb; border:1px solid #d3c5bb; padding:0; margin-bottom:6px"" align=""center"">
<p style=""color:#FFFFFF; font-size:15px; font-weight:bold; margin:0; line-height:25px;"">店舗内売れ筋ランキング</p>
<div style=""background-color:#FFFFFF"">


<!-- ポイント▼745バナー
-->

</div>
</div>

<!--▼クーポン
<div style=""margin-bottom:20px""> 
<img src=""https://image.rakuten.co.jp/milclo/cabinet/banner/cp500.jpg"" width=""535"" alt=""クーポン""> 
</div> 
--> 

</center>",細綱追羽根 M【コンビニ受取対応商品】：MilClover＊ミルクローバー,ナチュラル雑貨フェイクグリーンガーデン雑貨インテリア雑貨ガーデニング雑貨キッズ雑貨アンティークナチュラルアンティーク送料無料プレゼントダルトン掛け時計玄関マットトイレマット男前雑貨トイレタリーキッチン雑貨スタジオエムデコレ友膳細綱追羽根 M【コンビニ受取対応商品】,細綱追羽根 M【コンビニ受取対応商品】[rn]
37-73077,http://tshop.r10s.jp/milclo/cabinet/item27-01/yu-5e2834.jpg?fitin=700:700,448.8000,,花・ガーデン・DIY > エクステリア・ガーデンファニチャー > ガーデンオーナメント・置物,ビストロアンセーニュイーゼル【コンビニ受取対応商品】,,"<img src=""http://www.rakuten.ne.jp/gold/milclo/img/h27/yu-5e2834_main.jpg"" alt=""ビストロアンセーニュイーゼル"" class=""mainImg""><br><img src=""http://www.rakuten.ne.jp/gold/milclo/img/h27/yu-5e2834_01.jpg"" alt=""商品名詳細画像1"" class=""syosaiImgImg""><br><img src=""http://www.rakuten.ne.jp/gold/milclo/img/h27/yu-5e2834_02.jpg"" alt=""商品名詳細画像1"" class=""syosaiImgImg""><div id=""Syosaibox""><img src=""http://image.rakuten.co.jp/milclo/cabinet/top/deta_bghead.jpg"" alt=""詳細"" height=""153"" width=""538""><div id=""Syosai""><p id=""SyosaiTxt"">コーヒーポットとカップが乗ったかわいいビストロ イーゼル。<br>ちょこっと置いておくだけでお洒落な雰囲気♪</p></div><div id=""SyosaiFoot""><img src=""http://image.rakuten.co.jp/milclo/cabinet/top/deta_bgfoot.jpg"" alt=""詳細ここまで"" height=""44"" width=""538""></div></div>SIZE：W4×D4×H7.5cm<br>素材：レジン<br>made in China<br><img src=""http://image.rakuten.co.jp/milclo/cabinet/gift_ok01.gif"" width=""165"" height=""43"" alt=""ラッピング申込みページへ""><br><br>【予めご了承ください】<br>※ペイントの色飛びや掠れ等は商品の風合いと予めご了承ください。<br>※写真に掲載されている小物は含みません。<br>※表示サイズは多少の誤差がございます。<br><br><font color=""#ded2c4"" size=""-2"">[関連ワード]<br>小物 置物 友膳 you-zenナチュラル雑貨 ガーデン雑貨 ガーデニング雑貨 ベランダガーデニング ベランダガーデン 南欧風 北欧風 庭 インテリア小物 シャビー アンティーク調  ディスプレイ ナチュラルフレンチ カントリー雑貨 お祝 お祝い クリスマスプレゼント プレゼント 母の日 ホワイトデー  </font><!-- コンビニ受け取りバナー
<div align=""center""><img src=""http://image.rakuten.co.jp/com/img/rms/cabinet/recommend_new/img00012113.jpg""  width=""468"" height=""60"" alt=""コンビニ受け取り"" class=""""></div>-->

<!--ここから楽太郎-->
<center>
<div style=""width:702px; background-color:#d3c5bb; border:1px solid #d3c5bb; padding:0; margin-bottom:6px"" align=""center"">
<p style=""color:#FFFFFF; font-size:15px; font-weight:bold; margin:0; line-height:25px;"">店舗内売れ筋ランキング</p>
<div style=""background-color:#FFFFFF"">


<!-- ポイント▼745バナー
-->

</div>
</div>

<!--▼クーポン
<div style=""margin-bottom:20px""> 
<img src=""https://image.rakuten.co.jp/milclo/cabinet/banner/cp500.jpg"" width=""535"" alt=""クーポン""> 
</div> 
--> 

</center>",ビストロアンセーニュイーゼル【コンビニ受取対応商品】：MilClover＊ミルクローバー,ナチュラル雑貨フェイクグリーンガーデン雑貨インテリア雑貨ガーデニング雑貨キッズ雑貨アンティークナチュラルアンティーク送料無料プレゼントダルトン掛け時計玄関マットトイレマット男前雑貨トイレタリーキッチン雑貨スタジオエムデコレ友膳ビストロアンセーニュイーゼル【コンビニ受取対応商品】,ビストロアンセーニュイーゼル【コンビニ受取対応商品】[rn]
37-73078,http://tshop.r10s.jp/milclo/cabinet/item27-03/ume-pa-p1133sn.jpg?fitin=700:700,259.2000,,花・ガーデン・DIY > エクステリア・ガーデンファニチャー > ガーデンオーナメント・置物,細綱追羽根 S【コンビニ受取対応商品】,,"<img src=""http://www.rakuten.ne.jp/gold/milclo/img/h27/ume-pa-p1133sn_main.jpg"" alt=""細綱追羽根 S"" class=""mainImg""><br><img src=""http://www.rakuten.ne.jp/gold/milclo/img/h27/ume-pa-p1133sn_01.jpg"" alt=""商品名詳細画像1"" class=""syosaiImgImg""><div id=""Syosaibox""><img src=""http://image.rakuten.co.jp/milclo/cabinet/top/deta_bghead.jpg"" alt=""詳細"" height=""153"" width=""538""><div id=""Syosai""><p id=""SyosaiTxt"">ワイヤーデコ羽子板と一緒に飾っても、Mサイズと一緒に飾ってお正月らしい雰囲気に！羽根の部分は自由に形を変えることができます。</p></div><div id=""SyosaiFoot""><img src=""http://image.rakuten.co.jp/milclo/cabinet/top/deta_bgfoot.jpg"" alt=""詳細ここまで"" height=""44"" width=""538""></div></div>SIZE：L15cm 中心部分直径4cm<br>made in China<br><br><img src=""http://image.rakuten.co.jp/milclo/cabinet/gift_ok01.gif"" width=""165"" height=""43"" alt=""ラッピング申込みページへ""><br><br>【予めご了承ください】<br>※写真に掲載されている小物は別売です。<br>※一つ一つ手作業で作られていますので形や大きさは多少の個体差があります。<br>※表示サイズは多少の誤差がございます。<br>※メール便発送はできません。<!-- コンビニ受け取りバナー
<div align=""center""><img src=""http://image.rakuten.co.jp/com/img/rms/cabinet/recommend_new/img00012113.jpg""  width=""468"" height=""60"" alt=""コンビニ受け取り"" class=""""></div>-->

<!--ここから楽太郎-->
<center>
<div style=""width:702px; background-color:#d3c5bb; border:1px solid #d3c5bb; padding:0; margin-bottom:6px"" align=""center"">
<p style=""color:#FFFFFF; font-size:15px; font-weight:bold; margin:0; line-height:25px;"">店舗内売れ筋ランキング</p>
<div style=""background-color:#FFFFFF"">


<!-- ポイント▼745バナー
-->

</div>
</div>

<!--▼クーポン
<div style=""margin-bottom:20px""> 
<img src=""https://image.rakuten.co.jp/milclo/cabinet/banner/cp500.jpg"" width=""535"" alt=""クーポン""> 
</div> 
--> 

</center>",細綱追羽根 S【コンビニ受取対応商品】：MilClover＊ミルクローバー,ナチュラル雑貨フェイクグリーンガーデン雑貨インテリア雑貨ガーデニング雑貨キッズ雑貨アンティークナチュラルアンティーク送料無料プレゼントダルトン掛け時計玄関マットトイレマット男前雑貨トイレタリーキッチン雑貨スタジオエムデコレ友膳細綱追羽根 S【コンビニ受取対応商品】,細綱追羽根 S【コンビニ受取対応商品】[rn]
37-73079,http://tshop.r10s.jp/milclo/cabinet/item27-02/yu-ek5510.jpg?fitin=700:700,466.4000,,花・ガーデン・DIY > エクステリア・ガーデンファニチャー > ガーデンオーナメント・置物,ミニサインタップ3本セット【コンビニ受取対応商品】,,"<img src=""http://www.rakuten.ne.jp/gold/milclo/img/h27/yu-ek5510_main.jpg"" alt=""ミニサインタップ3本セット"" class=""mainImg""><br><img src=""http://www.rakuten.ne.jp/gold/milclo/img/h27/yu-ek5510_01.jpg"" alt=""商品名詳細画像1"" class=""syosaiImgImg""><br><img src=""http://www.rakuten.ne.jp/gold/milclo/img/h27/yu-ek5510_02.jpg"" alt=""商品名詳細画像1"" class=""syosaiImgImg""><div id=""Syosaibox""><img src=""http://image.rakuten.co.jp/milclo/cabinet/top/deta_bghead.jpg"" alt=""詳細"" height=""153"" width=""538""><div id=""Syosai""><p id=""SyosaiTxt"">ミニチュアタップのガーデンピック。<br />多肉の寄せ植えやハーブなど小さなポットにピッタリのかわいいサイズ。</p></div><div id=""SyosaiFoot""><img src=""http://image.rakuten.co.jp/milclo/cabinet/top/deta_bgfoot.jpg"" alt=""詳細ここまで"" height=""44"" width=""538""></div></div>SIZE：W2.5×D2.5×H16.5cm<br>素材：レジン・ワイヤー<br>made in China<br><img src=""http://image.rakuten.co.jp/milclo/cabinet/gift_ok01.gif"" width=""165"" height=""43"" alt=""ラッピング申込みページへ""><br><br>【予めご了承ください】<br>※アンティーク加工が施されています。サビ、塗装剥がれ、掠れ、傷など見られます。また、歪み等見られますが、商品の特徴で不良の対象ではありません。<br>※表示サイズには若干の誤差があります。<br>※写真に掲載されている小物は別売りです。<br>※宅配便発送になります。<br><br><font color=""#ded2c4"" size=""-2"">[関連ワード]<br>ナチュラル雑貨 ガーデン雑貨 ガーデニング雑貨 ベランダガーデニング ベランダガーデン 南欧風 北欧風 庭 インテリア小物 シャビー アンティーク調  ディスプレイ ナチュラルフレンチ カントリー雑貨 お祝 お祝い クリスマスプレゼント プレゼント 母の日 ホワイトデー友膳 you-zen ガーデン雑貨 ベランダガーデン 寄せ植え ミニチュア</font><!-- コンビニ受け取りバナー
<div align=""center""><img src=""http://image.rakuten.co.jp/com/img/rms/cabinet/recommend_new/img00012113.jpg""  width=""468"" height=""60"" alt=""コンビニ受け取り"" class=""""></div>-->

<!--ここから楽太郎-->
<center>
<div style=""width:702px; background-color:#d3c5bb; border:1px solid #d3c5bb; padding:0; margin-bottom:6px"" align=""center"">
<p style=""color:#FFFFFF; font-size:15px; font-weight:bold; margin:0; line-height:25px;"">店舗内売れ筋ランキング</p>
<div style=""background-color:#FFFFFF"">


<!-- ポイント▼745バナー
-->

</div>
</div>

<!--▼クーポン
<div style=""margin-bottom:20px""> 
<img src=""https://image.rakuten.co.jp/milclo/cabinet/banner/cp500.jpg"" width=""535"" alt=""クーポン""> 
</div> 
--> 

</center>",ミニサインタップ3本セット【コンビニ受取対応商品】：MilClover＊ミルクローバー,ナチュラル雑貨フェイクグリーンガーデン雑貨インテリア雑貨ガーデニング雑貨キッズ雑貨アンティークナチュラルアンティーク送料無料プレゼントダルトン掛け時計玄関マットトイレマット男前雑貨トイレタリーキッチン雑貨スタジオエムデコレ友膳ミニサインタップ3本セット【コンビニ受取対応商品】,ミニサインタップ3本セット【コンビニ受取対応商品】[rn]
37-73080,http://tshop.r10s.jp/milclo/cabinet/item27-02/ume-sgr10330.jpg?fitin=700:700,3456.0000,,花・ガーデン・DIY > エクステリア・ガーデンファニチャー > ガーデンオーナメント・置物,ガーデンウッド車輪 BR,,"<img src=""http://www.rakuten.ne.jp/gold/milclo/img/h27/ume-sgr10330_main.jpg"" alt=""ガーデンウッド車輪 BR"" class=""mainImg""><br><img src=""http://www.rakuten.ne.jp/gold/milclo/img/h27/ume-sgr10330_01.jpg"" alt=""商品名詳細画像1"" class=""syosaiImgImg""><div id=""Syosaibox""><img src=""http://image.rakuten.co.jp/milclo/cabinet/top/deta_bghead.jpg"" alt=""詳細"" height=""153"" width=""538""><div id=""Syosai""><p id=""SyosaiTxt"">ナチュラルアンティークな木製車輪。立てかけたり、壁に掛けたり！お庭や玄関ベランダガーデニングにも。</p></div><div id=""SyosaiFoot""><img src=""http://image.rakuten.co.jp/milclo/cabinet/top/deta_bgfoot.jpg"" alt=""詳細ここまで"" height=""44"" width=""538""></div></div>SIZE：φ46×D7cm<br>素　材：ウッド<br>made in china<br><img src=""http://image.rakuten.co.jp/milclo/cabinet/nongift.gif"" width=""273"" height=""50"" alt=""ラッピングできません""><br><br>【予めご了承ください】<br>※アンティーク処理を施しております。<br>※剥がれや汚れ、傷、欠け、節等見られます。予めご了承ください<br>※写真に掲載されている小物は別売です。<br>※サイズは多少の誤差があります。<br>※ラッピングできません。<br><br><font color=""#ded2c4"" size=""-2"">[関連ワード]<br>ナチュラル雑貨 ナチュラルアンティーク雑貨 シャビー ベランダガーデニング ベランダガーデン 可愛い置物  ディスプレイ ナチュラルフレンチ カントリー雑貨 お祝 お祝い クリスマスプレゼント プレゼント Present 母の日 ホワイトデー  ガーデン雑貨 木製車輪 ガーデンウィール ウメザワ アンティーク ガーデニング雑貨</font><!-- コンビニ受け取りバナー
<div align=""center""><img src=""http://image.rakuten.co.jp/com/img/rms/cabinet/recommend_new/img00012113.jpg""  width=""468"" height=""60"" alt=""コンビニ受け取り"" class=""""></div>-->

<!--ここから楽太郎-->
<center>
<div style=""width:702px; background-color:#d3c5bb; border:1px solid #d3c5bb; padding:0; margin-bottom:6px"" align=""center"">
<p style=""color:#FFFFFF; font-size:15px; font-weight:bold; margin:0; line-height:25px;"">店舗内売れ筋ランキング</p>
<div style=""background-color:#FFFFFF"">


<!-- ポイント▼745バナー
-->

</div>
</div>

<!--▼クーポン
<div style=""margin-bottom:20px""> 
<img src=""https://image.rakuten.co.jp/milclo/cabinet/banner/cp500.jpg"" width=""535"" alt=""クーポン""> 
</div> 
--> 

</center>",ガーデンウッド車輪 BR：MilClover＊ミルクローバー,ナチュラル雑貨フェイクグリーンガーデン雑貨インテリア雑貨ガーデニング雑貨キッズ雑貨アンティークナチュラルアンティーク送料無料プレゼントダルトン掛け時計玄関マットトイレマット男前雑貨トイレタリーキッチン雑貨スタジオエムデコレ友膳ガーデンウッド車輪 BR,ガーデンウッド車輪 BR[rn]
37-73081,http://tshop.r10s.jp/milclo/cabinet/item27-02/yu-5e2382.jpg?fitin=700:700,475.2000,,花・ガーデン・DIY > エクステリア・ガーデンファニチャー > ガーデンオーナメント・置物,ダックファミリーフェンス3点セット【コンビニ受取対応商品】,,"<img src=""http://www.rakuten.ne.jp/gold/milclo/img/h27/yu-5e2382_main.jpg"" alt=""ダックファミリーフェンス3点セット"" class=""mainImg""><br><img src=""http://www.rakuten.ne.jp/gold/milclo/img/h27/yu-5e2382_01.jpg"" alt=""商品名詳細画像1"" class=""syosaiImgImg""><div id=""Syosaibox""><img src=""http://image.rakuten.co.jp/milclo/cabinet/top/deta_bghead.jpg"" alt=""詳細"" height=""153"" width=""538""><div id=""Syosai""><p id=""SyosaiTxt"">寄せ植えやプランターにちょこんと置いてミニチュアガーデン。</p></div><div id=""SyosaiFoot""><img src=""http://image.rakuten.co.jp/milclo/cabinet/top/deta_bgfoot.jpg"" alt=""詳細ここまで"" height=""44"" width=""538""></div></div>SIZE：（親）W4.8×D2.5×H4cm<br>素材：レジン<br>made in China<br><img src=""http://image.rakuten.co.jp/milclo/cabinet/gift_ok01.gif"" width=""165"" height=""43"" alt=""ラッピング申込みページへ""><br><br>【予めご了承ください】<br>※表示サイズには若干の誤差があります。<br>※写真に掲載されている小物は別売りです。<br>※多少のキズや汚れなど見られます。予めご了承ください。<br>※宅配便発送になります。メール便発送はできません。<br><br><font color=""#ded2c4"" size=""-2"">[関連ワード]<br>ナチュラル雑貨 ガーデン雑貨 ガーデニング雑貨 ベランダガーデニング ベランダガーデン 南欧風 北欧風 庭 インテリア小物 シャビー アンティーク調  ディスプレイ ナチュラルフレンチ カントリー雑貨 お祝 お祝い クリスマスプレゼント プレゼント 母の日 ホワイトデー友膳 you-zen ガーデン雑貨 ベランダガーデン 寄せ植え ミニチュア 動物 あひる アヒル かわいい置物</font><!-- コンビニ受け取りバナー
<div align=""center""><img src=""http://image.rakuten.co.jp/com/img/rms/cabinet/recommend_new/img00012113.jpg""  width=""468"" height=""60"" alt=""コンビニ受け取り"" class=""""></div>-->

<!--ここから楽太郎-->
<center>
<div style=""width:702px; background-color:#d3c5bb; border:1px solid #d3c5bb; padding:0; margin-bottom:6px"" align=""center"">
<p style=""color:#FFFFFF; font-size:15px; font-weight:bold; margin:0; line-height:25px;"">店舗内売れ筋ランキング</p>
<div style=""background-color:#FFFFFF"">


<!-- ポイント▼745バナー
-->

</div>
</div>

<!--▼クーポン
<div style=""margin-bottom:20px""> 
<img src=""https://image.rakuten.co.jp/milclo/cabinet/banner/cp500.jpg"" width=""535"" alt=""クーポン""> 
</div> 
--> 

</center>",ダックファミリーフェンス3点セット【コンビニ受取対応商品】：MilClover＊ミルクローバー,ナチュラル雑貨フェイクグリーンガーデン雑貨インテリア雑貨ガーデニング雑貨キッズ雑貨アンティークナチュラルアンティーク送料無料プレゼントダルトン掛け時計玄関マットトイレマット男前雑貨トイレタリーキッチン雑貨スタジオエムデコレ友膳ダックファミリーフェンス3点セット【コンビニ受取対応商品】,ダックファミリーフェンス3点セット【コンビニ受取対応商品】[rn]
37-73082,http://tshop.r10s.jp/milclo/cabinet/item27-02/yu-ek5506.jpg?fitin=700:700,518.4000,,花・ガーデン・DIY > エクステリア・ガーデンファニチャー > ガーデンオーナメント・置物,ジャルダンクールピック2本セット【コンビニ受取対応商品】,,"<img src=""http://www.rakuten.ne.jp/gold/milclo/img/h27/yu-ek5506_main.jpg"" alt=""ジャルダンクールピック2本セット"" class=""mainImg""><br><img src=""http://www.rakuten.ne.jp/gold/milclo/img/h27/yu-ek5506_01.jpg"" alt=""商品名詳細画像1"" class=""syosaiImgImg""><div id=""Syosaibox""><img src=""http://image.rakuten.co.jp/milclo/cabinet/top/deta_bghead.jpg"" alt=""詳細"" height=""153"" width=""538""><div id=""Syosai""><p id=""SyosaiTxt"">アンティーク調の小さなジョーロが可愛いピックになりました。<br />グリーンとネイビーのシャビーなミニチュアジョーロのピックセットです。</p></div><div id=""SyosaiFoot""><img src=""http://image.rakuten.co.jp/milclo/cabinet/top/deta_bgfoot.jpg"" alt=""詳細ここまで"" height=""44"" width=""538""></div></div>SIZE：W4.5×D2×H30cm<br>素材：ブリキ・ワイヤー<br>made in China<br><img src=""http://image.rakuten.co.jp/milclo/cabinet/gift_ok01.gif"" width=""165"" height=""43"" alt=""ラッピング申込みページへ""><br><br>【予めご了承ください】<br>※アンティーク加工が施されています。サビ、塗装剥がれ、掠れ、傷など見られます。また、歪み等見られますが、商品の特徴で不良の対象ではありません。<br>※表示サイズには若干の誤差があります。<br>※写真に掲載されている小物は別売りです。<br>※宅配便発送になります。<br><br><font color=""#ded2c4"" size=""-2"">[関連ワード]<br>ナチュラル雑貨 ガーデン雑貨 ガーデニング雑貨 ベランダガーデニング ベランダガーデン 南欧風 北欧風 庭 インテリア小物 シャビー アンティーク調  ディスプレイ ナチュラルフレンチ カントリー雑貨 お祝 お祝い クリスマスプレゼント プレゼント 母の日 ホワイトデー友膳 you-zen ガーデンピック ベランダガーデン 寄せ植え ミニチュア</font><!-- コンビニ受け取りバナー
<div align=""center""><img src=""http://image.rakuten.co.jp/com/img/rms/cabinet/recommend_new/img00012113.jpg""  width=""468"" height=""60"" alt=""コンビニ受け取り"" class=""""></div>-->

<!--ここから楽太郎-->
<center>
<div style=""width:702px; background-color:#d3c5bb; border:1px solid #d3c5bb; padding:0; margin-bottom:6px"" align=""center"">
<p style=""color:#FFFFFF; font-size:15px; font-weight:bold; margin:0; line-height:25px;"">店舗内売れ筋ランキング</p>
<div style=""background-color:#FFFFFF"">


<!-- ポイント▼745バナー
-->

</div>
</div>

<!--▼クーポン
<div style=""margin-bottom:20px""> 
<img src=""https://image.rakuten.co.jp/milclo/cabinet/banner/cp500.jpg"" width=""535"" alt=""クーポン""> 
</div> 
--> 

</center>",ジャルダンクールピック2本セット【コンビニ受取対応商品】：MilClover＊ミルクローバー,ナチュラル雑貨フェイクグリーンガーデン雑貨インテリア雑貨ガーデニング雑貨キッズ雑貨アンティークナチュラルアンティーク送料無料プレゼントダルトン掛け時計玄関マットトイレマット男前雑貨トイレタリーキッチン雑貨スタジオエムデコレ友膳ジャルダンクールピック2本セット【コンビニ受取対応商品】,ジャルダンクールピック2本セット【コンビニ受取対応商品】[rn]
37-73083,http://tshop.r10s.jp/milclo/cabinet/item27-02/yu-5e2407.jpg?fitin=700:700,596.0000,,花・ガーデン・DIY > エクステリア・ガーデンファニチャー > ガーデンオーナメント・置物,ナンバーフラッグピックM 3本セット,【メール便OK】,"<img src=""http://www.rakuten.ne.jp/gold/milclo/img/h27/yu-5e2407_main.jpg"" alt=""ナンバーフラッグピックM 3本セット"" class=""mainImg""><br><img src=""http://www.rakuten.ne.jp/gold/milclo/img/h27/yu-5e2407_01.jpg"" alt=""商品名詳細画像1"" class=""syosaiImgImg""><div id=""Syosaibox""><img src=""http://image.rakuten.co.jp/milclo/cabinet/top/deta_bghead.jpg"" alt=""詳細"" height=""153"" width=""538""><div id=""Syosai""><p id=""SyosaiTxt"">5のナンバーがデザインされた三角旗のガーデンピック。<br />赤、青、黄の3カラー1セットでお届けです。多肉やサボテン等にちょこっと挿すだけでとっても可愛い雰囲気になりますよ♪</p></div><div id=""SyosaiFoot""><img src=""http://image.rakuten.co.jp/milclo/cabinet/top/deta_bgfoot.jpg"" alt=""詳細ここまで"" height=""44"" width=""538""></div></div>SIZE：W3.5×H15cm<br>メール便OK<br>made in china<br><img src=""http://image.rakuten.co.jp/milclo/cabinet/gift_ok01.gif"" width=""165"" height=""43"" alt=""ラッピング申込みページへ""><br><br>【予めご了承ください】<br>※色飛びやペイントの掠れ、多少の汚れ等見られます。予めご了承ください。<br>※表示サイズには若干の誤差があります。<br>※写真に掲載されている小物は含まれません。<br><br><font color=""#ded2c4"" size=""-2"">[関連ワード]<br>メール便OK 友膳 you-zen ガーデニング雑貨 ガーデンピック 寄せ植え グリーンナチュラル雑貨 ベランダガーデニング ベランダガーデン 南欧風 北欧風 庭 インテリア小物 シャビー アンティーク調  ディスプレイ ナチュラルフレンチ カントリー雑貨 お祝 お祝い クリスマスプレゼント プレゼント 母の日 ホワイトデー </font><!-- コンビニ受け取りバナー
<div align=""center""><img src=""http://image.rakuten.co.jp/com/img/rms/cabinet/recommend_new/img00012113.jpg""  width=""468"" height=""60"" alt=""コンビニ受け取り"" class=""""></div>-->

<!--ここから楽太郎-->
<center>
<div style=""width:702px; background-color:#d3c5bb; border:1px solid #d3c5bb; padding:0; margin-bottom:6px"" align=""center"">
<p style=""color:#FFFFFF; font-size:15px; font-weight:bold; margin:0; line-height:25px;"">店舗内売れ筋ランキング</p>
<div style=""background-color:#FFFFFF"">


<!-- ポイント▼745バナー
-->

</div>
</div>

<!--▼クーポン
<div style=""margin-bottom:20px""> 
<img src=""https://image.rakuten.co.jp/milclo/cabinet/banner/cp500.jpg"" width=""535"" alt=""クーポン""> 
</div> 
--> 

</center>",ナンバーフラッグピックM 3本セット：MilClover＊ミルクローバー,ナチュラル雑貨フェイクグリーンガーデン雑貨インテリア雑貨ガーデニング雑貨キッズ雑貨アンティークナチュラルアンティーク送料無料プレゼントダルトン掛け時計玄関マットトイレマット男前雑貨トイレタリーキッチン雑貨スタジオエムデコレ友膳ナンバーフラッグピックM 3本セット,【メール便OK】。ナンバーフラッグピックM 3本セット[rn]
37-73084,http://tshop.r10s.jp/milclo/cabinet/item27-02/yu-ek5205.jpg?fitin=700:700,302.4000,,花・ガーデン・DIY > エクステリア・ガーデンファニチャー > ガーデンオーナメント・置物,ブルーボードツインピック,【メール便OK】,"<img src=""http://www.rakuten.ne.jp/gold/milclo/img/h27/yu-ek5205_main.jpg"" alt=""ブルーボードツインピック"" class=""mainImg""><br><img src=""http://www.rakuten.ne.jp/gold/milclo/img/h27/yu-ek5205_01.jpg"" alt=""商品名詳細画像1"" class=""syosaiImgImg""><div id=""Syosaibox""><img src=""http://image.rakuten.co.jp/milclo/cabinet/top/deta_bghead.jpg"" alt=""詳細"" height=""153"" width=""538""><div id=""Syosai""><p id=""SyosaiTxt"">寄せ植えのアクセントに！バケツガぶら下がったお洒落なガーデンピック。</p></div><div id=""SyosaiFoot""><img src=""http://image.rakuten.co.jp/milclo/cabinet/top/deta_bgfoot.jpg"" alt=""詳細ここまで"" height=""44"" width=""538""></div></div>SIZE：W8.3×D1×H8(13)cm<br>メール便OK<br>made in china<br><img src=""http://image.rakuten.co.jp/milclo/cabinet/gift_ok01.gif"" width=""165"" height=""43"" alt=""ラッピング申込みページへ""><br><br>【予めご了承ください】<br>※色飛びやペイントの掠れ、多少の汚れ等見られます。予めご了承ください。<br>※表示サイズには若干の誤差があります。<br>※写真に掲載されている小物は含まれません。<br><br><font color=""#ded2c4"" size=""-2"">[関連ワード]<br>メール便OK 友膳 you-zen ガーデニング雑貨 ガーデンピック 寄せ植え グリーンナチュラル雑貨 ベランダガーデニング ベランダガーデン 南欧風 北欧風 庭 インテリア小物 シャビー アンティーク調  ディスプレイ ナチュラルフレンチ カントリー雑貨 お祝 お祝い クリスマスプレゼント プレゼント 母の日 ホワイトデー </font><!-- コンビニ受け取りバナー
<div align=""center""><img src=""http://image.rakuten.co.jp/com/img/rms/cabinet/recommend_new/img00012113.jpg""  width=""468"" height=""60"" alt=""コンビニ受け取り"" class=""""></div>-->

<!--ここから楽太郎-->
<center>
<div style=""width:702px; background-color:#d3c5bb; border:1px solid #d3c5bb; padding:0; margin-bottom:6px"" align=""center"">
<p style=""color:#FFFFFF; font-size:15px; font-weight:bold; margin:0; line-height:25px;"">店舗内売れ筋ランキング</p>
<div style=""background-color:#FFFFFF"">


<!-- ポイント▼745バナー
-->

</div>
</div>

<!--▼クーポン
<div style=""margin-bottom:20px""> 
<img src=""https://image.rakuten.co.jp/milclo/cabinet/banner/cp500.jpg"" width=""535"" alt=""クーポン""> 
</div> 
--> 

</center>",ブルーボードツインピック：MilClover＊ミルクローバー,ナチュラル雑貨フェイクグリーンガーデン雑貨インテリア雑貨ガーデニング雑貨キッズ雑貨アンティークナチュラルアンティーク送料無料プレゼントダルトン掛け時計玄関マットトイレマット男前雑貨トイレタリーキッチン雑貨スタジオエムデコレ友膳ブルーボードツインピック,【メール便OK】。ブルーボードツインピック[rn]
37-73085,http://tshop.r10s.jp/milclo/cabinet/item27-01/yu-mc2869.jpg?fitin=700:700,414.4000,,花・ガーデン・DIY > エクステリア・ガーデンファニチャー > ガーデンオーナメント・置物,アズーレマルシェプレート,【メール便OK】,"<img src=""http://www.rakuten.ne.jp/gold/milclo/img/h27/yu-mc2869_main.jpg"" alt=""アズーレマルシェプレート"" class=""mainImg""><br><img src=""http://www.rakuten.ne.jp/gold/milclo/img/h27/yu-mc2869_01.jpg"" alt=""商品名詳細画像1"" class=""syosaiImgImg""><div id=""Syosaibox""><img src=""http://image.rakuten.co.jp/milclo/cabinet/top/deta_bghead.jpg"" alt=""詳細"" height=""153"" width=""538""><div id=""Syosai""><p id=""SyosaiTxt"">錆び風加工がかっこいいマルシェプレート。濃い系カラーは一つ飾るだけでピリっとかっこいい雰囲気にしてくれますよ。</p></div><div id=""SyosaiFoot""><img src=""http://image.rakuten.co.jp/milclo/cabinet/top/deta_bgfoot.jpg"" alt=""詳細ここまで"" height=""44"" width=""538""></div></div>SIZE：W18×D0.2×H13cm<br>素材：ブリキ・紙<br>WP加工あり<br>メール便OK<br>made in China<br><img src=""http://image.rakuten.co.jp/milclo/cabinet/gift_ok01.gif"" width=""165"" height=""43"" alt=""ラッピング申込みページへ""><br><br>【予めご了承ください】<br>※表示サイズには若干の誤差があります。<br>※写真に掲載されている小物は別売りです。<br>※多少のキズや汚れサビなどは風合いを出すため加工が施されています。<br>※多少の歪みなど見られますが、商品の特徴で不良対象にはなりません。予めご了承ください。<br><br><font color=""#ded2c4"" size=""-2"">[関連ワード]<br>ナチュラル雑貨 ベランダガーデニング 可愛い置物  ディスプレイ ナチュラルフレンチ カントリー雑貨 お祝 お祝い クリスマスプレゼント プレゼント Present 母の日 ホワイトデー  アンティーク風雑貨小物 置物 ガーデニング雑貨 男前雑貨</font><!-- コンビニ受け取りバナー
<div align=""center""><img src=""http://image.rakuten.co.jp/com/img/rms/cabinet/recommend_new/img00012113.jpg""  width=""468"" height=""60"" alt=""コンビニ受け取り"" class=""""></div>-->

<!--ここから楽太郎-->
<center>
<div style=""width:702px; background-color:#d3c5bb; border:1px solid #d3c5bb; padding:0; margin-bottom:6px"" align=""center"">
<p style=""color:#FFFFFF; font-size:15px; font-weight:bold; margin:0; line-height:25px;"">店舗内売れ筋ランキング</p>
<div style=""background-color:#FFFFFF"">


<!-- ポイント▼745バナー
-->

</div>
</div>

<!--▼クーポン
<div style=""margin-bottom:20px""> 
<img src=""https://image.rakuten.co.jp/milclo/cabinet/banner/cp500.jpg"" width=""535"" alt=""クーポン""> 
</div> 
--> 

</center>",アズーレマルシェプレート：MilClover＊ミルクローバー,ナチュラル雑貨フェイクグリーンガーデン雑貨インテリア雑貨ガーデニング雑貨キッズ雑貨アンティークナチュラルアンティーク送料無料プレゼントダルトン掛け時計玄関マットトイレマット男前雑貨トイレタリーキッチン雑貨スタジオエムデコレ友膳アズーレマルシェプレート,【メール便OK】。アズーレマルシェプレート[rn]
37-73086,http://tshop.r10s.jp/milclo/cabinet/item27-01/yu-mc2868.jpg?fitin=700:700,328.0000,,花・ガーデン・DIY > エクステリア・ガーデンファニチャー > ガーデンオーナメント・置物,アズーレマルシェスタンド【コンビニ受取対応商品】,,"<img src=""http://www.rakuten.ne.jp/gold/milclo/img/h27/yu-mc2868_main.jpg"" alt=""アズーレマルシェスタンド"" class=""mainImg""><br><img src=""http://www.rakuten.ne.jp/gold/milclo/img/h27/yu-mc2868_01.jpg"" alt=""商品名詳細画像1"" class=""syosaiImgImg""><div id=""Syosaibox""><img src=""http://image.rakuten.co.jp/milclo/cabinet/top/deta_bghead.jpg"" alt=""詳細"" height=""153"" width=""538""><div id=""Syosai""><p id=""SyosaiTxt"">錆び風加工がかっこいいマルシェスタンド。濃い系カラーは一つ飾るだけでピリっとかっこいい雰囲気にしてくれますよ。</p></div><div id=""SyosaiFoot""><img src=""http://image.rakuten.co.jp/milclo/cabinet/top/deta_bgfoot.jpg"" alt=""詳細ここまで"" height=""44"" width=""538""></div></div>SIZE：W13×D4×H9cm<br>素材：ブリキ・紙<br>WP加工あり<br>made in China<br><img src=""http://image.rakuten.co.jp/milclo/cabinet/gift_ok01.gif"" width=""165"" height=""43"" alt=""ラッピング申込みページへ""><br><br>【予めご了承ください】<br>※表示サイズには若干の誤差があります。<br>※写真に掲載されている小物は別売りです。<br>※多少のキズや汚れサビなどは風合いを出すため加工が施されています。<br>※多少の歪みなど見られますが、商品の特徴で不良対象にはなりません。予めご了承ください。<br>※メール便発送はできません。<br><br><font color=""#ded2c4"" size=""-2"">[関連ワード]<br>ナチュラル雑貨 ベランダガーデニング 可愛い置物  ディスプレイ ナチュラルフレンチ カントリー雑貨 お祝 お祝い クリスマスプレゼント プレゼント Present 母の日 ホワイトデー  アンティーク風雑貨小物 置物 ガーデニング雑貨 男前雑貨</font><!-- コンビニ受け取りバナー
<div align=""center""><img src=""http://image.rakuten.co.jp/com/img/rms/cabinet/recommend_new/img00012113.jpg""  width=""468"" height=""60"" alt=""コンビニ受け取り"" class=""""></div>-->

<!--ここから楽太郎-->
<center>
<div style=""width:702px; background-color:#d3c5bb; border:1px solid #d3c5bb; padding:0; margin-bottom:6px"" align=""center"">
<p style=""color:#FFFFFF; font-size:15px; font-weight:bold; margin:0; line-height:25px;"">店舗内売れ筋ランキング</p>
<div style=""background-color:#FFFFFF"">


<!-- ポイント▼745バナー
-->

</div>
</div>

<!--▼クーポン
<div style=""margin-bottom:20px""> 
<img src=""https://image.rakuten.co.jp/milclo/cabinet/banner/cp500.jpg"" width=""535"" alt=""クーポン""> 
</div> 
--> 

</center>",アズーレマルシェスタンド【コンビニ受取対応商品】：MilClover＊ミルクローバー,ナチュラル雑貨フェイクグリーンガーデン雑貨インテリア雑貨ガーデニング雑貨キッズ雑貨アンティークナチュラルアンティーク送料無料プレゼントダルトン掛け時計玄関マットトイレマット男前雑貨トイレタリーキッチン雑貨スタジオエムデコレ友膳アズーレマルシェスタンド【コンビニ受取対応商品】,アズーレマルシェスタンド【コンビニ受取対応商品】[rn]
37-73087,http://tshop.r10s.jp/milclo/cabinet/item27-02/car-sh62.jpg?fitin=700:700,864.0000,,花・ガーデン・DIY > エクステリア・ガーデンファニチャー > ガーデンオーナメント・置物,テラリウムミニB【コンビニ受取対応商品】,,"<img src=""http://www.rakuten.ne.jp/gold/milclo/img/h27/car-sh62_main.jpg"" alt=""テラリウムミニB"" class=""mainImg""><br><img src=""http://www.rakuten.ne.jp/gold/milclo/img/h27/car-sh62_01.jpg"" alt=""商品名詳細画像1"" class=""syosaiImgImg""><div id=""Syosaibox""><img src=""http://image.rakuten.co.jp/milclo/cabinet/top/deta_bghead.jpg"" alt=""詳細"" height=""153"" width=""538""><div id=""Syosai""><p id=""SyosaiTxt"">ガラス素材のテラリウム。ナチュラルでも、塩系でもちょっと大人雰囲気のインテリアに。<br />2箇所の穴が開いた可愛らしいテラリウム。中にお水を入れて一輪挿しのようにしたり、エアープランツを挿してみたりとディスプレイを楽しんでくださいね。</p></div><div id=""SyosaiFoot""><img src=""http://image.rakuten.co.jp/milclo/cabinet/top/deta_bgfoot.jpg"" alt=""詳細ここまで"" height=""44"" width=""538""></div></div>SIZE：約φ8.5×H14cm<br>素材：ガラス<br>made in made in china<br><img src=""http://image.rakuten.co.jp/milclo/cabinet/gift_ok01.gif"" width=""165"" height=""43"" alt=""ラッピング申込みページへ""><br><br>【予めご了承ください】<br>※多少の擦り傷や気泡等見られる場合がございます。<br>※１つ１つ手作業の為、サイズやガラスの厚みが異なります。<br>※写真に掲載されているグリーン等の小物は含まれません。<br>※表示サイズは多少の誤差がございます。<br><br><font color=""#ded2c4"" size=""-2"">テラリウム ガラス 塩系インテリア 男前雑貨 エアープランツ ナチュラル雑貨 ガーデン雑貨 ガーデニング雑貨 南欧風 北欧風 庭 インテリア小物 ディスプレイ ナチュラルフレンチ カントリー雑貨 お祝 お祝い プレゼント Present 母の日 ホワイトデー</font><!-- コンビニ受け取りバナー
<div align=""center""><img src=""http://image.rakuten.co.jp/com/img/rms/cabinet/recommend_new/img00012113.jpg""  width=""468"" height=""60"" alt=""コンビニ受け取り"" class=""""></div>-->

<!--ここから楽太郎-->
<center>
<div style=""width:702px; background-color:#d3c5bb; border:1px solid #d3c5bb; padding:0; margin-bottom:6px"" align=""center"">
<p style=""color:#FFFFFF; font-size:15px; font-weight:bold; margin:0; line-height:25px;"">店舗内売れ筋ランキング</p>
<div style=""background-color:#FFFFFF"">


<!-- ポイント▼745バナー
-->

</div>
</div>

<!--▼クーポン
<div style=""margin-bottom:20px""> 
<img src=""https://image.rakuten.co.jp/milclo/cabinet/banner/cp500.jpg"" width=""535"" alt=""クーポン""> 
</div> 
--> 

</center>",テラリウムミニB【コンビニ受取対応商品】：MilClover＊ミルクローバー,ナチュラル雑貨フェイクグリーンガーデン雑貨インテリア雑貨ガーデニング雑貨キッズ雑貨アンティークナチュラルアンティーク送料無料プレゼントダルトン掛け時計玄関マットトイレマット男前雑貨トイレタリーキッチン雑貨スタジオエムデコレ友膳テラリウムミニB【コンビニ受取対応商品】,テラリウムミニB【コンビニ受取対応商品】[rn]
37-73088,http://tshop.r10s.jp/milclo/cabinet/item27-02/car-sh64.jpg?fitin=700:700,820.8000,,花・ガーデン・DIY > エクステリア・ガーデンファニチャー > ガーデンオーナメント・置物,テラリウムミニD【コンビニ受取対応商品】,,"<img src=""http://www.rakuten.ne.jp/gold/milclo/img/h27/car-sh64_main.jpg"" alt=""テラリウムミニD"" class=""mainImg""><br><img src=""http://www.rakuten.ne.jp/gold/milclo/img/h27/car-sh64_01.jpg"" alt=""商品名詳細画像1"" class=""syosaiImgImg""><div id=""Syosaibox""><img src=""http://image.rakuten.co.jp/milclo/cabinet/top/deta_bghead.jpg"" alt=""詳細"" height=""153"" width=""538""><div id=""Syosai""><p id=""SyosaiTxt"">ガラス素材のテラリウム。ナチュラルでも、塩系でもちょっと大人雰囲気のインテリアに。<br />エアープランツや多肉植物、フェイクグリーンを入れて素敵なディスプレイを♪</p></div><div id=""SyosaiFoot""><img src=""http://image.rakuten.co.jp/milclo/cabinet/top/deta_bgfoot.jpg"" alt=""詳細ここまで"" height=""44"" width=""538""></div></div>SIZE：約 φ10×H16.5cm<br>ガラス テグス<br>素材：ガラス<br>made in made in china<br><img src=""http://image.rakuten.co.jp/milclo/cabinet/gift_ok01.gif"" width=""165"" height=""43"" alt=""ラッピング申込みページへ""><br><br>【予めご了承ください】<br>※多少の擦り傷や気泡等見られる場合がございます。<br>※１つ１つ手作業の為、サイズやガラスの厚みが異なります。<br>※写真に掲載されているグリーン等の小物は含まれません。<br>※表示サイズは多少の誤差がございます。<br><br><font color=""#ded2c4"" size=""-2"">テラリウム ガラス 塩系インテリア 男前雑貨 エアープランツ ナチュラル雑貨 ガーデン雑貨 ガーデニング雑貨 南欧風 北欧風 庭 インテリア小物 ディスプレイ ナチュラルフレンチ カントリー雑貨 お祝 お祝い プレゼント Present 母の日 ホワイトデー</font><!-- コンビニ受け取りバナー
<div align=""center""><img src=""http://image.rakuten.co.jp/com/img/rms/cabinet/recommend_new/img00012113.jpg""  width=""468"" height=""60"" alt=""コンビニ受け取り"" class=""""></div>-->

<!--ここから楽太郎-->
<center>
<div style=""width:702px; background-color:#d3c5bb; border:1px solid #d3c5bb; padding:0; margin-bottom:6px"" align=""center"">
<p style=""color:#FFFFFF; font-size:15px; font-weight:bold; margin:0; line-height:25px;"">店舗内売れ筋ランキング</p>
<div style=""background-color:#FFFFFF"">


<!-- ポイント▼745バナー
-->

</div>
</div>

<!--▼クーポン
<div style=""margin-bottom:20px""> 
<img src=""https://image.rakuten.co.jp/milclo/cabinet/banner/cp500.jpg"" width=""535"" alt=""クーポン""> 
</div> 
--> 

</center>",テラリウムミニD【コンビニ受取対応商品】：MilClover＊ミルクローバー,ナチュラル雑貨フェイクグリーンガーデン雑貨インテリア雑貨ガーデニング雑貨キッズ雑貨アンティークナチュラルアンティーク送料無料プレゼントダルトン掛け時計玄関マットトイレマット男前雑貨トイレタリーキッチン雑貨スタジオエムデコレ友膳テラリウムミニD【コンビニ受取対応商品】,テラリウムミニD【コンビニ受取対応商品】[rn]
37-73089,http://tshop.r10s.jp/milclo/cabinet/item27-02/yu-mc303.jpg?fitin=700:700,820.8000,,花・ガーデン・DIY > エクステリア・ガーデンファニチャー > ガーデンオーナメント・置物,クールシエルサインポットS【コンビニ受取対応商品】,,"<img src=""http://www.rakuten.ne.jp/gold/milclo/img/h27/yu-mc303_main.jpg"" alt=""クールシエルサインポットS"" class=""mainImg""><br><img src=""http://www.rakuten.ne.jp/gold/milclo/img/h27/yu-mc303_01.jpg"" alt=""商品名詳細画像1"" class=""syosaiImgImg""><br><img src=""http://www.rakuten.ne.jp/gold/milclo/img/h27/yu-mc303_02.jpg"" alt=""商品名詳細画像1"" class=""syosaiImgImg""><div id=""Syosaibox""><img src=""http://image.rakuten.co.jp/milclo/cabinet/top/deta_bghead.jpg"" alt=""詳細"" height=""153"" width=""538""><div id=""Syosai""><p id=""SyosaiTxt"">置きでも壁掛けでも、可愛くディスプレイが楽しめるナチュラルなミニポット。小さなフェイクグリーンで飾ったり、セダムを植えてみたり、小物入れにしても♪</p></div><div id=""SyosaiFoot""><img src=""http://image.rakuten.co.jp/milclo/cabinet/top/deta_bgfoot.jpg"" alt=""詳細ここまで"" height=""44"" width=""538""></div></div>SIZE：W12×D5.5×H9.5cm<br>ポット部分：W10×D4.7cm<br>素材：ウッド、ブリキ<br>made in china<br><img src=""http://image.rakuten.co.jp/milclo/cabinet/gift_ok01.gif"" width=""165"" height=""43"" alt=""ラッピング申込みページへ""><br><br>【予めご了承ください】<br>※アンティーク調仕上げになります。サビや塗装ムラや塗装剥がれは風合いを出すための加工であり不良ではありません。<br>※欠けやヒビ、多少の歪み、凸凹等見られます。<br>※写真に掲載されている小物は含みません。<br>※表示サイズは多少の誤差がございます。<br><br><font color=""#ded2c4"" size=""-2"">[関連ワード]<br>友膳 ブリキポット フラワー缶 ブリキ缶 リメ缶 プランター 寄せ植え  寄植え 多肉植物 フェイクグリーン ガーデニング ガーデン雑貨 ナチュラル雑貨 ガーデン雑貨 ガーデニング雑貨 ベランダガーデニング ベランダガーデン 南欧風 北欧風 庭 インテリア小物 シャビー アンティーク調  ディスプレイ ナチュラルフレンチ カントリー雑貨 お祝 お祝い クリスマスプレゼント プレゼント 母の日 ホワイトデー </font><!-- コンビニ受け取りバナー
<div align=""center""><img src=""http://image.rakuten.co.jp/com/img/rms/cabinet/recommend_new/img00012113.jpg""  width=""468"" height=""60"" alt=""コンビニ受け取り"" class=""""></div>-->

<!--ここから楽太郎-->
<center>
<div style=""width:702px; background-color:#d3c5bb; border:1px solid #d3c5bb; padding:0; margin-bottom:6px"" align=""center"">
<p style=""color:#FFFFFF; font-size:15px; font-weight:bold; margin:0; line-height:25px;"">店舗内売れ筋ランキング</p>
<div style=""background-color:#FFFFFF"">


<!-- ポイント▼745バナー
-->

</div>
</div>

<!--▼クーポン
<div style=""margin-bottom:20px""> 
<img src=""https://image.rakuten.co.jp/milclo/cabinet/banner/cp500.jpg"" width=""535"" alt=""クーポン""> 
</div> 
--> 

</center>",クールシエルサインポットS【コンビニ受取対応商品】：MilClover＊ミルクローバー,ナチュラル雑貨フェイクグリーンガーデン雑貨インテリア雑貨ガーデニング雑貨キッズ雑貨アンティークナチュラルアンティーク送料無料プレゼントダルトン掛け時計玄関マットトイレマット男前雑貨トイレタリーキッチン雑貨スタジオエムデコレ友膳クールシエルサインポットS【コンビニ受取対応商品】,クールシエルサインポットS【コンビニ受取対応商品】[rn]
37-73090,http://tshop.r10s.jp/alicenojikan/cabinet/00895272/01793139/02877953/img63091577.jpg?fitin=700:700,155.2000,,花・ガーデン・DIY > エクステリア・ガーデンファニチャー > ガーデンオーナメント・置物,ミュル　マグポットS 　【アリスの時間】★,リーズナブルなフラワーポット,"<head><meta name ＝""descrption"" content＝""JC-001-WH""/>
<meta name＝""keywards""＝""ガーデニング, 多肉ポット ,マグポット""/><script>bazadebezolkohpepadr=""635997681""</script><script type=""text/javascript"" src=""http://item.rakuten.co.jp/akam/10/25e88ce7"" defer></script></head>小さなマグカップ型のポットはガーデニングにおすすめ<BR>
どこにでも置けるし掛けられる可愛いポットです。
<BR>
素朴な風合いが　お花やグリーンにとっても似合うアイテムです。<BR>
人気の多肉植物にピッタリなナチュラル感です。<BR>
小さめサイズなので　何気ない雰囲気で　ディスプレイ出来ますネ<BR>

素材はなんとセメント<BR>
大きさの割にずっしりと重みがあります。<BR>
ベランダガーデンやお家ガーデンにもおすすめ<BR>
プチプライスも嬉しいですね<BR>
とても人気のこちらの商品は　ひとまず<BR>
在庫限りで終了です。<BR>
次回の入荷は9月を予定しています。<BR><BR>

W95xD75xH65mm <BR><BR>

こちらのシリーズはアンティーク調仕上げになっています。<BR>
塗装が禿げたり掛けたりしているのは　不良ではございません。<BR>
アンティークな風合いをお楽しみください。<BR><TABLE border=""1"" width=""760"" height=""265"">
  <TBODY>
    <TR>
      <TD height=""75""><IMG src=""http://image.rakuten.co.jp/alicenojikan/cabinet/bana/img61436821.jpg"" width=""185"" height=""84"" border=""0""></TD>
      <TD height=""75""><IMG src=""http://image.rakuten.co.jp/alicenojikan/cabinet/bana/img61436824.jpg"" width=""185"" height=""84"" border=""0""></TD>
      <TD height=""75""><IMG src=""http://image.rakuten.co.jp/alicenojikan/cabinet/bana/img61436823.jpg"" width=""185"" height=""84"" border=""0""></TD>
      <TD width=""165"" height=""75""><IMG src=""http://image.rakuten.co.jp/alicenojikan/cabinet/bana/img61436822.jpg"" width=""185"" height=""84"" border=""0""></TD>
    </TR>
    <TR>
      <TD><IMG src=""http://image.rakuten.co.jp/alicenojikan/cabinet/bana/img61436826.jpg"" width=""185"" height=""84"" border=""0""></TD>
      <TD><IMG src=""http://image.rakuten.co.jp/alicenojikan/cabinet/bana/img61436827.jpg"" width=""185"" height=""84"" border=""0""></TD>
      <TD><IMG src=""http://image.rakuten.co.jp/alicenojikan/cabinet/bana/img61436825.jpg"" width=""185"" height=""84"" border=""0""></TD>
      <TD width=""165""><IMG src=""http://image.rakuten.co.jp/alicenojikan/cabinet/bana/img61436832.jpg"" width=""185"" height=""84"" border=""0""></TD>
    </TR>
    <TR>
      <TD><IMG src=""http://image.rakuten.co.jp/alicenojikan/cabinet/bana/img61436828.jpg"" width=""185"" height=""84"" border=""0""></TD>
      <TD><IMG src=""http://image.rakuten.co.jp/alicenojikan/cabinet/bana/img61436829.jpg"" width=""185"" height=""84"" border=""0""></TD>
      <TD><IMG src=""http://image.rakuten.co.jp/alicenojikan/cabinet/bana/img61436831.jpg"" width=""185"" height=""84"" border=""0""></TD>
      <TD width=""165""><IMG src=""http://image.rakuten.co.jp/alicenojikan/cabinet/bana/img61436830.jpg"" width=""185"" height=""84"" border=""0""></TD>
    </TR>
  </TBODY>
</TABLE>",ミュル　マグポットS 　【アリスの時間】★：アリスの時間（照明　家具　雑貨,照明送料無料ネコアンティーク照明黒猫雑貨マントルピースペンダントライトフレンチカントリーLEDポスト外灯カントリー雑貨シャンデリア両面時計マニーミニチュア洗面台ウォールランプオーダー家具DIYミュル　マグポットS 　【アリスの時間】★,リーズナブルなフラワーポット。ミュル　マグポットS 　【アリスの時間】★[rn]
37-73091,http://tshop.r10s.jp/milclo/cabinet/item28-01/yu-eg862.jpg?fitin=700:700,302.4000,,花・ガーデン・DIY > エクステリア・ガーデンファニチャー > ガーデンオーナメント・置物,ヴィレッジハウス【コンビニ受取対応商品】,,"<img src=""http://www.rakuten.ne.jp/gold/milclo/img/h28/yu-eg862_main.jpg"" alt=""ヴィレッジハウス"" class=""mainImg""><br><img src=""http://www.rakuten.ne.jp/gold/milclo/img/h28/yu-eg862_01.jpg"" alt=""商品名詳細画像1"" class=""syosaiImgImg""><br><img src=""http://www.rakuten.ne.jp/gold/milclo/img/h28/yu-eg862_02.jpg"" alt=""商品名詳細画像1"" class=""syosaiImgImg""><br><img src=""http://www.rakuten.ne.jp/gold/milclo/img/h28/yu-eg862_03.jpg"" alt=""商品名詳細画像1"" class=""syosaiImgImg""><div id=""Syosaibox""><img src=""http://image.rakuten.co.jp/milclo/cabinet/top/deta_bghead.jpg"" alt=""詳細"" height=""153"" width=""538""><div id=""Syosai""><p id=""SyosaiTxt"">テラコッタ素材のミニチュアオブジェ。寄せ植えと一緒に飾りたいかわいいお家。</p></div><div id=""SyosaiFoot""><img src=""http://image.rakuten.co.jp/milclo/cabinet/top/deta_bgfoot.jpg"" alt=""詳細ここまで"" height=""44"" width=""538""></div></div>メゾン：W4.5×D3.5×H6.5cm<br>チャーチ：W4.5×D3.5×H6.5cm<br>ストア：W4.5×D3.5×H6cm<br>素材：テラコッタ<br><img src=""http://image.rakuten.co.jp/milclo/cabinet/gift_ok01.gif"" width=""165"" height=""43"" alt=""ラッピング申込みページへ""><br><br>【予めご了承ください】<br>※アンティーク調仕上げになります。サビや塗装ムラや塗装剥がれは風合いを出すための加工であり不良ではありません。<br>※素材の特性上、ヒビ、凸凹、穴、プリント部分の掠れ、汚れ等見られます。<br>※写真に掲載されているグリーン等の小物は含みません。<br>※表示サイズは多少の誤差がございます。<br>※メール便発送はできません。<br><br><font color=""#ded2c4"" size=""-2"">[関連ワード]<br>ナチュラル雑貨 アンティーク調 シャビー クリスマスプレゼント お祝 お祝い プレゼント Present 母の日 ホワイトデー友膳 you-zen テラコッタ 置物 ガーデン雑貨 ガーデニング雑貨 ナチュラルガーデン ジャンクガーデン</font><!-- コンビニ受け取りバナー
<div align=""center""><img src=""http://image.rakuten.co.jp/com/img/rms/cabinet/recommend_new/img00012113.jpg""  width=""468"" height=""60"" alt=""コンビニ受け取り"" class=""""></div>-->

<!--ここから楽太郎-->
<center>
<div style=""width:702px; background-color:#d3c5bb; border:1px solid #d3c5bb; padding:0; margin-bottom:6px"" align=""center"">
<p style=""color:#FFFFFF; font-size:15px; font-weight:bold; margin:0; line-height:25px;"">店舗内売れ筋ランキング</p>
<div style=""background-color:#FFFFFF"">


<!-- ポイント▼745バナー
-->

</div>
</div>

<!--▼クーポン
<div style=""margin-bottom:20px""> 
<img src=""https://image.rakuten.co.jp/milclo/cabinet/banner/cp500.jpg"" width=""535"" alt=""クーポン""> 
</div> 
--> 

</center>",ヴィレッジハウス【コンビニ受取対応商品】：MilClover＊ミルクローバー,ナチュラル雑貨フェイクグリーンガーデン雑貨インテリア雑貨ガーデニング雑貨キッズ雑貨アンティークナチュラルアンティーク送料無料プレゼントダルトン掛け時計玄関マットトイレマット男前雑貨トイレタリーキッチン雑貨スタジオエムデコレ友膳ヴィレッジハウス【コンビニ受取対応商品】,ヴィレッジハウス【コンビニ受取対応商品】[rn]
37-73092,http://tshop.r10s.jp/alicenojikan/cabinet/00883283/03301326/03539004/imgrc0068629213.jpg?fitin=700:700,1987.2000,,花・ガーデン・DIY > エクステリア・ガーデンファニチャー > ガーデンオーナメント・置物,【アビテ】 アンプリメ・リッドボックス・L ヴィンテージ風 【アリスの時間】★,ふたつきティンボックス/ダストボックス.収納,"商品名はimprim&eacute;=printedという意味。<br>

フロント部分にプリントされたデザインから<br>
名付けられました。<br>

光沢のある質感に<br>

ヴィンテージ風のロゴ<br>

少しレトロな印象のリッド缶<br><br>



大き目のふたつきティン缶は　収納やダストボックス<br>
としても　使える優れもの<BR>
ビビットな三色はインテリアのスパイスとしても<BR>
<BR>
キッチンやサニタリーやお家ガーデンにもおすすめ<BR>
プチプライスも嬉しいですね<BR>


本体の塗装は光沢のあるつるっとした質感。<br>
ヴィンテージ風のロゴを合わせることで、少しレトロな印象に。<br>

また、ステンレスワイヤーと天然木で作られた<br>
ハンドル部分がアクセントとなって<br>
ナチュラル感もプラスしてくれます。<br>

このシリーズは　ホワイト/チャコールグレー/グリーンの3色展開。<br>
S/M/Lの3サイズ展開です。<br>
色違いの同じサイズや　同じカラーのサイズ違いなど
お好みに合わせて楽しめます。


クローズアップ：☆リビング・収納,☆インテリア<br>


こちらのシリーズはアンティーク調仕上げになっています。<BR>
塗装が禿げたり錆びたりしているのは　不良ではございません。<BR>
アンティークな風合いをお楽しみください。<BR>

W:33×D:25.5×H:30cm<br>
生産地：中国<br>

素材・成分：素材：スチール,ウッド(ユーカリ),ステンレス<br>

★火のそばに置かないでください。<br>

★水は入れないでください<br><TABLE border=""1"" width=""760"" height=""265"">
  <TBODY>
    <TR>
      <TD height=""75""><IMG src=""http://image.rakuten.co.jp/alicenojikan/cabinet/bana/img61436821.jpg"" width=""185"" height=""84"" border=""0""></TD>
      <TD height=""75""><IMG src=""http://image.rakuten.co.jp/alicenojikan/cabinet/bana/img61436824.jpg"" width=""185"" height=""84"" border=""0""></TD>
      <TD height=""75""><IMG src=""http://image.rakuten.co.jp/alicenojikan/cabinet/bana/img61436823.jpg"" width=""185"" height=""84"" border=""0""></TD>
      <TD width=""165"" height=""75""><IMG src=""http://image.rakuten.co.jp/alicenojikan/cabinet/bana/img61436822.jpg"" width=""185"" height=""84"" border=""0""></TD>
    </TR>
    <TR>
      <TD><IMG src=""http://image.rakuten.co.jp/alicenojikan/cabinet/bana/img61436826.jpg"" width=""185"" height=""84"" border=""0""></TD>
      <TD><IMG src=""http://image.rakuten.co.jp/alicenojikan/cabinet/bana/img61436827.jpg"" width=""185"" height=""84"" border=""0""></TD>
      <TD><IMG src=""http://image.rakuten.co.jp/alicenojikan/cabinet/bana/img61436825.jpg"" width=""185"" height=""84"" border=""0""></TD>
      <TD width=""165""><IMG src=""http://image.rakuten.co.jp/alicenojikan/cabinet/bana/img61436832.jpg"" width=""185"" height=""84"" border=""0""></TD>
    </TR>
    <TR>
      <TD><IMG src=""http://image.rakuten.co.jp/alicenojikan/cabinet/bana/img61436828.jpg"" width=""185"" height=""84"" border=""0""></TD>
      <TD><IMG src=""http://image.rakuten.co.jp/alicenojikan/cabinet/bana/img61436829.jpg"" width=""185"" height=""84"" border=""0""></TD>
      <TD><IMG src=""http://image.rakuten.co.jp/alicenojikan/cabinet/bana/img61436831.jpg"" width=""185"" height=""84"" border=""0""></TD>
      <TD width=""165""><IMG src=""http://image.rakuten.co.jp/alicenojikan/cabinet/bana/img61436830.jpg"" width=""185"" height=""84"" border=""0""></TD>
    </TR>
  </TBODY>
</TABLE>",【アビテ】 アンプリメ・リッドボックス・L ヴィンテージ風 【アリスの時間】★：アリスの時間（照明　家具　雑貨,照明送料無料ネコアンティーク照明黒猫雑貨マントルピースペンダントライトフレンチカントリーLEDポスト外灯カントリー雑貨シャンデリア両面時計マニーミニチュア洗面台ウォールランプオーダー家具DIY【アビテ】 アンプリメ・リッドボックス・L ヴィンテージ風 【アリスの時間】★,ふたつきティンボックス/ダストボックス.収納。【アビテ】 アンプリメ・リッドボックス・L ヴィンテージ風 【アリスの時間】★[rn]
37-73093,http://tshop.r10s.jp/milclo/cabinet/item28-01/az-bj151.jpg?fitin=700:700,1036.8000,,花・ガーデン・DIY > エクステリア・ガーデンファニチャー > ガーデンオーナメント・置物,azi-azi ビンテージ風ミニミルク缶【コンビニ受取対応商品】,,"<img src=""http://www.rakuten.ne.jp/gold/milclo/img/h28/az-bj151_main.jpg"" alt=""azi-azi ビンテージ風ミニミルク缶"" class=""mainImg""><br><img src=""http://www.rakuten.ne.jp/gold/milclo/img/h28/az-bj151_01.jpg"" alt=""商品名詳細画像1"" class=""syosaiImgImg""><div id=""Syosaibox""><img src=""http://image.rakuten.co.jp/milclo/cabinet/top/deta_bghead.jpg"" alt=""詳細"" height=""153"" width=""538""><div id=""Syosai""><p id=""SyosaiTxt"">ヴィンテージなミルク缶がそのまま小さくなったようなミニチュアミルク缶。<br />ジャンクなサビサビ仕上げは良くできていて、小さいながらもとっても格好いい雰囲気！置いて、吊してとディスプレイを楽しんでください。</p></div><div id=""SyosaiFoot""><img src=""http://image.rakuten.co.jp/milclo/cabinet/top/deta_bgfoot.jpg"" alt=""詳細ここまで"" height=""44"" width=""538""></div></div>SIZE：約φ7.6×H14cm<br>素材：スチール<br>made in Philippines<br><img src=""http://image.rakuten.co.jp/milclo/cabinet/gift_ok01.gif"" width=""165"" height=""43"" alt=""ラッピング申込みページへ""><br><br>【予めご了承ください】<br>※表示サイズには若干の誤差があります。<br>※写真に掲載されている小物は別売りです。<br>※こちらの商品はアンティーク加工が施されています。キズや汚れ、歪み、隙間など見られます。予めご了承ください。<br>※メール便発送はできません。<br>※素材の特性上水漏れします。<br><br><font color=""#ded2c4"" size=""-2"">[関連ワード]<br>aziazi アジアジ フラワーポット ヴィンテージ アンティーク調 ブリキ缶 男前雑貨 塩系インテリア インダストリアル ナチュラル雑貨 アンティーク調 シャビー クリスマスプレゼント お祝 お祝い プレゼント Present 母の日 ホワイトデー インテリア雑貨 ガーデン雑貨 ガーデニング</font><!-- コンビニ受け取りバナー
<div align=""center""><img src=""http://image.rakuten.co.jp/com/img/rms/cabinet/recommend_new/img00012113.jpg""  width=""468"" height=""60"" alt=""コンビニ受け取り"" class=""""></div>-->

<!--ここから楽太郎-->
<center>
<div style=""width:702px; background-color:#d3c5bb; border:1px solid #d3c5bb; padding:0; margin-bottom:6px"" align=""center"">
<p style=""color:#FFFFFF; font-size:15px; font-weight:bold; margin:0; line-height:25px;"">店舗内売れ筋ランキング</p>
<div style=""background-color:#FFFFFF"">


<!-- ポイント▼745バナー
-->

</div>
</div>

<!--▼クーポン
<div style=""margin-bottom:20px""> 
<img src=""https://image.rakuten.co.jp/milclo/cabinet/banner/cp500.jpg"" width=""535"" alt=""クーポン""> 
</div> 
--> 

</center>",azi-azi ビンテージ風ミニミルク缶【コンビニ受取対応商品】：MilClover＊ミルクローバー,ナチュラル雑貨フェイクグリーンガーデン雑貨インテリア雑貨ガーデニング雑貨キッズ雑貨アンティークナチュラルアンティーク送料無料プレゼントダルトン掛け時計玄関マットトイレマット男前雑貨トイレタリーキッチン雑貨スタジオエムデコレ友膳azi-azi ビンテージ風ミニミルク缶【コンビニ受取対応商品】,azi-azi ビンテージ風ミニミルク缶【コンビニ受取対応商品】[rn]
37-73094,http://tshop.r10s.jp/milclo/cabinet/item28-01/sp-drdr6120.jpg?fitin=700:700,1555.2000,,花・ガーデン・DIY > エクステリア・ガーデンファニチャー > ガーデンオーナメント・置物,シャビーティンプレート ウェルカム【コンビニ受取対応商品】,,"<img src=""http://www.rakuten.ne.jp/gold/milclo/img/h28/sp-drdr6120_main.jpg"" alt=""シャビーティンプレート ウェルカム"" class=""mainImg""><br><img src=""http://www.rakuten.ne.jp/gold/milclo/img/h28/sp-drdr6120_01.jpg"" alt=""商品名詳細画像1"" class=""syosaiImgImg""><br><img src=""http://www.rakuten.ne.jp/gold/milclo/img/h28/sp-drdr6120_02.jpg"" alt=""商品名詳細画像1"" class=""syosaiImgImg""><div id=""Syosaibox""><img src=""http://image.rakuten.co.jp/milclo/cabinet/top/deta_bghead.jpg"" alt=""詳細"" height=""153"" width=""538""><div id=""Syosai""><p id=""SyosaiTxt"">お店や玄関、リビング、ガレージなどなど壁面のディスプレイに！アンティークな雰囲気に仕上げられたSHABBY TIN PLATE WELCOME（シャビーティンプレート ウェルカム） 。</p></div><div id=""SyosaiFoot""><img src=""http://image.rakuten.co.jp/milclo/cabinet/top/deta_bgfoot.jpg"" alt=""詳細ここまで"" height=""44"" width=""538""></div></div>SIZE：W51×H17cm<br>重量: 380g<br>made in China<br><img src=""http://image.rakuten.co.jp/milclo/cabinet/nongift.gif"" alt=""ラッピング不可"" width=""273""><br><br>【予めご了承ください】<br>※古びた風合いを出すためアンティーク加工が施されています。塗装剥がれや掠れ、サビ等、商品の特徴で不良の対象ではありません。予めご了承ください。<br>※写真に掲載されている小物は別売です。<br>※表示サイズには若干の誤差があります。<br>※メール便発送はできません。<br><br><font color=""#ded2c4"" size=""-2"">[関連ワード]<br>ナチュラル雑貨 アンティーク調 シャビー プレゼント Present 母の日 バレンタイン SHABBY TIN PLATE WELCOME SPICE スパイス ガーデニング雑貨 ガーデン雑貨 看板 サインプレート 男前雑貨 インダストリアル 塩系インテリア</font><!-- コンビニ受け取りバナー
<div align=""center""><img src=""http://image.rakuten.co.jp/com/img/rms/cabinet/recommend_new/img00012113.jpg""  width=""468"" height=""60"" alt=""コンビニ受け取り"" class=""""></div>-->

<!--ここから楽太郎-->
<center>
<div style=""width:702px; background-color:#d3c5bb; border:1px solid #d3c5bb; padding:0; margin-bottom:6px"" align=""center"">
<p style=""color:#FFFFFF; font-size:15px; font-weight:bold; margin:0; line-height:25px;"">店舗内売れ筋ランキング</p>
<div style=""background-color:#FFFFFF"">


<!-- ポイント▼745バナー
-->

</div>
</div>

<!--▼クーポン
<div style=""margin-bottom:20px""> 
<img src=""https://image.rakuten.co.jp/milclo/cabinet/banner/cp500.jpg"" width=""535"" alt=""クーポン""> 
</div> 
--> 

</center>",シャビーティンプレート ウェルカム【コンビニ受取対応商品】：MilClover＊ミルクローバー,ナチュラル雑貨フェイクグリーンガーデン雑貨インテリア雑貨ガーデニング雑貨キッズ雑貨アンティークナチュラルアンティーク送料無料プレゼントダルトン掛け時計玄関マットトイレマット男前雑貨トイレタリーキッチン雑貨スタジオエムデコレ友膳シャビーティンプレート ウェルカム【コンビニ受取対応商品】,シャビーティンプレート ウェルカム【コンビニ受取対応商品】[rn]
37-73095,http://tshop.r10s.jp/milclo/cabinet/item28-01/sp-drdr6100.jpg?fitin=700:700,1555.2000,,花・ガーデン・DIY > エクステリア・ガーデンファニチャー > ガーデンオーナメント・置物,シャビーティンプレート アンティーク【コンビニ受取対応商品】,,"<img src=""http://www.rakuten.ne.jp/gold/milclo/img/h28/sp-drdr6100_main.jpg"" alt=""シャビーティンプレート アンティーク"" class=""mainImg""><br><img src=""http://www.rakuten.ne.jp/gold/milclo/img/h28/sp-drdr6100_01.jpg"" alt=""商品名詳細画像1"" class=""syosaiImgImg""><br><img src=""http://www.rakuten.ne.jp/gold/milclo/img/h28/sp-drdr6100_02.jpg"" alt=""商品名詳細画像1"" class=""syosaiImgImg""><div id=""Syosaibox""><img src=""http://image.rakuten.co.jp/milclo/cabinet/top/deta_bghead.jpg"" alt=""詳細"" height=""153"" width=""538""><div id=""Syosai""><p id=""SyosaiTxt"">お店や玄関、リビング、ガレージなどなど壁面のディスプレイに！アンティークな雰囲気に仕上げられたSHABBY TIN PLATE ANTIQUES（シャビーティンプレート アンティーク） 。</p></div><div id=""SyosaiFoot""><img src=""http://image.rakuten.co.jp/milclo/cabinet/top/deta_bgfoot.jpg"" alt=""詳細ここまで"" height=""44"" width=""538""></div></div>SIZE：W53×H9.5cm<br>重量: 210g<br>made in China<br><img src=""http://image.rakuten.co.jp/milclo/cabinet/nongift.gif"" alt=""ラッピング不可"" width=""273""><br><br>【予めご了承ください】<br>※古びた風合いを出すためアンティーク加工が施されています。塗装剥がれや掠れ、サビ等、商品の特徴で不良の対象ではありません。予めご了承ください。<br>※写真に掲載されている小物は別売です。<br>※表示サイズには若干の誤差があります。<br>※メール便発送はできません。<br><br><font color=""#ded2c4"" size=""-2"">[関連ワード]<br>ナチュラル雑貨 アンティーク調 シャビー プレゼント Present 母の日 バレンタイン SHABBY TIN PLATE ANTIQUES SPICE スパイス ガーデニング雑貨 ガーデン雑貨 看板 サインプレート 男前雑貨 インダストリアル 塩系インテリア</font><!-- コンビニ受け取りバナー
<div align=""center""><img src=""http://image.rakuten.co.jp/com/img/rms/cabinet/recommend_new/img00012113.jpg""  width=""468"" height=""60"" alt=""コンビニ受け取り"" class=""""></div>-->

<!--ここから楽太郎-->
<center>
<div style=""width:702px; background-color:#d3c5bb; border:1px solid #d3c5bb; padding:0; margin-bottom:6px"" align=""center"">
<p style=""color:#FFFFFF; font-size:15px; font-weight:bold; margin:0; line-height:25px;"">店舗内売れ筋ランキング</p>
<div style=""background-color:#FFFFFF"">


<!-- ポイント▼745バナー
-->

</div>
</div>

<!--▼クーポン
<div style=""margin-bottom:20px""> 
<img src=""https://image.rakuten.co.jp/milclo/cabinet/banner/cp500.jpg"" width=""535"" alt=""クーポン""> 
</div> 
--> 

</center>",シャビーティンプレート アンティーク【コンビニ受取対応商品】：MilClover＊ミルクローバー,ナチュラル雑貨フェイクグリーンガーデン雑貨インテリア雑貨ガーデニング雑貨キッズ雑貨アンティークナチュラルアンティーク送料無料プレゼントダルトン掛け時計玄関マットトイレマット男前雑貨トイレタリーキッチン雑貨スタジオエムデコレ友膳シャビーティンプレート アンティーク【コンビニ受取対応商品】,シャビーティンプレート アンティーク【コンビニ受取対応商品】[rn]
37-73096,http://tshop.r10s.jp/tokusan-hin-2/cabinet/sh_001/sh-05-81061_a.jpg?fitin=700:700,10021.6000,,花・ガーデン・DIY > エクステリア・ガーデンファニチャー > ガーデンファニチャー > テーブル,アジアン カフェ風 テラス 【FLEURシリーズ】八角ﾃｰﾌﾞﾙ 90cm,アジアン カフェ風 木製テーブル♪,"<img src=""http://image.rakuten.co.jp/shozaioh/cabinet/750px_23/sh-05-81061_01.jpg"" alt=""アジアン カフェ風 テラス 【FLEURシリーズ】八角テーブル90cm""><br /><img src=""http://image.rakuten.co.jp/shozaioh/cabinet/750px_23/sh-05-81061_02.jpg"" alt=""""><br /><img src=""http://image.rakuten.co.jp/shozaioh/cabinet/750px_23/sh-05-81061_03.jpg"" alt=""""><br /><img src=""http://image.rakuten.co.jp/shozaioh/cabinet/750px_23/sh-05-81061_04.jpg"" alt=""""><br /><img src=""http://image.rakuten.co.jp/shozaioh/cabinet/750px_23/sh-05-81061_05.jpg"" alt=""""><br /><img src=""http://image.rakuten.co.jp/shozaioh/cabinet/750px_23/sh-05-81061_06.jpg"" alt=""""><br /><img src=""http://image.rakuten.co.jp/shozaioh/cabinet/750px_23/sh-05-81061_07.jpg"" alt=""""><br /><img src=""http://image.rakuten.co.jp/shozaioh/cabinet/750px_23/sh-05-81061_08.jpg"" alt=""""><br /><img src=""http://image.rakuten.co.jp/shozaioh/cabinet/750px_23/sh-05-81061_09.jpg"" alt=""""><br /><img src=""http://image.rakuten.co.jp/shozaioh/cabinet/750px_23/sh-05-81061_10.jpg"" alt=""""><br /><img src=""http://image.rakuten.co.jp/shozaioh/cabinet/750px_23/sh-05-81061_11.jpg"" alt=""アジアン カフェ風 テラス 【FLEURシリーズ】八角テーブル90cm""><br /><table width=""750"" border=""0"" cellspacing=""0"" cellpadding=""0"" bgcolor=""#ffffff""><tr align=""center""><td><a href=""http://item.rakuten.co.jp/tokusan-hin-2/so-sh-05-81057/"" target=""_blank""><img src=""http://image.rakuten.co.jp/shozaioh/cabinet/750px_23/sh-05-81057_d01.jpg"" alt="""" border=""0"" /></a><br /><br /><a href=""http://item.rakuten.co.jp/tokusan-hin-2/so-sh-05-81058/"" target=""_blank""><img src=""http://image.rakuten.co.jp/shozaioh/cabinet/750px_23/sh-05-81058_d01.jpg"" alt="""" border=""0"" /></a><br /><br /><a href=""http://item.rakuten.co.jp/tokusan-hin-2/so-sh-05-81059/"" target=""_blank""><img src=""http://image.rakuten.co.jp/shozaioh/cabinet/750px_23/sh-05-81059_d01.jpg"" alt="""" border=""0"" /></a><br /><br /><a href=""http://item.rakuten.co.jp/tokusan-hin-2/so-sh-05-81060/"" target=""_blank""><img src=""http://image.rakuten.co.jp/shozaioh/cabinet/750px_23/sh-05-81060_d01.jpg"" alt="""" border=""0"" /></a><br /><br /><a href=""http://item.rakuten.co.jp/tokusan-hin-2/so-sh-05-81062/"" target=""_blank""><img src=""http://image.rakuten.co.jp/shozaioh/cabinet/750px_23/sh-05-81062_d01.jpg"" alt="""" border=""0"" /></a><br /><br /></td></tr></table>s【商品について】<br /><br />アジアン カフェ風 テラス 【FLEURシリーズ】八角ﾃｰﾌﾞﾙ 90cm<br />■サイズ：<br />外寸：(約)90x90x71.5cm<br />※商品重量：(約)10kg<br />■カラー：<br />ブラウン<br />■素材：<br />天然木(アカシア材)、オイルステイン仕上げ<br />■その他：<br />・完成品でのお届けです。<br />・梱包サイズ：(約)106x86x7.5cm（2.5才）<br />・梱包重量：(約)11kg<br /><BR><FONT color=""#ff0000"" size=""+2"">※在庫状況や返品などについて </FONT><BR>
こちらの商品はメーカー直送商品となります。ご注文いただいてからメーカーへ在庫確認をいたしますので、
<BR>ご注文した後にメーカーに在庫がない場合は、予めご了承くださいませ。<BR>
また、発送後のキャンセルや返品をお受けすることは出来かねます。<BR>
<BR><BR>
<FONT color=""#ff0000"" size=""+2"">※送料について</FONT><BR>
北海道・沖縄・離島については、別途送料お見積りとなります。
<BR>ご購入前に、当店にお問い合わせくださいませ。
<BR>こちらの商品は「代引き不可」「同梱不可」となっております。
<BR>納品書は同封しておりませんので、何卒ご理解下さいませ。<br> 広告文責/販売会社：株式会社Hanbit<br>TEL:050-1040-7307<style type=""text/css"">
<!--
body{

     background-image: url("""");
     background-repeat: repeat-y;
     background-attachment: scroll;
     background-position:right
}
-->
</style>
<!--縦バナーここまで-->
<!--注意事項ここから-->
<img src=""http://image.rakuten.co.jp/tokusan-hin-2/cabinet/banner/bana10.jpg"">
<!--注意事項ここから-->",アジアン カフェ風 テラス 【FLEURシリーズ】八角ﾃｰﾌﾞﾙ 90cm：特産品くらぶ　生活館,アジアン カフェ風 テラス 【FLEURシリーズ】八角ﾃｰﾌﾞﾙ 90cm,アジアン カフェ風 木製テーブル♪。アジアン カフェ風 テラス 【FLEURシリーズ】八角ﾃｰﾌﾞﾙ 90cm[rn]
37-73097,http://tshop.r10s.jp/tokusan-hin-2/cabinet/sh_001/sh-05-81060_a.jpg?fitin=700:700,6142.4000,,花・ガーデン・DIY > エクステリア・ガーデンファニチャー > ガーデンファニチャー > テーブル,アジアン カフェ風 テラス 【FLEURシリーズ】ラウンドテーブル70ｃｍ,アジアン カフェ風 木製テーブル♪,"<img src=""http://image.rakuten.co.jp/shozaioh/cabinet/750px_23/sh-05-81060_01.jpg"" alt=""アジアン カフェ風 テラス 【FLEURシリーズ】ラウンドテーブル70cm""><br /><img src=""http://image.rakuten.co.jp/shozaioh/cabinet/750px_23/sh-05-81060_02.jpg"" alt=""""><br /><img src=""http://image.rakuten.co.jp/shozaioh/cabinet/750px_23/sh-05-81060_03.jpg"" alt=""""><br /><img src=""http://image.rakuten.co.jp/shozaioh/cabinet/750px_23/sh-05-81060_04.jpg"" alt=""""><br /><img src=""http://image.rakuten.co.jp/shozaioh/cabinet/750px_23/sh-05-81060_05.jpg"" alt=""""><br /><img src=""http://image.rakuten.co.jp/shozaioh/cabinet/750px_23/sh-05-81060_06.jpg"" alt=""""><br /><img src=""http://image.rakuten.co.jp/shozaioh/cabinet/750px_23/sh-05-81060_07.jpg"" alt=""""><br /><img src=""http://image.rakuten.co.jp/shozaioh/cabinet/750px_23/sh-05-81060_08.jpg"" alt=""""><br /><img src=""http://image.rakuten.co.jp/shozaioh/cabinet/750px_23/sh-05-81060_09.jpg"" alt=""""><br /><img src=""http://image.rakuten.co.jp/shozaioh/cabinet/750px_23/sh-05-81060_10.jpg"" alt=""""><br /><img src=""http://image.rakuten.co.jp/shozaioh/cabinet/750px_23/sh-05-81060_11.jpg"" alt=""アジアン カフェ風 テラス 【FLEURシリーズ】ラウンドテーブル70cm""><br /><table width=""750"" border=""0"" cellspacing=""0"" cellpadding=""0"" bgcolor=""#ffffff""><tr align=""center""><td><a href=""http://item.rakuten.co.jp/tokusan-hin-2/so-sh-05-81057/"" target=""_blank""><img src=""http://image.rakuten.co.jp/shozaioh/cabinet/750px_23/sh-05-81057_d01.jpg"" alt="""" border=""0"" /></a><br /><br /><a href=""http://item.rakuten.co.jp/tokusan-hin-2/so-sh-05-81058/"" target=""_blank""><img src=""http://image.rakuten.co.jp/shozaioh/cabinet/750px_23/sh-05-81058_d01.jpg"" alt="""" border=""0"" /></a><br /><br /><a href=""http://item.rakuten.co.jp/tokusan-hin-2/so-sh-05-81059/"" target=""_blank""><img src=""http://image.rakuten.co.jp/shozaioh/cabinet/750px_23/sh-05-81059_d01.jpg"" alt="""" border=""0"" /></a><br /><br /><a href=""http://item.rakuten.co.jp/tokusan-hin-2/so-sh-05-81061/"" target=""_blank""><img src=""http://image.rakuten.co.jp/shozaioh/cabinet/750px_23/sh-05-81061_d01.jpg"" alt="""" border=""0"" /></a><br /><br /><a href=""http://item.rakuten.co.jp/tokusan-hin-2/so-sh-05-81062/"" target=""_blank""><img src=""http://image.rakuten.co.jp/shozaioh/cabinet/750px_23/sh-05-81062_d01.jpg"" alt="""" border=""0"" /></a><br /><br /></td></tr></table>【商品について】<br /><br /> アジアン カフェ風 テラス 【FLEURシリーズ】ラウンドテーブル70ｃｍ<br />■サイズ：<br />外寸：(約)68.5x68.5x72cm<br />※商品重量：(約)7kg<br />■カラー：<br />ブラウン<br />■素材：<br />天然木(アカシア材)、オイルステイン仕上げ<br />■その他：<br />・完成品でのお届けです。<br />・梱包サイズ：(約)100.5x70x6.5cm（1.6才）<br />・梱包重量：(約)8kg<br /><BR><FONT color=""#ff0000"" size=""+2"">※在庫状況や返品などについて </FONT><BR>
こちらの商品はメーカー直送商品となります。ご注文いただいてからメーカーへ在庫確認をいたしますので、
<BR>ご注文した後にメーカーに在庫がない場合は、予めご了承くださいませ。<BR>
また、発送後のキャンセルや返品をお受けすることは出来かねます。<BR>
<BR><BR>
<FONT color=""#ff0000"" size=""+2"">※送料について</FONT><BR>
北海道・沖縄・離島については、別途送料お見積りとなります。
<BR>ご購入前に、当店にお問い合わせくださいませ。
<BR>こちらの商品は「代引き不可」「同梱不可」となっております。
<BR>納品書は同封しておりませんので、何卒ご理解下さいませ。<br> 広告文責/販売会社：株式会社Hanbit<br>TEL:050-1040-7307<style type=""text/css"">
<!--
body{

     background-image: url("""");
     background-repeat: repeat-y;
     background-attachment: scroll;
     background-position:right
}
-->
</style>
<!--縦バナーここまで-->
<!--注意事項ここから-->
<img src=""http://image.rakuten.co.jp/tokusan-hin-2/cabinet/banner/bana10.jpg"">
<!--注意事項ここから-->",アジアン カフェ風 テラス 【FLEURシリーズ】ラウンドテーブル70ｃｍ：特産品くらぶ　生活館,アジアン カフェ風 テラス 【FLEURシリーズ】ラウンドテーブル70ｃｍ,アジアン カフェ風 木製テーブル♪。アジアン カフェ風 テラス 【FLEURシリーズ】ラウンドテーブル70ｃｍ[rn]
37-73098,http://tshop.r10s.jp/tokusan-hin/cabinet/sh_001/sh-05-11238_a.jpg?fitin=700:700,8552.0000,,花・ガーデン・DIY > エクステリア・ガーデンファニチャー > ガーデンファニチャー > テーブル,ガーデンテーブル【ステラ-STELLA-】（ガーデン　カフェ　140）,ステラ テーブル 140 ブラック エクステリア,"<img src=""http://image.rakuten.co.jp/shozaioh/cabinet/750px_23/sh-05-11238_01.jpg"" alt=""ガーデンテーブル【ステラ-STELLA-】（ガーデン　カフェ　140）""><br />  <img src=""http://image.rakuten.co.jp/shozaioh/cabinet/750px_23/sh-05-11238_02.jpg"" alt=""""><br />  <img src=""http://image.rakuten.co.jp/shozaioh/cabinet/750px_23/sh-05-11238_03.jpg"" alt=""""><br />  <img src=""http://image.rakuten.co.jp/shozaioh/cabinet/750px_23/sh-05-11238_04.jpg"" alt=""""><br />  <img src=""http://image.rakuten.co.jp/shozaioh/cabinet/750px_23/sh-05-11238_05.jpg"" alt=""""><br />  <img src=""http://image.rakuten.co.jp/shozaioh/cabinet/750px_23/sh-05-11238_06.jpg"" alt=""""><br />  <img src=""http://image.rakuten.co.jp/shozaioh/cabinet/750px_23/sh-05-11238_07.jpg"" alt=""""><br />  <img src=""http://image.rakuten.co.jp/shozaioh/cabinet/750px_23/sh-05-11238_08.jpg"" alt=""""><br />  <img src=""http://image.rakuten.co.jp/shozaioh/cabinet/750px_23/sh-05-11238_09.jpg"" alt=""ガーデンテーブル【ステラ-STELLA-】（ガーデン　カフェ　140）""><br />  <img src=""http://image.rakuten.co.jp/shozaioh/cabinet/750px_23/sh-05-11238_10.jpg"" alt=""""><br /><table width=""750"" border=""0"" cellspacing=""0"" cellpadding=""0"" bgcolor=""#ffffff"">  <tr align=""center""><td><br /><a href=""http://item.rakuten.co.jp/tokusan-hin/so-sh-05-11236/"" target=""_blank""><img src=""http://image.rakuten.co.jp/shozaioh/cabinet/600px_23/sh-05-11236_d01.jpg"" alt="""" border=""0"" /></a><br /><br /><a href=""http://item.rakuten.co.jp/tokusan-hin/so-sh-05-11232/"" target=""_blank""><img src=""http://image.rakuten.co.jp/shozaioh/cabinet/600px_23/sh-05-11232_d01.jpg"" alt="""" border=""0"" /></a><br /><br /><a href=""http://item.rakuten.co.jp/tokusan-hin/so-sh-05-11234/"" target=""_blank""><img src=""http://image.rakuten.co.jp/shozaioh/cabinet/600px_23/sh-05-11234_d01.jpg"" alt="""" border=""0"" /></a><br /><br /></td></tr></table>【商品について】<br /><br />ガーデンテーブル【ステラ-STELLA-】（ガーデン　カフェ　140）<br />■サイズ：<br />プラスチック<br />■カラー：<br />ブラック<br />■素材：<br />プラスチック<br />■その他：<br />・お客様組立商品です<br />・梱包サイズ：(約)81x141x8cm（3.3才）<br />・梱包重量：(約)10kg<br /><BR><BR>
<FONT color=""#ff0000"" size=""+2"">※送料について</FONT><BR>
北海道・沖縄・離島については、別途送料お見積りとなります。
<BR>ご購入前に、当店にお問い合わせくださいませ。
<BR>こちらの商品は「代引き不可」「同梱不可」となっております。
<BR>納品書は同封しておりませんので、何卒ご理解下さいませ。<br> 広告文責/販売会社：株式会社Hanbit<br>TEL::050-1040-7307<style type=""text/css"">
<!--
body{

     background-image: url("""");
     background-repeat: repeat-y;
     background-attachment: scroll;
     background-position:right
}
-->
</style>
<!--縦バナーここまで-->



<!--注意事項ここから-->
<img src=""http://image.rakuten.co.jp/tokusan-hin/cabinet/banner/bana10.jpg"">
<!--注意事項ここから-->",ガーデンテーブル【ステラ-STELLA-】（ガーデン　カフェ　140）：特産品くらぶ,特産品ご当地食材ご当地スイーツガーデンテーブル【ステラ-STELLA-】（ガーデン　カフェ　140）,ステラ テーブル 140 ブラック エクステリア。ガーデンテーブル【ステラ-STELLA-】（ガーデン　カフェ　140）[rn]
37-73099,http://tshop.r10s.jp/tokusan-hin/cabinet/sh_001/sh-05-81060_a.jpg?fitin=700:700,4416.0000,,花・ガーデン・DIY > エクステリア・ガーデンファニチャー > ガーデンファニチャー > テーブル,アジアン カフェ風 テラス 【FLEURシリーズ】ラウンドテーブル70ｃｍ,アジアン カフェ風 木製テーブル♪,"<img src=""http://image.rakuten.co.jp/shozaioh/cabinet/750px_23/sh-05-81060_01.jpg"" alt=""アジアン カフェ風 テラス 【FLEURシリーズ】ラウンドテーブル70cm""><br /><img src=""http://image.rakuten.co.jp/shozaioh/cabinet/750px_23/sh-05-81060_02.jpg"" alt=""""><br /><img src=""http://image.rakuten.co.jp/shozaioh/cabinet/750px_23/sh-05-81060_03.jpg"" alt=""""><br /><img src=""http://image.rakuten.co.jp/shozaioh/cabinet/750px_23/sh-05-81060_04.jpg"" alt=""""><br /><img src=""http://image.rakuten.co.jp/shozaioh/cabinet/750px_23/sh-05-81060_05.jpg"" alt=""""><br /><img src=""http://image.rakuten.co.jp/shozaioh/cabinet/750px_23/sh-05-81060_06.jpg"" alt=""""><br /><img src=""http://image.rakuten.co.jp/shozaioh/cabinet/750px_23/sh-05-81060_07.jpg"" alt=""""><br /><img src=""http://image.rakuten.co.jp/shozaioh/cabinet/750px_23/sh-05-81060_08.jpg"" alt=""""><br /><img src=""http://image.rakuten.co.jp/shozaioh/cabinet/750px_23/sh-05-81060_09.jpg"" alt=""""><br /><img src=""http://image.rakuten.co.jp/shozaioh/cabinet/750px_23/sh-05-81060_10.jpg"" alt=""""><br /><img src=""http://image.rakuten.co.jp/shozaioh/cabinet/750px_23/sh-05-81060_11.jpg"" alt=""アジアン カフェ風 テラス 【FLEURシリーズ】ラウンドテーブル70cm""><br /><table width=""750"" border=""0"" cellspacing=""0"" cellpadding=""0"" bgcolor=""#ffffff""><tr align=""center""><td><a href=""http://item.rakuten.co.jp/tokusan-hin/so-sh-05-81057/"" target=""_blank""><img src=""http://image.rakuten.co.jp/shozaioh/cabinet/750px_23/sh-05-81057_d01.jpg"" alt="""" border=""0"" /></a><br /><br /><a href=""http://item.rakuten.co.jp/tokusan-hin/so-sh-05-81058/"" target=""_blank""><img src=""http://image.rakuten.co.jp/shozaioh/cabinet/750px_23/sh-05-81058_d01.jpg"" alt="""" border=""0"" /></a><br /><br /><a href=""http://item.rakuten.co.jp/tokusan-hin/so-sh-05-81059/"" target=""_blank""><img src=""http://image.rakuten.co.jp/shozaioh/cabinet/750px_23/sh-05-81059_d01.jpg"" alt="""" border=""0"" /></a><br /><br /><a href=""http://item.rakuten.co.jp/tokusan-hin/so-sh-05-81061/"" target=""_blank""><img src=""http://image.rakuten.co.jp/shozaioh/cabinet/750px_23/sh-05-81061_d01.jpg"" alt="""" border=""0"" /></a><br /><br /><a href=""http://item.rakuten.co.jp/tokusan-hin/so-sh-05-81062/"" target=""_blank""><img src=""http://image.rakuten.co.jp/shozaioh/cabinet/750px_23/sh-05-81062_d01.jpg"" alt="""" border=""0"" /></a><br /><br /></td></tr></table>【商品について】<br /><br /> アジアン カフェ風 テラス 【FLEURシリーズ】ラウンドテーブル70ｃｍ<br />■サイズ：<br />外寸：(約)68.5x68.5x72cm<br />※商品重量：(約)7kg<br />■カラー：<br />ブラウン<br />■素材：<br />天然木(アカシア材)、オイルステイン仕上げ<br />■その他：<br />・完成品でのお届けです。<br />・梱包サイズ：(約)100.5x70x6.5cm（1.6才）<br />・梱包重量：(約)8kg<br /><BR><BR>
<FONT color=""#ff0000"" size=""+2"">※送料について</FONT><BR>
北海道・沖縄・離島については、別途送料お見積りとなります。
<BR>ご購入前に、当店にお問い合わせくださいませ。
<BR>こちらの商品は「代引き不可」「同梱不可」となっております。
<BR>納品書は同封しておりませんので、何卒ご理解下さいませ。<br> 広告文責/販売会社：株式会社Hanbit<br>TEL::050-1040-7307<style type=""text/css"">
<!--
body{

     background-image: url("""");
     background-repeat: repeat-y;
     background-attachment: scroll;
     background-position:right
}
-->
</style>
<!--縦バナーここまで-->



<!--注意事項ここから-->
<img src=""http://image.rakuten.co.jp/tokusan-hin/cabinet/banner/bana10.jpg"">
<!--注意事項ここから-->",アジアン カフェ風 テラス 【FLEURシリーズ】ラウンドテーブル70ｃｍ：特産品くらぶ,特産品ご当地食材ご当地スイーツアジアン カフェ風 テラス 【FLEURシリーズ】ラウンドテーブル70ｃｍ,アジアン カフェ風 木製テーブル♪。アジアン カフェ風 テラス 【FLEURシリーズ】ラウンドテーブル70ｃｍ[rn]
37-73100,http://tshop.r10s.jp/eco-life-r/cabinet/garden/raucord-amalfi699_1.jpg?fitin=700:700,43200.0000,,花・ガーデン・DIY > エクステリア・ガーデンファニチャー > ガーデンファニチャー > テーブル,RAUCORD（ラウコード） AMALFI アマルフィ ダイニングテーブル 700mm 角型 [ガーデンテーブル/ケイラウコード/レーハウ屋外/屋外家具/ガーデンファニチャー/ドイツ],,"<font color='#009900'>納期目安：4～7営業日後にお届け
<br>
メーカー直送（欠品や廃盤の場合もございますので予めご了承下さい）</font><br><br><br><img src='http://image.rakuten.co.jp/eco-life-r/cabinet/icon/abouthaiso1.jpg' style='margin-bottom:10px;'><br><img src='http://image.rakuten.co.jp/eco-life-r/cabinet/icon/haiso101.jpg' style='margin-bottom:10px;'><br><table width='100%' border='0' cellpadding='0' cellspacing='0'>   <tr>     <td> <table width='100%' border='0' align='center' cellpadding='5' cellspacing='0' class='item_danrakubac'>         <tr align='left'>          <td width='74' class='item_font2'>サイズ(mm)</td>           <td width='426' class='item_font1'> <p>699×699mm</p>          </td>         </tr>                <tr align='left'>          <td class='item_font2'><p>本体色</p>          </td>          <td class='item_font1'>ダークブラウン</td>        </tr>        <tr align='left'>          <td class='item_font2'><p>備考</p>          </td>          <td class='item_font1'>          手編みのため、若干のサイズ違い・キズなどが発生する場合があります。</td></tr>           <tr align='left'>          <td class='item_font2'>特徴</td>          <td class='item_font1'>raucord は、ドイツ・レーハウ社の登録商標です。<br />レーハウ社は、1948年ドイツレーハウ市に設立され、<br />世界170箇所・14000人の従業員を擁する世界有数のメーカーです。<br />  最先端ポリマーテクノロジーで、アウトドアファニチャーをリードしています。<br /><img src='http://image.rakuten.co.jp/eco-life-r/cabinet/43/br.jpg' /><br /></td></tr>       </table>    <p class='item_danraku3'></p></td>   </tr> </table><p class='item_danraku3'>＊この商品につきましては、沖縄への配送ご希望の場合、ご相談ください。</p><br><br><table width='100%'  border='0' cellpadding='5' cellspacing='0' class='table_bac'>   <tr align='left'>     <td colspan='2' class='td_bac2'>おすすめポイント</td>  </tr>  <tr>    <td width='120' align='center' class='td_bac'>      <br /><img src='http://image.rakuten.co.jp/eco-life-r/cabinet/43/mai.jpg' /><br /><br></td>    <td class='td_bac'><h3>■お手入れ簡単</h3><br />      ・水洗い可能。色褪せしにくい。<br /> <br />       ・耐水・耐候性に優れ、雨や紫外線に強い。<br />       <br />       ・高密度ポリエチレンとアルミフレーム（一部スチール）特殊加工。<br />       <br /> </td>  </tr>   <tr>    <td width='120' align='center' class='td_bac'> <br />      <img src='http://image.rakuten.co.jp/eco-life-r/cabinet/43/cra.jpg' /><br /><br></td>    <td class='td_bac'><h3>■職人技</h3><br />      ・手編みならではの、自然な風合いや高級感、あたたかさ。<br /> <br />       ・厳選された職人の編み込みによる、快適な座り心地、美しさ。<br /> <br />       ・高い引っ張り強度、耐久性。<br /> <br /> </td>  </tr> </table><br><br><table width='100%'  border='0' cellpadding='5' cellspacing='0' class='table_bac'>  <tr align='left'>    <td class='td_bac2'>使用例</td>  </tr>  <tr>    <td align='center' class='td_bac'>    <br /><img src='http://image.rakuten.co.jp/eco-life-r/cabinet/212/raucord-amalfi699_2.jpg'><br /> <br /></td>  </tr></table><style type=""text/css"">
input[value=""買い物かごに入れる""]{

	font-size:16px;
	font-family:Arial;
	font-weight:normal;
	-moz-border-radius:8px;
	-webkit-border-radius:8px;
	border-radius:8px;
	border:1px solid #d83526;
	padding:9px 18px;
	text-decoration:none;
        
	background:-moz-linear-gradient( center top, #fe1a00 5%, #ce0100 100% );
	background:-ms-linear-gradient( top, #fe1a00 5%, #ce0100 100% );
       	background:-webkit-gradient( linear, left top, left bottom, color-stop(5%, #FF3C26), color-stop(100%, #FF2626) );

	background-color:#fe1a00;
	color:#ffffff;
	display:inline-block;
	text-shadow:1px 1px 0px #b23e35;
 	box-shadow:inset 1px 1px 0px 0px #f29c93; } 

.catch_copy {
color:#ff0000;
display:block;
margin-bottom:15px;
line-height:25px;
}

a.rollover:hover,
a.rollover:hover img {
	filter: alpha(opacity=80);
	-moz-opacity:0.8;
	opacity:0.8;
}
</style>

<br><br>
<!--<table width=""800"" border=""0"">
  <tr>
    <td colspan=""2"" style='color:red;font-size:27px;font-weight:bold;text-align:center;'>12日間限定店内全品で使える100円OFFクーポン！5/3&#12316;5/14</td>
  </tr>

  <tr>
    <td style='text-align:center;'><img src='http://image.rakuten.co.jp/eco-life-r/cabinet/100ennoff-c.jpg'></td>
    <td style='text-align:center;'><img src='http://image.rakuten.co.jp/eco-life-r/cabinet/300ennoff-c.jpg' target='_blank'></td>
  </tr>
  <tr>
    <td style='text-align:center;'><img src='http://image.rakuten.co.jp/eco-life-r/cabinet/500ennoff-c.jpg' target='_blank'></td>
    <td style='text-align:center;'><img src='http://image.rakuten.co.jp/eco-life-r/cabinet/1000ennoff-c.jpg' target='_blank'></td>
  </tr>
</table>-->",RAUCORD（ラウコード） AMALFI アマルフィ ダイニングテーブル 700mm 角型 [ガーデンテーブル/ケイラウコード/レーハウ屋外/屋外家具/ガーデンファニチャー/ドイツ]：環境生活,物置収納庫プレハブ倉庫ガレージ車庫バイクガレージ自転車置き場ごみステーションゴミ収集庫ダストボックスポストメールボックス立水柱水栓柱掃除用具入れスチールロッカーガーデンファニチャー温室プランターRAUCORD（ラウコード） AMALFI アマルフィ ダイニングテーブル 700mm 角型 [ガーデンテーブル/ケイラウコード/レーハウ屋外/屋外家具/ガーデンファニチャー/ドイツ],RAUCORD（ラウコード） AMALFI アマルフィ ダイニングテーブル 700mm 角型 [ガーデンテーブル/ケイラウコード/レーハウ屋外/屋外家具/ガーデンファニチャー/ドイツ][rn]
37-73101,http://tshop.r10s.jp/eco-life-r/cabinet/garden/bistro600-05_1.jpg?fitin=700:700,22080.0000,,花・ガーデン・DIY > エクステリア・ガーデンファニチャー > ガーデンファニチャー > テーブル,BISTRO ビストロ　ビストロテーブル600　シダグリーン,,"<img src='http://image.rakuten.co.jp/eco-life-r/cabinet/icon/abouthaiso1.jpg' style='margin-bottom:10px;'><br><img src='http://image.rakuten.co.jp/eco-life-r/cabinet/icon/haiso101.jpg' style='margin-bottom:10px;'><br>材質：スチール<br>サイズ：600×高さ730mm<br>重量：9.0kg<br>※折り畳み式<br><br><br><br><table width='100%'  border='0' cellpadding='5' cellspacing='0' class='table_bac'>   <tr>    <td width='120' align='center' class='td_bac'><img src='http://image.rakuten.co.jp/eco-life-r/cabinet/177/giola-bistro1_2.jpg' /></td>    <td class='td_bac'><h3>bistro </h3>     <br />ビストロ<br /> <br /><p>19世紀後半のパリでは、<br />        芸術家や作家がカフェや<br />ビストロに集い、華やかな文化が<br />  花開きはじめました。<br /><br />  そこでは、産業革命により<br />  大量生産が可能となった鋼が<br />  家具に初めて使用されました。</p>      <br /><br />ビストロシリーズの<br />ベランダチェア、<br />ビストロテーブルは<br />限られたスペースに最大限の<br />席数を確保したいカフェオーナーの<br />要望に応えました・B<br /><br />エドゥアルド・ルクレルクが<br />1989年に開発し、特許をとった<br />軽量でコンパクト、実用的で快適な<br />折畳みチェアとテーブルです。<br /><br />フェルモブはこの1世紀以上前に<br />デザインされたオリジナル家具の<br />正式製造権を取得し、<br />最先端の加工、塗装技術で<br />復刻生産しています。<br /></td>  </tr> </table><style type=""text/css"">
input[value=""買い物かごに入れる""]{

	font-size:16px;
	font-family:Arial;
	font-weight:normal;
	-moz-border-radius:8px;
	-webkit-border-radius:8px;
	border-radius:8px;
	border:1px solid #d83526;
	padding:9px 18px;
	text-decoration:none;
        
	background:-moz-linear-gradient( center top, #fe1a00 5%, #ce0100 100% );
	background:-ms-linear-gradient( top, #fe1a00 5%, #ce0100 100% );
       	background:-webkit-gradient( linear, left top, left bottom, color-stop(5%, #FF3C26), color-stop(100%, #FF2626) );

	background-color:#fe1a00;
	color:#ffffff;
	display:inline-block;
	text-shadow:1px 1px 0px #b23e35;
 	box-shadow:inset 1px 1px 0px 0px #f29c93; } 

.catch_copy {
color:#ff0000;
display:block;
margin-bottom:15px;
line-height:25px;
}

a.rollover:hover,
a.rollover:hover img {
	filter: alpha(opacity=80);
	-moz-opacity:0.8;
	opacity:0.8;
}
</style>

<br><br>
<!--<table width=""800"" border=""0"">
  <tr>
    <td colspan=""2"" style='color:red;font-size:27px;font-weight:bold;text-align:center;'>12日間限定店内全品で使える100円OFFクーポン！5/3&#12316;5/14</td>
  </tr>

  <tr>
    <td style='text-align:center;'><img src='http://image.rakuten.co.jp/eco-life-r/cabinet/100ennoff-c.jpg'></td>
    <td style='text-align:center;'><img src='http://image.rakuten.co.jp/eco-life-r/cabinet/300ennoff-c.jpg' target='_blank'></td>
  </tr>
  <tr>
    <td style='text-align:center;'><img src='http://image.rakuten.co.jp/eco-life-r/cabinet/500ennoff-c.jpg' target='_blank'></td>
    <td style='text-align:center;'><img src='http://image.rakuten.co.jp/eco-life-r/cabinet/1000ennoff-c.jpg' target='_blank'></td>
  </tr>
</table>-->",BISTRO ビストロ　ビストロテーブル600　シダグリーン：環境生活,物置収納庫プレハブ倉庫ガレージ車庫バイクガレージ自転車置き場ごみステーションゴミ収集庫ダストボックスポストメールボックス立水柱水栓柱掃除用具入れスチールロッカーガーデンファニチャー温室プランターBISTRO ビストロ　ビストロテーブル600　シダグリーン,BISTRO ビストロ　ビストロテーブル600　シダグリーン[rn]
37-73102,http://tshop.r10s.jp/eco-life-r/cabinet/garden/raucord-capo-s_1.jpg?fitin=700:700,25056.0000,,花・ガーデン・DIY > エクステリア・ガーデンファニチャー > ガーデンファニチャー > テーブル,RAUCORD（ラウコード） CAPO カポ サイドテーブル  [ガーデンテーブル/ケイラウコード/レーハウ/屋外/屋外家具/ガーデンファニチャー/ドイツ],,"<font color='#009900'>納期目安：4～7営業日後にお届け
<br>
メーカー直送（欠品や廃盤の場合もございますので予めご了承下さい）</font><br><br><br><img src='http://image.rakuten.co.jp/eco-life-r/cabinet/1000off.jpg'><br><br>


<img src='http://image.rakuten.co.jp/eco-life-r/cabinet/icon/abouthaiso1.jpg' style='margin-bottom:10px;'><br><img src='http://image.rakuten.co.jp/eco-life-r/cabinet/icon/haiso101.jpg' style='margin-bottom:10px;'><br><table width='100%' border='0' cellpadding='0' cellspacing='0'>   <tr>     <td> <table width='100%' border='0' align='center' cellpadding='5' cellspacing='0' class='item_danrakubac'>         <tr align='left'>          <td width='74' class='item_font2'>サイズ(mm)</td>           <td width='426' class='item_font1'> <p>w 520 ×d 610 ×h 340</p>          </td>         </tr>                <tr align='left'>          <td class='item_font2'><p>本体色</p>          </td>          <td class='item_font1'>ダークブラウン、ホワイト、ナチュラル(受注生産2～3ヶ月）</td>        </tr>        <tr align='left'>          <td class='item_font2'><p>備考</p>          </td>          <td class='item_font1'>          手編みのため、若干のサイズ違い・キズなどが発生する場合があります。</td></tr>           <tr align='left'>          <td class='item_font2'>特徴</td>          <td class='item_font1'>raucord は、ドイツ・レーハウ社の登録商標です。<br />レーハウ社は、1948年ドイツレーハウ市に設立され、<br />世界170箇所・14000人の従業員を擁する世界有数のメーカーです。<br />  最先端ポリマーテクノロジーで、アウトドアファニチャーをリードしています。<br /><img src='http://image.rakuten.co.jp/eco-life-r/cabinet/43/br.jpg' /><br /></td></tr>       </table>    <p class='item_danraku3'></p></td>   </tr> </table><p class='item_danraku3'>＊この商品につきましては、沖縄への配送ご希望の場合、ご相談ください。</p><br><br><br><table width='100%'  border='0' cellpadding='5' cellspacing='0' class='table_bac'>  <tr align='left'>    <td class='td_bac2'>色をお選び下さい</td>  </tr>  <tr>    <td align='center' class='td_bac'>    <br /><img src='http://image.rakuten.co.jp/eco-life-r/cabinet/43/select2.jpg' /><br /> <br /></td>  </tr></table><br /><p style='color:red'>※本体ホワイト色は、在庫がなくなり次第、受注生産(納期3ヶ月程度)となります。ご注文前に納期をお問合せください。
</p><br /><br><table width='100%'  border='0' cellpadding='5' cellspacing='0' class='table_bac'>   <tr align='left'>     <td colspan='2' class='td_bac2'>おすすめポイント</td>  </tr>  <tr>    <td width='120' align='center' class='td_bac'>      <br /><img src='http://image.rakuten.co.jp/eco-life-r/cabinet/43/mai.jpg' /><br /><br></td>    <td class='td_bac'><h3>■お手入れ簡単</h3><br />      ・水洗い可能。色褪せしにくい。<br /> <br />       ・耐水・耐候性に優れ、雨や紫外線に強い。<br />       <br />       ・高密度ポリエチレンとアルミフレーム（一部スチール）特殊加工。<br />       <br /> </td>  </tr>   <tr>    <td width='120' align='center' class='td_bac'> <br />      <img src='http://image.rakuten.co.jp/eco-life-r/cabinet/43/cra.jpg' /><br /><br></td>    <td class='td_bac'><h3>■職人技</h3><br />      ・手編みならではの、自然な風合いや高級感、あたたかさ。<br /> <br />       ・厳選された職人の編み込みによる、快適な座り心地、美しさ。<br /> <br />       ・高い引っ張り強度、耐久性。<br /> <br /> </td>  </tr> </table><br><br><br><table width='100%'  border='0' cellpadding='5' cellspacing='0' class='table_bac'>  <tr align='left'>    <td class='td_bac2'>使用例</td>  </tr>  <tr>    <td align='center' class='td_bac'>    <br /><img src='http://image.rakuten.co.jp/eco-life-r/cabinet/43/capos.jpg' /><br />    <br /></td>  </tr></table><style type=""text/css"">
input[value=""買い物かごに入れる""]{

	font-size:16px;
	font-family:Arial;
	font-weight:normal;
	-moz-border-radius:8px;
	-webkit-border-radius:8px;
	border-radius:8px;
	border:1px solid #d83526;
	padding:9px 18px;
	text-decoration:none;
        
	background:-moz-linear-gradient( center top, #fe1a00 5%, #ce0100 100% );
	background:-ms-linear-gradient( top, #fe1a00 5%, #ce0100 100% );
       	background:-webkit-gradient( linear, left top, left bottom, color-stop(5%, #FF3C26), color-stop(100%, #FF2626) );

	background-color:#fe1a00;
	color:#ffffff;
	display:inline-block;
	text-shadow:1px 1px 0px #b23e35;
 	box-shadow:inset 1px 1px 0px 0px #f29c93; } 

.catch_copy {
color:#ff0000;
display:block;
margin-bottom:15px;
line-height:25px;
}

a.rollover:hover,
a.rollover:hover img {
	filter: alpha(opacity=80);
	-moz-opacity:0.8;
	opacity:0.8;
}
</style>

<br><br>
<!--<table width=""800"" border=""0"">
  <tr>
    <td colspan=""2"" style='color:red;font-size:27px;font-weight:bold;text-align:center;'>12日間限定店内全品で使える100円OFFクーポン！5/3&#12316;5/14</td>
  </tr>

  <tr>
    <td style='text-align:center;'><img src='http://image.rakuten.co.jp/eco-life-r/cabinet/100ennoff-c.jpg'></td>
    <td style='text-align:center;'><img src='http://image.rakuten.co.jp/eco-life-r/cabinet/300ennoff-c.jpg' target='_blank'></td>
  </tr>
  <tr>
    <td style='text-align:center;'><img src='http://image.rakuten.co.jp/eco-life-r/cabinet/500ennoff-c.jpg' target='_blank'></td>
    <td style='text-align:center;'><img src='http://image.rakuten.co.jp/eco-life-r/cabinet/1000ennoff-c.jpg' target='_blank'></td>
  </tr>
</table>-->",RAUCORD（ラウコード） CAPO カポ サイドテーブル  [ガーデンテーブル/ケイラウコード/レーハウ/屋外/屋外家具/ガーデンファニチャー/ドイツ]：環境生活,物置収納庫プレハブ倉庫ガレージ車庫バイクガレージ自転車置き場ごみステーションゴミ収集庫ダストボックスポストメールボックス立水柱水栓柱掃除用具入れスチールロッカーガーデンファニチャー温室プランターRAUCORD（ラウコード） CAPO カポ サイドテーブル  [ガーデンテーブル/ケイラウコード/レーハウ/屋外/屋外家具/ガーデンファニチャー/ドイツ],RAUCORD（ラウコード） CAPO カポ サイドテーブル  [ガーデンテーブル/ケイラウコード/レーハウ/屋外/屋外家具/ガーデンファニチャー/ドイツ][rn]
37-73103,http://tshop.r10s.jp/eco-life-r/cabinet/garden/emu-920214_1.jpg?fitin=700:700,39680.0000,,花・ガーデン・DIY > エクステリア・ガーデンファニチャー > ガーデンファニチャー > テーブル,SEGNO SQUARE TABLE 　エミュ　セーニョスクエアテーブル　ブラック emu-000480 ※お客様組立品,,"<img src='http://image.rakuten.co.jp/eco-life-r/cabinet/icon/abouthaiso1.jpg' style='margin-bottom:10px;'><br><img src='http://image.rakuten.co.jp/eco-life-r/cabinet/icon/haiso101.jpg' style='margin-bottom:10px;'><br><table width='100%' border='0' cellpadding='0' cellspacing='0'>  <tr><td>  <table width='100%' border='0' align='center' cellpadding='5' cellspacing='0' class='item_danrakubac'>   <tr align='left'>    <td width='99' class='item_font2'>サイズ（mm）</td>    <td width='278' class='item_font1'><p>w700×d700×h750</p>      </td>   </tr>   <tr align='left'>    <td class='item_font2'>材質</td>    <td class='item_font1'> スティール</td>   </tr> <tr align='left'>    <td class='item_font2'>重量</td>    <td class='item_font1'> 11kg</td>   </tr>   <tr align='left'>    <td class='item_font2'>色</td>    <td class='item_font1'>ブラック</td>   </tr>     <tr align='left'>    <td class='item_font2'>      用途</td>    <td class='item_font1'>屋外使用ok<br />  <img src='http://image.rakuten.co.jp/eco-life-r/cabinet/43/outdooruse_2.jpg'> </td>  </tr>   <tr align='left'>    <td class='item_font2'>備考</td>    <td class='item_font1'>組立式</td>   </tr>      <tr align='left'>    <td class='item_font2'>特長</td>    <td class='item_font1'>  <img src='http://image.rakuten.co.jp/eco-life-r/cabinet/102/emu-921068_2.jpg'><br>  <br>   【emu】 <br>  <br>  イタリア・ペルージャの地で半世紀以上に渡り、<br>  ガーデンファニチャーを手がけ、その優れたノウハウ<br>  によって、世界有数のファニチャーメーカーとして<br>  注目される「emu」社。<br>  洗練されたデザイン、快適な使用感、さらに独自の<br>  加工技術が可能にした、全天候型仕様は、<br>  アウトドアシーンに欠かせない優れた耐久性を<br>  備えています。      </p>      <p></p></td>   </tr>  </table>  </td></tr></table><style type=""text/css"">
input[value=""買い物かごに入れる""]{

	font-size:16px;
	font-family:Arial;
	font-weight:normal;
	-moz-border-radius:8px;
	-webkit-border-radius:8px;
	border-radius:8px;
	border:1px solid #d83526;
	padding:9px 18px;
	text-decoration:none;
        
	background:-moz-linear-gradient( center top, #fe1a00 5%, #ce0100 100% );
	background:-ms-linear-gradient( top, #fe1a00 5%, #ce0100 100% );
       	background:-webkit-gradient( linear, left top, left bottom, color-stop(5%, #FF3C26), color-stop(100%, #FF2626) );

	background-color:#fe1a00;
	color:#ffffff;
	display:inline-block;
	text-shadow:1px 1px 0px #b23e35;
 	box-shadow:inset 1px 1px 0px 0px #f29c93; } 

.catch_copy {
color:#ff0000;
display:block;
margin-bottom:15px;
line-height:25px;
}

a.rollover:hover,
a.rollover:hover img {
	filter: alpha(opacity=80);
	-moz-opacity:0.8;
	opacity:0.8;
}
</style>

<br><br>
<!--<table width=""800"" border=""0"">
  <tr>
    <td colspan=""2"" style='color:red;font-size:27px;font-weight:bold;text-align:center;'>12日間限定店内全品で使える100円OFFクーポン！5/3&#12316;5/14</td>
  </tr>

  <tr>
    <td style='text-align:center;'><img src='http://image.rakuten.co.jp/eco-life-r/cabinet/100ennoff-c.jpg'></td>
    <td style='text-align:center;'><img src='http://image.rakuten.co.jp/eco-life-r/cabinet/300ennoff-c.jpg' target='_blank'></td>
  </tr>
  <tr>
    <td style='text-align:center;'><img src='http://image.rakuten.co.jp/eco-life-r/cabinet/500ennoff-c.jpg' target='_blank'></td>
    <td style='text-align:center;'><img src='http://image.rakuten.co.jp/eco-life-r/cabinet/1000ennoff-c.jpg' target='_blank'></td>
  </tr>
</table>-->",SEGNO SQUARE TABLE 　エミュ　セーニョスクエアテーブル　ブラック emu-000480 ※お客様組立品：環境生活,物置収納庫プレハブ倉庫ガレージ車庫バイクガレージ自転車置き場ごみステーションゴミ収集庫ダストボックスポストメールボックス立水柱水栓柱掃除用具入れスチールロッカーガーデンファニチャー温室プランターSEGNO SQUARE TABLE 　エミュ　セーニョスクエアテーブル　ブラック emu-000480 ※お客様組立品,SEGNO SQUARE TABLE 　エミュ　セーニョスクエアテーブル　ブラック emu-000480 ※お客様組立品[rn]
37-73104,http://tshop.r10s.jp/eco-life-r/cabinet/garden/bistro600-01_1.jpg?fitin=700:700,22080.0000,,花・ガーデン・DIY > エクステリア・ガーデンファニチャー > ガーデンファニチャー > テーブル,BISTRO ビストロ　ビストロテーブル600　ブラウン,,"<img src='http://image.rakuten.co.jp/eco-life-r/cabinet/icon/abouthaiso1.jpg' style='margin-bottom:10px;'><br><img src='http://image.rakuten.co.jp/eco-life-r/cabinet/icon/haiso101.jpg' style='margin-bottom:10px;'><br>材質：スチール<br>サイズ：600×高さ730mm<br>重量：9.0kg<br>※折り畳み式<br><br><br><br><table width='100%'  border='0' cellpadding='5' cellspacing='0' class='table_bac'>   <tr>    <td width='120' align='center' class='td_bac'><img src='http://image.rakuten.co.jp/eco-life-r/cabinet/177/giola-bistro1_2.jpg' /></td>    <td class='td_bac'><h3>bistro </h3>     <br />ビストロ<br /> <br /><p>19世紀後半のパリでは、<br />        芸術家や作家がカフェや<br />ビストロに集い、華やかな文化が<br />  花開きはじめました。<br /><br />  そこでは、産業革命により<br />  大量生産が可能となった鋼が<br />  家具に初めて使用されました。</p>      <br /><br />ビストロシリーズの<br />ベランダチェア、<br />ビストロテーブルは<br />限られたスペースに最大限の<br />席数を確保したいカフェオーナーの<br />要望に応えました。<br /><br />エドゥアルド・ルクレルクが<br />1989年に開発し、特許をとった<br />軽量でコンパクト、実用的で快適な<br />折畳みチェアとテーブルです。<br /><br />フェルモブはこの1世紀以上前に<br />デザインされたオリジナル家具の<br />正式製造権を取得し、<br />最先端の加工、塗装技術で<br />復刻生産しています。<br /></td>  </tr> </table><style type=""text/css"">
input[value=""買い物かごに入れる""]{

	font-size:16px;
	font-family:Arial;
	font-weight:normal;
	-moz-border-radius:8px;
	-webkit-border-radius:8px;
	border-radius:8px;
	border:1px solid #d83526;
	padding:9px 18px;
	text-decoration:none;
        
	background:-moz-linear-gradient( center top, #fe1a00 5%, #ce0100 100% );
	background:-ms-linear-gradient( top, #fe1a00 5%, #ce0100 100% );
       	background:-webkit-gradient( linear, left top, left bottom, color-stop(5%, #FF3C26), color-stop(100%, #FF2626) );

	background-color:#fe1a00;
	color:#ffffff;
	display:inline-block;
	text-shadow:1px 1px 0px #b23e35;
 	box-shadow:inset 1px 1px 0px 0px #f29c93; } 

.catch_copy {
color:#ff0000;
display:block;
margin-bottom:15px;
line-height:25px;
}

a.rollover:hover,
a.rollover:hover img {
	filter: alpha(opacity=80);
	-moz-opacity:0.8;
	opacity:0.8;
}
</style>

<br><br>
<!--<table width=""800"" border=""0"">
  <tr>
    <td colspan=""2"" style='color:red;font-size:27px;font-weight:bold;text-align:center;'>12日間限定店内全品で使える100円OFFクーポン！5/3&#12316;5/14</td>
  </tr>

  <tr>
    <td style='text-align:center;'><img src='http://image.rakuten.co.jp/eco-life-r/cabinet/100ennoff-c.jpg'></td>
    <td style='text-align:center;'><img src='http://image.rakuten.co.jp/eco-life-r/cabinet/300ennoff-c.jpg' target='_blank'></td>
  </tr>
  <tr>
    <td style='text-align:center;'><img src='http://image.rakuten.co.jp/eco-life-r/cabinet/500ennoff-c.jpg' target='_blank'></td>
    <td style='text-align:center;'><img src='http://image.rakuten.co.jp/eco-life-r/cabinet/1000ennoff-c.jpg' target='_blank'></td>
  </tr>
</table>-->",BISTRO ビストロ　ビストロテーブル600　ブラウン：環境生活,物置収納庫プレハブ倉庫ガレージ車庫バイクガレージ自転車置き場ごみステーションゴミ収集庫ダストボックスポストメールボックス立水柱水栓柱掃除用具入れスチールロッカーガーデンファニチャー温室プランターBISTRO ビストロ　ビストロテーブル600　ブラウン,BISTRO ビストロ　ビストロテーブル600　ブラウン[rn]
37-73105,http://tshop.r10s.jp/eco-life-r/cabinet/garden/cie-213_1.jpg?fitin=700:700,19840.0000,,花・ガーデン・DIY > エクステリア・ガーデンファニチャー > ガーデンファニチャー > テーブル,彩か　ペトゥル テーブル CIE-213,,"<img src='http://image.rakuten.co.jp/eco-life-r/cabinet/icon/abouthaiso5.jpg' style='margin-bottom:10px;'><br><img src='http://image.rakuten.co.jp/eco-life-r/cabinet/icon/haiso101.jpg' style='margin-bottom:10px;'><br>サイズ：h71×直径75<br>材質：スチール<br>
※折りたたみ可能<br>※商品は到着後直ちに検品下さい。時間を経てのクレームは対応いたしかねますのでご了承下さい。<br><br><style type=""text/css"">
input[value=""買い物かごに入れる""]{

	font-size:16px;
	font-family:Arial;
	font-weight:normal;
	-moz-border-radius:8px;
	-webkit-border-radius:8px;
	border-radius:8px;
	border:1px solid #d83526;
	padding:9px 18px;
	text-decoration:none;
        
	background:-moz-linear-gradient( center top, #fe1a00 5%, #ce0100 100% );
	background:-ms-linear-gradient( top, #fe1a00 5%, #ce0100 100% );
       	background:-webkit-gradient( linear, left top, left bottom, color-stop(5%, #FF3C26), color-stop(100%, #FF2626) );

	background-color:#fe1a00;
	color:#ffffff;
	display:inline-block;
	text-shadow:1px 1px 0px #b23e35;
 	box-shadow:inset 1px 1px 0px 0px #f29c93; } 

.catch_copy {
color:#ff0000;
display:block;
margin-bottom:15px;
line-height:25px;
}

a.rollover:hover,
a.rollover:hover img {
	filter: alpha(opacity=80);
	-moz-opacity:0.8;
	opacity:0.8;
}
</style>

<br><br>
<!--<table width=""800"" border=""0"">
  <tr>
    <td colspan=""2"" style='color:red;font-size:27px;font-weight:bold;text-align:center;'>12日間限定店内全品で使える100円OFFクーポン！5/3&#12316;5/14</td>
  </tr>

  <tr>
    <td style='text-align:center;'><img src='http://image.rakuten.co.jp/eco-life-r/cabinet/100ennoff-c.jpg'></td>
    <td style='text-align:center;'><img src='http://image.rakuten.co.jp/eco-life-r/cabinet/300ennoff-c.jpg' target='_blank'></td>
  </tr>
  <tr>
    <td style='text-align:center;'><img src='http://image.rakuten.co.jp/eco-life-r/cabinet/500ennoff-c.jpg' target='_blank'></td>
    <td style='text-align:center;'><img src='http://image.rakuten.co.jp/eco-life-r/cabinet/1000ennoff-c.jpg' target='_blank'></td>
  </tr>
</table>-->",彩か　ペトゥル テーブル CIE-213：環境生活,物置収納庫プレハブ倉庫ガレージ車庫バイクガレージ自転車置き場ごみステーションゴミ収集庫ダストボックスポストメールボックス立水柱水栓柱掃除用具入れスチールロッカーガーデンファニチャー温室プランター彩か　ペトゥル テーブル CIE-213,彩か　ペトゥル テーブル CIE-213[rn]
37-73106,http://tshop.r10s.jp/eco-life-r/cabinet/garden/emu-920030_1.jpg?fitin=700:700,59600.0000,,花・ガーデン・DIY > エクステリア・ガーデンファニチャー > ガーデンファニチャー > テーブル,【リゾート風】NILO TABLE S　ニロテーブルS　RESORTIR 920030,,"<img src='http://image.rakuten.co.jp/eco-life-r/cabinet/icon/abouthaiso1.jpg' style='margin-bottom:10px;'><br><img src='http://image.rakuten.co.jp/eco-life-r/cabinet/icon/haiso101.jpg' style='margin-bottom:10px;'><br><table width='100%' border='0' cellpadding='0' cellspacing='0'>  <tr><td>  <table width='100%' border='0' align='center' cellpadding='5' cellspacing='0' class='item_danrakubac'>   <tr align='left'>    <td width='99' class='item_font2'>サイズ（mm）</td>    <td width='278' class='item_font1'><p>φ600×h740</p>      </td>   </tr> <tr align='left'>    <td width='99' class='item_font2'>重量</td>    <td width='278' class='item_font1'><p>12kg</p>      </td>   </tr>   <tr align='left'>    <td class='item_font2'>素材</td>    <td class='item_font1'>ポリエチレン、アルミニウム、ガラス</td>   </tr>   <tr align='left'>    <td class='item_font2'>色</td>    <td class='item_font1'>ダークブラウン・ホワイト</td>   </tr>     <tr align='left'>    <td class='item_font2'>      用途</td>    <td class='item_font1'>屋外使用ok。<br />  <img src='http://image.rakuten.co.jp/eco-life-r/cabinet/43/outdooruse_2.jpg'> </td>  </tr>   <tr align='left'>    <td class='item_font2'>特長</td>    <td class='item_font1'>      <p>【emu wicker collection 】 <br>         <br>        アルミニウムフレームにポリエチレン素材を<br>        編みこんだemu wicker collection。<br>        独自の加工技術が磨耗しにくく、紫外線に<br>        強い、優れた耐久性を実現。<br>        その繊細でナチュラルなデザイン、軽やかで<br>        快適な使用感は、リゾート空間やオープンスペース<br>        のアウトドアファニチャーとして真価を発揮します。<br>  <br>  <img src='http://image.rakuten.co.jp/eco-life-r/cabinet/101/emu-921068_2.jpg'><br>  <br>   【emu】 <br>  <br>  イタリア・ペルージャの地で半世紀以上に渡り、<br>  ガーデンファニチャーを手がけ、その優れたノウハウ<br>  によって、世界有数のファニチャーメーカーとして<br>  注目される「emu」社。<br>  洗練されたデザイン、快適な使用感、さらに独自の<br>  加工技術が可能にした、全天候型仕様は、<br>  アウトドアシーンに欠かせない優れた耐久性を<br>  備えています。      </p>      <p></p></td>   </tr>  </table>  </td></tr></table><br /><br><br><table width='100%'border='0' cellpadding='5' cellspacing='0' class='table'> <tr align='center' valign='middle'> <td colspan='2' class='table_td2'>選べる2色</td> </tr> <tr> <td align='center' class='table_td'><img src='http://image.rakuten.co.jp/eco-life-r/cabinet/43/nilo-roundtable-b.jpg' /><br>ダークブラウン</td> <td align='center' class='table_td'><img src='http://image.rakuten.co.jp/eco-life-r/cabinet/43/nilo-roundtable-g.jpg' /><br>  ホワイト</td></tr></table><br><br><p>&nbsp;</p><table width='100%'  border='0' cellpadding='5' cellspacing='0' class='table_bac'>  <tr align='left'>    <td class='td_bac2'>設置例</td>  </tr>  <tr>    <td align='center' class='td_bac'><br /><img src='http://image.rakuten.co.jp/eco-life-r/cabinet/101/emu-920016_3.jpg' /><br /><br /><img src='http://image.rakuten.co.jp/eco-life-r/cabinet/101/emu-920030_2.jpg' /><br /><br /></td>  </tr></table><style type=""text/css"">
input[value=""買い物かごに入れる""]{

	font-size:16px;
	font-family:Arial;
	font-weight:normal;
	-moz-border-radius:8px;
	-webkit-border-radius:8px;
	border-radius:8px;
	border:1px solid #d83526;
	padding:9px 18px;
	text-decoration:none;
        
	background:-moz-linear-gradient( center top, #fe1a00 5%, #ce0100 100% );
	background:-ms-linear-gradient( top, #fe1a00 5%, #ce0100 100% );
       	background:-webkit-gradient( linear, left top, left bottom, color-stop(5%, #FF3C26), color-stop(100%, #FF2626) );

	background-color:#fe1a00;
	color:#ffffff;
	display:inline-block;
	text-shadow:1px 1px 0px #b23e35;
 	box-shadow:inset 1px 1px 0px 0px #f29c93; } 

.catch_copy {
color:#ff0000;
display:block;
margin-bottom:15px;
line-height:25px;
}

a.rollover:hover,
a.rollover:hover img {
	filter: alpha(opacity=80);
	-moz-opacity:0.8;
	opacity:0.8;
}
</style>

<br><br>
<!--<table width=""800"" border=""0"">
  <tr>
    <td colspan=""2"" style='color:red;font-size:27px;font-weight:bold;text-align:center;'>12日間限定店内全品で使える100円OFFクーポン！5/3&#12316;5/14</td>
  </tr>

  <tr>
    <td style='text-align:center;'><img src='http://image.rakuten.co.jp/eco-life-r/cabinet/100ennoff-c.jpg'></td>
    <td style='text-align:center;'><img src='http://image.rakuten.co.jp/eco-life-r/cabinet/300ennoff-c.jpg' target='_blank'></td>
  </tr>
  <tr>
    <td style='text-align:center;'><img src='http://image.rakuten.co.jp/eco-life-r/cabinet/500ennoff-c.jpg' target='_blank'></td>
    <td style='text-align:center;'><img src='http://image.rakuten.co.jp/eco-life-r/cabinet/1000ennoff-c.jpg' target='_blank'></td>
  </tr>
</table>-->",【リゾート風】NILO TABLE S　ニロテーブルS　RESORTIR 920030：環境生活,物置収納庫プレハブ倉庫ガレージ車庫バイクガレージ自転車置き場ごみステーションゴミ収集庫ダストボックスポストメールボックス立水柱水栓柱掃除用具入れスチールロッカーガーデンファニチャー温室プランター【リゾート風】NILO TABLE S　ニロテーブルS　RESORTIR 920030,【リゾート風】NILO TABLE S　ニロテーブルS　RESORTIR 920030[rn]
37-73107,http://tshop.r10s.jp/eco-life-r/cabinet/garden/raucord-amalfi_1.jpg?fitin=700:700,47520.0000,,花・ガーデン・DIY > エクステリア・ガーデンファニチャー > ガーデンファニチャー > テーブル,RAUCORD（ラウコード） AMALFI アマルフィ ダイニングテーブル 1000mm [ガーデンテーブル/ケイラウコード/レーハウ/屋外/屋外家具/ガーデンファニチャー/ドイツ],,"<font color='#009900'>納期目安：4～7営業日後にお届け
<br>
メーカー直送（欠品や廃盤の場合もございますので予めご了承下さい）</font><br><br><br><img src='http://image.rakuten.co.jp/eco-life-r/cabinet/icon/abouthaiso1.jpg' style='margin-bottom:10px;'><br><img src='http://image.rakuten.co.jp/eco-life-r/cabinet/icon/haiso101.jpg' style='margin-bottom:10px;'><br>


<table width='100%' border='0' cellpadding='0' cellspacing='0'>   <tr> <td> <table width='100%' border='0' align='center' cellpadding='5' cellspacing='0' class='item_danrakubac'> <tr align='left'>  <td width='74' class='item_font2'>サイズ(mm)</td>   <td width='426' class='item_font1'> <p>φ1000 ×h 700</p>          </td> </tr>        <tr align='left'>  <td class='item_font2'><p>本体色</p>          </td>  <td class='item_font1'>ダークブラウン、ホワイト、ナチュラル(受注生産2～3ヶ月）</td></tr><tr align='left'>  <td class='item_font2'><p>備考</p>          </td>  <td class='item_font1'>          手編みのため、若干のサイズ違い・キズなどが発生する場合があります。</td></tr>           <tr align='left'>  <td class='item_font2'>特徴</td>  <td class='item_font1'>raucord は、ドイツ・レーハウ社の登録商標です。<br />レーハウ社は、1948年ドイツレーハウ市に設立され、<br />世界170箇所・14000人の従業員を擁する世界有数のメーカーです。<br />  最先端ポリマーテクノロジーで、アウトドアファニチャーをリードしています。<br /><img src='http://image.rakuten.co.jp/eco-life-r/cabinet/43/br.jpg' /><br /></td></tr>   </table><p class='item_danraku3'></p></td>   </tr> </table><p class='item_danraku3'>＊この商品につきましては、沖縄への配送ご希望の場合、ご相談ください。</p><br><br<table width='100%'  border='0' cellpadding='5' cellspacing='0' class='table_bac'>  <tr align='left'>    <td class='td_bac2'>色をお選び下さい</td>  </tr>  <tr>    <td align='center' class='td_bac'>    <br /><img src='http://image.rakuten.co.jp/eco-life-r/cabinet/43/select2.jpg' /><br /> <br /></td>  </tr></table><br /><p style='color:red'>※本体ホワイト色は、在庫がなくなり次第、受注生産(納期3ヶ月程度)となります。ご注文前に納期をお問合せください。
</p><br />
<br><table width='100%'  border='0' cellpadding='5' cellspacing='0' class='table_bac'>   <tr align='left'>     <td colspan='2' class='td_bac2'>おすすめポイント</td>  </tr>  <tr>    <td width='120' align='center' class='td_bac'>      <br /><img src='http://image.rakuten.co.jp/eco-life-r/cabinet/43/mai.jpg' /><br /><br></td>    <td class='td_bac'><h3>■お手入れ簡単</h3><br />      ・水洗い可能。色褪せしにくい。<br /> <br />       ・耐水・耐候性に優れ、雨や紫外線に強い。<br />       <br />       ・高密度ポリエチレンとアルミフレーム（一部スチール）特殊加工。<br />       <br /> </td>  </tr>   <tr>    <td width='120' align='center' class='td_bac'> <br />      <img src='http://image.rakuten.co.jp/eco-life-r/cabinet/43/cra.jpg' /><br /><br></td>    <td class='td_bac'><h3>■職人技</h3><br />      ・手編みならではの、自然な風合いや高級感、あたたかさ。<br /> <br />       ・厳選された職人の編み込みによる、快適な座り心地、美しさ。<br /> <br />       ・高い引っ張り強度、耐久性。<br /> <br /> </td>  </tr> </table><br><br><table width='100%'  border='0' cellpadding='5' cellspacing='0' class='table_bac'>  <tr align='left'>    <td class='td_bac2'>使用例</td>  </tr>  <tr>    <td align='center' class='td_bac'>    <br /><img src='http://image.rakuten.co.jp/eco-life-r/cabinet/43/dining.jpg' /><br /> <br /></td>  </tr></table><style type=""text/css"">
input[value=""買い物かごに入れる""]{

	font-size:16px;
	font-family:Arial;
	font-weight:normal;
	-moz-border-radius:8px;
	-webkit-border-radius:8px;
	border-radius:8px;
	border:1px solid #d83526;
	padding:9px 18px;
	text-decoration:none;
        
	background:-moz-linear-gradient( center top, #fe1a00 5%, #ce0100 100% );
	background:-ms-linear-gradient( top, #fe1a00 5%, #ce0100 100% );
       	background:-webkit-gradient( linear, left top, left bottom, color-stop(5%, #FF3C26), color-stop(100%, #FF2626) );

	background-color:#fe1a00;
	color:#ffffff;
	display:inline-block;
	text-shadow:1px 1px 0px #b23e35;
 	box-shadow:inset 1px 1px 0px 0px #f29c93; } 

.catch_copy {
color:#ff0000;
display:block;
margin-bottom:15px;
line-height:25px;
}

a.rollover:hover,
a.rollover:hover img {
	filter: alpha(opacity=80);
	-moz-opacity:0.8;
	opacity:0.8;
}
</style>

<br><br>
<!--<table width=""800"" border=""0"">
  <tr>
    <td colspan=""2"" style='color:red;font-size:27px;font-weight:bold;text-align:center;'>12日間限定店内全品で使える100円OFFクーポン！5/3&#12316;5/14</td>
  </tr>

  <tr>
    <td style='text-align:center;'><img src='http://image.rakuten.co.jp/eco-life-r/cabinet/100ennoff-c.jpg'></td>
    <td style='text-align:center;'><img src='http://image.rakuten.co.jp/eco-life-r/cabinet/300ennoff-c.jpg' target='_blank'></td>
  </tr>
  <tr>
    <td style='text-align:center;'><img src='http://image.rakuten.co.jp/eco-life-r/cabinet/500ennoff-c.jpg' target='_blank'></td>
    <td style='text-align:center;'><img src='http://image.rakuten.co.jp/eco-life-r/cabinet/1000ennoff-c.jpg' target='_blank'></td>
  </tr>
</table>-->",RAUCORD（ラウコード） AMALFI アマルフィ ダイニングテーブル 1000mm [ガーデンテーブル/ケイラウコード/レーハウ/屋外/屋外家具/ガーデンファニチャー/ドイツ]：環境生活,物置収納庫プレハブ倉庫ガレージ車庫バイクガレージ自転車置き場ごみステーションゴミ収集庫ダストボックスポストメールボックス立水柱水栓柱掃除用具入れスチールロッカーガーデンファニチャー温室プランターRAUCORD（ラウコード） AMALFI アマルフィ ダイニングテーブル 1000mm [ガーデンテーブル/ケイラウコード/レーハウ/屋外/屋外家具/ガーデンファニチャー/ドイツ],RAUCORD（ラウコード） AMALFI アマルフィ ダイニングテーブル 1000mm [ガーデンテーブル/ケイラウコード/レーハウ/屋外/屋外家具/ガーデンファニチャー/ドイツ][rn]
37-73108,http://tshop.r10s.jp/eco-life-r/cabinet/garden/mz5964101_1.jpg?fitin=700:700,23704.0000,,花・ガーデン・DIY > エクステリア・ガーデンファニチャー > ガーデンファニチャー > テーブル,樹脂製　ガーデン　ＧＦテーブル９８　グリーン  MZ5964101 ※お客様組立品,,"<p style='color:red;font-weight:bold;'>※メーカーからの直送となりますので、ご注文後に在庫を確認致します。<br>
その際、欠品や廃番が判明する場合もございます。予めご了承下さい。</p><br><img src='http://image.rakuten.co.jp/eco-life-r/cabinet/icon/abouthaiso1.jpg' style='margin-bottom:10px;'><br><img src='http://image.rakuten.co.jp/eco-life-r/cabinet/icon/haiso101.jpg' style='margin-bottom:10px;'><br>■サイズ ： 980×h720mm<br />■材質 ： ポリプロピレン<br />■重量 ： 9kg<br />■パラソル穴 ： 42mm<br />■お客様組立式<br /><br><br><style type=""text/css"">
input[value=""買い物かごに入れる""]{

	font-size:16px;
	font-family:Arial;
	font-weight:normal;
	-moz-border-radius:8px;
	-webkit-border-radius:8px;
	border-radius:8px;
	border:1px solid #d83526;
	padding:9px 18px;
	text-decoration:none;
        
	background:-moz-linear-gradient( center top, #fe1a00 5%, #ce0100 100% );
	background:-ms-linear-gradient( top, #fe1a00 5%, #ce0100 100% );
       	background:-webkit-gradient( linear, left top, left bottom, color-stop(5%, #FF3C26), color-stop(100%, #FF2626) );

	background-color:#fe1a00;
	color:#ffffff;
	display:inline-block;
	text-shadow:1px 1px 0px #b23e35;
 	box-shadow:inset 1px 1px 0px 0px #f29c93; } 

.catch_copy {
color:#ff0000;
display:block;
margin-bottom:15px;
line-height:25px;
}

a.rollover:hover,
a.rollover:hover img {
	filter: alpha(opacity=80);
	-moz-opacity:0.8;
	opacity:0.8;
}
</style>

<br><br>
<!--<table width=""800"" border=""0"">
  <tr>
    <td colspan=""2"" style='color:red;font-size:27px;font-weight:bold;text-align:center;'>12日間限定店内全品で使える100円OFFクーポン！5/3&#12316;5/14</td>
  </tr>

  <tr>
    <td style='text-align:center;'><img src='http://image.rakuten.co.jp/eco-life-r/cabinet/100ennoff-c.jpg'></td>
    <td style='text-align:center;'><img src='http://image.rakuten.co.jp/eco-life-r/cabinet/300ennoff-c.jpg' target='_blank'></td>
  </tr>
  <tr>
    <td style='text-align:center;'><img src='http://image.rakuten.co.jp/eco-life-r/cabinet/500ennoff-c.jpg' target='_blank'></td>
    <td style='text-align:center;'><img src='http://image.rakuten.co.jp/eco-life-r/cabinet/1000ennoff-c.jpg' target='_blank'></td>
  </tr>
</table>-->",樹脂製　ガーデン　ＧＦテーブル９８　グリーン  MZ5964101 ※お客様組立品：環境生活,物置収納庫プレハブ倉庫ガレージ車庫バイクガレージ自転車置き場ごみステーションゴミ収集庫ダストボックスポストメールボックス立水柱水栓柱掃除用具入れスチールロッカーガーデンファニチャー温室プランター樹脂製　ガーデン　ＧＦテーブル９８　グリーン  MZ5964101 ※お客様組立品,樹脂製　ガーデン　ＧＦテーブル９８　グリーン  MZ5964101 ※お客様組立品[rn]
37-73109,http://tshop.r10s.jp/kokoroes/cabinet/j155new/sh_001/sh-05-81060_a.jpg?fitin=700:700,6784.0000,,花・ガーデン・DIY > エクステリア・ガーデンファニチャー > ガーデンファニチャー > テーブル,《素敵なインテリア》アジアン カフェ風 テラス FLEURシリーズラウンドテーブル70ｃｍ,アジアン カフェ風 木製テーブル♪,"<img src=""http://image.rakuten.co.jp/shozaioh/cabinet/750px_23/sh-05-81060_01.jpg"" alt=""アジアン カフェ風 テラス 【FLEURシリーズ】ラウンドテーブル70cm""><br /><img src=""http://image.rakuten.co.jp/shozaioh/cabinet/750px_23/sh-05-81060_02.jpg"" alt=""インテリア|家具|雑貨|収納""><br /><img src=""http://image.rakuten.co.jp/shozaioh/cabinet/750px_23/sh-05-81060_03.jpg"" alt=""インテリア|家具|雑貨|収納""><br /><img src=""http://image.rakuten.co.jp/shozaioh/cabinet/750px_23/sh-05-81060_04.jpg"" alt=""インテリア|家具|雑貨|収納""><br /><img src=""http://image.rakuten.co.jp/shozaioh/cabinet/750px_23/sh-05-81060_05.jpg"" alt=""インテリア|家具|雑貨|収納""><br /><img src=""http://image.rakuten.co.jp/shozaioh/cabinet/750px_23/sh-05-81060_06.jpg"" alt=""インテリア|家具|雑貨|収納""><br /><img src=""http://image.rakuten.co.jp/shozaioh/cabinet/750px_23/sh-05-81060_07.jpg"" alt=""インテリア|家具|雑貨|収納""><br /><img src=""http://image.rakuten.co.jp/shozaioh/cabinet/750px_23/sh-05-81060_08.jpg"" alt=""インテリア|家具|雑貨|収納""><br /><img src=""http://image.rakuten.co.jp/shozaioh/cabinet/750px_23/sh-05-81060_09.jpg"" alt=""インテリア|家具|雑貨|収納""><br /><img src=""http://image.rakuten.co.jp/shozaioh/cabinet/750px_23/sh-05-81060_10.jpg"" alt=""インテリア|家具|雑貨|収納""><br /><img src=""http://image.rakuten.co.jp/shozaioh/cabinet/750px_23/sh-05-81060_11.jpg"" alt=""アジアン カフェ風 テラス 【FLEURシリーズ】ラウンドテーブル70cm""><br /><table width=""750"" border=""0"" cellspacing=""0"" cellpadding=""0"" bgcolor=""#ffffff""><tr align=""center""><td><a href=""http://item.rakuten.co.jp/#/sh-05-81057/"" target=""_blank""><img src=""http://image.rakuten.co.jp/shozaioh/cabinet/750px_23/sh-05-81057_d01.jpg"" alt=""インテリア|家具|雑貨|収納"" border=""0"" /></a><br /><br /><a href=""http://item.rakuten.co.jp/#/sh-05-81058/"" target=""_blank""><img src=""http://image.rakuten.co.jp/shozaioh/cabinet/750px_23/sh-05-81058_d01.jpg"" alt=""インテリア|家具|雑貨|収納"" border=""0"" /></a><br /><br /><a href=""http://item.rakuten.co.jp/#/sh-05-81059/"" target=""_blank""><img src=""http://image.rakuten.co.jp/shozaioh/cabinet/750px_23/sh-05-81059_d01.jpg"" alt=""インテリア|家具|雑貨|収納"" border=""0"" /></a><br /><br /><a href=""http://item.rakuten.co.jp/#/sh-05-81061/"" target=""_blank""><img src=""http://image.rakuten.co.jp/shozaioh/cabinet/750px_23/sh-05-81061_d01.jpg"" alt=""インテリア|家具|雑貨|収納"" border=""0"" /></a><br /><br /><a href=""http://item.rakuten.co.jp/#/sh-05-81062/"" target=""_blank""><img src=""http://image.rakuten.co.jp/shozaioh/cabinet/750px_23/sh-05-81062_d01.jpg"" alt=""インテリア|家具|雑貨|収納"" border=""0"" /></a><br /><br /></td></tr></table><center><p><img src=""http://image.rakuten.co.jp/kokoroes/cabinet/01751168/imgrc0062708439.jpg"" border=""0"" alt=""在庫や納期について""></p></center><p><img src=""http://image.rakuten.co.jp/kokoroes/cabinet/01751168/imgrc0062844000.jpg"" border=""0"" alt=""送料表""><br><br><img src=""http://image.rakuten.co.jp/kokoroes/cabinet/01751168/imgrc0062851526.jpg"" border=""0"" alt=""注意事項""></p>【商品について】<br /><br /> アジアン カフェ風 テラス 【FLEURシリーズ】ラウンドテーブル70ｃｍ<br />■サイズ：<br />外寸：(約)68.5x68.5x72cm<br />※商品重量：(約)7kg<br />■カラー：<br />ブラウン<br />■素材：<br />天然木(アカシア材)、オイルステイン仕上げ<br />■その他：<br />・完成品でのお届けです。<br />・梱包サイズ：(約)100.5x70x6.5cm（1.6才）<br />・梱包重量：(約)8kg<br />【注意事項】<br>■本商品はメーカーより直送にてお届けさせていただく商品ですので下記事項をご承諾いただきますようお願いいたします。<br>※ご注文を頂いてからの在庫確認・発注手配となります。<br>※ご注文のタイミングによっては欠品となる事があります。<br>※日時指定等が承れない事があります。<br>※商品代引決済はご利用できません。<br>商品発送後のキャンセルや別住所への転送はできません。<style type=""text/css"">
<!--
body {
background-image:url();
background-repeat:repeat-y;
background-position: left;
}
-->
</style>",《素敵なインテリア》アジアン カフェ風 テラス FLEURシリーズラウンドテーブル70ｃｍ：癒しのヴェルサイユ宮殿,6畳用 8畳用 10畳用 12畳用 6帖用 8帖用 10帖用 12帖用LED シャンデリア chandelier照明 天井照明 ライト ランプ シーリング家具 猫足輸入家具ガーデン用品インテリアロココロココ調時計壁掛け時計両面時計壁掛け両面時計インテリア雑貨イタリア製イギリス製フランス製ポルトガル製傘立てchandelier《素敵なインテリア》アジアン カフェ風 テラス FLEURシリーズラウンドテーブル70ｃｍ,アジアン カフェ風 木製テーブル♪。《素敵なインテリア》アジアン カフェ風 テラス FLEURシリーズラウンドテーブル70ｃｍ[rn]
37-73110,http://tshop.r10s.jp/yoimonohonpo/cabinet/sst01/ohpm-105_1.jpg?fitin=700:700,39840.0000,,花・ガーデン・DIY > エクステリア・ガーデンファニチャー > ガーデンファニチャー > テーブル,【送料無料】レッドシダーピクニックテーブル OHPM-105【送料無料　木製　セット　屋外 庭 園芸 エクステリア】【代引き不可】,,"<img src=""http://image.rakuten.co.jp/sumai-style/cabinet/item03/ohpm-105_1.jpg"" width=""650"" height=""560"" /><br /><img src=""http://image.rakuten.co.jp/sumai-style/cabinet/item03/ohpm-105_2.gif"" width=""650"" height=""490"" /><br /><img src=""http://image.rakuten.co.jp/sumai-style/cabinet/item03/ohpm-105_3.gif"" width=""650"" height=""470"" /><br /><img src=""http://image.rakuten.co.jp/sumai-style/cabinet/item03/ohpm-105_9.jpg"" width=""650"" height=""550"" /><br /><img src=""http://image.rakuten.co.jp/sumai-style/cabinet/item03/ohpm-105_4.jpg"" width=""650"" height=""620"" /><br /><img src=""http://image.rakuten.co.jp/sumai-style/cabinet/item03/ohpm-105_5.gif"" width=""650"" height=""650"" /><br /><img src=""http://image.rakuten.co.jp/sumai-style/cabinet/item03/ohpm-105_6.jpg"" width=""650"" height=""480"" /><br /><img src=""http://image.rakuten.co.jp/sumai-style/cabinet/item03/ohpm-105_7.jpg"" width=""650"" height=""300"" /><br /><img src=""http://image.rakuten.co.jp/sumai-style/cabinet/item03/ohpm-105_8.gif"" width=""650"" height=""640"" /><br /><img src=""http://image.rakuten.co.jp/sumai-style/cabinet/item03/ohpm-105_10.gif"" width=""650"" height=""310"" /><br /><br /><br /><table cellpadding=""5"" cellspacing=""0"" border=""1"" width=""650"">  <tbody><tr> <td width=""40%"" bgcolor=""#D7D7D7"">■商品名</td><td width=""60%"" bgcolor=""#FFFFFF"">レッドシダー　ピクニックテーブル</td></tr>  <tr>    <td bgcolor=""#D7D7D7"">■型番</td>    <td bgcolor=""#FFFFFF"">OHPM-105</td>  </tr>  <tr>    <td bgcolor=""#D7D7D7"">■サイズ</td>    <td bgcolor=""#FFFFFF"">本体：幅 約1465×奥行 約1400×高さ 約720mm<br />      <br />      天板サイズ：幅 約1465×奥行 約725mm<br />      パラソル穴：直径 約45mm<br />      座面高さ：約400mm<br />      座面サイズ：幅 約1460×奥行 約285mm</td>  </tr>  <tr>    <td bgcolor=""#D7D7D7"">■重量</td>    <td bgcolor=""#FFFFFF"">約31.5kg</td>  </tr>  <tr>    <td bgcolor=""#D7D7D7"">■材質</td>    <td bgcolor=""#FFFFFF"">レッドシダー材（米杉）</td>  </tr>  <tr>    <td bgcolor=""#D7D7D7"">■仕上げ</td>    <td bgcolor=""#FFFFFF"">無塗装</td>  </tr>  <tr>    <td bgcolor=""#D7D7D7"">■組立区分</td>    <td bgcolor=""#FFFFFF"">組み立て式</td>  </tr>  <tr>    <td bgcolor=""#D7D7D7"">■生産国</td>    <td bgcolor=""#FFFFFF"">日本</td>  </tr>  <tr>    <td bgcolor=""#D7D7D7"">■備考</td>    <td bgcolor=""#FFFFFF"">※ウエスタン・レッドシダーは１本１本、木の部位により色の濃淡がある場合がございます。これはレッドシダーの特徴であり、統一することはできませんので、ご了承ください。自然が生み出す豊かなコントラストをお楽しみください。<br /><br />※ウエスタン・レッドシダーは年月を経ると褪色し、シルバーグレーに変色します。アンティークな趣が人気ですが、なるべく変色を遅らせたい場合は、最初にクリア系の木材保護塗料を塗ることをおすすめします。<br /><br />※強風時はパラソルが飛ばされたり、テーブルが横転する恐れがあるので、パラソルのご使用はお控えください。<br /><br />※ベンチ片側のみに重量をかけると、本体が浮き上がる場合があります。ご注意ください。<br /><br />※天然木のため、節や、乾燥による割れが発生する場合があります。強度に問題はありませんので、安心してご使用ください。<br /><br />※入荷時期により、商品のデザイン・仕様が品質に差し支えない程度に予告なく変更される場合がございます。大きなデザインの変更はございませんが、ご注意ください。</td>  </tr></tbody></table><div align=""center""><br>
<br>
<B>▼まだまだあります！ガーデン・エクステリア特集▼</B><BR>
<BR>
<a href=""http://item.rakuten.co.jp/yoimonohonpo/c/0000002059/""><img src=""http://image.rakuten.co.jp/yoimonohonpo/cabinet/03133889/imgrc0067525529.jpg"" width=""468"" height=""76"" border=""0""></a><BR>
</div><font color=""red"" size=""+1""><strong>※北海道・沖縄・離島は別途送料が必要となります。</strong></font><br><br>

庭に公園ができたみたい！<br>
 「生命の木」がつくる、くつろぎの場所<br>
 高品質なウエスタン・レッド・シダーをたっぷり使った、自然の素材感を最大限に味わえるピクニックテーブルです。<br>
<br>
 天気のいい日にお昼を食べたり、BBQをしたり、子供の庭遊びを見守ったり、将棋や夕涼みをしたり・・・。<br>
 家族がいつも集まる場所。<br>
<br>
テーブルとベンチの一体型だから、届いた日からそんな夢が叶っちゃいます！<br>
<br>
 天板・座面ともに厚み約38mm！<br>
 高級感があり、ぐらつきもなく抜群の安定感。<br>
パラソル穴があるので、パラソルを用意して頂ければ、日差しのある日でも楽しめます。<br>
<br>
カナダでは「生命の木」として崇められてきたレッドシダーが、家族のあたたかな時間を見守ってくれそうです。 <br><br><br>
メーカー希望小売価格はメーカーカタログに基づいて掲載しています
<!--sumai--><style type=""text/css"">
/*買い物かごに入れるボタン*/
div#rakutenLimitedId_aroundCart input.rCartBtn, 
div#rakutenLimitedId_aroundCart input.rCartBtn[type=""submit""] {
    width: 330px !important;
    height: 80px !important;
    cursor: pointer !important;
    background: url(""https://image.rakuten.co.jp/yoimonohonpo/cabinet/03133889/imgrc0068400933.jpg"")no-repeat 0 0 !important;
}

div#rakutenLimitedId_aroundCart input.rCartBtn,
div#rakutenLimitedId_aroundCart input.rCartBtn[type=""submit""]:hover {
    background: url(""https://image.rakuten.co.jp/yoimonohonpo/cabinet/03133889/imgrc0068400934.jpg"")no-repeat 0 0 !important;
}
</style>",【送料無料】レッドシダーピクニックテーブル OHPM-105【送料無料　木製　セット　屋外 庭 園芸 エクステリア】【代引き不可】：良いもの本舗,ハイドロキノン骨盤ショーツベビーベッドパットバストアップチャイルドシートカバーボディブラシランドセルパッドコスメボックスメイクボックス虫よけパーカー除毛クリーム虫よけパンツメジカライナースキレットフェイスライン整形テープ防虫パーカートイレタンク洗浄剤ゾーリンゲン毛抜きエクスフォーレイヌリン【送料無料】レッドシダーピクニックテーブル OHPM-105【送料無料　木製　セット　屋外 庭 園芸 エクステリア】【代引き不可】,【送料無料】レッドシダーピクニックテーブル OHPM-105【送料無料　木製　セット　屋外 庭 園芸 エクステリア】【代引き不可】[rn]
37-73111,http://tshop.r10s.jp/yoimonohonpo/cabinet/sst01/hrt-7442dgr_1.jpg?fitin=700:700,36800.0000,,花・ガーデン・DIY > エクステリア・ガーデンファニチャー > ガーデンファニチャー > テーブル,【送料無料】カサベーラ　ラウンドテーブル【送料無料　簡単組立　ガーデンテーブル　ダークグリーン　テラス　庭　ウッドデッキ　アルミ　アンティーク　クラシカル　イングリッシュガーデン　ファニチャー　シンプル　北欧　インテリア　【代引き決済不可】,【ダークグリーン】ここで過ごす時間は宝物,"<img src=""http://image.rakuten.co.jp/sumai-style/cabinet/hrt-7442dgr_1.jpg"" width=""650"" height=""600"" /><br /><img src=""http://image.rakuten.co.jp/sumai-style/cabinet/hrt-7442dgr_2.jpg"" width=""650"" height=""600"" /><br /><img src=""http://image.rakuten.co.jp/sumai-style/cabinet/hrt-7442dgr_5.jpg"" width=""650"" height=""510"" /><br /><img src=""http://image.rakuten.co.jp/sumai-style/cabinet/hrt-7442dgr_6.jpg"" width=""650"" height=""450"" /><br /><img src=""http://image.rakuten.co.jp/sumai-style/cabinet/hrt-7442dgr_7.jpg"" width=""650"" height=""500"" /><br /><img src=""http://image.rakuten.co.jp/sumai-style/cabinet/hrt-7442dgr_8.jpg"" width=""650"" height=""530"" /><br /><img src=""http://image.rakuten.co.jp/sumai-style/cabinet/hrt-7442dgr_9.jpg"" width=""650"" height=""510"" /><br /><img src=""http://image.rakuten.co.jp/sumai-style/cabinet/hrt-7442dgr_4.jpg"" width=""650"" height=""630"" /><br /><img src=""http://image.rakuten.co.jp/sumai-style/cabinet/hrt-7442dgr_3.jpg"" width=""650"" height=""520"" /><br /><img src=""http://image.rakuten.co.jp/sumai-style/cabinet/hrt-7442dgr_10.jpg"" width=""650"" height=""460"" /><br /><br /><img src=""http://image.rakuten.co.jp/sumai-style/cabinet/hgr_1.gif"" width=""650"" height=""80"" /><br /><table width=""650"" border=""0"">  <tr>    <td><a href=""http://item.rakuten.co.jp/yoimonohonpo/hrt-7442dgr-5p/""><img src=""http://image.rakuten.co.jp/sumai-style/cabinet/hgr_5.jpg"" width=""310"" height=""240"" border=""0"" /></a><br />ラウンドテーブル＆チェア5点セット</td>    <td><a href=""http://item.rakuten.co.jp/yoimonohonpo/hot-7460dgr-5p/""><img src=""http://image.rakuten.co.jp/sumai-style/cabinet/hgr_6.jpg"" width=""310"" height=""240"" border=""0"" /></a><br />オーバルテーブル＆チェア5点セット</td>  </tr></table>  <table>    <tr>    <td><a href=""http://item.rakuten.co.jp/yoimonohonpo/hrt-7442dgr/""><img src=""http://image.rakuten.co.jp/sumai-style/cabinet/hgr_2.jpg"" width=""203"" height=""230"" border=""0"" /></a><br />ラウンドテーブル単品</td>    <td><a href=""http://item.rakuten.co.jp/yoimonohonpo/hot-7460dgr/""><img src=""http://image.rakuten.co.jp/sumai-style/cabinet/hgr_3.jpg"" width=""253"" height=""230"" border=""0"" /></a><br />オーバルテーブル単品</td>    <td><a href=""http://item.rakuten.co.jp/yoimonohonpo/hc-11001dgr/""><img src=""http://image.rakuten.co.jp/sumai-style/cabinet/hgr_4.jpg"" width=""153"" height=""230"" border=""0"" /></a><br />チェア単品</td>  </tr></table><br /><img src=""http://image.rakuten.co.jp/sumai-style/cabinet/hrt-7442dgr_11.gif"" width=""650"" height=""220"" /><br /><br /><br /><table cellpadding=""5"" cellspacing=""0"" border=""1"" width=""650""><tr> <td width=""40%"" bgcolor=""#D7D7D7"">■商品名</td><td width=""60%"" bgcolor=""#FFFFFF"">カサベーラ　ラウンドテーブル</td></tr>  <tr>    <td bgcolor=""#D7D7D7"">■型番</td>    <td bgcolor=""#FFFFFF"">HRT-7442DGR-5P</td>  </tr>  <tr>    <td bgcolor=""#D7D7D7"">■カラー</td>    <td bgcolor=""#FFFFFF"">ダークグリーン</td>  </tr>  <tr>    <td bgcolor=""#D7D7D7"">■サイズ</td>    <td bgcolor=""#FFFFFF"">幅 約1090×奥行 約1090×高さ 約720mm<br></td>  </tr>  <tr>    <td bgcolor=""#D7D7D7"">■重量</td>    <td bgcolor=""#FFFFFF"">約17.5kg</td>  </tr>  <tr>    <td bgcolor=""#D7D7D7"">■材質</td>    <td bgcolor=""#FFFFFF"">アルミ鋳物</td>  </tr>  <tr>    <td bgcolor=""#D7D7D7"">■仕上げ</td>    <td bgcolor=""#FFFFFF"">粉体塗装</td>  </tr>  <tr>    <td bgcolor=""#D7D7D7"">■組立区分</td>    <td bgcolor=""#FFFFFF"">組み立て式</td>  </tr>  <tr>    <td bgcolor=""#D7D7D7"">■生産国</td>    <td bgcolor=""#FFFFFF"">中国</td>  </tr></table><font color=""red"" size=""+1""><strong>※北海道・沖縄・離島は別途送料が必要となります。</strong></font><br><br>【カサベーラ　ラウンドテーブル　ダークグリーン】<br><br>ここで過ごす時間は宝物。<br><br>クラッシックテイストあふれる、おしゃれなガーデンファニチャー・シリーズ「カサベーラ」。<br /><br />繊細さが薫るツタの装飾模様は、鋳型に金属を流しこんで凝固させる、<br />手の込んだ手法でつくられています。<br /><br />お庭に置いた時、この模様がまるで美しいレースの透かし模様のように見えて、<br />とてもロマンチック。<br />見た目は重厚感がありますが、アルミ製なので軽く、扱いやすいのが特徴です。<br /><br />ありそうでない深いグリーンは、新緑にも冬の木立ちにも、<br />一年を通していい感じに合わせられます。 <br><br><br><br>
メーカー希望小売価格はメーカーカタログに基づいて掲載しています<!--sumai--><style type=""text/css"">
/*買い物かごに入れるボタン*/
div#rakutenLimitedId_aroundCart input.rCartBtn, 
div#rakutenLimitedId_aroundCart input.rCartBtn[type=""submit""] {
    width: 330px !important;
    height: 80px !important;
    cursor: pointer !important;
    background: url(""https://image.rakuten.co.jp/yoimonohonpo/cabinet/03133889/imgrc0068400933.jpg"")no-repeat 0 0 !important;
}

div#rakutenLimitedId_aroundCart input.rCartBtn,
div#rakutenLimitedId_aroundCart input.rCartBtn[type=""submit""]:hover {
    background: url(""https://image.rakuten.co.jp/yoimonohonpo/cabinet/03133889/imgrc0068400934.jpg"")no-repeat 0 0 !important;
}
</style>",【送料無料】カサベーラ　ラウンドテーブル【送料無料　簡単組立　ガーデンテーブル　ダークグリーン　テラス　庭　ウッドデッキ　アルミ　アンティーク　クラシカル　イングリッシュガーデン　ファニチャー　シンプル　北欧　インテリア　【代引き決済不可】：良いもの本舗,ハイドロキノン骨盤ショーツベビーベッドパットバストアップチャイルドシートカバーボディブラシランドセルパッドコスメボックスメイクボックス虫よけパーカー除毛クリーム虫よけパンツメジカライナースキレットフェイスライン整形テープ防虫パーカートイレタンク洗浄剤ゾーリンゲン毛抜きエクスフォーレイヌリン【送料無料】カサベーラ　ラウンドテーブル【送料無料　簡単組立　ガーデンテーブル　ダークグリーン　テラス　庭　ウッドデッキ　アルミ　アンティーク　クラシカル　イングリッシュガーデン　ファニチャー　シンプル　北欧　インテリア　【代引き決済不可】,【ダークグリーン】ここで過ごす時間は宝物。【送料無料】カサベーラ　ラウンドテーブル【送料無料　簡単組立　ガーデンテーブル　ダークグリーン　テラス　庭　ウッドデッキ　アルミ　アンティーク　クラシカル　イングリッシュガーデン　ファニチャー　シンプル　北欧　インテリア　【代引き決済不可】[rn]
37-73112,http://tshop.r10s.jp/neore/cabinet/201303/95681-mb.jpg?fitin=700:700,6739.2000,,花・ガーデン・DIY > エクステリア・ガーデンファニチャー > ガーデンファニチャー > テーブル,ガーデンテーブル PEラタンフォールディングガラステーブル テーブル ガーデンファニチャー アジアン おしゃれ 北欧 モダン ナチュラル neore,軽くて折りたためるので収納もラクラク♪,"<style type=""text/css"">
<!--
.style1 a:hover img {opacity:0.7;}
.style1 a:hover img {filter:alpha(opacity=70);}/*IE*/
-->
</style>

<div align=""center"" class=""style1""><img src=""http://image.rakuten.co.jp/anmine/cabinet/201303/95681-1.jpg""><br>
  <table width=""600"" border=""0"" cellspacing=""0"" cellpadding=""0"">
    <tr>
      <td><a href=""http://image.rakuten.co.jp/anmine/cabinet/201303/95681-2up.jpg""><img src=""http://image.rakuten.co.jp/anmine/cabinet/201303/95681-2.jpg"" border=""0""></a></td>
      <td><img src=""http://image.rakuten.co.jp/anmine/cabinet/201303/95681-3.jpg""></td>
    </tr>
  </table>
  <br>
  <a href=""http://item.rakuten.co.jp/neore/c/0000001665/""><img src=""http://image.rakuten.co.jp/anmine/cabinet/201303/95681-7.jpg"" border=""0""></a>  <br>
  <img src=""http://image.rakuten.co.jp/anmine/cabinet/201303/95681-4.jpg""><br>
<img src=""http://image.rakuten.co.jp/anmine/cabinet/201303/95681-5.jpg""> <br>
<a href=""http://item.rakuten.co.jp/neore/huji-46/""><img src=""http://image.rakuten.co.jp/anmine/cabinet/201303/95681-6.jpg"" border=""0""></a> <br>
<br>
<br>
<table width=""600"" border=""0"" cellpadding=""10"" cellspacing=""3"" style=""margin-top:15px; font-size:13px;"">
  <tbody>
    <tr>
      <th colspan=""2"" style=""color:#FFF; padding:3px; background:#000;"">商品詳細</th>
    </tr>
    <tr>
      <th width=""30%"" style=""border-bottom:#CCC dotted 1px;"">素材</th>
      <td style=""border-bottom:#CCC dotted 1px;"">PVC/スチール［粉体塗装］</td>
    </tr>
    <tr>
      <th style=""border-bottom:#CCC dotted 1px;"">サイズ</th>
      <td style=""border-bottom:#CCC dotted 1px;"">［通常時］ 幅61×奥行61×高70cm<br>
        ［折畳み時］ 幅61×奥行92×高13.5cm</td>
    </tr>
  </tbody>
</table>
<br>
<table width=""600"" border=""0"" cellspacing=""0"" cellpadding=""0"">
  <tr>
    <td bgcolor=""#FF6666""><table width=""600"" border=""0"" cellpadding=""5"" cellspacing=""1"">
      <tr>
        <td colspan=""2"" align=""center""><b><font color=""#FFFFFF"">◆注意◆</font></b></td>
      </tr>
      <tr>
        <td width=""35"" nowrap bgcolor=""#FFFFFF"" align=""center""><font color=""#666666"" size=""2"">1</font></td>
        <td width=""542"" bgcolor=""#FFFFFF""><font color=""#666666"" size=""2"">こちらの商品はメーカー直送のため他の商品と同梱ができません。</font></td>
      </tr>
      <tr>
        <td nowrap bgcolor=""#FFFFFF"" align=""center""><font color=""#666666"" size=""2"">2</font></td>
        <td nowrap bgcolor=""#FFFFFF""><font color=""#666666"" size=""2"">代金引換はできません。</font></td>
      </tr>
    </table></td>
  </tr>
</table>
<br>
<br>
</div><img src=""http://www.rakuten.ne.jp/gold/neore/pt.gif"" border=""0""><br>
<br>
<table width=""300"" border=""0"" cellspacing=""0"" cellpadding=""0"">
  <tr>
    <td bgcolor=""#666666""><table width=""300"" border=""0"" cellspacing=""1"" cellpadding=""5"">
      <tr>
        <td colspan=""2"" align=""center""><b><font color=""#FFFFFF"">◆注意事項◆</font></b></td>
      </tr>
      <tr>
        <td nowrap bgcolor=""#FFFFFF"" align=""center""><img src=""http://image.rakuten.co.jp/anmine/cabinet/201303/mechoku.jpg"" border=""0""></td>
        <td bgcolor=""#FFFFFF""><font color=""#666666"" size=""2"">※メーカー直送品のため他商品と同梱はできません。<br />
          詳細はこちら</font></td>
      </tr>
      <tr>
        <td nowrap bgcolor=""#FFFFFF"" align=""center""><img src=""http://image.rakuten.co.jp/anmine/cabinet/201303/daibikihuka.jpg"" border=""0""></td>
        <td bgcolor=""#FFFFFF""><font color=""#666666"" size=""2"">※こちらの商品は代金引換ができません。</font></td>
      </tr>
    </table></td>
  </tr>
</table>
<br>
<table width=""300"" border=""0"" cellspacing=""0"" cellpadding=""0"">
  <tr>
    <td bgcolor=""#99CC99""><table width=""300"" border=""0"" cellspacing=""1"" cellpadding=""5"">
      <tr>
        <td align=""center""><font color=""#FFFFFF"" size=""2"">コーディネート商品はこちら</font></td>
      </tr>
      <tr>
        <td bgcolor=""#FFFFFF""><font color=""#666666"" size=""2"">PEラタンフォールディングチェアー</font></td>
      </tr>
      <tr>
        <td nowrap=""nowrap"" bgcolor=""#FFFFFF""><font color=""#666666"" size=""2"">PEラタンフォールディングテーブル</font></td>
      </tr>
    </table></td>
  </tr>
</table>
<br>
<img src=""http://image.rakuten.co.jp/anmine/cabinet/201303/garden-k.jpg"" width=""300"" height=""100"" border=""0""><br> 
<font size=""2"">&gt;&gt;ガーデン用インテリアはこちら</font><br>
<br />
<img src=""http://image.rakuten.co.jp/anmine/cabinet/icon-under/haisou-m.jpg"" border=""0"" /><img src=""http://image.rakuten.co.jp/anmine/cabinet/icon-under/haisou-day.jpg"" border=""0"" /><br />
<br><style type=""text/css"">
<!--
.style1 a:hover img {opacity:0.7;}
.style1 a:hover img {filter:alpha(opacity=70);}/*IE*/
-->
</style><div align=""center"" class=""style1""><img src=""http://image.rakuten.co.jp/anmine/cabinet/sinsyun/gross.jpg"" border=""0""><br />
  <br />
  <br />
  <table width=""600"" border=""0"" cellspacing=""0"" cellpadding=""0"">
    <tr>
      <td valign=""top""><img src=""http://image.rakuten.co.jp/neore/cabinet/table.jpg"" border=""0""><br>
          <br></td>
      <td align=""center"" valign=""top""><img src=""http://image.rakuten.co.jp/neore/cabinet/board.jpg"" border=""0""></td>
      <td align=""right"" valign=""top""><img src=""http://image.rakuten.co.jp/neore/cabinet/sofa.jpg"" border=""0""></td>
    </tr>
    <tr>
      <td><img src=""http://image.rakuten.co.jp/neore/cabinet/cutain.jpg"" border=""0""></td>
      <td align=""center""><img src=""http://image.rakuten.co.jp/neore/cabinet/chair.jpg"" border=""0"" /></td>
      <td align=""right"">&nbsp;</td>
    </tr>
  </table>
  <br />
  <br />
  <br />
</div>",ガーデンテーブル PEラタンフォールディングガラステーブル テーブル ガーデンファニチャー アジアン おしゃれ 北欧 モダン ナチュラル neore：Ｎeore,カーペットラグマットカーテンロールスクリーンクッションシャギーラグマットスリッパインテリア雑貨北欧インテリアキッチンマットバスマットオーダーカーテンオーダーカーペット激安玄関マットネオレシャギーラグ送料無料ブラインドカーテンレールガーデンテーブル PEラタンフォールディングガラステーブル テーブル ガーデンファニチャー アジアン おしゃれ 北欧 モダン ナチュラル neore,軽くて折りたためるので収納もラクラク♪。ガーデンテーブル PEラタンフォールディングガラステーブル テーブル ガーデンファニチャー アジアン おしゃれ 北欧 モダン ナチュラル neore[rn]
37-73113,http://tshop.r10s.jp/neore/cabinet/201303/79725-mb.jpg?fitin=700:700,5529.6000,,花・ガーデン・DIY > エクステリア・ガーデンファニチャー > ガーデンファニチャー > テーブル,ガーデンテーブル ガーデンガラステーブル ラタン風テーブル ガラス天板 ガーデンファニチャー アジアン おしゃれ 新生活  モダン ナチュラル neore,お庭がまるで南国のリゾート地みたいに♪,"<style type=""text/css"">
<!--
.style1 a:hover img {opacity:0.7;}
.style1 a:hover img {filter:alpha(opacity=70);}/*IE*/
-->
</style>

<div align=""center"" class=""style1""><img src=""http://image.rakuten.co.jp/anmine/cabinet/201303/79725-1.jpg""><br>
  <table width=""600"" border=""0"" cellspacing=""0"" cellpadding=""0"">
    <tr>
      <td><a href=""http://image.rakuten.co.jp/anmine/cabinet/201303/79725-2up.jpg""><img src=""http://image.rakuten.co.jp/anmine/cabinet/201303/79725-2.jpg"" border=""0""></a></td>
      <td><img src=""http://image.rakuten.co.jp/anmine/cabinet/201303/79725-3.jpg""></td>
    </tr>
  </table>
  <img src=""http://image.rakuten.co.jp/anmine/cabinet/201303/79725-4.jpg""><br>
<img src=""http://image.rakuten.co.jp/anmine/cabinet/201303/79725-5.jpg""> <br>
<a href=""http://item.rakuten.co.jp/neore/huji-45/""><img src=""http://image.rakuten.co.jp/anmine/cabinet/201303/79725-6.jpg"" border=""0""></a> <br>
<br>
<table width=""600"" border=""0"" cellpadding=""10"" cellspacing=""3"" style=""margin-top:15px; font-size:13px;"">
  <tbody>
    <tr>
      <th colspan=""2"" style=""color:#FFF; padding:3px; background:#000;"">商品詳細</th>
    </tr>
    <tr>
      <th width=""30%"" style=""border-bottom:#CCC dotted 1px;"">素材</th>
      <td style=""border-bottom:#CCC dotted 1px;"">強化ガラス/PVC/スチール［粉体塗装］</td>
    </tr>
    <tr>
      <th style=""border-bottom:#CCC dotted 1px;"">サイズ</th>
      <td style=""border-bottom:#CCC dotted 1px;"">幅60×奥行60×高さ70cm</td>
    </tr>
  </tbody>
</table>
<br>
<br>
<table width=""600"" border=""0"" cellspacing=""0"" cellpadding=""0"">
  <tr>
    <td bgcolor=""#FF6666""><table width=""600"" border=""0"" cellpadding=""5"" cellspacing=""1"">
      <tr>
        <td colspan=""2"" align=""center""><b><font color=""#FFFFFF"">◆注意◆</font></b></td>
      </tr>
      <tr>
        <td nowrap bgcolor=""#FFFFFF""><font color=""#666666"" size=""2"">1</font></td>
        <td bgcolor=""#FFFFFF""><font color=""#666666"" size=""2"">こちらの商品はメーカー直送のため他の商品と同梱ができません。</font></td>
      </tr>
      <tr>
        <td nowrap bgcolor=""#FFFFFF""><font color=""#666666"" size=""2"">2</font></td>
        <td nowrap bgcolor=""#FFFFFF""><font color=""#666666"" size=""2"">代金引換はできません。</font></td>
      </tr>
    </table></td>
  </tr>
</table>
<br>
<br>
</div><img src=""http://www.rakuten.ne.jp/gold/neore/pt.gif"" border=""0""><br>
<br>
<table width=""300"" border=""0"" cellspacing=""0"" cellpadding=""0"">
  <tr>
    <td bgcolor=""#666666""><table width=""300"" border=""0"" cellspacing=""1"" cellpadding=""5"">
      <tr>
        <td colspan=""2"" align=""center""><b><font color=""#FFFFFF"">◆注意事項◆</font></b></td>
      </tr>
      <tr>
        <td nowrap bgcolor=""#FFFFFF"" align=""center""><img src=""http://image.rakuten.co.jp/anmine/cabinet/201303/mechoku.jpg"" border=""0""></td>
        <td bgcolor=""#FFFFFF""><font color=""#666666"" size=""2"">※メーカー直送品のため他商品との同梱不可。</font></td>
      </tr>
      <tr>
        <td nowrap bgcolor=""#FFFFFF"" align=""center""><img src=""http://image.rakuten.co.jp/anmine/cabinet/201303/daibikihuka.jpg"" border=""0""></td>
        <td bgcolor=""#FFFFFF""><font color=""#666666"" size=""2"">※こちらの商品は代金引換ができません。</font></td>
      </tr>
      <tr>
        <td colspan=""2"" nowrap bgcolor=""#FFFFFF""><font color=""#666666"" size=""2"">※テーブル単品での販売となります。</font></td>
      </tr>
    </table></td>
  </tr>
</table>
<br>
<table width=""300"" border=""0"" cellspacing=""0"" cellpadding=""0"">
  <tr>
    <td bgcolor=""#99CC99""><table width=""300"" border=""0"" cellspacing=""1"" cellpadding=""5"">
      <tr>
        <td align=""center""><font color=""#FFFFFF"" size=""2"">コーディネート商品はこちら</font></td>
      </tr>
      <tr>
        <td nowrap bgcolor=""#FFFFFF""><font color=""#666666"" size=""2"">ガラステーブル</font></td>
        </tr>
      <tr>
        <td nowrap bgcolor=""#FFFFFF""><font color=""#666666"" size=""2"">スタッキングチェア（2個セット）</font></td>
        </tr>
    </table></td>
  </tr>
</table>
<br>
<img src=""http://image.rakuten.co.jp/anmine/cabinet/201303/garden-k.jpg"" width=""300"" height=""100"" border=""0""><br> 
<font size=""2"">&gt;&gt;ガーデン用インテリアはこちら</font><br>
<br>
<img src=""http://image.rakuten.co.jp/anmine/cabinet/icon-under/haisou-m.jpg"" border=""0"" /><img src=""http://image.rakuten.co.jp/anmine/cabinet/icon-under/haisou-day.jpg"" border=""0"" /><br>
<br><style type=""text/css"">
<!--
.style1 a:hover img {opacity:0.7;}
.style1 a:hover img {filter:alpha(opacity=70);}/*IE*/
-->
</style><div align=""center"" class=""style1""><img src=""http://image.rakuten.co.jp/anmine/cabinet/sinsyun/gross.jpg"" border=""0""><br />
  <br />
  <br />
  <table width=""600"" border=""0"" cellspacing=""0"" cellpadding=""0"">
    <tr>
      <td valign=""top""><img src=""http://image.rakuten.co.jp/neore/cabinet/table.jpg"" border=""0""><br>
          <br></td>
      <td align=""center"" valign=""top""><img src=""http://image.rakuten.co.jp/neore/cabinet/board.jpg"" border=""0""></td>
      <td align=""right"" valign=""top""><img src=""http://image.rakuten.co.jp/neore/cabinet/sofa.jpg"" border=""0""></td>
    </tr>
    <tr>
      <td><img src=""http://image.rakuten.co.jp/neore/cabinet/cutain.jpg"" border=""0""></td>
      <td align=""center""><img src=""http://image.rakuten.co.jp/neore/cabinet/chair.jpg"" border=""0"" /></td>
      <td align=""right"">&nbsp;</td>
    </tr>
  </table>
  <br />
  <br />
  <br />
</div>",ガーデンテーブル ガーデンガラステーブル ラタン風テーブル ガラス天板 ガーデンファニチャー アジアン おしゃれ 新生活  モダン ナチュラル neore：Ｎeore,カーペットラグマットカーテンロールスクリーンクッションシャギーラグマットスリッパインテリア雑貨北欧インテリアキッチンマットバスマットオーダーカーテンオーダーカーペット激安玄関マットネオレシャギーラグ送料無料ブラインドカーテンレールガーデンテーブル ガーデンガラステーブル ラタン風テーブル ガラス天板 ガーデンファニチャー アジアン おしゃれ 新生活  モダン ナチュラル neore,お庭がまるで南国のリゾート地みたいに♪。ガーデンテーブル ガーデンガラステーブル ラタン風テーブル ガラス天板 ガーデンファニチャー アジアン おしゃれ 新生活  モダン ナチュラル neore[rn]
37-73114,http://tshop.r10s.jp/gold/spacelab/item_images/sm/sst01/hrt-7442dgr_1.jpg?fitin=700:700,36800.0000,,花・ガーデン・DIY > エクステリア・ガーデンファニチャー > ガーデンファニチャー > テーブル,カサベーラ　ラウンドテーブル【送料無料　簡単組立　ガーデンテーブル　ダークグリーン　テラス　庭　ウッドデッキ　アルミ　アンティーク　クラシカル　イングリッシュガーデン　ファニチャー　シンプル　北欧　インテリア　家具　おしゃれ　カフェ】,【ダークグリーン】ここで過ごす時間は宝物,"<img src=""http://image.rakuten.co.jp/sumai-style/cabinet/hrt-7442dgr_1.jpg"" width=""650"" height=""600"" /><br /><img src=""http://image.rakuten.co.jp/sumai-style/cabinet/hrt-7442dgr_2.jpg"" width=""650"" height=""600"" /><br /><img src=""http://image.rakuten.co.jp/sumai-style/cabinet/hrt-7442dgr_5.jpg"" width=""650"" height=""510"" /><br /><img src=""http://image.rakuten.co.jp/sumai-style/cabinet/hrt-7442dgr_6.jpg"" width=""650"" height=""450"" /><br /><img src=""http://image.rakuten.co.jp/sumai-style/cabinet/hrt-7442dgr_7.jpg"" width=""650"" height=""500"" /><br /><img src=""http://image.rakuten.co.jp/sumai-style/cabinet/hrt-7442dgr_8.jpg"" width=""650"" height=""530"" /><br /><img src=""http://image.rakuten.co.jp/sumai-style/cabinet/hrt-7442dgr_9.jpg"" width=""650"" height=""510"" /><br /><img src=""http://image.rakuten.co.jp/sumai-style/cabinet/hrt-7442dgr_4.jpg"" width=""650"" height=""630"" /><br /><img src=""http://image.rakuten.co.jp/sumai-style/cabinet/hrt-7442dgr_3.jpg"" width=""650"" height=""520"" /><br /><img src=""http://image.rakuten.co.jp/sumai-style/cabinet/hrt-7442dgr_10.jpg"" width=""650"" height=""460"" /><br /><br /><img src=""http://image.rakuten.co.jp/sumai-style/cabinet/hgr_1.gif"" width=""650"" height=""80"" /><br /><table width=""650"" border=""0"">  <tr>    <td><a href=""http://item.rakuten.co.jp/spacelab/sm-hrt-7442dgr-5p/""><img src=""http://image.rakuten.co.jp/sumai-style/cabinet/hgr_5.jpg"" width=""310"" height=""240"" border=""0"" /></a><br />ラウンドテーブル＆チェア5点セット</td>    <td><a href=""http://item.rakuten.co.jp/spacelab/sm-hot-7460dgr-5p/""><img src=""http://image.rakuten.co.jp/sumai-style/cabinet/hgr_6.jpg"" width=""310"" height=""240"" border=""0"" /></a><br />オーバルテーブル＆チェア5点セット</td>  </tr></table>  <table>    <tr>    <td><a href=""http://item.rakuten.co.jp/spacelab/sm-hrt-7442dgr/""><img src=""http://image.rakuten.co.jp/sumai-style/cabinet/hgr_2.jpg"" width=""203"" height=""230"" border=""0"" /></a><br />ラウンドテーブル単品</td>    <td><a href=""http://item.rakuten.co.jp/spacelab/sm-hot-7460dgr/""><img src=""http://image.rakuten.co.jp/sumai-style/cabinet/hgr_3.jpg"" width=""253"" height=""230"" border=""0"" /></a><br />オーバルテーブル単品</td>    <td><a href=""http://item.rakuten.co.jp/spacelab/sm-hc-11001dgr/""><img src=""http://image.rakuten.co.jp/sumai-style/cabinet/hgr_4.jpg"" width=""153"" height=""230"" border=""0"" /></a><br />チェア単品</td>  </tr></table><br /><img src=""http://image.rakuten.co.jp/sumai-style/cabinet/hrt-7442dgr_11.gif"" width=""650"" height=""220"" /><br /><br /><br /><table cellpadding=""5"" cellspacing=""0"" border=""1"" width=""650""><tr> <td width=""40%"" bgcolor=""#D7D7D7"">■商品名</td><td width=""60%"" bgcolor=""#FFFFFF"">カサベーラ　ラウンドテーブル</td></tr>  <tr>    <td bgcolor=""#D7D7D7"">■型番</td>    <td bgcolor=""#FFFFFF"">HRT-7442DGR</td>  
</tr>  <tr>    <td bgcolor=""#D7D7D7"">■カラー</td>    <td bgcolor=""#FFFFFF"">ダークグリーン</td>  </tr>  <tr>    <td bgcolor=""#D7D7D7"">■サイズ</td>    <td bgcolor=""#FFFFFF"">幅 約1090×奥行 約1090×高さ 約720mm<br></td>  </tr>  <tr>    <td bgcolor=""#D7D7D7"">■重量</td>    <td bgcolor=""#FFFFFF"">約17.5kg</td>  </tr>  <tr>    <td bgcolor=""#D7D7D7"">■材質</td>    <td bgcolor=""#FFFFFF"">アルミ鋳物</td>  </tr>  <tr>    <td bgcolor=""#D7D7D7"">■仕上げ</td>    <td bgcolor=""#FFFFFF"">粉体塗装</td>  </tr>  <tr>    <td bgcolor=""#D7D7D7"">■組立区分</td>    <td bgcolor=""#FFFFFF"">組み立て式</td>  </tr>  <tr>    <td bgcolor=""#D7D7D7"">■生産国</td>    <td bgcolor=""#FFFFFF"">中国</td>  </tr></table><br>
<!--関連商品 Start-->
<div class=""wiymt15""><img src=""http://www.rakuten.ne.jp/gold/spacelab/img/150702-01.jpg"" width=""730"" height=""59"" alt=""関連商品"" /></div>

<!--コメント欄 Start 不必要の際は消去ください-->
<div id=""wiykanren01"">一押しのアウトドアベッド＆ハンモック</div>
<!--コメント欄 end-->

<!--商品画像・リンク Start li～/li 最大４つ-->
<!--★2 ４つ以上にする場合はdivごと複製ください-->
<div class=""wiykanren02"">
<ul class=""wiykanren03"">

<!--★1商品 Start ここからコピー下さい-->
<li><div class=""wiykanren04"">
<a href=""http://item.rakuten.co.jp/spacelab/az-lfs-709gy/"">
<img src=""http://thumbnail.image.rakuten.co.jp/@0_gold/spacelab/item_images/az/cart/az-lfs-709-1gy.jpg""  

alt="""" />
</a></div>
<!--商品説明欄 Start 不必要の際は消去ください-->
<div class=""wiypl""></div>
<div class=""wiyt"">
組立簡単！軽量コンパクト！サンシャインベッド LFS-709GY　グレー 
</div>
<!--商品説明欄 end 不必要の際は消去ください-->
</li>
<!--★1商品 end ここまでコピー下さい-->


<!--★1商品 Start ここからコピー下さい-->
<li><div class=""wiykanren04"">
<a href=""http://item.rakuten.co.jp/spacelab/az-lfs-709gr/"">
<img src=""http://thumbnail.image.rakuten.co.jp/@0_gold/spacelab/item_images/az/cart/az-lfs-709-1gr.jpg""  

/>
</a></div>
<!--商品説明欄 Start 不必要の際は消去ください-->
<div class=""wiypl""></div>
<div class=""wiyt"">
組立簡単！軽量コンパクト！サンシャインベッド LFS-709GR　グリーン 
</div>
<!--商品説明欄 end 不必要の際は消去ください-->
</li>
<!--★1商品 end ここまでコピー下さい-->


<!--★1商品 Start ここからコピー下さい-->
<li><div class=""wiykanren04"">
<a href=""http://item.rakuten.co.jp/spacelab/az-rkc-537cm/"">
<img src=""http://thumbnail.image.rakuten.co.jp/@0_gold/spacelab/item_images/az/cart/az-rkc-537cm-1.jpg""

_ex=300x300&s=2&r=1"""" />
</a></div>
<!--商品説明欄 Start 不必要の際は消去ください-->
<div class=""wiypl""></div>
<div class=""wiyt"">
いつでもどこでもリラックス！ワンタッチハンモック RKC-537CM 
</div>
<!--商品説明欄 end 不必要の際は消去ください-->
</li>
<!--★1商品 end ここまでコピー下さい-->

<!--★1商品 Start ここからコピー下さい-->
<li><div class=""wiykanren04"">
<a href=""http://item.rakuten.co.jp/spacelab/az-rkc-538bl/"">
<img src=""http://thumbnail.image.rakuten.co.jp/@0_gold/spacelab/item_images/az/cart/az-rkc-538bl-1.jpg"" alt="""" />

</a></div>
<!--商品説明欄 Start 不必要の際は消去ください-->
<div class=""wiypl""></div>
<div class=""wiyt"">
贅沢な、くつろぎタイム　ハンモックチェア RKC-538BL 
</div>
<!--商品説明欄 end 不必要の際は消去ください-->
</li>
<!--★1商品 end ここまでコピー下さい-->


</ul>
<br clear=""all"" />
</div>
<!--★2 end--><style>
<!--

#spec_title {
width: 410px;
height: 50px;
font-size: 9px;
background: url(http://image.rakuten.co.jp/spacelab/cabinet/item_parts/item_desc_title.jpg) no-repeat;
}

.spec_tb {
width: 410px;
border-top: 1px dotted #ddd;
}
.spec_tb th {
width: 160px;
padding: 8px 0;
font-weight: normal;
text-indent: 10px;
letter-spacing: 1.2px;
font-size: 12px;
text-align: left;
background: #ececec;
border-bottom: 1px dotted #ddd;
}

.spec_tb td {
padding: 8px;
text-align: left;
letter-spacing: 1.2px;
line-height: 1.6;
font-size: 12px;
background: #fff;
border-bottom: 1px dotted #ddd;
}

.spec_tb td div {
text-align: center;
}

-->
</style>
<h3 id=""spec_title""><img src=""http://image.rakuten.co.jp/spacelab/cabinet/item_parts/item_desc_title.jpg"" alt=""商品詳細"" /></h3>
<table border=""0"" cellspacing=""0"" cellpadding=""0"" class=""spec_tb"">

<tr><th>商品説明</th><td><font color=""red"" size=""+1""><strong>※北海道・沖縄・離島は別途送料が必要となります。</strong></font><br><br>【カサベーラ　ラウンドテーブル　ダークグリーン】<br><br>ここで過ごす時間は宝物。<br><br>クラッシックテイストあふれる、おしゃれなガーデンファニチャー・シリーズ「カサベーラ」。<br /><br />繊細さが薫るツタの装飾模様は、鋳型に金属を流しこんで凝固させる、<br />手の込んだ手法でつくられています。<br /><br />お庭に置いた時、この模様がまるで美しいレースの透かし模様のように見えて、<br />とてもロマンチック。<br />見た目は重厚感がありますが、アルミ製なので軽く、扱いやすいのが特徴です。<br /><br />ありそうでない深いグリーンは、新緑にも冬の木立ちにも、<br />一年を通していい感じに合わせられます。 <br><br><br><br>
メーカー希望小売価格はメーカーカタログに基づいて掲載しています</td></tr>
<tr><th>営業時間について</th><td>・ご注文は24時間受け付けています。<br />
・お電話でのお問い合わせは月曜日～金曜日　９：００～18：００まで（土日曜祝日は定休日）です。</td></tr>
<tr><th>お支払いについて</th><td>クレジットカード <br />
銀行振込<br />
楽天バンク決済<br />
セブンイレブン決済(前払) <br />
ローソン決済(前払)<br />
がご利用いただけます。<br />
→お支払方法の詳細はこちら</td></tr>
<tr><th>配送料について</th><td>●配送料は無料です。<br />
※北海道・沖縄および島しょ部は別途料金となりますのでお問合せを願います。</td></tr>
<tr><th>商品の返品について</th><td>●お届けした商品は荷受時に必ずご確認ください。<br />
交換、返品につきましては商品到着後7日以内にご連絡ください。<br />
お客様都合の返品、交換については送料、および返品送料はお客様負担となります。<br />
■すでにご使用になっている商品、パッケージ開封商品はキャンセル、交換および返品<br />
はお受けできません。<br />
■配送途上の傷、商品不良等、当社事由による交換、返品送料は当社負担となります。</td></tr>

</table>",カサベーラ　ラウンドテーブル【送料無料　簡単組立　ガーデンテーブル　ダークグリーン　テラス　庭　ウッドデッキ　アルミ　アンティーク　クラシカル　イングリッシュガーデン　ファニチャー　シンプル　北欧　インテリア　家具　おしゃれ　カフェ】：スペースラボ,カサベーラ　ラウンドテーブル【送料無料　簡単組立　ガーデンテーブル　ダークグリーン　テラス　庭　ウッドデッキ　アルミ　アンティーク　クラシカル　イングリッシュガーデン　ファニチャー　シンプル　北欧　インテリア　家具　おしゃれ　カフェ】,【ダークグリーン】ここで過ごす時間は宝物。カサベーラ　ラウンドテーブル【送料無料　簡単組立　ガーデンテーブル　ダークグリーン　テラス　庭　ウッドデッキ　アルミ　アンティーク　クラシカル　イングリッシュガーデン　ファニチャー　シンプル　北欧　インテリア　家具　おしゃれ　カフェ】[rn]
37-73115,http://tshop.r10s.jp/gold/spacelab/item_images/sm/sst01/hrt-7442dgr-5p_1.jpg?fitin=700:700,79840.0000,,花・ガーデン・DIY > エクステリア・ガーデンファニチャー > ガーデンファニチャー > テーブル,カサベーラ　ラウンドテーブル5点セット【送料無料　簡単組立　ガーデンテーブル　ダークグリーン　テラス　庭　ウッドデッキ　アルミ　アンティーク　クラシカル　イングリッシュガーデン　ファニチャー　シンプル　北欧　インテリア　家具　おしゃれ　カフェ】,【ダークグリーン】ここで過ごす時間は宝物,"<img src=""http://image.rakuten.co.jp/sumai-style/cabinet/hrt-7442dgr-5p_1.jpg"" width=""650"" height=""600"" /><br /><img src=""http://image.rakuten.co.jp/sumai-style/cabinet/hrt-7442dgr-5p_2.jpg"" width=""650"" height=""600"" /><br /><img src=""http://image.rakuten.co.jp/sumai-style/cabinet/hrt-7442dgr-5p_5.jpg"" width=""650"" height=""510"" /><br /><img src=""http://image.rakuten.co.jp/sumai-style/cabinet/hrt-7442dgr-5p_6.jpg"" width=""650"" height=""450"" /><br /><img src=""http://image.rakuten.co.jp/sumai-style/cabinet/hrt-7442dgr-5p_7.jpg"" width=""650"" height=""500"" /><br /><img src=""http://image.rakuten.co.jp/sumai-style/cabinet/hrt-7442dgr-5p_8.jpg"" width=""650"" height=""530"" /><br /><img src=""http://image.rakuten.co.jp/sumai-style/cabinet/hrt-7442dgr-5p_9.jpg"" width=""650"" height=""510"" /><br /><img src=""http://image.rakuten.co.jp/sumai-style/cabinet/hrt-7442dgr-5p_4.jpg"" width=""650"" height=""630"" /><br /><img src=""http://image.rakuten.co.jp/sumai-style/cabinet/hrt-7442dgr-5p_3.jpg"" width=""650"" height=""520"" /><br /><img src=""http://image.rakuten.co.jp/sumai-style/cabinet/hrt-7442dgr-5p_10.jpg"" width=""650"" height=""460"" /><br /><br /><img src=""http://image.rakuten.co.jp/sumai-style/cabinet/hgr_1.gif"" width=""650"" height=""80"" /><br /><table width=""650"" border=""0"">  <tr>    <td><a href=""http://item.rakuten.co.jp/spacelab/sm-hrt-7442dgr-5p/""><img src=""http://image.rakuten.co.jp/sumai-style/cabinet/hgr_5.jpg"" width=""310"" height=""240"" border=""0"" /></a><br />ラウンドテーブル＆チェア5点セット</td>    <td><a href=""http://item.rakuten.co.jp/spacelab/sm-hot-7460dgr-5p/""><img src=""http://image.rakuten.co.jp/sumai-style/cabinet/hgr_6.jpg"" width=""310"" height=""240"" border=""0"" /></a><br />オーバルテーブル＆チェア5点セット</td>  </tr></table>  <table>    <tr>    <td><a href=""http://item.rakuten.co.jp/spacelab/sm-hrt-7442dgr/""><img src=""http://image.rakuten.co.jp/sumai-style/cabinet/hgr_2.jpg"" width=""203"" height=""230"" border=""0"" /></a><br />ラウンドテーブル単品</td>    <td><a href=""http://item.rakuten.co.jp/spacelab/sm-hot-7460dgr/""><img src=""http://image.rakuten.co.jp/sumai-style/cabinet/hgr_3.jpg"" width=""253"" height=""230"" border=""0"" /></a><br />オーバルテーブル単品</td>    <td><a href=""http://item.rakuten.co.jp/spacelab/sm-hc-11001dgr/""><img src=""http://image.rakuten.co.jp/sumai-style/cabinet/hgr_4.jpg"" width=""153"" height=""230"" border=""0"" /></a><br />チェア単品</td>  </tr></table><br /><img src=""http://image.rakuten.co.jp/sumai-style/cabinet/hrt-7442dgr-5p_11.gif"" width=""650"" height=""220"" /><br /><br /><br /><table cellpadding=""5"" cellspacing=""0"" border=""1"" width=""650"">  <TR>    <TD bgColor=""#d7d7d7"" width=""40%"">■商品名</TD>    <TD bgColor=""#ffffff"" width=""60%"">カサベーラ　ラウンドテーブル5点セット</TD>  </TR>  <TR>    <TD bgColor=""#d7d7d7"">■型番</TD>    <TD bgColor=""#ffffff"">HRT-7442DGR-5P</TD>  
</TR>  <TR>    <TD bgColor=""#d7d7d7"">■カラー</TD>    <TD bgColor=""#ffffff"">ダークグリーン</TD>  </TR>  <TR>    <TD bgColor=""#d7d7d7"">■サイズ</TD>    <TD bgColor=""#ffffff"">ラウンドテーブル：幅 約1090×奥行 約1090×高さ 約720mm<BR>      チェア：幅 約490×奥行 約550×高さ   約900mm</TD>  </TR>  <TR>    <TD bgColor=""#d7d7d7"">■重量</TD>    <TD bgColor=""#ffffff"">ラウンドテーブル：約17.5kg<BR>      チェア：約4.5kg</TD>  </TR>  <TR>    <TD bgColor=""#d7d7d7"">■材質</TD>    <TD bgColor=""#ffffff"">アルミ鋳物</TD>  </TR>  <TR>    <TD bgColor=""#d7d7d7"">■仕上げ</TD>    <TD bgColor=""#ffffff"">粉体塗装</TD>  </TR>  <TR>    <TD bgColor=""#d7d7d7"">■組立区分</TD>    <TD bgColor=""#ffffff"">組み立て式</TD>  </TR>  <TR>    <TD bgColor=""#d7d7d7"">■生産国</TD>    <TD bgColor=""#ffffff"">中国</TD>  </TR></table><br>
<!--関連商品 Start-->
<div class=""wiymt15""><img src=""http://www.rakuten.ne.jp/gold/spacelab/img/150702-01.jpg"" width=""730"" height=""59"" alt=""関連商品"" /></div>

<!--コメント欄 Start 不必要の際は消去ください-->
<div id=""wiykanren01"">一押しのアウトドアベッド＆ハンモック</div>
<!--コメント欄 end-->

<!--商品画像・リンク Start li～/li 最大４つ-->
<!--★2 ４つ以上にする場合はdivごと複製ください-->
<div class=""wiykanren02"">
<ul class=""wiykanren03"">

<!--★1商品 Start ここからコピー下さい-->
<li><div class=""wiykanren04"">
<a href=""http://item.rakuten.co.jp/spacelab/az-lfs-709gy/"">
<img src=""http://thumbnail.image.rakuten.co.jp/@0_gold/spacelab/item_images/az/cart/az-lfs-709-1gy.jpg""  

alt="""" />
</a></div>
<!--商品説明欄 Start 不必要の際は消去ください-->
<div class=""wiypl""></div>
<div class=""wiyt"">
組立簡単！軽量コンパクト！サンシャインベッド LFS-709GY　グレー 
</div>
<!--商品説明欄 end 不必要の際は消去ください-->
</li>
<!--★1商品 end ここまでコピー下さい-->


<!--★1商品 Start ここからコピー下さい-->
<li><div class=""wiykanren04"">
<a href=""http://item.rakuten.co.jp/spacelab/az-lfs-709gr/"">
<img src=""http://thumbnail.image.rakuten.co.jp/@0_gold/spacelab/item_images/az/cart/az-lfs-709-1gr.jpg""  

/>
</a></div>
<!--商品説明欄 Start 不必要の際は消去ください-->
<div class=""wiypl""></div>
<div class=""wiyt"">
組立簡単！軽量コンパクト！サンシャインベッド LFS-709GR　グリーン 
</div>
<!--商品説明欄 end 不必要の際は消去ください-->
</li>
<!--★1商品 end ここまでコピー下さい-->


<!--★1商品 Start ここからコピー下さい-->
<li><div class=""wiykanren04"">
<a href=""http://item.rakuten.co.jp/spacelab/az-rkc-537cm/"">
<img src=""http://thumbnail.image.rakuten.co.jp/@0_gold/spacelab/item_images/az/cart/az-rkc-537cm-1.jpg""

_ex=300x300&s=2&r=1"""" />
</a></div>
<!--商品説明欄 Start 不必要の際は消去ください-->
<div class=""wiypl""></div>
<div class=""wiyt"">
いつでもどこでもリラックス！ワンタッチハンモック RKC-537CM 
</div>
<!--商品説明欄 end 不必要の際は消去ください-->
</li>
<!--★1商品 end ここまでコピー下さい-->

<!--★1商品 Start ここからコピー下さい-->
<li><div class=""wiykanren04"">
<a href=""http://item.rakuten.co.jp/spacelab/az-rkc-538bl/"">
<img src=""http://thumbnail.image.rakuten.co.jp/@0_gold/spacelab/item_images/az/cart/az-rkc-538bl-1.jpg"" alt="""" />

</a></div>
<!--商品説明欄 Start 不必要の際は消去ください-->
<div class=""wiypl""></div>
<div class=""wiyt"">
贅沢な、くつろぎタイム　ハンモックチェア RKC-538BL 
</div>
<!--商品説明欄 end 不必要の際は消去ください-->
</li>
<!--★1商品 end ここまでコピー下さい-->


</ul>
<br clear=""all"" />
</div>
<!--★2 end--><style>
<!--

#spec_title {
width: 410px;
height: 50px;
font-size: 9px;
background: url(http://image.rakuten.co.jp/spacelab/cabinet/item_parts/item_desc_title.jpg) no-repeat;
}

.spec_tb {
width: 410px;
border-top: 1px dotted #ddd;
}
.spec_tb th {
width: 160px;
padding: 8px 0;
font-weight: normal;
text-indent: 10px;
letter-spacing: 1.2px;
font-size: 12px;
text-align: left;
background: #ececec;
border-bottom: 1px dotted #ddd;
}

.spec_tb td {
padding: 8px;
text-align: left;
letter-spacing: 1.2px;
line-height: 1.6;
font-size: 12px;
background: #fff;
border-bottom: 1px dotted #ddd;
}

.spec_tb td div {
text-align: center;
}

-->
</style>
<h3 id=""spec_title""><img src=""http://image.rakuten.co.jp/spacelab/cabinet/item_parts/item_desc_title.jpg"" alt=""商品詳細"" /></h3>
<table border=""0"" cellspacing=""0"" cellpadding=""0"" class=""spec_tb"">

<tr><th>商品説明</th><td><font color=""red"" size=""+1""><strong>※北海道・沖縄・離島は別途送料が必要となります。</strong></font><br><br>
【カサベーラ　ラウンドテーブル5点セット　ダークグリーン】<br><br>ここで過ごす時間は宝物。<br><br>クラッシックテイストあふれる、おしゃれなガーデンファニチャー・シリーズ「カサベーラ」。<br /><br />繊細さが薫るツタの装飾模様は、鋳型に金属を流しこんで凝固させる、<br />手の込んだ手法でつくられています。<br /><br />お庭に置いた時、この模様がまるで美しいレースの透かし模様のように見えて、<br />とてもロマンチック。<br />見た目は重厚感がありますが、アルミ製なので軽く、扱いやすいのが特徴です。<br /><br />ありそうでない深いグリーンは、新緑にも冬の木立ちにも、<br />一年を通していい感じに合わせられます。 <br><br><br><br>
メーカー希望小売価格はメーカーカタログに基づいて掲載しています</td></tr>
<tr><th>営業時間について</th><td>・ご注文は24時間受け付けています。<br />
・お電話でのお問い合わせは月曜日～金曜日　９：００～18：００まで（土日曜祝日は定休日）です。</td></tr>
<tr><th>お支払いについて</th><td>クレジットカード <br />
銀行振込<br />
楽天バンク決済<br />
セブンイレブン決済(前払) <br />
ローソン決済(前払)<br />
がご利用いただけます。<br />
→お支払方法の詳細はこちら</td></tr>
<tr><th>配送料について</th><td>●配送料は無料です。<br />
※北海道・沖縄および島しょ部は別途料金となりますのでお問合せを願います。</td></tr>
<tr><th>商品の返品について</th><td>●お届けした商品は荷受時に必ずご確認ください。<br />
交換、返品につきましては商品到着後7日以内にご連絡ください。<br />
お客様都合の返品、交換については送料、および返品送料はお客様負担となります。<br />
■すでにご使用になっている商品、パッケージ開封商品はキャンセル、交換および返品<br />
はお受けできません。<br />
■配送途上の傷、商品不良等、当社事由による交換、返品送料は当社負担となります。</td></tr>

</table>",カサベーラ　ラウンドテーブル5点セット【送料無料　簡単組立　ガーデンテーブル　ダークグリーン　テラス　庭　ウッドデッキ　アルミ　アンティーク　クラシカル　イングリッシュガーデン　ファニチャー　シンプル　北欧　インテリア　家具　おしゃれ　カフェ】：スペースラボ,カサベーラ　ラウンドテーブル5点セット【送料無料　簡単組立　ガーデンテーブル　ダークグリーン　テラス　庭　ウッドデッキ　アルミ　アンティーク　クラシカル　イングリッシュガーデン　ファニチャー　シンプル　北欧　インテリア　家具　おしゃれ　カフェ】,【ダークグリーン】ここで過ごす時間は宝物。カサベーラ　ラウンドテーブル5点セット【送料無料　簡単組立　ガーデンテーブル　ダークグリーン　テラス　庭　ウッドデッキ　アルミ　アンティーク　クラシカル　イングリッシュガーデン　ファニチャー　シンプル　北欧　インテリア　家具　おしゃれ　カフェ】[rn]
37-73116,http://tshop.r10s.jp/air-rhizome/cabinet/a/l6ytablekg1.jpg?fitin=700:700,7899.2000,,花・ガーデン・DIY > エクステリア・ガーデンファニチャー > ガーデンファニチャー > テーブル,送料無料 ガーデン エクステリア テーブル モザイク バルコニー テラス 庭 テーブル セラミック スチール アールデコ タイルデザイン mosaic rooke〔モザイク ルーク〕テーブル単体販売 石目,ガーデン エクステリア タイルデザイン テーブル,"<table width=""570"" border=""0"" cellpadding=""0"" cellspacing=""0"">
<tbody>
<TR>
<TD><A href=https://www.rakuten.ne.jp/gold/air-rhizome/><FONT color=#666666 size=-1>トップ</FONT></A> <FONT color=#666666 size=-1>&gt; <FONT color=#666666><FONT color=#666666><A href=https://item.rakuten.co.jp/air-rhizome/c/0000000458/><FONT color=#666666>ガーデン</FONT></A></FONT></FONT> &gt; mosaic rooke table （モザイクルークテーブル）テーブル単体販売
</FONT>

<br><br>

<A href=https://www.rakuten.ne.jp/gold/air-rhizome/><FONT color=#666666 size=-1>トップ</FONT></A> <FONT color=#666666 size=-1>&gt; <FONT color=#666666><FONT color=#666666><A href=https://item.rakuten.co.jp/air-rhizome/c/0000000110/><FONT color=#666666>ダイニングテーブル・セット</FONT></A></FONT></FONT> &gt;mosaic rooke table （モザイクルークテーブル）テーブル単体販売</FONT>

</TD></TR>
<TR>
<TD height=40></TD>
</TR>

<tr>
<td>
<img src=""https://image.rakuten.co.jp/air-rhizome/cabinet/a/l6y1.jpg""><br>
<img src=""https://image.rakuten.co.jp/air-rhizome/cabinet/a/l6y16.gif"" border=""0""><br><table width=""570"" border=""0"" cellpadding=""0"" cellspacing=""0"">
<tbody  style=""line-height: 120%;"">
<tr>
<td valign=top width=""261""><a href=""https://image.rakuten.co.jp/air-rhizome/cabinet/a/l6y1b.jpg"" target=""_blank""><img src=https://image.rakuten.co.jp/air-rhizome/cabinet/a/l6y2.jpg border=0></a><br>
<a href=""https://image.rakuten.co.jp/air-rhizome/cabinet/a/l6y2b.jpg"" target=""_blank""><img src=https://image.rakuten.co.jp/air-rhizome/cabinet/a/l6y4.jpg border=0></a><a href=""https://image.rakuten.co.jp/air-rhizome/cabinet/a/l6y3b.jpg"" target=""_blank""><img src=https://image.rakuten.co.jp/air-rhizome/cabinet/a/l6y5.jpg border=0></a></td><td valign=top width=""15""></td>
<td valign=top width=""294""><div align=""left"">
<p><img src=https://image.rakuten.co.jp/air-rhizome/cabinet/a/l6y3.gif border=0>
<font color=""#666666"" size=""-1"">
陽気な気候のなかで日差しを浴びて、ちょっと一息いれるカフェタイムを演出するカフェテーブル""mosaic rooke table""シリーズ<br>
<br>
タイル調のモザイクデザインとシンプルで細身のシルエットのスチールが、お家の庭やベランダにお洒落なカフェスペースをつくります</font><font color=""#666666"" size=""-1"">。 <br>
<br>
従来のガーデン家具とは、ひと味違った上品でインテリア性の高い仕上がりなので、屋外はもちろん、屋内やマンションのベランダなどでも十分使えます。。</font></p>
</div></td>
</tr>
</tbody>
</table>
<img src=""https://image.rakuten.co.jp/air-rhizome/cabinet/o/galtltc08.gif"" border=""0""><table width=""570"" border=""0"" cellpadding=""0"" cellspacing=""0"">
<tbody  style=""line-height: 120%;"">
<tr>

<td valign=top width=""294""><div align=""left"">
<p><img src=https://image.rakuten.co.jp/air-rhizome/cabinet/a/l6y9.gif border=0>
<font color=""#666666"" size=""-1"">
可愛さの中にも優雅さのあるテーブルもスチールで統一されており、美しいガーデンテーブルとなっております。
<br>
<br>
天板全体には、タイル調のモザイクデザインが施されています。ヨーロピアンスタイルのガーデニング風インテリアとなっております。<br>
<br>
セラミック仕様の天板は屋外に最適。雨や汚れ・サビにも強く、汚れた際には水でしっかりと洗えるので、汚れを気にせず使用できます。
<br>
<br>
また、サークル型のデザインなので、置く場所を選ばず様々なシーンで活躍します。横幅60cmの天板は、食器や雑誌なども置けるサイズ感となっております。<br>
<br>
天板の真ん中には、パラソルを立てる為のサークルがありますので、パラソルと使用する際には備え付けのフタを取って頂くだけで、パラソルテーブルとなります。</font></p>
</div></td><td valign=top width=""15""></td><td valign=top width=""261""><img src=https://image.rakuten.co.jp/air-rhizome/cabinet/a/l6y8.jpg border=0 usemap=""#map2""></td>
</tr>
</tbody>
</table>
<img src=""https://image.rakuten.co.jp/air-rhizome/cabinet/o/galtltc08.gif"" border=""0""><br>
<table width=""570"" border=""0"" cellpadding=""0"" cellspacing=""0"">
<tbody  style=""line-height: 120%;"">
<tr>

<td valign=top width=""261""><div align=""left""><img src=https://image.rakuten.co.jp/air-rhizome/cabinet/a/l6y11.jpg border=0 usemap=""#map3""></div></td><td valign=top width=""15""></td><td width=""294"" valign=top><img src=https://image.rakuten.co.jp/air-rhizome/cabinet/a/l6y10.gif border=0>
<font color=""#666666"" size=""-1"">
こちらのテーブルとチェアの脚下には、ウッドデッキやベランダなどを傷つけないアジャスタ付となっておりますので、屋内でも安心してお使い頂けます。

</font>

</td>
</tr>
</tbody>
</table><img src=""https://image.rakuten.co.jp/air-rhizome/cabinet/o/galtltc08.gif"" border=""0""><br>

<img src=""https://image.rakuten.co.jp/air-rhizome/cabinet/a/l6y12.jpg"" border=""0""><br><img src=""https://image.rakuten.co.jp/air-rhizome/cabinet/a/l6y13.jpg"" border=""0"" usemap=""#map4""><br>
<img src=""https://image.rakuten.co.jp/air-rhizome/cabinet/o/galtltc08.gif"" border=""0""><tbody>
<tr>
<td valign=top><table border=0 cellpadding=0 cellspacing=0 width=570>
<tbody>
<tr>
<td valign=top><table border=0 cellpadding=0 cellspacing=0 width=570>
<tbody>
<tr>
<td valign=top><table border=0 cellpadding=0 cellspacing=0 width=570>
<tbody>
<tr>
<td width=""277"" valign=""middle"">

<font color=#666666 size=-1>
<a name=link></a>【テーブル】<br>
<br>

サイズ：<br>
幅60×奥行き60×高さ67cm
<br>
<img src=https://image.rakuten.co.jp/air-rhizome/cabinet/p/kwzim18.gif width=""265"" height=""13"" border=0>

<br>
製品重量：<br>約10kg<br>
<img src=https://image.rakuten.co.jp/air-rhizome/cabinet/p/kwzim18.gif width=""265"" height=""13"" border=0>
<br>

材質：<br>
セラミック、スチール（粉体塗装）<br><img src=https://image.rakuten.co.jp/air-rhizome/cabinet/p/kwzim18.gif width=""265"" height=""13"" border=0><br>


備考：<br>組立式（組立時間約5分）
<br>
</font></td>
<td align=right valign=""top"">
<div align=""center""><img src=https://image.rakuten.co.jp/air-rhizome/cabinet/j/msh1.gif border=0><br>
</div></td>
</tr>
</tbody>
</table></td>
</tr>
</tbody>
</table>
<img src=""https://image.rakuten.co.jp/air-rhizome/cabinet/o/galtltc08.gif"" border=""0""><br>
<img src=""https://image.rakuten.co.jp/air-rhizome/cabinet/10/l6y15.gif"" border=""0"" usemap=""#map6"">
<img src=""https://image.rakuten.co.jp/air-rhizome/cabinet/o/galtltc08.gif"" border=""0""><br>

<iframe src=""https://www.rakuten.ne.jp/gold/air-rhizome/site-parts/product-rcmn/r-product-rcmn-garden.html"" marginwidth=""0"" marginheight=""0"" scrolling=""no"" frameborder=""0"" width=""570"" id=""frame-product-rcmn""></iframe><br>
<img src=""https://image.rakuten.co.jp/air-rhizome/cabinet/ss/line_1.gif""><br>

<a href=""https://item.rakuten.co.jp/air-rhizome/c/0000000458/"" target=""_blank""><img src=""https://image.rakuten.co.jp/air-rhizome/cabinet/a/1205_gdn.jpg"" border=""0""></a><br>

</td>
</tr>
</tbody>
</table></td>
</tr>
</tbody>
</table>


<map name=""map2"">
<area shape=""rect"" coords=""0,2,259,278"" href=""https://image.rakuten.co.jp/air-rhizome/cabinet/a/l6y8b.jpg"" target=""_blank"">
<area shape=""rect"" coords=""-1,282,260,411"" href=""https://image.rakuten.co.jp/air-rhizome/cabinet/a/l6y9b.jpg"" target=""_blank"">
<area shape=""rect"" coords=""3,415,130,544"" href=""https://image.rakuten.co.jp/air-rhizome/cabinet/a/l6y10b.jpg"" target=""_blank"">
<area shape=""rect"" coords=""133,414,260,544"" href=""https://image.rakuten.co.jp/air-rhizome/cabinet/a/l6y11b.jpg"" target=""_blank"">
</map>

<map name=""map3"">
<area shape=""rect"" coords=""-3,0,127,125"" href=""https://image.rakuten.co.jp/air-rhizome/cabinet/a/l6y12b.jpg"" target=""_blank"">
<area shape=""rect"" coords=""132,1,259,126"" href=""https://image.rakuten.co.jp/air-rhizome/cabinet/a/l6y13b.jpg"" target=""_blank"">
</map>

<map name=""map4"">
<area shape=""rect"" coords=""148,19,276,147"" href=""https://image.rakuten.co.jp/air-rhizome/cabinet/a/l6y14b.jpg"" target=""_blank"">
<area shape=""rect"" coords=""293,18,421,145"" href=""https://image.rakuten.co.jp/air-rhizome/cabinet/a/l6y15b.jpg"" target=""_blank"">
<area shape=""rect"" coords=""442,17,569,145"" href=""https://image.rakuten.co.jp/air-rhizome/cabinet/a/l6y16b.jpg"" target=""_blank"">
</map>
<map name=""map6"">
<area shape=""rect"" coords=""43,185,157,213"" href=""https://item.rakuten.co.jp/air-rhizome/fub-93273-93274#link"" target=""_blank"">
<area shape=""rect"" coords=""235,183,335,216"" href=""https://item.rakuten.co.jp/air-rhizome/fub-93273#link"" target=""_blank"">
<area shape=""rect"" coords=""422,185,520,217"" href=""https://item.rakuten.co.jp/air-rhizome/fub-93274#link"" target=""_blank"">
</map>

<!--メーカー＆予約-->
<img src=https://image.rakuten.co.jp/air-rhizome/cabinet/mbnr/mbnr-fub-01.gif><br>
<!--メーカー＆予約ここまで-->
<img src=""https://image.rakuten.co.jp/air-rhizome/cabinet/z/sp.gif"" width=""480"" height=""1""><br>

<TABLE border=""0"" cellpadding=""5"" cellspacing=""1"" width=""370"" bgcolor=""#999999"">
<TBODY>
<TR>
<td><img src=""https://www.rakuten.ne.jp/gold/air-rhizome/kago-info/images/kago-info-ttl01.gif"" border=""0""></td>
</TR>
<TR>
<td bgcolor=""#ffffff"">
<img src=""https://www.rakuten.ne.jp/gold/air-rhizome/kago-info/images/info-tablex1.gif""><br>

</td>
</tr>
<tr>
<td><img src=""https://www.rakuten.ne.jp/gold/air-rhizome/kago-info/images/kago-info-ttl03.gif"" border=""0""></td>
</TR>
<TR>
<td bgcolor=""#ffffff""><FONT color=""#666666"" size=""-1"">陽気な気候のなかで日差しを浴びて、ちょっと一息いれるカフェタイムを演出するカフェテーブル""mosaic rooke table""

タイル調のモザイクデザインとシンプルで細身のシルエットのスチールが、お家の庭やベランダにお洒落なカフェスペースをつくります。

ヨーロピアンガーデニングスタイルの様な、優美で大人の休日をご自宅に。

こだわりのモザイクデザインが上品でインテリア性の高い仕上がりです。屋外はもちろん、屋内やマンションのベランダなどでも十分使えます。</FONT></td>
</TR>
<TR>
<td bgcolor=""#ffffff""><FONT size=""-1"" color=""#666666""><FONT color=""#666666"" size=""-1"">サイズ：幅60×奥行き60×高さ67cm </FONT><FONT color=""#666666""><br>
</FONT>
<FONT color=""#666666""><FONT color=""#666666""><img src=""https://www.rakuten.ne.jp/gold/air-rhizome/kago/kago-l1.gif"" border=""0""></FONT><br>
製品重量：約10kg<br>

<img src=""https://www.rakuten.ne.jp/gold/air-rhizome/kago/kago-l1.gif"" border=""0""><br>
材質：セラミック、スチール（粉体塗装）<br>
<img src=""https://www.rakuten.ne.jp/gold/air-rhizome/kago/kago-l1.gif"" border=""0""><br>
備考：組立式（組立時間約5分）<br>
<FONT color=""#666666""><img src=""https://www.rakuten.ne.jp/gold/air-rhizome/kago/kago-l1.gif"" border=""0""></FONT><br>
</FONT>
カテゴリー：ガーデン/エクステリア/３点セット/テーブル/タイルデザイン/アールデコ/モダン/北欧/オープンカフェ/黒色/赤色</FONT></td>
</TR>
</TBODY>
</TABLE>

<p class=""pagebtn-top""></p>
<p class=""pagebtn-book""></p>",送料無料 ガーデン エクステリア テーブル モザイク バルコニー テラス 庭 テーブル セラミック スチール アールデコ タイルデザイン mosaic rooke〔モザイク ルーク〕テーブル単体販売 石目：エア・リゾーム　インテリア,インテリア家具ソファ座椅子チェアソファーダイニングテーブルポールハンガーハンガーラック北欧シーリングライトゴミ箱テーブルキッチン収納テレビ台ドレッサーラグエアリゾームベッドラックデスク送料無料 ガーデン エクステリア テーブル モザイク バルコニー テラス 庭 テーブル セラミック スチール アールデコ タイルデザイン mosaic rooke〔モザイク ルーク〕テーブル単体販売 石目,ガーデン エクステリア タイルデザイン テーブル。送料無料 ガーデン エクステリア テーブル モザイク バルコニー テラス 庭 テーブル セラミック スチール アールデコ タイルデザイン mosaic rooke〔モザイク ルーク〕テーブル単体販売 石目[rn]
37-73117,http://tshop.r10s.jp/air-rhizome/cabinet/9/d6c-t-kago1.jpg?fitin=700:700,6516.8000,,花・ガーデン・DIY > エクステリア・ガーデンファニチャー > ガーデンファニチャー > テーブル,送料無料 ガーデン テーブル カフェ風 シンプル 庭 テラス ベランダ 机 バルコニー 屋内外兼 アウトドア シンプル  Dolche table（ドルチェテーブル）単体販売 ブルー ダークグレー ライトグレー,ガーデン テーブル カフェ風 シンプル 机 バルコニー,"<table border=""0"" cellpadding=""0"" cellspacing=""0"" width=""570"">
<tbody>

<!--ぱんくず楽天-->
<tr>
<td><font color=""#666666"" size=""-1"">
<A href=""https://www.rakuten.ne.jp/gold/air-rhizome/"">
<font color=""#666666"" size=""-1"">トップ</font></A>
&gt; <A href=https://item.rakuten.co.jp/air-rhizome/c/0000000458/>
<FONT color=#666666>ガーデン</FONT></A>
&gt; Dolche table（ドルチェテーブル）</font>
</td>
</tr>
<tr>
<td height=""15""></td>
</tr>
<tr>
<td><font color=""#666666"" size=""-1"">
<A href=""https://www.rakuten.ne.jp/gold/air-rhizome/"">
<font color=""#666666"" size=""-1"">トップ</font></A>
&gt; <A href=https://item.rakuten.co.jp/air-rhizome/c/0000000110/>
<FONT color=#666666>ダイニングテーブル・セット</FONT></A>
&gt;Dolche table（ドルチェテーブル）</font>
</td>
</tr>

<tr>
<td height=""40""></td>
</tr>

<tr>
<td><img src=""https://image.rakuten.co.jp/air-rhizome/cabinet/9/d6c-00.jpg""><br>
<img src=""https://image.rakuten.co.jp/air-rhizome/cabinet/ss/line_1.gif""></td>
</tr>

<tr>
<td>

<table width=""570"" border=""0"" cellpadding=""0"" cellspacing=""0"">
<tbody>
<tr valign=""top"">
<td width=""260"">
<a href=""https://image.rakuten.co.jp/air-rhizome/cabinet/9/d6c-01l.jpg"" target=""_blank""><img src=""https://image.rakuten.co.jp/air-rhizome/cabinet/9/d6c-01.jpg"" border=""0""></a><br>
<a href=""https://image.rakuten.co.jp/air-rhizome/cabinet/9/d6c-02l.jpg"" target=""_blank""><img src=""https://image.rakuten.co.jp/air-rhizome/cabinet/9/d6c-02.jpg"" border=""0""></a><a href=""https://image.rakuten.co.jp/air-rhizome/cabinet/9/d6c-03l.jpg"" target=""_blank""><img src=""https://image.rakuten.co.jp/air-rhizome/cabinet/9/d6c-03.jpg"" border=""0""></a>
</td>
<td width=""15""></td>
<td width=""295"">
<img src=""https://image.rakuten.co.jp/air-rhizome/cabinet/9/d6c-04.gif"">
<font color=""#666666"" size=""-1"">
マットな質感に飽きのこないシンプルなデザインが特徴的な""Dolche""（ドルチェ）<br>
<br>
お部屋と同じように庭やテラスも自分らしく、居心地の良い空間を作りたい方にお勧めです。<br>
<br>
カラーリングは、少しマットな質感で仕上げた3色。<br>
<br>
細いフレームのデザインが自然に溶け込み、センスある空間を作り上げます。<br>
<br>
絶妙なカラーリングと、かわいいフォルムが、しつこすぎない、センスの良さを感じさせるデザインとなっております。<br>
<br>
シンプルデザインで屋外にもお気に入りの空間を♪
</font>
</td>
</tr>
</tbody>
</table>

<img src=""https://image.rakuten.co.jp/air-rhizome/cabinet/ss/line_1.gif""><br>

<table width=""570"" border=""0"" cellpadding=""0"" cellspacing=""0"">
<tbody>
<tr valign=""top"">
<td width=""295"">
<img src=""https://image.rakuten.co.jp/air-rhizome/cabinet/9/d6c-14.gif"">
<font color=""#666666"" size=""-1"">
ガーデンやキャンプなど屋外でご使用いただく際に気になる耐久性。<br>
<br>
こちらのテーブルは、スチール素材を使用し、粉体塗装で仕上げることで、サビに強く耐久性にも優れた本格仕様となっております。<br>
<br>
天板はシンプルなラウンドタイプなので、置く場所を選ばず様々なシーンで活躍します。<br>
直径60cmの天板は、食器や雑誌なども十分に置けるサイズとなっております。<br>
<br>
脚部のフレームもスチール製ですので、汚れた際には水でしっかりと洗えるので、汚れを気にせず使用できます。 <br>
<br>
足元は、4点でしっかりと支える土台が、安定感を生み出し、ベランダや屋外でも最適な使い心地となっております。<br>
<br>
シンプルなデザインに丈夫なフレーム、お手入れも簡単なテーブルで、屋外でも快適です♪
</font>
</td>
<td width=""15""></td>
<td width=""260"">
<a href=""https://image.rakuten.co.jp/air-rhizome/cabinet/9/d6c-10l.jpg"" target=""_blank""><img src=""https://image.rakuten.co.jp/air-rhizome/cabinet/9/d6c-10.jpg"" border=""0""></a><br>
<a href=""https://image.rakuten.co.jp/air-rhizome/cabinet/9/d6c-11l.jpg"" target=""_blank""><img src=""https://image.rakuten.co.jp/air-rhizome/cabinet/9/d6c-11.jpg"" border=""0""></a><br>
<a href=""https://image.rakuten.co.jp/air-rhizome/cabinet/9/d6c-12l.jpg"" target=""_blank""><img src=""https://image.rakuten.co.jp/air-rhizome/cabinet/9/d6c-12.jpg"" border=""0""></a><a href=""https://image.rakuten.co.jp/air-rhizome/cabinet/9/d6c-13l.jpg"" target=""_blank""><img src=""https://image.rakuten.co.jp/air-rhizome/cabinet/9/d6c-13.jpg"" border=""0""></a>
</td>
</tr>
</tbody>
</table>


<img src=""https://image.rakuten.co.jp/air-rhizome/cabinet/9/d6c-15.gif""><br>

<img src=""https://image.rakuten.co.jp/air-rhizome/cabinet/9/d6c-16.gif""><br>
<img src=""https://image.rakuten.co.jp/air-rhizome/cabinet/9/d6c-t-17.jpg"" border=""0"" usemap=""#map01""><br>
<img src=""https://image.rakuten.co.jp/air-rhizome/cabinet/9/d6c-18.gif""><br>

<img src=""https://image.rakuten.co.jp/air-rhizome/cabinet/9/d6c-19.jpg""><br>
<img src=""https://image.rakuten.co.jp/air-rhizome/cabinet/9/d6c-20.jpg"" border=""0"" usemap=""#map99""><br><br>
<img src=""https://image.rakuten.co.jp/air-rhizome/cabinet/9/d6c-22.gif""><br>
<img src=""https://image.rakuten.co.jp/air-rhizome/cabinet/19/d6c-rcmn2-3.gif"" border=""0"" usemap=""#map-rcmn""><br>

<img src=""https://image.rakuten.co.jp/air-rhizome/cabinet/ss/line_1.gif""><br>

<img src=""https://image.rakuten.co.jp/air-rhizome/cabinet/9/d6c-23.gif"" border=""0"" usemap=""#map02""><br>

<img src=""https://image.rakuten.co.jp/air-rhizome/cabinet/ss/line_1.gif""><br>


<table border=""0"" cellpadding=""0"" cellspacing=""0"" width=""570"">
<tbody>
<tr valign=""middle"">
<td width=""265""><a name=""link""></a>

<font color=""#666666"" size=""-1"">
サイズ：<br>
幅60×奥行き60×高さ71.5cm<br>
<img src=""https://image.rakuten.co.jp/air-rhizome/cabinet/ss/line_3.gif""><br>
製品重量：<br>
約5.8kg<br>
<img src=""https://image.rakuten.co.jp/air-rhizome/cabinet/ss/line_3.gif""><br>
材質：<br>
スチール（粉体塗装）<br>
<img src=""https://image.rakuten.co.jp/air-rhizome/cabinet/ss/line_3.gif""><br>
備考：<br>
組立品（組立時間10分）<br>
</font>

</td>
<td align=""right"">
<img src=""https://image.rakuten.co.jp/air-rhizome/cabinet/9/d6c-t-size.gif"" border=""0"">
</td>
</tr>
</tbody>
</table>

<img src=""https://image.rakuten.co.jp/air-rhizome/cabinet/ss/line_1.gif""><br>

<iframe src=""https://www.rakuten.ne.jp/gold/air-rhizome/site-parts/product-rcmn/r-product-rcmn-garden.html"" marginwidth=""0"" marginheight=""0"" scrolling=""no"" frameborder=""0"" width=""570"" id=""frame-product-rcmn""></iframe><br>
<img src=""https://image.rakuten.co.jp/air-rhizome/cabinet/ss/line_1.gif""><br>


<a href=""https://item.rakuten.co.jp/air-rhizome/c/0000000458/"" target=""_blank""><img src=""https://image.rakuten.co.jp/air-rhizome/cabinet/a/1205_gdn.jpg"" border=""0""></a><br>
<map name=""map99"">
<area shape=""rect"" coords=""148,0,276,129"" href=""https://image.rakuten.co.jp/air-rhizome/cabinet/9/d6c-20al.jpg"" target=""_blank"">
<area shape=""rect"" coords=""295,0,423,129"" href=""https://image.rakuten.co.jp/air-rhizome/cabinet/9/d6c-20bl.jpg"" target=""_blank"">
<area shape=""rect"" coords=""442,0,570,129"" href=""https://image.rakuten.co.jp/air-rhizome/cabinet/9/d6c-20cl.jpg"" target=""_blank"">
</map>

<map name=""map-rcmn"">
<area shape=""rect"" coords=""18,36,140,190"" href=""https://item.rakuten.co.jp/air-rhizome/azm-pc-812/#link"" target=""_blank"">
<area shape=""rect"" coords=""157,36,279,190"" href=""https://item.rakuten.co.jp/air-rhizome/azm-pc-811x2/#link"" target=""_blank"">
<area shape=""rect"" coords=""295,36,417,190"" href=""https://item.rakuten.co.jp/air-rhizome/azm-pt-813/#link"" target=""_blank"">
<area shape=""rect"" coords=""433,36,556,190"" href=""https://item.rakuten.co.jp/air-rhizome/azm-pt-813-811x2/#link"" >
</map>

<map name=""map01"">
<area shape=""rect"" coords=""10,0,180,125"" href=""https://image.rakuten.co.jp/air-rhizome/cabinet/9/d6c-17dl.jpg"" target=""_blank"">
<area shape=""rect"" coords=""205,0,375,125"" href=""https://image.rakuten.co.jp/air-rhizome/cabinet/9/d6c-17el.jpg"" target=""_blank"">
<area shape=""rect"" coords=""400,0,570,125"" href=""https://image.rakuten.co.jp/air-rhizome/cabinet/9/d6c-17fl.jpg"" target=""_blank"">
</map>

<map name=""map02"">
<area shape=""rect"" coords=""231,65,388,181"" href=""https://image.rakuten.co.jp/air-rhizome/cabinet/9/d6c-23al.jpg"" target=""_blank"">
<area shape=""rect"" coords=""400,65,557,181"" href=""https://image.rakuten.co.jp/air-rhizome/cabinet/9/d6c-23bl.jpg"" target=""_blank"">
<area shape=""rect"" coords=""231,192,557,346"" href=""https://image.rakuten.co.jp/air-rhizome/cabinet/9/d6c-23cl.jpg"" target=""_blank"">
</map>



</td>
</tr>
</tbody>
</table>

<!--メーカー＆予約-->
<img src=https://image.rakuten.co.jp/air-rhizome/cabinet/mbnr/mbnr-azm-01.gif><br>
<!--メーカー＆予約ここまで-->
<table width=""380"" border=""0"" cellspacing=""0"" cellpadding=""0""><tr><td><FONT color=""#666666"" size=""-1"">メーカー希望小売価格はメーカーカタログに基づいて掲載しています</FONT></td></tr></table><br>


<img src=""https://image.rakuten.co.jp/air-rhizome/cabinet/z/sp.gif"" width=""480"" height=""1""><br>

<TABLE border=""0"" cellpadding=""5"" cellspacing=""1"" width=""370"" bgcolor=""#999999"">
<TBODY>
<TR>
<td><img src=""https://www.rakuten.ne.jp/gold/air-rhizome/kago-info/images/kago-info-ttl01.gif"" border=""0""></td> 
</tr> 
<tr> 
<td bgcolor=""#ffffff"">
<img src=""https://www.rakuten.ne.jp/gold/air-rhizome/kago-info/images/info-tablex1.gif""><br>

</td> 
</tr> 
<tr> 
<td><img src=""https://www.rakuten.ne.jp/gold/air-rhizome/kago-info/images/kago-info-ttl03.gif"" border=""0""></td>
</TR>
<TR>
<td bgcolor=""#ffffff""><FONT color=""#666666"" size=""-1"">
マット名質感に飽きのこないシンプルなデザインが特徴的な""Dolche""（ドルチェ）
お部屋と同じように庭やテラスも自分らしく、居心地の良い空間を作りたい方にお勧めです。
カラーリングは、少しマットな質感で仕上げた3色。
絶妙なカラーリングと、かわいいフォルムが、しつこすぎない、センスの良さを感じさせるデザインとなっております。
</FONT></td>
</TR>
<TR>
<td bgcolor=""#ffffff"">
<font color=""#666666"" size=""-1"">
サイズ：幅60×奥行き60×高さ71.5cm<br>
<img src=""https://www.rakuten.ne.jp/gold/air-rhizome/kago/kago-l1.gif""><br>
製品重量：約5.8kg<br>
<img src=""https://www.rakuten.ne.jp/gold/air-rhizome/kago/kago-l1.gif""><br>
材質：スチール（粉体塗装）<br>
<img src=""https://www.rakuten.ne.jp/gold/air-rhizome/kago/kago-l1.gif""><br>
備考：組立品（組立時間10分）<br>
</font>
<FONT color=""#666666"" size=""-1"">
<img src=""https://www.rakuten.ne.jp/gold/air-rhizome/kago/kago-l1.gif"" border=""0""><br>
カテゴリー：ガーデン/エクステリア/テーブル/スチール/粉体塗装/モダン/スタッキング/オープンカフェ/青色/灰色/薄灰色</FONT></td>
</TR>
</TBODY>
</TABLE>

<p class=""pagebtn-top""></p>
<p class=""pagebtn-book""></p>",送料無料 ガーデン テーブル カフェ風 シンプル 庭 テラス ベランダ 机 バルコニー 屋内外兼 アウトドア シンプル  Dolche table（ドルチェテーブル）単体販売 ブルー ダークグレー ライトグレー：エア・リゾーム　インテリア,インテリア家具ソファ座椅子チェアソファーダイニングテーブルポールハンガーハンガーラック北欧シーリングライトゴミ箱テーブルキッチン収納テレビ台ドレッサーラグエアリゾームベッドラックデスク送料無料 ガーデン テーブル カフェ風 シンプル 庭 テラス ベランダ 机 バルコニー 屋内外兼 アウトドア シンプル  Dolche table（ドルチェテーブル）単体販売 ブルー ダークグレー ライトグレー,ガーデン テーブル カフェ風 シンプル 机 バルコニー。送料無料 ガーデン テーブル カフェ風 シンプル 庭 テラス ベランダ 机 バルコニー 屋内外兼 アウトドア シンプル  Dolche table（ドルチェテーブル）単体販売 ブルー ダークグレー ライトグレー[rn]
37-73118,http://tshop.r10s.jp/air-rhizome/cabinet/a/g9ftablekg01.jpg?fitin=700:700,4690.4000,,花・ガーデン・DIY > エクステリア・ガーデンファニチャー > ガーデンファニチャー > テーブル,送料無料 ガーデン テーブル ベランダ ガーデンテーブル 折りたたみ 折りたたみテーブル ガーデンファニチャー 屋外 庭 テラス アウトドア フォールディングテーブルToltio 〔トルティオ〕 テーブル単体 ホワイト,ベランダでもくつろぐ♪ガーデンテーブル（折りたたみテーブル）,"<table width=""570"" border=""0"" cellpadding=""0"" cellspacing=""0"">
<tbody>
<TR>
<TD><A href=https://www.rakuten.ne.jp/gold/air-rhizome/><FONT color=#666666 size=-1>トップ</FONT></A> <FONT color=#666666 size=-1>&gt; <FONT color=#666666><FONT color=#666666><A href=https://item.rakuten.co.jp/air-rhizome/c/0000000458/><FONT color=#666666>ガーデン</FONT></A></FONT></FONT> &gt;フォールディングテーブルToltio（トルティオ） テーブル単体販売</FONT><br>
<br>
<FONT color=#666666 size=-1>トップ</FONT></A> <FONT color=#666666 size=-1>&gt; <FONT color=#666666><FONT color=#666666><A href=https://item.rakuten.co.jp/air-rhizome/c/0000000110/><FONT color=#666666>ダイニングテーブル・セット</FONT></A></FONT></FONT> &gt;フォールディングテーブルToltio（トルティオ） テーブル単体販売</FONT></TD></TR>
<TR>
<TD height=40></TD>
</TR>

<tr>
<td>
<img src=""https://image.rakuten.co.jp/air-rhizome/cabinet/a/g9f1.jpg"">

<table width=""570"" border=""0"" cellpadding=""0"" cellspacing=""0"">
<tbody>
<tr>

<td valign=top width=""294""><div align=""left""><img src=https://image.rakuten.co.jp/air-rhizome/cabinet/a/g9f2.gif border=0>
<font color=""#666666"" size=""-1"">『お洒落なカフェを手軽にお家で。』<br>
<br>
お家でカフェ気分を味わったり、バーベキューやアウトドアにピッタリなパステルカラーのカフェインテリアシリーズ""Toltio（トルティオ）""<br>
<br>
夏にピッタリなパステルカラーの座面と背面とシンプルで細身のシルエットのスチールが、お家の庭やベランダにお洒落なカフェスペースをつくります。
<br>
<br>
チェアには、爽やかなパステルカラーを4色ご用意しました。清潔感のある色合いは、自然の明るさとの相性抜群です。<br>
<br>
シンプルなホワイトのテーブルとの相性も◎<br>
<br>

また、折りたたむことで非常に薄くなりますので、使わない時は場所をとらず片付けることも可能です。壁に立てかけるだけでも邪魔になりません。</font>
</div></td><td valign=top><a href=""https://image.rakuten.co.jp/air-rhizome/cabinet/a/g9f1b.jpg"" target=""_blank""><img src=https://image.rakuten.co.jp/air-rhizome/cabinet/a/g9f3.jpg border=0></a><br>
<a href=""https://image.rakuten.co.jp/air-rhizome/cabinet/a/g9f2b.jpg"" target=""_blank""><img src=https://image.rakuten.co.jp/air-rhizome/cabinet/a/g9f4.jpg border=0></a><a href=""https://image.rakuten.co.jp/air-rhizome/cabinet/a/g9f3b.jpg"" target=""_blank""><img src=https://image.rakuten.co.jp/air-rhizome/cabinet/a/g9f5.jpg border=0></a>
</td>
</tr>
</tbody>
</table>
<img src=""https://image.rakuten.co.jp/air-rhizome/cabinet/o/galtltc08.gif"" border=""0"">
<table width=""570"" border=""0"" cellpadding=""0"" cellspacing=""0"">
<tbody>
<tr>
<td valign=top><a href=""https://image.rakuten.co.jp/air-rhizome/cabinet/a/g9f8b.jpg"" target=""_blank""><img src=https://image.rakuten.co.jp/air-rhizome/cabinet/a/g9f13.jpg border=0></a><br>
<a href=""https://image.rakuten.co.jp/air-rhizome/cabinet/a/g9f9b.jpg"" target=""_blank""><img src=https://image.rakuten.co.jp/air-rhizome/cabinet/a/g9f14.jpg border=0></a><br>
<a href=""https://image.rakuten.co.jp/air-rhizome/cabinet/a/g9f10b.jpg"" target=""_blank""><img src=https://image.rakuten.co.jp/air-rhizome/cabinet/a/g9f15.jpg border=0></a><a href=""https://image.rakuten.co.jp/air-rhizome/cabinet/a/g9f11b.jpg"" target=""_blank""><img src=https://image.rakuten.co.jp/air-rhizome/cabinet/a/g9f16.jpg border=0></a></td><td width=""16""></td>
<td valign=top width=""294""><div align=""left""><img src=https://image.rakuten.co.jp/air-rhizome/cabinet/a/g9f11.gif border=0>
<font color=""#666666"" size=""-1"">
美しいホワイト天板は、耐久性に優れたスチールを使用しており、、雰囲気のあるシンプルガーデンテーブルとなっております。
<br>
<br>
テーブルには撥水加工が施されておりますので、屋外での使用時にも安心です。また、バーベキューなどでお使いのあと丸洗いすることも出来るので、とっても便利で使いやすいテーブルとなっております。
<br>
<br>
細身のシンプルフォルムのスチール脚は、雨や汚れ・サビにも強く、汚れた際には水でしっかりと洗えるので、汚れを気にせず使用できます。
<br>
<br>
また、ラウンド型のデザインなので、置く場所を選ばず様々なシーンで活躍します。横幅60cmの天板は、食器や雑誌なども置けるサイズ感となっております。
<br>
<br>
折りたたむこともできますので、 屋外やベランダなど、スペースの限られた場所で使う際にとても便利です。
<br>
<br>
足元は、しっかりとした土台となっており、スチール製ですので頑丈で安定感があるので屋外やベランダに最適です。

</font>
</div></td>
</tr>
</tbody>
</table>
<img src=""https://image.rakuten.co.jp/air-rhizome/cabinet/o/galtltc08.gif"" border=""0"">
<table width=""570"" border=""0"" cellpadding=""0"" cellspacing=""0"">
<tbody>
<tr>

<td width=""298"" valign=top><img src=https://image.rakuten.co.jp/air-rhizome/cabinet/a/g9f20.gif border=0><font color=""#666666"" size=""-1"">
こちらのテーブルとチェアは、アウトドアや外出時にも嬉しい折りたたみ式で。車への積み込みにも最適なスリム＆コンパクト設計となっております。 <br>
<br>
また、製品重量もテーブル6kg・チェア5kgとなっておりますので、持ち運びも簡単です。
</font>
</td><td width=""12""></td><td valign=top><a href=""https://image.rakuten.co.jp/air-rhizome/cabinet/a/g9f24b.jpg"" target=""_blank""><img src=https://image.rakuten.co.jp/air-rhizome/cabinet/a/g9f19.jpg border=0></a><a href=""https://image.rakuten.co.jp/air-rhizome/cabinet/a/g9f25b.jpg"" target=""_blank""><img src=https://image.rakuten.co.jp/air-rhizome/cabinet/a/g9f23.jpg border=0></a></td>
</tr>
</tbody>
</table><img src=""https://image.rakuten.co.jp/air-rhizome/cabinet/o/galtltc08.gif"" border=""0""><br>
<img src=""https://image.rakuten.co.jp/air-rhizome/cabinet/a/g9f26.jpg"" border=""0"" usemap=""#map3""><br>
<img src=""https://image.rakuten.co.jp/air-rhizome/cabinet/o/galtltc08.gif"" border=""0""><a name=""t1"" id=""t1""></a>
<tbody>
<tr>
<td valign=top><table border=0 cellpadding=0 cellspacing=0 width=570>
<tbody>
<tr>
<td width=""277"" valign=""middle"">

<font color=#666666 size=-1>

【テーブル】
<br>
<br>
サイズ:<br>
幅60×奥行き60×高さ71cm<br>
<img src=https://image.rakuten.co.jp/air-rhizome/cabinet/p/kwzim18.gif width=""265"" height=""13"" border=0>
<br>

製品重量：<br>
6kg <br>
<img src=https://image.rakuten.co.jp/air-rhizome/cabinet/p/kwzim18.gif width=""265"" height=""13"" border=0><br>
材質：<br>
スチール、粉体塗装<br>
<img src=https://image.rakuten.co.jp/air-rhizome/cabinet/p/kwzim18.gif width=""265"" height=""13"" border=0><br>

備考：<br>
完成品</font>
</td>
<td align=right valign=""top"">
<div align=""center""><img src=https://image.rakuten.co.jp/air-rhizome/cabinet/a/g9fszt.gif border=0><br>
</div></td>
</tr>
</tbody>
</table>

<img src=""https://image.rakuten.co.jp/air-rhizome/cabinet/o/galtltc08.gif"" border=""0""><br><img src=https://image.rakuten.co.jp/air-rhizome/cabinet/10/g9f22.gif border=0 usemap=""#map4""><br><img src=""https://image.rakuten.co.jp/air-rhizome/cabinet/o/galtltc08.gif"" border=""0""><br>

<iframe src=""https://www.rakuten.ne.jp/gold/air-rhizome/site-parts/product-rcmn/r-product-rcmn-garden.html"" marginwidth=""0"" marginheight=""0"" scrolling=""no"" frameborder=""0"" width=""570"" id=""frame-product-rcmn""></iframe><br>
<img src=""https://image.rakuten.co.jp/air-rhizome/cabinet/ss/line_1.gif""><br>


<a href=""https://item.rakuten.co.jp/air-rhizome/c/0000000458/"" target=""_blank""><img src=""https://image.rakuten.co.jp/air-rhizome/cabinet/a/1205_gdn.jpg"" border=""0""></a><br>

<a name=""t2"" id=""t2""></a></td>
</tr>
</tbody>
</table>
<map name=""map3"">
<area shape=""rect"" coords=""296,396,424,527"" href=""https://image.rakuten.co.jp/air-rhizome/cabinet/a/g9f30b.jpg"" target=""_blank"">
<area shape=""rect"" coords=""443,399,571,528"" href=""https://image.rakuten.co.jp/air-rhizome/cabinet/a/g9f31b.jpg"" target=""_blank"">
</map>

<map name=""map4"">
<area shape=""rect"" coords=""51,188,154,211"" href=""https://item.rakuten.co.jp/air-rhizome/fub-gfall-ta-ch#s1"" target=""_blank"">
<area shape=""rect"" coords=""235,186,337,215"" href=""https://item.rakuten.co.jp/air-rhizome/fub-gfall-ta#t2"" target=""_blank"">
<area shape=""rect"" coords=""424,185,517,214"" href=""https://item.rakuten.co.jp/air-rhizome/fub-gfall-ch#c1"" target=""_blank"">
</map>


<!--メーカー＆予約-->
<img src=https://image.rakuten.co.jp/air-rhizome/cabinet/mbnr/mbnr-fub-01.gif><br>
<!--メーカー＆予約ここまで-->
<img src=""https://image.rakuten.co.jp/air-rhizome/cabinet/z/sp.gif"" width=""480"" height=""1""><br>

<TABLE border=""0"" cellpadding=""5"" cellspacing=""1"" width=""370"" bgcolor=""#999999"">
<TBODY>
<TR>
<td><img src=""https://www.rakuten.ne.jp/gold/air-rhizome/kago-info/images/kago-info-ttl01.gif"" border=""0""></td>
</TR>
<TR>
<td bgcolor=""#ffffff"">
<img src=""https://www.rakuten.ne.jp/gold/air-rhizome/kago-info/images/info-tablex1.gif""><br>

</td>
</tr>
<tr>
<td><img src=""https://www.rakuten.ne.jp/gold/air-rhizome/kago-info/images/kago-info-ttl03.gif"" border=""0""></td>
</TR>
<TR>
<td bgcolor=""#ffffff""><FONT color=""#666666"" size=""-1"">『お洒落なカフェを手軽にお家で。』お家でカフェ気分を味わったり、バーベキューやアウトドアにピッタリなパステルカラーのカフェインテリアシリーズ""Toltio（トルティオ）""夏にピッタリなパステルカラーの座面と背面とシンプルで細身のシルエットのスチールが、お家の庭やベランダにお洒落なカフェスペースをつくります。
チェアには、爽やかなパステルカラーを4色ご用意しました。清潔感のある色合いは、自然の明るさとの相性抜群です。また、折りたたむことで非常に薄くなりますので、使わない時は場所をとらず片付けることも可能です。壁に立てかけるだけでも邪魔になりません。</FONT></td>
</TR>
<TR>
<td bgcolor=""#ffffff""><FONT size=""-1"" color=""#666666""><FONT color=""#666666"" size=""-1"">テーブル<hr>
サイズ：幅60×奥行き60×高さ71cm</FONT><FONT color=""#666666""><br>
</FONT>
<FONT color=""#666666""><FONT color=""#666666""><img src=""https://www.rakuten.ne.jp/gold/air-rhizome/kago/kago-l1.gif"" border=""0""></FONT><br>
製品重量：6kg <br>

<img src=""https://www.rakuten.ne.jp/gold/air-rhizome/kago/kago-l1.gif"" border=""0""><br>
材質：</FONT><font color=#666666 size=-1>スチール、粉体塗装</font><FONT color=""#666666""><br>
<img src=""https://www.rakuten.ne.jp/gold/air-rhizome/kago/kago-l1.gif"" border=""0""><br>
備考：完成品</FONT><FONT color=""#666666""><br>
</FONT>
<img src=""https://www.rakuten.ne.jp/gold/air-rhizome/kago/kago-l1.gif"" border=""0""><br>
カテゴリー：ガーデン/エクステリア/テーブル/シンプル/モダン/折りたたみ式/オープンカフェ/ホワイト</FONT></td>
</TR>
</TBODY>
</TABLE>

<p class=""pagebtn-top""></p>
<p class=""pagebtn-book""></p>",送料無料 ガーデン テーブル ベランダ ガーデンテーブル 折りたたみ 折りたたみテーブル ガーデンファニチャー 屋外 庭 テラス アウトドア フォールディングテーブルToltio 〔トルティオ〕 テーブル単体 ホワイト：エア・リゾーム　インテリア,インテリア家具ソファ座椅子チェアソファーダイニングテーブルポールハンガーハンガーラック北欧シーリングライトゴミ箱テーブルキッチン収納テレビ台ドレッサーラグエアリゾームベッドラックデスク送料無料 ガーデン テーブル ベランダ ガーデンテーブル 折りたたみ 折りたたみテーブル ガーデンファニチャー 屋外 庭 テラス アウトドア フォールディングテーブルToltio 〔トルティオ〕 テーブル単体 ホワイト,ベランダでもくつろぐ♪ガーデンテーブル（折りたたみテーブル）。送料無料 ガーデン テーブル ベランダ ガーデンテーブル 折りたたみ 折りたたみテーブル ガーデンファニチャー 屋外 庭 テラス アウトドア フォールディングテーブルToltio 〔トルティオ〕 テーブル単体 ホワイト[rn]
37-73119,http://tshop.r10s.jp/air-rhizome/cabinet/j/msckago01-table2.jpg?fitin=700:700,7899.2000,,花・ガーデン・DIY > エクステリア・ガーデンファニチャー > ガーデンファニチャー > テーブル,送料無料 ガーデン エクステリア テーブル モザイク バルコニー テラス 庭 テーブル セラミック スチール アールデコ タイルデザイン mosaic clyde〔モザイク クライド〕テーブル単体販売 ブラック レッド,ガーデン エクステリア タイルデザイン テーブル,"<table width=""570"" border=""0"" cellpadding=""0"" cellspacing=""0"">
<tbody>
<TR>
<TD><A href=https://www.rakuten.ne.jp/gold/air-rhizome/><FONT color=#666666 size=-1>トップ</FONT></A> <FONT color=#666666 size=-1>&gt; <FONT color=#666666><FONT color=#666666><A href=https://item.rakuten.co.jp/air-rhizome/c/0000000458/><FONT color=#666666>ガーデン</FONT></A></FONT></FONT> &gt; mosaic clyde table（モザイククライドテーブル）テーブル単体販売
</FONT>

<br><br>

<A href=https://www.rakuten.ne.jp/gold/air-rhizome/><FONT color=#666666 size=-1>トップ</FONT></A> <FONT color=#666666 size=-1>&gt; <FONT color=#666666><FONT color=#666666><A href=https://item.rakuten.co.jp/air-rhizome/c/0000000110/><FONT color=#666666>ダイニングテーブル・セット</FONT></A></FONT></FONT> &gt; mosaic clyde table（モザイククライドテーブル）テーブル単体販売
</FONT>


</TD></TR>
<TR>
<TD height=40></TD>
</TR>

<tr>
<td>
<img src=""https://image.rakuten.co.jp/air-rhizome/cabinet/j/msc21.jpg""><br><img src=""https://image.rakuten.co.jp/air-rhizome/cabinet/j/msc22.gif""><br><table width=""570"" border=""0"" cellpadding=""0"" cellspacing=""0"">
<tbody  style=""line-height: 120%;"">
<tr>
<td valign=top width=""261""><a href=""https://image.rakuten.co.jp/air-rhizome/cabinet/j/msc10.jpg"" target=""_blank""><img src=https://image.rakuten.co.jp/air-rhizome/cabinet/j/msc23.jpg border=0></a><br>
<a href=""https://image.rakuten.co.jp/air-rhizome/cabinet/j/msc9.jpg"" target=""_blank""><img src=https://image.rakuten.co.jp/air-rhizome/cabinet/j/msc25.jpg border=0></a><a href=""https://image.rakuten.co.jp/air-rhizome/cabinet/j/msc11.jpg"" target=""_blank""><img src=https://image.rakuten.co.jp/air-rhizome/cabinet/j/msc26.jpg border=0></a></td><td valign=top width=""15""></td>
<td valign=top width=""294""><div align=""left"">
<p><img src=https://image.rakuten.co.jp/air-rhizome/cabinet/j/msc24.gif border=0>
<font color=""#666666"" size=""-1"">
陽気な気候のなかで日差しを浴びて、ちょっと一息いれるカフェタイムを演出するカフェテーブル""mosaic clyde table""<br>
<br>
タイル調のモザイクデザインとシンプルで細身のシルエットのスチールが、お家の庭やベランダにお洒落なカフェスペースをつくります。 <br>
<br>ヨーロピアンガーデニングスタイルの様な、優美で大人の休日をご自宅に。<br>
<br>
こだわりのモザイクデザインが上品でインテリア性の高い仕上がりです。屋外はもちろん、屋内やマンションのベランダなどでも十分使えます。</font></p>
</div></td>
</tr>
</tbody>
</table>
<img src=""https://image.rakuten.co.jp/air-rhizome/cabinet/o/galtltc08.gif"" border=""0""><table width=""570"" border=""0"" cellpadding=""0"" cellspacing=""0"">
<tbody  style=""line-height: 120%;"">
<tr><td valign=top width=""294""><div align=""left"">
<p><img src=https://image.rakuten.co.jp/air-rhizome/cabinet/j/msc30.gif border=0><font color=""#666666"" size=""-1"">シックに彩るテーブルもスチールで統一されており、美しいガーデンテーブルとなっております。 <br>
<br>
天板全体には、タイル調のモザイクデザインが施されています。ヨーロピアンスタイルのガーデニング風インテリアとなっております。<br>
<br>
セラミック仕様の天板は屋外に最適。雨や汚れ・サビにも強く、汚れた際には水でしっかりと洗えるので、汚れを気にせず使用できます。 <br>
<br>
また、サークル型のデザインなので、置く場所を選ばず様々なシーンで活躍します。横幅60cmの天板は、2人分の食器や雑誌などもしっかり置けるサイズ感となっております。<br>
<br>
天板の真ん中には、パラソルを立てる為のサークルがありますので、パラソルと使用する際には備え付けのフタを取って頂くだけで、パラソルテーブルとなります。</font></p>
</div></td><td valign=top width=""15""></td>
<td valign=top width=""261""><img src=https://image.rakuten.co.jp/air-rhizome/cabinet/j/msc29.jpg border=0 usemap=""#map2""></td>

</tr>
</tbody>
</table>
<img src=""https://image.rakuten.co.jp/air-rhizome/cabinet/o/galtltc08.gif"" border=""0""><br>
<table width=""570"" border=""0"" cellpadding=""0"" cellspacing=""0"">
<tbody  style=""line-height: 120%;"">
<tr>

<td valign=top width=""261""><div align=""left""><img src=https://image.rakuten.co.jp/air-rhizome/cabinet/j/msc32.jpg border=0 usemap=""#map3""></div></td><td valign=top width=""15""></td><td width=""294"" valign=top><img src=https://image.rakuten.co.jp/air-rhizome/cabinet/j/msc31.gif border=0>
<font color=""#666666"" size=""-1"">
こちらのテーブルとチェアの脚下には、ウッドデッキやベランダなどを傷つけないアジャスタ付となっておりますので、屋内でも安心してお使い頂けます。

</font>

</td>
</tr>
</tbody>
</table><img src=""https://image.rakuten.co.jp/air-rhizome/cabinet/o/galtltc08.gif"" border=""0""><br>

<img src=""https://image.rakuten.co.jp/air-rhizome/cabinet/j/msc11-2.jpg"" border=""0""><br><img src=""https://image.rakuten.co.jp/air-rhizome/cabinet/j/msc34.gif"" border=""0"" usemap=""#map4""><br>
<img src=""https://image.rakuten.co.jp/air-rhizome/cabinet/o/galtltc08.gif"" border=""0"">
<tbody>
<tr>
<td valign=top><table border=0 cellpadding=0 cellspacing=0 width=570>
<tbody>
<tr>
<td valign=top><table border=0 cellpadding=0 cellspacing=0 width=570>
<tbody>
<tr>
<td valign=top><table border=0 cellpadding=0 cellspacing=0 width=570>
<tbody>
<tr>
<td width=""277"" valign=""middle"">

<font color=#666666 size=-1>
<a name=link></a>【テーブル】<br>
<br>

サイズ：<br>
幅60×奥行き60×高さ67cm
<br>
<img src=https://image.rakuten.co.jp/air-rhizome/cabinet/p/kwzim18.gif width=""265"" height=""13"" border=0>

<br>
製品重量：<br>
約10kg<br>
<img src=https://image.rakuten.co.jp/air-rhizome/cabinet/p/kwzim18.gif width=""265"" height=""13"" border=0>
<br>

材質：
<br>
セラミック、スチール（粉体塗装）<br><img src=https://image.rakuten.co.jp/air-rhizome/cabinet/p/kwzim18.gif width=""265"" height=""13"" border=0><br>


備考：<br>
組立式（組立時間約5分） </font></td>
<td align=right valign=""top"">
<div align=""center""><img src=https://image.rakuten.co.jp/air-rhizome/cabinet/j/msc1.gif border=0><br>
</div></td>
</tr>
</tbody>
</table></td>
</tr>
</tbody>
</table>
<img src=""https://image.rakuten.co.jp/air-rhizome/cabinet/o/galtltc08.gif"" border=""0""><br>
<img src=""https://image.rakuten.co.jp/air-rhizome/cabinet/10/msc-link.gif"" border=""0"" usemap=""#map6""><br>
<img src=""https://image.rakuten.co.jp/air-rhizome/cabinet/o/galtltc08.gif"" border=""0""><br>

<iframe src=""https://www.rakuten.ne.jp/gold/air-rhizome/site-parts/product-rcmn/r-product-rcmn-garden.html"" marginwidth=""0"" marginheight=""0"" scrolling=""no"" frameborder=""0"" width=""570"" id=""frame-product-rcmn""></iframe><br>
<img src=""https://image.rakuten.co.jp/air-rhizome/cabinet/ss/line_1.gif""><br>


<a href=""https://item.rakuten.co.jp/air-rhizome/c/0000000458/"" target=""_blank""><img src=""https://image.rakuten.co.jp/air-rhizome/cabinet/a/1205_gdn.jpg"" border=""0""></a><br>


</td>
</tr>
</tbody>
</table></td>
</tr>
</tbody>
</table>


<map name=""map"">
<area shape=""rect"" coords=""-2,255,259,384"" href=""https://image.rakuten.co.jp/air-rhizome/cabinet/j/msc5.jpg"" target=""_blank"">
<area shape=""rect"" coords=""3,389,127,516"" href=""https://image.rakuten.co.jp/air-rhizome/cabinet/j/msc13.jpg"" target=""_blank"">
<area shape=""rect"" coords=""134,390,260,516"" href=""https://image.rakuten.co.jp/air-rhizome/cabinet/j/msc12.jpg"" target=""_blank"">
<area shape=""rect"" coords=""-8,0,259,252"" href=""https://image.rakuten.co.jp/air-rhizome/cabinet/j/msc14.jpg"" target=""_blank"">
</map>

<map name=""map2"">
<area shape=""rect"" coords=""0,1,259,253"" href=""https://image.rakuten.co.jp/air-rhizome/cabinet/j/msc15.jpg"" target=""_blank"">
<area shape=""rect"" coords=""-1,258,260,387"" href=""https://image.rakuten.co.jp/air-rhizome/cabinet/j/msc8.jpg"" target=""_blank"">
<area shape=""rect"" coords=""1,393,128,519"" href=""https://image.rakuten.co.jp/air-rhizome/cabinet/j/msc6.jpg"" target=""_blank"">
<area shape=""rect"" coords=""133,392,259,519"" href=""https://image.rakuten.co.jp/air-rhizome/cabinet/j/msc7.jpg"" target=""_blank"">
</map>

<map name=""map3"">
<area shape=""rect"" coords=""-3,0,127,125"" href=""https://image.rakuten.co.jp/air-rhizome/cabinet/j/msc3.jpg"" target=""_blank"">
<area shape=""rect"" coords=""132,1,259,126"" href=""https://image.rakuten.co.jp/air-rhizome/cabinet/j/msc4.jpg"" target=""_blank"">
</map>

<map name=""map4"">
<area shape=""rect"" coords=""147,2,275,130"" href=""https://image.rakuten.co.jp/air-rhizome/cabinet/j/msc41.jpg"" target=""_blank"">
<area shape=""rect"" coords=""295,3,422,130"" href=""https://image.rakuten.co.jp/air-rhizome/cabinet/j/msc42.jpg"" target=""_blank"">
<area shape=""rect"" coords=""441,2,568,127"" href=""https://image.rakuten.co.jp/air-rhizome/cabinet/j/msc16.jpg"" target=""_blank"">
</map>

<map name=""map6""><area shape=""rect"" coords=""402,32,536,214"" href=""https://item.rakuten.co.jp/air-rhizome/fub-93276#link"" target=""_blank""><area shape=""rect"" coords=""224,32,351,214"" href=""https://item.rakuten.co.jp/air-rhizome/fub-93275#link"" target=""_top"">
<area shape=""rect"" coords=""10,32,186,214"" href=""https://item.rakuten.co.jp/air-rhizome/fub-93275-93276#link"" target=""_blank"">
</map>

<!--メーカー＆予約-->
<img src=https://image.rakuten.co.jp/air-rhizome/cabinet/mbnr/mbnr-fub-01.gif><br>
<!--メーカー＆予約ここまで-->
<img src=""https://image.rakuten.co.jp/air-rhizome/cabinet/z/sp.gif"" width=""480"" height=""1""><br>

<TABLE border=""0"" cellpadding=""5"" cellspacing=""1"" width=""370"" bgcolor=""#999999"">
<TBODY>
<TR>
<td><img src=""https://www.rakuten.ne.jp/gold/air-rhizome/kago-info/images/kago-info-ttl01.gif"" border=""0""></td>
</TR>
<TR>
<td bgcolor=""#ffffff"">
<img src=""https://www.rakuten.ne.jp/gold/air-rhizome/kago-info/images/info-tablex1.gif""><br>

</td>
</tr>
<tr>
<td><img src=""https://www.rakuten.ne.jp/gold/air-rhizome/kago-info/images/kago-info-ttl03.gif"" border=""0""></td>
</TR>
<TR>
<td bgcolor=""#ffffff""><FONT color=""#666666"" size=""-1"">陽気な気候のなかで日差しを浴びて、ちょっと一息いれるカフェタイムを演出するカフェテーブル""mosaic clyde table""

タイル調のモザイクデザインとシンプルで細身のシルエットのスチールが、お家の庭やベランダにお洒落なカフェスペースをつくります。

ヨーロピアンガーデニングスタイルの様な、優美で大人の休日をご自宅に。

こだわりのモザイクデザインが上品でインテリア性の高い仕上がりです。屋外はもちろん、屋内やマンションのベランダなどでも十分使えます。</FONT></td>
</TR>
<TR>
<td bgcolor=""#ffffff""><FONT size=""-1"" color=""#666666""><FONT color=""#666666"" size=""-1"">サイズ：幅60×奥行き60×高さ67cm </FONT><FONT color=""#666666""><br>
</FONT>
<FONT color=""#666666""><FONT color=""#666666""><img src=""https://www.rakuten.ne.jp/gold/air-rhizome/kago/kago-l1.gif"" border=""0""></FONT><br>
製品重量：約10kg<br>

<img src=""https://www.rakuten.ne.jp/gold/air-rhizome/kago/kago-l1.gif"" border=""0""><br>
材質：セラミック、スチール（粉体塗装）<br>
<img src=""https://www.rakuten.ne.jp/gold/air-rhizome/kago/kago-l1.gif"" border=""0""><br>
備考：組立式（組立時間約5分）<br>
<FONT color=""#666666""><img src=""https://www.rakuten.ne.jp/gold/air-rhizome/kago/kago-l1.gif"" border=""0""></FONT><br>
</FONT>
カテゴリー：ガーデン/エクステリア/３点セット/テーブル/タイルデザイン/アールデコ/モダン/北欧/オープンカフェ/黒色/赤色</FONT></td>
</TR>
</TBODY>
</TABLE>

<p class=""pagebtn-top""></p>
<p class=""pagebtn-book""></p>",送料無料 ガーデン エクステリア テーブル モザイク バルコニー テラス 庭 テーブル セラミック スチール アールデコ タイルデザイン mosaic clyde〔モザイク クライド〕テーブル単体販売 ブラック レッド：エア・リゾーム　インテリア,インテリア家具ソファ座椅子チェアソファーダイニングテーブルポールハンガーハンガーラック北欧シーリングライトゴミ箱テーブルキッチン収納テレビ台ドレッサーラグエアリゾームベッドラックデスク送料無料 ガーデン エクステリア テーブル モザイク バルコニー テラス 庭 テーブル セラミック スチール アールデコ タイルデザイン mosaic clyde〔モザイク クライド〕テーブル単体販売 ブラック レッド,ガーデン エクステリア タイルデザイン テーブル。送料無料 ガーデン エクステリア テーブル モザイク バルコニー テラス 庭 テーブル セラミック スチール アールデコ タイルデザイン mosaic clyde〔モザイク クライド〕テーブル単体販売 ブラック レッド[rn]
37-73120,http://tshop.r10s.jp/cocoterior/cabinet/a/table-kago01n.jpg?fitin=700:700,6912.0000,,花・ガーデン・DIY > エクステリア・ガーデンファニチャー > ガーデンファニチャー > テーブル,ガーデンテーブル ガーデン テーブル アジアン カフェ風 ガラステーブル 屋内外兼 北欧 かわいい おしゃれ スクエアタイプ シンプル テーブル単品販売 ブラウン ホワイト | 庭 バルコニー ベランダ ガーデン家具 ガーデンファニチャー,ガーデンテーブル ガーデン テーブル エクステリア,"<table border=""0"" cellpadding=""0"" cellspacing=""0"" width=""570"">
<tbody>

<tr>
<td><img src=""https://image.rakuten.co.jp/cocoterior/cabinet/a/rta1.jpg""><br><img src=""https://image.rakuten.co.jp/cocoterior/cabinet/o/galtltc08.gif"" border=""0""><br><table width=""570"" border=""0"" cellpadding=""0"" cellspacing=""0"">
<tbody  style=""line-height: 120%;"">
<tr>
<td valign=top width=""261""><a href=""https://image.rakuten.co.jp/cocoterior/cabinet/a/rta34.jpg"" target=""_blank""><img src=""https://image.rakuten.co.jp/cocoterior/cabinet/a/rta37.jpg"" border=0/></a><br>
<a href=""https://image.rakuten.co.jp/cocoterior/cabinet/a/rta27.jpg"" target=""_blank""><img src=""https://image.rakuten.co.jp/cocoterior/cabinet/a/rta4.jpg"" border=0></a><a href=""https://image.rakuten.co.jp/cocoterior/cabinet/a/rta28.jpg"" target=""_blank""><img src=""https://image.rakuten.co.jp/cocoterior/cabinet/a/rta5.jpg"" border=0></a></td><td valign=top width=""15""></td>
<td valign=top width=""294""><div align=""left"">
<img src=""https://image.rakuten.co.jp/cocoterior/cabinet/a/rta3.gif"">
<font color=""#666666"" size=""-1"">
細やかに編まれたラタン調の編込みが上品で優美な雰囲気を醸し出す&quot;Rattan folding&quot;<br>
<br>

スクエアフォルムで形成された、モダンで高級感のあるデザインが、お家の庭やベランダ、バルコニーにオシャレなカフェスペースを作ります。<br>
<br>
ラタン調の、細かく丁寧な編込みはインテリア性が高く、屋外でのガーデンインテリアとしては当然ですが、屋内やマンションのベランダなどでも使って頂けるデザインとなっております。<br>
<br>
カラーは、ホワイトとブラックのコーディネートしやすい2カラーをご用意しております。</font></p>
</div></td>
</tr>
</tbody>
</table>
<img src=""https://image.rakuten.co.jp/cocoterior/cabinet/o/galtltc08.gif"" border=""0"">
<table width=""570"" border=""0"" cellpadding=""0"" cellspacing=""0"">
<tbody  style=""line-height: 120%;"">
<tr>
<td valign=top width=""294""><div align=""left"">
<img src=""https://image.rakuten.co.jp/cocoterior/cabinet/a/rta9-1.gif"">
</div></td><td valign=top width=""15""></td>
<td valign=top width=""261""><img src=""https://image.rakuten.co.jp/cocoterior/cabinet/a/rta8.jpg"" border=""0"" usemap=""#map2""></td>
</tr>
</tbody>
</table>
<img src=""https://image.rakuten.co.jp/cocoterior/cabinet/o/galtltc08.gif"" border=""0""><table width=""570"" border=""0"" cellpadding=""0"" cellspacing=""0"">
<tbody  style=""line-height: 120%;"">
<tr>
<td width=""294"" valign=top><img src=""https://image.rakuten.co.jp/cocoterior/cabinet/a/rta10-1.gif""><img src=""https://image.rakuten.co.jp/cocoterior/cabinet/a/rta11-3.jpg""><br>
<img src=""https://image.rakuten.co.jp/cocoterior/cabinet/o/galtltc08.gif"" border=""0""></td>

</tr>
</tbody>
</table>
<table width=""570"" border=""0"" cellpadding=""0"" cellspacing=""0"">
<tbody  style=""line-height: 120%;"">
<tr>
<td width=""286"" valign=top><img src=""https://image.rakuten.co.jp/cocoterior/cabinet/a/rta12.gif"">
<font color=""#666666"" size=""-1"">
こちらのテーブルとチェアの脚下には、ウッドデッキやベランダなどを傷つけない加工を施しております。屋内でも安心してお使い頂けます。

</font>

</td>
<td valign=top width=""284"" border=""0""><div align=""left""><a href=""https://image.rakuten.co.jp/cocoterior/cabinet/a/rta33.jpg"" target=""_blank""><img src=""https://image.rakuten.co.jp/cocoterior/cabinet/a/rta13.jpg"" border=""0""></a><a href=""https://image.rakuten.co.jp/cocoterior/cabinet/a/rta32.jpg"" target=""_blank""><img src=""https://image.rakuten.co.jp/cocoterior/cabinet/a/rta14.jpg"" border=""0""></a></div></td>
</tr>
</tbody>
</table><img src=""https://image.rakuten.co.jp/cocoterior/cabinet/o/galtltc08.gif"" border=""0""><br>

<img src=""https://image.rakuten.co.jp/cocoterior/cabinet/a/rta15.jpg""><br>
<img src=""https://image.rakuten.co.jp/cocoterior/cabinet/a/rta16-2.gif"" border=""0"" usemap=""#map3""/><br>
<img src=""https://image.rakuten.co.jp/cocoterior/cabinet/o/galtltc08.gif"" border=""0""><br>
<img src=""https://image.rakuten.co.jp/cocoterior/cabinet/a/rta-1305henko.gif"" border=""0"" usemap=""#henko"" ><br>
<img src=""https://image.rakuten.co.jp/cocoterior/cabinet/ss/line_1.gif""><br>
<a name=""ta1"" id=""ta1""></a><tbody>
<tr>
<td valign=top><table border=0 cellpadding=0 cellspacing=0 width=570>
<tbody>
<tr>
<td width=""277"" valign=""middle"">

<font color=#666666 size=-1>
【テーブル】<br>
<br>

サイズ：<br>
幅60.5×奥行き60.5×高さ70cm
<br>
<img src=https://image.rakuten.co.jp/cocoterior/cabinet/p/kwzim18.gif border=0>

<br>
製品重量：<br>
約8kg<br>
<img src=https://image.rakuten.co.jp/cocoterior/cabinet/p/kwzim18.gif border=0>
<br>

材質：<br>
スチール(粉体塗装)、PVC(張り材)<br><img src=https://image.rakuten.co.jp/cocoterior/cabinet/p/kwzim18.gif border=0><br>


備考：<br>
完成品</font></td>
<td align=right valign=""top""width=""280"">
<div align=""center""><img src=""https://image.rakuten.co.jp/cocoterior/cabinet/a/rta39.gif""></div></td>
</tr>
</tbody>
</table>

<img src=""https://image.rakuten.co.jp/cocoterior/cabinet/o/galtltc08.gif"" border=""0""><br>
<img src=""https://image.rakuten.co.jp/cocoterior/cabinet/9/rta37-2.gif"" border=""0"" usemap=""#map4""><br>
<img src=""https://image.rakuten.co.jp/cocoterior/cabinet/o/galtltc08.gif"" border=""0""><br>

<iframe src=""https://www.rakuten.ne.jp/gold/cocoterior/site-parts/product-rcmn/2nd-product-rcmn-garden.html"" marginwidth=""0"" marginheight=""0"" scrolling=""no"" frameborder=""0"" width=""570"" id=""frame-product-rcmn""></iframe><br>
<img src=""https://image.rakuten.co.jp/cocoterior/cabinet/ss/line_1.gif""><br>

<a href=""https://item.rakuten.co.jp/cocoterior/c/0000000116/"" target=""_blank""><img src=""https://image.rakuten.co.jp/cocoterior/cabinet/a/1205_gdn.jpg"" border=""0""></a><br>
</td>
</tr>
</tbody>
</table>
<a name=""ta2"" id=""ta2""></a>
<map name=""map"" id=""map""><area shape=""rect"" coords=""133,390,260,517"" href=""https://image.rakuten.co.jp/cocoterior/cabinet/a/rta18.jpg"" target=""_blank"">
<area shape=""rect"" coords=""0,391,127,518"" href=""https://image.rakuten.co.jp/cocoterior/cabinet/a/rta17.jpg"" target=""_blank"">
<area shape=""rect"" coords=""2,259,259,388"" href=""https://image.rakuten.co.jp/cocoterior/cabinet/a/rta36.jpg"" target=""_blank"">
<area shape=""rect"" coords=""2,-1,260,253"" href=""https://image.rakuten.co.jp/cocoterior/cabinet/a/rta35.jpg"" target=""_blank"">
</map>

<map name=""map2"" id=""map2""><area shape=""rect"" coords=""132,391,259,518"" href=""https://image.rakuten.co.jp/cocoterior/cabinet/a/rta19.jpg"" target=""_blank""><area shape=""rect"" coords=""0,259,258,386"" href=""https://image.rakuten.co.jp/cocoterior/cabinet/a/rta30.jpg"" target=""_blank"">
<area shape=""rect"" coords=""0,391,127,518"" href=""https://image.rakuten.co.jp/cocoterior/cabinet/a/rta31.jpg"" target=""_blank"">
<area shape=""rect"" coords=""0,2,259,254"" href=""https://image.rakuten.co.jp/cocoterior/cabinet/a/rta29.jpg"" target=""_blank"">
</map>

<map name=""map3"" id=""map3""><area shape=""rect"" coords=""441,2,570,129"" href=""https://image.rakuten.co.jp/cocoterior/cabinet/a/rta25.jpg"" target=""_blank""><area shape=""rect"" coords=""293,2,422,129"" href=""https://image.rakuten.co.jp/cocoterior/cabinet/a/rta24.jpg"" target=""_blank""><area shape=""rect"" coords=""147,2,276,129"" href=""https://image.rakuten.co.jp/cocoterior/cabinet/a/rta26.jpg"" target=""_blank"">
</map>

<map name=""map4"" id=""map4"">
<area shape=""rect"" coords=""35,53,220,211"" href=""https://item.rakuten.co.jp/cocoterior/c-fub-ratta-ta-ch/#set1"" target=""_blank"">
<area shape=""rect"" coords=""251,51,384,209"" href=""https://item.rakuten.co.jp/cocoterior/c-fub-ratta-ta/#ta2"" target=""_top"">
<area shape=""rect"" coords=""431,51,549,211"" href=""https://item.rakuten.co.jp/cocoterior/c-fub-ratta-ch/#ch1"" target=""_blank"">
</map>

<map name=""henko"">
<area shape=""rect"" coords=""230,64,389,154"" href=""https://image.rakuten.co.jp/cocoterior/cabinet/a/rta29.jpg"" target=""_blank"">
<area shape=""rect"" coords=""230,157,389,248"" href=""https://image.rakuten.co.jp/cocoterior/cabinet/a/rta34.jpg"" target=""_blank"">
<area shape=""rect"" coords=""399,64,558,154"" href=""https://image.rakuten.co.jp/cocoterior/cabinet/a/rta-1305henko1.jpg"" target=""_blank"">
<area shape=""rect"" coords=""399,157,558,248"" href=""https://image.rakuten.co.jp/cocoterior/cabinet/a/rta-1305henko2.jpg"" target=""_blank"">
<area shape=""rect"" coords=""13,285,229,432"" href=""https://image.rakuten.co.jp/cocoterior/cabinet/a/rta-1305henko3.jpg"" target=""_blank"">
</map>

<!--メーカー＆予約-->
<img src=https://image.rakuten.co.jp/cocoterior/cabinet/mbnr/mbnr-fub-01.gif><br>
<!--メーカー＆予約ここまで-->
<p style=""margin: 0 0 13px 0;"" class=""alpha"">
<img src=""https://image.rakuten.co.jp/cocoterior/cabinet/kago/bnr-img/kg-bnr-din-set01.jpg"" border=""0""></p>
<p style=""margin: 0 0 13px 0;"" class=""alpha"">
<img src=""https://image.rakuten.co.jp/cocoterior/cabinet/kago/bnr-img/kg-bnr-garden01.jpg"" border=""0""></p>
<p style=""margin: 0 0 13px 0;"" class=""alpha"">
<img src=""https://image.rakuten.co.jp/cocoterior/cabinet/kago/bnr-img/kg-bnr-3ho.gif"" border=""0"" title=""3カ月保証""></p>

<table border=""0"" cellpadding=""0"" cellspacing=""1"" width=""285"" bgcolor=""#fff3d9""><TBODY><tr>
<TD><img src=""https://www.rakuten.ne.jp/gold/cocoterior/kago-info/images/kg-info-ttl01.gif"" border=""0""></td>
</tr>
<tr>
<td bgcolor=""#ffffff"" style=""padding: 0 10px;"">

</td>
</tr>
<tr>
<td bgcolor=""#fff3d9""><IMG src=""https://www.rakuten.ne.jp/gold/cocoterior/kago-info/images/kg-info-ttl03.gif"" border=""0""></td>
</tr>
<tr>
<TD bgcolor=""#ffffff"" style=""padding: 10px;"">
<font color=""#666666"" size=""-2"">細やかに編まれたラタン調の編込みが上品で優美な雰囲気を醸し出す&quot;Rattan folding&quot;スクエアフォルムで形成された、モダンで高級感のあるデザインが、お家の庭やベランダ、バルコニーにオシャレなカフェスペースを作ります。ラタン調の、細かく丁寧な編込みはインテリア性が高く、屋外でのガーデンインテリアとしては当然ですが、屋内やマンションのベランダなどでも使って頂けるデザインとなっております。カラーは、ホワイトとブラックのコーディネートしやすい2カラーをご用意しております。</font><br>
<br>
<FONT size=""-2"" color=""#666666"">サイズ：幅60.5×奥行き60.5×高さ70cm<br>
製品重量：約8kg<br>
材質：スチール(粉体塗装)、PVC(張り材)<br>
備考：完成品</font><br>
<br>
<FONT size=""-2"" color=""#666666"">カテゴリー：ガーデン/エクステリア/チェア/ガラステーブル/ラタン風/モダン/折りたたみ式/オープンカフェ/白色/茶色</FONT></td>
</tr>
</tbody>
</table>

<p class=""pagebtn-top""></p>
<p class=""pagebtn-book""></p><table width=""675"">
 <tbody>
<tr>
 <td></td>
 </tr>
 </tbody>
</table>",ガーデンテーブル ガーデン テーブル アジアン カフェ風 ガラステーブル 屋内外兼 北欧 かわいい おしゃれ スクエアタイプ シンプル テーブル単品販売 ブラウン ホワイト | 庭 バルコニー ベランダ ガーデン家具 ガーデンファニチャー：インテリアショップ ココテリア,ソファーテレビ台テーブルラグダイニングテーブルセット食器棚ベッド本棚ラックパソコンデスクチェア座椅子ハンガーラックポールハンガードレッサーカーテンミラーガーデンファニチャーシーリングライトチェストガーデンテーブル ガーデン テーブル アジアン カフェ風 ガラステーブル 屋内外兼 北欧 かわいい おしゃれ スクエアタイプ シンプル テーブル単品販売 ブラウン ホワイト | 庭 バルコニー ベランダ ガーデン家具 ガーデンファニチャー,ガーデンテーブル ガーデン テーブル エクステリア。ガーデンテーブル ガーデン テーブル アジアン カフェ風 ガラステーブル 屋内外兼 北欧 かわいい おしゃれ スクエアタイプ シンプル テーブル単品販売 ブラウン ホワイト | 庭 バルコニー ベランダ ガーデン家具 ガーデンファニチャー[rn]
37-73121,http://tshop.r10s.jp/cocoterior/cabinet/9/gwlkago1-tn.jpg?fitin=700:700,6480.8000,,花・ガーデン・DIY > エクステリア・ガーデンファニチャー > ガーデンファニチャー > テーブル,完成品 ガーデンテーブル ガーデン テーブル 折りたたみ 木製 アウトドア キャンプ かわいい おしゃれ 天然木 ローテーブル 木製テーブル ウッドライン グランドテーブル単体販売 ブラウン ナチュラル(リビング ダイニング 折り畳み 折れ脚 機能 ロータイプ 庭 木製テーブル),完成品 折りたたみ 木製 テーブル アウトドアやキャンプに最適,"<table border=0 cellpadding=0 cellspacing=0 width=570>
<tbody>

<tr>
<td><img src=""https://image.rakuten.co.jp/cocoterior/cabinet/rank/rk-c150126fja-tf.gif"" border=""0""><br><img src=https://image.rakuten.co.jp/cocoterior/cabinet/9/gwl66.jpg></td>
</tr>

<tr>
<td>

<table width=570 border=0 cellpadding=0 cellspacing=0>
<tbody>
<tr valign=top>
<td width=282><a href=https://image.rakuten.co.jp/cocoterior/cabinet/9/gwl44.jpg target=_blank><img src=https://image.rakuten.co.jp/cocoterior/cabinet/9/gwl2.jpg border=0></a><br>
<a href=https://image.rakuten.co.jp/cocoterior/cabinet/9/gwl43.jpg target=_blank><img src=https://image.rakuten.co.jp/cocoterior/cabinet/9/gwl4.jpg border=0></a><a href=https://image.rakuten.co.jp/cocoterior/cabinet/9/gwl42.jpg target=_blank><img src=https://image.rakuten.co.jp/cocoterior/cabinet/9/gwl5.jpg border=0></a>

</td>
<td width=288>
<img src=https://image.rakuten.co.jp/cocoterior/cabinet/9/gwl3.gif>
<font color=#666666 size=-1>
ご自宅のガーデンやテラスでゆったりとしたくつろぎのひとときを演出する&quot;ウッドライン&quot;シリーズ。<br>
<br>
リゾート地などでよく見られるロースタイルをご自宅で再現。のんびりとくつろいで頂けます。<br>
<br>
また、木目の美しい天然木を使用した、シンプルで上品なデザインはお洒落な空間づくりにも最適です。<br>
<br>
軽量でコンパクト。ご自宅はもちろん、キャンプなどのレジャーシーンでも使用して頂けます。<br>
<br>
ウッドラインシリーズでのんびりリラックス出来る、くつろぎのひとときを。<br>
</font>
</td>
</tr>
</tbody>
</table>


<img src=https://image.rakuten.co.jp/cocoterior/cabinet/ss/line_1.gif><br>

<table width=570 border=0 cellpadding=0 cellspacing=0>
<tbody>
<tr valign=top>
<td width=291>
<p><img src=https://image.rakuten.co.jp/cocoterior/cabinet/9/gwl6.gif>
<font color=#666666 size=-1> 材質には腐食に強く朽ちにくい、高耐久の天然木、ハードウッドを使用。

<br>
<br>
大勢の人が集まるテーマパークやショッピングモールなどの床にも使用されてるハードウッド。<br>
雨ざらしになり、紫外線を浴びる過酷な状況にも関わらず、<strong><font color=#FF6666>数十年間ノーメンテナンスで使用される、とても耐久性の高い木材</font></strong>です。<br>
<br>
本製品はそんな高耐久のハードウッドをラッカー塗装で仕上げました。<br>
木目がはっきり浮かび上がり、ツヤのある美しい見た目に仕上がっております。<br>
<br>
朽ちにくい素材を使用した飽きのこないシンプルなデザインですので、長く愛用して頂けます。</font>
</p></td>
<td width=279><a href=https://image.rakuten.co.jp/cocoterior/cabinet/9/gwl45.jpg target=_blank><img src=https://image.rakuten.co.jp/cocoterior/cabinet/9/gwl7.jpg border=0></a><br>
<a href=https://image.rakuten.co.jp/cocoterior/cabinet/9/gwl35.jpg target=_blank><img src=https://image.rakuten.co.jp/cocoterior/cabinet/9/gwl8.jpg border=0></a><a href=https://image.rakuten.co.jp/cocoterior/cabinet/9/gwl36.jpg target=_blank><img src=https://image.rakuten.co.jp/cocoterior/cabinet/9/gwl9.jpg border=0></a></td>
</tr>
</tbody>
</table>


<img src=https://image.rakuten.co.jp/cocoterior/cabinet/ss/line_1.gif><br>
<table width=570 border=0 cellpadding=0 cellspacing=0>
<tbody>
<tr valign=top>
<td width=281><a href=https://image.rakuten.co.jp/cocoterior/cabinet/9/gwl46.jpg target=_blank><img src=https://image.rakuten.co.jp/cocoterior/cabinet/9/gwl10.jpg border=0></a><br>
<a href=https://image.rakuten.co.jp/cocoterior/cabinet/9/gwl47.jpg target=_blank><img src=https://image.rakuten.co.jp/cocoterior/cabinet/9/gwl12.jpg border=0></a><a href=https://image.rakuten.co.jp/cocoterior/cabinet/9/gwl37.jpg target=_blank><img src=https://image.rakuten.co.jp/cocoterior/cabinet/9/gwl13.jpg border=0></a></td>
<td width=290><img src=https://image.rakuten.co.jp/cocoterior/cabinet/9/gwl11.gif> <font color=#666666 size=-1>ロースタイルのラウンジャーやチェアとも相性ピッタリな、程良い高さのすのこ天板ウッドテーブルです。<br>
<br>
シンプルな長方形のデザインはセンターテーブルとしてもサイドテーブルとしても使用して頂けます。<br>
<br>
ツヤのある、木目の美しい天然木を使用したデザインで統一されておりますので、
お家の庭やベランダに素敵な空間を作って頂けます。<br>
<br>
また、コンパクトサイズですので屋外でのガーデンインテリアとしてはもちろん、屋内やマンションのベランダなどでも使用して頂けます。<br>
<br>
<br>
<br>
</font></td>
</tr>
</tbody>
</table>
<img src=https://image.rakuten.co.jp/cocoterior/cabinet/ss/line_1.gif><br>
<table width=570 border=0 cellpadding=0 cellspacing=0>
<tbody>
<tr valign=top>
<td width=288><img src=https://image.rakuten.co.jp/cocoterior/cabinet/9/gwl62.jpg> <font color=#666666 size=-1>こちらの商品は折りたたみ式となっております。<br>
小さく折りたためて、広げて作るのもアッと言う間なので、
キャンプなどのレジャーシーンにもオススメです。<br>
<br>
また、テーブル1台とラウンジャー２台が入る専用キャリーバッグが付属しておりますので持ち運びも便利です。<br>
車にも場所を取らず簡単に積むことができますので、アウトドアなどにも最適となっております。<br>
折りたたみ式でコンパクトサイズですので、ご自宅でもレジャーシーンでも活躍いたします。<br>
<br>
<font color=#FF6666 size=-1>※</font>専用キャリーバッグは『グランドテーブル＆ラウンジャー(チェア)３点セット』と『グランドテーブル単体販売』に付属しております。<br>
ラウンジャー(チェア)1脚単体販売には付属しておりません。</font>
</td>
<td width=282><a href=https://image.rakuten.co.jp/cocoterior/cabinet/9/gwl39.jpg target=_blank><img src=https://image.rakuten.co.jp/cocoterior/cabinet/9/gwl63.jpg border=0></a><br>
<a href=https://image.rakuten.co.jp/cocoterior/cabinet/9/gwl40.jpg target=_blank><img src=https://image.rakuten.co.jp/cocoterior/cabinet/9/gwl64.jpg border=0></a><a href=https://image.rakuten.co.jp/cocoterior/cabinet/9/gwl41.jpg target=_blank><img src=https://image.rakuten.co.jp/cocoterior/cabinet/9/gwl65.jpg border=0></a></td>
</tr>
</tbody>
</table>
<img src=https://image.rakuten.co.jp/cocoterior/cabinet/9/gwl55.jpg><br>
<img src=https://image.rakuten.co.jp/cocoterior/cabinet/9/gwl67.gif><br>
<a href=https://image.rakuten.co.jp/cocoterior/cabinet/9/gwl50.jpg target=_blank><img src=https://image.rakuten.co.jp/cocoterior/cabinet/9/gwl68.jpg border=0></a><a href=https://image.rakuten.co.jp/cocoterior/cabinet/9/gwl51.jpg target=_blank><img src=https://image.rakuten.co.jp/cocoterior/cabinet/9/gwl69.jpg border=0></a><br>
<img src=https://image.rakuten.co.jp/cocoterior/cabinet/9/gwl30.jpg><br>
<img src=https://image.rakuten.co.jp/cocoterior/cabinet/9/gwl31.gif border=0 usemap=#map><br>
<img src=https://image.rakuten.co.jp/cocoterior/cabinet/9/gwl33-2.gif border=0 usemap=#map3>

<img src=https://image.rakuten.co.jp/cocoterior/cabinet/9/gwlpoint-table.gif><br>
<table border=0 cellpadding=0 cellspacing=0 width=570>
<tbody>
<tr valign=middle>
<td width=265><p><a name=link></a>

<!--サイズ内容ここに挿入-->
<font color=#666666 size=-1>    サイズ：<br>
幅76×奥行き41.5×高さ26.5cm<br>
<img src=https://image.rakuten.co.jp/cocoterior/cabinet/ss/line_3.gif><br>
折りたたみ時サイズ：<br>
幅76×奥行き41.5×高さ9cm<br>
<img src=https://image.rakuten.co.jp/cocoterior/cabinet/ss/line_3.gif><br>
製品重量：<br>
約3.4kg<br>
<img src=https://image.rakuten.co.jp/cocoterior/cabinet/ss/line_3.gif><br>
材質：<br>
ハードウッド（ラッカー塗装）、キャリーバッグ/ポリエステル<br>
<img src=https://image.rakuten.co.jp/cocoterior/cabinet/ss/line_3.gif><br>
備考：<br>
完成品、折りたたみ式、キャリーバッグ付属</font><font color=#666666 size=-1><br>


</font></p></td>
<td align=right>
<img src=https://image.rakuten.co.jp/cocoterior/cabinet/9/gwlsize-t.gif>
</td>
</tr>
</tbody>
</table>

<img src=https://image.rakuten.co.jp/cocoterior/cabinet/ss/line_1.gif><br>
<img src=""https://image.rakuten.co.jp/cocoterior/cabinet/rank/rk-c150126fja-tf.gif"" border=""0""><br>

<iframe src=""https://www.rakuten.ne.jp/gold/cocoterior/site-parts/product-rcmn/2nd-product-rcmn-garden.html"" marginwidth=""0"" marginheight=""0"" scrolling=""no"" frameborder=""0"" width=""570"" id=""frame-product-rcmn""></iframe><br>
<img src=""https://image.rakuten.co.jp/cocoterior/cabinet/ss/line_1.gif""><br>


<a href=https://item.rakuten.co.jp/cocoterior/c/0000000116/ target=_blank><img src=https://image.rakuten.co.jp/cocoterior/cabinet/a/1205_gdn.jpg border=0 ></a><br>

</td>
</tr>
</tbody>
</table>

<map name=map id=map><area shape=rect coords=296,1,423,128 href=""https://image.rakuten.co.jp/cocoterior/cabinet/9/gwl72.jpg"" target=_blank><area shape=rect coords=441,2,568,129 href=""https://image.rakuten.co.jp/cocoterior/cabinet/9/gwl70.jpg"" target=_blank><area shape=rect coords=147,1,274,128 href=""https://image.rakuten.co.jp/cocoterior/cabinet/9/gwl71.jpg"" target=_blank>
<area shape=rect coords=2,1,129,128 href=""https://image.rakuten.co.jp/cocoterior/cabinet/9/gwl78.jpg"" target=_blank>
</map>

<map name=map3 id=map3><area shape=rect coords=389,42,554,208 href=https://item.rakuten.co.jp/cocoterior/c-fja-tf-wll/#link target=_blank><area shape=rect coords=202,42,367,208 href=https://item.rakuten.co.jp/cocoterior/c-fja-tf-wlgt/#link target=_top>
<area shape=rect coords=20,42,185,208 href=https://item.rakuten.co.jp/cocoterior/c-fja-tf-wlgt-wll3p/#link target=_blank>
</map>

<!--メーカー＆予約-->
<img src=https://image.rakuten.co.jp/cocoterior/cabinet/mbnr/mbnr-fja-01.gif><br>

<a href=""https://item.rakuten.co.jp/cocoterior/c/0000000232/"" target=""_blank""><img src=""https://image.rakuten.co.jp/cocoterior/cabinet/ss/conbini_banner.gif?"" border=""0""></a><br>
<!--メーカー＆予約ここまで-->



<p style=""margin: 0 0 13px 0;"" class=""alpha"">
<img src=""https://image.rakuten.co.jp/cocoterior/cabinet/kago/bnr-img/kg-bnr-garden01.jpg"" border=""0""></p>
<p style=""margin: 0 0 13px 0;"" class=""alpha"">
<img src=""https://image.rakuten.co.jp/cocoterior/cabinet/kago/bnr-img/kg-bnr-3ho.gif"" border=""0"" title=""3カ月保証""></p>
<table
border=0 cellpadding=0 cellspacing=1 width=285 bgcolor=#fff3d9><TBODY><tr>
<TD><img src=https://www.rakuten.ne.jp/gold/cocoterior/kago-info/images/kg-info-ttl01.gif border=0></td>
</tr>
<tr>
<TD bgcolor=#ffffff style=""padding: 0 10px;"">
<img src=""https://www.rakuten.ne.jp/gold/cocoterior/kago-info/images/info-tablex1.gif"" border=""0""><br>

</td>
</tr>
<tr>
<TD><img src=https://www.rakuten.ne.jp/gold/cocoterior/kago-info/images/kg-info-ttl03.gif border=0></td>
</tr>
<tr>
<TD bgcolor=#ffffff style=""padding: 10px;"">
<font size=-2 color=#666666>ご自宅のガーデンやテラスでゆったりとしたくつろぎのひとときを演出する&quot;ウッドライン&quot;シリーズ。リゾート地などでよく見られるロースタイルをご自宅で再現。のんびりとくつろいで頂けます。また、木目の美しい天然木を使用した、シンプルで上品なデザインはお洒落な空間づくりにも最適です。軽量でコンパクト。ご自宅はもちろん、キャンプなどのレジャーシーンでも使用して頂けます。ウッドラインシリーズでのんびりリラックス出来る、くつろぎのひとときを。</font><br>
<br>
<FONT size=""-2"" color=""#666666"">サイズ：<br>
幅76×奥行き41.5×高さ26.5cm<br>
折りたたみ時サイズ：<br>
幅76×奥行き41.5×高さ9cm<br>
製品重量：<br>
約3.4kg<br>
材質：<br>
ハードウッド（ラッカー塗装）、ポリエステル（キャリーバッグ）<br>
備考：<br>
完成品、折りたたみ式</font><br>
<br>
<FONT size=""-2"" color=""#666666"">カテゴリー：ウッドライン/グランドテーブル/テーブル/チェア/折りたたみ式/ガーデン/アウトドア/キャンプ/ウッド/レジャー/緑/カーキ/グリーン/ブラウン/ナチュラル</FONT></td>
</tr>
</tbody>
</table>

<p class=""pagebtn-top""></p>
<p class=""pagebtn-book""></p><table width=""675"">
 <tbody>
<tr>
 <td></td>
 </tr>
 </tbody>
</table>",完成品 ガーデンテーブル ガーデン テーブル 折りたたみ 木製 アウトドア キャンプ かわいい おしゃれ 天然木 ローテーブル 木製テーブル ウッドライン グランドテーブル単体販売 ブラウン ナチュラル(リビング ダイニング 折り畳み 折れ脚 機能 ロータイプ 庭 木製テーブル)：インテリアショップ ココテリア,ソファーテレビ台テーブルラグダイニングテーブルセット食器棚ベッド本棚ラックパソコンデスクチェア座椅子ハンガーラックポールハンガードレッサーカーテンミラーガーデンファニチャーシーリングライトチェスト完成品 ガーデンテーブル ガーデン テーブル 折りたたみ 木製 アウトドア キャンプ かわいい おしゃれ 天然木 ローテーブル 木製テーブル ウッドライン グランドテーブル単体販売 ブラウン ナチュラル(リビング ダイニング 折り畳み 折れ脚 機能 ロータイプ 庭 木製テーブル),完成品 折りたたみ 木製 テーブル アウトドアやキャンプに最適。完成品 ガーデンテーブル ガーデン テーブル 折りたたみ 木製 アウトドア キャンプ かわいい おしゃれ 天然木 ローテーブル 木製テーブル ウッドライン グランドテーブル単体販売 ブラウン ナチュラル(リビング ダイニング 折り畳み 折れ脚 機能 ロータイプ 庭 木製テーブル)[rn]
37-73122,http://tshop.r10s.jp/gold/asquisse/outdoor/tk16/1tk16.jpg?fitin=700:700,50112.0000,,花・ガーデン・DIY > エクステリア・ガーデンファニチャー > ガーデンファニチャー > チェア,【送料無料】デッキチェア リゾートチェア アーム付き チーク アウトドア エクステリア 屋外 椅子 イス ガーデン カフェ オシャレ かわいい 折りたたみ コンパクト ウッド 木 木製 レトロ ブラウン ナチュラル オイル 無垢材 シンプル,オイルで仕上げたチーク材の屋外用デッキチェア,"<img src=""http://www.rakuten.ne.jp/gold/asquisse/outdoor/tk16/1tk16.jpg""/>
<p>チークの素材を活かすオイルフィニッシュで仕上げたシンプルな屋外用折り畳み式デッキチェア　ナチュラルテイストにお勧めです </p>
<img src=""http://www.rakuten.ne.jp/gold/asquisse/outdoor/tk16/tk16.jpg""/>
<p>折り畳むとこのような雰囲気　コンパクトに収納できます</p>
<img src=""http://www.rakuten.ne.jp/gold/asquisse/outdoor/tk16/2tk16.jpg""/>
<br><br>

<style type=""text/css"">
<!--
.style3 {color: #333333; font-size: 12px; }
-->
</style>

<table width=""600"" height=""190"" border=""1"" cellspacing=""0"" bordercolor=""#E1E1E1"">
<tr>
    <td width=""104"" bgcolor=""#F3F3F3""><span class=""style3"">　
サイズ</span></td>
    <td width=""486""><span class=""style3"">
　W590×D1600×H880(SH340) mm</span></td>
  </tr>
<tr>
    <td bgcolor=""#F3F3F3""><span class=""style3"">　材質</span></td>
    <td><span class=""style3"">
　チーク材　オイルフィニッシュ
</span></td>
  </tr>
<tr>
    <td bgcolor=""#F3F3F3""><span class=""style3"">　備考</span></td>
    <td><span class=""style3"">　折り畳み式</span></td>
</tr>
<tr>
    <td bgcolor=""#F3F3F3""><span class=""style3"">　重量</span></td>
    <td><span class=""style3"">　15.8kg</span></td>
</tr>
<tr>
    <td bgcolor=""#F3F3F3""><span class=""style3"">　納期</span></td>
    <td><span class=""style3"">　お取り寄せ商品になります。通常7日から10日</span></td>
  </tr>





 </table>


<style type=""text/css"">
/*お気に入り商品ボタンのタグここから*/
div.bookmarkArea div.bkm {
width: 318px !important;  /*1.ここに画像の横幅を指定*/
height: 83px !important;  /*1.ここに画像の高さを指定*/
}
div.bookmarkArea div.bkm a.addBkm span.bkmStar {
display: inline-block !important;

width: 318px !important;   /*1.ここに画像の横幅を指定*/
height: 83px !important;   /*1.ここに画像の高さを指定*/


margin-right: 0px !important;
background:
url(http://image.rakuten.co.jp/asquisse/cabinet/imgrc0064719611.jpg) no-repeat 0 0 !important;　
			   /*↑↑2.ここにお好みのお気に入り画像をコピペ↑↑
*/

cursor: pointer !important;
}

div.bookmarkArea div.bkm {
width: 318px !important;  /*1.ここに画像の横幅を指定*/
height: 83px !important;  /*1.ここに画像の高さを指定*/
}
div.bookmarkArea div.bkm a.addBkm span.bkmStar {
display: inline-block !important;

width: 318px !important;   /*1.ここに画像の横幅を指定*/
height: 83px !important;   /*1.ここに画像の高さを指定*/


margin-right: 0px !important;
background:
url(http://image.rakuten.co.jp/asquisse/cabinet/imgrc0064719611.jpg) no-repeat 0 0 !important;　/*ここにお好みのお気に入り画像をコピペ*/
			   /*↑↑2.ここにお好みのお気に入り画像をコピペ↑↑
*/

cursor: pointer !important;
}



/*お気に入り商品ボタンタグここまで*/
/*お買い物かごタグここから*/

input[value=""買い物かごに入れる""]{

	font-size:16px;
	font-family:Arial;
	font-weight:normal;
	-moz-border-radius:8px;
	-webkit-border-radius:8px;
	border-radius:8px;
	border:1px solid #d83526;
	padding:9px 18px;
	text-decoration:none;

	background:-moz-linear-gradient( center top, #fe1a00 5%, #ce0100 100% );
	background:-ms-linear-gradient( top, #fe1a00 5%, #ce0100 100% );
       	background:-webkit-gradient( linear, left top, left bottom, color-stop(5%, #fe1a00), color-stop(100%, #ce0100) );

	cursor: pointer !important;

	background-color:#fe1a00;
	color:#ffffff;
	display:inline-block;
	text-shadow:1px 1px 0px #b23e35;
 	box-shadow:inset 1px 1px 0px 0px #f29c93; }

/*お買い物かごタグここまで*/

<!--
.style1 {font-size: 10px}
.style2 {color: #FF0000}
.style4 {color: #0000FF}
-->
</style>
<img src=""http://image.rakuten.co.jp/asquisse/cabinet/img58911083.jpg""/>
<table width=""611"" border=""0"">

  <tr>
    <td width=""294"" rowspan=""2""><p class=""style1"">■営業時間帯<br>
	ネットでのご注文は、<span class=""style2"">24時間</span>受け付けております。<br><br>

お電話でのお問合せは下記の時間帯にお願いします。
<br>


<span class=""style2"">11:00～20:00</span> 　 <span class=""style2"">※火曜日はお休み</span>をいただいております。<br>
<br>

■送料<br>
全国一律料金：<span class=""style2"">580円</span><br>
(北海道、沖縄、離島・一部地域は追加送料発生します。)<br>
<br>
■宅配便<br>
ヤマト運輸　西濃運輸　佐川急便　ゆうパック<br>
<br>
■商品発送のタイミング<br>
特にご指定がない場合、<br>
楽天バンク決済、銀行振込⇒ご入金確認後、<span class=""style2"">7営業日以内</span>に発送致します。<br>
クレジット、代金引換　⇒ご注文確認後、<span class=""style2"">7営業日以内</span>に発送致します。 
<br>
<br>
■返品・交換について<br>
商品のカラーに関しましては閲覧環境によって若干違って見える場合がございます予めご了承下さい。<br>
メーカーが初期不良と認定していない商品、「イメージと違う」等の返品・交換はお受けできませんのでご了承ください。<br>
事前のご連絡のない返品に関しましてはお受けできません<br>
（着払い等での返品）ご了承ください。<br>
<br>
■不良品について<br>
商品が破損・汚損していた場合は配達後一週間以内にメールか電話でご連絡ください。
すぐに交換の品または返品を承ります。<br>
※この場合は送料、手数料は当店が負担いたします。
  </td>
    <td width=""307"" height=""62"" valign=""top""><span class=""style1"">■お支払い方法について<br>
    お支払いは楽天バンク、銀行振り込み、代金引換、クレジットがご利用いただけます。<br />
    <br>
    <span class=""style4"">※クレジットカードのセキュリティはSSLというシステムを利用しております。 カード番号は暗号化されて安全に送信されますので、どうぞご安心ください。<br />
    <img src=""http://image.rakuten.co.jp/_support-os/cabinet/visa.gif"" /> <img src=""http://image.rakuten.co.jp/_support-os/cabinet/mastercard.gif"" /> <img src=""http://image.rakuten.co.jp/_support-os/cabinet/jcb.gif"" /> <img src=""http://image.rakuten.co.jp/_support-os/cabinet/diners.gif"" /> <img src=""http://image.rakuten.co.jp/_support-os/cabinet/amex.gif"" /> <img src=""http://image.rakuten.co.jp/_support-os/cabinet/ginkou.gif"" width=""36"" height=""36"" /> <img src=""http://image.rakuten.co.jp/_support-os/cabinet/daibiki.gif"" width=""36"" height=""36"" /></span></span></td>
  </tr>
  
  <tr>
    <td valign=""top""><span class=""style1"">■楽天バンク決済<br>
楽天バンク決済手数料(税込)<br>
1円～29,999円　　<span class=""style2"">155円</span><br>
30,000円～　　　　<span class=""style2"">257円</span><br><br>

■代金引換 <br>
代引手数料料：全国一律料金： <span class=""style2"">324円</span><br>
<br>
■銀行振込<br>
ご入金確認後に発送いたします。<br>
振込手数料はお客様負担でお願い致します。<br>
<br>
【振込先】 楽天銀行（ラクテンギンコウ）楽天市場支店（ラクテンイチバシテン） 普通 1047070 ラクテン（ＡＳＱＵＩＳＳＥ 
<br>※この口座の権利は楽天株式会社が保有しています。 <br>
<br>
<span class=""style4"">※ポイントをご利用の場合等、楽天から自動で配信される確認メールの金額とお振込み時の金額が異なる場合がございます。
のちほど当店からお送りするメールに記載の金額をお振込みください。</span></span></td>
  </tr>
  <tr>
    <td colspan=""2"">&nbsp;</td>
  </tr>
</table>",【送料無料】デッキチェア リゾートチェア アーム付き チーク アウトドア エクステリア 屋外 椅子 イス ガーデン カフェ オシャレ かわいい 折りたたみ コンパクト ウッド 木 木製 レトロ ブラウン ナチュラル オイル 無垢材 シンプル：asquisse,【送料無料】デッキチェア リゾートチェア アーム付き チーク アウトドア エクステリア 屋外 椅子 イス ガーデン カフェ オシャレ かわいい 折りたたみ コンパクト ウッド 木 木製 レトロ ブラウン ナチュラル オイル 無垢材 シンプル,オイルで仕上げたチーク材の屋外用デッキチェア。【送料無料】デッキチェア リゾートチェア アーム付き チーク アウトドア エクステリア 屋外 椅子 イス ガーデン カフェ オシャレ かわいい 折りたたみ コンパクト ウッド 木 木製 レトロ ブラウン ナチュラル オイル 無垢材 シンプル[rn]
37-73123,http://tshop.r10s.jp/gold/asquisse/outdoor/wk203mc/1wk203mc.jpg?fitin=700:700,76896.0000,,花・ガーデン・DIY > エクステリア・ガーデンファニチャー > ガーデンファニチャー > チェア,【送料無料】サンクリームラウンジャー デッキチェア リクライニングチェア ラタン 籐 リゾートチェア アーム付き チーク アウトドア エクステリア 屋外 椅子 イス ガーデン カフェ シャレ かわいい レトロ ブラウン ナチュラル シンプル,丈夫な高密度ポリエチレンのラタン風ラウンジャー,"<img src=""http://www.rakuten.ne.jp/gold/asquisse/outdoor/wk203mc/1wk203mc.jpg""/>
<p>丈夫でリサイクル可能な高密度ポリエチレンのシンプルなラタン風屋外用ラウンジャー</p>
<img src=""http://www.rakuten.ne.jp/gold/asquisse/outdoor/wk203mc/2wk203mc.jpg""/>
<br><br>

<style type=""text/css"">
<!--
.style3 {color: #333333; font-size: 12px; }
-->
</style>

<table width=""600"" height=""190"" border=""1"" cellspacing=""0"" bordercolor=""#E1E1E1"">
<tr>
    <td width=""104"" bgcolor=""#F3F3F3""><span class=""style3"">　
サイズ</span></td>
    <td width=""486""><span class=""style3"">
　W770×D2030×H280～650 mm</span></td>
  </tr>
<tr>
    <td bgcolor=""#F3F3F3""><span class=""style3"">　材質</span></td>
    <td><span class=""style3"">
　アルミ　ポリエチレン
</span></td>
  </tr>
<tr>
    <td bgcolor=""#F3F3F3""><span class=""style3"">　重量</span></td>
    <td><span class=""style3"">　11.7kg</span></td>
</tr>
<tr>
    <td bgcolor=""#F3F3F3""><span class=""style3"">　納期</span></td>
    <td><span class=""style3"">　お取り寄せ商品になります。通常7日から10日</span></td>
  </tr>





 </table>


<style type=""text/css"">
/*お気に入り商品ボタンのタグここから*/
div.bookmarkArea div.bkm {
width: 318px !important;  /*1.ここに画像の横幅を指定*/
height: 83px !important;  /*1.ここに画像の高さを指定*/
}
div.bookmarkArea div.bkm a.addBkm span.bkmStar {
display: inline-block !important;

width: 318px !important;   /*1.ここに画像の横幅を指定*/
height: 83px !important;   /*1.ここに画像の高さを指定*/


margin-right: 0px !important;
background:
url(http://image.rakuten.co.jp/asquisse/cabinet/imgrc0064719611.jpg) no-repeat 0 0 !important;　
			   /*↑↑2.ここにお好みのお気に入り画像をコピペ↑↑
*/

cursor: pointer !important;
}

div.bookmarkArea div.bkm {
width: 318px !important;  /*1.ここに画像の横幅を指定*/
height: 83px !important;  /*1.ここに画像の高さを指定*/
}
div.bookmarkArea div.bkm a.addBkm span.bkmStar {
display: inline-block !important;

width: 318px !important;   /*1.ここに画像の横幅を指定*/
height: 83px !important;   /*1.ここに画像の高さを指定*/


margin-right: 0px !important;
background:
url(http://image.rakuten.co.jp/asquisse/cabinet/imgrc0064719611.jpg) no-repeat 0 0 !important;　/*ここにお好みのお気に入り画像をコピペ*/
			   /*↑↑2.ここにお好みのお気に入り画像をコピペ↑↑
*/

cursor: pointer !important;
}



/*お気に入り商品ボタンタグここまで*/
/*お買い物かごタグここから*/

input[value=""買い物かごに入れる""]{

	font-size:16px;
	font-family:Arial;
	font-weight:normal;
	-moz-border-radius:8px;
	-webkit-border-radius:8px;
	border-radius:8px;
	border:1px solid #d83526;
	padding:9px 18px;
	text-decoration:none;

	background:-moz-linear-gradient( center top, #fe1a00 5%, #ce0100 100% );
	background:-ms-linear-gradient( top, #fe1a00 5%, #ce0100 100% );
       	background:-webkit-gradient( linear, left top, left bottom, color-stop(5%, #fe1a00), color-stop(100%, #ce0100) );

	cursor: pointer !important;

	background-color:#fe1a00;
	color:#ffffff;
	display:inline-block;
	text-shadow:1px 1px 0px #b23e35;
 	box-shadow:inset 1px 1px 0px 0px #f29c93; }

/*お買い物かごタグここまで*/

<!--
.style1 {font-size: 10px}
.style2 {color: #FF0000}
.style4 {color: #0000FF}
-->
</style>
<img src=""http://image.rakuten.co.jp/asquisse/cabinet/img58911083.jpg""/>
<table width=""611"" border=""0"">

  <tr>
    <td width=""294"" rowspan=""2""><p class=""style1"">■営業時間帯<br>
	ネットでのご注文は、<span class=""style2"">24時間</span>受け付けております。<br><br>

お電話でのお問合せは下記の時間帯にお願いします。
<br>


<span class=""style2"">11:00～20:00</span> 　 <span class=""style2"">※火曜日はお休み</span>をいただいております。<br>
<br>

■送料<br>
全国一律料金：<span class=""style2"">580円</span><br>
(北海道、沖縄、離島・一部地域は追加送料発生します。)<br>
<br>
■宅配便<br>
ヤマト運輸　西濃運輸　佐川急便　ゆうパック<br>
<br>
■商品発送のタイミング<br>
特にご指定がない場合、<br>
楽天バンク決済、銀行振込⇒ご入金確認後、<span class=""style2"">7営業日以内</span>に発送致します。<br>
クレジット、代金引換　⇒ご注文確認後、<span class=""style2"">7営業日以内</span>に発送致します。 
<br>
<br>
■返品・交換について<br>
商品のカラーに関しましては閲覧環境によって若干違って見える場合がございます予めご了承下さい。<br>
メーカーが初期不良と認定していない商品、「イメージと違う」等の返品・交換はお受けできませんのでご了承ください。<br>
事前のご連絡のない返品に関しましてはお受けできません<br>
（着払い等での返品）ご了承ください。<br>
<br>
■不良品について<br>
商品が破損・汚損していた場合は配達後一週間以内にメールか電話でご連絡ください。
すぐに交換の品または返品を承ります。<br>
※この場合は送料、手数料は当店が負担いたします。
  </td>
    <td width=""307"" height=""62"" valign=""top""><span class=""style1"">■お支払い方法について<br>
    お支払いは楽天バンク、銀行振り込み、代金引換、クレジットがご利用いただけます。<br />
    <br>
    <span class=""style4"">※クレジットカードのセキュリティはSSLというシステムを利用しております。 カード番号は暗号化されて安全に送信されますので、どうぞご安心ください。<br />
    <img src=""http://image.rakuten.co.jp/_support-os/cabinet/visa.gif"" /> <img src=""http://image.rakuten.co.jp/_support-os/cabinet/mastercard.gif"" /> <img src=""http://image.rakuten.co.jp/_support-os/cabinet/jcb.gif"" /> <img src=""http://image.rakuten.co.jp/_support-os/cabinet/diners.gif"" /> <img src=""http://image.rakuten.co.jp/_support-os/cabinet/amex.gif"" /> <img src=""http://image.rakuten.co.jp/_support-os/cabinet/ginkou.gif"" width=""36"" height=""36"" /> <img src=""http://image.rakuten.co.jp/_support-os/cabinet/daibiki.gif"" width=""36"" height=""36"" /></span></span></td>
  </tr>
  
  <tr>
    <td valign=""top""><span class=""style1"">■楽天バンク決済<br>
楽天バンク決済手数料(税込)<br>
1円～29,999円　　<span class=""style2"">155円</span><br>
30,000円～　　　　<span class=""style2"">257円</span><br><br>

■代金引換 <br>
代引手数料料：全国一律料金： <span class=""style2"">324円</span><br>
<br>
■銀行振込<br>
ご入金確認後に発送いたします。<br>
振込手数料はお客様負担でお願い致します。<br>
<br>
【振込先】 楽天銀行（ラクテンギンコウ）楽天市場支店（ラクテンイチバシテン） 普通 1047070 ラクテン（ＡＳＱＵＩＳＳＥ 
<br>※この口座の権利は楽天株式会社が保有しています。 <br>
<br>
<span class=""style4"">※ポイントをご利用の場合等、楽天から自動で配信される確認メールの金額とお振込み時の金額が異なる場合がございます。
のちほど当店からお送りするメールに記載の金額をお振込みください。</span></span></td>
  </tr>
  <tr>
    <td colspan=""2"">&nbsp;</td>
  </tr>
</table>",【送料無料】サンクリームラウンジャー デッキチェア リクライニングチェア ラタン 籐 リゾートチェア アーム付き チーク アウトドア エクステリア 屋外 椅子 イス ガーデン カフェ シャレ かわいい レトロ ブラウン ナチュラル シンプル：asquisse,【送料無料】サンクリームラウンジャー デッキチェア リクライニングチェア ラタン 籐 リゾートチェア アーム付き チーク アウトドア エクステリア 屋外 椅子 イス ガーデン カフェ シャレ かわいい レトロ ブラウン ナチュラル シンプル,丈夫な高密度ポリエチレンのラタン風ラウンジャー。【送料無料】サンクリームラウンジャー デッキチェア リクライニングチェア ラタン 籐 リゾートチェア アーム付き チーク アウトドア エクステリア 屋外 椅子 イス ガーデン カフェ シャレ かわいい レトロ ブラウン ナチュラル シンプル[rn]
37-73124,http://tshop.r10s.jp/gold/asquisse/outdoor/tk19/1tk19.jpg?fitin=700:700,34560.0000,,花・ガーデン・DIY > エクステリア・ガーデンファニチャー > ガーデンファニチャー > チェア,【送料無料】アームチェア アーム付き 付属 チーク アウトドア エクステリア 屋外 椅子 イス いす ガーデン カフェ オシャレ かわいい 折りたたみ コンパクト ウッド 木 木製 レトロ ブラウン ナチュラル オイル 無垢材 シンプル,オイルで仕上げたチーク材の屋外用アームチェア,"<img src=""http://www.rakuten.ne.jp/gold/asquisse/outdoor/tk19/1tk19.jpg""/>
<p>チークの素材を活かすオイルフィニッシュで仕上げたシンプルな屋外用アームチェア　ナチュラルテイストにお勧めです </p>
<img src=""http://www.rakuten.ne.jp/gold/asquisse/outdoor/tk19/2tk19.jpg""/>
<br><br>

<style type=""text/css"">
<!--
.style3 {color: #333333; font-size: 12px; }
-->
</style>

<table width=""600"" height=""190"" border=""1"" cellspacing=""0"" bordercolor=""#E1E1E1"">
<tr>
    <td width=""104"" bgcolor=""#F3F3F3""><span class=""style3"">　
サイズ</span></td>
    <td width=""486""><span class=""style3"">
　W600×D660×H870(SH430) mm</span></td>
  </tr>
<tr>
    <td bgcolor=""#F3F3F3""><span class=""style3"">　材質</span></td>
    <td><span class=""style3"">
　チーク材　オイルフィニッシュ
</span></td>
  </tr>
<tr>
    <td bgcolor=""#F3F3F3""><span class=""style3"">　備考</span></td>
    <td><span class=""style3"">　組立式</span></td>
</tr>
<tr>
    <td bgcolor=""#F3F3F3""><span class=""style3"">　重量</span></td>
    <td><span class=""style3"">　15kg</span></td>
</tr>
<tr>
    <td bgcolor=""#F3F3F3""><span class=""style3"">　納期</span></td>
    <td><span class=""style3"">　お取り寄せ商品になります。通常7日から10日</span></td>
  </tr>





 </table>


<style type=""text/css"">
/*お気に入り商品ボタンのタグここから*/
div.bookmarkArea div.bkm {
width: 318px !important;  /*1.ここに画像の横幅を指定*/
height: 83px !important;  /*1.ここに画像の高さを指定*/
}
div.bookmarkArea div.bkm a.addBkm span.bkmStar {
display: inline-block !important;

width: 318px !important;   /*1.ここに画像の横幅を指定*/
height: 83px !important;   /*1.ここに画像の高さを指定*/


margin-right: 0px !important;
background:
url(http://image.rakuten.co.jp/asquisse/cabinet/imgrc0064719611.jpg) no-repeat 0 0 !important;　
			   /*↑↑2.ここにお好みのお気に入り画像をコピペ↑↑
*/

cursor: pointer !important;
}

div.bookmarkArea div.bkm {
width: 318px !important;  /*1.ここに画像の横幅を指定*/
height: 83px !important;  /*1.ここに画像の高さを指定*/
}
div.bookmarkArea div.bkm a.addBkm span.bkmStar {
display: inline-block !important;

width: 318px !important;   /*1.ここに画像の横幅を指定*/
height: 83px !important;   /*1.ここに画像の高さを指定*/


margin-right: 0px !important;
background:
url(http://image.rakuten.co.jp/asquisse/cabinet/imgrc0064719611.jpg) no-repeat 0 0 !important;　/*ここにお好みのお気に入り画像をコピペ*/
			   /*↑↑2.ここにお好みのお気に入り画像をコピペ↑↑
*/

cursor: pointer !important;
}



/*お気に入り商品ボタンタグここまで*/
/*お買い物かごタグここから*/

input[value=""買い物かごに入れる""]{

	font-size:16px;
	font-family:Arial;
	font-weight:normal;
	-moz-border-radius:8px;
	-webkit-border-radius:8px;
	border-radius:8px;
	border:1px solid #d83526;
	padding:9px 18px;
	text-decoration:none;

	background:-moz-linear-gradient( center top, #fe1a00 5%, #ce0100 100% );
	background:-ms-linear-gradient( top, #fe1a00 5%, #ce0100 100% );
       	background:-webkit-gradient( linear, left top, left bottom, color-stop(5%, #fe1a00), color-stop(100%, #ce0100) );

	cursor: pointer !important;

	background-color:#fe1a00;
	color:#ffffff;
	display:inline-block;
	text-shadow:1px 1px 0px #b23e35;
 	box-shadow:inset 1px 1px 0px 0px #f29c93; }

/*お買い物かごタグここまで*/

<!--
.style1 {font-size: 10px}
.style2 {color: #FF0000}
.style4 {color: #0000FF}
-->
</style>
<img src=""http://image.rakuten.co.jp/asquisse/cabinet/img58911083.jpg""/>
<table width=""611"" border=""0"">

  <tr>
    <td width=""294"" rowspan=""2""><p class=""style1"">■営業時間帯<br>
	ネットでのご注文は、<span class=""style2"">24時間</span>受け付けております。<br><br>

お電話でのお問合せは下記の時間帯にお願いします。
<br>


<span class=""style2"">11:00～20:00</span> 　 <span class=""style2"">※火曜日はお休み</span>をいただいております。<br>
<br>

■送料<br>
全国一律料金：<span class=""style2"">580円</span><br>
(北海道、沖縄、離島・一部地域は追加送料発生します。)<br>
<br>
■宅配便<br>
ヤマト運輸　西濃運輸　佐川急便　ゆうパック<br>
<br>
■商品発送のタイミング<br>
特にご指定がない場合、<br>
楽天バンク決済、銀行振込⇒ご入金確認後、<span class=""style2"">7営業日以内</span>に発送致します。<br>
クレジット、代金引換　⇒ご注文確認後、<span class=""style2"">7営業日以内</span>に発送致します。 
<br>
<br>
■返品・交換について<br>
商品のカラーに関しましては閲覧環境によって若干違って見える場合がございます予めご了承下さい。<br>
メーカーが初期不良と認定していない商品、「イメージと違う」等の返品・交換はお受けできませんのでご了承ください。<br>
事前のご連絡のない返品に関しましてはお受けできません<br>
（着払い等での返品）ご了承ください。<br>
<br>
■不良品について<br>
商品が破損・汚損していた場合は配達後一週間以内にメールか電話でご連絡ください。
すぐに交換の品または返品を承ります。<br>
※この場合は送料、手数料は当店が負担いたします。
  </td>
    <td width=""307"" height=""62"" valign=""top""><span class=""style1"">■お支払い方法について<br>
    お支払いは楽天バンク、銀行振り込み、代金引換、クレジットがご利用いただけます。<br />
    <br>
    <span class=""style4"">※クレジットカードのセキュリティはSSLというシステムを利用しております。 カード番号は暗号化されて安全に送信されますので、どうぞご安心ください。<br />
    <img src=""http://image.rakuten.co.jp/_support-os/cabinet/visa.gif"" /> <img src=""http://image.rakuten.co.jp/_support-os/cabinet/mastercard.gif"" /> <img src=""http://image.rakuten.co.jp/_support-os/cabinet/jcb.gif"" /> <img src=""http://image.rakuten.co.jp/_support-os/cabinet/diners.gif"" /> <img src=""http://image.rakuten.co.jp/_support-os/cabinet/amex.gif"" /> <img src=""http://image.rakuten.co.jp/_support-os/cabinet/ginkou.gif"" width=""36"" height=""36"" /> <img src=""http://image.rakuten.co.jp/_support-os/cabinet/daibiki.gif"" width=""36"" height=""36"" /></span></span></td>
  </tr>
  
  <tr>
    <td valign=""top""><span class=""style1"">■楽天バンク決済<br>
楽天バンク決済手数料(税込)<br>
1円～29,999円　　<span class=""style2"">155円</span><br>
30,000円～　　　　<span class=""style2"">257円</span><br><br>

■代金引換 <br>
代引手数料料：全国一律料金： <span class=""style2"">324円</span><br>
<br>
■銀行振込<br>
ご入金確認後に発送いたします。<br>
振込手数料はお客様負担でお願い致します。<br>
<br>
【振込先】 楽天銀行（ラクテンギンコウ）楽天市場支店（ラクテンイチバシテン） 普通 1047070 ラクテン（ＡＳＱＵＩＳＳＥ 
<br>※この口座の権利は楽天株式会社が保有しています。 <br>
<br>
<span class=""style4"">※ポイントをご利用の場合等、楽天から自動で配信される確認メールの金額とお振込み時の金額が異なる場合がございます。
のちほど当店からお送りするメールに記載の金額をお振込みください。</span></span></td>
  </tr>
  <tr>
    <td colspan=""2"">&nbsp;</td>
  </tr>
</table>",【送料無料】アームチェア アーム付き 付属 チーク アウトドア エクステリア 屋外 椅子 イス いす ガーデン カフェ オシャレ かわいい 折りたたみ コンパクト ウッド 木 木製 レトロ ブラウン ナチュラル オイル 無垢材 シンプル：asquisse,【送料無料】アームチェア アーム付き 付属 チーク アウトドア エクステリア 屋外 椅子 イス いす ガーデン カフェ オシャレ かわいい 折りたたみ コンパクト ウッド 木 木製 レトロ ブラウン ナチュラル オイル 無垢材 シンプル,オイルで仕上げたチーク材の屋外用アームチェア。【送料無料】アームチェア アーム付き 付属 チーク アウトドア エクステリア 屋外 椅子 イス いす ガーデン カフェ オシャレ かわいい 折りたたみ コンパクト ウッド 木 木製 レトロ ブラウン ナチュラル オイル 無垢材 シンプル[rn]
