23-92201,http://tshop.r10s.jp/broad/cabinet/2016/jul_item/d0729-99a.jpg?fitin=700:700,624.0000,,スマートフォン・タブレット > スマートフォンアクセサリー > スマートフォンケース,【送料無料】反重力iPhoneケース 6/6s 6Plus/6sPlus アンチスリップ 滑り止め 自撮り セルフィー ◇RB-ZEROGRACASE【メール便対応】,様々な素材に吸着する素材をiPhoneケースに搭載!!,"<!-- ▼商品画像 -->
<center>
<div style=""margin:12px 0px; text-align:center;"">
<img src=""http://image.rakuten.co.jp/broad/cabinet/2016/jul_item/d0729-99a-01.jpg""><br>
<img src=""http://image.rakuten.co.jp/broad/cabinet/2016/jul_item/d0729-99a-02.jpg""><br>
<img src=""http://image.rakuten.co.jp/broad/cabinet/2016/jul_item/d0729-99a-03.jpg""><br>
<img src=""http://image.rakuten.co.jp/broad/cabinet/2016/jul_item/d0729-99a-04.jpg""><br>
</div>
</center>
<!-- ▲商品画像 -->

<!-- ▼注意事項 new -->
<center>
<div style=""width:850px; font-size:14px; color:#000000; text-align:left; font-weight:normal; margin:12px 0px; padding:5px; border:1px solid #000000; line-height:1.6em;"">
<div style=""color:#F00; text-align:left; font-size:14px; font-weight:bold; color:#000000; margin-bottom:5px; padding:5px;""><span style=""color:#FF0;"">◎ </span>ご注意事項 ＜ ご注文前に必ずお読みください ＞</div>
<ul style=""margin:-1; list-style-type:square; color:#000000; list-style-position:outside;"">
<li>クレジット決済・楽天バンク決済・楽天Edy決済のみメール便可能！</li>
<li>代金引換の場合、通常配送（755円）となります。</li>
<li>仕様は改善の為に予告なく変更する場合がございます。</li>
<li>当店はお取り寄せ品を取り扱っております。お取り寄せとなった場合、お届けまで3～4週間程度いただく場合がございます。メーカー完売の際はご容赦ください。</li>
</ul>
</div>
</center>
<!-- ▲注意事項 new --><!-- ▼商品説明 --> <center> <div style=""width:850px; border-bottom:#000000 1px solid; font-size:14px; color:#000000; text-align:left; font-weight:bold; margin-top:10px; line-height:1.5em; padding-left:10px;"">■商品説明</div> <div style=""width:850px; font-size:13px; color:#000000; text-align:left; font-weight:normal; line-height:1.5em; padding-left:10px; margin-top:5px;""><strong><font color=""#a10000"">クレジット決済・楽天バンク決済・楽天Edy決済のみメール便可能！<br>   代金引換の場合、通常配送（755円）となります。<br>   メール便なら送料無料!!</font><br>   <br></strong> 反重力が創りだす利便性を手に。<br> 次世代型iPhoneケース。<br><br>  ウッド、メタル、ダラス、ミラー、<br> ホーロー、タイル、ホワイトボード。<br><br>  様々な素材に吸着する素材をiPhoneケースに備え付けました。<br><br>  それによってもたらされる利便性は、<br> 新しいiPhoneの使い方をも生み出します。<br><br>  自撮り/セルフィー/会議中継/テレビ電話<br> 料理レシピの確認/タイマー/ストップウォッチなどに。<br><br>  保護力の高いシリコン製で、より堅実にiPhoneを守ります。<br><br>  商品仕様<br><br> カラー：ブラック、ホワイト<br> サイズ：iPhone6/6s用、iPhone6Plus/6sPlus用<br> 素材：シリコン他<br> 製造：中国<br><br>  ご注意事項<br> 本商品はケース背面の滑り止めによって機能しています。<br> ご使用の際は下記の点にご注意、ご了承ください。<br><br>  ※塵や埃、凹凸の無い平坦な面でご使用ください。<br> ※ご使用の環境（時間、場所、回数等）により吸着力が低下します。<br> 　その際にはケースを軽く水洗いし、乾燥させてください。<br><br>  ※iPhone本体は付属しておりません。<br> ※輸入商品のため小傷や汚れ等ある場合がございます。<br> ※商品の使用により生じた如何なる損害も、<br> 　弊社ではその一切の責任を負いかねます。<br> </div> </center> <!-- ▲商品説明 -->  <!-- ▼注意事項.1（取り寄せなど） --> <center> <div style=""width:828px; font-size:14px; color:#ff0000; text-align:center; font-weight:bold; margin:12px 0px; padding:10px; border:1px solid #000000; line-height:1.5em;"">※仕様・外観等は改善のため、予告なく変更される場合がございます。<br>  ※お取り寄せとなった場合、お届けまで3～4週間程度いただく場合がございます。<br> ※メーカー完売の際はご容赦ください。 </div> </center> <!-- ▲注意事項.1 -->  <!-- ▼送料テーブル --> <center> <table style=""width:850px; margin:10px 0px;"" cellpadding=""5"" cellspacing=""1"" border=""1"" bordercolor=""#aaaaaa""> <tbody style=""font-size: 13px;""> <tr> <td style=""color:#000000; text-align:center; width:16%; font-weight:bold;""> 送料 </td> <td style=""color:#000000; text-align:left; width:42%; width:35%;"">★メール便の場合、送料無料★<br>   通常送料 755円<br>   ※北海道は+215円UP、離島地域及び沖縄県は+860円UPにて承ります。</td> <td style=""color:#000000; text-align:left; width:42%; width:35%;"">★メール便は同梱不可です。★<br>   通常配送の場合、同梱可能ですがサイズ・重量で送料が可変致しますのでご了承下さい。</td> </tr> </tbody> </table> </center> <!-- ▲送料テーブル -->
<center>
<table width=""680"" border=""0"" cellpadding=""0"" cellspacing=""0"">
<tr>
<td><img src=""http://image.rakuten.co.jp/broad/cabinet/guide.jpg"" width=""860"" border=""0"" /></td>
</tr>
</table>
<table width=""680"" border=""0"" cellpadding=""0"" cellspacing=""0"">
<tr>
<td height=""20""></td>
</tr>
<tr>
<td><img src=""http://image.rakuten.co.jp/broad/cabinet/konpo.jpg"" alt=""梱包について"" border=""0"" /></td>
</tr>
</table>
</center>",【送料無料】反重力iPhoneケース 6/6s 6Plus/6sPlus アンチスリップ 滑り止め 自撮り セルフィー ◇RB-ZEROGRACASE【メール便対応】：ビーロード,カー用品ドライブレコーダーカーアクセサリーインテリア雑貨【送料無料】反重力iPhoneケース 6/6s 6Plus/6sPlus アンチスリップ 滑り止め 自撮り セルフィー ◇RB-ZEROGRACASE【メール便対応】,様々な素材に吸着する素材をiPhoneケースに搭載!!。【送料無料】反重力iPhoneケース 6/6s 6Plus/6sPlus アンチスリップ 滑り止め 自撮り セルフィー ◇RB-ZEROGRACASE【メール便対応】[rn]
23-92202,http://tshop.r10s.jp/auc-fineproject/cabinet/smart/imgrc0064316530.jpg?fitin=700:700,320.0000,,スマートフォン・タブレット > スマートフォンアクセサリー > スマートフォンケース,【アウトレット】Xperia Z2 Z3 Z4 Z5 TPUケース カバー 薄くて持ち心地抜群！【SO-01GSOL26401SOSO-03GSOV31402SOSO-01HSOV32501SO】【ポイント消化】【メール便送料無料】,XperiaZ3 XperiaZ4 XperiaZ5 エクスペリア エクスペディア,"<img src=""http://image.rakuten.co.jp/auc-fineproject/cabinet/smart/imgrc0064316528.jpg"" width=""100%"">
<img src=""http://image.rakuten.co.jp/auc-fineproject/cabinet/smart/imgrc0064004022.jpg"" width=""100%"">

<br>
<br>
<font size=6 color=red>こちらの商品は傷や汚れのあるアウトレット品のため、通常品よりも安い価格で販売しております。購入の際はご注意下さい。</font>
<br>
<br>
<center>
<iframe src=""http://www.rakuten.ne.jp/gold/auc-fineproject/ecstation/showcase/smart02.html"" name=""ichiran"" frameborder=""0"" width=""100%"" height=""550"">
この部分に表示されます</iframe>


</center>

<img src=""http://image.rakuten.co.jp/auc-fineproject/cabinet/03066339/img59200211.jpg""><br><br><br>
     <font size=""4""><font color=""#ff0000"" size=""4""><b>※買い物かごへ入れる際にご希望の配送方法をご選択ください。</b></font><br><br>

    ■【<font color=""#ff0000""><b><font size=""4""></font><font size=""4"">佐川メール便 (代引き不可)</font></font></b>】<br>
    <font size=""4""><font size=""4"">※メール便のため</font><font color=""#ff0000""><b>代引き発送</font></b><font size=""4"">はできませんのでご注意ください。<br>※配達目安　約2日～10日前後 ※配送時、破損保証なし</font></font><br>
    <br>

  ■【<font color=""#ff0000""><b><font size=""4""></font><font size=""4"">ネコポス (代引き不可) </b></font>　<font color=""#ff0000""><b>250円</b></font></font>】<br>
    <font size=""4""><font size=""4"">※</font><font color=""#ff0000""><b>代引き発送</font></b><font size=""4"">はできませんのでご注意ください。<br>※配達目安　約1日～3日前後 ※配送時、破損保証なし</font></font><br>
    <br>

    ■【<font color=""#ff0000"" size=""4""><b>佐川急便（代引き以外の決済の場合）</b></font>　<font color=""#ff0000""><b>送料は地域により異なります。</b></font>】<br>
      <font size=""4"">※日にち時間指定可能です。　離島の方は別途お見積もりをお出し致します。<br>
    ※通常配達目安　約1日～3日　※配送時、破損保証あり</font><br>
      <br>
      ■【<font color=""#ff0000"" size=""4""><b>佐川急便代引</b></font>　<font color=""#ff0000""><b>送料は地域により異なります。 + 代引手数料432円</b></font>】<br>
      <font size=""4"">※日にち時間指定可能です。　離島の方は別途お見積もりをお出し致します。<br>
    ※通常配達目安　約1日～3日 　※配送時、破損保証あり</font><br><br>
    </font>


<img src=""http://image.rakuten.co.jp/auc-fineproject/cabinet/smart/imgrc0063929031.jpg"" width=""490"" height=""220"" border=""0""><br><br><br>
XperiaZ4 XperiaZ3 XperiaZ5 iphone<br>エクスペリア ソニー sony スマホ カバー ケース スマートホン スマートフォン シリコン ハード",【アウトレット】Xperia Z2 Z3 Z4 Z5 TPUケース カバー 薄くて持ち心地抜群！【SO-01GSOL26401SOSO-03GSOV31402SOSO-01HSOV32501SO】【ポイント消化】【メール便送料無料】：Ｆｉｎｅ&rsquo; ｓ Ｆｉｎｅ,【アウトレット】Xperia Z2 Z3 Z4 Z5 TPUケース カバー 薄くて持ち心地抜群！【SO-01GSOL26401SOSO-03GSOV31402SOSO-01HSOV32501SO】【ポイント消化】【メール便送料無料】,XperiaZ3 XperiaZ4 XperiaZ5 エクスペリア エクスペディア。【アウトレット】Xperia Z2 Z3 Z4 Z5 TPUケース カバー 薄くて持ち心地抜群！【SO-01GSOL26401SOSO-03GSOV31402SOSO-01HSOV32501SO】【ポイント消化】【メール便送料無料】[rn]
23-92203,http://tshop.r10s.jp/auc-fineproject/cabinet/smart/imgrc0063935683.jpg?fitin=700:700,320.0000,,スマートフォン・タブレット > スマートフォンアクセサリー > スマートフォンケース,iPhone6 iPhone6s iPhone6plus iPhone6splus iPhone5 iPhone5s  TPUケース カバー薄くて持ち心地抜群！【ポイント消化】【メール便送料無料】,iphone5 iphone5s iphone6 iphone6plus クリア 透明,"<img src=""http://image.rakuten.co.jp/auc-fineproject/cabinet/smart/imgrc0063935689.jpg"" width=""100%""><br>
<img src=""http://image.rakuten.co.jp/auc-fineproject/cabinet/smart/imgrc0064002117.jpg"" width=""100%""><br>
<img src=""http://image.rakuten.co.jp/auc-fineproject/cabinet/smart/imgrc0063935915.jpg"" width=""100%""><br>
<img src=""http://image.rakuten.co.jp/auc-fineproject/cabinet/smart/imgrc0063935914.jpg"" width=""100%""><br>
<center>
<iframe src=""http://www.rakuten.ne.jp/gold/auc-fineproject/ecstation/showcase/smart02.html"" name=""ichiran"" frameborder=""0"" width=""100%"" height=""550"">
この部分に表示されます</iframe>


</center>
<img src=""http://image.rakuten.co.jp/auc-fineproject/cabinet/03066339/img59200211.jpg""><br><br><br>
     <font size=""4""><font color=""#ff0000"" size=""4""><b>※買い物かごへ入れる際にご希望の配送方法をご選択ください。</b></font><br><br>

    ■【<font color=""#ff0000""><b><font size=""4""></font><font size=""4"">佐川メール便 (代引き不可)</font></font></b>】<br>
    <font size=""4""><font size=""4"">※メール便のため</font><font color=""#ff0000""><b>代引き発送</font></b><font size=""4"">はできませんのでご注意ください。<br>※配達目安　約2日～10日前後 ※配送時、破損保証なし</font></font><br>
    <br>

  ■【<font color=""#ff0000""><b><font size=""4""></font><font size=""4"">ネコポス (代引き不可) </b></font>　<font color=""#ff0000""><b>250円</b></font></font>】<br>
    <font size=""4""><font size=""4"">※</font><font color=""#ff0000""><b>代引き発送</font></b><font size=""4"">はできませんのでご注意ください。<br>※配達目安　約1日～3日前後 ※配送時、破損保証なし</font></font><br>
    <br>

    ■【<font color=""#ff0000"" size=""4""><b>佐川急便（代引き以外の決済の場合）</b></font>　<font color=""#ff0000""><b>送料は地域により異なります。</b></font>】<br>
      <font size=""4"">※日にち時間指定可能です。　離島の方は別途お見積もりをお出し致します。<br>
    ※通常配達目安　約1日～3日　※配送時、破損保証あり</font><br>
      <br>
      ■【<font color=""#ff0000"" size=""4""><b>佐川急便代引</b></font>　<font color=""#ff0000""><b>送料は地域により異なります。 + 代引手数料432円</b></font>】<br>
      <font size=""4"">※日にち時間指定可能です。　離島の方は別途お見積もりをお出し致します。<br>
    ※通常配達目安　約1日～3日 　※配送時、破損保証あり</font><br><br>
    </font><img src=""http://image.rakuten.co.jp/auc-fineproject/cabinet/smart/imgrc0063929031.jpg"" width=""490"" height=""220"" border=""0""><br><br><br>
iphone5 iphone5s iphone6 iphone6s iphone6plus  apple アップル アイホン5 アイフォン5  アイホン6 アイフォン6 スマートフォン スマートホン スマホ ケース カバー シリコン ハード",iPhone6 iPhone6s iPhone6plus iPhone6splus iPhone5 iPhone5s  TPUケース カバー薄くて持ち心地抜群！【ポイント消化】【メール便送料無料】：Ｆｉｎｅ&rsquo; ｓ Ｆｉｎｅ,iPhone6 iPhone6s iPhone6plus iPhone6splus iPhone5 iPhone5s  TPUケース カバー薄くて持ち心地抜群！【ポイント消化】【メール便送料無料】,iphone5 iphone5s iphone6 iphone6plus クリア 透明。iPhone6 iPhone6s iPhone6plus iPhone6splus iPhone5 iPhone5s  TPUケース カバー薄くて持ち心地抜群！【ポイント消化】【メール便送料無料】[rn]
23-92204,http://tshop.r10s.jp/auc-fineproject/cabinet/smart/imgrc0063935682.jpg?fitin=700:700,320.0000,,スマートフォン・タブレット > スマートフォンアクセサリー > スマートフォンケース,【アウトレット】Galaxy S5/S6/S6edge TPUケース カバー薄くて持ち心地抜群！【SC-04GSC-05GSC-04FSCL23SCV31404SC】【ポイント消化】【メール便送料無料】,GalaxyS5 GalaxyS6 GalaxyS6edge ギャラクシー,"<img src=""http://image.rakuten.co.jp/auc-fineproject/cabinet/smart/imgrc0063935685.jpg"" width=""100%"">
<img src=""http://image.rakuten.co.jp/auc-fineproject/cabinet/smart/imgrc0063959566.jpg"" width=""100%"">
<img src=""http://image.rakuten.co.jp/auc-fineproject/cabinet/smart/imgrc0063935913.jpg"" width=""100%"">
<img src=""http://image.rakuten.co.jp/auc-fineproject/cabinet/smart/imgrc0063935912.jpg"" width=""100%"">

<font size=6 color=red>こちらの商品は傷や汚れのあるアウトレット品のため、通常品よりも安い価格で販売しております。購入の際はご注意下さい。</font>
<center>
<iframe src=""http://www.rakuten.ne.jp/gold/auc-fineproject/ecstation/showcase/smart02.html"" name=""ichiran"" frameborder=""0"" width=""100%"" height=""550"">
この部分に表示されます</iframe>


</center>
<img src=""http://image.rakuten.co.jp/auc-fineproject/cabinet/03066339/img59200211.jpg""><br><br><br>
     <font size=""4""><font color=""#ff0000"" size=""4""><b>※買い物かごへ入れる際にご希望の配送方法をご選択ください。</b></font><br><br>

    ■【<font color=""#ff0000""><b><font size=""4""></font><font size=""4"">佐川メール便 (代引き不可)</font></font></b>】<br>
    <font size=""4""><font size=""4"">※メール便のため</font><font color=""#ff0000""><b>代引き発送</font></b><font size=""4"">はできませんのでご注意ください。<br>※配達目安　約2日～10日前後 ※配送時、破損保証なし</font></font><br>
    <br>

  ■【<font color=""#ff0000""><b><font size=""4""></font><font size=""4"">ネコポス (代引き不可) </b></font>　<font color=""#ff0000""><b>250円</b></font></font>】<br>
    <font size=""4""><font size=""4"">※</font><font color=""#ff0000""><b>代引き発送</font></b><font size=""4"">はできませんのでご注意ください。<br>※配達目安　約1日～3日前後 ※配送時、破損保証なし</font></font><br>
    <br>

    ■【<font color=""#ff0000"" size=""4""><b>佐川急便（代引き以外の決済の場合）</b></font>　<font color=""#ff0000""><b>送料は地域により異なります。</b></font>】<br>
      <font size=""4"">※日にち時間指定可能です。　離島の方は別途お見積もりをお出し致します。<br>
    ※通常配達目安　約1日～3日　※配送時、破損保証あり</font><br>
      <br>
      ■【<font color=""#ff0000"" size=""4""><b>佐川急便代引</b></font>　<font color=""#ff0000""><b>送料は地域により異なります。 + 代引手数料432円</b></font>】<br>
      <font size=""4"">※日にち時間指定可能です。　離島の方は別途お見積もりをお出し致します。<br>
    ※通常配達目安　約1日～3日 　※配送時、破損保証あり</font><br><br>
    </font><img src=""http://image.rakuten.co.jp/auc-fineproject/cabinet/smart/imgrc0063929031.jpg"" width=""490"" height=""220"" border=""0""><br><br><br>
GalaxyS5 GalaxyS6 GalaxyS6edge iphone <br>ギャラクシー サムスン sumsung スマホ スマートホン スマートフォン シリコン ハード",【アウトレット】Galaxy S5/S6/S6edge TPUケース カバー薄くて持ち心地抜群！【SC-04GSC-05GSC-04FSCL23SCV31404SC】【ポイント消化】【メール便送料無料】：Ｆｉｎｅ&rsquo; ｓ Ｆｉｎｅ,【アウトレット】Galaxy S5/S6/S6edge TPUケース カバー薄くて持ち心地抜群！【SC-04GSC-05GSC-04FSCL23SCV31404SC】【ポイント消化】【メール便送料無料】,GalaxyS5 GalaxyS6 GalaxyS6edge ギャラクシー。【アウトレット】Galaxy S5/S6/S6edge TPUケース カバー薄くて持ち心地抜群！【SC-04GSC-05GSC-04FSCL23SCV31404SC】【ポイント消化】【メール便送料無料】[rn]
23-92205,http://tshop.r10s.jp/auc-fineproject/cabinet/smart/imgrc0063935976.jpg?fitin=700:700,400.0000,,スマートフォン・タブレット > スマートフォンアクセサリー > スマートフォンケース,iPhone 5 iphone5s iphone 4 iphome4sアルミバンパー アルミニウム  ケース カバー 薄い アイフォン アイホン スマホケース おしゃれ ハード 人気持ち心地抜群！【メール便送料無料】【ポイント消化】【ポイント10倍】10P05Dec15,iPhoneケースが大特価!!,"<img src=""http://image.rakuten.co.jp/auc-fineproject/cabinet/smart/imgrc0063932154.jpg"" width=""100%""><br>
<img src=""http://image.rakuten.co.jp/auc-fineproject/cabinet/smart/imgrc0063932155.jpg"" width=""100%""><br>
<img src=""http://image.rakuten.co.jp/auc-fineproject/cabinet/smart/imgrc0063938395.jpg"" width=""100%""><br>
<center>
<iframe src=""http://www.rakuten.ne.jp/gold/auc-fineproject/ecstation/showcase/smart02.html"" name=""ichiran"" frameborder=""0"" width=""100%"" height=""550"">
この部分に表示されます</iframe>


</center>
<img src=""http://image.rakuten.co.jp/auc-fineproject/cabinet/03066339/img59200211.jpg""><br><br><br>
     <font size=""4""><font color=""#ff0000"" size=""4""><b>※買い物かごへ入れる際にご希望の配送方法をご選択ください。</b></font><br><br>

    ■【<font color=""#ff0000""><b><font size=""4""></font><font size=""4"">佐川メール便 (代引き不可)</font></font></b>】<br>
    <font size=""4""><font size=""4"">※メール便のため</font><font color=""#ff0000""><b>代引き発送</font></b><font size=""4"">はできませんのでご注意ください。<br>※配達目安　約2日～10日前後 ※配送時、破損保証なし</font></font><br>
    <br>

  ■【<font color=""#ff0000""><b><font size=""4""></font><font size=""4"">ネコポス (代引き不可) </b></font>　<font color=""#ff0000""><b>250円</b></font></font>】<br>
    <font size=""4""><font size=""4"">※</font><font color=""#ff0000""><b>代引き発送</font></b><font size=""4"">はできませんのでご注意ください。<br>※配達目安　約1日～3日前後 ※配送時、破損保証なし</font></font><br>
    <br>

    ■【<font color=""#ff0000"" size=""4""><b>佐川急便（代引き以外の決済の場合）</b></font>　<font color=""#ff0000""><b>送料は地域により異なります。</b></font>】<br>
      <font size=""4"">※日にち時間指定可能です。　離島の方は別途お見積もりをお出し致します。<br>
    ※通常配達目安　約1日～3日　※配送時、破損保証あり</font><br>
      <br>
      ■【<font color=""#ff0000"" size=""4""><b>佐川急便代引</b></font>　<font color=""#ff0000""><b>送料は地域により異なります。 + 代引手数料432円</b></font>】<br>
      <font size=""4"">※日にち時間指定可能です。　離島の方は別途お見積もりをお出し致します。<br>
    ※通常配達目安　約1日～3日 　※配送時、破損保証あり</font><br><br>
    </font><img src=""http://image.rakuten.co.jp/auc-fineproject/cabinet/smart/imgrc0063929031.jpg"" width=""490"" height=""220"" border=""0""><br><br><br>
iphone iphone5 iphone5s iphone6 iphone6s iphone6plus  apple アップル アイホン4 アイフォン4 アイホン5 アイフォン5  スマートフォン スマートホン スマホ ケース カバー シリコン ハード",iPhone 5 iphone5s iphone 4 iphome4sアルミバンパー アルミニウム  ケース カバー 薄い アイフォン アイホン スマホケース おしゃれ ハード 人気持ち心地抜群！【メール便送料無料】【ポイント消化】【ポイント10倍】10P05Dec15：Ｆｉｎｅ&rsquo; ｓ Ｆｉｎｅ,iPhone 5 iphone5s iphone 4 iphome4sアルミバンパー アルミニウム  ケース カバー 薄い アイフォン アイホン スマホケース おしゃれ ハード 人気持ち心地抜群！【メール便送料無料】【ポイント消化】【ポイント10倍】10P05Dec15,iPhoneケースが大特価!!。iPhone 5 iphone5s iphone 4 iphome4sアルミバンパー アルミニウム  ケース カバー 薄い アイフォン アイホン スマホケース おしゃれ ハード 人気持ち心地抜群！【メール便送料無料】【ポイント消化】【ポイント10倍】10P05Dec15[rn]
23-92206,http://tshop.r10s.jp/gadget-gourmet/cabinet/3nrk10.jpg?fitin=700:700,400.0000,,スマートフォン・タブレット > スマートフォンアクセサリー > スマートフォンケース,【セットでお得】【送料無料】iPhone 5/5S/SE用　ケース2個　保護フィルム　詰め合わせ　3点セット！,iPhone5 iPhone5S　メタル　バンパーケース　ソフトケース,"<div class='ev1spwrp'><style><!--.ev1spwrp div,.ev1spwrp img,.ev1spwrp table,.ev1spwrp tr,.ev1spwrp td{width:auto;height:auto;padding:0;margin:0;overflow:hidden}.ev1spwrp td{float:none !important}.ev1spwrp,.ev1spwrp div,.ev1spwrp div h3,.ev1spwrp div p{display:block}.ev1spwrp div table{display:table;width:auto;height:auto;padding:0;margin:0;border-spacing:0}.ev1spwrp div table tr,.ev1spwrp div table tbody tr{display:table-row}.ev1spwrp div table tr td,.ev1spwrp div table tbody tr td{display:table-cell;float:none !important;vertical-align:top}.ev1spwrp table table{width:100%}.ev1spwrp,.ev1spwrp th,.ev1spwrp td{color:#000000;font-size:16px !important;font-family:'ヒラギノ角ゴ Pro W3','Hiragino Kaku Gothic Pro',メイリオ,Meiryo,Osaka,'ＭＳ Ｐゴシック','MS PGothic',sans-serif;text-align:center}.ev1spwrp div h3,.ev1spwrp div p,.ev1spwrp strong{word-wrap:break-word;word-break:break-all;padding:0;margin-top:0.5em;margin-bottom:0.5em;line-height:1.4;text-align:left;overflow:visible}.ev1spwrp div h3,.ev1spwrp strong{font-size:117%;}.ev1spim{vertical-align:top}.ev1spwrp div.ev1spim{margin-left:auto;margin-right:auto;text-align:center}.ev1spwrp p.ev1spim{text-align:center}.ev1spwrp div img,.ev1spwrp div a img{border:none;vertical-align:bottom}.ev1spwrp div,.ev1spwrp table {height:auto}.ev1spwrp div{overflow:hidden}.ev1spwrp div div{overflow:visible}.ev1spwrp > div:after,.ev1spwrp > table:after {content:"""";display:block;height:0;clear:both;visibility:hidden}.ev1spwrp{width:710px;height:auto;background:#ffffff;margin-left:auto;margin-right:auto;padding:0}#ev1spb0,#ev1spb1,#ev1spb2,#ev1spb3{background:transparent;padding:0}#ev1spb0 table,#ev1spb1 table,#ev1spb2 table,#ev1spb3 table{border-spacing:10px;margin:-10px;width:730px}#ev1spc0,#ev1spc1,#ev1spc2,#ev1spc3{width:710px;background:transparent;border:solid #000000 0;padding:0}.ev1spim{width:100%;height:auto}--></style><!--[if gte IE 6.0]><style>.ev1spwrp,.ev1spwrp div,.ev1spwrp h3,.ev1spwrp p,.ev1spwrp th,.ev1spwrp td{zoom:1}.ev1spwrp,.ev1spwrp th,.ev1spwrp td{font-size:16px !important}.ev1spwrp{width:710px}#ev1spc0,#ev1spc1,#ev1spc2,#ev1spc3{width:710px}</style><![endif]--><div id=""ev1spb0""><table cellspacing=""10""><tr><td id=""ev1spc0""><div class=""ev1spim""><img src=""gadget-gourmet/cabinet/3nrk10.jpg""></div></table></div><div id=""ev1spb1""><table cellspacing=""10""><tr><td id=""ev1spc1""><div class=""ev1spim""><img src=""gadget-gourmet/cabinet/3nrk11.jpg""></div></table></div><div id=""ev1spb2""><table cellspacing=""10""><tr><td id=""ev1spc2""><div class=""ev1spim""><img src=""gadget-gourmet/cabinet/3nrk12.jpg""></div></table></div><div id=""ev1spb3""><table cellspacing=""10""><tr><td id=""ev1spc3""><div class=""ev1spim""><img src=""gadget-gourmet/cabinet/3nrk13.jpg""></div></table></div></div><p></p>",【セットでお得】【送料無料】iPhone 5/5S/SE用　ケース2個　保護フィルム　詰め合わせ　3点セット！：福袋専門店　七福ふくふく福袋,福袋アイフォンケース充電器iphoneヘアアイロンスマホスマートフォンスマートホンiPhoneブラホックバッテリーチャージャーグローブ【セットでお得】【送料無料】iPhone 5/5S/SE用　ケース2個　保護フィルム　詰め合わせ　3点セット！,iPhone5 iPhone5S　メタル　バンパーケース　ソフトケース。【セットでお得】【送料無料】iPhone 5/5S/SE用　ケース2個　保護フィルム　詰め合わせ　3点セット！[rn]
23-92207,http://tshop.r10s.jp/gadget-gourmet/cabinet/4prk3h.jpg?fitin=700:700,800.0000,,スマートフォン・タブレット > スマートフォンアクセサリー > スマートフォンケース,【送料無料　1000円ポッキリ！】iPhone ケース 6s 6 5SE 5s  選べる　福袋　充電器 ケーブル　ケース付き 11点セット！　予約　レディース　メンズ　おすすめ　おススメ　ネタバレ　2016年　雑貨,iPhone6 ケース iPhone5 ケーブル/充電器/イヤホン,"<div class='gf3spwrp'><style><!--.gf3spwrp div,.gf3spwrp img,.gf3spwrp table,.gf3spwrp tr,.gf3spwrp td{width:auto;height:auto;padding:0;margin:0;overflow:hidden}.gf3spwrp td{float:none !important}.gf3spwrp,.gf3spwrp div,.gf3spwrp div h3,.gf3spwrp div p{display:block}.gf3spwrp div table{display:table;width:auto;height:auto;padding:0;margin:0;border-spacing:0}.gf3spwrp div table tr,.gf3spwrp div table tbody tr{display:table-row}.gf3spwrp div table tr td,.gf3spwrp div table tbody tr td{display:table-cell;float:none !important;vertical-align:top}.gf3spwrp table table{width:100%}.gf3spwrp,.gf3spwrp th,.gf3spwrp td{color:#000000;font-size:16px !important;font-family:'ヒラギノ角ゴ Pro W3','Hiragino Kaku Gothic Pro',メイリオ,Meiryo,Osaka,'ＭＳ Ｐゴシック','MS PGothic',sans-serif;text-align:center}.gf3spwrp div h3,.gf3spwrp div p,.gf3spwrp strong{word-wrap:break-word;word-break:break-all;padding:0;margin-top:0.5em;margin-bottom:0.5em;line-height:1.4;text-align:left;overflow:visible}.gf3spwrp div h3,.gf3spwrp strong{font-size:117%;}.gf3spim{vertical-align:top}.gf3spwrp div.gf3spim{margin-left:auto;margin-right:auto;text-align:center}.gf3spwrp p.gf3spim{text-align:center}.gf3spwrp div img,.gf3spwrp div a img{border:none;vertical-align:bottom}.gf3spwrp div,.gf3spwrp table {height:auto}.gf3spwrp div{overflow:hidden}.gf3spwrp div div{overflow:visible}.gf3spwrp > div:after,.gf3spwrp > table:after {content:"""";display:block;height:0;clear:both;visibility:hidden}.gf3spwrp{width:710px;height:auto;background:#FFFFFF;margin-left:auto;margin-right:auto;padding:0}#gf3spb0{background:transparent;padding:2px 0}#gf3spb0 table,#gf3spb1 table,#gf3spb2 table,#gf3spb3 table,#gf3spb4 table,#gf3spb6 table,#gf3spb7 table,#gf3spb8 table,#gf3spb9 table,#gf3spba table,#gf3spbb table,#gf3spbc table,#gf3spbd table,#gf3spbe table{border-spacing:10px;margin:-10px;width:730px}#gf3spc0,#gf3spc1,#gf3spc2,#gf3spc9,#gf3spca,#gf3spcb,#gf3spcc,#gf3spcd,#gf3spce,#gf3spcf,#gf3spcg{width:710px;background:transparent;border:solid #000000 0;padding:0}.gf3spim{width:100%;height:auto}#gf3spb1{background:transparent;padding:0 0 5px}#gf3spb2,#gf3spb9,#gf3spbe{background:transparent;padding:0}#gf3spb3{background:#ffffff;padding:5px 0}#gf3spc3,#gf3spc4,#gf3spc5,#gf3spc6{width:350px;background:transparent;border:solid #000000 0;padding:0}#gf3spc3,#gf3spc5{margin-right:10px}#gf3spc3 .gf3spim,#gf3spc4 .gf3spim,#gf3spc5 .gf3spim,#gf3spc6 .gf3spim{width:350px;height:350px}#gf3spb4,#gf3spb5,#gf3spb6,#gf3spb7,#gf3spb8,#gf3spba,#gf3spbb,#gf3spbc,#gf3spbd{background:transparent;padding:5px 0}#gf3spb5 table{border-spacing:5px;margin:-5px;width:720px}#gf3spc7{width:353px;background:transparent;border:solid #000000 0;padding:0}#gf3spc7{margin-right:5px}#gf3spc7 .gf3spim,#gf3spc8 .gf3spim{width:350px;height:250px}#gf3spc8{width:352px;background:transparent;border:solid #000000 0;padding:0}#gf3spch{width:710px;background:#ff9999;border:solid #cccccc 0;padding:0}.gf3spwrp .gf3sps0{text-align:center}.spftcmc{font-family:Comic Sans MS,cursive}--></style><!--[if gte IE 6.0]><style>.gf3spwrp,.gf3spwrp div,.gf3spwrp h3,.gf3spwrp p,.gf3spwrp th,.gf3spwrp td{zoom:1}.gf3spwrp,.gf3spwrp th,.gf3spwrp td{font-size:16px !important}.gf3spwrp{width:710px}#gf3spc0,#gf3spc1,#gf3spc2,#gf3spc9,#gf3spca,#gf3spcb,#gf3spcc,#gf3spcd,#gf3spce,#gf3spcf,#gf3spcg,#gf3spch{width:710px}#gf3spc3,#gf3spc4,#gf3spc5,#gf3spc6{width:350px}#gf3spc7{width:353px}#gf3spc8{width:352px}</style><![endif]--><div id=""gf3spb0""><table cellspacing=""10""><tr><td id=""gf3spc0""><div class=""gf3spim""><img src=""gadget-gourmet/cabinet/4prk31.jpg""></div></table></div><div id=""gf3spb1""><table cellspacing=""10""><tr><td id=""gf3spc1""><div class=""gf3spim""><img src=""gadget-gourmet/cabinet/4prk33.jpg""></div></table></div><div id=""gf3spb2""><table cellspacing=""10""><tr><td id=""gf3spc2""><div class=""gf3spim""><img src=""gadget-gourmet/cabinet/4prk34.jpg""></div></table></div><div id=""gf3spb3""><table cellspacing=""10""><tr><td id=""gf3spc3""><div class=""gf3spim""><img src=""gadget-gourmet/cabinet/4prk35.jpg""></div><p class=""gf3sps0"">カラフル　フラットタイプ　<br>iPhone用　充電ケーブル　　1ｍ　２個<br><td id=""gf3spc4""><div class=""gf3spim""><img src=""gadget-gourmet/cabinet/4prk36.jpg""></div><p class=""gf3sps0"">　　　USB 充電器　　<br>　１ポートタイプ　２個<br></table></div><div id=""gf3spb4""><table cellspacing=""10""><tr><td id=""gf3spc5""><div class=""gf3spim""><img src=""gadget-gourmet/cabinet/4prk37.jpg""></div><p class=""gf3sps0"">iPhone用<br>音楽コントローラー付き<br>　　　　　イヤホン　　１個　　　　<span class=""spftcmc""><br></span><td id=""gf3spc6""><div class=""gf3spim""><img src=""gadget-gourmet/cabinet/4prk38.jpg""></div><p class=""gf3sps0"">iPhone用　液晶保護シート　１個<br>お選びいただいた機種に合った液晶シートをお送りいたします<span class=""spftcmc""><br></span></table></div><div id=""gf3spb5""><table cellspacing=""5""><tr><td id=""gf3spc7""><div class=""gf3spim""><img src=""gadget-gourmet/cabinet/4prk39.jpg""></div><p class=""gf3sps0"">iPhone 用 <br>防塵ガード（イヤホン＆コネクタカバー）　<br>透明タイプ　１セット<br>黒タイプ　　 １セット<span class=""spftcmc""><br></span><td id=""gf3spc8""><div class=""gf3spim""><img src=""gadget-gourmet/cabinet/4prk3a.jpg""></div><p class=""gf3sps0""><br>イヤホンジャックストラップ型<br>　　　　　　タッチペン　　　　　　<br>　２本　<br></table></div><div id=""gf3spb6""><table cellspacing=""10""><tr><td id=""gf3spc9""><div class=""gf3spim""><img src=""gadget-gourmet/cabinet/4prk3b.jpg""></div></table></div><div id=""gf3spb7""><table cellspacing=""10""><tr><td id=""gf3spca""><div class=""gf3spim""><img src=""gadget-gourmet/cabinet/4prk3c.jpg""></div></table></div><div id=""gf3spb8""><table cellspacing=""10""><tr><td id=""gf3spcb""><div class=""gf3spim""><img src=""gadget-gourmet/cabinet/4prk3d.jpg""></div></table></div><div id=""gf3spb9""><table cellspacing=""10""><tr><td id=""gf3spcc""><div class=""gf3spim""><img src=""gadget-gourmet/cabinet/4prk3e.jpg""></div></table></div><div id=""gf3spba""><table cellspacing=""10""><tr><td id=""gf3spcd""><div class=""gf3spim""><img src=""gadget-gourmet/cabinet/4prk3f.jpg""></div></table></div><div id=""gf3spbb""><table cellspacing=""10""><tr><td id=""gf3spce""><div class=""gf3spim""><img src=""gadget-gourmet/cabinet/4prk3g.jpg""></div></table></div><div id=""gf3spbc""><table cellspacing=""10""><tr><td id=""gf3spcf""><div class=""gf3spim""><img src=""gadget-gourmet/cabinet/4prk3h.jpg""></div></table></div><div id=""gf3spbd""><table cellspacing=""10""><tr><td id=""gf3spcg""><div class=""gf3spim""><img src=""gadget-gourmet/cabinet/4prk3i.jpg""></div></table></div><div id=""gf3spbe""><table cellspacing=""10""><tr><td id=""gf3spch""><p class=""gf3sps0""><b><font color=""#FFFFFF"">充電ケーブル について <br><br>iPhone用充電ケーブルはiPhone 各種 iPhone6s/6/iPhone 6plus/<br>iPhone5などアイフォン関連にお使いいただけます。<br> <br>iOS9　動作確認済みです</font></b><br></table></div></div><p></p>",【送料無料　1000円ポッキリ！】iPhone ケース 6s 6 5SE 5s  選べる　福袋　充電器 ケーブル　ケース付き 11点セット！　予約　レディース　メンズ　おすすめ　おススメ　ネタバレ　2016年　雑貨：福袋専門店　七福ふくふく福袋,福袋アイフォンケース充電器iphoneヘアアイロンスマホスマートフォンスマートホンiPhoneブラホックバッテリーチャージャーグローブ【送料無料　1000円ポッキリ！】iPhone ケース 6s 6 5SE 5s  選べる　福袋　充電器 ケーブル　ケース付き 11点セット！　予約　レディース　メンズ　おすすめ　おススメ　ネタバレ　2016年　雑貨,iPhone6 ケース iPhone5 ケーブル/充電器/イヤホン。【送料無料　1000円ポッキリ！】iPhone ケース 6s 6 5SE 5s  選べる　福袋　充電器 ケーブル　ケース付き 11点セット！　予約　レディース　メンズ　おすすめ　おススメ　ネタバレ　2016年　雑貨[rn]
23-92208,http://tshop.r10s.jp/gadget-gourmet/cabinet/img65376229.jpg?fitin=700:700,704.0000,,スマートフォン・タブレット > スマートフォンアクセサリー > スマートフォンケース,【送料無料！】【全８色】iPhone 5SE 5/5s アルミケース 保護フィルム付き！　motomo　METAL CASE iPhone5  メタルケース アイフォン5,人気のハードアルミケース！,"<div class='cc3spwrp'><style><!--.cc3spwrp div,.cc3spwrp img,.cc3spwrp table,.cc3spwrp tr,.cc3spwrp td{width:auto;height:auto;padding:0;margin:0;overflow:hidden}.cc3spwrp td{float:none !important}.cc3spwrp,.cc3spwrp div,.cc3spwrp div h3,.cc3spwrp div p{display:block}.cc3spwrp div table{display:table;width:auto;height:auto;padding:0;margin:0;border-spacing:0}.cc3spwrp div table tr,.cc3spwrp div table tbody tr{display:table-row}.cc3spwrp div table tr td,.cc3spwrp div table tbody tr td{display:table-cell;float:none !important;vertical-align:top}.cc3spwrp table table{width:100%}.cc3spwrp,.cc3spwrp th,.cc3spwrp td{color:#000000;font-size:16px !important;font-family:'ヒラギノ角ゴ Pro W3','Hiragino Kaku Gothic Pro',メイリオ,Meiryo,Osaka,'ＭＳ Ｐゴシック','MS PGothic',sans-serif;text-align:center}.cc3spwrp div h3,.cc3spwrp div p,.cc3spwrp strong{word-wrap:break-word;word-break:break-all;padding:0;margin-top:0.5em;margin-bottom:0.5em;line-height:1.4;text-align:left;overflow:visible}.cc3spwrp div h3,.cc3spwrp strong{font-size:117%;}.cc3spim{vertical-align:top}.cc3spwrp div.cc3spim{margin-left:auto;margin-right:auto;text-align:center}.cc3spwrp p.cc3spim{text-align:center}.cc3spwrp div img,.cc3spwrp div a img{border:none;vertical-align:bottom}.cc3spwrp div,.cc3spwrp table {height:auto}.cc3spwrp div{overflow:hidden}.cc3spwrp div div{overflow:visible}.cc3spwrp > div:after,.cc3spwrp > table:after {content:"""";display:block;height:0;clear:both;visibility:hidden}.cc3spwrp{width:710px;height:auto;background:#FFFFFF;margin-left:auto;margin-right:auto;padding:0}#cc3spb0,#cc3spb1,#cc3spb2,#cc3spb3,#cc3spb4,#cc3spb5,#cc3spb6{background:transparent;padding:0}#cc3spb0 table,#cc3spb1 table,#cc3spb2 table,#cc3spb3 table,#cc3spb4 table,#cc3spb5 table,#cc3spb6 table{border-spacing:10px;margin:-10px;width:730px}#cc3spc0,#cc3spc2,#cc3spc4{width:710px;background:transparent;border:solid #000000 0;padding:0}.cc3spim{width:100%;height:auto}#cc3spc1,#cc3spc3,#cc3spc5{width:710px;background:#cccccc;border:solid #000000 0;padding:0}#cc3spc6{width:710px;background:#ff33ff;border:solid #000000 0;padding:0}--></style><!--[if gte IE 6.0]><style>.cc3spwrp,.cc3spwrp div,.cc3spwrp h3,.cc3spwrp p,.cc3spwrp th,.cc3spwrp td{zoom:1}.cc3spwrp,.cc3spwrp th,.cc3spwrp td{font-size:16px !important}.cc3spwrp{width:710px}#cc3spc0,#cc3spc1,#cc3spc2,#cc3spc3,#cc3spc4,#cc3spc5,#cc3spc6{width:710px}</style><![endif]--><div id=""cc3spb0""><table cellspacing=""10""><tr><td id=""cc3spc0""><div class=""cc3spim""><img src=""gadget-gourmet/cabinet/1krk30.jpg""></div></table></div><div id=""cc3spb1""><table cellspacing=""10""><tr><td id=""cc3spc1""><p><font color=""#FF00FF""size=""6"">iPhone5/5s対応　</font><br><font color=""#FF00FF""size=""6"">アルミメタルケースがお求めやすい価格で！<br>カラーバリエーションも豊富な8種類！　<br><br>嬉しい送料無料　1280円</font><br></table></div><div id=""cc3spb2""><table cellspacing=""10""><tr><td id=""cc3spc2""><div class=""cc3spim""><img src=""gadget-gourmet/cabinet/1krk31.jpg""></div></table></div><div id=""cc3spb3""><table cellspacing=""10""><tr><td id=""cc3spc3""><p><font color=""#FF33FF""size=""4""><b>以上の8種類からお選びいただけます<br>（ご注文の際はカラーを今一度お確かめるようお願いいたします）</b></font><font size=""6""><font color=""#FF33FF""size=""4""><b>　</b></font></font><br></table></div><div id=""cc3spb4""><table cellspacing=""10""><tr><td id=""cc3spc4""><div class=""cc3spim""><img src=""gadget-gourmet/cabinet/1krk32.jpg""></div></table></div><div id=""cc3spb5""><table cellspacing=""10""><tr><td id=""cc3spc5""><p><font color=""#FF33FF""size=""5"">シンプルかつスタイリッシュに。。。<br><br>送料無料！　1280円</font></table></div><div id=""cc3spb6""><table cellspacing=""10""><tr><td id=""cc3spc6""><p><font size=""5"">さらに今なら！<br><br>液晶保護シートもおまけで付けちゃいます！</font><br></table></div></div><p></p>",【送料無料！】【全８色】iPhone 5SE 5/5s アルミケース 保護フィルム付き！　motomo　METAL CASE iPhone5  メタルケース アイフォン5：福袋専門店　七福ふくふく福袋,福袋アイフォンケース充電器iphoneヘアアイロンスマホスマートフォンスマートホンiPhoneブラホックバッテリーチャージャーグローブ【送料無料！】【全８色】iPhone 5SE 5/5s アルミケース 保護フィルム付き！　motomo　METAL CASE iPhone5  メタルケース アイフォン5,人気のハードアルミケース！。【送料無料！】【全８色】iPhone 5SE 5/5s アルミケース 保護フィルム付き！　motomo　METAL CASE iPhone5  メタルケース アイフォン5[rn]
23-92209,http://tshop.r10s.jp/gadget-gourmet/cabinet/img65377743.jpg?fitin=700:700,1184.0000,,スマートフォン・タブレット > スマートフォンアクセサリー > スマートフォンケース,【送料無料！】【全４色】iPhone 5S/5 レザーケース　保護フィルム付き！　【革　アイフォン5s アイフォン5 カバー iphone5s ポケット　ケース スマートフォン  携帯電話 スマホ case 】,suicaや免許も入るポケット付！,"<div class='cb3spwrp'><style><!--.cb3spwrp div,.cb3spwrp img,.cb3spwrp table,.cb3spwrp tr,.cb3spwrp td{width:auto;height:auto;padding:0;margin:0;overflow:hidden}.cb3spwrp td{float:none !important}.cb3spwrp,.cb3spwrp div,.cb3spwrp div h3,.cb3spwrp div p{display:block}.cb3spwrp div table{display:table;width:auto;height:auto;padding:0;margin:0;border-spacing:0}.cb3spwrp div table tr,.cb3spwrp div table tbody tr{display:table-row}.cb3spwrp div table tr td,.cb3spwrp div table tbody tr td{display:table-cell;float:none !important;vertical-align:top}.cb3spwrp table table{width:100%}.cb3spwrp,.cb3spwrp th,.cb3spwrp td{color:#000000;font-size:16px !important;font-family:'ヒラギノ角ゴ Pro W3','Hiragino Kaku Gothic Pro',メイリオ,Meiryo,Osaka,'ＭＳ Ｐゴシック','MS PGothic',sans-serif;text-align:center}.cb3spwrp div h3,.cb3spwrp div p,.cb3spwrp strong{word-wrap:break-word;word-break:break-all;padding:0;margin-top:0.5em;margin-bottom:0.5em;line-height:1.4;text-align:left;overflow:visible}.cb3spwrp div h3,.cb3spwrp strong{font-size:117%;}.cb3spim{vertical-align:top}.cb3spwrp div.cb3spim{margin-left:auto;margin-right:auto;text-align:center}.cb3spwrp p.cb3spim{text-align:center}.cb3spwrp div img,.cb3spwrp div a img{border:none;vertical-align:bottom}.cb3spwrp div,.cb3spwrp table {height:auto}.cb3spwrp div{overflow:hidden}.cb3spwrp div div{overflow:visible}.cb3spwrp > div:after,.cb3spwrp > table:after {content:"""";display:block;height:0;clear:both;visibility:hidden}.cb3spwrp{width:710px;height:auto;background:#FFFFFF;margin-left:auto;margin-right:auto;padding:0}#cb3spb0,#cb3spb1,#cb3spb2,#cb3spb3,#cb3spb4,#cb3spb5{background:transparent;padding:0}#cb3spb0 table,#cb3spb1 table,#cb3spb2 table,#cb3spb3 table,#cb3spb4 table,#cb3spb5 table,#cb3spb6 table{border-spacing:10px;margin:-10px;width:730px}#cb3spc0,#cb3spc2,#cb3spc4,#cb3spc5{width:710px;background:transparent;border:solid #000000 0;padding:0}.cb3spim{width:100%;height:auto}#cb3spc1,#cb3spc3{width:710px;background:#cccccc;border:solid #000000 0;padding:0}#cb3spb6{background:#ffcccc;padding:0}#cb3spc6{width:710px;background:#ffcccc;border:solid #ffcccc 0;padding:0}--></style><!--[if gte IE 6.0]><style>.cb3spwrp,.cb3spwrp div,.cb3spwrp h3,.cb3spwrp p,.cb3spwrp th,.cb3spwrp td{zoom:1}.cb3spwrp,.cb3spwrp th,.cb3spwrp td{font-size:16px !important}.cb3spwrp{width:710px}#cb3spc0,#cb3spc1,#cb3spc2,#cb3spc3,#cb3spc4,#cb3spc5,#cb3spc6{width:710px}</style><![endif]--><div id=""cb3spb0""><table cellspacing=""10""><tr><td id=""cb3spc0""><div class=""cb3spim""><img src=""gadget-gourmet/cabinet/1jrk30.jpg""></div></table></div><div id=""cb3spb1""><table cellspacing=""10""><tr><td id=""cb3spc1""><p><font color=""#FF33FF""size=""5""><b>シンプル、シックなiPhone5/5s用　<br>レザーケース　シリーズ　bare<br><br></b></font><font color=""#FF33FF""size=""5""><b>お求めやすい価格でご用意しました</b></font><font color=""#FF33FF""><b><br></b></font><font color=""#FF33FF""size=""5""><b>色も4色からお選びいただけます</b></font><br></table></div><div id=""cb3spb2""><table cellspacing=""10""><tr><td id=""cb3spc2""><div class=""cb3spim""><img src=""gadget-gourmet/cabinet/1jrk31.jpg""></div></table></div><div id=""cb3spb3""><table cellspacing=""10""><tr><td id=""cb3spc3""><p><font color=""#FF33FF""size=""5""><b>横置きで動画の視聴なども！<br>撥水性能も期待できます<br>さらにうれしいカードポケット付きです</b></font></table></div><div id=""cb3spb4""><table cellspacing=""10""><tr><td id=""cb3spc4""><div class=""cb3spim""><img src=""gadget-gourmet/cabinet/1jrk32.jpg""></div></table></div><div id=""cb3spb5""><table cellspacing=""10""><tr><td id=""cb3spc5""><div class=""cb3spim""><img src=""gadget-gourmet/cabinet/1jrk33.jpg""></div></table></div><div id=""cb3spb6""><table cellspacing=""10""><tr><td id=""cb3spc6""><p style=""text-align:center""><font size=""7"">さらに今なら！</font><br><font size=""6""><span>iPhone 5/5s対応、液晶保護シート付き！</span></font></table></div></div>",【送料無料！】【全４色】iPhone 5S/5 レザーケース　保護フィルム付き！　【革　アイフォン5s アイフォン5 カバー iphone5s ポケット　ケース スマートフォン  携帯電話 スマホ case 】：福袋専門店　七福ふくふく福袋,福袋アイフォンケース充電器iphoneヘアアイロンスマホスマートフォンスマートホンiPhoneブラホックバッテリーチャージャーグローブ【送料無料！】【全４色】iPhone 5S/5 レザーケース　保護フィルム付き！　【革　アイフォン5s アイフォン5 カバー iphone5s ポケット　ケース スマートフォン  携帯電話 スマホ case 】,suicaや免許も入るポケット付！。【送料無料！】【全４色】iPhone 5S/5 レザーケース　保護フィルム付き！　【革　アイフォン5s アイフォン5 カバー iphone5s ポケット　ケース スマートフォン  携帯電話 スマホ case 】[rn]
23-92210,http://tshop.r10s.jp/ketchupper/cabinet/item/41_4/41-8860.jpg?fitin=700:700,2592.0000,,スマートフォン・タブレット > スマートフォンアクセサリー > スマートフォンケース,iPhone7ケース iphone7 ケース iFace 大理石 Marble ケース 【 iPhone 7ケース ケースかわいい 可愛い おしゃれ 石 ストーン 】,アイフェイス アイフォン7 iphoneケース,"<div class=""productPage""><center>
<a href=""http://item.rakuten.co.jp/ketchupper/41-8866""><img src=""http://image.rakuten.co.jp/ketchupper/cabinet/banner/ip7ppat_70080ke.gif"" width=""700""></a><br><br>
<img src=""http://image.rakuten.co.jp/keitai/cabinet/kisetukate/smart/for_ip7.jpg"" width=""700"" height=""85""><br><br>
<img src=""http://image.rakuten.co.jp/keitai/cabinet/item/41/page02/41-886007img01.jpg"" width=""700"" height=""433"" alt=""iPhone7 iface First class 大理石 トップ画""><br>
<img src=""http://image.rakuten.co.jp/keitai/cabinet/item/41/page02/41-886007img02.jpg"" width=""700"" height=""77"" alt=""iPhone7 iface First class 大理石 キャッチコピー""><br><br>
<img src=""http://image.rakuten.co.jp/keitai/cabinet/item/41/page02/41-886007img16.jpg"" alt=""iPhone7 iface First class 大理石 使用例""><br><br>
<img src=""http://image.rakuten.co.jp/keitai/cabinet/item/41/page02/41-886007img03.jpg"" width=""700"" height=""900"" alt=""iPhone7 iface First class 大理石 使用例""><br><br>
<table border=""0"" width=""680"" cellpadding=""0"" cellspacing=""0"">
<tr>
<td align=""left"">
<font size=""2"">
光沢感のあるポリカーボネートにリアルなマーブル(大理石)デザインの iphone7 ケース iface の登場です。<br>
カジュアルにもシックにもどんなシーンにもぴったりマッチ。<br>
<br>
iFace First Classは女性のSラインをイメージした、なめらかで手にフィットする曲線が特徴的。ポリカーボネートとTPU、2つの素材の特性を生かし傷や衝撃からiPhoneを保護します。<br>
<br>
iPhoneケースはおしゃれなものを使いたい、けど大事なiPhoneもしっかり守りたい。そんなあなたにピッタリのiFace  First Class Marbleです。
</font>
</td>
</tr>
</table>
<br>
<img src=""http://image.rakuten.co.jp/keitai/cabinet/item/41/page02/41-886007img04.jpg"" width=""700"" height=""700"" alt=""iPhone7 iface First class 大理石 ポイント""><br><br>
<img src=""http://image.rakuten.co.jp/keitai/cabinet/item/41/page02/41-886007img05.jpg"" width=""700"" height=""700"" alt=""iPhone7 iface First class 大理石 ポイント""><br><br>
<img src=""http://image.rakuten.co.jp/keitai/cabinet/item/41/page02/41-886007img06.jpg"" width=""700"" height=""700"" alt=""iPhone7 iface First class 大理石 ポイント""><br><br>
<img src=""http://image.rakuten.co.jp/keitai/cabinet/item/41/page02/41-886007img07.jpg"" width=""700"" height=""700"" alt=""iPhone7 iface First class 大理石 ポイント""><br><br>
<img src=""http://image.rakuten.co.jp/keitai/cabinet/syapage/title_9.gif"" width=""700"" height=""80"" alt=""iPhone7 iface First class 大理石 種類""><br><br>
<img src=""http://image.rakuten.co.jp/keitai/cabinet/item/41/page02/41-886007img08.jpg"" width=""700"" height=""700"" alt=""iPhone7 iface First class 大理石 種類""><br><br>
<img src=""http://image.rakuten.co.jp/keitai/cabinet/item/41/page02/41-886007img09.jpg"" width=""700"" height=""700"" alt=""iPhone7 iface First class 大理石 種類""><br><br>
<img src=""http://image.rakuten.co.jp/keitai/cabinet/item/41/page02/41-886007img10.jpg"" width=""700"" height=""700"" alt=""iPhone7 iface First class 大理石 種類""><br><br>
<img src=""http://image.rakuten.co.jp/keitai/cabinet/syapage/title_3.gif"" width=""700"" height=""80"" alt=""iPhone7 iface First class 大理石 使用シーン""><br><br>
<img src=""http://image.rakuten.co.jp/keitai/cabinet/item/41/page02/41-886007img11.jpg"" width=""700"" height=""1200"" alt=""iPhone7 iface First class 大理石 使用シーン""><br><br>
<img src=""http://image.rakuten.co.jp/keitai/cabinet/syapage/title_4.gif"" width=""700"" height=""80"" alt=""iPhone7 iface First class 大理石 商品詳細""><br><br>
<img src=""http://image.rakuten.co.jp/keitai/cabinet/item/41/page02/41-886007img12.jpg"" width=""700"" height=""700"" alt=""iPhone7 iface First class 大理石 商品詳細""><br><br>
<img src=""http://image.rakuten.co.jp/keitai/cabinet/item/41/page02/41-886007img13.jpg"" width=""700"" height=""700"" alt=""iPhone7 iface First class 大理石 商品詳細""><br><br>
<img src=""https://image.rakuten.co.jp/ketchupper/cabinet/banner/ifacedeco-basic.jpg"" width=""700""><br><br>
<img src=""http://image.rakuten.co.jp/keitai/cabinet/syapage/title_7.gif"" width=""700"" height=""80""><br><br>
<table border=""0"" width=""700"" height=""350"" cellpadding=""0"" cellspacing=""0""><tbody><tr><td width=""345""><img src=""http://image.rakuten.co.jp/keitai/cabinet/item/41/page02/41-886007img14.jpg"" width=""345"" height=""350""></td><td width=""10""></td><td align=""left"">こちらのパッケージでお届けします。</td><td width=""10""></td></tr></tbody></table><br>
<img src=""http://image.rakuten.co.jp/keitai/cabinet/item/41/page02/41-886007img15.jpg""><br><br>
<img src=""http://image.rakuten.co.jp/keitai/cabinet/item/41/page02/41-886007img17.jpg""><br><br>
<table border=""0"" width=""680"" cellpadding=""0"" cellspacing=""0""><tr><td align=""left""><font size=""2"">※液晶面にガラスフィルム等を装着すると、フィルムの形状によっては本製品と干渉する場合がございます。<br>
※こちらの商品はデザインや仕様変更になる場合がございますので、予めご了承ください。<br>
</font></td></tr></table><br>
</center><!-- サイズ表ここから -->
<br><center>
<table width=""700"" cellpadding=""0"" cellspacing=""2"" class=""size_tbl"">
<tr>
<td width=""130""><b>サイズ表</b></td>
<td width=""10""></td>
<td width=""560""></td>
</tr>
<tr>
<td>本体</td>
<td>：</td>
<td>約縦15×横7.8×厚1cm</td>
</tr>
<tr>
<td>パッケージ</td>
<td>：</td>
<td>約縦20.7×横11.1×厚2.5cm</td>
</tr>
<tr>
<td width=""130""><b>その他仕様</b></td>
<td width=""10""></td>
<td width=""560""></td>
</tr>
<tr>
<td>主素材</td>
<td>：</td>
<td>ポリカーボネート、TPU、鉄</td>
</tr>
<tr>
<td>ストラップ使用</td>
<td>：</td>
<td>可</td>
</tr>
</table>
<!-- サイズ表ここまで -->
<!--ハンドリンカー--><hr>
<a href=""http://search.rakuten.co.jp/search/inshop-mall/handlinker/-/f.1-p.1-s.1-sf.0-sid.313546-st.A-v.3""><img src=""https://image.rakuten.co.jp/ketchupper/cabinet/banner/handlinker_700433.jpg"" width=""700""></a><br>
<hr>
<!--ガラス--><b>▼合わせておすすめ！▼</b><br><a href=""http://item.rakuten.co.jp/ketchupper/276-8764/""><img src=""http://image.rakuten.co.jp/keitai/cabinet/item/276/page02/276-876404img01.jpg"" width=""700""></a><br><hr><!--/ガラス-->
<!--iface-->
<table width=""100%"">
<tr align=""center"" valign=""top"">
<td>
<b>▼ifaceシリーズをまるっとチェック▼</b><br
<a target=""_top"" href=""http://search.rakuten.co.jp/search/inshop-mall/iface/-/f.1-p.1-s.1-sf.0-sid.313546-st.A-v.3""><img src=""http://image.rakuten.co.jp/keitai/cabinet/event/img/2015/iface_201509_01.gif"" width=""700"" alt=""アイフェイス""></a>
</td>
</tr>
</table>
<!--/iface-->
<hr>
<table width=""700"" border=""0"" cellpadding=""5"" cellspacing=""0"">
<tr align=""center"" valign=""top"">
<td>
<a target=""_top"" href=""http://item.rakuten.co.jp/ketchupper/41-8775/""><img src=""http://image.rakuten.co.jp/ketchupper/cabinet/item/41_4/41-8775ke.jpg"" width=""100%"" border=""0"" ></a>
</td>
<td>
<a target=""_top"" href=""http://item.rakuten.co.jp/ketchupper/41-8828/""><img src=""http://image.rakuten.co.jp/ketchupper/cabinet/item/41_4/41-8828.jpg"" width=""100%"" border=""0"" ></a>
</td>
<td>
<a target=""_top"" href=""http://item.rakuten.co.jp/ketchupper/41-8774/""><img src=""http://image.rakuten.co.jp/ketchupper/cabinet/item/41_4/41-8774.jpg"" width=""100%"" border=""0"" ></a>
</td>
<td>
<a target=""_top"" href=""http://item.rakuten.co.jp/ketchupper/41-8684/""><img src=""http://image.rakuten.co.jp/ketchupper/cabinet/item/41_4/41-8684.jpg"" width=""100%"" border=""0"" ></a>
</td>
<td>
<a target=""_top"" href=""http://item.rakuten.co.jp/ketchupper/276-8546/""><img src=""http://image.rakuten.co.jp/ketchupper/cabinet/item/276_1/276-8546ke.jpg"" width=""100%"" border=""0"" ></a>
</td>
<td>
<a target=""_top"" href=""http://item.rakuten.co.jp/ketchupper/276-8412/""><img src=""http://image.rakuten.co.jp/ketchupper/cabinet/item/276/276-8412.jpg"" width=""100%"" border=""0"" ></a>
</td>
<td>
<a target=""_top"" href=""http://item.rakuten.co.jp/ketchupper/635-191/""><img src=""http://image.rakuten.co.jp/ketchupper/cabinet/item/635/635-191.jpg"" width=""100%"" border=""0"" ></a>
</td>
</tr>
</table>
</center>
</div>

<!--納期ここから--><br><div class=""reservWord""><dl><dt>※予約販売※</dt><dd> こちらの商品は<b>6月上旬入荷予定</b>になります。入荷次第、発送いたします。</dd><dd>予約品と在庫品を一緒にご購入の場合は、すべての商品が揃ってから発送いたします。 </dd><dd>個別発送を希望の場合は、それぞれ別々にご購入ください。</dd><dd>やむを得ず入荷日が変更になる場合は、メールにてご連絡いたします。</dd></dl></div><!--納期ここまで-->
<!--iPhone7--><center><hr>
▼iPhone7ケースならKetchup!にお任せ▼<br>
<table width=""100%"">
<tr><td><img  src=""http://image.rakuten.co.jp/ketchupper/cabinet/event/img/2016/ke_cate_ip7_img5.jpg"" width=""100%"" alt=""手帳型 シリコン ハード ソフト""></td></tr></table>
</center>
<!--/iPhone7-->
<!--エビデンス--><br><font size=""2"">メーカー希望小売価格はメーカーサイトに基づいて掲載しています</font><br><br>
<img src=""http://image.rakuten.co.jp/ketchupper/cabinet/evidence/evidence-41-8860.jpg"" width=""100%""><!--/エビデンス-->",iPhone7ケース iphone7 ケース iFace 大理石 Marble ケース 【 iPhone 7ケース ケースかわいい 可愛い おしゃれ 石 ストーン 】：Ketchup,スマホケースiPhoneケース可愛いxperia安いスマホスマホカバーキーホルダーストラップイヤホンスピーカーネットショップhameeハミィイヤホンジャックディズニーかわいい女子ファッション通販iPhone7ケース iphone7 ケース iFace 大理石 Marble ケース 【 iPhone 7ケース ケースかわいい 可愛い おしゃれ 石 ストーン 】,アイフェイス アイフォン7 iphoneケース 。iPhone7ケース iphone7 ケース iFace 大理石 Marble ケース 【 iPhone 7ケース ケースかわいい 可愛い おしゃれ 石 ストーン 】[rn]
23-92211,http://tshop.r10s.jp/ketchupper/cabinet/item/41_4/41-8576.jpg?fitin=700:700,2937.6000,,スマートフォン・タブレット > スマートフォンアクセサリー > スマートフォンケース,iPhoneSE iPhone5s iPhone5 ディズニー iface アイフェイス ケース【 ドナルド デイジー ミッキー ミニー iphoneSE iphone5s アイフェイス スマホケース キャラクター iphoneケース 携帯ケース 耐衝撃 】,ミッキーとミニー、ドナルドとデイジーがどアップでキュート★,"<div class=""productPage""><center>
<!--ip6link-->
<a href=""http://item.rakuten.co.jp/ketchupper/41-8620/""><img src=""http://image.rakuten.co.jp/ketchupper/cabinet/banner/ip6pat_70080ke.gif"" width=""700""></a><br><br>
<!--/ip6link-->
<img src=""http://image.rakuten.co.jp/keitai/cabinet/item/196/page01/196-198643img10.jpg"" width=""700"" height=""50""><br><br>
<img src=""http://image.rakuten.co.jp/keitai/cabinet/kisetukate/smart/for_ipse_5s.jpg"" width=""700"" height=""85""><br><br>
<img src=""http://image.rakuten.co.jp/ketchupper/cabinet/item/41_4/page01/41-8576img01.jpg"" width=""700"" height=""433""><br>
<img src=""http://image.rakuten.co.jp/keitai/cabinet/item/41/page02/41-857601img02.gif"" width=""700"" height=""77""><br><br>
<table border=""0"" width=""680"" cellpadding=""0"" cellspacing=""0"">
<tr>
<td align=""left"">
<font size=""2"">
大人気のディズニーキャラクターがアップでデザインされたiFace First ClassにiPhoneSE/5s/5専用ケースが登場しました!<br>
コンパクトなiPhoneSE/5s/5にピッタリなケースです。<br>
<br>
女性のSラインをイメージした、なめらかな曲線が特徴的なiFaceケース。<br>
その独特の形状が手にフィットし、とても持ちやすく操作時の安定感が増します。<br>
また、ポリカーボネートとTPU、2つの素材の特徴を生かし、傷や衝撃からiPhoneを保護します。<br>
<br>
ストラップホール付きでお好きなストラップでカスタマイズOK。<br>
どこから見てもインパクト大だから、お友達に「そのケースかわいい！」なんて褒められちゃいそう☆<br>

</font>
</td>
</tr>
</table>
<br>
<img src=""http://image.rakuten.co.jp/ketchupper/cabinet/item/41_4/page01/41-8576img03.jpg"" width=""700"" height=""433""><br><br>
<img src=""http://image.rakuten.co.jp/keitai/cabinet/syapage/title_1.gif"" width=""700"" height=""80""><br><br>
<img src=""http://image.rakuten.co.jp/keitai/cabinet/item/41/page02/41-857601img04.jpg"" width=""700"" height=""600""><br><br>
<img src=""http://image.rakuten.co.jp/keitai/cabinet/item/41/page02/41-857601img06.jpg"" width=""700"" height=""1000""><br><br>
<img src=""http://image.rakuten.co.jp/keitai/cabinet/item/41/page02/41-857601img05.jpg"" width=""700"" height=""500""><br><br>
<img src=""http://image.rakuten.co.jp/keitai/cabinet/syapage/title_3.gif"" width=""700"" height=""80""><br><br>
<img src=""http://image.rakuten.co.jp/ketchupper/cabinet/item/41_4/page01/41-8576img04.jpg"" width=""700""><br><br>
<img src=""http://image.rakuten.co.jp/keitai/cabinet/item/41/page02/41-857601img07.jpg"" width=""700"" height=""1000""><br><br>
<img src=""http://image.rakuten.co.jp/keitai/cabinet/syapage/title_4.gif"" width=""700"" height=""80""><br><br>
<img src=""http://image.rakuten.co.jp/keitai/cabinet/item/41/page02/41-857601img08.jpg"" width=""700"" height=""500""><br><br>
<img src=""http://image.rakuten.co.jp/keitai/cabinet/item/41/page02/41-857601img10.jpg"" width=""700"" height=""600""><br><br>
<img src=""http://image.rakuten.co.jp/keitai/cabinet/item/41/page02/41-857601img09.jpg"" width=""700"" height=""700""><br><br>
<img src=""http://image.rakuten.co.jp/keitai/cabinet/item/41/page02/41-857601img11.jpg"" width=""700"" height=""433""><br><br>
<img src=""http://image.rakuten.co.jp/ketchupper/cabinet/item/41_4/page01/41-8576img02.jpg"" width=""700""><br><br>
<img src=""http://image.rakuten.co.jp/keitai/cabinet/syapage/title_7.gif"" width=""700"" height=""80""><br><br>
<table border=""0"" width=""700"" height=""350"" cellpadding=""0"" cellspacing=""0""><tbody><tr><td width=""345""><img src=""http://image.rakuten.co.jp/keitai/cabinet/item/41/page02/41-857601img12.jpg"" width=""345"" height=""350""></td><td width=""10""></td><td align=""left"">こちらのパッケージでお届けします。</td><td width=""10""></td></tr></tbody></table><br>
<img src=""http://image.rakuten.co.jp/ketchupper/cabinet/item/41_4/page01/41-8576img05.jpg"" width=""700"" height=""433""><br><br>
<table border=""0"" width=""680"" cellpadding=""0"" cellspacing=""0""><tr><td align=""left""><font size=""2"">※液晶面にガラスフィルム等を装着すると、フィルムの形状によっては本製品と干渉する場合がございます。</font></td></tr></table><br>
<img src=""http://image.rakuten.co.jp/keitai/cabinet/bana/license_2.jpg"" width=""539"" height=""60""><br><br>
<img src=""http://image.rakuten.co.jp/keitai/cabinet/item/41/page02/41-857601img14.jpg""><br><br>
<img src=""http://image.rakuten.co.jp/keitai/cabinet/item/41/page02/41-857601img15.jpg""><br><br>
</center><!-- サイズ表ここから -->
<br><center>
<table width=""700"" cellpadding=""0"" cellspacing=""2"" class=""size_tbl"">
<tr>
<td width=""130""><b>サイズ表</b></td>
<td width=""10""></td>
<td width=""560""></td>
</tr>
<tr>
<td>ケース本体</td>
<td>：</td>
<td>約縦13.6×横6.8×厚1cm</td>
</tr>
<tr>
<td>パッケージ</td>
<td>：</td>
<td>約縦18.5×横10×厚2.3cm</td>
</tr>
<tr>
<td width=""130""><b>その他仕様</b></td>
<td width=""10""></td>
<td width=""560""></td>
</tr>
<tr>
<td>主素材</td>
<td>：</td>
<td>TPU、ポリカーボネート</td>
</tr>
<tr>
<td>ストラップ使用</td>
<td>：</td>
<td>可</td>
</tr>
<tr>
<td>セット内容   </td>
<td>：</td>
<td>ケース本体</td>
</tr>
</table>
</center>
<!-- サイズ表ここまで -->
<br>
<a href=""http://item.rakuten.co.jp/ketchupper/41-8779/""><img src=""http://image.rakuten.co.jp/ketchupper/cabinet/banner/ip7pat_70080ke.gif"" width=""700""></a><br><br>
<a href=""http://item.rakuten.co.jp/ketchupper/41-8620/""><img src=""http://image.rakuten.co.jp/ketchupper/cabinet/banner/ip6pat_70080ke.gif"" width=""700""></a><br><br>
<a href=""http://item.rakuten.co.jp/ketchupper/41-8869/""><img src=""http://image.rakuten.co.jp/ketchupper/cabinet/banner/ip7ppat_70080ke.gif"" width=""100%""></a><br><br>
<hr><!--ガラス--><center><b>▼合わせておすすめ！▼</b></center><a href=""http://item.rakuten.co.jp/ketchupper/276-3700/""><img src=""http://image.rakuten.co.jp/keitai/cabinet/item/276/page02/276-370002img01.jpg"" width=""100%""></a><br><!--/ガラス--><hr>
▼関連アイテムはこちら<br>
<table width=""700"" border=""0"" cellpadding=""5"" cellspacing=""0"">
<tr align=""center"" valign=""top"">
<td>
<a target=""_top"" href=""http://item.rakuten.co.jp/ketchupper/41-8577/""><img src=""http://thumbnail.image.rakuten.co.jp/@0_mall/ketchupper/cabinet/item/41_4/41-8577.jpg?_ex=90x90"" width=""90"" height=""90"" border=""0"" ></a>
</td>
<td>
<a target=""_top"" href=""http://item.rakuten.co.jp/ketchupper/276-8573/""><img src=""http://thumbnail.image.rakuten.co.jp/@0_mall/ketchupper/cabinet/item/276_1/276-8573ke.jpg?_ex=90x90"" width=""90"" height=""90"" border=""0"" ></a>
</td>
<td>
<a target=""_top"" href=""http://item.rakuten.co.jp/ketchupper/111-998/""><img src=""http://thumbnail.image.rakuten.co.jp/@0_mall/ketchupper/cabinet/item/111_8/111-998.jpg?_ex=90x90"" width=""90"" height=""90"" border=""0"" ></a>
</td>
<td>
<a target=""_top"" href=""http://item.rakuten.co.jp/ketchupper/276-8574/""><img src=""http://thumbnail.image.rakuten.co.jp/@0_mall/ketchupper/cabinet/item/276_1/276-8574ke.jpg?_ex=90x90"" width=""90"" height=""90"" border=""0"" ></a>
</td>
<td>
<a target=""_top"" href=""http://item.rakuten.co.jp/ketchupper/594-8731/""><img src=""http://thumbnail.image.rakuten.co.jp/@0_mall/ketchupper/cabinet/item/594/594-8731.jpg?_ex=90x90"" width=""90"" height=""90"" border=""0"" ></a>
</td>
<td>
<a target=""_top"" href=""http://item.rakuten.co.jp/ketchupper/276-8522/""><img src=""http://thumbnail.image.rakuten.co.jp/@0_mall/ketchupper/cabinet/item/276/276-8522.jpg?_ex=90x90"" width=""90"" height=""90"" border=""0"" ></a>
</td>
<td>
<a target=""_top"" href=""http://item.rakuten.co.jp/ketchupper/276-8263/""><img src=""http://thumbnail.image.rakuten.co.jp/@0_mall/ketchupper/cabinet/item/276/276-8263.jpg?_ex=90x90"" width=""90"" height=""90"" border=""0"" ></a>
</td>
</tr>
</table>
<!--19-8771--><hr>
<table width=""100%"" bgcolor=""#ededed"">
<tr><td bgcolor=""#ff99cc"" align=""center""><font color=""#fff"">＼注目！ミラー付きプリンセスケース／</font></td></tr>
<tr><td><a href=""http://item.rakuten.co.jp/ketchupper/19-8771/"" target=""_top""><img src=""http://image.rakuten.co.jp/ketchupper/cabinet/banner/19-877104_700150.jpg"" width=""100%""></a></td></tr></table>
<!--/19-8771-->
</div><!--ディズニーリンク-->
<hr><br>
<img src=""http://image.rakuten.co.jp/ketchupper/cabinet/banner/disneyftr_700433.jpg"" width=""100%"">
<!--/ディズニーリンク-->
<!--iPhonese--><center>
▼iPhonSE/5s/5ケースならKetchup!にお任せ▼<br>
<table width=""100%"">
<tr><td><img src=""http://image.rakuten.co.jp/ketchupper/cabinet/event/img/2016/ke_cate_ipse_700433.jpg"" width=""100%"" alt=""手帳型 シリコン ハード ソフト""></td></tr></table>
</center>
<!--/iPhonese-->",iPhoneSE iPhone5s iPhone5 ディズニー iface アイフェイス ケース【 ドナルド デイジー ミッキー ミニー iphoneSE iphone5s アイフェイス スマホケース キャラクター iphoneケース 携帯ケース 耐衝撃 】：Ketchup,スマホケースiPhoneケース可愛いxperia安いスマホスマホカバーキーホルダーストラップイヤホンスピーカーネットショップhameeハミィイヤホンジャックディズニーかわいい女子ファッション通販iPhoneSE iPhone5s iPhone5 ディズニー iface アイフェイス ケース【 ドナルド デイジー ミッキー ミニー iphoneSE iphone5s アイフェイス スマホケース キャラクター iphoneケース 携帯ケース 耐衝撃 】,ミッキーとミニー、ドナルドとデイジーがどアップでキュート★。iPhoneSE iPhone5s iPhone5 ディズニー iface アイフェイス ケース【 ドナルド デイジー ミッキー ミニー iphoneSE iphone5s アイフェイス スマホケース キャラクター iphoneケース 携帯ケース 耐衝撃 】[rn]
23-92212,http://tshop.r10s.jp/ketchupper/cabinet/item/41_4/41-8784.jpg?fitin=700:700,3110.4000,,スマートフォン・タブレット > スマートフォンアクセサリー > スマートフォンケース,ムーミン iphone iPhone7 ケース iface 【 携帯ケース アイフェイス 可愛い キャラクター グッズ ミィ ミイ リトルミイ ムーミン iphoe7ケース カバー 】,iphone7にムーミン、リトルミイ、スナフキンが登場★,"<!--ガラス--><br><center><b>▼合わせておすすめ！▼</b></center><br>
<a href=""http://item.rakuten.co.jp/ketchupper/276-8742/""><img src=""http://image.rakuten.co.jp/ketchupper/cabinet/banner/276-874202_700150.jpg"" width=""100%""></a><br><hr>
<!--/ガラス--><div class=""productPage""><center>
<img src=""http://image.rakuten.co.jp/keitai/cabinet/item/196/page01/196-198643img10.jpg"" width=""700"" height=""50""><br><br>
<img src=""http://image.rakuten.co.jp/keitai/cabinet/kisetukate/smart/for_ip7.jpg"" width=""700"" height=""85""><br><br>
<img src=""http://image.rakuten.co.jp/ketchupper/cabinet/item/41_4/page01/41-8784img01.jpg"" width=""700"" height=""433""><br>
<img src=""http://image.rakuten.co.jp/keitai/cabinet/item/41/page02/41-878408img02.gif"" width=""700"" height=""77""><br><br>
<table border=""0"" width=""680"" cellpadding=""0"" cellspacing=""0"">
<tr>
<td align=""left"">
<font size=""2"">
大人気のiFaceに待望の iPhone 7 対応ムーミンシリーズが登場しました！<br>
<br>
これから物語が始まりそうなキャラクターイラストが可愛いムーミン、リトルミイ、スナフキン。<br>
フラワーパターンは北欧らしい優しい色使いがポイントです。<br>
<br>
女性のSラインをイメージした、なめらかな曲線が特徴的なiFace First Classケース 。<br>
その独特の形状が手にフィット。とても持ちやすく操作時の安定感が増し、<br>
ポリカーボネートとTPU、2つの素材の特徴を生かしてiPhoneを保護します。<br>
<br>
落ち着いたカラーは大人女子も楽しめるデザイン。<br>
ムーミン好きの方へのプレゼントにもオススメです。<br>
<br>
忙しい毎日の中にも、ムーミンiFaceで心温まる時間を♪
</font>
</td>
</tr>
</table>
<br>
<img src=""http://image.rakuten.co.jp/keitai/cabinet/syapage/licence_01.gif"" width=""700"" height=""600"">
<img src=""http://image.rakuten.co.jp/ketchupper/cabinet/item/41_4/page01/41-8784img04.jpg"" width=""700"" height=""433""><br><br>
<img src=""http://image.rakuten.co.jp/keitai/cabinet/syapage/title_1.gif"" width=""700"" height=""80""><br><br>
<img src=""http://image.rakuten.co.jp/keitai/cabinet/item/41/page02/41-878408img04.jpg"" width=""700"" height=""600""><br><br>
<img src=""http://image.rakuten.co.jp/keitai/cabinet/item/41/page02/41-878408img05.jpg"" width=""700"" height=""433""><br><br>
<img src=""http://image.rakuten.co.jp/keitai/cabinet/item/41/page02/41-878408img06.jpg"" width=""700"" height=""500""><br><br>
<img src=""http://image.rakuten.co.jp/keitai/cabinet/item/41/page02/41-878408img07.jpg"" width=""700"" height=""433""><br><br>
<img src=""http://image.rakuten.co.jp/keitai/cabinet/item/41/page02/41-878408img08.jpg"" width=""700"" height=""350""><br><br>
<img src=""http://image.rakuten.co.jp/keitai/cabinet/syapage/title_3.gif"" width=""700"" height=""80""><br><br>
<img src=""http://image.rakuten.co.jp/ketchupper/cabinet/item/41_4/page01/41-8784img05.jpg"" width=""700""><br><br>
<img src=""http://image.rakuten.co.jp/keitai/cabinet/item/41/page02/41-878408img09.jpg"" width=""700"" height=""900""><br><br>
<img src=""http://image.rakuten.co.jp/ketchupper/cabinet/item/41_4/page01/41-8784img03.jpg"" width=""700"" height=""433""><br><br>
<img src=""http://image.rakuten.co.jp/ketchupper/cabinet/item/41_4/page01/41-8784img02.jpg"" width=""700""><br><br>
<img src=""http://image.rakuten.co.jp/keitai/cabinet/syapage/title_4.gif"" alt=""商品仕様"" width=""700"" height=""80""><br><br>
<img src=""http://image.rakuten.co.jp/keitai/cabinet/item/41/page02/41-878408img11.jpg"" width=""700"" height=""700""><br><br>
<img src=""http://image.rakuten.co.jp/keitai/cabinet/syapage/title_7.gif"" alt=""パッケージ"" width=""700"" height=""80""><br><br>
<table border=""0"" width=""700"" height=""350"" cellpadding=""0"" cellspacing=""0""><tbody><tr><td width=""345""><img src=""http://image.rakuten.co.jp/keitai/cabinet/item/41/page02/41-878408img12.jpg"" alt=""ムーミンifaceパッケージ"" width=""345"" height=""350""></td><td width=""10""></td><td align=""left"">こちらのパッケージでお届けします。</td><td width=""10""></td></tr></tbody></table><br>

<table border=""0"" width=""680"" cellpadding=""0"" cellspacing=""0""><tr><td align=""left""><font size=""2"">※液晶面にガラスフィルム等を装着すると、フィルムの形状によっては本製品と干渉する場合がございます。</font></td></tr></table><br>
<img src=""http://image.rakuten.co.jp/keitai/cabinet/bana/license_2.jpg"" width=""539"" height=""60""><br><br>
<img src=""http://image.rakuten.co.jp/keitai/cabinet/syapage/licence_02.gif"" width=""700"" height=""650""><br><br>
</center><!-- サイズ表ここから -->
<br><center>
<table width=""700"" cellpadding=""0"" cellspacing=""2"" class=""size_tbl"">
<tr>
<td width=""130""><b>サイズ表</b></td>
<td width=""10""></td>
<td width=""560""></td>
</tr>
<tr>
<td>本体</td>
<td>：</td>
<td>約縦15×横7.6×厚1cm</td>
</tr>
<tr>
<td>パッケージ</td>
<td>：</td>
<td>約縦20.7×横11.1×厚2.5cm</td>
</tr>
<tr>
<td width=""130""><b>その他仕様</b></td>
<td width=""10""></td>
<td width=""560""></td>
</tr>
<tr>
<td>主素材</td>
<td>：</td>
<td>TPU、ポリカーボネート、鉄</td>
</tr>
<tr>
<td>ストラップ使用</td>
<td>：</td>
<td>可</td>
</tr>
<tr>
<td>セット内容</td>
<td>：</td>
<td>ケース本体</td>
</tr>
</table>
</center>
<!-- サイズ表ここまで -->
<!--ハンドリンカー--><hr>
<a href=""http://search.rakuten.co.jp/search/inshop-mall/handlinker/-/f.1-p.1-s.1-sf.0-sid.313546-st.A-v.3""><img src=""https://image.rakuten.co.jp/ketchupper/cabinet/banner/handlinker_700433.jpg"" width=""700""></a><br><!-- バリエリンク -->
<center>
<!--ムーミン窓-->
<hr><a href=""http://item.rakuten.co.jp/ketchupper/276-8808/""><img src=""http://image.rakuten.co.jp/ketchupper/cabinet/banner/276-880807_700150.jpg"" width=""100%""></a>
<!--/ムーミン窓--></div>",ムーミン iphone iPhone7 ケース iface 【 携帯ケース アイフェイス 可愛い キャラクター グッズ ミィ ミイ リトルミイ ムーミン iphoe7ケース カバー 】：Ketchup,スマホケースiPhoneケース可愛いxperia安いスマホスマホカバーキーホルダーストラップイヤホンスピーカーネットショップhameeハミィイヤホンジャックディズニーかわいい女子ファッション通販ムーミン iphone iPhone7 ケース iface 【 携帯ケース アイフェイス 可愛い キャラクター グッズ ミィ ミイ リトルミイ ムーミン iphoe7ケース カバー 】,iphone7にムーミン、リトルミイ、スナフキンが登場★。ムーミン iphone iPhone7 ケース iface 【 携帯ケース アイフェイス 可愛い キャラクター グッズ ミィ ミイ リトルミイ ムーミン iphoe7ケース カバー 】[rn]
23-92213,http://tshop.r10s.jp/ketchupper/cabinet/item/276_1/276-8808.jpg?fitin=700:700,2419.2000,,スマートフォン・タブレット > スマートフォンアクセサリー > スマートフォンケース,ムーミン スマホケース iPhone7ケース iPhone7 ケース 窓付き 手帳型 【 iPhone 7ケース かわいい カバー ムーミン ミィ グッズ  窓 ムーミン スマホケース ムーミン スマホケース 】,ムーミン スマホケース カード収納 キャラクター リトルミイ,"<meta charset=""utf-8"">
<div class=""productPage""><center>
<!--ガラス--><center><b>▼合わせておすすめ！▼</b></center><a href=""http://item.rakuten.co.jp/ketchupper/276-8742/""><img src=""http://image.rakuten.co.jp/ketchupper/cabinet/banner/276-874202_700150.jpg"" width=""700""></a><br><hr><!--/ガラス-->
<img src=""http://image.rakuten.co.jp/keitai/cabinet/kisetukate/smart/for_ip7.jpg"" width=""700"" height=""85""><br><br>
<img src=""http://image.rakuten.co.jp/ketchupper/cabinet/item/276/page01/276-880807img01.jpg"" width=""700"" height=""433""><br>

<img src=""http://image.rakuten.co.jp/keitai/cabinet/item/276/page02/276-880807img02.gif"" width=""700"" height=""77""><br><br>
<img src=""http://image.rakuten.co.jp/ketchupper/cabinet/item/276/page01/276-880807img03.jpg"" width=""700"" height=""600""><br><br>
<table border=""0"" width=""680"" cellpadding=""0"" cellspacing=""0"">
<tr>
<td align=""left"">
<font size=""2"">
淡いパステルカラーがお洒落な iPhone 7 ムーミン スマホケース 手帳型 登場。<br>
<br>
フレンチスタイルのデザインと、ムーミンやリトルミイ達のキュートなイラストがポイントです。<br>
パステルの優しい雰囲気に気持ちもほっこり。<br>
<br>
窓付きなので、時間や通話の確認がすぐにできちゃいます。<br>
さらに前面にはスピーカーホールと金属バーが付いているので、フリップを閉じたままでも着信の応答と通話がスムーズに。<br>
<br>
・iPhoneケース背面にはICカードの収納などに便利なカードポケットが1ヶ所。<br>
・カードポケット内には電波干渉防止シート入りで、そのままICタッチOK。<br>
・フリップはマグネットで留まるスリムなデザイン。<br>
・フリップを背面側に折り返せばマグネットで固定されるので、操作時もスマート。<br>
<br>
シックで落ち着いたトーンの色使いは、大人女子にもおすすめのiPhone7ケースデザインです。
</font>
</td>
</tr>
</table>
<br>
<img src=""http://image.rakuten.co.jp/ketchupper/cabinet/item/276/page01/276-880807img04.jpg"" width=""700"" height=""800""><br><br>
<img src=""http://image.rakuten.co.jp/keitai/cabinet/item/276/page02/276-880807img05.jpg"" width=""700"" height=""700""><br><br>
<img src=""http://image.rakuten.co.jp/keitai/cabinet/item/276/page02/276-880807img06.jpg"" width=""700"" height=""800""><br><br>
<img src=""http://image.rakuten.co.jp/keitai/cabinet/item/276/page02/276-880807img07.jpg"" width=""700"" height=""800""><br><br>
<img src=""http://image.rakuten.co.jp/keitai/cabinet/item/276/page02/276-880807img08.jpg"" width=""700"" height=""700""><br><br>
<img src=""http://image.rakuten.co.jp/keitai/cabinet/item/276/page02/276-880807img09.jpg"" width=""700"" height=""600""><br><br>
<img src=""http://image.rakuten.co.jp/keitai/cabinet/item/276/page02/276-880807img17.jpg"" width=""700"" height=""700""><br><br>
<img src=""http://image.rakuten.co.jp/keitai/cabinet/syapage/title_9.gif"" width=""700"" height=""80""><br><br>
<img src=""http://image.rakuten.co.jp/ketchupper/cabinet/item/276/page01/276-880807img10.jpg"" width=""700"" height=""700""><br><br>
<img src=""http://image.rakuten.co.jp/keitai/cabinet/syapage/title_3.gif"" width=""700"" height=""80""><br><br>
<img src=""http://image.rakuten.co.jp/keitai/cabinet/item/276/page02/276-880807img11.jpg"" width=""700"" height=""700""><br><br>
<img src=""http://image.rakuten.co.jp/keitai/cabinet/item/276/page02/276-880807img12.jpg"" width=""700"" height=""700""><br><br>
<img src=""http://image.rakuten.co.jp/keitai/cabinet/item/276/page02/276-880807img13.jpg"" width=""700"" height=""700""><br><br>
<img src=""http://image.rakuten.co.jp/keitai/cabinet/item/276/page02/276-880807img14.jpg"" width=""700"" height=""700""><br><br>
<img src=""http://image.rakuten.co.jp/keitai/cabinet/syapage/title_4.gif"" width=""700"" height=""80""><br><br>
<img src=""http://image.rakuten.co.jp/keitai/cabinet/item/276/page02/276-880807img15.jpg"" width=""700"" height=""700""><br><br>
<img src=""http://image.rakuten.co.jp/keitai/cabinet/syapage/title_7.gif"" width=""700"" height=""80""><br><br>
<img src=""http://image.rakuten.co.jp/keitai/cabinet/item/276/page02/276-880807img16.jpg"" width=""700"" height=""433""><br><br>
<table border=""0"" width=""680"" cellpadding=""0"" cellspacing=""0""><tr><td align=""left""><font size=""2"">
※カードや通帳のデータ等が喪失された場合におきましても、当社では一切保証致しかねます。予めご了承ください。<br>
※本製品はマグネットが使用されております。クレジットカードなどの磁気カードを併用すると、 読み取り等ができなくなる恐れがありますので、ご注意ください。<br>
※こちらの商品はデザインや仕様変更になる場合がございますので、予めご了承ください。</font></td></tr></table><br>
<img src=""http://image.rakuten.co.jp/keitai/cabinet/bana/license_2.jpg"" width=""539"" height=""60""><br><br>
<img src=""http://image.rakuten.co.jp/keitai/cabinet/syapage/ip7_wallet.jpg"" width=""700"" height=""433""><br><br>
</center><!-- サイズ表ここから -->
<br><center>
<table width=""700"" cellpadding=""0"" cellspacing=""2"" class=""size_tbl"">
<tr>
<td width=""130""><b>サイズ表</b></td>
<td width=""10""></td>
<td width=""560""></td>
</tr>
<tr>
<td>本体</td>
<td>：</td>
<td>約縦14×横7.2×厚1.3cm</td>
</tr>
<tr>
<td>パッケージ</td>
<td>：</td>
<td>約縦17.4×横10×厚2cm</td>
</tr>
<tr>
<td width=""130""><b>その他仕様</b></td>
<td width=""10""></td>
<td width=""560""></td>
</tr>
<tr>
<td>主素材</td>
<td>：</td>
<td>ポリウレタン</td>
</tr>
<tr>
<td>ストラップ使用</td>
<td>：</td>
<td>可</td>
</tr>
</table>
</center>
<!-- サイズ表ここまで -->
<hr>
▼関連アイテム<br>
<table width=""700"" border=""0"" cellpadding=""5"" cellspacing=""0"">
<tr align=""center"" valign=""top"">
<td>
<a target=""_top"" href=""http://item.rakuten.co.jp/ketchupper/41-8580/""><img src=""http://image.rakuten.co.jp/ketchupper/cabinet/item/41_3/41-8580.jpg"" width=""100%"" ></a>
</td>
<td>
<a target=""_top"" href=""http://item.rakuten.co.jp/ketchupper/276-8804/""><img src=""http://image.rakuten.co.jp/ketchupper/cabinet/item/276/276-8804.jpg"" width=""100%"" ></a>
</td>
<td>
<a target=""_top"" href=""http://item.rakuten.co.jp/ketchupper/276-8761/""><img src=""http://image.rakuten.co.jp/ketchupper/cabinet/item/276_1/276-8761.jpg"" width=""100%"" ></a>
</td>
<td>
<a target=""_top"" href=""http://item.rakuten.co.jp/ketchupper/276-8802/""><img src=""http://image.rakuten.co.jp/ketchupper/cabinet/item/276/276-8802.jpg"" width=""100%"" ></a>
</td>
<td>
<a target=""_top"" href=""http://item.rakuten.co.jp/ketchupper/362-1742/""><img src=""http://image.rakuten.co.jp/ketchupper/cabinet/item/362/362-1742.jpg"" width=""100%"" ></a>
</td>
<td>
<a target=""_top"" href=""http://item.rakuten.co.jp/ketchupper/594-8699/""><img src=""http://image.rakuten.co.jp/ketchupper/cabinet/item/594/594-8699.jpg"" width=""100%"" ></a>
</td>
<td>
<a target=""_top"" href=""http://item.rakuten.co.jp/ketchupper/202-8702/""><img src=""http://image.rakuten.co.jp/ketchupper/cabinet/item/202/202-8702.jpg"" width=""100%"" ></a>
</td>
</tr>
<tr align=""center"" valign=""top"">
<td>
<a target=""_top"" href=""http://item.rakuten.co.jp/ketchupper/276-8546/""><img src=""http://image.rakuten.co.jp/ketchupper/cabinet/item/276_1/276-8546ke.jpg"" width=""100%"" ></a>
</td>
<td>
<a target=""_top"" href=""http://item.rakuten.co.jp/ketchupper/41-8504/""><img src=""http://image.rakuten.co.jp/ketchupper/cabinet/item/41_3/41-8504.jpg"" width=""100%"" ></a>
</td>
<td>
<a target=""_top"" href=""http://item.rakuten.co.jp/ketchupper/19-8771/""><img src=""http://image.rakuten.co.jp/ketchupper/cabinet/item/19/19-8771.jpg"" width=""100%"" ></a>
</td>
<td>
<a target=""_top"" href=""http://item.rakuten.co.jp/ketchupper/276-8329/""><img src=""http://image.rakuten.co.jp/ketchupper/cabinet/item/276/276-8329.jpg"" width=""100%"" ></a>
</td>
<td>
<a target=""_top"" href=""http://item.rakuten.co.jp/ketchupper/276-8765/""><img src=""http://image.rakuten.co.jp/ketchupper/cabinet/item/276_1/276-8765ke.jpg"" width=""100%"" ></a>
</td>
<td>
<a target=""_top"" href=""http://item.rakuten.co.jp/ketchupper/276-8829/""><img src=""http://image.rakuten.co.jp/ketchupper/cabinet/item/276_1/276-8829.jpg"" width=""100%"" ></a>
</td>
<td>
<a target=""_top"" href=""http://item.rakuten.co.jp/ketchupper/276-3704/""><img src=""http://image.rakuten.co.jp/ketchupper/cabinet/item/276_1/276-3704.jpg"" width=""100%"" ></a>
</td>
</tr>
</table>
<!--ムーミンリンク-->
<hr><br>
<a href=""http://item.rakuten.co.jp/ketchupper/c/0000000442/""><img src=""http://image.rakuten.co.jp/ketchupper/cabinet/banner/moomins_420210.jpg"" width=""100%""></a><br>
<!--/ムーミンリンク--><hr>
<!--iPhone7--><center>
▼iPhone7ケースならKetchup!にお任せ▼<br>
<table width=""100%"">
<tr><td><a href=""http://item.rakuten.co.jp/ketchupper/c/0000000898/""><img  src=""http://image.rakuten.co.jp/ketchupper/cabinet/event/img/2016/ke_cate_ip7_img5.jpg"" width=""100%"" alt=""手帳型 シリコン ハード ソフト""></a></td></tr></table>
</center>
<!--/iPhone7--><hr>
<!--窓付きケース-->
▼窓付きケースってなに・・・？▼<br>
<a href=""http://www.rakuten.ne.jp/gold/ketchupper/feature/windowfea.html""><img src=""https://image.rakuten.co.jp/ketchupper/cabinet/banner/windowfea_700150.jpg"" width=""100%""></a><br><hr>
<!--/窓付きケース-->
</div><hr>＼＼送料込み<font size=""+1"" color=""tomato"">1,080円</font>　コスパ最強手帳型ケース／／<br>
<a href=""https://item.rakuten.co.jp/ketchupper/276-8754/"" target=""_top"">
<img src=""https://image.rakuten.co.jp/ketchupper/cabinet/banner/276-8754_700150.jpg"" width=""700"">
</a><!--ムーミンリンク-->
<hr><br>
<img src=""http://image.rakuten.co.jp/ketchupper/cabinet/banner/moomins_420210.jpg"" width=""100%""><br>
<!--/ムーミンリンク--><hr>
<!--iPhone7--><center><hr>
▼iPhone7ケースならKetchup!にお任せ▼<br>
<table width=""100%"">
<tr><td><img  src=""http://image.rakuten.co.jp/ketchupper/cabinet/event/img/2016/ke_cate_ip7_img5.jpg"" width=""100%"" alt=""手帳型 シリコン ハード ソフト""></td></tr></table>
</center>
<!--/iPhone7-->",ムーミン スマホケース iPhone7ケース iPhone7 ケース 窓付き 手帳型 【 iPhone 7ケース かわいい カバー ムーミン ミィ グッズ  窓 ムーミン スマホケース ムーミン スマホケース 】：Ketchup,スマホケースiPhoneケース可愛いxperia安いスマホスマホカバーキーホルダーストラップイヤホンスピーカーネットショップhameeハミィイヤホンジャックディズニーかわいい女子ファッション通販ムーミン スマホケース iPhone7ケース iPhone7 ケース 窓付き 手帳型 【 iPhone 7ケース かわいい カバー ムーミン ミィ グッズ  窓 ムーミン スマホケース ムーミン スマホケース 】,ムーミン スマホケース カード収納 キャラクター リトルミイ。ムーミン スマホケース iPhone7ケース iPhone7 ケース 窓付き 手帳型 【 iPhone 7ケース かわいい カバー ムーミン ミィ グッズ  窓 ムーミン スマホケース ムーミン スマホケース 】[rn]
23-92214,http://tshop.r10s.jp/ketchupper/cabinet/item/41_4/41-8866.jpg?fitin=700:700,2937.6000,,スマートフォン・タブレット > スマートフォンアクセサリー > スマートフォンケース,iPhone 7 Plus ケース iface iPhone7 plus 大理石 Marble 【  iPhone7プラス アイフォン7プラス 耐衝撃 ブランド 可愛い おしゃれ シンプル iphone7plus スマホケース  】,iPhone7 Plus ケース iface  iPhone7プラス 石 ストーン 大理石,"<div class=""productPage""><center>
<a href=""http://item.rakuten.co.jp/ketchupper/41-8860""><img src=""http://image.rakuten.co.jp/ketchupper/cabinet/banner/ip7pat_70080ke.gif"" width=""700""></a><br><br>
<img src=""http://image.rakuten.co.jp/keitai/cabinet/kisetukate/smart/for_ip7plus.jpg"" width=""700"" height=""85""><br><br>
<img src=""http://image.rakuten.co.jp/keitai/cabinet/item/41/page02/41-886601img01.jpg"" width=""700"" height=""433"" alt=""iPhone7plus iface First class 大理石 トップ画像""><br>
<img src=""http://image.rakuten.co.jp/keitai/cabinet/item/41/page02/41-886601img02.jpg"" width=""700"" height=""77"" alt=""iPhone7plus iface First class 大理石 トップ画像""><br><br>
<img src=""http://image.rakuten.co.jp/keitai/cabinet/item/41/page02/41-886601img16.jpg"" alt=""iPhone7plus iface First class 大理石 トップ画像""><br><br>
<img src=""http://image.rakuten.co.jp/keitai/cabinet/item/41/page02/41-886601img03.jpg"" width=""700"" height=""900"" alt=""iPhone7plus iface First class 大理石 トップ画像""><br><br>
<table border=""0"" width=""680"" cellpadding=""0"" cellspacing=""0"">
<tr>
<td align=""left"">
<font size=""2"">
光沢感のあるポリカーボネートにリアルなマーブル(大理石)デザインの iPhone7 Plus iFace の登場です。<br>
カジュアルにもシックにもどんなシーンにもぴったりマッチ。<br>
<br>
iFace First Classは女性のSラインをイメージした、なめらかで手にフィットする曲線が特徴的。ポリカーボネートとTPU、2つの素材の特性を生かし傷や衝撃からiPhoneを保護します。<br>
<br>
iPhoneケースはおしゃれなものを使いたい、けど大事な アイフォン7プラス もしっかり守りたい。そんなあなたにピッタリの iFace First Class Marbleです。
</font>
</td>
</tr>
</table>
<br>
<img src=""http://image.rakuten.co.jp/keitai/cabinet/item/41/page02/41-886601img04.jpg"" width=""700"" height=""700"" alt=""iPhone7plus iface First class 大理石 ポイント""><br><br>
<img src=""http://image.rakuten.co.jp/keitai/cabinet/item/41/page02/41-886601img05.jpg"" width=""700"" height=""700"" alt=""iPhone7plus iface First class 大理石 ポイント""><br><br>
<img src=""http://image.rakuten.co.jp/keitai/cabinet/item/41/page02/41-886601img06.jpg"" width=""700"" height=""700"" alt=""iPhone7plus iface First class 大理石 ポイント""><br><br>
<img src=""http://image.rakuten.co.jp/keitai/cabinet/item/41/page02/41-886601img07.jpg"" width=""700"" height=""700"" alt=""iPhone7plus iface First class 大理石 ポイント""><br><br>
<img src=""http://image.rakuten.co.jp/keitai/cabinet/syapage/title_9.gif"" width=""700"" height=""80"" alt=""iPhone7plus iface First class 大理石 種類""><br><br>
<img src=""http://image.rakuten.co.jp/keitai/cabinet/item/41/page02/41-886601img08.jpg"" width=""700"" height=""700"" alt=""iPhone7plus iface First class 大理石 種類""><br><br>
<img src=""http://image.rakuten.co.jp/keitai/cabinet/item/41/page02/41-886601img09.jpg"" width=""700"" height=""700"" alt=""iPhone7plus iface First class 大理石 種類""><br><br>
<img src=""http://image.rakuten.co.jp/keitai/cabinet/item/41/page02/41-886601img10.jpg"" width=""700"" height=""700"" alt=""iPhone7plus iface First class 大理石 種類""><br><br>
<img src=""http://image.rakuten.co.jp/keitai/cabinet/syapage/title_3.gif"" width=""700"" height=""80"" alt=""iPhone7plus iface First class 大理石 使用シーン""><br><br>
<img src=""http://image.rakuten.co.jp/keitai/cabinet/item/41/page02/41-886601img11.jpg"" width=""700"" height=""1200"" alt=""iPhone7plus iface First class 大理石 使用シーン""><br><br>
<img src=""http://image.rakuten.co.jp/keitai/cabinet/syapage/title_4.gif"" width=""700"" height=""80"" alt=""iPhone7plus iface First class 大理石 商品詳細""><br><br>
<img src=""http://image.rakuten.co.jp/keitai/cabinet/item/41/page02/41-886601img12.jpg"" width=""700"" height=""700"" alt=""iPhone7plus iface First class 大理石 商品詳細""><br><br>
<img src=""http://image.rakuten.co.jp/keitai/cabinet/item/41/page02/41-886601img13.jpg"" width=""700"" height=""700"" alt=""iPhone7plus iface First class 大理石 商品詳細""><br><br>
<img src=""https://image.rakuten.co.jp/ketchupper/cabinet/banner/ifacedeco-basic.jpg"" width=""700""><br><br>a
<img src=""http://image.rakuten.co.jp/keitai/cabinet/syapage/title_7.gif"" width=""700"" height=""80"" alt=""iPhone7plus iface First class 大理石 商品詳細""><br><br>
<table border=""0"" width=""700"" height=""350"" cellpadding=""0"" cellspacing=""0""><tbody><tr><td width=""345""><img src=""http://image.rakuten.co.jp/keitai/cabinet/item/41/page02/41-886601img14.jpg"" width=""345"" height=""350""></td><td width=""10""></td><td align=""left"">こちらのパッケージでお届けします。</td><td width=""10""></td></tr></tbody></table><br>
<img src=""http://image.rakuten.co.jp/keitai/cabinet/item/41/page02/41-886601img15.jpg""><br><br>
<img src=""http://image.rakuten.co.jp/keitai/cabinet/item/41/page02/41-886601img17.jpg""><br><br>
<table border=""0"" width=""680"" cellpadding=""0"" cellspacing=""0""><tr><td align=""left""><font size=""2"">※液晶面にガラスフィルム等を装着すると、フィルムの形状によっては本製品と干渉する場合がございます。<br>
※こちらの商品はデザインや仕様変更になる場合がございますので、予めご了承ください。<br>
</font></td></tr></table><br>
</center><!-- サイズ表ここから -->
<br><center>
<table width=""700"" cellpadding=""0"" cellspacing=""2"" class=""size_tbl"">
<tr>
<td width=""130""><b>サイズ表</b></td>
<td width=""10""></td>
<td width=""560""></td>
</tr>
<tr>
<td>ケース本体</td>
<td>：</td>
<td>約縦17.2×横8.7×厚1cm</td>
</tr>
<tr>
<td>パッケージ</td>
<td>：</td>
<td>約縦22.2×横12×厚2.5cm</td>
</tr>
<tr>
<td width=""130""><b>その他仕様</b></td>
<td width=""10""></td>
<td width=""560""></td>
</tr>
<tr>
<td>主素材</td>
<td>：</td>
<td>ポリカーボネート、TPU、鉄</td>
</tr>
<tr>
<td>ストラップ使用</td>
<td>：</td>
<td>可</td>
</tr>
</table>

<!-- サイズ表ここまで -->
<hr>
関連アイテム▼<br>
<table width=""700"" border=""0"" cellpadding=""5"" cellspacing=""0"">
<tr align=""center"" valign=""top"">
<td>
<a target=""_top"" href=""http://item.rakuten.co.jp/ketchupper/41-8778/""><img src=""http://image.rakuten.co.jp/keitai/cabinet/item/41_4/41-8778.jpg"" width=""100%"" border=""0"" ></a>
</td>
<td>
<a target=""_top"" href=""http://item.rakuten.co.jp/ketchupper/111-0057/""><img src=""http://image.rakuten.co.jp/keitai/cabinet/item/111_9/111-0057.jpg"" width=""100%"" border=""0"" ></a>
</td>
<td>
<a target=""_top"" href=""http://item.rakuten.co.jp/ketchupper/631-49/""><img src=""http://image.rakuten.co.jp/keitai/cabinet/item/631/631-49.jpg"" width=""100%"" border=""0"" ></a>
</td>
<td>
<a target=""_top"" href=""http://item.rakuten.co.jp/ketchupper/41-8862/""><img src=""http://image.rakuten.co.jp/keitai/cabinet/item/41_4/41-8862.jpg"" width=""100%"" border=""0"" ></a>
</td>
<td>
<a target=""_top"" href=""http://item.rakuten.co.jp/ketchupper/276-8850/""><img src=""http://image.rakuten.co.jp/keitai/cabinet/item/276_1/276-8850.jpg"" width=""100%"" border=""0"" ></a>
</td>
<td>
<a target=""_top"" href=""http://item.rakuten.co.jp/ketchupper/41-8864/""><img src=""http://image.rakuten.co.jp/keitai/cabinet/item/41_4/41-8864.jpg"" width=""100%"" border=""0"" ></a>
</td>
<td>
<a target=""_top"" href=""http://item.rakuten.co.jp/ketchupper/41-8777/""><img src=""http://image.rakuten.co.jp/keitai/cabinet/item/41_4/41-8777.jpg"" width=""100%"" border=""0"" ></a>
</td>
</tr>
<tr>
<td colspan=""7""><a href=""http://item.rakuten.co.jp/ketchupper/41-84/""><img src=""https://image.rakuten.co.jp/ketchupper/cabinet/banner/41-842232_700150.jpg""></a></td></tr>
</table>
<!--ガラス--><hr><center><b>▼合わせておすすめ！▼</b></center><a href=""http://item.rakuten.co.jp/ketchupper/151-4558/""><img src=""http://image.rakuten.co.jp/keitai/cabinet/item/151/page01/151-455800img01.jpg"" width=""700""></a><br><hr><!--/ガラス-->

<!--ハンドリンカー-->
▼一緒に使えば落下防止に大活躍▼<br>
<a href=""http://search.rakuten.co.jp/search/mall/handlinker/?sid=313546""><img src=""http://image.rakuten.co.jp/keitai/cabinet/banner3/41-8018_700150.jpg"" width=""700""></a><br>
<!--/ハンドリンカー--><hr>
<!--対策-->
<table width=""700"" border=""0"" cellpadding=""5"" cellspacing=""0"" bgcolor=""#ededed"">
<tr>
<td colspan=""3"" align=""center"">▼ 落下防止！スマホケースにつけるだけで<b>リング付きケース</b>に早変わり ▼</td></tr>
<tr align=""center"" valign=""top"">
<td>
<a target=""_top"" href=""http://item.rakuten.co.jp/ketchupper/129-8593/""><img ="""" src=""http://thumbnail.image.rakuten.co.jp/@0_mall/ketchupper/cabinet/item/129/129-8593.jpg"" width=""100%"" alt=""リング""></a>
</td>
<td>
<a target=""_top"" href=""http://item.rakuten.co.jp/ketchupper/129-950803/""><img ="""" src=""http://thumbnail.image.rakuten.co.jp/@0_mall/ketchupper/cabinet/item/129/129-950803.jpg"" width=""100%"" alt=""リング""></a>
</td>
<td>
<a target=""_top"" href=""http://item.rakuten.co.jp/ketchupper/129-951/""><img ="""" src=""http://thumbnail.image.rakuten.co.jp/@0_mall/ketchupper/cabinet/item/129/129-951.jpg"" width=""100%"" alt=""リング""></a>
</td>
</tr>
</table>
<!--/対策-->
</center>
</div>


<!--納期ここから--><br><div class=""reservWord""><dl><dt>※予約販売※</dt><dd> こちらの商品は<b>「1.iPhone7Plus用ホワイト」「2.iPhone7Plus用ブラック」は6月上旬、「3.iPhone7Plus用ピンク」は6月中旬入荷予定</b>になります。入荷次第、発送いたします。</dd><dd>予約品と在庫品を一緒にご購入の場合は、すべての商品が揃ってから発送いたします。 </dd><dd>個別発送を希望の場合は、それぞれ別々にご購入ください。</dd><dd>やむを得ず入荷日が変更になる場合は、メールにてご連絡いたします。</dd></dl></div><!--納期ここまで-->
<!--iface-->
<table width=""100%"">
<tr align=""center"" valign=""top"">
<td>
<img src=""http://image.rakuten.co.jp/keitai/cabinet/event/img/2015/iface_201509_01.gif"" width=""100%"" alt=""アイフェイス"">
</td>
</tr>
</table>
<!--/iface-->
<!--iPhone7Pus--><center><hr>
▼iPhone7PlusケースならKetchup!にお任せ▼<br>
<table width=""100%"">
<tr><td><img  src=""http://image.rakuten.co.jp/ketchupper/cabinet/event/img/2016/ke_cate_ip7p_700433.jpg"" width=""100%"" alt=""手帳型 シリコン ハード ソフト""></td></tr></table>
</center>
<!--エビデンス--><br><font size=""2"">メーカー希望小売価格はメーカーサイトに基づいて掲載しています</font><br><br>
<img src=""http://image.rakuten.co.jp/ketchupper/cabinet/evidence/evidence-41-8866.jpg"" width=""100%""><!--/エビデンス-->",iPhone 7 Plus ケース iface iPhone7 plus 大理石 Marble 【  iPhone7プラス アイフォン7プラス 耐衝撃 ブランド 可愛い おしゃれ シンプル iphone7plus スマホケース  】：Ketchup,スマホケースiPhoneケース可愛いxperia安いスマホスマホカバーキーホルダーストラップイヤホンスピーカーネットショップhameeハミィイヤホンジャックディズニーかわいい女子ファッション通販iPhone 7 Plus ケース iface iPhone7 plus 大理石 Marble 【  iPhone7プラス アイフォン7プラス 耐衝撃 ブランド 可愛い おしゃれ シンプル iphone7plus スマホケース  】,iPhone7 Plus ケース iface  iPhone7プラス 石 ストーン 大理石。iPhone 7 Plus ケース iface iPhone7 plus 大理石 Marble 【  iPhone7プラス アイフォン7プラス 耐衝撃 ブランド 可愛い おしゃれ シンプル iphone7plus スマホケース  】[rn]
23-92215,http://tshop.r10s.jp/ketchupper/cabinet/item/41_4/41-8828.jpg?fitin=700:700,2419.2000,,スマートフォン・タブレット > スマートフォンアクセサリー > スマートフォンケース,iPhone7 ケース iface sense iphone7ケース 【 iPhone ケース アイフォン7 ブランド アイフェイス 耐衝撃 センス 】,指紋も目立たない素材感にクラシックカラーがあなたにぴったり！,"<div class=""productPage""><center><a href=""http://item.rakuten.co.jp/ketchupper/41-8830""><img src=""http://image.rakuten.co.jp/ketchupper/cabinet/banner/ip7ppat_70080ke.gif"" width=""100%""></a><br><br>
<img src=""http://image.rakuten.co.jp/keitai/cabinet/kisetukate/smart/for_ip7.jpg"" width=""700"" height=""85""><br><br>
<img src=""http://image.rakuten.co.jp/keitai/cabinet/item/196/page01/196-198643img10.jpg"" width=""700"" height=""50""><br><br>
<img src=""http://image.rakuten.co.jp/ketchupper/cabinet/item/41_4/page01/41-8828img01.jpg"" width=""700"" height=""433""><br>
<table border=""0"" width=""700"" cellpadding=""0"" cellspacing=""0""><tr><td align=""right"" class=""itemCopy""><font size=""2""> </font></td></tr></table><br>
<img src=""http://image.rakuten.co.jp/keitai/cabinet/item/41/page02/41-882818img02.gif"" width=""700"" height=""77""><br><br>
<table border=""0"" width=""680"" cellpadding=""0"" cellspacing=""0"">
<tr>
<td align=""left"">
<font size=""2"">
大人気ケースiFace First Classから、<br>
iPhone 7専用 落ち着いた重厚感のある質感がオシャレな「Sense」が登場しました。<br>
<br>
iFace First Classは女性のSラインをイメージした、なめらかで手にフィットする曲線が特徴的で<br>
ポリカーボネートとTPU2つの素材の特性を生かし、傷や衝撃からアイフォンをしっかり保護します。<br>
<br>
「Sense」はiFace First Classの形状に、落ち着いたカラーリング、触り心地の良いマットな質感をプラス。<br>
iPhone7にいつもとは違う洗練された印象を与えてくれます。<br>
<br>
また皮脂跡も付きにくい素材なので、いつでもサラサラで美しい状態でご使用いただけます。
</font>
</td>
</tr>
</table>
<br>
<img src=""http://image.rakuten.co.jp/ketchupper/cabinet/item/41_4/page01/41-8828img02.jpg""><br><br>
<img src=""http://image.rakuten.co.jp/keitai/cabinet/syapage/title_1.gif"" width=""700"" height=""80""><br><br>
<img src=""http://image.rakuten.co.jp/keitai/cabinet/item/41/page02/41-882818img04.jpg"" width=""700"" height=""700""><br><br>
<hr><br>
<img src=""http://image.rakuten.co.jp/keitai/cabinet/item/41/page02/41-882818img05.jpg"" width=""700"" height=""700""><br><br>
<hr><br>
<img src=""http://image.rakuten.co.jp/keitai/cabinet/item/41/page02/41-882818img06.jpg"" width=""700"" height=""700""><br><br>
<hr><br>
<img src=""http://image.rakuten.co.jp/keitai/cabinet/item/41/page02/41-882818img07.jpg"" width=""700"" height=""700""><br><br>
<img src=""http://image.rakuten.co.jp/keitai/cabinet/syapage/title_3.gif"" width=""700"" height=""80""><br><br>
<img src=""http://image.rakuten.co.jp/keitai/cabinet/item/41/page02/41-882818img08.jpg"" width=""700"" height=""900""><br><br>
<img src=""http://image.rakuten.co.jp/keitai/cabinet/syapage/title_4.gif"" width=""700"" height=""80""><br><br>
<img src=""http://image.rakuten.co.jp/keitai/cabinet/item/41/page02/41-882818img09.jpg"" width=""700"" height=""700""><br><br>
<hr><br>
<img src=""http://image.rakuten.co.jp/keitai/cabinet/item/41/page02/41-882818img10.jpg"" width=""700"" height=""700""><br><br>
<hr><br>
<img src=""http://image.rakuten.co.jp/ketchupper/cabinet/item/41_4/page01/41-8828img03.jpg"" width=""700""><br><br>
<img src=""https://image.rakuten.co.jp/ketchupper/cabinet/banner/ifacedeco-basic.jpg"" width=""700""><br><br>
<img src=""http://image.rakuten.co.jp/keitai/cabinet/syapage/licence_02.gif"" width=""700"" height=""650""><br><br>
<img src=""http://image.rakuten.co.jp/keitai/cabinet/syapage/licence_01.gif"" width=""700"" height=""600""><br><br>
<img src=""http://image.rakuten.co.jp/keitai/cabinet/syapage/iface-assurance_02_7.jpg"" width=""700"" height=""350""><br><br>
<table border=""0"" width=""680"" cellpadding=""0"" cellspacing=""0""><tr><td align=""left""><font size=""2"">※液晶面にガラスフィルム等を装着すると、フィルムの形状によっては本製品と干渉する場合がございます。<br>
※こちらの商品は表面の加工上ひっかき傷がつきやすい仕様となっておりますのであらかじめご了承ください。<br>
※こちらの商品は背面に特殊な加工を施し細かい凹凸があるため、粘着テープを使用する落下防止器具などが付きにくい仕様となっております。<br>
※こちらの商品はデザインや仕様が予行なく変更する場合がございますので、予めご了承ください。</font></td></tr></table><br>
</center><!-- サイズ表ここから -->
<br><center>
<table width=""700"" cellpadding=""0"" cellspacing=""2"" class=""size_tbl"">
<tr>
<td width=""130""><b>サイズ表</b></td>
<td width=""10""></td>
<td width=""560""></td>
</tr>
<tr>
<td>ケース本体</td>
<td>：</td>
<td>約縦15.2×横7.2×厚1.1cm</td>
</tr>
<tr>
<td width=""130""><b>その他仕様</b></td>
<td width=""10""></td>
<td width=""560""></td>
</tr>
<tr>
<td>主素材</td>
<td>：</td>
<td>TPU、ポリカーボネート、鉄</td>
</tr>
<tr>
<td>セット内容</td>
<td>：</td>
<td>ケース本体</td>
</tr>
<tr>
<td>ストラップ使用</td>
<td>：</td>
<td>可</td>
</tr>
</table>
</center>
<!-- サイズ表ここまで -->
<!--ガラス--><hr><center><b>▼合わせておすすめ！▼</b></center><a href=""http://item.rakuten.co.jp/ketchupper/276-8764/""><img ="""" src=""https://image.rakuten.co.jp/ketchupper/cabinet/banner/iface-film.jpg"" width=""700""></a><br><hr><!--/ガラス-->
<!--ハンドリンカー-->
<a href=""http://search.rakuten.co.jp/search/inshop-mall/handlinker/-/f.1-p.1-s.1-sf.0-sid.313546-st.A-v.3""><img src=""https://image.rakuten.co.jp/ketchupper/cabinet/banner/handlinker_700433.jpg"" width=""700""></a><br>

</div>

<!--iPhone7--><center>
▼iPhone7ケースならKetchup!にお任せ▼<br>
<table width=""100%"">
<tr><td><img src=""http://image.rakuten.co.jp/ketchupper/cabinet/event/img/2016/ke_cate_ip7_img5.jpg"" width=""100%"" alt=""手帳型 シリコン ハード ソフト""></td></tr></table>
</center>
<!--/iPhone7--><hr>
<!--sidecolor--><table width=""100%"" bgcolor=""#ededed"">
<tr><td>▼シリコンなような柔らかさのTPU、ハードケースタイプあります▼</td></tr>
<tr><td><img src=""http://image.rakuten.co.jp/ketchupper/cabinet/banner/sidec_700150.jpg"" width=""100%""></td></tr></table>
<!--/sidecolor--><hr>
<!--エビデンス--><br><font size=""2"">メーカー希望小売価格はメーカーサイトに基づいて掲載しています</font><br><br>
<img src=""http://image.rakuten.co.jp/ketchupper/cabinet/evidence/evidence-41-8828.jpg"" width=""100%"">
<!--/エビデンス--><br><br>",iPhone7 ケース iface sense iphone7ケース 【 iPhone ケース アイフォン7 ブランド アイフェイス 耐衝撃 センス 】：Ketchup,スマホケースiPhoneケース可愛いxperia安いスマホスマホカバーキーホルダーストラップイヤホンスピーカーネットショップhameeハミィイヤホンジャックディズニーかわいい女子ファッション通販iPhone7 ケース iface sense iphone7ケース 【 iPhone ケース アイフォン7 ブランド アイフェイス 耐衝撃 センス 】,指紋も目立たない素材感にクラシックカラーがあなたにぴったり！。iPhone7 ケース iface sense iphone7ケース 【 iPhone ケース アイフォン7 ブランド アイフェイス 耐衝撃 センス 】[rn]
23-92216,http://tshop.r10s.jp/ketchupper/cabinet/item/41_4/41-8775ke.jpg?fitin=700:700,2419.2000,,スマートフォン・タブレット > スマートフォンアクセサリー > スマートフォンケース,iPhone7 ケースかわいい iface アイフェイス パステル pastel 【 iPhone7 ケース iface アイフォン7ケース iphone7ケース ブランド iphoneケース 可愛い iface iphone7 case スマホケース ケース 耐衝撃 7ケース 】,ピンク ミントグリーン 紫 スマホカバー 携帯ケース padtel,"<div class=""productPage""><center>
<img src=""http://image.rakuten.co.jp/keitai/cabinet/kisetukate/smart/for_ip7.jpg"" width=""700"" height=""85""><br><br>
<img src=""http://image.rakuten.co.jp/keitai/cabinet/item/41/page02/41-877531img01.jpg"" width=""700"" height=""433""><br>
<img src=""http://image.rakuten.co.jp/keitai/cabinet/item/41/page02/41-877500img02.gif"" width=""700"" height=""77""><br><br>
<table border=""0"" width=""680"" cellpadding=""0"" cellspacing=""0"">
<tr>
<td align=""left"">
<font size=""2"">
あの大人気ケースiFace First Class PastelからiPhone 7(4.7インチ)専用ケースが登場。<br>
<br>
<br>
女性のSラインをイメージした、なめらかな曲線のデザインが特徴的。<br>
その独特の形状が手にフィットし、とても持ちやすくスマホ操作時の安定感が増します。<br>
<br>
ポリカーボネートとTPU、2つの素材の特徴を生かし、傷や衝撃からiPhoneを保護する耐衝撃ケース。<br>
優しい淡いパステルカラーは、持つだけで気分まで明るくなっちゃいます。
</font>
</td>
</tr>
</table>
<br>
<img src=""http://image.rakuten.co.jp/keitai/cabinet/syapage/title_1.gif"" width=""700"" height=""80""><br><br>
<img src=""http://image.rakuten.co.jp/ketchupper/cabinet/item/41_4/page01/41-877500img03.jpg"" width=""700""><br><br>
<img src=""http://image.rakuten.co.jp/ketchupper/cabinet/item/41_4/page01/41-877500img05.jpg"" width=""700""><br><br>
<img src=""http://image.rakuten.co.jp/ketchupper/cabinet/item/41_4/page01/41-877500img04.jpg"" width=""700""><br><br>
<img src=""http://image.rakuten.co.jp/ketchupper/cabinet/item/41_4/page01/41-877500img06.jpg"" width=""700""><br><br>
<a href=""http://item.rakuten.co.jp/ketchupper/41-8503/""><img src=""http://image.rakuten.co.jp/keitai/cabinet/banner3/41-850312_700150.jpg"" width=""700""></a><br><br>
<img src=""http://image.rakuten.co.jp/keitai/cabinet/syapage/title_3.gif"" width=""700"" height=""80""><br><br>
<img src=""http://image.rakuten.co.jp/ketchupper/cabinet/item/41_4/page01/41-877500img07a.jpg"" width=""700""><br><br>
<img src=""http://image.rakuten.co.jp/ketchupper/cabinet/item/41_4/page01/41-877500img07b.jpg"" width=""700""><br><br>
<img src=""http://image.rakuten.co.jp/ketchupper/cabinet/item/41_4/page01/41-877500img07c.jpg"" width=""700""><br><br>
<img src=""http://image.rakuten.co.jp/keitai/cabinet/item/41/page02/41-877531img07.jpg"" alt=""種類。"" width=""700"" height=""900""><br><br>
<img src=""http://image.rakuten.co.jp/keitai/cabinet/syapage/title_4.gif"" width=""700"" height=""80""><br><br>
<img src=""http://image.rakuten.co.jp/keitai/cabinet/item/41/page02/41-877500img08.jpg"" width=""700"" height=""500""><br><br>
<img src=""https://image.rakuten.co.jp/ketchupper/cabinet/banner/ifacedeco-pastel.jpg"" width=""700""><br><br>
<img src=""http://image.rakuten.co.jp/keitai/cabinet/syapage/title_7.gif"" width=""700"" height=""80""><br><br>
<table border=""0"" width=""700"" height=""350"" cellpadding=""0"" cellspacing=""0""><tbody><tr><td width=""345""><img src=""http://image.rakuten.co.jp/keitai/cabinet/item/41/page02/41-877500img10.jpg"" width=""345"" height=""350""></td><td width=""10""></td><td align=""left"">こちらのパッケージでお届けします。</td><td width=""10""></td></tr></tbody></table><br>
<br>
<img src=""http://image.rakuten.co.jp/keitai/cabinet/syapage/licence_02.gif"" width=""700"" height=""650""><br><br>
<img src=""http://image.rakuten.co.jp/keitai/cabinet/syapage/licence_01.gif"" width=""700"" height=""600""><br><br>
<table border=""0"" width=""680"" cellpadding=""0"" cellspacing=""0""><tr><td align=""left""><font size=""2"">※液晶面にガラスフィルム等を装着すると、フィルムの形状によっては本製品と干渉する場合がございます。<br>
※こちらの商品はデザインや仕様変更になる場合がございますので、予めご了承ください。</font></td></tr></table><br>
</center><br><center>
<table width=""700"" cellpadding=""0"" cellspacing=""2"" class=""size_tbl"">
<tr>
<td width=""130""><b>サイズ表</b></td>
<td width=""10""></td>
<td width=""560""></td>
</tr>
<tr>
<td>ケース本体</td>
<td>：</td>
<td>約縦15×横7.8×厚1cm</td>
</tr>
<tr>
<td width=""130""><b>その他仕様</b></td>
<td width=""10""></td>
<td width=""560""></td>
</tr>
<tr>
<td>主素材</td>
<td>：</td>
<td>TPU、ポリカーボネート、鉄</td>
</tr>
<tr>
<td>セット内容</td>
<td>：</td>
<td>ケース本体</td>
</tr>
<tr>
<td>ストラップ使用</td>
<td>：</td>
<td>可</td>
</tr>
</table>
</center>
<hr>
<a href=""http://item.rakuten.co.jp/ketchupper/41-8778/""><img src=""http://image.rakuten.co.jp/ketchupper/cabinet/banner/ip7ppat_70080ke.gif"" width=""700""></a><br><br>
<a href=""http://item.rakuten.co.jp/ketchupper/41-8343/""><img src=""http://image.rakuten.co.jp/ketchupper/cabinet/banner/ip6ppat_70080ke.gif"" width=""700""></a><br><br>
<a href=""http://item.rakuten.co.jp/ketchupper/41-8342/""><img src=""http://image.rakuten.co.jp/ketchupper/cabinet/banner/ip6pat_70080ke.gif"" width=""700""></a><br><br>
<!-- バリエリンク -->
<center>
<table width=""700"" border=""0"" cellpadding=""1"" cellspacing=""0"">
<tr>
<td colspan=""7"" align=""left"">
<hr style=""border-style:solid; border-color:#000000; border-bottom-width:0px;"">
<font size=""2""><b>▼その他関連商品はこちら</b></font></td>
</tr>
<tr align=""center"" valign=""top"">
<td width=""100""><a target=""_top"" href=""http://item.rakuten.co.jp/ketchupper/41-8779/""> <img src=""http://thumbnail.image.rakuten.co.jp/@0_mall/ketchupper/cabinet/item/41_4/41-8779.jpg?_ex=90x90"" width=""90"" height=""90"" border=""0""><br></a></td>
<td width=""100""><a target=""_top"" href=""http://item.rakuten.co.jp/ketchupper/41-8780/""> <img src=""http://thumbnail.image.rakuten.co.jp/@0_mall/ketchupper/cabinet/item/41_4/41-8780.jpg?_ex=90x90"" width=""90"" height=""90"" border=""0""><br></a></td>
<td width=""100""><a target=""_top"" href=""http://item.rakuten.co.jp/ketchupper/41-8784/""> <img src=""http://thumbnail.image.rakuten.co.jp/@0_mall/ketchupper/cabinet/item/41_4/41-8784.jpg?_ex=90x90"" width=""90"" height=""90"" border=""0""><br></a></td>
<td width=""100""><a target=""_top"" href=""http://item.rakuten.co.jp/ketchupper/276-8801/""> <img src=""http://thumbnail.image.rakuten.co.jp/@0_mall/ketchupper/cabinet/item/276/276-8801.jpg?_ex=90x90"" width=""90"" height=""90"" border=""0""><br></a></td>
<td width=""100""><a target=""_top"" href=""http://item.rakuten.co.jp/ketchupper/276-8802/""> <img src=""http://thumbnail.image.rakuten.co.jp/@0_mall/ketchupper/cabinet/item/276/276-8802.jpg?_ex=90x90"" width=""90"" height=""90"" border=""0""><br></a></td>
<td width=""100""><a target=""_top"" href=""http://item.rakuten.co.jp/ketchupper/41-8783/""> <img src=""http://thumbnail.image.rakuten.co.jp/@0_mall/ketchupper/cabinet/item/41_4/41-8783.jpg?_ex=90x90"" width=""90"" height=""90"" border=""0""><br></a></td>
<td width=""100""><a target=""_top"" href=""http://item.rakuten.co.jp/ketchupper/41-8782/""> <img src=""http://thumbnail.image.rakuten.co.jp/@0_mall/ketchupper/cabinet/item/41_4/41-8782.jpg?_ex=90x90"" width=""90"" height=""90"" border=""0""><br></a></td>
</tr>
</table><hr>
</center>
<!-- バリエリンク_end -->

<!--ガラス--><center><b>▼合わせておすすめ！▼</b></center><a href=""http://item.rakuten.co.jp/ketchupper/276-8764/""><img ="""" src=""https://image.rakuten.co.jp/ketchupper/cabinet/banner/iface-film.jpg"" width=""700""></a><br><hr><!--/ガラス-->

<!--対策-->
<table width=""700"" border=""0"" cellpadding=""5"" cellspacing=""0"" bgcolor=""#ededed"">
<tr>
<td colspan=""3"" align=""center"">▼ 落下防止！スマホケースにつけるだけで<b>リング付きケース</b>に早変わり ▼</td></tr>
<tr align=""center"" valign=""top"">
<td>
<a target=""_top"" href=""http://item.rakuten.co.jp/ketchupper/129-8593/""><img src=""http://thumbnail.image.rakuten.co.jp/@0_mall/ketchupper/cabinet/item/129/129-8593.jpg?_ex=230x230"" width=""230"" height=""230"" alt=""リング""></a>
</td>
<td>
<a target=""_top"" href=""http://item.rakuten.co.jp/ketchupper/129-950803/""><img src=""http://thumbnail.image.rakuten.co.jp/@0_mall/ketchupper/cabinet/item/129/129-950803.jpg?_ex=230x230"" width=""230"" height=""230"" alt=""リング""></a>
</td>
<td>
<a target=""_top"" href=""http://item.rakuten.co.jp/ketchupper/129-951/""><img src=""http://thumbnail.image.rakuten.co.jp/@0_mall/ketchupper/cabinet/item/129/129-951.jpg?_ex=230x230"" width=""230"" height=""230"" alt=""リング""></a>
</td>
</tr>
</table>
<!--/対策-->
</center>
</div><!--iface-->
<table width=""100%"" border=""0"" cellpadding=""5"" cellspacing=""0"" bgcolor=""#ededed"">
<tr>
<td align=""center"">▼ ifaceシリーズこちらから ▼</td></tr>
<tr align=""center"" valign=""top"">
<td>
<img src=""http://image.rakuten.co.jp/keitai/cabinet/event/img/2015/iface_201509_01.gif"" width=""100%"" alt=""アイフェイス"">
</td>
</tr>
</table>
<!--/iface-->
<hr>
<!--対策-->
<table width=""100%"" border=""0"" cellpadding=""5"" cellspacing=""0"" bgcolor=""#ededed"">
<tr>
<td colspan=""3"" align=""center"">▼ 落下防止！スマホケースにつけるだけで<b>リング付きケース</b>に早変わり ▼</td></tr>
<tr align=""center"" valign=""top"">
<td>
<img src=""http://thumbnail.image.rakuten.co.jp/@0_mall/ketchupper/cabinet/item/129/129-8593.jpg"" width=""100%"" alt=""リング"">
</td>
<td>
<img src=""http://thumbnail.image.rakuten.co.jp/@0_mall/ketchupper/cabinet/item/129/129-950803.jpg"" width=""100%"" alt=""リング"">
</td>
<td>
<img src=""http://thumbnail.image.rakuten.co.jp/@0_mall/ketchupper/cabinet/item/129/129-951.jpg"" width=""100%"" alt=""リング"">
</td>
</tr>
</table>

<!--/対策-->",iPhone7 ケースかわいい iface アイフェイス パステル pastel 【 iPhone7 ケース iface アイフォン7ケース iphone7ケース ブランド iphoneケース 可愛い iface iphone7 case スマホケース ケース 耐衝撃 7ケース 】：Ketchup,スマホケースiPhoneケース可愛いxperia安いスマホスマホカバーキーホルダーストラップイヤホンスピーカーネットショップhameeハミィイヤホンジャックディズニーかわいい女子ファッション通販iPhone7 ケースかわいい iface アイフェイス パステル pastel 【 iPhone7 ケース iface アイフォン7ケース iphone7ケース ブランド iphoneケース 可愛い iface iphone7 case スマホケース ケース 耐衝撃 7ケース 】,ピンク ミントグリーン 紫 スマホカバー 携帯ケース padtel 。iPhone7 ケースかわいい iface アイフェイス パステル pastel 【 iPhone7 ケース iface アイフォン7ケース iphone7ケース ブランド iphoneケース 可愛い iface iphone7 case スマホケース ケース 耐衝撃 7ケース 】[rn]
23-92217,http://tshop.r10s.jp/ketchupper/cabinet/item/41_4/41-8783.jpg?fitin=700:700,3110.4000,,スマートフォン・タブレット > スマートフォンアクセサリー > スマートフォンケース,iPhone7 ケース MARVEL マーベル iFace アイフェイス ケース【 iPhone 7 iphone7 スマホケースアイフォン7 アイフォン ケース スマホ iphone  携帯ケース 】,ボックスロゴがかっこいい！MARVELのアイフェイス登場！,"<!--marvelガラス--><br><center><b>▼合わせ買いにおすすめ！▼</b></center><br>
<a href=""http://item.rakuten.co.jp/ketchupper/276-8748/""><img src=""http://image.rakuten.co.jp/ketchupper/cabinet/banner/276-874806_700150.jpg"" width=""100%""></a><hr><br><!--/marvelガラス-->
<div class=""productPage""><center>
<!--ip6link--><br>
<a href=""http://item.rakuten.co.jp/ketchupper/41-8631/""><img src=""http://image.rakuten.co.jp/ketchupper/cabinet/banner/ip6pat_70080ke.gif"" width=""100%""></a><br>
<!--/ip6link-->
<img src=""http://image.rakuten.co.jp/keitai/cabinet/item/196/page01/196-198643img10.jpg"" width=""700"" height=""50""><br><br>
<img src=""http://image.rakuten.co.jp/keitai/cabinet/kisetukate/smart/for_ip7.jpg"" width=""700"" height=""85""><br><br>
<img src=""http://image.rakuten.co.jp/ketchupper/cabinet/item/41_4/page01/41-8783img01.jpg"" width=""700"" height=""433""><br>
<img src=""http://image.rakuten.co.jp/keitai/cabinet/syapage/licence_01.gif"" width=""700"" height=""600""><br>
<img src=""http://image.rakuten.co.jp/keitai/cabinet/item/41/page02/41-878309img02.gif"" width=""700"" height=""77""><br><br>
<table border=""0"" width=""680"" cellpadding=""0"" cellspacing=""0"">
<tr>
<td align=""left"">
<font size=""2"">
iFace First Classから待望の「MARVEL」デザインが登場！<br>
スパイダーマン、アイアンマン、キャプテン・アメリカ、ハルクなど憧れのヒーロー達が大集合！<br>
さらに女性も持ちやすいファッショナブルなコミック柄や、「MARVEL」のロゴを全面にデザインしたケースも。<br>
<br>
iFace First Classは、女性のSラインをイメージした、なめらかな曲線が特徴的。<br>
その独特の形状が手にフィットし、とても持ちやすく操作時の安定感が増します。<br>
ポリカーボネートとTPU、2つの素材の特徴を生かし、傷や衝撃からiPhoneを保護します。<br>
<br>
「MARVELコミック」のアートがデザインされたケースで、あなたもヒーロー気分！
</font>
</td>
</tr>
</table>
<br>
<img src=""http://image.rakuten.co.jp/ketchupper/cabinet/item/41_4/page01/41-8783img03.jpg"" width=""700""><br><br>
<img src=""http://image.rakuten.co.jp/keitai/cabinet/syapage/title_1.gif"" width=""700"" height=""80""><br><br>
<img src=""http://image.rakuten.co.jp/keitai/cabinet/item/41/page02/41-878309img04.jpg"" width=""700"" height=""700""><br><br>
<img src=""http://image.rakuten.co.jp/keitai/cabinet/item/41/page02/41-878309img05.jpg"" width=""700"" height=""600""><br><br>
<img src=""http://image.rakuten.co.jp/keitai/cabinet/syapage/title_3.gif"" width=""700"" height=""80""><br><br>
<img src=""http://image.rakuten.co.jp/keitai/cabinet/item/41/page02/41-878309img06.jpg"" width=""700"" height=""433""><br><br>
<img src=""http://image.rakuten.co.jp/keitai/cabinet/item/41/page02/41-878309img07.jpg"" width=""700"" height=""1000""><br><br>
<img src=""http://image.rakuten.co.jp/keitai/cabinet/syapage/title_4.gif"" width=""700"" height=""80""><br><br>
<img src=""http://image.rakuten.co.jp/keitai/cabinet/item/41/page02/41-878309img08.jpg"" width=""700"" height=""350""><br><br>
<img src=""http://image.rakuten.co.jp/keitai/cabinet/item/41/page02/41-878309img09.jpg"" alt=""商品詳細。"" width=""700"" height=""500""><br><br>
<img src=""http://image.rakuten.co.jp/keitai/cabinet/item/41/page02/41-878309img10.jpg"" alt=""商品仕様。"" width=""700"" height=""700""><br><br>
<img src=""http://image.rakuten.co.jp/keitai/cabinet/item/41/page02/41-878309img11.jpg"" alt=""3000mAh充電器とコーディネート。"" width=""700"" height=""600""><br><br>
<img src=""http://image.rakuten.co.jp/keitai/cabinet/syapage/title_7.gif"" alt=""パッケージ"" width=""700"" height=""80""><br><br>
<table border=""0"" width=""700"" height=""350"" cellpadding=""0"" cellspacing=""0""><tbody><tr><td width=""345""><img src=""http://image.rakuten.co.jp/keitai/cabinet/item/41/page02/41-878309img12.jpg"" alt=""マーベルifaceパッケージ"" width=""345"" height=""350""></td><td width=""10""></td><td align=""left"">こちらのパッケージでお届けします。</td><td width=""10""></td></tr></tbody></table><br>

<img src=""http://image.rakuten.co.jp/ketchupper/cabinet/item/41_4/page01/41-8783img02.jpg"" width=""700""><br><br>
<img src=""http://image.rakuten.co.jp/ketchupper/cabinet/item/41_4/page01/41-8783img04.jpg"" width=""700""><br><br>
<br>


<table border=""0"" width=""680"" cellpadding=""0"" cellspacing=""0""><tr><td align=""left""><font size=""2"">※液晶面にガラスフィルム等を装着すると、フィルムの形状によっては本製品と干渉する場合がございます。</font></td></tr></table><br>
<img src=""http://image.rakuten.co.jp/keitai/cabinet/syapage/licence_02.gif"" width=""700"" height=""650""><br><br>
</center><!-- サイズ表ここから -->
<br><center>
<table width=""700"" cellpadding=""0"" cellspacing=""2"" class=""size_tbl"">
<tr>
<td width=""130""><b>サイズ表</b></td>
<td width=""10""></td>
<td width=""560""></td>
</tr>
<tr>
<td>本体</td>
<td>：</td>
<td>約縦15×横7.6×厚1cm</td>
</tr>
<tr>
<td>パッケージ</td>
<td>：</td>
<td>約縦20.7×横11.1×厚2.5cm</td>
</tr>
<tr>
<td width=""130""><b>その他仕様</b></td>
<td width=""10""></td>
<td width=""560""></td>
</tr>
<tr>
<td>主素材</td>
<td>：</td>
<td>TPU、ポリカーボネート、鉄</td>
</tr>
<tr>
<td>ストラップ使用</td>
<td>：</td>
<td>可</td>
</tr>
<tr>
<td>セット内容</td>
<td>：</td>
<td>ケース本体</td>
</tr>
</table>
</center>
<!-- サイズ表ここまで -->
<!--ハンドリンカー--><hr>
<a href=""http://search.rakuten.co.jp/search/inshop-mall/handlinker/-/f.1-p.1-s.1-sf.0-sid.313546-st.A-v.3""><img src=""https://image.rakuten.co.jp/ketchupper/cabinet/banner/handlinker_700433.jpg"" width=""700""></a><br><!-- バリエリンク -->
<center>
<table width=""700"" border=""0"" cellpadding=""1"" cellspacing=""0"">
<tr>
<td colspan=""7"" align=""left"">
<hr style=""border-style:solid; border-color:#000000; border-bottom-width:0px;"">
<font size=""2""><b>▼その他関連商品はこちら</b></font></td>
</tr>
<tr align=""center"" valign=""top"">
<td width=""100""><a target=""_top"" href=""http://item.rakuten.co.jp/ketchupper/41-8783/""> <img src=""http://thumbnail.image.rakuten.co.jp/@0_mall/ketchupper/cabinet/item/41_4/41-8783.jpg?_ex=90x90"" width=""90"" height=""90"" border=""0""><br></a></td>
<td width=""100""><a target=""_top"" href=""http://item.rakuten.co.jp/ketchupper/41-8782/""> <img src=""http://thumbnail.image.rakuten.co.jp/@0_mall/ketchupper/cabinet/item/41_4/41-8782.jpg?_ex=90x90"" width=""90"" height=""90"" border=""0""><br></a></td>
<td width=""100""><a target=""_top"" href=""http://item.rakuten.co.jp/ketchupper/41-877/""> <img src=""http://thumbnail.image.rakuten.co.jp/@0_mall/ketchupper/cabinet/item/41_3/41-877.jpg?_ex=90x90"" width=""90"" height=""90"" border=""0""><br></a></td>
<td width=""100""><a target=""_top"" href=""http://item.rakuten.co.jp/ketchupper/41-8775/""> <img src=""http://thumbnail.image.rakuten.co.jp/@0_mall/ketchupper/cabinet/item/41_3/41-8775.jpg?_ex=90x90"" width=""90"" height=""90"" border=""0""><br></a></td>
<td width=""100""><a target=""_top"" href=""http://item.rakuten.co.jp/ketchupper/276-8794/""> <img src=""http://thumbnail.image.rakuten.co.jp/@0_mall/ketchupper/cabinet/item/276/276-8794.jpg?_ex=90x90"" width=""90"" height=""90"" border=""0""><br></a></td>
<td width=""100""><a target=""_top"" href=""http://item.rakuten.co.jp/ketchupper/19-8771/""> <img src=""http://thumbnail.image.rakuten.co.jp/@0_mall/ketchupper/cabinet/item/19/19-8771.jpg?_ex=90x90"" width=""90"" height=""90"" border=""0""><br></a></td>
<td width=""100""></td>
</tr>
</table>
</center>
<!-- バリエリンク_end --></div>
<!--marvelガラス--><br><center><b>▼合わせ買いにおすすめ！▼</b></center><br>
<a href=""http://item.rakuten.co.jp/ketchupper/276-8748/""><img src=""http://image.rakuten.co.jp/ketchupper/cabinet/banner/276-874806_700150.jpg"" width=""700""></a><hr><br><!--/marvelガラス-->
<!--MARVEL-->
<center>
<font size=""+1"">▼ マーベルグッズはこちら ▼</font><br>
<table width=""100%"" border=""0"" cellpadding=""5"" cellspacing=""0"" bgcolor=""#ededed"">
<tr align=""center"" valign=""top"">
<td>
<img src=""http://thumbnail.image.rakuten.co.jp/@0_mall/ketchupper/cabinet/item/19/19-8632.jpg"" width=""100%"" border=""0"" >
</td>
<td>
<img src=""http://thumbnail.image.rakuten.co.jp/@0_mall/ketchupper/cabinet/item/202/202-8137.jpg"" width=""100%"" border=""0"" >
</td>
<td>
<img src=""http://thumbnail.image.rakuten.co.jp/@0_mall/ketchupper/cabinet/item/276/276-8748.jpg"" width=""100%"" border=""0"" >
</td>
</tr>
<tr align=""center"" valign=""top"">
<td>
<img src=""http://thumbnail.image.rakuten.co.jp/@0_mall/ketchupper/cabinet/item/41_3/41-8631.jpg"" width=""100%"" border=""0"" >
</td>
<td>
<img src=""http://thumbnail.image.rakuten.co.jp/@0_mall/ketchupper/cabinet/item/41_4/41-8783.jpg"" width=""100%"" border=""0"" >
</td>
</tr>
</table><br>
【MARVELCorner】
</center>",iPhone7 ケース MARVEL マーベル iFace アイフェイス ケース【 iPhone 7 iphone7 スマホケースアイフォン7 アイフォン ケース スマホ iphone  携帯ケース 】：Ketchup,スマホケースiPhoneケース可愛いxperia安いスマホスマホカバーキーホルダーストラップイヤホンスピーカーネットショップhameeハミィイヤホンジャックディズニーかわいい女子ファッション通販iPhone7 ケース MARVEL マーベル iFace アイフェイス ケース【 iPhone 7 iphone7 スマホケースアイフォン7 アイフォン ケース スマホ iphone  携帯ケース 】,ボックスロゴがかっこいい！MARVELのアイフェイス登場！。iPhone7 ケース MARVEL マーベル iFace アイフェイス ケース【 iPhone 7 iphone7 スマホケースアイフォン7 アイフォン ケース スマホ iphone  携帯ケース 】[rn]
23-92218,http://tshop.r10s.jp/ketchupper/cabinet/item/641/641-0500.jpg?fitin=700:700,3024.0000,,スマートフォン・タブレット > スマートフォンアクセサリー > スマートフォンケース,iPhone 7ケース ディズニー iPhone6s iPhone6 ケース スマホケース ディズニー 2Way 手帳型 【 iphone ケース ディズニー モンスターズインク カード収納 キャラクター エイリアン 】,iPhone 7ケース ディズニー 2Way 手帳型,"<div class=""productPage""><center>
<img src=""http://image.rakuten.co.jp/keitai/cabinet/kisetukate/smart/for_ip7_6s_6.jpg"" width=""700"" height=""85""><br><br>
<img src=""http://image.rakuten.co.jp/keitai/cabinet/item/641/page01/641-050016img01.jpg"" width=""700"" height=""433""><br>
<table border=""0"" width=""700"" cellpadding=""0"" cellspacing=""0""><tr><td align=""right"" class=""itemCopy""><font size=""2"">(C)Disney<br>(C)Disney/Pixar</font></td></tr></table><br>
<img src=""http://image.rakuten.co.jp/keitai/cabinet/item/641/page01/641-050016img02.gif"" width=""700"" height=""77""><br><br>
<table border=""0"" width=""680"" cellpadding=""0"" cellspacing=""0"">
<tr>
<td align=""left"">
<font size=""2"">
ディズニーのキャラクター達が、iPhone 7/6s/6対応の便利な2Wayダイアリーケースになって登場！<br>
ミニーマウス、ドナルドダック、アリエル、ラプンツェル、モンスターズ・ユニバーシティ、トイストーリー、エイリアン、モンスターズ・ユニバーシティと人気キャラ勢ぞろい！<br>
<br>
荷物が多いときはハードケースでスリムに、家で動画を見るときは手帳型を折りたたんでスタンドにして使うなど1つのケースをその時の気分によって使い分けることができます！<br>
<br>
・ダイアリーケース：カードポケット×2、サイドポケット×1<br>
・ハードケース：裏面にカードポケット×1<br>
・横置きスタンド可能<br>
・フラップベルトはマグネットでピタっと留まる
</font>
</td>
</tr>
</table>
<br>
<img src=""http://image.rakuten.co.jp/keitai/cabinet/syapage/title_1.gif"" width=""700"" height=""80""><br><br>
<img src=""http://image.rakuten.co.jp/keitai/cabinet/item/641/page01/641-050016img03.jpg"" alt=""iPhone ケース ディズニー"" width=""700"" height=""700""><br><br>
<img src=""http://image.rakuten.co.jp/keitai/cabinet/item/641/page01/641-050016img05.jpg"" alt=""iPhone ケース ディズニー"" width=""700"" height=""700""><br><br>
<img src=""http://image.rakuten.co.jp/keitai/cabinet/syapage/title_3.gif"" alt=""iPhone ケース ディズニー"" width=""700"" height=""80""><br><br>
<img src=""http://image.rakuten.co.jp/keitai/cabinet/item/641/page01/641-050016img06.jpg"" alt=""iPhone ケース ディズニー"" width=""700"" height=""700""><br><br>
<img src=""http://image.rakuten.co.jp/keitai/cabinet/item/641/page01/641-050016img07.jpg"" alt=""iPhone ケース ディズニー"" width=""700"" height=""700""><br><br>
<img src=""http://image.rakuten.co.jp/keitai/cabinet/item/641/page01/641-050016img08.jpg"" alt=""iPhone ケース ディズニー"" width=""700"" height=""700""><br><br>
<img src=""http://image.rakuten.co.jp/keitai/cabinet/syapage/title_2.gif"" alt=""iPhone ケース ディズニー"" width=""700"" height=""80""><br><br>
<img src=""http://image.rakuten.co.jp/keitai/cabinet/item/641/page01/641-050016img04.jpg"" alt=""iPhone ケース ディズニー"" width=""700"" height=""700""><br><br>
<table border=""0"" width=""680"" cellpadding=""0"" cellspacing=""0""><tr><td align=""left""><font size=""2"">※クレードル（卓上ホルダなど）を使用して確実に充電するには、本製品を外すことをおすすめします。<br>
※本製品のご使用による各機種の故障、損害、破損などについては、弊社は一切その責任を負いません。<br>
※本製品はマグネットが使用されております。クレジットカードなどの磁気カードを併用すると、 読み取り等ができなくなる恐れがありますので、ご注意ください。<br>
</font></td></tr></table><br>
<img src=""http://image.rakuten.co.jp/keitai/cabinet/bana/license_2.jpg"" width=""539"" height=""60""><br><br>
</center><!-- サイズ表ここから -->
<br><center>
<table width=""700"" cellpadding=""0"" cellspacing=""2"" class=""size_tbl"">
<tr>
<td width=""130""><b>サイズ表</b></td>
<td width=""10""></td>
<td width=""560""></td>
</tr>
<tr>
<td>本体</td>
<td>：</td>
<td>約縦14.5×横8×厚2.4cm</td>
</tr>
<tr>
<td width=""130""><b>その他仕様</b></td>
<td width=""10""></td>
<td width=""560""></td>
</tr>
<tr>
<td>主素材</td>
<td>：</td>
<td>ポリウレタン、PC</td>
</tr>
</table>
</center>
<!-- サイズ表ここまで --></div>
<hr>＼＼送料込み<font size=""+1"" color=""tomato"">1,080円</font>　コスパ最強手帳型ケース／／<br>
<a href=""https://item.rakuten.co.jp/ketchupper/276-8754/"" target=""_top"">
<img src=""https://image.rakuten.co.jp/ketchupper/cabinet/banner/276-8754_700150.jpg"" width=""700"">
</a><!--iPhone6/6s--><center>
▼iPhone6/6sケースならKetchup!にお任せ▼<br>
<table width=""100%"">
<tr><td><img src=""http://image.rakuten.co.jp/ketchupper/cabinet/banner/cate_iphone6_700150.jpg"" width=""100%"" alt=""手帳型 シリコン ハード ソフト""></td></tr>

<tr><td><img src=""http://image.rakuten.co.jp/ketchupper/cabinet/banner/cate_iphone6s_700150.jpg"" width=""100%"" alt=""手帳型 シリコン ハード ソフト""></td></tr></table>
</center>
<!--/iPhone6/6s--><hr><!--iPhone7--><center>
▼iPhone7ケースならKetchup!にお任せ▼<br>
<table width=""100%"">
<tr><td><img src=""http://image.rakuten.co.jp/ketchupper/cabinet/event/img/2016/ke_cate_ip7_img5.jpg"" width=""100%"" alt=""手帳型 シリコン ハード ソフト""></td></tr></table>
</center>
<!--/iPhone7--><hr>
<!--sidecolor--><table width=""100%"" bgcolor=""#ededed"">
<tr><td>▼シリコンなような柔らかさのTPU、ハードケースタイプあります▼</td></tr>
<tr><td><img src=""http://image.rakuten.co.jp/ketchupper/cabinet/banner/sidec_700150.jpg"" width=""100%""></td></tr></table>
<!--/sidecolor--><hr>",iPhone 7ケース ディズニー iPhone6s iPhone6 ケース スマホケース ディズニー 2Way 手帳型 【 iphone ケース ディズニー モンスターズインク カード収納 キャラクター エイリアン 】：Ketchup,スマホケースiPhoneケース可愛いxperia安いスマホスマホカバーキーホルダーストラップイヤホンスピーカーネットショップhameeハミィイヤホンジャックディズニーかわいい女子ファッション通販iPhone 7ケース ディズニー iPhone6s iPhone6 ケース スマホケース ディズニー 2Way 手帳型 【 iphone ケース ディズニー モンスターズインク カード収納 キャラクター エイリアン 】,iPhone 7ケース ディズニー 2Way 手帳型。iPhone 7ケース ディズニー iPhone6s iPhone6 ケース スマホケース ディズニー 2Way 手帳型 【 iphone ケース ディズニー モンスターズインク カード収納 キャラクター エイリアン 】[rn]
23-92219,http://tshop.r10s.jp/ketchupper/cabinet/item/41_4/41-8779.jpg?fitin=700:700,3110.4000,,スマートフォン・タブレット > スマートフォンアクセサリー > スマートフォンケース,iPhone7 ケース iPhone 7 ディズニー iface ケース アップ【 アイフォン7 ミニー ミッキー ドナルド デイジー ディズニー 可愛い キャラ スマホケース アイフォン アイフェイス 携帯ケース 】,ディズニーキャラで見てるだけで元気になれちゃう★,"<!--ガラス--><br><center><b>▼合わせておすすめ！▼</b></center><br>
<a href=""http://item.rakuten.co.jp/ketchupper/276-8735/""><img src=""http://image.rakuten.co.jp/ketchupper/cabinet/banner/276-873502_700150.jpg"" width=""700""></a><br><hr>
<!--/ガラス--><div class=""productPage""><center>
<!--ip6link--><br>
<a href=""http://item.rakuten.co.jp/ketchupper/41-8620/""><img src=""http://image.rakuten.co.jp/ketchupper/cabinet/banner/ip6pat_70080ke.gif"" width=""700""></a><br>
<!--/ip6link-->
<img src=""http://image.rakuten.co.jp/keitai/cabinet/item/196/page01/196-198643img10.jpg"" width=""700"" height=""50""><br><br>
<img src=""http://image.rakuten.co.jp/keitai/cabinet/kisetukate/smart/for_ip7.jpg"" width=""700"" height=""85""><br><br>
<img src=""http://image.rakuten.co.jp/ketchupper/cabinet/item/41_4/page01/41-8779img01.jpg"" width=""700"" height=""433""><br>
<table border=""0"" width=""700"" cellpadding=""0"" cellspacing=""0""><tr><td align=""right"" class=""itemCopy""><font size=""2"">(C)Disney</font></td></tr></table><br>
<img src=""http://image.rakuten.co.jp/keitai/cabinet/item/41/page02/41-877906img02.gif"" width=""700"" height=""77""><br><br>
<table border=""0"" width=""680"" cellpadding=""0"" cellspacing=""0"">
<tr>
<td align=""left"">
<font size=""2"">
大人気のiFace First Classケースに<br>
ディズニーキャラクターがアップでデザインされた、インパクト大な iPhone7専用ケースが登場しました。<br>
<br>
女性のSラインをイメージした、なめらかな曲線が特徴的なiFaceケース。<br>
その独特の形状が手にフィットし、とても持ちやすく操作時の安定感が増します。<br>
また、ポリカーボネートとTPU、2つの素材の特徴を生かし、傷や衝撃からiPhoneを保護します。<br>
<br>
ストラップホール付きでお好きなストラップでカスタマイズOK。<br>
<br>
ケースいっぱいに描かれたミッキー、ミニー、ドナルド、デイジーが可愛らしくって<br>
使う度に気分もテンションもアップすること間違いなし！
</font>
</td>
</tr>
</table>
<br>
<img src=""http://image.rakuten.co.jp/ketchupper/cabinet/item/41_4/page01/41-8779img02.jpg"" width=""700"" height=""433""><br><br>
<img src=""http://image.rakuten.co.jp/keitai/cabinet/syapage/title_1.gif"" width=""700"" height=""80""><br><br>
<img src=""http://image.rakuten.co.jp/keitai/cabinet/item/41/page02/41-877906img03.jpg"" width=""700"" height=""600""><br><br>
<img src=""http://image.rakuten.co.jp/keitai/cabinet/item/41/page02/41-877906img04.jpg"" width=""700"" height=""900""><br><br>
<img src=""http://image.rakuten.co.jp/keitai/cabinet/item/41/page02/41-877906img05.jpg"" width=""700"" height=""500""><br><br>
<img src=""http://image.rakuten.co.jp/keitai/cabinet/syapage/title_3.gif"" width=""700"" height=""80""><br><br>
<img src=""http://image.rakuten.co.jp/keitai/cabinet/item/41/page02/41-877906img06.jpg"" width=""700"" height=""1000""><br><br>
<img src=""http://image.rakuten.co.jp/keitai/cabinet/syapage/title_4.gif"" width=""700"" height=""80""><br><br>
<img src=""http://image.rakuten.co.jp/keitai/cabinet/item/41/page02/41-877906img09.jpg"" width=""700"" height=""500""><br><br>
<img src=""http://image.rakuten.co.jp/keitai/cabinet/item/41/page02/41-877906img10.jpg"" width=""700"" height=""700""><br><br>
<img src=""http://image.rakuten.co.jp/keitai/cabinet/syapage/title_7.gif"" alt=""パッケージ"" width=""700"" height=""80""><br><br>
<table border=""0"" width=""700"" height=""350"" cellpadding=""0"" cellspacing=""0""><tbody><tr><td width=""345""><img src=""http://image.rakuten.co.jp/keitai/cabinet/item/41/page02/41-877906img11.jpg"" alt=""ディズニーキャラクターifaceパッケージ"" width=""345"" height=""350""></td><td width=""10""></td><td align=""left"">こちらのパッケージでお届けします。</td><td width=""10""></td></tr></tbody></table><br>
<table border=""0"" width=""680"" cellpadding=""0"" cellspacing=""0""><tr><td align=""left""><font size=""2"">※液晶面にガラスフィルム等を装着すると、フィルムの形状によっては本製品と干渉する場合がございます。<br>
※こちらの商品はデザインや仕様変更になる場合がございますので、予めご了承ください。</font></td></tr></table><br>
<img src=""http://image.rakuten.co.jp/keitai/cabinet/bana/license_2.jpg"" width=""539"" height=""60""><br><br>
<img src=""http://image.rakuten.co.jp/keitai/cabinet/syapage/licence_02.gif"" width=""700"" height=""650""><br><br>
<img src=""http://image.rakuten.co.jp/keitai/cabinet/syapage/licence_01.gif"" width=""700"" height=""600""><br><br>
</center><!-- サイズ表ここから -->
<br><center>
<table width=""700"" cellpadding=""0"" cellspacing=""2"" class=""size_tbl"">
<tr>
<td width=""130""><b>サイズ表</b></td>
<td width=""10""></td>
<td width=""560""></td>
</tr>
<tr>
<td>ケース本体</td>
<td>：</td>
<td>約縦15×横7.6×厚1cm</td>
</tr>
<tr>
<td>パッケージ</td>
<td>：</td>
<td>約縦20.7×横11.1×厚2.5cm</td>
</tr>
<tr>
<td width=""130""><b>その他仕様</b></td>
<td width=""10""></td>
<td width=""560""></td>
</tr>
<tr>
<td>主素材</td>
<td>：</td>
<td>TPU、ポリカーボネート、鉄</td>
</tr>
<tr>
<td>ストラップ使用</td>
<td>：</td>
<td>可</td>
</tr>
<tr>
<td>セット内容   </td>
<td>：</td>
<td>ケース本体</td>
</tr>
</table>
</center>
<!-- サイズ表ここまで -->
<br>
<a href=""http://item.rakuten.co.jp/ketchupper/41-8620/""><img src=""http://image.rakuten.co.jp/ketchupper/cabinet/banner/ip6pat_70080ke.gif"" width=""700""></a><br><br>
<a href=""http://item.rakuten.co.jp/ketchupper/41-8576/""><img src=""http://image.rakuten.co.jp/ketchupper/cabinet/banner/ipsepat_70080ke.gif"" width=""700""></a><br><br>
<a href=""http://item.rakuten.co.jp/ketchupper/41-8869/""><img src=""http://image.rakuten.co.jp/ketchupper/cabinet/banner/ip7ppat_70080ke.gif"" width=""100%""></a><br><br>
<hr>
▼関連アイテムこちら<br>
<table width=""700"" border=""0"" cellpadding=""5"" cellspacing=""0"">
<tr align=""center"" valign=""top"">
<td>
<a target=""_top"" href=""http://item.rakuten.co.jp/ketchupper/41-8424/""><img src=""http://thumbnail.image.rakuten.co.jp/@0_mall/ketchupper/cabinet/item/41_4/41-8424new.jpg?_ex=90x90"" width=""90"" height=""90"" border=""0"" ></a>
</td>
<td>
<a target=""_top"" href=""http://item.rakuten.co.jp/ketchupper/41-877/""><img src=""http://thumbnail.image.rakuten.co.jp/@0_mall/ketchupper/cabinet/item/41_4/41-877.jpg?_ex=90x90"" width=""90"" height=""90"" border=""0"" ></a>
</td>
<td>
<a target=""_top"" href=""http://item.rakuten.co.jp/ketchupper/276-8792/""><img src=""http://thumbnail.image.rakuten.co.jp/@0_mall/ketchupper/cabinet/item/276_1/276-8792ke.jpg?_ex=90x90"" width=""90"" height=""90"" border=""0"" ></a>
</td>
<td>
<a target=""_top"" href=""http://item.rakuten.co.jp/ketchupper/276-879/""><img src=""http://thumbnail.image.rakuten.co.jp/@0_mall/ketchupper/cabinet/item/276_1/276-879ke.jpg?_ex=90x90"" width=""90"" height=""90"" border=""0"" ></a>
</td>
<td>
<a target=""_top"" href=""http://item.rakuten.co.jp/ketchupper/276-8582/""><img src=""http://thumbnail.image.rakuten.co.jp/@0_mall/ketchupper/cabinet/item/276_1/276-8582ke.jpg?_ex=90x90"" width=""90"" height=""90"" border=""0"" ></a>
</td>
<td>
<a target=""_top"" href=""http://item.rakuten.co.jp/ketchupper/276-847602-sst1/""><img src=""http://thumbnail.image.rakuten.co.jp/@0_mall/ketchupper/cabinet/item/276/276-847602.jpg?_ex=90x90"" width=""90"" height=""90"" border=""0"" ></a>
</td>
<td>
<a target=""_top"" href=""http://item.rakuten.co.jp/ketchupper/129-8593/""><img src=""http://thumbnail.image.rakuten.co.jp/@0_mall/ketchupper/cabinet/item/129/129-8593.jpg?_ex=90x90"" width=""90"" height=""90"" border=""0"" ></a>
</td>
</tr>
</table>
<!--ハンドリンカー--><hr>
<a href=""http://search.rakuten.co.jp/search/inshop-mall/handlinker/-/f.1-p.1-s.1-sf.0-sid.313546-st.A-v.3""><img src=""https://image.rakuten.co.jp/ketchupper/cabinet/banner/handlinker_700433.jpg"" width=""700""></a><br>
<!--19-8771--><hr>
<table width=""100%"" bgcolor=""#ededed"">
<tr><td bgcolor=""#ff99cc"" align=""center""><font color=""#fff"">＼注目！ミラー付きプリンセスケース／</font></td></tr>
<tr><td><a href=""http://item.rakuten.co.jp/ketchupper/19-8771/"" target=""_top""><img src=""http://image.rakuten.co.jp/ketchupper/cabinet/banner/19-877104_700150.jpg"" width=""100%""></a></td></tr></table>
<!--/19-8771-->
</div>",iPhone7 ケース iPhone 7 ディズニー iface ケース アップ【 アイフォン7 ミニー ミッキー ドナルド デイジー ディズニー 可愛い キャラ スマホケース アイフォン アイフェイス 携帯ケース 】：Ketchup,スマホケースiPhoneケース可愛いxperia安いスマホスマホカバーキーホルダーストラップイヤホンスピーカーネットショップhameeハミィイヤホンジャックディズニーかわいい女子ファッション通販iPhone7 ケース iPhone 7 ディズニー iface ケース アップ【 アイフォン7 ミニー ミッキー ドナルド デイジー ディズニー 可愛い キャラ スマホケース アイフォン アイフェイス 携帯ケース 】,ディズニーキャラで見てるだけで元気になれちゃう★。iPhone7 ケース iPhone 7 ディズニー iface ケース アップ【 アイフォン7 ミニー ミッキー ドナルド デイジー ディズニー 可愛い キャラ スマホケース アイフォン アイフェイス 携帯ケース 】[rn]
23-92220,http://tshop.r10s.jp/ketchupper/cabinet/item/41_3/41-8620.jpg?fitin=700:700,3110.4000,,スマートフォン・タブレット > スマートフォンアクセサリー > スマートフォンケース,iPhone6 iPhone6s ディズニー iface ケース アップ 【 iphone 6 iphone 6s アイフェイス ディズニー ミッキー ミニー デイジー ドナルド 可愛い ペア 】,送料無料 ディズニーの人気キャラがアイフェイスにアップで登場,"<div class=""productPage""><center>
<!--ガラス--><br><b>▼合わせておすすめ！▼</b><br>
<a href=""http://item.rakuten.co.jp/ketchupper/276-8735/""><img src=""http://image.rakuten.co.jp/ketchupper/cabinet/banner/276-873502_700150.jpg"" width=""700""></a><br><hr>
<!--/ガラス-->
<!--ip7link--><br>
<a href=""http://item.rakuten.co.jp/ketchupper/41-8779/""><img src=""http://image.rakuten.co.jp/ketchupper/cabinet/banner/ip7pat_70080ke.gif"" width=""700""></a><br><br>
<!--/ip7link-->
<img src=""http://image.rakuten.co.jp/keitai/cabinet/kisetukate/smart/for_ip6s_6.jpg"" width=""700"" height=""85""><br><br>
<img src=""http://image.rakuten.co.jp/ketchupper/cabinet/item/41_3/page01/41-8620img01.jpg"" width=""700"" height=""433""><br>
<table border=""0"" width=""700"" cellpadding=""0"" cellspacing=""0""><tr><td align=""right"" class=""itemCopy""><font size=""2"">(C)Disney</font></td></tr></table><br>
<img src=""http://image.rakuten.co.jp/keitai/cabinet/syapage/licence_01.gif"" width=""700"" height=""600""><br>
<img src=""http://image.rakuten.co.jp/keitai/cabinet/item/41/page02/41-862001img02.gif"" width=""700"" height=""77""><br><br>
<table border=""0"" width=""680"" cellpadding=""0"" cellspacing=""0"">
<tr>
<td align=""left"">
<font size=""2"">
世界累計販売数350万個突破！<br>
大人気のiFace First Classケースに<br>
ディズニーキャラクターがアップでデザインされた、インパクト大なiPhone 6専用ケースが登場しました。<br>
<br>
女性のSラインをイメージした、なめらかな曲線が特徴的なiFaceケース。<br>
その独特の形状が手にフィットし、とても持ちやすく操作時の安定感が増します。<br>
また、ポリカーボネートとTPU、2つの素材の特徴を生かし、傷や衝撃からiPhoneを保護します。<br>
<br>
ストラップホール付きでお好きなストラップでカスタマイズOK。<br>
<br>
ケースいっぱいに描かれたミッキー、ミニー、ドナルド、デイジーが可愛らしくって<br>
使う度に気分もテンションもアップすること間違いなし！ 
</font>
</td>
</tr>
</table>
<br>
<img src=""http://image.rakuten.co.jp/ketchupper/cabinet/item/41_3/page01/41-8620img02.jpg"" width=""700"" height=""433""><br><br>
<img src=""http://image.rakuten.co.jp/keitai/cabinet/syapage/title_1.gif"" width=""700"" height=""80""><br><br>
<img src=""http://image.rakuten.co.jp/keitai/cabinet/item/41/page02/41-862001img03.jpg"" width=""700"" height=""600""><br><br>
<img src=""http://image.rakuten.co.jp/keitai/cabinet/item/41/page02/41-862001img13.jpg"" width=""700"" height=""900""><br><br>
<img src=""http://image.rakuten.co.jp/keitai/cabinet/item/41/page02/41-862001img05.jpg"" width=""700"" height=""500""><br><br>
<img src=""http://image.rakuten.co.jp/keitai/cabinet/syapage/title_3.gif"" width=""700"" height=""80""><br><br>
<img src=""http://image.rakuten.co.jp/ketchupper/cabinet/item/41_3/page01/41-8620img03.jpg"" width=""700""><br><br>
<img src=""http://image.rakuten.co.jp/keitai/cabinet/item/41/page02/41-862001img06.jpg"" width=""700"" height=""1000""><br><br>
<img src=""http://image.rakuten.co.jp/keitai/cabinet/syapage/title_4.gif"" width=""700"" height=""80""><br><BR>
<IMG src=""http://image.rakuten.co.jp/keitai/cabinet/item/41/page02/41-862001img08.jpg"" width=""700"" height=""500""><BR><br>
<img src=""http://image.rakuten.co.jp/keitai/cabinet/item/41/page02/41-862001img07.jpg"" width=""700"" height=""700""><br><br>
<img src=""http://image.rakuten.co.jp/keitai/cabinet/item/41/page02/41-862001img09.jpg"" width=""700"" height=""600""><br><br>
<img src=""http://image.rakuten.co.jp/keitai/cabinet/syapage/title_7.gif"" width=""700"" height=""80""><br><br>
<table border=""0"" width=""700"" height=""350"" cellpadding=""0"" cellspacing=""0""><tbody><tr><td width=""345""><img src=""http://image.rakuten.co.jp/keitai/cabinet/item/41/page02/41-862001img12.jpg"" width=""345"" height=""350""></td><td width=""10""></td><td align=""left"">こちらのパッケージでお届けします。</td><td width=""10""></td></tr></tbody></table><br>
<img src=""http://image.rakuten.co.jp/keitai/cabinet/item/41/page02/41-862001img11.jpg"" width=""700"" height=""433""><br><br>
<table border=""0"" width=""680"" cellpadding=""0"" cellspacing=""0""><tr><td align=""left""><font size=""2"">※液晶面にガラスフィルム等を装着すると、フィルムの形状によっては本製品と干渉する場合がございます。</font></td></tr></table><br>
<img src=""http://image.rakuten.co.jp/keitai/cabinet/bana/license_2.jpg"" width=""539"" height=""60""><br><br>
<img src=""http://image.rakuten.co.jp/keitai/cabinet/syapage/licence_02.gif"" width=""700"" height=""650""><br>
<br>
</center><!-- サイズ表ここから -->
<br><center>
<table width=""700"" cellpadding=""0"" cellspacing=""2"" class=""size_tbl"">
<tr>
<td width=""130""><b>サイズ表</b></td>
<td width=""10""></td>
<td width=""560""></td>
</tr>
<tr>
<td>ケース本体</td>
<td>：</td>
<td> 約縦15×横7.6×厚1cm </td>
</tr>
<tr>
<td>パッケージ</td>
<td>：</td>
<td>約縦20.7×横11.1×厚2.5cm</td>
</tr>
<tr>
<td width=""130""><b>その他仕様</b></td>
<td width=""10""></td>
<td width=""560""></td>
</tr>
<tr>
<td>主素材</td>
<td>：</td>
<td>TPU、ポリカーボネート</td>
</tr>
<tr>
<td>ストラップ使用</td>
<td>：</td>
<td>可</td>
</tr>
<tr>
<td>セット内容</td>
<td>：</td>
<td>ケース本体</td>
</tr>
</table>
<!-- サイズ表ここまで --><hr>
<br>
<a href=""http://item.rakuten.co.jp/ketchupper/41-8779/""><img src=""http://image.rakuten.co.jp/ketchupper/cabinet/banner/ip7pat_70080ke.gif"" width=""700""></a><br><br>
<a href=""http://item.rakuten.co.jp/ketchupper/41-8576/""><img src=""http://image.rakuten.co.jp/ketchupper/cabinet/banner/ipsepat_70080ke.gif"" width=""700""></a><br><br>
<a href=""http://item.rakuten.co.jp/ketchupper/41-8869/""><img src=""http://image.rakuten.co.jp/ketchupper/cabinet/banner/ip7ppat_70080ke.gif"" width=""100%""></a><br><br>
<!--ハンドリンカー--><hr>
<a href=""http://search.rakuten.co.jp/search/inshop-mall/handlinker/-/f.1-p.1-s.1-sf.0-sid.313546-st.A-v.3""><img src=""https://image.rakuten.co.jp/ketchupper/cabinet/banner/handlinker_700433.jpg"" width=""700""></a><br>

<hr>
▼関連アイテム<br>
<table width=""700"" border=""0"" cellpadding=""5"" cellspacing=""0"">
<tr align=""center"" valign=""top"">
<td>
<a target=""_top"" href=""http://item.rakuten.co.jp/ketchupper/41-8424/""><img src=""http://image.rakuten.co.jp/ketchupper/cabinet/item/41_4/41-8424new.jpg"" width=""100%"" ></a>
</td>
<td>
<a target=""_top"" href=""http://item.rakuten.co.jp/ketchupper/41-8621/""><img src=""http://image.rakuten.co.jp/ketchupper/cabinet/item/41_3/41-8621.jpg"" width=""100%"" ></a>
</td>
<td>
<a target=""_top"" href=""http://item.rakuten.co.jp/ketchupper/41-8860/""><img src=""http://image.rakuten.co.jp/ketchupper/cabinet/item/41_4/41-8860.jpg"" width=""100%"" ></a>
</td>
<td>
<a target=""_top"" href=""http://item.rakuten.co.jp/ketchupper/41-8142/""><img src=""http://image.rakuten.co.jp/ketchupper/cabinet/item/41_4/41-8142.jpg"" width=""100%"" ></a>
</td>
<td>
<a target=""_top"" href=""http://item.rakuten.co.jp/ketchupper/41-8780/""><img src=""http://image.rakuten.co.jp/ketchupper/cabinet/item/41_4/41-8780.jpg"" width=""100%"" ></a>
</td>
<td>
<a target=""_top"" href=""http://item.rakuten.co.jp/ketchupper/641-0500/""><img src=""http://image.rakuten.co.jp/ketchupper/cabinet/item/641/641-0500.jpg"" width=""100%"" ></a>
</td>
<td>
<a target=""_top"" href=""http://item.rakuten.co.jp/ketchupper/41-129333/""><img src=""http://image.rakuten.co.jp/ketchupper/cabinet/item/41/41-129333.jpg"" width=""100%"" ></a>
</td>
</tr>
</table>
<!--iPhone6/6s--><center><hr>
▼iPhone6/6sケースならKetchup!にお任せ▼<br>
<table width=""100%"">
<tr><td><a href=""http://item.rakuten.co.jp/ketchupper/c/0000000182/""><img src=""http://image.rakuten.co.jp/ketchupper/cabinet/banner/cate_iphone6_700150.jpg"" width=""100%"" alt=""手帳型 シリコン ハード ソフト""></a></td></tr>

<tr><td><a href=""http://item.rakuten.co.jp/ketchupper/c/0000000491/""><img ="""" src=""http://image.rakuten.co.jp/ketchupper/cabinet/banner/cate_iphone6s_700150.jpg"" width=""100%"" alt=""手帳型 シリコン ハード ソフト""></a></td></tr></table>
</center>
<!--/iPhone6/6s-->
<!--19-8771--><hr>
<table width=""700"" bgcolor=""#ededed"">
<tr><td bgcolor=""#ff99cc"" align=""center""><font color=""#fff"">＼注目！ミラー付きプリンセスケース／</font></td></tr>
<tr><td><a href=""http://item.rakuten.co.jp/ketchupper/19-8771/"" target=""_top""><img src=""http://image.rakuten.co.jp/ketchupper/cabinet/banner/19-877104_700150.jpg"" width=""100%""></a></td></tr></table>
<!--/19-8771-->
<!--ディズニーリンク-->
<hr><br>
<a href=""http://www.rakuten.ne.jp/gold/ketchupper/feature/disney.html""><img src=""http://image.rakuten.co.jp/ketchupper/cabinet/banner/disneyftr_700150.jpg"" width=""100%""></a><br>
<!--/ディズニーリンク-->
</center>
</div><!--iPhone6/6s--><center>
▼iPhone6/6sケースならKetchup!にお任せ▼<br>
<table width=""100%"">
<tr><td><img src=""http://image.rakuten.co.jp/ketchupper/cabinet/banner/cate_iphone6_700150.jpg"" width=""100%"" alt=""手帳型 シリコン ハード ソフト""></td></tr>

<tr><td><img src=""http://image.rakuten.co.jp/ketchupper/cabinet/banner/cate_iphone6s_700150.jpg"" width=""100%"" alt=""手帳型 シリコン ハード ソフト""></td></tr></table>
</center>
<!--/iPhone6/6s--><hr> 
<table cellpadding=""5px"" width=""350"">
<tr>
<td colspan=""2"" align=""center"">
 <img src=""http://image.rakuten.co.jp/ketchupper/cabinet/banner/catedisney_700150.jpg"" width=""320""><br><font size=""-1"">▲ディズニーグッズはこちら▲</font>
 </td>
</tr>
<tr>
<td colspan=""2"" align=""center"">
<img src=""http://thumbnail.image.rakuten.co.jp/@0_mall/keitai/cabinet/banner3/41-86_700150.jpg"" width=""320""><br><font size=""-1"">▲大人気ifaceもディズニーキャラ▲</font>
</td>
</tr>
<tr>
<td colspan=""2"" align=""center"">
<img src=""http://thumbnail.image.rakuten.co.jp/@0_mall/keitai/cabinet/banner2/19-802908_700150.jpg"" width=""320""><br><font size=""-1"">▲大人気ifaceもディズニーキャラ▲</font>
</td>
</tr>
<tr>
<td align=""center"">
 <img src=""http://image.rakuten.co.jp/ketchupper/cabinet/item/276/page01/276-8522img01.jpg"" width=""150""><br><font size=""-1"">▲モバイル充電器▲</font>
 </td>
 <td align=""center"">
 <img src=""http://image.rakuten.co.jp/keitai/cabinet/item/276/page01/276-866801img01.jpg"" width=""150""><br><font size=""-1"">▲プリンセス▲</font>
 </td>
</tr>
<tr>
<td align=""center"">
 <img src=""http://image.rakuten.co.jp/ketchupper/cabinet/item/19/page01/19-8606img01.jpg"" width=""150""><br><font size=""-1"">▲セルカ棒▲</font>
 </td>
 <td align=""center"">
 <img src=""http://image.rakuten.co.jp/ketchupper/cabinet/item/19/page01/19-8545img01.jpg"" width=""150""><br><font size=""-1"">▲セルカレンズ▲</font>
 </td>
</tr>
</table>
<table cellpadding=""5"" width=""350"">
<tr>
<td colspan=""4"" align=""center"">
<img src=""http://thumbnail.image.rakuten.co.jp/@0_mall/keitai/cabinet/banner3/imgrc0064561913.jpg"" width=""320"">
</td>
</tr>
<tr>
<td>
<img src=""http://thumbnail.image.rakuten.co.jp/@0_mall/keitai/cabinet/item/276/276-8247s.jpg"" width=""70"">
</td>
<td>
<img src=""http://thumbnail.image.rakuten.co.jp/@0_mall/keitai/cabinet/item/276/276-847602.jpg"" width=""70"">
</td>
<td>
<img src=""http://thumbnail.image.rakuten.co.jp/@0_mall/keitai/cabinet/item/19/19-75_a.jpg"" width=""70"">
</td>
<td>
<img src=""http://thumbnail.image.rakuten.co.jp/@0_mall/keitai/cabinet/item/19/19-8067_a.jpg"" width=""70"">
</td>
</tr>
<tr>
<td colspan=""4"" align=""center"">
<img src=""http://thumbnail.image.rakuten.co.jp/@0_mall/keitai/cabinet/item/19/page01/19-807309img41.jpg"" width=""320"">
</td>
</tr>
</table>",iPhone6 iPhone6s ディズニー iface ケース アップ 【 iphone 6 iphone 6s アイフェイス ディズニー ミッキー ミニー デイジー ドナルド 可愛い ペア 】：Ketchup,スマホケースiPhoneケース可愛いxperia安いスマホスマホカバーキーホルダーストラップイヤホンスピーカーネットショップhameeハミィイヤホンジャックディズニーかわいい女子ファッション通販iPhone6 iPhone6s ディズニー iface ケース アップ 【 iphone 6 iphone 6s アイフェイス ディズニー ミッキー ミニー デイジー ドナルド 可愛い ペア 】,送料無料 ディズニーの人気キャラがアイフェイスにアップで登場。iPhone6 iPhone6s ディズニー iface ケース アップ 【 iphone 6 iphone 6s アイフェイス ディズニー ミッキー ミニー デイジー ドナルド 可愛い ペア 】[rn]
23-92221,http://tshop.r10s.jp/ketchupper/cabinet/item/41_3/41-829.jpg?fitin=700:700,2246.4000,,スマートフォン・タブレット > スマートフォンアクセサリー > スマートフォンケース,iface iPhone6 iPhone6s ケース アイフェイス 【 iPhone 6 6s 耐衝撃 ケース 韓国 ブランド アイフォン6 iphoneケース あいふぇいす 】,一度持ったらやみつきケース！曲線の絶妙なグリップ感で操作楽々,"<div class=""productPage"">

<center><!--ip6plink--><br>
<a href=""http://item.rakuten.co.jp/ketchupper/41-833/""><img src=""http://image.rakuten.co.jp/ketchupper/cabinet/banner/ip6ppat_70080ke.gif"" width=""700""></a><br>
<!--/ip6plink-->
<img src=""http://image.rakuten.co.jp/keitai/cabinet/kisetukate/smart/for_ip6s_6.jpg"" width=""700"" height=""85""><br><br>
<img src=""http://image.rakuten.co.jp/ketchupper/cabinet/item/41_3/page01/41-829img01_a.jpg"" width=""700"" height=""433""><br>
<img src=""http://image.rakuten.co.jp/keitai/cabinet/item/41/page02/41-829004img02.gif"" width=""700"" height=""77""><br><br>
<table border=""0"" width=""680"" cellpadding=""0"" cellspacing=""0"">
<tr>
<td align=""left"">
<font size=""2"">
世界累計販売数350万個突破！<br>
あの大人気ケースiFace First Classから、iPhone 6(4.7インチ)専用が登場。<br>
<br>
女性のSラインをイメージした、なめらかな曲線が特徴的。<br>
その独特の形状が手にフィットし、とても持ちやすく操作時の安定感が増します。<br>
<br>
ポリカーボネートとTPU、2つの素材の特徴を生かし、傷や衝撃からiPhoneを保護。<br>
発色の美しい鮮やかなカラーバリエーションは、持つだけで気分を盛り上げてくれます。<br>
カラーとシルエットをチェンジして、まるで違うスマホを手に入れたような新鮮さを感じてください
</font>
</td>
</tr>
</table>
<br>
<img src=""https://image.rakuten.co.jp/ketchupper/cabinet/item/41_3/page01/41-829img04.jpg"" width=""700""><br><br>
<img src=""http://image.rakuten.co.jp/keitai/cabinet/syapage/title_1.gif"" width=""700"" height=""80""><br><br>
<img src=""http://image.rakuten.co.jp/keitai/cabinet/item/41/page02/41-829004img03.jpg"" width=""700"" height=""433""><br><br>
<img src=""http://image.rakuten.co.jp/keitai/cabinet/item/41/page02/41-829004img04.jpg"" width=""700"" height=""433""><br><br>
<img src=""http://image.rakuten.co.jp/keitai/cabinet/item/41/page02/41-829004img05.jpg"" width=""700"" height=""350""><br><br>
<img src=""http://image.rakuten.co.jp/keitai/cabinet/item/41/page02/41-829004img08.jpg"" width=""700"" height=""350""><br><br>
<img src=""http://image.rakuten.co.jp/keitai/cabinet/syapage/title_3.gif"" width=""700"" height=""80""><br><br>
<img src=""https://image.rakuten.co.jp/ketchupper/cabinet/item/41_3/page01/41-829img02.jpg"" width=""700""><br><br>
<img src=""http://image.rakuten.co.jp/keitai/cabinet/item/41/page02/41-829004img09.jpg"" width=""700"" height=""350""><br><br>
<img src=""http://image.rakuten.co.jp/keitai/cabinet/item/41/page02/41-829004img10.jpg"" width=""700"" height=""350""><br><br>
<img src=""http://image.rakuten.co.jp/keitai/cabinet/item/41/page02/41-829004img11.jpg"" width=""700"" height=""350""><br><br>
<img src=""http://image.rakuten.co.jp/keitai/cabinet/syapage/title_4.gif"" width=""700"" height=""80""><br><br>
<img src=""http://image.rakuten.co.jp/keitai/cabinet/item/41/page02/41-829004img07.jpg"" width=""700"" height=""500""><br><br>
<img src=""http://image.rakuten.co.jp/keitai/cabinet/item/41/page02/41-829004img12.jpg"" width=""700"" height=""700""><br><br>
<img src=""https://image.rakuten.co.jp/ketchupper/cabinet/banner/ifacedeco-basic.jpg"" width=""700""><br><br>
<img src=""http://image.rakuten.co.jp/keitai/cabinet/syapage/licence_01.gif"" width=""700"" height=""600""><br>

<table border=""0"" width=""680"" cellpadding=""0"" cellspacing=""0""><tr><td align=""left""><font size=""2"">※液晶面にガラスフィルム等を装着すると、フィルムの形状によっては本製品と干渉する場合がございます。</font></td></tr></table><br>
<img src=""http://image.rakuten.co.jp/ketchupper/cabinet/banner/iface-assurance.jpg"" width=""700""><br>

</center><!-- サイズ表ここから -->
<br><center>
<table width=""700"" cellpadding=""0"" cellspacing=""2"">
<tr>
<td colspan=""3"" align=""left"" valign=""top"" height=""20"">
<b>サイズ表</b>
</td>
</tr>
<tr>
<td width=""130"" align=""left"" valign=""top""><font size=""2"">ケース本体</font></td>
<td align=""right"" valign=""top"" width=""10"">：</td>
<td align=""left"" valign=""top"" width=""560""><font size=""2"">約縦15×横7.8×厚1cm</font></td>
</tr>
<tr>
<td colspan=""3"" height=""20"" align=""left"" valign=""top"">
<font size=""2""><b>その他仕様</b></font>
</td>
</tr>
<tr>
<td width=""130"" align=""left"" valign=""top""><font size=""2"">素材</font></td>
<td align=""right"" valign=""top"" width=""10"">：</td>
<td align=""left"" valign=""top"" width=""560""><font size=""2"">PC、TPU</font></td>
</tr>
<tr>
<td width=""130"" align=""left"" valign=""top""><font size=""2"">セット内容</font></td>
<td align=""right"" valign=""top"" width=""10"">：</td>
<td align=""left"" valign=""top"" width=""560""><font size=""2"">ケース本体</font></td>
</tr>
<tr>
<td width=""130"" align=""left"" valign=""top""><font size=""2"">ストラップ使用</font></td>
<td align=""right"" valign=""top"" width=""10"">：</td>
<td align=""left"" valign=""top"" width=""560""><font size=""2"">可</font></td>
</tr>
</table>
</center>
<!-- サイズ表ここまで -->
<hr>
<br>
<a href=""http://item.rakuten.co.jp/ketchupper/41-877/""><img src=""http://image.rakuten.co.jp/ketchupper/cabinet/banner/ip7pat_70080ke.gif"" width=""100%""></a><br><br>
<a href=""http://item.rakuten.co.jp/ketchupper/41-87/""><img src=""http://image.rakuten.co.jp/ketchupper/cabinet/banner/ip7ppat_70080ke.gif"" width=""100%""></a><br><br>
<a href=""http://item.rakuten.co.jp/ketchupper/41-833/""><img src=""http://image.rakuten.co.jp/ketchupper/cabinet/banner/ip6ppat_70080ke.gif"" width=""100%""></a><br><br>
<a href=""http://item.rakuten.co.jp/ketchupper/41-198/""><img src=""http://image.rakuten.co.jp/ketchupper/cabinet/banner/ipsepat_70080ke.gif"" width=""100%""></a><br>
<hr><!--ガラス--><center><b>▼合わせておすすめ！▼</b></center><a href=""http://item.rakuten.co.jp/ketchupper/276-8764/""><img ="""" src=""https://image.rakuten.co.jp/ketchupper/cabinet/banner/iface-film.jpg"" width=""700""></a><br><hr><!--/ガラス-->
<!-- バリエリンク -->
<center>
<table width=""700"" border=""0"" cellpadding=""1"" cellspacing=""0"">
<tr>
<td colspan=""7"" align=""left"">
<hr style=""border-style:solid; border-color:#000000; border-bottom-width:0px;"">
<font size=""2""><b>▼その他関連商品はこちら</b></font></td>
</tr>
<tr align=""center"" valign=""top"">
<td width=""100""><a target=""_top"" href=""http://item.rakuten.co.jp/ketchupper/41-829/""> <img src=""http://thumbnail.image.rakuten.co.jp/@0_mall/ketchupper/cabinet/item/41_3/41-829.jpg?_ex=90x90"" width=""90"" height=""90"" border=""0""><br></a></td>
<td width=""100""><a target=""_top"" href=""http://item.rakuten.co.jp/ketchupper/41-8342/""> <img src=""http://thumbnail.image.rakuten.co.jp/@0_mall/ketchupper/cabinet/item/41_3/41-8342.jpg?_ex=90x90"" width=""90"" height=""90"" border=""0""><br></a></td>
<td width=""100""><a target=""_top"" href=""http://item.rakuten.co.jp/ketchupper/41-8424/""> <img src=""http://thumbnail.image.rakuten.co.jp/@0_mall/ketchupper/cabinet/item/41_3/41_8424_a.jpg?_ex=90x90"" width=""90"" height=""90"" border=""0""><br></a></td>
<td width=""100""><a target=""_top"" href=""http://item.rakuten.co.jp/ketchupper/41-833/""> <img src=""http://thumbnail.image.rakuten.co.jp/@0_mall/ketchupper/cabinet/item/41_3/41-833.jpg?_ex=90x90"" width=""90"" height=""90"" border=""0""><br></a></td>
<td width=""100""><a target=""_top"" href=""http://item.rakuten.co.jp/ketchupper/41-198/""> <img src=""http://thumbnail.image.rakuten.co.jp/@0_mall/ketchupper/cabinet/item/41_3/41-198_4.jpg?_ex=90x90"" width=""90"" height=""90"" border=""0""><br></a></td>
<td width=""100""><a target=""_top"" href=""http://item.rakuten.co.jp/ketchupper/276-8729/""><img src=""http://thumbnail.image.rakuten.co.jp/@0_mall/ketchupper/cabinet/item/276/276-8729.jpg?_ex=90x90"" width=""90"" height=""90""></a></td>
<td width=""100""><a href=""http://item.rakuten.co.jp/ketchupper/41-8504/"" target=""_top""><img src=""http://thumbnail.image.rakuten.co.jp/@0_mall/ketchupper/cabinet/item/41_3/41-8504.jpg?_ex=90x90""></a></td>
</tr>
</table>
</center>
<!-- バリエリンク_end -->
<!--ハンドリンカー--><hr>
<a href=""http://search.rakuten.co.jp/search/inshop-mall/handlinker/-/f.1-p.1-s.1-sf.0-sid.313546-st.A-v.3""><img src=""https://image.rakuten.co.jp/ketchupper/cabinet/banner/handlinker_700433.jpg"" width=""700""></a><br>

</div>
<!--iPhone6/6s--><center>
▼iPhone6/6sケースならKetchup!にお任せ▼<br>
<table width=""100%"">
<tr><td><img src=""http://image.rakuten.co.jp/ketchupper/cabinet/banner/cate_iphone6_700150.jpg"" width=""100%"" alt=""手帳型 シリコン ハード ソフト""></td></tr>

<tr><td><img src=""http://image.rakuten.co.jp/ketchupper/cabinet/banner/cate_iphone6s_700150.jpg"" width=""100%"" alt=""手帳型 シリコン ハード ソフト""></td></tr></table>
</center>
<!--/iPhone6/6s--><hr> 
　<!--trouver-->
<table width=""100%"" border=""0"" cellpadding=""5"" cellspacing=""0"" bgcolor=""#ededed"">
<tr><td align=""center"">▼女子必見！可愛いくておしゃれなスマホケース「trouve」iPhoneも全機種対応もあります▼</td></tr>
<tr>
<td>
<img ="""" src=""http://image.rakuten.co.jp/kawaiikan/cabinet/baner/276-858202_700150.jpg"" width=""100%"" alt=""手帳型ケース""></td></tr>
<tr>
<td>
<img ="""" src=""http://image.rakuten.co.jp/kawaiikan/cabinet/baner/plieribon_700150.jpg"" width=""100%"" alt=""ミラー付き""></td></tr>
<tr>
<td>
<img ="""" src=""http://image.rakuten.co.jp/kawaiikan/cabinet/baner/pliekey_700150.jpg"" width=""100%"" alt=""手帳型""></td></tr>
<tr>
<td>
<img ="""" src=""http://image.rakuten.co.jp/kawaiikan/cabinet/baner/quince_700150.jpg"" width=""100%"" alt=""ブランド""></td></tr>
<tr>
<td>
<img ="""" src=""http://image.rakuten.co.jp/ketchupper/cabinet/banner/276-881101b_700150.jpg"" width=""100%""></td></tr>
</table>
<!--/trouver-->",iface iPhone6 iPhone6s ケース アイフェイス 【 iPhone 6 6s 耐衝撃 ケース 韓国 ブランド アイフォン6 iphoneケース あいふぇいす 】：Ketchup,スマホケースiPhoneケース可愛いxperia安いスマホスマホカバーキーホルダーストラップイヤホンスピーカーネットショップhameeハミィイヤホンジャックディズニーかわいい女子ファッション通販iface iPhone6 iPhone6s ケース アイフェイス 【 iPhone 6 6s 耐衝撃 ケース 韓国 ブランド アイフォン6 iphoneケース あいふぇいす 】,一度持ったらやみつきケース！曲線の絶妙なグリップ感で操作楽々。iface iPhone6 iPhone6s ケース アイフェイス 【 iPhone 6 6s 耐衝撃 ケース 韓国 ブランド アイフォン6 iphoneケース あいふぇいす 】[rn]
23-92222,http://tshop.r10s.jp/ketchupper/cabinet/item/41_4/41-8577.jpg?fitin=700:700,2937.6000,,スマートフォン・タブレット > スマートフォンアクセサリー > スマートフォンケース,iPhone SE iPhone5s iPhone5 ディズニー iFace ガールズ【 アリエル アリス 白雪姫 プリンセス スマホケース アイフォン iphone ケース ディズニー スマホケース 携帯ケース アイフェイス 】,大人気のアイフェイスにディズニープリンセスが登場！,"<div class=""productPage""><center>
<img src=""http://image.rakuten.co.jp/keitai/cabinet/item/196/page01/196-198643img10.jpg"" width=""700"" height=""50""><br><br>
<img src=""http://image.rakuten.co.jp/keitai/cabinet/kisetukate/smart/for_ipse_5s.jpg"" width=""700"" height=""85""><br><br>
<img src=""http://image.rakuten.co.jp/ketchupper/cabinet/item/41_4/page01/41-8577img01.jpg"" width=""700"" height=""433""><br>
<table border=""0"" width=""700"" cellpadding=""0"" cellspacing=""0""><tr><td align=""right"" class=""itemCopy""><font size=""2"">　</font></td></tr></table><br>
<img src=""http://image.rakuten.co.jp/keitai/cabinet/item/41/page02/41-857700img02.gif"" width=""700"" height=""77""><br><br>
<table border=""0"" width=""680"" cellpadding=""0"" cellspacing=""0"">
<tr>
<td align=""left"">
<font size=""2"">
女子たちの永遠の憧れ、ディズニーガールズコレクションがiPhone SE/5s/5専用iFaceになって登場です！<br>
コンパクトなiPhone SE/5s/5をしっかり保護して手にピッタリとフィットします。<br>
<br>
女性のSラインをイメージした、なめらかな曲線が特徴的なiFace First Classケース。<br>
その独特の形状が手にフィットし、とても持ちやすく操作時の安定感が増します。<br>
ポリカーボネートとTPU、2つの素材の特徴を生かしiPhoneを保護！
</font>
</td>
</tr>
</table>
<br>
<img src=""http://image.rakuten.co.jp/ketchupper/cabinet/item/41_4/page01/41-8577img02.jpg"" width=""700"" height=""433""><br><br>
<img src=""http://image.rakuten.co.jp/keitai/cabinet/syapage/title_1.gif"" width=""700"" height=""80""><br><br>
<img src=""http://image.rakuten.co.jp/keitai/cabinet/item/41/page02/41-857700img04.jpg"" width=""700"" height=""700""><br><br>
<img src=""http://image.rakuten.co.jp/keitai/cabinet/item/41/page02/41-857700img05.jpg"" width=""700"" height=""700""><br><br>
<img src=""http://image.rakuten.co.jp/keitai/cabinet/item/41/page02/41-857700img06.jpg"" width=""700"" height=""700""><br><br>
<img src=""http://image.rakuten.co.jp/keitai/cabinet/item/41/page02/41-857700img07.jpg"" width=""700"" height=""600""><br><br>
<img src=""http://image.rakuten.co.jp/keitai/cabinet/syapage/title_3.gif"" width=""700"" height=""80""><br><br>
<img src=""http://image.rakuten.co.jp/keitai/cabinet/item/41/page02/41-857700img08.jpg"" width=""700"" height=""600""><br><br>
<img src=""http://image.rakuten.co.jp/keitai/cabinet/syapage/title_4.gif"" width=""700"" height=""80""><br><br>
<img src=""http://image.rakuten.co.jp/keitai/cabinet/item/41/page02/41-857700img09.jpg"" width=""700"" height=""700""><br><br>
<hr><br>
<img src=""http://image.rakuten.co.jp/keitai/cabinet/item/41/page02/41-857700img10.jpg"" width=""700"" height=""700""><br><br>
<img src=""http://image.rakuten.co.jp/keitai/cabinet/item/41/page02/41-857700img16.jpg"" width=""700"" height=""700""><br><br>
<img src=""http://image.rakuten.co.jp/keitai/cabinet/syapage/title_5.gif"" width=""700"" height=""80""><br><br>
<img src=""http://image.rakuten.co.jp/keitai/cabinet/item/41/page02/41-857700img11.jpg"" width=""700"" height=""600""><br><br>
<img src=""http://image.rakuten.co.jp/keitai/cabinet/syapage/title_7.gif"" width=""700"" height=""80""><br><br>
<table border=""0"" width=""700"" height=""350"" cellpadding=""0"" cellspacing=""0""><tbody><tr><td width=""345""><img src=""http://image.rakuten.co.jp/keitai/cabinet/item/41/page02/41-857700img12.jpg"" width=""345"" height=""350""></td><td width=""10""></td><td align=""left"">こちらのパッケージでお届けします。</td><td width=""10""></td></tr></tbody></table><br>
<img src=""http://image.rakuten.co.jp/ketchupper/cabinet/item/41_4/page01/41-8577img03.jpg"" width=""700""><br><br>
<table border=""0"" width=""680"" cellpadding=""0"" cellspacing=""0""><tr><td align=""left""><font size=""2"">※液晶面にガラスフィルム等を装着すると、フィルムの形状によっては本製品と干渉する場合がございます。<br>
※こちらの商品はデザインや仕様変更になる場合がございますので、予めご了承ください。</font></td></tr></table><br>
<img src=""http://image.rakuten.co.jp/keitai/cabinet/bana/license_2.jpg"" width=""539"" height=""60""><br><br>
<img src=""http://image.rakuten.co.jp/keitai/cabinet/item/41/page02/41-857700img14.jpg""><br><br>
<img src=""http://image.rakuten.co.jp/keitai/cabinet/item/41/page02/41-857700img15.jpg""><br><br>
</center><!-- サイズ表ここから -->
<br><center>
<table width=""700"" cellpadding=""0"" cellspacing=""2"" class=""size_tbl"">
<tr>
<td width=""130""><b>サイズ表</b></td>
<td width=""10""></td>
<td width=""560""></td>
</tr>
<tr>
<td>ケース本体</td>
<td>：</td>
<td>約縦13.6×横6.8×厚1cm</td>
</tr>
<tr>
<td>パッケージ</td>
<td>：</td>
<td>約縦18.5×横10×厚2.3cm</td>
</tr>
<tr>
<td width=""130""><b>その他仕様</b></td>
<td width=""10""></td>
<td width=""560""></td>
</tr>
<tr>
<td>主素材</td>
<td>：</td>
<td>TPU、ポリカーボネート</td>
</tr>
<tr>
<td>ストラップ使用</td>
<td>：</td>
<td>可</td>
</tr>
<tr>
<td>セット内容</td>
<td>：</td>
<td>ケース本体</td>
</tr>
</table>
</center>
<!-- サイズ表ここまで --><!-- バリエリンク -->
<center>
<table width=""700"" border=""0"" cellpadding=""1"" cellspacing=""0"">
<tr>
<td colspan=""7"" align=""left"">
<hr style=""border-style:solid; border-color:#000000; border-bottom-width:0px;"">
<font size=""2""><b>▼その他関連商品はこちら</b></font></td>
</tr>
<tr align=""center"" valign=""top"">
<td width=""100""><a target=""_top"" href=""http://item.rakuten.co.jp/ketchupper/41-198_4/""> <img src=""http://thumbnail.image.rakuten.co.jp/@0_mall/ketchupper/cabinet/item/41_3/41-198_4.jpg?_ex=90x90"" width=""90"" height=""90"" border=""0""><br></a></td>
<td width=""100""><a target=""_top"" href=""http://item.rakuten.co.jp/ketchupper/10-4311/""> <img src=""http://thumbnail.image.rakuten.co.jp/@0_mall/ketchupper/cabinet/item/10/10-4311.jpg?_ex=90x90"" width=""90"" height=""90"" border=""0""><br></a></td>
<td width=""100""><a target=""_top"" href=""http://item.rakuten.co.jp/ketchupper/41-8576/""> <img src=""http://thumbnail.image.rakuten.co.jp/@0_mall/ketchupper/cabinet/item/41_4/41-8576.jpg?_ex=90x90"" width=""90"" height=""90"" border=""0""><br></a></td>
<td width=""100""><a target=""_top"" href=""http://item.rakuten.co.jp/ketchupper/41-80/""> <img src=""http://thumbnail.image.rakuten.co.jp/@0_mall/ketchupper/cabinet/item/41_3/41-80.jpg?_ex=90x90"" width=""90"" height=""90"" border=""0""><br></a></td>
<td width=""100""><a target=""_top"" href=""http://item.rakuten.co.jp/ketchupper/111-997/""> <img src=""http://thumbnail.image.rakuten.co.jp/@0_mall/ketchupper/cabinet/item/111_8/111-997.jpg?_ex=90x90"" width=""90"" height=""90"" border=""0""><br></a></td>
<td width=""100""></td>
<td width=""100""></td>
</tr>
</table>
</center>
<!-- バリエリンク_end --></div><hr><!--ガラス--><center><b>▼合わせておすすめ！▼</b></center><a href=""http://item.rakuten.co.jp/ketchupper/276-3700/""><img src=""http://image.rakuten.co.jp/keitai/cabinet/item/276/page02/276-370002img01.jpg"" width=""100%""></a><br><!--/ガラス--><!--19-8771--><hr>
<table width=""100%"" bgcolor=""#ededed"">
<tr><td bgcolor=""#ff99cc"" align=""center""><font color=""#fff"">＼注目！ミラー付きプリンセスケース／</font></td></tr>
<tr><td><a href=""http://item.rakuten.co.jp/ketchupper/19-8771/"" target=""_top""><img src=""http://image.rakuten.co.jp/ketchupper/cabinet/banner/19-877104_700150.jpg"" width=""100%""></a></td></tr></table>
<!--/19-8771-->
<!--納期ここから--><br><div class=""reservWord""><dl><dt>※予約販売※</dt><dd> こちらの商品は<b>「1.iPhoneSE／5s／5アリエル」「2.iPhoneSE／5s／5アリス」は6月上旬入荷予定</b>になります。入荷次第、発送いたします。</dd><dd>予約品と在庫品を一緒にご購入の場合は、すべての商品が揃ってから発送いたします。 </dd><dd>個別発送を希望の場合は、それぞれ別々にご購入ください。</dd><dd>やむを得ず入荷日が変更になる場合は、メールにてご連絡いたします。</dd></dl></div><!--納期ここまで-->
<!--ディズニーリンク-->
<hr><br>
<img src=""http://image.rakuten.co.jp/ketchupper/cabinet/banner/disneyftr_700433.jpg"" width=""100%"">
<!--/ディズニーリンク-->
<!--iPhonese--><center>
▼iPhonSE/5s/5ケースならKetchup!にお任せ▼<br>
<table width=""100%"">
<tr><td><img src=""http://image.rakuten.co.jp/ketchupper/cabinet/event/img/2016/ke_cate_ipse_700433.jpg"" width=""100%"" alt=""手帳型 シリコン ハード ソフト""></td></tr></table>
</center>
<!--/iPhonese-->",iPhone SE iPhone5s iPhone5 ディズニー iFace ガールズ【 アリエル アリス 白雪姫 プリンセス スマホケース アイフォン iphone ケース ディズニー スマホケース 携帯ケース アイフェイス 】：Ketchup,スマホケースiPhoneケース可愛いxperia安いスマホスマホカバーキーホルダーストラップイヤホンスピーカーネットショップhameeハミィイヤホンジャックディズニーかわいい女子ファッション通販iPhone SE iPhone5s iPhone5 ディズニー iFace ガールズ【 アリエル アリス 白雪姫 プリンセス スマホケース アイフォン iphone ケース ディズニー スマホケース 携帯ケース アイフェイス 】,大人気のアイフェイスにディズニープリンセスが登場！。iPhone SE iPhone5s iPhone5 ディズニー iFace ガールズ【 アリエル アリス 白雪姫 プリンセス スマホケース アイフォン iphone ケース ディズニー スマホケース 携帯ケース アイフェイス 】[rn]
23-92223,http://tshop.r10s.jp/ketchupper/cabinet/item/41_4/41-8781.jpg?fitin=700:700,3110.4000,,スマートフォン・タブレット > スマートフォンアクセサリー > スマートフォンケース,iPhone7 iPhone 7 ケース ディズニー iface  (ストーリー)【 iphone トイストーリー ウッディ ポテトヘッド リトルグリーンメン モンスターズインク マイク サリー アリス ピクサー ディズニー 可愛い キャラ スマホケース アイフォン アイフェイス 携帯ケース 】,iphone7に早くもディズニーケース登場！,"<!--ガラス--><br><center><b>▼合わせておすすめ！▼</b></center><br>
<a href=""http://item.rakuten.co.jp/ketchupper/276-8735/""><img src=""http://image.rakuten.co.jp/ketchupper/cabinet/banner/276-873502_700150.jpg"" width=""100%""></a><br><hr>
<!--/ガラス--><div class=""productPage""><center>
<!--ip6link--><br>
<a href=""http://item.rakuten.co.jp/ketchupper/41-8621/""><img src=""http://image.rakuten.co.jp/ketchupper/cabinet/banner/ip6pat_70080ke.gif"" width=""100%""></a><br>
<!--/ip6link-->
<img src=""http://image.rakuten.co.jp/keitai/cabinet/item/196/page01/196-198643img10.jpg"" width=""700"" height=""50""><br><br>
<img src=""http://image.rakuten.co.jp/keitai/cabinet/kisetukate/smart/for_ip7.jpg"" width=""700"" height=""85""><br><br>
<img src=""http://image.rakuten.co.jp/ketchupper/cabinet/item/41_4/page01/41-8781img01.jpg"" width=""700"" height=""433""><br>
<img src=""http://image.rakuten.co.jp/keitai/cabinet/item/41/page02/41-878101img02.gif"" width=""700"" height=""77""><br><br>
<img src=""http://image.rakuten.co.jp/keitai/cabinet/syapage/licence_01.gif"" width=""700"" height=""600"">
<table border=""0"" width=""680"" cellpadding=""0"" cellspacing=""0"">
<tr>
<td align=""left"">
<font size=""2"">
大人気のiFace First Classケースに<br>
ディズニー作品のキャラクターが大集合した、にぎやかなiPhone 7専用ケースが登場しました。<br>
<br>
・アリス・イン・ワンダーランド <br>
・トイストーリー <br>
・モンスターズインク<br>
<br>
女性のSラインをイメージした、なめらかな曲線が特徴的なiFaceケース。<br>
その独特の形状が手にフィットし、とても持ちやすく操作時の安定感が増します。<br>
また、ポリカーボネートとTPU、2つの素材の特徴を生かし、傷や衝撃からiPhoneを保護します。<br>
<br>
ストラップホール付きでお好きなストラップでカスタマイズOK。<br>
<br>
ケースを持っているだけで、大好きな物語の世界にいるみたい！<br>
毎日のスマホライフがもっとワクワク、使うたびに気分もテンションも上がっちゃいます♪
</font>
</td>
</tr>
</table>
<br>
<img src=""http://image.rakuten.co.jp/ketchupper/cabinet/item/41_4/page01/41-8781img02.jpg"" width=""700"" height=""433""><br><br>
<img src=""http://image.rakuten.co.jp/keitai/cabinet/syapage/title_1.gif"" width=""700"" height=""80""><br><br>
<img src=""http://image.rakuten.co.jp/keitai/cabinet/item/41/page02/41-878101img04.jpg"" width=""700"" height=""800""><br><br>
<img src=""http://image.rakuten.co.jp/keitai/cabinet/item/41/page02/41-878101img05.jpg"" width=""700"" height=""900""><br><br>
<img src=""http://image.rakuten.co.jp/keitai/cabinet/item/41/page02/41-878101img06.jpg"" width=""700"" height=""500""><br><br>
<img src=""http://image.rakuten.co.jp/keitai/cabinet/syapage/title_3.gif"" width=""700"" height=""80""><br><br>
<img src=""http://image.rakuten.co.jp/keitai/cabinet/item/41/page02/41-878101img07.jpg"" width=""700"" height=""1000""><br><br>
<img src=""http://image.rakuten.co.jp/keitai/cabinet/syapage/title_4.gif"" width=""700"" height=""80""><br><br>
<img src=""http://image.rakuten.co.jp/keitai/cabinet/item/41/page02/41-878101img08.jpg"" width=""700"" height=""500""><br><br>
<img src=""http://image.rakuten.co.jp/keitai/cabinet/item/41/page02/41-878101img10.jpg"" width=""700"" height=""700""><br><br>
<img src=""http://image.rakuten.co.jp/keitai/cabinet/item/41/page02/41-878101img11.jpg"" width=""700"" height=""600""><br><br>
<img src=""http://image.rakuten.co.jp/keitai/cabinet/syapage/title_7.gif"" alt=""パッケージ"" width=""700"" height=""80""><br><br>

<table border=""0"" width=""700"" height=""350"" cellpadding=""0"" cellspacing=""0""><tbody><tr><td width=""345""><img src=""http://image.rakuten.co.jp/keitai/cabinet/item/41/page02/41-878101img12.jpg"" alt=""ディズニーキャラクターifaceパッケージ"" width=""345"" height=""350""></td><td width=""10""></td><td align=""left"">こちらのパッケージでお届けします。</td><td width=""10""></td></tr></tbody></table><br>
<hr><br>
<img src=""http://image.rakuten.co.jp/ketchupper/cabinet/item/41_4/page01/41-8781img03.jpg"" width=""700"" height=""433""><br><br>
<table border=""0"" width=""680"" cellpadding=""0"" cellspacing=""0""><tr><td align=""left""><font size=""2"">※液晶面にガラスフィルム等を装着すると、フィルムの形状によっては本製品と干渉する場合がございます。</font></td></tr></table><br>
<img src=""http://image.rakuten.co.jp/keitai/cabinet/bana/license_2.jpg"" width=""539"" height=""60""><br><br>
<img src=""http://image.rakuten.co.jp/keitai/cabinet/syapage/licence_02.gif"" width=""700"" height=""650""><br><br>
</center><!-- サイズ表ここから -->
<br><center>
<table width=""700"" cellpadding=""0"" cellspacing=""2"" class=""size_tbl"">
<tr>
<td width=""130""><b>サイズ表</b></td>
<td width=""10""></td>
<td width=""560""></td>
</tr>
<tr>
<td>ケース本体</td>
<td>：</td>
<td>約縦15×横7.6×厚1cm</td>
</tr>
<tr>
<td>パッケージ</td>
<td>：</td>
<td>約縦20.7×横11.1×厚2.5cm</td>
</tr>
<tr>
<td width=""130""><b>その他仕様</b></td>
<td width=""10""></td>
<td width=""560""></td>
</tr>
<tr>
<td>主素材</td>
<td>：</td>
<td>TPU、ポリカーボネート、鉄</td>
</tr>
<tr>
<td>ストラップ使用</td>
<td>：</td>
<td>可</td>
</tr>
<tr>
<td>セット内容</td>
<td>：</td>
<td>ケース本体</td>
</tr>
</table>
</center>
<!-- サイズ表ここまで -->
<!--ハンドリンカー--><hr>
<a href=""http://search.rakuten.co.jp/search/inshop-mall/handlinker/-/f.1-p.1-s.1-sf.0-sid.313546-st.A-v.3""><img src=""https://image.rakuten.co.jp/ketchupper/cabinet/banner/handlinker_700433.jpg"" width=""700""></a><br><!-- バリエリンク -->
<center>
<table width=""700"" border=""0"" cellpadding=""1"" cellspacing=""0"">
<tr>
<td colspan=""7"" align=""left"">
<hr style=""border-style:solid; border-color:#000000; border-bottom-width:0px;"">
<font size=""2""><b>▼その他関連商品はこちら</b></font></td>
</tr>
<tr align=""center"" valign=""top"">
<td width=""100""><a target=""_top"" href=""http://item.rakuten.co.jp/ketchupper/41-8779/""> <img src=""http://thumbnail.image.rakuten.co.jp/@0_mall/ketchupper/cabinet/item/41_4/41-8779.jpg?_ex=90x90"" width=""90"" height=""90"" border=""0""><br></a></td>
<td width=""100""><a target=""_top"" href=""http://item.rakuten.co.jp/ketchupper/41-8780/""> <img src=""http://thumbnail.image.rakuten.co.jp/@0_mall/ketchupper/cabinet/item/41_4/41-8780.jpg?_ex=90x90"" width=""90"" height=""90"" border=""0""><br></a></td>
<td width=""100""><a target=""_top"" href=""http://item.rakuten.co.jp/ketchupper/41-8781/""> <img src=""http://thumbnail.image.rakuten.co.jp/@0_mall/ketchupper/cabinet/item/41_4/41-8781.jpg?_ex=90x90"" width=""90"" height=""90"" border=""0""><br></a></td>
<td width=""100""></td>
<td width=""100""></td>
<td width=""100""></td>
<td width=""100""></td>
</tr>
</table>
</center>
<!-- バリエリンク_end --></div>

<!--19-8771--><hr>
<table width=""100%"" bgcolor=""#ededed"">
<tr><td bgcolor=""#ff99cc"" align=""center""><font color=""#fff"">＼注目！ミラー付きプリンセスケース／</font></td></tr>
<tr><td><a href=""http://item.rakuten.co.jp/ketchupper/19-8771/"" target=""_top""><img src=""http://image.rakuten.co.jp/ketchupper/cabinet/banner/19-877104_700150.jpg"" width=""100%""></a></td></tr></table>
<!--/19-8771-->",iPhone7 iPhone 7 ケース ディズニー iface  (ストーリー)【 iphone トイストーリー ウッディ ポテトヘッド リトルグリーンメン モンスターズインク マイク サリー アリス ピクサー ディズニー 可愛い キャラ スマホケース アイフォン アイフェイス 携帯ケース 】：Ketchup,スマホケースiPhoneケース可愛いxperia安いスマホスマホカバーキーホルダーストラップイヤホンスピーカーネットショップhameeハミィイヤホンジャックディズニーかわいい女子ファッション通販iPhone7 iPhone 7 ケース ディズニー iface  (ストーリー)【 iphone トイストーリー ウッディ ポテトヘッド リトルグリーンメン モンスターズインク マイク サリー アリス ピクサー ディズニー 可愛い キャラ スマホケース アイフォン アイフェイス 携帯ケース 】,iphone7に早くもディズニーケース登場！。iPhone7 iPhone 7 ケース ディズニー iface  (ストーリー)【 iphone トイストーリー ウッディ ポテトヘッド リトルグリーンメン モンスターズインク マイク サリー アリス ピクサー ディズニー 可愛い キャラ スマホケース アイフォン アイフェイス 携帯ケース 】[rn]
23-92224,http://tshop.r10s.jp/ketchupper/cabinet/item/41_4/41-8737.jpg?fitin=700:700,3110.4000,,スマートフォン・タブレット > スマートフォンアクセサリー > スマートフォンケース,iPhone 7 iPhone7 PEANUTS/ピーナッツ スヌーピー  iFace ケース 【 iphoneケース アイフェイス 可愛い キャラクター アイフォン7 】,スヌーピーのアイフェイス登場。ウッドストック柄もあります！,"<div class=""productPage""><center>
<!--ip6-->
<a href=""http://item.rakuten.co.jp/ketchupper/41-8736""><img src=""http://image.rakuten.co.jp/ketchupper/cabinet/banner/ip6pat_70080ke.gif"" width=""100%""></a><br>
<!--/ip6-->
<img src=""http://image.rakuten.co.jp/keitai/cabinet/item/196/page01/196-198643img10.jpg"" width=""700"" height=""50""><br><br>
<img src=""http://image.rakuten.co.jp/keitai/cabinet/kisetukate/smart/for_ip7.jpg"" width=""700"" height=""85""><br><br>
<img src=""http://image.rakuten.co.jp/ketchupper/cabinet/item/41_4/page01/41-8737img01.jpg"" width=""700"" height=""433""><br>
<table border=""0"" width=""700"" cellpadding=""0"" cellspacing=""0""><tr><td align=""right"" class=""itemCopy""><font size=""2"">　</font></td></tr></table><br>
<img src=""http://image.rakuten.co.jp/keitai/cabinet/item/41/page02/41-873700img02.gif"" width=""700"" height=""77""><br><br>
<img src=""http://image.rakuten.co.jp/keitai/cabinet/item/41/page02/41-873700img03.jpg"" width=""700"" height=""800""><br><br>
<img src=""http://image.rakuten.co.jp/ketchupper/cabinet/item/41_4/page01/41-8737img04.jpg"" width=""700"" height=""433""><br><br>
<table border=""0"" width=""680"" cellpadding=""0"" cellspacing=""0"">
<tr>
<td align=""left"">
<font size=""2"">
世界中の人々に愛されている「PEANUTS/ピーナッツ」。<br>
個性豊かな仲間たちとスヌーピーが繰り広げるお話は、人生に役立つ名言が飛び出たりと、大人にもファンが多いですよね。<br>
そんな スヌーピー と仲間たちが、iPhone 7 専用 iFace First Class/アイフェイス ケース に登場しました！<br>
<br>
どこかウィットにとんだキュートなイラストは、スヌーピーのおちゃめな日常、映画館のチケット売り場で並ぶチャーリー・ブラウン達など、<br>
見る人みんなが笑顔になっちゃうデザイン♪iPhoneを使う度に気分もアップしそうです。<br>
<br>
待望の新柄も登場♪星空の下でたそがれる、チャーリーブラウンとスヌーピーの後姿。<br>
ネイビーカラーで、大人っぽい落ち着いたデザインになっています。<br>
<br>
iFace First Classは、女性のSラインをイメージした、なめらかな曲線が特徴的。<br>
その独特の形状が手にフィットし、とても持ちやすく操作時の安定感が増します。<br>
ポリカーボネートとTPU、2つの素材の特徴を生かし、傷や衝撃からアイフォンを保護します。<br>
<br>
可愛いイラストと機能性を兼ね備えたPEANUTS/ピーナッツ iface First Classケース。<br>
スヌーピーと仲間たちのキュートな仕草に、毎日癒されちゃいそうですね。
</font>
</td>
</tr>
</table>
<br>
<img src=""http://image.rakuten.co.jp/keitai/cabinet/syapage/title_1.gif"" width=""700"" height=""80""><br><br>
<img src=""http://image.rakuten.co.jp/keitai/cabinet/item/41/page02/41-873700img05.jpg"" width=""700"" height=""600""><br><br>
<img src=""http://image.rakuten.co.jp/keitai/cabinet/item/41/page02/41-873700img06.jpg"" width=""700"" height=""600""><br><br>
<img src=""http://image.rakuten.co.jp/keitai/cabinet/item/41/page02/41-873700img07.jpg"" width=""700"" height=""600""><br><br>
<img src=""http://image.rakuten.co.jp/keitai/cabinet/item/41/page02/41-873700img08.jpg"" width=""700"" height=""500""><br><br>
<img src=""http://image.rakuten.co.jp/keitai/cabinet/syapage/title_9.gif"" width=""700"" height=""80""><br><br>
<img src=""http://image.rakuten.co.jp/keitai/cabinet/item/41/page02/41-873700img09.jpg"" width=""700"" height=""800""><br><br>
<img src=""http://image.rakuten.co.jp/ketchupper/cabinet/item/41_4/page01/41-8737img03.jpg"" width=""700""><br><br>
<img src=""http://image.rakuten.co.jp/keitai/cabinet/syapage/title_3.gif"" width=""700"" height=""80""><br><br>
<img src=""http://image.rakuten.co.jp/keitai/cabinet/item/41/page02/41-873700img10.jpg"" width=""700"" height=""900""><br><br>
<img src=""http://image.rakuten.co.jp/keitai/cabinet/item/41/page02/41-873700img11.jpg"" width=""700"" height=""1100""><br><br>
<img src=""http://image.rakuten.co.jp/ketchupper/cabinet/item/41_4/page01/41-8737img02.jpg"" width=""700""><br><br>
<img src=""http://image.rakuten.co.jp/keitai/cabinet/syapage/title_4.gif"" width=""700"" height=""80""><br><br>
<img src=""http://image.rakuten.co.jp/keitai/cabinet/item/41/page02/41-873700img12.jpg"" width=""700"" height=""700""><br><br>
<img src=""http://image.rakuten.co.jp/keitai/cabinet/syapage/title_5.gif"" width=""700"" height=""80""><br><br>
<img src=""http://image.rakuten.co.jp/keitai/cabinet/item/41/page02/41-873700img13.jpg"" width=""700"" height=""600""><br><br>
<img src=""http://image.rakuten.co.jp/keitai/cabinet/syapage/title_7.gif"" width=""700"" height=""80""><br><br>
<table border=""0"" width=""700"" height=""350"" cellpadding=""0"" cellspacing=""0""><tbody><tr><td width=""345""><img src=""http://image.rakuten.co.jp/keitai/cabinet/item/41/page02/41-873700img14.jpg"" width=""345"" height=""350""></td><td width=""10""></td><td align=""left"">こちらのパッケージでお届けします。</td><td width=""10""></td></tr></tbody></table><br>
<img src=""http://image.rakuten.co.jp/keitai/cabinet/item/41/page02/41-873700img15.jpg"" width=""700"" height=""500""><br><br>
<table border=""0"" width=""680"" cellpadding=""0"" cellspacing=""0""><tr><td align=""left""><font size=""2"">※液晶面にガラスフィルム等を装着すると、フィルムの形状によっては本製品と干渉する場合がございます。<br>※こちらの商品はデザインや仕様変更になる場合がございますので、予めご了承ください。</font></td></tr></table><br>
<img src=""http://image.rakuten.co.jp/keitai/cabinet/bana/license_2.jpg"" width=""539"" height=""60""><br><br>
</center>
<img src=""http://image.rakuten.co.jp/keitai/cabinet/syapage/licence_01.gif"" width=""700"" height=""600""><br><br>
<img src=""http://image.rakuten.co.jp/keitai/cabinet/syapage/licence_02.gif"" width=""700"" height=""650""><br><!-- サイズ表ここから -->
<br><center>
<table width=""700"" cellpadding=""0"" cellspacing=""2"" class=""size_tbl"">
<tr>
<td width=""130""><b>サイズ表</b></td>
<td width=""10""></td>
<td width=""560""></td>
</tr>
<tr>
<td>本体</td>
<td>：</td>
<td>約縦15.2×横7.6×厚1cm</td>
</tr>
<tr>
<td>パッケージ</td>
<td>：</td>
<td>約縦20.7×横11×厚2.5cm</td>
</tr>
<tr>
<td width=""130""><b>その他仕様</b></td>
<td width=""10""></td>
<td width=""560""></td>
</tr>
<tr>
<td>主素材</td>
<td>：</td>
<td>TPU、ポリカーボネート、鉄</td>
</tr>
<tr>
<td>ストラップ使用</td>
<td>：</td>
<td>可</td>
</tr>
<tr>
<td>セット内容</td>
<td>：</td>
<td>ケース本体</td>
</tr>
</table>
</center>
<!-- サイズ表ここまで -->
<!--ハンドリンカー--><hr>
<a href=""http://search.rakuten.co.jp/search/inshop-mall/handlinker/-/f.1-p.1-s.1-sf.0-sid.313546-st.A-v.3""><img src=""https://image.rakuten.co.jp/ketchupper/cabinet/banner/handlinker_700433.jpg"" width=""700""></a><br><!-- バリエリンク -->
<center>
<table width=""700"" border=""0"" cellpadding=""1"" cellspacing=""0"">
<tr>
<td colspan=""7"" align=""left"">
<hr style=""border-style:solid; border-color:#000000; border-bottom-width:0px;"">
<font size=""2""><b>▼その他関連商品はこちら</b></font></td>
</tr>
<tr align=""center"" valign=""top"">
<td width=""100""><a target=""_top"" href=""http://item.rakuten.co.jp/ketchupper/41-8737/""> <img src=""http://thumbnail.image.rakuten.co.jp/@0_mall/ketchupper/cabinet/item/41_4/41-8737.jpg?_ex=90x90"" width=""90"" height=""90"" border=""0""><br></a></td>
<td width=""100""><a target=""_top"" href=""http://item.rakuten.co.jp/ketchupper/41-877/""> <img src=""http://thumbnail.image.rakuten.co.jp/@0_mall/ketchupper/cabinet/item/41_4/41-877.jpg?_ex=90x90"" width=""90"" height=""90"" border=""0""><br></a></td>
<td width=""100""><a target=""_top"" href=""http://item.rakuten.co.jp/ketchupper/41-8775/""> <img src=""http://thumbnail.image.rakuten.co.jp/@0_mall/ketchupper/cabinet/item/41_3/41-8775.jpg?_ex=90x90"" width=""90"" height=""90"" border=""0""><br></a></td>
<td width=""100""><a target=""_top"" href=""http://item.rakuten.co.jp/ketchupper/41-8780/""> <img src=""http://thumbnail.image.rakuten.co.jp/@0_mall/ketchupper/cabinet/item/41_4/41-8780.jpg?_ex=90x90"" width=""90"" height=""90"" border=""0""><br></a></td>
<td width=""100""></td>
<td width=""100""></td>
<td width=""100""></td>
</tr>
</table>
</center>
<!-- バリエリンク_end --></div><!--ガラス--><center><b>▼合わせておすすめ！▼</b></center><a href=""http://item.rakuten.co.jp/ketchupper/276-8764/""><img ="""" src=""https://image.rakuten.co.jp/ketchupper/cabinet/banner/iface-film.jpg"" width=""700""></a><br><hr><!--/ガラス-->[iPhone 7専用]PEANUTS/ピーナッツ iFace First Classケース",iPhone 7 iPhone7 PEANUTS/ピーナッツ スヌーピー  iFace ケース 【 iphoneケース アイフェイス 可愛い キャラクター アイフォン7 】：Ketchup,スマホケースiPhoneケース可愛いxperia安いスマホスマホカバーキーホルダーストラップイヤホンスピーカーネットショップhameeハミィイヤホンジャックディズニーかわいい女子ファッション通販iPhone 7 iPhone7 PEANUTS/ピーナッツ スヌーピー  iFace ケース 【 iphoneケース アイフェイス 可愛い キャラクター アイフォン7 】,スヌーピーのアイフェイス登場。ウッドストック柄もあります！。iPhone 7 iPhone7 PEANUTS/ピーナッツ スヌーピー  iFace ケース 【 iphoneケース アイフェイス 可愛い キャラクター アイフォン7 】[rn]
23-92225,http://tshop.r10s.jp/ketchupper/cabinet/item/41_3/41-198_4.jpg?fitin=700:700,2040.0000,,スマートフォン・タブレット > スマートフォンアクセサリー > スマートフォンケース,iPhoneSE iPhone5 iPhone5s iface ケース アイフェイス 【 iphone se iphone 5 iphone 5s iface アイフェイス ペア スマホケース スマホカバー 携帯ケース ハード 耐衝撃 】,大人気！カラバリ豊富で機能もバッチリ★みんなでアイフェイス,"<!--ip6link--><br>
<a href=""http://item.rakuten.co.jp/ketchupper/41-829/""><img src=""http://image.rakuten.co.jp/ketchupper/cabinet/banner/ip6pat_70080ke.gif"" width=""700""></a><br><br>
<!--/ip6link-->
<div class=""productPage""><center><img src=""http://image.rakuten.co.jp/keitai/cabinet/kisetukate/smart/for_ipse_5s.jpg"" width=""700"" height=""85""><br><br>
<img src=""http://image.rakuten.co.jp/ketchupper/cabinet/item/41_3/page01/41-198img01.jpg"" width=""700"" height=""433""><br><br>
<img src=""http://image.rakuten.co.jp/keitai/cabinet/item/41/page01/41-198001img12.jpg"" width=""700"" height=""77""><br><br>
<table border=""0"" width=""680"" cellpadding=""0"" cellspacing=""0"">
<tr>
<td align=""left"">
<font size=""2"">
iFace First Classの、iPhoneSE/5s/5専用ケースが登場。<br />
ポリカーボネートとポリウレタン、2つの素材の特徴を生かし、傷や衝撃からアイフォンを守ります。<br />
丸みを帯びたフォルムと、なめらかな曲線が特徴的。<br />
滑らかな手触りを、iPhoneSE/5s/5で是非お試しください。<br />
<br /><br /></font>
</td>
</tr>
</table>
<br>
<img src=""http://image.rakuten.co.jp/ketchupper/cabinet/item/41_3/page01/41-198img03.jpg"" width=""700"" height=""433""><br><br>
<img src=""http://image.rakuten.co.jp/ketchupper/cabinet/item/41_3/page01/41-198img06.jpg"" width=""700"" height=""433""><br><br>
<img src=""http://image.rakuten.co.jp/keitai/cabinet/syapage/title_1.jpg"" width=""700"" height=""80""><br><br>
<img src=""http://image.rakuten.co.jp/keitai/cabinet/item/41/page01/41-198001img13.jpg"" width=""700"" height=""350""><br><br>
<img src=""http://image.rakuten.co.jp/keitai/cabinet/item/41/page01/41-198001img14.jpg"" width=""700"" height=""350""><br><br>
<img src=""http://image.rakuten.co.jp/keitai/cabinet/item/41/page01/41-198001img15.jpg"" width=""700"" height=""350""><br><br>
<img src=""http://image.rakuten.co.jp/keitai/cabinet/syapage/title_3.jpg"" width=""700"" height=""80""><br><br>
<img src=""http://image.rakuten.co.jp/ketchupper/cabinet/item/41_3/page01/41-198img07.jpg"" width=""700""><br><br>
<img src=""http://image.rakuten.co.jp/ketchupper/cabinet/item/41_3/page01/41-198img04.jpg"" width=""700""><br><br>
<img src=""http://image.rakuten.co.jp/keitai/cabinet/item/41/page01/41-198001img20.jpg"" width=""700"" height=""500""><br><br>
<img src=""http://image.rakuten.co.jp/keitai/cabinet/syapage/title_4.jpg"" width=""700"" height=""80""><br><br>
<img src=""http://image.rakuten.co.jp/keitai/cabinet/item/41/page01/41-198001img16.jpg"" width=""700"" height=""433""><br><br>
<img src=""http://image.rakuten.co.jp/keitai/cabinet/item/41/page01/41-198001img17.jpg"" width=""700"" height=""350""><br><br>
<img src=""http://image.rakuten.co.jp/keitai/cabinet/item/41/page02/41-198001logo1.jpg"" width=""700"" height=""600""><br><br>
<img src=""http://image.rakuten.co.jp/ketchupper/cabinet/item/41_3/page01/41-198img02.jpg"" wodth=""700""><br><br>
<img src=""https://image.rakuten.co.jp/ketchupper/cabinet/banner/ifacedeco-basic.jpg"" width=""700""><br><br>
<table border=""0"" width=""680"" cellpadding=""0"" cellspacing=""0""><tr><td align=""left""><font size=""2"">※液晶面にガラスフィルム等を装着すると、フィルムの形状によっては本製品と干渉する場合がございます。</font></td></tr></table><br>
</center><!-- サイズ表ここから -->
<center>
<table width=""700"" cellpadding=""0"" cellspacing=""2"" bgcolor=""#ffffff"">
<tr>
<td colspan=""3"" align=""left"" valign=""top"" height=""20"">
<b>サイズ表</b>
</td>
</tr>
<tr>
<td width=""130"" align=""left"" valign=""top"">ケース本体</td>
<td align=""right"" valign=""top"" width=""10"">：</td>
<td align=""left"" valign=""top"" width=""560"">約縦13.5×横6.7×厚1.2cm</td>
</tr>
<tr>
<td width=""130"" align=""left"" valign=""top"">パッケージ</td>
<td align=""right"" valign=""top"" width=""10"">：</td>
<td align=""left"" valign=""top"" width=""560"">約縦21.1×横12×厚2.4cm</td>
</tr>
<tr>
<td colspan=""3"" height=""20"" align=""left"" valign=""top"">
<font size=""2""><b>その他仕様</b></font>
</td>
</tr>
<tr>
<td width=""130"" align=""left"" valign=""top"">ストラップ使用</td>
<td align=""right"" valign=""top"" width=""10"">：</td>
<td align=""left"" valign=""top"" width=""560"">可</td>
</tr>
<tr>
<td width=""130"" align=""left"" valign=""top"">素材</td>
<td align=""right"" valign=""top"" width=""10"">：</td>
<td align=""left"" valign=""top"" width=""560"">PC、TPU</td>
</tr>
</table>
</center>
<!-- サイズ表ここまで -->
<br><hr>
<a href=""http://item.rakuten.co.jp/ketchupper/41-877/""><img src=""http://image.rakuten.co.jp/ketchupper/cabinet/banner/ip7pat_70080ke.gif"" width=""700""></a><br><br>
<a href=""http://item.rakuten.co.jp/ketchupper/41-87/""><img src=""http://image.rakuten.co.jp/ketchupper/cabinet/banner/ip7ppat_70080ke.gif"" width=""700""></a><br><br>
<a href=""http://item.rakuten.co.jp/ketchupper/41-829/""><img src=""http://image.rakuten.co.jp/ketchupper/cabinet/banner/ip6pat_70080ke.gif"" width=""700""></a><br><br>
<a href=""http://item.rakuten.co.jp/ketchupper/41-833/""><img src=""http://image.rakuten.co.jp/ketchupper/cabinet/banner/ip6ppat_70080ke.gif"" width=""700""></a><br><hr>
<!--ガラス--><center><b>▼合わせておすすめ！▼</b></center><a href=""http://item.rakuten.co.jp/ketchupper/276-3700/""><img src=""http://image.rakuten.co.jp/keitai/cabinet/item/276/page02/276-370002img01.jpg"" width=""700""></a><br><!--/ガラス-->
<hr>
▼関連アイテム<br>
<table width=""700"" border=""0"" cellpadding=""5"" cellspacing=""0"">
<tr align=""center"" valign=""top"">
<td>
<a target=""_top"" href=""http://item.rakuten.co.jp/ketchupper/41-8576/""><img src=""http://thumbnail.image.rakuten.co.jp/@0_mall/ketchupper/cabinet/item/41_4/41-8576.jpg?_ex=90x90"" width=""90"" height=""90"" border=""0"" ></a>
</td>
<td>
<a target=""_top"" href=""http://item.rakuten.co.jp/ketchupper/202-8217/""><img src=""http://thumbnail.image.rakuten.co.jp/@0_mall/ketchupper/cabinet/item/202/202-8217.jpg?_ex=90x90"" width=""90"" height=""90"" border=""0"" ></a>
</td>
<td>
<a target=""_top"" href=""http://item.rakuten.co.jp/ketchupper/276-8573/""><img src=""http://thumbnail.image.rakuten.co.jp/@0_mall/ketchupper/cabinet/item/276_1/276-8573ke.jpg?_ex=90x90"" width=""90"" height=""90"" border=""0"" ></a>
</td>
<td>
<a target=""_top"" href=""http://item.rakuten.co.jp/ketchupper/111-480107/""><img src=""http://thumbnail.image.rakuten.co.jp/@0_mall/ketchupper/cabinet/item/111_8/111-480107.jpg?_ex=90x90"" width=""90"" height=""90"" border=""0"" ></a>
</td>
<td>
<a target=""_top"" href=""http://item.rakuten.co.jp/ketchupper/276-8574/""><img src=""http://thumbnail.image.rakuten.co.jp/@0_mall/ketchupper/cabinet/item/276_1/276-8574ke.jpg?_ex=90x90"" width=""90"" height=""90"" border=""0"" ></a>
</td>
<td>
<a target=""_top"" href=""http://item.rakuten.co.jp/ketchupper/276-8672/""><img src=""http://thumbnail.image.rakuten.co.jp/@0_mall/ketchupper/cabinet/item/276/276-8672.jpg?_ex=90x90"" width=""90"" height=""90"" border=""0"" ></a>
</td>
<td>
<a target=""_top"" href=""http://item.rakuten.co.jp/ketchupper/276-8750/""><img src=""http://thumbnail.image.rakuten.co.jp/@0_mall/ketchupper/cabinet/item/276_1/276-8750.jpg?_ex=90x90"" width=""90"" height=""90"" border=""0"" ></a>
</td>
</tr>
</table>
<hr>
<a href=""http://search.rakuten.co.jp/search/inshop-mall/handlinker/-/sid.313546-st.A""><img src=""https://image.rakuten.co.jp/ketchupper/cabinet/banner/handlinker_700433.jpg"" width=""700""></a><br><br>
<hr>
</div><!--納期ここから--><br><div class=""reservWord""><dl><dt>※予約販売※</dt><dd> こちらの商品は<b>「4.ホットピンク」「5.ベビーピンク」「11.オレンジ」は6月上旬入荷予定</b>になります。入荷次第、発送いたします。</dd><dd>予約品と在庫品を一緒にご購入の場合は、すべての商品が揃ってから発送いたします。 </dd><dd>個別発送を希望の場合は、それぞれ別々にご購入ください。</dd><dd>やむを得ず入荷日が変更になる場合は、メールにてご連絡いたします。</dd></dl></div><!--納期ここまで-->
<!--対策-->
<table width=""100%"" border=""0"" cellpadding=""5"" cellspacing=""0"" bgcolor=""#ededed"">
<tr>
<td colspan=""3"" align=""center"">▼ 落下防止！スマホケースにつけるだけで<b>リング付きケース</b>に早変わり ▼</td></tr>
<tr align=""center"" valign=""top"">
<td>
<img ="""" src=""http://thumbnail.image.rakuten.co.jp/@0_mall/ketchupper/cabinet/item/129/129-8593.jpg"" width=""100%"" alt=""リング"">
</td>
<td>
<img ="""" src=""http://thumbnail.image.rakuten.co.jp/@0_mall/ketchupper/cabinet/item/129/129-950803.jpg"" width=""100%"" alt=""リング"">
</td>
<td>
<img ="""" src=""http://thumbnail.image.rakuten.co.jp/@0_mall/ketchupper/cabinet/item/129/129-951.jpg"" width=""100%"" alt=""リング"">
</td>
</tr>
</table>
<!--/対策-->
<hr>
<!--sidecolor--><table width=""100%"" bgcolor=""#ededed"">
<tr><td>▼シリコンなような柔らかさのTPU、ハードケースタイプあります▼</td></tr>
<tr><td><img src=""http://image.rakuten.co.jp/ketchupper/cabinet/banner/sidec_700150.jpg"" width=""100%""></td></tr></table>
<!--/sidecolor--><hr>
<!--対策-->
<table width=""100%"" border=""0"" cellpadding=""5"" cellspacing=""0"" bgcolor=""#ededed"">
<tr>
<td colspan=""3"" align=""center"">▼ 落下防止！スマホケースにつけるだけで<b>リング付きケース</b>に早変わり ▼</td></tr>
<tr align=""center"" valign=""top"">
<td>
<img ="""" src=""http://thumbnail.image.rakuten.co.jp/@0_mall/ketchupper/cabinet/item/129/129-8593.jpg"" width=""100%"" alt=""リング"">
</td>
<td>
<img ="""" src=""http://thumbnail.image.rakuten.co.jp/@0_mall/ketchupper/cabinet/item/129/129-950803.jpg"" width=""100%"" alt=""リング"">
</td>
<td>
<img ="""" src=""http://thumbnail.image.rakuten.co.jp/@0_mall/ketchupper/cabinet/item/129/129-951.jpg"" width=""100%"" alt=""リング"">
</td>
</tr>
</table>
<!--/対策-->",iPhoneSE iPhone5 iPhone5s iface ケース アイフェイス 【 iphone se iphone 5 iphone 5s iface アイフェイス ペア スマホケース スマホカバー 携帯ケース ハード 耐衝撃 】：Ketchup,スマホケースiPhoneケース可愛いxperia安いスマホスマホカバーキーホルダーストラップイヤホンスピーカーネットショップhameeハミィイヤホンジャックディズニーかわいい女子ファッション通販iPhoneSE iPhone5 iPhone5s iface ケース アイフェイス 【 iphone se iphone 5 iphone 5s iface アイフェイス ペア スマホケース スマホカバー 携帯ケース ハード 耐衝撃 】,大人気！カラバリ豊富で機能もバッチリ★みんなでアイフェイス。iPhoneSE iPhone5 iPhone5s iface ケース アイフェイス 【 iphone se iphone 5 iphone 5s iface アイフェイス ペア スマホケース スマホカバー 携帯ケース ハード 耐衝撃 】[rn]
23-92226,http://tshop.r10s.jp/ketchupper/cabinet/item/41_4/41-8142.jpg?fitin=700:700,2592.0000,,スマートフォン・タブレット > スマートフォンアクセサリー > スマートフォンケース,iPhone6s iphone6 ディズニー iface ケース ズートピア【 スマホ ケース iphone 6 iphone 6s アイフォン アイフォン6 アイフォン6s ブランド ニック ジュディ ウサギ キツネ アニマル 】,アイフェイス スマホケース 携帯ケース カバー 可愛い ケース,"<!--ガラス--><br><center><b>▼合わせておすすめ！▼</b></center><br>
<a href=""http://item.rakuten.co.jp/ketchupper/276-8735/""><img src=""http://image.rakuten.co.jp/ketchupper/cabinet/banner/276-873502_700150.jpg"" width=""100%""></a><br><hr>
<!--/ガラス--><div class=""productPage""><center>
<img src=""http://image.rakuten.co.jp/keitai/cabinet/item/196/page01/196-198643img10.jpg"" width=""700"" height=""50""><br><br>
<img src=""http://image.rakuten.co.jp/keitai/cabinet/kisetukate/smart/for_ip6s_6.jpg"" width=""700"" height=""85""><br><br>
<img src=""http://image.rakuten.co.jp/keitai/cabinet/item/41/page02/41-814208img01.jpg"" width=""700"" height=""433""><br>
<table border=""0"" width=""700"" cellpadding=""0"" cellspacing=""0""><tr><td align=""right"" class=""itemCopy""><font size=""2"">　</font></td></tr></table><br>
<img src=""http://image.rakuten.co.jp/keitai/cabinet/item/41/page02/41-814208img02.gif"" width=""700"" height=""77""><br><br>
<table border=""0"" width=""680"" cellpadding=""0"" cellspacing=""0"">
<tr>
<td align=""left"">
<font size=""2"">
動物が人間のように暮らす大都会を舞台にした映画『ズートピア』のデザインの<br>
iPhone6s iPhone6 専用 iFace First Classが登場！<br>
うさぎの警官「ジュディ」と詐欺師の「ニック」がプリントされた可愛いデザイン♪<br>
<br>
女性のSラインをイメージした、なめらかな曲線が特徴的なiFace ケース 。<br>
その独特の形状が手にフィットし、とても持ちやすく操作時の安定感が増します。<br>
<br>
ポリカーボネートとTPU、2つの素材の特徴を生かし、傷や衝撃からiPhoneを保護。<br>
<br>
「ジュディ」と「ニック」の仲良しコンビがデザインされたスマホケースで、心躍るスマホライフを！<br>

</font>
</td>
</tr>
</table>
<br>
<img src=""http://image.rakuten.co.jp/keitai/cabinet/syapage/licence_01.gif"" width=""700"" height=""600""><br><br>
<img src=""http://image.rakuten.co.jp/keitai/cabinet/syapage/title_1.gif"" width=""700"" height=""80""><br><br>
<img src=""http://image.rakuten.co.jp/keitai/cabinet/item/41/page02/41-814208img03.jpg"" width=""700"" height=""500""><br><br>
<img src=""http://image.rakuten.co.jp/keitai/cabinet/item/41/page02/41-814208img04.jpg"" width=""700"" height=""500""><br><br>
<img src=""http://image.rakuten.co.jp/keitai/cabinet/syapage/title_3.gif"" width=""700"" height=""80""><br><br>
<img src=""http://image.rakuten.co.jp/keitai/cabinet/item/41/page02/41-814208img05.jpg"" width=""700"" height=""600""><br><br>
<img src=""http://image.rakuten.co.jp/keitai/cabinet/syapage/title_7.gif"" width=""700"" height=""80""><br><br>
<table border=""0"" width=""700"" height=""350"" cellpadding=""0"" cellspacing=""0""><tbody><tr><td width=""345""><img src=""http://image.rakuten.co.jp/keitai/cabinet/item/41/page02/41-814208img06.jpg"" width=""345"" height=""350""></td><td width=""10""></td><td align=""left"">こちらのパッケージでお届けします。</td><td width=""10""></td></tr></tbody></table><br>
<img src=""http://image.rakuten.co.jp/keitai/cabinet/item/41/page02/41-814208img07.jpg"" width=""700"" height=""600""><br><br>
<table border=""0"" width=""680"" cellpadding=""0"" cellspacing=""0""><tr><td align=""left""><font size=""2"">※液晶面にガラスフィルム等を装着すると、フィルムの形状によっては本製品と干渉する場合がございます。<br>※こちらの商品はデザインや仕様変更になる場合がございますので、予めご了承ください。</font></td></tr></table><br>
<img src=""http://image.rakuten.co.jp/keitai/cabinet/bana/license_2.jpg"" width=""539"" height=""60""><br><br>
<img src=""http://image.rakuten.co.jp/keitai/cabinet/syapage/licence_02.gif"" width=""700"" height=""650""><br><br>
</center><!-- サイズ表ここから -->
<br><center>
<table width=""700"" cellpadding=""0"" cellspacing=""2"" class=""size_tbl"">
<tr>
<td width=""130""><b>サイズ表</b></td>
<td width=""10""></td>
<td width=""560""></td>
</tr>
<tr>
<td>本体</td>
<td>：</td>
<td>約縦14.8×横7.5×厚1cm</td>
</tr>
<tr>
<td>パッケージ</td>
<td>：</td>
<td>約縦20.5×横11×厚2.5cm</td>
</tr>
<tr>
<td width=""130""><b>その他仕様</b></td>
<td width=""10""></td>
<td width=""560""></td>
</tr>
<tr>
<td>主素材</td>
<td>：</td>
<td>TPU、ポリカーボネート</td>
</tr>
<tr>
<td>ストラップ使用</td>
<td>：</td>
<td>可</td>
</tr>
<tr>
<td>セット内容</td>
<td>：</td>
<td>ケース本体</td>
</tr>
</table>
</center>
<!-- サイズ表ここまで -->
<!--ハンドリンカー--><hr>
<a href=""http://search.rakuten.co.jp/search/inshop-mall/handlinker/-/f.1-p.1-s.1-sf.0-sid.313546-st.A-v.3""><img src=""https://image.rakuten.co.jp/ketchupper/cabinet/banner/handlinker_700433.jpg"" width=""700""></a><br><!-- バリエリンク -->
<center>
<table width=""700"" border=""0"" cellpadding=""1"" cellspacing=""0"">
<tr>
<td colspan=""7"" align=""left"">
<hr style=""border-style:solid; border-color:#000000; border-bottom-width:0px;"">
<font size=""2""><b>▼その他関連商品はこちら</b></font></td>
</tr>
<tr align=""center"" valign=""top"">
<td width=""100""><a target=""_top"" href=""http://item.rakuten.co.jp/ketchupper/41-8424/""> <img src=""http://thumbnail.image.rakuten.co.jp/@0_mall/ketchupper/cabinet/item/41_3/41-8424.jpg?_ex=90x90"" width=""90"" height=""90"" border=""0""><br></a></td>
<td width=""100""><a target=""_top"" href=""http://item.rakuten.co.jp/ketchupper/41-8433/""> <img src=""http://thumbnail.image.rakuten.co.jp/@0_mall/ketchupper/cabinet/item/41_3/41-8433.jpg?_ex=90x90"" width=""90"" height=""90"" border=""0""><br></a></td>
<td width=""100""><a target=""_top"" href=""http://item.rakuten.co.jp/ketchupper/41-8620/""> <img src=""http://thumbnail.image.rakuten.co.jp/@0_mall/ketchupper/cabinet/item/41_3/41-8620.jpg?_ex=90x90"" width=""90"" height=""90"" border=""0""><br></a></td>
<td width=""100""><a target=""_top"" href=""http://item.rakuten.co.jp/ketchupper/276-8735/""> <img src=""http://thumbnail.image.rakuten.co.jp/@0_mall/ketchupper/cabinet/item/276/276-8735.jpg?_ex=90x90"" width=""90"" height=""90"" border=""0""><br></a></td>
<td width=""100""><a target=""_top"" href=""http://item.rakuten.co.jp/ketchupper/41-8621/""> <img src=""http://thumbnail.image.rakuten.co.jp/@0_mall/ketchupper/cabinet/item/41_3/41-8621.jpg?_ex=90x90"" width=""90"" height=""90"" border=""0""><br></a></td>
<td width=""100""><a target=""_top"" href=""http://item.rakuten.co.jp/ketchupper/276-8732/""> <img src=""http://thumbnail.image.rakuten.co.jp/@0_mall/ketchupper/cabinet/item/276/276-8732.jpg?_ex=90x90"" width=""90"" height=""90"" border=""0""><br></a></td>
<td width=""100""><a target=""_top"" href=""http://item.rakuten.co.jp/ketchupper/41-8631/""> <img src=""http://thumbnail.image.rakuten.co.jp/@0_mall/ketchupper/cabinet/item/41_3/41-8631.jpg?_ex=90x90"" width=""90"" height=""90"" border=""0""><br></a></td>
</tr>
</table>
</center>
<!-- バリエリンク_end --></div>
<!--19-8771--><hr>
<table width=""100%"" bgcolor=""#ededed"">
<tr><td bgcolor=""#ff99cc"" align=""center""><font color=""#fff"">＼注目！ミラー付きプリンセスケース／</font></td></tr>
<tr><td><a href=""http://item.rakuten.co.jp/ketchupper/19-8771/"" target=""_top""><img src=""http://image.rakuten.co.jp/ketchupper/cabinet/banner/19-877104_700150.jpg"" width=""100%""></a></td></tr></table>
<!--/19-8771--><!--iPhone6/6s--><center>
▼iPhone6/6sケースならKetchup!にお任せ▼<br>
<table width=""100%"">
<tr><td><img src=""http://image.rakuten.co.jp/ketchupper/cabinet/banner/cate_iphone6_700150.jpg"" width=""100%"" alt=""手帳型 シリコン ハード ソフト""></td></tr>

<tr><td><img src=""http://image.rakuten.co.jp/ketchupper/cabinet/banner/cate_iphone6s_700150.jpg"" width=""100%"" alt=""手帳型 シリコン ハード ソフト""></td></tr></table>
</center>
<!--/iPhone6/6s--><hr>",iPhone6s iphone6 ディズニー iface ケース ズートピア【 スマホ ケース iphone 6 iphone 6s アイフォン アイフォン6 アイフォン6s ブランド ニック ジュディ ウサギ キツネ アニマル 】：Ketchup,スマホケースiPhoneケース可愛いxperia安いスマホスマホカバーキーホルダーストラップイヤホンスピーカーネットショップhameeハミィイヤホンジャックディズニーかわいい女子ファッション通販iPhone6s iphone6 ディズニー iface ケース ズートピア【 スマホ ケース iphone 6 iphone 6s アイフォン アイフォン6 アイフォン6s ブランド ニック ジュディ ウサギ キツネ アニマル 】,アイフェイス スマホケース 携帯ケース カバー 可愛い ケース。iPhone6s iphone6 ディズニー iface ケース ズートピア【 スマホ ケース iphone 6 iphone 6s アイフォン アイフォン6 アイフォン6s ブランド ニック ジュディ ウサギ キツネ アニマル 】[rn]
23-92227,http://tshop.r10s.jp/ketchupper/cabinet/item/2/2-8543.jpg?fitin=700:700,3888.0000,,スマートフォン・タブレット > スマートフォンアクセサリー > スマートフォンケース,iPhone7 iPhone6s iPhone6 栃木レザー 手帳型 ケース 【 iphoneケース 本革 レザー iphone 7 iphone 6s iphone 6 携帯ケース 】,送料無料 手帳型 スマホケース,"<div class=""productPage""><center>
<img src=""http://image.rakuten.co.jp/keitai/cabinet/item/2/page01/2-854303img15.jpg""  width=""700"" height=""206""><br><br>
<img src=""http://image.rakuten.co.jp/keitai/cabinet/kisetukate/smart/for_ip7_6s_6.jpg"" width=""700"" height=""85""><br><br>
<img src=""http://image.rakuten.co.jp/keitai/cabinet/item/2/page01/2-854303img12.jpg"" width=""700"" height=""433""><br>
<table border=""0"" width=""700"" cellpadding=""0"" cellspacing=""0""><tr><td align=""right"" class=""itemCopy""><font size=""2"">　</font></td></tr></table><br>
<img src=""http://image.rakuten.co.jp/keitai/cabinet/item/2/page01/2-854303img02.gif"" width=""700"" height=""77""><br><br>
<table border=""0"" width=""680"" cellpadding=""0"" cellspacing=""0"">
<tr>
<td align=""left"">
<font size=""2"">
日本を代表する最高峰ブランド革「栃木レザー」を使用。<br>
天然素材の植物タンニンによって、じっくり時間をかけてなめされたレザーは、<br>
ワイルドで革の美しさを生かした仕上がり。<br>
その革を贅沢に使用して、1つ1つ丁寧に日本の職人が手帳型ケースを作り上げます。<br>
<br>
ケースは落ち着いた風合いと飽きのこないシンプルなデザインが魅力的。<br>
滑らかなさわり心地で、手にしっくりと馴染みます。<br>
<br>
フラップの内側にも贅沢に本革を使用しています。<br>
カードポケットが5つ、サイドポケットが1つ付いており、抜群の収納力を誇ります。<br>
カードの他にもお札や切符などを入れて、忘れ物防止に。<br>
<br>
優れた耐久性があり、使い込むほどに深みを帯びていく栃木レザーを使用したケースは、<br>
そっとあなたに寄り添って、世界に1つだけに育っていきます。
</font>
</td>
</tr>
</table>
<br>
<img src=""http://image.rakuten.co.jp/keitai/cabinet/item/2/page01/2-854303img05.jpg"" width=""700"" height=""500""><br><br>
<img src=""http://image.rakuten.co.jp/keitai/cabinet/syapage/title_1.gif"" width=""700"" height=""80""><br><br>
<img src=""http://image.rakuten.co.jp/keitai/cabinet/item/2/page01/2-854303img03.jpg"" width=""700"" height=""500""><br><br>
<img src=""http://image.rakuten.co.jp/keitai/cabinet/item/2/page01/2-854303img04.jpg"" width=""700"" height=""500""><br><br>
<img src=""http://image.rakuten.co.jp/keitai/cabinet/item/2/page01/2-854303img06.jpg"" width=""700"" height=""500""><br><br>
<img src=""http://image.rakuten.co.jp/keitai/cabinet/syapage/title_3.gif"" width=""700"" height=""80""><br><br>
<img src=""http://image.rakuten.co.jp/keitai/cabinet/item/2/page01/2-854303img13.jpg"" width=""700"" height=""876""><br><br>
<img src=""http://image.rakuten.co.jp/keitai/cabinet/syapage/title_4.gif"" width=""700"" height=""80""><br><br>
<img src=""http://image.rakuten.co.jp/keitai/cabinet/item/2/page01/2-854303img09.jpg"" width=""700"" height=""700""><br><br>
<img src=""http://image.rakuten.co.jp/keitai/cabinet/syapage/title_7.gif"" width=""700"" height=""80""><br><br>
<table border=""0"" width=""700"" height=""250"" cellpadding=""0"" cellspacing=""0""><tbody><tr><td width=""345""><img src=""http://image.rakuten.co.jp/keitai/cabinet/item/2/page01/2-854303img10.jpg"" width=""345"" height=""250""></td><td width=""10""></td><td align=""left"">こちらのパッケージでお届けします。<br>
フタを閉じればギフトボックスとしてご利用いただけます。</td><td width=""10""></td></tr></tbody></table><br>
<img src=""http://image.rakuten.co.jp/keitai/cabinet/item/2/page01/2-854303img07.jpg"" width=""700"" height=""433""><br><br>
<img src=""http://image.rakuten.co.jp/keitai/cabinet/item/2/page01/2-854303img14.jpg"" width=""700"" height=""433""><br><br>
<table border=""0"" width=""680"" cellpadding=""0"" cellspacing=""0""><tr><td align=""left""><font size=""2"">※天然の素材を使用しているため、小さなシワやスジ、凹み、色むら、傷等がある場合がありますが、不良品ではありません。 <br>
 世界で1つの「革の味」をお楽しみください。 <br>
※汗、雨などにより色落ちする場合があります。<br>
※雨滴や水滴等で革の表面にふくらみやシミができる場合があります。<br>
※カードや通帳のデータ等が喪失された場合におきましても、当社では一切保証致しかねます。予めご了承ください。 </font></td></tr></table><br>
</center><!-- サイズ表ここから -->
<br><center>
<table width=""700"" cellpadding=""0"" cellspacing=""2"" class=""size_tbl"">
<tr>
<td width=""130""><b>サイズ表</b></td>
<td width=""10""></td>
<td width=""560""></td>
</tr>
<tr>
<td>ケース本体</td>
<td>：</td>
<td>約縦14.5×横8×厚1.7cm</td>
</tr>
<tr>
<td>パッケージ</td>
<td>：</td>
<td>約縦18×横11.5×厚3.7cm</td>
</tr>
<tr>
<td width=""130""><b>その他仕様</b></td>
<td width=""10""></td>
<td width=""560""></td>
</tr>
<tr>
<td>主素材</td>
<td>：</td>
<td>牛革（栃木レザー）</td>
</tr>
<tr>
<td>ストラップ使用</td>
<td>：</td>
<td>不可</td>
</tr>
<tr>
<td>セット内容</td>
<td>：</td>
<td>ケース本体</td>
</tr>
<tr>
<td>生産</td>
<td>：</td>
<td><img src=http://image.rakuten.co.jp/keitai/cabinet/miniicon/hino.gif>日本製（メイドインジャパン）</td>
</tr>
</table>
</center>
<!-- サイズ表ここまで --><!-- バリエリンク -->
<center>
<table width=""700"" border=""0"" cellpadding=""1"" cellspacing=""0"">
<tr>
<td colspan=""7"" align=""left"">
<hr style=""border-style:solid; border-color:#000000; border-bottom-width:0px;"">
<font size=""2""><b>▼その他関連商品はこちら</b></font></td>
</tr>
<tr align=""center"" valign=""top"">
<td width=""100""><a target=""_top"" href=""http://item.rakuten.co.jp/ketchupper/2-8024/""> <img src=""http://thumbnail.image.rakuten.co.jp/@0_mall/ketchupper/cabinet/item/2/2-8024.jpg?_ex=90x90"" width=""90"" height=""90"" border=""0""><br></a></td>
<td width=""100""><a target=""_top"" href=""http://item.rakuten.co.jp/ketchupper/2-1987/""> <img src=""http://thumbnail.image.rakuten.co.jp/@0_mall/ketchupper/cabinet/item/2/2-1987.jpg?_ex=90x90"" width=""90"" height=""90"" border=""0""><br></a></td>
<td width=""100""><a target=""_top"" href=""http://item.rakuten.co.jp/ketchupper/2-8048/""> <img src=""http://thumbnail.image.rakuten.co.jp/@0_mall/ketchupper/cabinet/item/2/2-8048.jpg?_ex=90x90"" width=""90"" height=""90"" border=""0""><br></a></td>
<td width=""100""><a target=""_top"" href=""http://item.rakuten.co.jp/ketchupper/219-6501/""> <img src=""http://thumbnail.image.rakuten.co.jp/@0_mall/ketchupper/cabinet/item/219/219-6501.jpg?_ex=90x90"" width=""90"" height=""90"" border=""0""><br></a></td>
<td width=""100""><a target=""_top"" href=""http://item.rakuten.co.jp/ketchupper/360-leathertag/""> <img src=""http://thumbnail.image.rakuten.co.jp/@0_mall/ketchupper/cabinet/item/360/360-leathertag.jpg?_ex=90x90"" width=""90"" height=""90"" border=""0""><br></a></td>
<td width=""100""><a target=""_top"" href=""http://item.rakuten.co.jp/ketchupper/276-83/""> <img src=""http://thumbnail.image.rakuten.co.jp/@0_mall/ketchupper/cabinet/item/276/276-83.jpg?_ex=90x90"" width=""90"" height=""90"" border=""0""><br></a></td>
<td width=""100""><a target=""_top"" href=""http://item.rakuten.co.jp/ketchupper/41-8352/""> <img src=""http://thumbnail.image.rakuten.co.jp/@0_mall/ketchupper/cabinet/item/41_3/41-8352.jpg?_ex=90x90"" width=""90"" height=""90"" border=""0""><br></a></td>
</tr>
</table>
</center>
<!-- バリエリンク_end --></div>
<hr><!--ガラス--><center><b>▼合わせておすすめ！▼</b></center><a href=""http://item.rakuten.co.jp/ketchupper/276-8764/""><img src=""http://image.rakuten.co.jp/keitai/cabinet/item/276/page02/276-876404img01.jpg"" width=""100%""></a><br><!--/ガラス--><!--iPhone6/6s--><center>
▼iPhone6/6sケースならKetchup!にお任せ▼<br>
<table width=""100%"">
<tr><td><img src=""http://image.rakuten.co.jp/ketchupper/cabinet/banner/cate_iphone6_700150.jpg"" width=""100%"" alt=""手帳型 シリコン ハード ソフト""></td></tr>

<tr><td><img src=""http://image.rakuten.co.jp/ketchupper/cabinet/banner/cate_iphone6s_700150.jpg"" width=""100%"" alt=""手帳型 シリコン ハード ソフト""></td></tr></table>
</center>
<!--/iPhone6/6s--><hr>[iPhone 7/6s/6専用]栃木レザー　ダイアリーケース",iPhone7 iPhone6s iPhone6 栃木レザー 手帳型 ケース 【 iphoneケース 本革 レザー iphone 7 iphone 6s iphone 6 携帯ケース 】：Ketchup,スマホケースiPhoneケース可愛いxperia安いスマホスマホカバーキーホルダーストラップイヤホンスピーカーネットショップhameeハミィイヤホンジャックディズニーかわいい女子ファッション通販iPhone7 iPhone6s iPhone6 栃木レザー 手帳型 ケース 【 iphoneケース 本革 レザー iphone 7 iphone 6s iphone 6 携帯ケース 】,送料無料 手帳型 スマホケース。iPhone7 iPhone6s iPhone6 栃木レザー 手帳型 ケース 【 iphoneケース 本革 レザー iphone 7 iphone 6s iphone 6 携帯ケース 】[rn]
23-92228,http://tshop.r10s.jp/ketchupper/cabinet/item/276_1/276-8804ke.jpg?fitin=700:700,2246.4000,,スマートフォン・タブレット > スマートフォンアクセサリー > スマートフォンケース,iPhone7 ケース ムーミン 3D-POP ダイアリーケース【 iPhone 7 iphone7 スマホケース スマホカバー ケース スマホ iphone 携帯ケース 】,キャラ達がぷっくり3Dポップアップ手帳型ケースに！,"<!--ガラス--><br><center><b>▼合わせておすすめ！▼</b></center><br>
<a href=""http://item.rakuten.co.jp/ketchupper/276-8742/""><img src=""http://image.rakuten.co.jp/ketchupper/cabinet/banner/276-874202_700150.jpg"" width=""100%""></a><br><hr>
<!--/ガラス--><div class=""productPage""><center>
<!--ip6link--><br>
<a href=""http://item.rakuten.co.jp/ketchupper/276-8693/""><img src=""http://image.rakuten.co.jp/ketchupper/cabinet/banner/ip6pat_70080ke.gif"" width=""100%""></a><br>
<!--/ip6link-->
<img src=""http://image.rakuten.co.jp/keitai/cabinet/item/196/page01/196-198643img10.jpg"" width=""700"" height=""50""><br><br>
<img src=""http://image.rakuten.co.jp/keitai/cabinet/kisetukate/smart/for_ip7.jpg"" width=""700"" height=""85""><br><br>
<img src=""http://image.rakuten.co.jp/ketchupper/cabinet/item/276/page02/276-8804img01.jpg"" width=""700"" height=""433""><br>
<img src=""http://image.rakuten.co.jp/keitai/cabinet/item/276/page02/276-880401img02.gif"" width=""700"" height=""77""><br><br>
<table border=""0"" width=""680"" cellpadding=""0"" cellspacing=""0"">
<tr>
<td align=""left"">
<font size=""2"">
北欧フィンランドで生まれ、世代を超えて世界中で愛されるムーミン一家と仲間達。<br>
そんなムーミン達がカラフルなiPhone7専用の手帳型ケース になりました。<br>
<br>
ケースは、ムーミン達の可愛らしさとユニークさを感じることができるお洒落なデザイン。<br>
表面はぷっくりとした立体感のある仕上がりになっています♪<br>
ポップでカラフルな色使いと北欧らしい落ち着いた雰囲気で、大人の女性でも使いやすいデザインに。<br>
<br>
iPhone 7専用のダイアリーケース<br>
・ケース内側にカードポケット×3、サイドポケット×1付き。ICカードなどをスマホと一緒に持ち歩ける！<br>
・ICカードを入れたまま改札にタッチOK<br>
・簡単に開閉できるマグネットフラップベルト採用<br>
・ストラップホール付きでカスタマイズ自在 <br>
<br>
ムーミンの絵本の世界を開くようなワクワク感がたくさん詰まったiPhone7専用の手帳型ケース。
</font>
</td>
</tr>
</table>
<br>
<img src=""http://image.rakuten.co.jp/ketchupper/cabinet/item/276/page02/276-8804img02.jpg"" width=""700"" height=""433""><br>
<img src=""http://image.rakuten.co.jp/keitai/cabinet/syapage/title_1.gif"" width=""700"" height=""80""><br><br>
<img src=""http://image.rakuten.co.jp/keitai/cabinet/item/276/page02/276-880401img04.jpg"" width=""700"" height=""433""><br><br>
<img src=""http://image.rakuten.co.jp/keitai/cabinet/item/276/page02/276-880401img05.jpg"" width=""700"" height=""570""><br><br>
<img src=""http://image.rakuten.co.jp/keitai/cabinet/item/276/page02/276-880401img06.jpg"" width=""700"" height=""700""><br><br>
<img src=""http://image.rakuten.co.jp/keitai/cabinet/item/276/page02/276-880401img07.jpg"" width=""700"" height=""433""><br><br>
<img src=""http://image.rakuten.co.jp/keitai/cabinet/syapage/title_9.gif"" width=""700"" height=""80""><br><br>
<img src=""http://image.rakuten.co.jp/keitai/cabinet/item/276/page02/276-880401img08.jpg"" width=""700"" height=""900""><br><br>
<img src=""http://image.rakuten.co.jp/keitai/cabinet/syapage/title_3.gif"" width=""700"" height=""80""><br><br>
<img src=""http://image.rakuten.co.jp/keitai/cabinet/item/276/page02/276-880401img09.jpg"" width=""700"" height=""1000""><br><br>
<img src=""http://image.rakuten.co.jp/keitai/cabinet/item/276/page02/276-880401img10.jpg"" width=""700"" height=""1000""><br><br>
<img src=""http://image.rakuten.co.jp/keitai/cabinet/syapage/title_4.gif"" width=""700"" height=""80""><br><br>
<img src=""http://image.rakuten.co.jp/keitai/cabinet/item/276/page02/276-880401img13.jpg"" width=""700"" height=""570""><br>
<img src=""http://image.rakuten.co.jp/keitai/cabinet/item/276/page02/276-880401img11.jpg""><br><br>
<img src=""http://image.rakuten.co.jp/keitai/cabinet/syapage/title_7.gif"" alt=""パッケージ"" width=""700"" height=""80""><br><br>
<table border=""0"" width=""700"" height=""350"" cellpadding=""0"" cellspacing=""0""><tbody><tr><td width=""345""><img src=""http://image.rakuten.co.jp/keitai/cabinet/item/276/page02/276-880401img14.jpg"" alt=""ムーミン3DPOPパッケージ"" width=""345"" height=""350""></td><td width=""10""></td><td align=""left"">こちらのパッケージでお届けします。</td><td width=""10""></td></tr></tbody></table><br>
<table border=""0"" width=""680"" cellpadding=""0"" cellspacing=""0""><tr><td align=""left""><font size=""2"">※クレードル（卓上ホルダなど）を使用して確実に充電するには、本製品を外すことをおすすめします。</font></td></tr></table><br>
<img src=""http://image.rakuten.co.jp/keitai/cabinet/item/276/page02/276-880401img12.jpg"" width=""700"" height=""433""><br><br>
<img src=""http://image.rakuten.co.jp/keitai/cabinet/bana/license_2.jpg"" width=""539"" height=""60""><br><br>
</center><!-- サイズ表ここから -->
<br><center>
<table width=""700"" cellpadding=""0"" cellspacing=""2"" class=""size_tbl"">
<tr>
<td width=""130""><b>サイズ表</b></td>
<td width=""10""></td>
<td width=""560""></td>
</tr>
<tr>
<td>ケース本体</td>
<td>：</td>
<td>約縦14.3×横7.6×厚1.6cm</td>
</tr>
<tr>
<td>パッケージ</td>
<td>：</td>
<td>約縦17×横9×厚2cm</td>
</tr>
<tr>
<td width=""130""><b>その他仕様</b></td>
<td width=""10""></td>
<td width=""560""></td>
</tr>
<tr>
<td>主素材</td>
<td>：</td>
<td>ポリウレタン</td>
</tr>
<tr>
<td>ストラップ使用</td>
<td>：</td>
<td>可</td>
</tr>
<tr>
<td>セット内容</td>
<td>：</td>
<td>ケース本体</td>
</tr>
</table>
</center>
<!-- サイズ表ここまで -->

<!--ip6link--><br>
<a href=""http://item.rakuten.co.jp/ketchupper/276-8693/""><img src=""http://image.rakuten.co.jp/ketchupper/cabinet/banner/ip6pat_70080ke.gif"" width=""100%""></a><br>
<!--/ip6link-->

<!--multilink--><br>
<a href=""http://item.rakuten.co.jp/ketchupper/276-8724/""><img src=""http://image.rakuten.co.jp/ketchupper/cabinet/banner/multipat_70080ke.gif"" width=""100%""></a><br>
<!--/multilink-->
<!-- バリエリンク -->
<center>
<table width=""700"" border=""0"" cellpadding=""1"" cellspacing=""0"">
<tr>
<td colspan=""7"" align=""left"">
<hr style=""border-style:solid; border-color:#000000; border-bottom-width:0px;"">
<font size=""2""><b>▼その他関連商品はこちら</b></font></td>
</tr>
<tr align=""center"" valign=""top"">
<td width=""100""><a target=""_top"" href=""http://item.rakuten.co.jp/ketchupper/276-8804/""> <img src=""http://thumbnail.image.rakuten.co.jp/@0_mall/ketchupper/cabinet/item/276/276-8804.jpg?_ex=90x90"" width=""90"" height=""90"" border=""0""><br></a></td>
<td width=""100""><a target=""_top"" href=""http://item.rakuten.co.jp/ketchupper/276-8801/""> <img src=""http://thumbnail.image.rakuten.co.jp/@0_mall/ketchupper/cabinet/item/276/276-8801.jpg?_ex=90x90"" width=""90"" height=""90"" border=""0""><br></a></td>
<td width=""100""><a target=""_top"" href=""http://item.rakuten.co.jp/ketchupper/276-8802/""> <img src=""http://thumbnail.image.rakuten.co.jp/@0_mall/ketchupper/cabinet/item/276/276-8802.jpg?_ex=90x90"" width=""90"" height=""90"" border=""0""><br></a></td>
<td width=""100""><a target=""_top"" href=""http://item.rakuten.co.jp/ketchupper/41-8784/""> <img src=""http://thumbnail.image.rakuten.co.jp/@0_mall/ketchupper/cabinet/item/41_3/41-8784.jpg?_ex=90x90"" width=""90"" height=""90"" border=""0""><br></a></td>
<td width=""100""></td>
<td width=""100""></td>
<td width=""100""></td>
</tr>
</table>
</center>
<!-- バリエリンク_end -->
<!--ムーミン窓-->
<hr><a href=""http://item.rakuten.co.jp/ketchupper/276-8808/""><img src=""http://image.rakuten.co.jp/ketchupper/cabinet/banner/276-880807_700150.jpg"" width=""100%""></a>
<!--/ムーミン窓-->
</div>",iPhone7 ケース ムーミン 3D-POP ダイアリーケース【 iPhone 7 iphone7 スマホケース スマホカバー ケース スマホ iphone 携帯ケース 】：Ketchup,スマホケースiPhoneケース可愛いxperia安いスマホスマホカバーキーホルダーストラップイヤホンスピーカーネットショップhameeハミィイヤホンジャックディズニーかわいい女子ファッション通販iPhone7 ケース ムーミン 3D-POP ダイアリーケース【 iPhone 7 iphone7 スマホケース スマホカバー ケース スマホ iphone 携帯ケース 】,キャラ達がぷっくり3Dポップアップ手帳型ケースに！。iPhone7 ケース ムーミン 3D-POP ダイアリーケース【 iPhone 7 iphone7 スマホケース スマホカバー ケース スマホ iphone 携帯ケース 】[rn]
23-92229,http://tshop.r10s.jp/ketchupper/cabinet/item/276_1/276-8800ke.jpg?fitin=700:700,2419.2000,,スマートフォン・タブレット > スマートフォンアクセサリー > スマートフォンケース,iphone7 iphone 7 ケース ディズニー 窓付き 手帳型 ケース【 iPhone 7ケース アイフォン iphoneケース 窓 エイリアン ミッキー ミニー ドナルド トイストーリー 可愛い かわいい スマホケース 携帯ケース キャラ ペア 】,元気いっぱいの人気キャラクターが窓付きiPhone7ケースで登場,"<!--ガラス--><br><center><b>▼合わせておすすめ！▼</b></center><br>
<a href=""http://item.rakuten.co.jp/ketchupper/276-8735/""><img src=""http://image.rakuten.co.jp/ketchupper/cabinet/banner/276-873502_700150.jpg"" width=""100%""></a><br><hr>
<!--/ガラス--><div class=""productPage""><center>
<img src=""http://image.rakuten.co.jp/keitai/cabinet/item/196/page01/196-198643img10.jpg"" width=""700"" height=""50""><br><br>
<img src=""http://image.rakuten.co.jp/keitai/cabinet/kisetukate/smart/for_ip7.jpg"" width=""700"" height=""85""><br><br>
<img src=""http://image.rakuten.co.jp/keitai/cabinet/item/276/page02/276-880005img01.jpg"" width=""700"" height=""433""><br>
<table border=""0"" width=""700"" cellpadding=""0"" cellspacing=""0""><tr><td align=""right"" class=""itemCopy""><font size=""2"">　</font></td></tr></table><br>
<img src=""http://image.rakuten.co.jp/keitai/cabinet/item/276/page02/276-880005img02.gif"" width=""700"" height=""77""><br><br>
<table border=""0"" width=""680"" cellpadding=""0"" cellspacing=""0"">
<tr>
<td align=""left"">
<font size=""2"">
ディズニーファン必見！ビビッドな配色がとってもキュートな<br>
iPhone7専用フリップダイアリーケースが登場です！<br>
<br>
鼻歌交じりでごきげんな「ミッキーマウス」、オシャレに敏感でリボンがトレードマークの「ミニーマウス」、デイジーダッグとのデートに遅刻しちゃう！大慌ての「ドナルドダッグ」、クレーンゲームの中で楽しそうな「エイリアン」の計4種類！<br>
どれもとってもユニークで魅力的なデザインが、ケースの裏側や内側に隅々まで描かれています。<br>
<br>
もちろんかわいいだけではなく、ポイントはこの「窓」。<br>
この窓があればフリップを開かずに、時間・着信時の相手の名前、ポップアップ通知をスグに確認できます。<br>
さらに、ケース前面にはスピーカーホールと金属バーが付いていることで、フリップを閉じたままでも着信の応答と通話がスムーズにできちゃいます！<br>
<br>
・ケース背面にはICカードの収納などに便利なカードポケット×1付き。<br>
・カードポケット内には電波干渉防止シート入りで、そのままICタッチOK。<br>
・フリップはマグネットで留まるので、バンドやボタンなどの装飾の無いシンプルでスリムなデザイン。<br>
・フリップを背面側に折り返せばマグネットで固定されるので、操作時もスマート。<br>
<br>
あなたも大好きなディズニーキャラクターと一緒に快適なiPhoneライフを送りませんか？
</font>
</td>
</tr>
</table>
<br>
<img src=""http://image.rakuten.co.jp/ketchupper/cabinet/item/276/page02/276-8800img03.jpg"" width=""700"" height=""433""><br><br>
<img src=""http://image.rakuten.co.jp/keitai/cabinet/syapage/title_1.gif"" width=""700"" height=""80""><br><br>
<img src=""http://image.rakuten.co.jp/keitai/cabinet/item/276/page02/276-880005img04.jpg"" width=""700"" height=""433""><br><br>
<img src=""http://image.rakuten.co.jp/keitai/cabinet/item/276/page02/276-880005img05.jpg"" width=""700"" height=""433""><br><br>
<img src=""http://image.rakuten.co.jp/keitai/cabinet/item/276/page02/276-880005img06.jpg"" width=""700"" height=""433""><br><br>
<img src=""http://image.rakuten.co.jp/keitai/cabinet/item/276/page02/276-880005img07.jpg"" width=""700"" height=""433""><br><br>
<img src=""http://image.rakuten.co.jp/keitai/cabinet/syapage/title_9.gif"" width=""700"" height=""80""><br><br>
<img src=""http://image.rakuten.co.jp/keitai/cabinet/item/276/page02/276-880005img08.jpg"" width=""700"" height=""500""><br><br>
<img src=""http://image.rakuten.co.jp/keitai/cabinet/item/276/page02/276-880005img09.jpg"" width=""700"" height=""433""><br><br>
<img src=""http://image.rakuten.co.jp/keitai/cabinet/item/276/page02/276-880005img10.jpg""><br><br>
<img src=""http://image.rakuten.co.jp/keitai/cabinet/item/276/page02/276-880005img11.jpg"" width=""700"" height=""600""><br><br>
<img src=""http://image.rakuten.co.jp/keitai/cabinet/item/276/page02/276-880005img12.jpg"" width=""700"" height=""900""><br><br>
<img src=""http://image.rakuten.co.jp/keitai/cabinet/syapage/title_3.gif"" width=""700"" height=""80""><br><br>
<img src=""http://image.rakuten.co.jp/keitai/cabinet/item/276/page02/276-880005img13.jpg""><br><br>
<img src=""http://image.rakuten.co.jp/keitai/cabinet/item/276/page02/276-880005img14.jpg"" width=""700"" height=""900""><br><br>
<img src=""http://image.rakuten.co.jp/keitai/cabinet/item/276/page02/276-880005img15.jpg"" width=""700"" height=""900""><br><br>
<img src=""http://image.rakuten.co.jp/keitai/cabinet/syapage/title_4.gif"" width=""700"" height=""80""><br><br>
<img src=""http://image.rakuten.co.jp/keitai/cabinet/item/276/page02/276-880005img16.jpg"" width=""700"" height=""350""><br><br>
<img src=""http://image.rakuten.co.jp/keitai/cabinet/item/276/page02/276-880005img17.jpg"" width=""700"" height=""250""><br><br>
<img src=""http://image.rakuten.co.jp/ketchupper/cabinet/item/276/page02/276-8800img02.jpg"" width=""700""><br><br>
<img src=""http://image.rakuten.co.jp/keitai/cabinet/syapage/title_7.gif"" width=""700"" height=""80""><br><br>
<table border=""0"" width=""700"" height=""350"" cellpadding=""0"" cellspacing=""0""><tbody><tr><td width=""345""><img src=""http://image.rakuten.co.jp/keitai/cabinet/item/276/page02/276-880005img18.jpg"" width=""345"" height=""350""></td><td width=""10""></td><td align=""left"">こちらのパッケージでお届けします。</td><td width=""10""></td></tr></tbody></table><br>
<img src=""http://image.rakuten.co.jp/keitai/cabinet/item/276/page02/276-880005img19.jpg"" width=""700"" height=""433""><br><br>
<table border=""0"" width=""680"" cellpadding=""0"" cellspacing=""0""><tr><td align=""left""><font size=""2"">※クレードル（卓上ホルダなど）を使用して確実に充電するには、本製品を外すことをおすすめします。<br>
※カードや通帳のデータ等が喪失された場合におきましても、当社では一切保証致しかねます。予めご了承ください。<br>
※本製品はマグネットが使用されております。クレジットカードなどの磁気カードを併用すると、 読み取り等ができなくなる恐れがありますので、ご注意ください。<br>
※こちらの商品はデザインや仕様変更になる場合がございますので、予めご了承ください。<br>
</font></td></tr></table><br>
<img src=""http://image.rakuten.co.jp/keitai/cabinet/bana/license_2.jpg"" width=""539"" height=""60""><br><br>
<img src=""http://image.rakuten.co.jp/keitai/cabinet/syapage/ip7_wallet.jpg"" width=""700"" height=""433""><br><br>
</center><!-- サイズ表ここから -->
<br><center>
<table width=""700"" cellpadding=""0"" cellspacing=""2"" class=""size_tbl"">
<tr>
<td width=""130""><b>サイズ表</b></td>
<td width=""10""></td>
<td width=""560""></td>
</tr>
<tr>
<td>本体</td>
<td>：</td>
<td>約縦14×横7.3×厚1.2cm</td>
</tr>
<tr>
<td>パッケージ</td>
<td>：</td>
<td>17.2×横9.2×厚1.8cm</td>
</tr>
<tr>
<td width=""130""><b>その他仕様</b></td>
<td width=""10""></td>
<td width=""560""></td>
</tr>
<tr>
<td>主素材</td>
<td>：</td>
<td>ポリウレタン</td>
</tr>
<tr>
<td>ストラップ使用</td>
<td>：</td>
<td>可</td>
</tr>
<tr>
<td>セット内容</td>
<td>：</td>
<td>ケース本体</td>
</tr>
</table>
</center>
<!-- サイズ表ここまで --><!-- バリエリンク -->
<center>
<table width=""700"" border=""0"" cellpadding=""1"" cellspacing=""0"">
<tr>
<td colspan=""7"" align=""left"">
<hr style=""border-style:solid; border-color:#000000; border-bottom-width:0px;"">
<font size=""2""><b>▼その他関連商品はこちら</b></font></td>
</tr>
<tr align=""center"" valign=""top"">
<td width=""100""><a target=""_top"" href=""http://item.rakuten.co.jp/ketchupper/276-8800/""> <img src=""http://thumbnail.image.rakuten.co.jp/@0_mall/ketchupper/cabinet/item/276/276-8800.jpg?_ex=90x90"" width=""90"" height=""90"" border=""0""><br></a></td>
<td width=""100""><a target=""_top"" href=""http://item.rakuten.co.jp/ketchupper/41-8779/""> <img src=""http://thumbnail.image.rakuten.co.jp/@0_mall/ketchupper/cabinet/item/41_4/41-8779.jpg?_ex=90x90"" width=""90"" height=""90"" border=""0""><br></a></td>
<td width=""100""><a target=""_top"" href=""http://item.rakuten.co.jp/ketchupper/41-8780/""> <img src=""http://thumbnail.image.rakuten.co.jp/@0_mall/ketchupper/cabinet/item/41_4/41-8780.jpg?_ex=90x90"" width=""90"" height=""90"" border=""0""><br></a></td>
<td width=""100""><a target=""_top"" href=""http://item.rakuten.co.jp/ketchupper/41-8781/""> <img src=""http://thumbnail.image.rakuten.co.jp/@0_mall/ketchupper/cabinet/item/41_4/41-8781.jpg?_ex=90x90"" width=""90"" height=""90"" border=""0""><br></a></td>
<td width=""100""></td>
<td width=""100""></td>
<td width=""100""></td>
</tr>
</table>
</center>
<!-- バリエリンク_end --></div>

<hr>＼＼送料込み<font size=""+1"" color=""tomato"">1,080円</font>　コスパ最強手帳型ケース／／<br>
<a href=""https://item.rakuten.co.jp/ketchupper/276-8754/"" target=""_top"">
<img src=""https://image.rakuten.co.jp/ketchupper/cabinet/banner/276-8754_700150.jpg"" width=""700"">
</a>",iphone7 iphone 7 ケース ディズニー 窓付き 手帳型 ケース【 iPhone 7ケース アイフォン iphoneケース 窓 エイリアン ミッキー ミニー ドナルド トイストーリー 可愛い かわいい スマホケース 携帯ケース キャラ ペア 】：Ketchup,スマホケースiPhoneケース可愛いxperia安いスマホスマホカバーキーホルダーストラップイヤホンスピーカーネットショップhameeハミィイヤホンジャックディズニーかわいい女子ファッション通販iphone7 iphone 7 ケース ディズニー 窓付き 手帳型 ケース【 iPhone 7ケース アイフォン iphoneケース 窓 エイリアン ミッキー ミニー ドナルド トイストーリー 可愛い かわいい スマホケース 携帯ケース キャラ ペア 】,元気いっぱいの人気キャラクターが窓付きiPhone7ケースで登場。iphone7 iphone 7 ケース ディズニー 窓付き 手帳型 ケース【 iPhone 7ケース アイフォン iphoneケース 窓 エイリアン ミッキー ミニー ドナルド トイストーリー 可愛い かわいい スマホケース 携帯ケース キャラ ペア 】[rn]
23-92230,http://tshop.r10s.jp/ketchupper/cabinet/item/19/19-8844.jpg?fitin=700:700,2246.4000,,スマートフォン・タブレット > スマートフォンアクセサリー > スマートフォンケース,iPhone7ケース iphone7 手帳型 ケース キャラクター MARVEL comics 【 アイフォン7 ケース 手帳 marvel iphoneケース カード収納 ディズニー 携帯ケース 】,キャプテンアメリカ アイアンマン スパイダーマン ヴェノム,"<div class=""productPage""><center>
<!--ガラス-->
<center><b>▼合わせておすすめ！▼</b></center>
<a href=""http://item.rakuten.co.jp/ketchupper/276-8748/""><img src=""http://image.rakuten.co.jp/ketchupper/cabinet/banner/276-874806_700150.jpg"" width=""100%""></a>
<br><hr>
<!--/ガラス-->
<img src=""http://image.rakuten.co.jp/keitai/cabinet/item/196/page01/196-198643img10.jpg"" width=""700"" height=""50""><br><br>
<img src=""http://image.rakuten.co.jp/keitai/cabinet/kisetukate/smart/for_ip7.jpg"" width=""700"" height=""85""><br><br>
<img src=""http://image.rakuten.co.jp/keitai/cabinet/item/19/page01/19-884409img01.jpg"" width=""700"" height=""433""><br>
<table border=""0"" width=""700"" cellpadding=""0"" cellspacing=""0""><tr><td align=""right"" class=""itemCopy""><font size=""2"">　</font></td></tr></table><br>
<img src=""http://image.rakuten.co.jp/keitai/cabinet/item/19/page01/19-884409img02.gif"" width=""700"" height=""77""><br><br>
<table border=""0"" width=""680"" cellpadding=""0"" cellspacing=""0"">
<tr>
<td align=""left"">
<font size=""2"">
どこから見てもコミックみたい！<br>
あなたのiPhone7をかっこよく彩りませんか？<br>
「MARVEL」の人気キャラクターたちがデザインされたダイアリーケースです。<br>
外側はコミックの表紙や背表紙をデザイン。実際のコミックについているJANコードも表現しました。<br>
内側はキャプテン・アメリカ、アイアンマン、スパイダーマン、ヴェノム、アベンジャーズのコミックのワンシーンがデザインされています。<br>
おしゃれなデザインだけではなく、ポケットが2か所付いているので使い勝手も十分です。<br>
<br>
・iPhone 7専用ダイアリーケース<br>
・ケース内側にカードポケット、サイドポケット付き<br>
・パチンと止まるマグネット採用フラップ<br>
・ICカードをポケットに入れてタッチOK！
</font>
</td>
</tr>
</table>
<br>
<img src=""http://image.rakuten.co.jp/keitai/cabinet/syapage/title_1.gif"" width=""700"" height=""80""><br><br>
<img src=""http://image.rakuten.co.jp/ketchupper/cabinet/item/19/page01/19-884409img03.jpg"" width=""700"" height=""700""><br><br>
<img src=""http://image.rakuten.co.jp/ketchupper/cabinet/item/19/page01/19-884409img04.jpg"" width=""700"" height=""700""><br><br>
<img src=""http://image.rakuten.co.jp/ketchupper/cabinet/item/19/page01/19-884409img05.jpg"" width=""700"" height=""700""><br><br>
<img src=""http://image.rakuten.co.jp/ketchupper/cabinet/item/19/page01/19-884409img06.jpg"" width=""700"" height=""700""><br><br>
<img src=""http://image.rakuten.co.jp/keitai/cabinet/syapage/title_9.gif"" width=""700"" height=""80""><br><br>
<img src=""http://image.rakuten.co.jp/ketchupper/cabinet/item/19/page01/19-884409img07.jpg"" width=""700"" height=""700""><br><br>
<img src=""http://image.rakuten.co.jp/keitai/cabinet/syapage/title_3.gif"" width=""700"" height=""80""><br><br>
<img src=""http://image.rakuten.co.jp/keitai/cabinet/item/19/page01/19-884409img09.jpg"" width=""700"" height=""800""><br><br>
<img src=""http://image.rakuten.co.jp/keitai/cabinet/item/19/page01/19-884409img10.jpg"" width=""700"" height=""800""><br><br>
<img src=""http://image.rakuten.co.jp/keitai/cabinet/item/19/page01/19-884409img11.jpg"" width=""700"" height=""800""><br><br>
<img src=""http://image.rakuten.co.jp/keitai/cabinet/item/19/page01/19-884409img13.jpg"" width=""700"" height=""800""><br><br>
<img src=""http://image.rakuten.co.jp/keitai/cabinet/item/19/page01/19-884409img14.jpg"" width=""700"" height=""800""><br><br>
<img src=""http://image.rakuten.co.jp/keitai/cabinet/syapage/title_4.gif"" width=""700"" height=""80""><br><br>
<img src=""http://image.rakuten.co.jp/ketchupper/cabinet/item/19/page01/19-884409img15.jpg"" width=""700""><br><br>
<img src=""http://image.rakuten.co.jp/keitai/cabinet/item/19/page01/19-884409img16.jpg"" width=""700"" height=""700""><br><br>
<img src=""http://image.rakuten.co.jp/ketchupper/cabinet/item/19/page01/19-884409img17.jpg"" width=""700"" height=""700""><br><br>
<a href=""http://item.rakuten.co.jp/ketchupper/202-8137/"">▼ぺーじはこちらから▼<img src=""http://image.rakuten.co.jp/ketchupper/cabinet/banner/202-813703_700150.jpg"" width=""700""></a><br><br>
<img src=""http://image.rakuten.co.jp/keitai/cabinet/syapage/title_7.gif"" width=""700"" height=""80""><br><br>
<table border=""0"" width=""700"" height=""350"" cellpadding=""0"" cellspacing=""0""><tbody><tr><td width=""345""><img src=""http://image.rakuten.co.jp/keitai/cabinet/item/19/page01/19-884409img18.jpg"" width=""345"" height=""350""></td><td width=""10""></td><td align=""left"">こちらのパッケージでお届けします。</td><td width=""10""></td></tr></tbody></table><br>
<table border=""0"" width=""680"" cellpadding=""0"" cellspacing=""0""><tr><td align=""left""><font size=""2"">※クレードル（卓上ホルダなど）を使用して確実に充電するには、本製品を外すことをおすすめします。<br>
</font></td></tr></table><br>
<img src=""http://image.rakuten.co.jp/keitai/cabinet/bana/license_2.jpg"" width=""539"" height=""60""><br><br>
<img src=""http://image.rakuten.co.jp/keitai/cabinet/syapage/ip7_wallet.jpg"" width=""700"" height=""433""><br><br>
</center><!-- サイズ表ここから -->
<br><center>
<table width=""700"" cellpadding=""0"" cellspacing=""2"" class=""size_tbl"">
<tr>
<td width=""130""><b>サイズ表</b></td>
<td width=""10""></td>
<td width=""560""></td>
</tr>
<tr>
<td>本体</td>
<td>：</td>
<td>約縦14.1×横7.5×厚1.8cm</td>
</tr>
<tr>
<td>パッケージ</td>
<td>：</td>
<td>約縦19×横10×厚2.3cm</td>
</tr>
<tr>
<td width=""130""><b>その他仕様</b></td>
<td width=""10""></td>
<td width=""560""></td>
</tr>
<tr>
<td>主素材</td>
<td>：</td>
<td>ポリウレタン</td>
</tr>
<tr>
<td>ストラップ使用</td>
<td>：</td>
<td>不可</td>
</tr>
<tr>
<td>セット内容</td>
<td>：</td>
<td>ケース本体</td>
</tr>
</table>
</center>
<!-- サイズ表ここまで --><br>
<a href=""http://item.rakuten.co.jp/ketchupper/19-8632/""><img src=""http://image.rakuten.co.jp/ketchupper/cabinet/banner/ip6pat_70080ke.gif"" width=""100%""></a><br>
<!--marvel--><hr>
<a href=""http://item.rakuten.co.jp/ketchupper/c/0000000905/"">▼MARVELアイテムこちら▼<img src=""http://image.rakuten.co.jp/ketchupper/cabinet/banner/41-863107_700150ke.gif"" width=""100%""></a><hr>
<!--marvel-->
</div>
<hr>＼＼送料込み<font size=""+1"" color=""tomato"">1,080円</font>　コスパ最強手帳型ケース／／<br>
<a href=""https://item.rakuten.co.jp/ketchupper/276-8754/"" target=""_top"">
<img src=""https://image.rakuten.co.jp/ketchupper/cabinet/banner/276-8754_700150.jpg"" width=""700"">
</a><!--MARVEL-->
<center>
<font size=""+1"">▼ マーベルグッズはこちら ▼</font><br>
<table width=""100%"" border=""0"" cellpadding=""5"" cellspacing=""0"" bgcolor=""#ededed"">
<tr align=""center"" valign=""top"">
<td>
<img src=""http://thumbnail.image.rakuten.co.jp/@0_mall/ketchupper/cabinet/item/19/19-8632.jpg"" width=""100%"" border=""0"" >
</td>
<td>
<img src=""http://thumbnail.image.rakuten.co.jp/@0_mall/ketchupper/cabinet/item/202/202-8137.jpg"" width=""100%"" border=""0"" >
</td>
<td>
<img src=""http://thumbnail.image.rakuten.co.jp/@0_mall/ketchupper/cabinet/item/276/276-8748.jpg"" width=""100%"" border=""0"" >
</td>
</tr>
<tr align=""center"" valign=""top"">
<td>
<img src=""http://thumbnail.image.rakuten.co.jp/@0_mall/ketchupper/cabinet/item/41_3/41-8631.jpg"" width=""100%"" border=""0"" >
</td>
<td>
<img src=""http://thumbnail.image.rakuten.co.jp/@0_mall/ketchupper/cabinet/item/41_4/41-8783.jpg"" width=""100%"" border=""0"" >
</td>
</tr>
</table><br>
【MARVELCorner】
</center>",iPhone7ケース iphone7 手帳型 ケース キャラクター MARVEL comics 【 アイフォン7 ケース 手帳 marvel iphoneケース カード収納 ディズニー 携帯ケース 】：Ketchup,スマホケースiPhoneケース可愛いxperia安いスマホスマホカバーキーホルダーストラップイヤホンスピーカーネットショップhameeハミィイヤホンジャックディズニーかわいい女子ファッション通販iPhone7ケース iphone7 手帳型 ケース キャラクター MARVEL comics 【 アイフォン7 ケース 手帳 marvel iphoneケース カード収納 ディズニー 携帯ケース 】,キャプテンアメリカ アイアンマン スパイダーマン ヴェノム。iPhone7ケース iphone7 手帳型 ケース キャラクター MARVEL comics 【 アイフォン7 ケース 手帳 marvel iphoneケース カード収納 ディズニー 携帯ケース 】[rn]
23-92231,http://tshop.r10s.jp/ketchupper/cabinet/item/19/19-8845.jpg?fitin=700:700,2246.4000,,スマートフォン・タブレット > スマートフォンアクセサリー > スマートフォンケース,トイストーリー iPhone リトルグリーンメン iPhone7 手帳型 【 iPhone7ケース キャラクター 手帳 カード収納 iPhone 7ケース かわいい バズライトイヤー ウッディ グッズ 携帯ケース アイフォン7 】,ディズニー キャラクター グッズ iphone ケース スマホケース,"<div class=""productPage""><center>
<img src=""http://image.rakuten.co.jp/keitai/cabinet/item/196/page01/196-198643img10.jpg"" width=""700"" height=""50""><br><br>
<img src=""http://image.rakuten.co.jp/keitai/cabinet/kisetukate/smart/for_ip7.jpg"" width=""700"" height=""85""><br><br>
<img src=""http://image.rakuten.co.jp/keitai/cabinet/item/19/page01/19-884508img01.jpg"" width=""700"" height=""433""><br>
<table border=""0"" width=""700"" cellpadding=""0"" cellspacing=""0""><tr><td align=""right"" class=""itemCopy""><font size=""2"">　</font></td></tr></table><br>
<img src=""http://image.rakuten.co.jp/keitai/cabinet/item/19/page01/19-884508img02.gif"" width=""700"" height=""77""><br><br>
<table border=""0"" width=""680"" cellpadding=""0"" cellspacing=""0"">
<tr>
<td align=""left"">
<font size=""2"">
『トイ・ストーリー』のキャラクターたちをデザインしたiPhone 7専用ダイヤリーケースが登場しました！
<br>
<br>
レトロでクールなコミック風イラストにテンションもアップ！<br>
ケース全面に描かれているので、開くたびにユニークな世界観に浸れちゃいます。<br>
<br>
どれにしようか迷ってしまう程のデザインは「バズを助けるウッディ」「ザーグと戦うバズ」「愉快なエイリアン達」の3種類。<br>
ケースとしての使用のみならず、コレクションして、お部屋のインテリアにもオススメです。<br>
<br>
・iPhone 7専用ダイアリーケース<br>
・ケース内側にはカードポケット×1、サイドポケット×1<br>
・フリップはマグネットで留まるので、楽に開閉ができます。
</font>
</td>
</tr>
</table>
<br>
<img src=""http://image.rakuten.co.jp/keitai/cabinet/syapage/title_1.gif"" width=""700"" height=""80""><br><br>
<img src=""http://image.rakuten.co.jp/ketchupper/cabinet/item/19/page01/19-884508img03.jpg"" width=""700""><br><br>
<img src=""http://image.rakuten.co.jp/ketchupper/cabinet/item/19/page01/19-884508img04.jpg"" width=""700""><br><br>
<img src=""http://image.rakuten.co.jp/keitai/cabinet/item/19/page01/19-884508img09.jpg"" width=""700""><br><br>
<img src=""http://image.rakuten.co.jp/keitai/cabinet/syapage/title_9.gif"" width=""700"" height=""80""><br><br>
<img src=""http://image.rakuten.co.jp/keitai/cabinet/item/19/page01/19-884508img05.jpg"" width=""700""><br><br>
<img src=""http://image.rakuten.co.jp/keitai/cabinet/syapage/title_3.gif"" width=""700"" height=""80""><br><br>
<img src=""http://image.rakuten.co.jp/keitai/cabinet/item/19/page01/19-884508img06.jpg"" width=""700""><br><br>
<img src=""http://image.rakuten.co.jp/keitai/cabinet/item/19/page01/19-884508img07.jpg"" width=""700""><br><br>
<img src=""http://image.rakuten.co.jp/keitai/cabinet/item/19/page01/19-884508img08.jpg"" width=""700""><br><br>
<img src=""http://image.rakuten.co.jp/keitai/cabinet/syapage/title_4.gif"" width=""700"" height=""80""><br><br>
<img src=""http://image.rakuten.co.jp/ketchupper/cabinet/item/19/page01/19-884508img10.jpg"" width=""700""><br><br>
<img src=""http://image.rakuten.co.jp/keitai/cabinet/item/19/page01/19-884508img11.jpg"" width=""700""><br><br>
<img src=""http://image.rakuten.co.jp/keitai/cabinet/syapage/title_7.gif"" width=""700"" height=""80""><br><br>
<table border=""0"" width=""700"" height=""350"" cellpadding=""0"" cellspacing=""0""><tbody><tr><td width=""345""><img src=""http://image.rakuten.co.jp/keitai/cabinet/item/19/page01/19-884508img12.jpg"" width=""345"" height=""350""></td><td width=""10""></td><td align=""left"">こちらのパッケージでお届けします。</td><td width=""10""></td></tr></tbody></table><br>
<img src=""http://image.rakuten.co.jp/ketchupper/cabinet/item/19/page01/19-884508img13.jpg"" width=""700""><br><br>
<table border=""0"" width=""680"" cellpadding=""0"" cellspacing=""0""><tr><td align=""left""><font size=""2"">※クレードル（卓上ホルダなど）を使用して確実に充電するには、本製品を外すことをおすすめします。<br>
※カードや通帳のデータ等が喪失された場合におきましても、当社では一切保証致しかねます。予めご了承ください。<br>
※本製品はマグネットが使用されております。クレジットカードなどの磁気カードを併用すると、 読み取り等ができなくなる恐れがありますので、ご注意ください。<br>
※こちらの商品はデザインや仕様変更になる場合がございますので、予めご了承ください。</font></td></tr></table><br>
<img src=""http://image.rakuten.co.jp/keitai/cabinet/bana/license_2.jpg"" width=""539"" height=""60""><br><br>
<img src=""http://image.rakuten.co.jp/keitai/cabinet/syapage/ip7_wallet.jpg"" width=""700"" height=""433""><br><br>
</center><!-- サイズ表ここから -->
<br><center>
<table width=""700"" cellpadding=""0"" cellspacing=""2"" class=""size_tbl"">
<tr>
<td width=""130""><b>サイズ表</b></td>
<td width=""10""></td>
<td width=""560""></td>
</tr>
<tr>
<td>本体</td>
<td>：</td>
<td>約縦14.1×横7.5×厚1.7cm</td>
</tr>
<tr>
<td>パッケージ</td>
<td>：</td>
<td>約縦19×横10×厚2.3cm</td>
</tr>
<tr>
<td width=""130""><b>その他仕様</b></td>
<td width=""10""></td>
<td width=""560""></td>
</tr>
<tr>
<td>主素材</td>
<td>：</td>
<td>ポリウレタン</td>
</tr>
<tr>
<td>ストラップ使用</td>
<td>：</td>
<td>不可</td>
</tr>
</table>
</center>
<!-- サイズ表ここまで -->
<hr>
<!--iPhone7--><center>
▼iPhone7ケースならKetchup!にお任せ▼<br>
<table width=""100%"">
<tr><td><a href=""http://item.rakuten.co.jp/ketchupper/c/0000000898/""><img src=""http://image.rakuten.co.jp/ketchupper/cabinet/event/img/2016/ke_cate_ip7_img5.jpg"" width=""100%"" alt=""手帳型 シリコン ハード ソフト""></a></td></tr></table>
</center>
<!--/iPhone7--><hr>
<!--ディズニーリンク-->
<hr><br>
<a href=""http://www.rakuten.ne.jp/gold/ketchupper/feature/disney.html""><img src=""http://image.rakuten.co.jp/ketchupper/cabinet/banner/disneyftr_700150.jpg"" width=""100%""></a><br>
<!--/ディズニーリンク--><hr>
<!--marvel--><hr>
<a href=""http://item.rakuten.co.jp/ketchupper/c/0000000905/"">▼MARVELアイテムこちら▼<img ="""" src=""http://image.rakuten.co.jp/ketchupper/cabinet/banner/41-863107_700150ke.gif"" width=""100%""></a><hr>
<!--marvel-->
</div><!--ガラス--><hr><center><b>▼合わせておすすめ！▼</b></center><a href=""http://item.rakuten.co.jp/ketchupper/276-8764/""><img src=""http://image.rakuten.co.jp/keitai/cabinet/item/276/page02/276-876404img01.jpg"" width=""100%""></a><br><!--/ガラス--><hr>＼＼送料込み<font size=""+1"" color=""tomato"">1,080円</font>　コスパ最強手帳型ケース／／<br>
<a href=""https://item.rakuten.co.jp/ketchupper/276-8754/"" target=""_top"">
<img src=""https://image.rakuten.co.jp/ketchupper/cabinet/banner/276-8754_700150.jpg"" width=""700"">
</a><!--ディズニー-->",トイストーリー iPhone リトルグリーンメン iPhone7 手帳型 【 iPhone7ケース キャラクター 手帳 カード収納 iPhone 7ケース かわいい バズライトイヤー ウッディ グッズ 携帯ケース アイフォン7 】：Ketchup,スマホケースiPhoneケース可愛いxperia安いスマホスマホカバーキーホルダーストラップイヤホンスピーカーネットショップhameeハミィイヤホンジャックディズニーかわいい女子ファッション通販トイストーリー iPhone リトルグリーンメン iPhone7 手帳型 【 iPhone7ケース キャラクター 手帳 カード収納 iPhone 7ケース かわいい バズライトイヤー ウッディ グッズ 携帯ケース アイフォン7 】,ディズニー キャラクター グッズ iphone ケース スマホケース。トイストーリー iPhone リトルグリーンメン iPhone7 手帳型 【 iPhone7ケース キャラクター 手帳 カード収納 iPhone 7ケース かわいい バズライトイヤー ウッディ グッズ 携帯ケース アイフォン7 】[rn]
23-92232,http://tshop.r10s.jp/ketchupper/cabinet/item/19/19-8771ke.jpg?fitin=700:700,2073.6000,,スマートフォン・タブレット > スマートフォンアクセサリー > スマートフォンケース,iPhone 7ケース ディズニー 手帳 iPhone7 Book Style 【 iphone7ケース アイフォン7 ケースかわいい アリエル グッズ iphoneケース おしゃれ かわいい ミラー ミラー付き 手帳型 携帯ケース キャラクター iPhone 7ケース ディズニー iPhone 7ケース ディズニー  】,iPhone 7ケース ディズニー ミッキー ミニー ドナルド アリス,"<!--ガラス--><br><center><b>▼合わせておすすめ！▼</b></center><br>
<a href=""http://item.rakuten.co.jp/ketchupper/276-8735/""><img src=""http://image.rakuten.co.jp/ketchupper/cabinet/banner/276-873502_700150.jpg"" width=""100%""></a><br><hr>
<!--/ガラス-->
<div class=""productPage""><center>
<img src=""http://image.rakuten.co.jp/keitai/cabinet/kisetukate/smart/for_ip7.jpg"" width=""700"" height=""85""><br><br>
<img src=""http://image.rakuten.co.jp/keitai/cabinet/item/19/page01/19-877111img01.jpg"" width=""700"" height=""433""><br>
<img src=""http://image.rakuten.co.jp/keitai/cabinet/item/19/page01/19-877111img02.gif"" width=""700"" height=""77""><br><br>
<table border=""0"" width=""680"" cellpadding=""0"" cellspacing=""0"">
<tr>
<td align=""left"">
<font size=""2"">
大人気のディズニーキャラクターがiPhone 7 専用の手帳型ケースになりました。<br>
まるで洋書の表紙のような大人可愛いデザインに、キャラクターごとの世界観がぎゅっと詰め込まれています♪<br>
レザー風の柔らかく手触りの良いポリウレタン素材を採用し、パステルの優しい色合いにアンティーク調の風合いをプラスし高級感のある上品な仕上がりに。<br>
<br>
<br>
毎日使うものだから、スナップボタン式で開閉もラクラク。<br>
手が小さい女性でも持ちやすいように高さを縮めてコンパクトになるようにデザインしました。<br>
内側にはメイク直しに便利なミラーやポケット×３つ付いているので機能面も◎<br>
また、ストラップホール付きなので自分らしくコーディネートを楽しめます。<br>
<br>
<br>
裏面や内側にもそれぞれのキャラクターの物語に合わせたイラストデザインがほどこされており、眺めるたびに笑顔に♪<br>
ディズニーキャラクター Book style caseであなたの iPhone 7 に上品な彩りをプラス。
</font>
</td>
</tr>
</table>
<br>
<img src=""https://image.rakuten.co.jp/ketchupper/cabinet/item/19/page01/19-877111img13.jpg"" width=""700""><br><br>
<img src=""http://image.rakuten.co.jp/keitai/cabinet/syapage/title_1.gif"" width=""700"" height=""80""><br><br>
<img src=""https://image.rakuten.co.jp/ketchupper/cabinet/item/19/page01/19-877111img04.jpg"" width=""700"" height=""700""><br><br>
<hr><br>
<img src=""https://image.rakuten.co.jp/ketchupper/cabinet/item/19/page01/19-877111img05.jpg"" width=""700""><br><br>
<hr><br>
<img src=""https://image.rakuten.co.jp/ketchupper/cabinet/item/19/page01/19-877111img06.jpg"" width=""700""><br><br>
<img src=""http://image.rakuten.co.jp/keitai/cabinet/syapage/title_9.gif"" width=""700"" height=""80""><br><br>
<img src=""https://image.rakuten.co.jp/ketchupper/cabinet/item/19/page01/19-877111img07.jpg"" width=""700"" height=""1000""><br><br>
<img src=""https://image.rakuten.co.jp/ketchupper/cabinet/item/19/page01/19-877111img14.jpg"" width=""700"" ><br><br>
<img src=""http://image.rakuten.co.jp/keitai/cabinet/syapage/title_3.gif"" width=""700"" height=""80""><br><br>
<img src=""http://image.rakuten.co.jp/keitai/cabinet/item/19/page01/19-877111img08.jpg"" width=""700"" height=""700""><br><br>
<img src=""http://image.rakuten.co.jp/keitai/cabinet/item/19/page01/19-877111img09.jpg"" width=""700"" height=""900""><br><br>
<img src=""http://image.rakuten.co.jp/keitai/cabinet/item/19/page01/19-877111img10.jpg"" width=""700"" height=""900""><br><br>
<img src=""http://image.rakuten.co.jp/keitai/cabinet/syapage/title_4.gif"" width=""700"" height=""80""><br><br>
<img src=""http://image.rakuten.co.jp/keitai/cabinet/item/19/page01/19-877111img11.jpg""><br><br>
<img src=""http://image.rakuten.co.jp/keitai/cabinet/syapage/title_7.gif"" width=""700"" height=""80""><br><br>
<img src=""http://image.rakuten.co.jp/keitai/cabinet/item/19/page01/19-877111img12.jpg"" width=""700"" height=""433""><br><br>
<img src=""http://image.rakuten.co.jp/keitai/cabinet/syapage/ip7_wallet.jpg"" width=""700"" height=""433""><br><br>
<table border=""0"" width=""680"" cellpadding=""0"" cellspacing=""0""><tr><td align=""left""><font size=""2"">※クレードル（卓上ホルダなど）を使用して充電する場合には、本製品を外してご利用下さい。<br>
※フラッシュ撮影すると映りこみが起こる場合があります。<br>
※ICカードのタッチがフラップを閉じた状態で反応しない場合は、フラップを開いてタッチしてください。<br>
※こちらの商品はデザインや仕様変更になる場合がございますので、予めご了承ください。<br>
※「Wallet」アプリでICカードを登録した状態で、カードポケットに入れたプラスチックのICカード（Suica等）を使用すると、リーダーにて読み込みができない場合があります。プラスチックのICカードを使用する際は、アプリにICカードが登録されていない状態でご使用ください。</font></td></tr></table><br>
<img src=""http://image.rakuten.co.jp/keitai/cabinet/bana/license_2.jpg"" width=""539"" height=""60""><br><br>
</center><!-- サイズ表ここから -->
<br><center>
<table width=""700"" cellpadding=""0"" cellspacing=""2"" class=""size_tbl"">
<tr>
<td width=""130""><b>サイズ表</b></td>
<td width=""10""></td>
<td width=""560""></td>
</tr>
<tr>
<td>本体</td>
<td>：</td>
<td>約縦14.2×横7.9×厚2.4cm</td>
</tr>
<tr>
<td>パッケージ</td>
<td>：</td>
<td>約縦17.5×横10.1×厚2.6cm</td>
</tr>
<tr>
<td width=""130""><b>その他仕様</b></td>
<td width=""10""></td>
<td width=""560""></td>
</tr>
<tr>
<td>ストラップ使用</td>
<td>：</td>
<td>可</td>
</tr>
<tr>
<td>主素材</td>
<td>：</td>
<td>ポリウレタン</td>
</tr>
<tr>
<td>セット内容</td>
<td>：</td>
<td>ケース本体</td>
</tr>
</table>

<!-- サイズ表ここまで -->
<hr>
▼関連アイテム<br>
<table width=""700"" border=""0"" cellpadding=""5"" cellspacing=""0"">
<tr align=""center"" valign=""top"">
<td>
<a target=""_top"" href=""http://item.rakuten.co.jp/ketchupper/19-865/""><img src=""http://thumbnail.image.rakuten.co.jp/@0_mall/ketchupper/cabinet/item/19/19-865.jpg"" width=""100%"" ></a>
</td>
<td>
<a target=""_top"" href=""http://item.rakuten.co.jp/ketchupper/41-8780/""><img src=""http://thumbnail.image.rakuten.co.jp/@0_mall/ketchupper/cabinet/item/41_4/41-8780.jpg"" width=""100%"" ></a>
</td>
<td>
<a target=""_top"" href=""http://item.rakuten.co.jp/ketchupper/276-8668/""><img src=""http://thumbnail.image.rakuten.co.jp/@0_mall/ketchupper/cabinet/item/276/276-8668.jpg"" width=""100%"" ></a>
</td>
<td>
<a target=""_top"" href=""http://item.rakuten.co.jp/ketchupper/41-8424/""><img src=""http://thumbnail.image.rakuten.co.jp/@0_mall/ketchupper/cabinet/item/41_4/41-8424new.jpg"" width=""100%"" ></a>
</td>
<td>
<a target=""_top"" href=""http://item.rakuten.co.jp/ketchupper/41-8620/""><img src=""http://thumbnail.image.rakuten.co.jp/@0_mall/ketchupper/cabinet/item/41_3/41-8620.jpg"" width=""100%"" ></a>
</td>
<td>
<a target=""_top"" href=""http://item.rakuten.co.jp/ketchupper/276-847602/""><img src=""http://thumbnail.image.rakuten.co.jp/@0_mall/ketchupper/cabinet/item/276/276-847602.jpg"" width=""100%"" ></a>
</td>
<td>
<a target=""_top"" href=""http://item.rakuten.co.jp/ketchupper/594-8731/""><img src=""http://thumbnail.image.rakuten.co.jp/@0_mall/ketchupper/cabinet/item/594/594-8731.jpg"" width=""100%"" ></a>
</td>
</tr>
</table>
<!--ディズニーリンク-->
<hr><br>
<a href=""http://www.rakuten.ne.jp/gold/ketchupper/feature/disney.html""><img src=""http://image.rakuten.co.jp/ketchupper/cabinet/banner/disneyftr_700150.jpg"" width=""100%""></a><br>
<!--/ディズニーリンク-->
<!--iPhone7--><center><hr>
▼iPhone7ケースならKetchup!にお任せ▼<br>
<table width=""100%"">
<tr><td><a href=""http://item.rakuten.co.jp/ketchupper/c/0000000898/""><img  src=""http://image.rakuten.co.jp/ketchupper/cabinet/event/img/2016/ke_cate_ip7_img5.jpg"" width=""100%"" alt=""手帳型 シリコン ハード ソフト""></a></td></tr></table>
</center>
<!--/iPhone7-->
</center>
</div>
<hr>＼＼送料込み<font size=""+1"" color=""tomato"">1,080円</font>　コスパ最強手帳型ケース／／<br>
<a href=""https://item.rakuten.co.jp/ketchupper/276-8754/"" target=""_top"">
<img src=""https://image.rakuten.co.jp/ketchupper/cabinet/banner/276-8754_700150.jpg"" width=""700"">
</a><table cellpadding=""5px"" width=""350"">
<tr>
<td colspan=""2"" align=""center"">
 <img src=""http://image.rakuten.co.jp/ketchupper/cabinet/banner/catedisney_700150.jpg"" width=""320""><br><font size=""-1"">▲ディズニーグッズはこちら▲</font>
 </td>
</tr>
<tr>
<td colspan=""2"" align=""center"">
<img src=""http://thumbnail.image.rakuten.co.jp/@0_mall/keitai/cabinet/banner3/41-86_700150.jpg"" width=""320""><br><font size=""-1"">▲大人気ifaceもディズニーキャラ▲</font>
</td>
</tr>
<tr>
<td colspan=""2"" align=""center"">
<img src=""http://thumbnail.image.rakuten.co.jp/@0_mall/keitai/cabinet/banner2/19-802908_700150.jpg"" width=""320""><br><font size=""-1"">▲大人気ifaceもディズニーキャラ▲</font>
</td>
</tr>
<tr>
<td align=""center"">
 <img src=""http://image.rakuten.co.jp/ketchupper/cabinet/item/276/page01/276-8522img01.jpg"" width=""150""><br><font size=""-1"">▲モバイル充電器▲</font>
 </td>
 <td align=""center"">
 <img src=""http://image.rakuten.co.jp/keitai/cabinet/item/276/page01/276-866801img01.jpg"" width=""150""><br><font size=""-1"">▲プリンセス▲</font>
 </td>
</tr>
<tr>
<td align=""center"">
 <img src=""http://image.rakuten.co.jp/ketchupper/cabinet/item/19/page01/19-8606img01.jpg"" width=""150""><br><font size=""-1"">▲セルカ棒▲</font>
 </td>
 <td align=""center"">
 <img src=""http://image.rakuten.co.jp/ketchupper/cabinet/item/19/page01/19-8545img01.jpg"" width=""150""><br><font size=""-1"">▲セルカレンズ▲</font>
 </td>
</tr>
</table>
<table cellpadding=""5"" width=""350"">
<tr>
<td colspan=""4"" align=""center"">
<img src=""http://thumbnail.image.rakuten.co.jp/@0_mall/keitai/cabinet/banner3/imgrc0064561913.jpg"" width=""320"">
</td>
</tr>
<tr>
<td>
<img src=""http://thumbnail.image.rakuten.co.jp/@0_mall/keitai/cabinet/item/276/276-8247s.jpg"" width=""70"">
</td>
<td>
<img src=""http://thumbnail.image.rakuten.co.jp/@0_mall/keitai/cabinet/item/276/276-847602.jpg"" width=""70"">
</td>
<td>
<img src=""http://thumbnail.image.rakuten.co.jp/@0_mall/keitai/cabinet/item/19/19-75_a.jpg"" width=""70"">
</td>
<td>
<img src=""http://thumbnail.image.rakuten.co.jp/@0_mall/keitai/cabinet/item/19/19-8067_a.jpg"" width=""70"">
</td>
</tr>
<tr>
<td colspan=""4"" align=""center"">
<img src=""http://thumbnail.image.rakuten.co.jp/@0_mall/keitai/cabinet/item/19/page01/19-807309img41.jpg"" width=""320"">
</td>
</tr>
</table>
<!--エビデンス--><br><font size=""2"">メーカー希望小売価格はメーカーサイトに基づいて掲載しています</font><br><br>
<img src=""http://image.rakuten.co.jp/ketchupper/cabinet/evidence/evidence-19-865.jpg"" width=""100%"">
<!--/エビデンス--><br><br>",iPhone 7ケース ディズニー 手帳 iPhone7 Book Style 【 iphone7ケース アイフォン7 ケースかわいい アリエル グッズ iphoneケース おしゃれ かわいい ミラー ミラー付き 手帳型 携帯ケース キャラクター iPhone 7ケース ディズニー iPhone 7ケース ディズニー  】：Ketchup,スマホケースiPhoneケース可愛いxperia安いスマホスマホカバーキーホルダーストラップイヤホンスピーカーネットショップhameeハミィイヤホンジャックディズニーかわいい女子ファッション通販iPhone 7ケース ディズニー 手帳 iPhone7 Book Style 【 iphone7ケース アイフォン7 ケースかわいい アリエル グッズ iphoneケース おしゃれ かわいい ミラー ミラー付き 手帳型 携帯ケース キャラクター iPhone 7ケース ディズニー iPhone 7ケース ディズニー  】,iPhone 7ケース ディズニー ミッキー ミニー ドナルド アリス。iPhone 7ケース ディズニー 手帳 iPhone7 Book Style 【 iphone7ケース アイフォン7 ケースかわいい アリエル グッズ iphoneケース おしゃれ かわいい ミラー ミラー付き 手帳型 携帯ケース キャラクター iPhone 7ケース ディズニー iPhone 7ケース ディズニー  】[rn]
23-92233,http://tshop.r10s.jp/ketchupper/cabinet/item/276_1/276-8798ke.jpg?fitin=700:700,1728.0000,,スマートフォン・タブレット > スマートフォンアクセサリー > スマートフォンケース,iiphone7 ケース 窓付き手帳型 phone7 手帳型 アイフォン7 窓付き 手帳型ケース【 CERTA ケルタ iphone ケース 窓 手帳 スマホケース iphoneケース 携帯ケース 】,蓋ピタっ!ぱっと時間がわかる!さらに閉じたまま通話もできちゃう,"<div class=""productPage""><center>
<img src=""http://image.rakuten.co.jp/keitai/cabinet/item/196/page01/196-198643img10.jpg"" width=""700"" height=""50""><br><br>
<img src=""http://image.rakuten.co.jp/keitai/cabinet/kisetukate/smart/for_ip7.jpg"" width=""700"" height=""85""><br><br>
<img src=""http://image.rakuten.co.jp/ketchupper/cabinet/item/276/page02/276-8798img01.jpg"" width=""700"" height=""433""><br>
<table border=""0"" width=""700"" cellpadding=""0"" cellspacing=""0""><tr><td align=""right"" class=""itemCopy""><font size=""2"">　</font></td></tr></table><br>
<img src=""http://image.rakuten.co.jp/keitai/cabinet/item/276/page02/276-879801img02.gif"" width=""700"" height=""77""><br><br>
<table border=""0"" width=""680"" cellpadding=""0"" cellspacing=""0"">
<tr>
<td align=""left"">
<font size=""2"">
高級感漂う上品なPUレザー採用の手帳型ケースに「小窓」が開いた<br>
iPhone7 専用ウィンドウフリップダイアリーケースが登場。<br>
この窓があれば、フリップを開かずに時間や、着信時の相手の名前が確認できます。<br>
さらに、ケース前面にはスピーカーホールと金属バーが付いていることで、<br>
フリップを閉じたままでも着信の応答と通話がスムーズにできます。<br>
<br>
・ケース背面にはICカードの収納などに便利なカードポケット×1付き。<br>
・カードポケット内には電波干渉防止シート入りで、そのままICタッチOK。<br>
・フリップはマグネットで留まるので、バンドやボタンなどの装飾の無いシンプルでスリムなデザイン。<br>
・フリップを背面側に折り返せばマグネットで固定されるので、操作時もスマート。<br>
<br>
あなたのアイフォンをより上品に、快適にお楽しみください。
</font>
</td>
</tr>
</table>
<br>
<img src=""http://image.rakuten.co.jp/ketchupper/cabinet/item/276/page02/276-8798img02.jpg"" width=""700""><br><br>
<img src=""http://image.rakuten.co.jp/keitai/cabinet/syapage/title_1.gif"" width=""700"" height=""80""><br><br>
<img src=""http://image.rakuten.co.jp/keitai/cabinet/item/276/page02/276-879801img03.jpg"" width=""700"" height=""433""><br><br>
<img src=""http://image.rakuten.co.jp/keitai/cabinet/item/276/page02/276-879801img04.jpg"" width=""700"" height=""350""><br><br>
<img src=""http://image.rakuten.co.jp/keitai/cabinet/item/276/page02/276-879801img05.jpg""><br><br>
<img src=""http://image.rakuten.co.jp/keitai/cabinet/item/276/page02/276-879801img06.jpg"" width=""700"" height=""350""><br><br>
<img src=""http://image.rakuten.co.jp/keitai/cabinet/item/276/page02/276-879801img07.jpg"" width=""700"" height=""433""><br><br>
<img src=""http://image.rakuten.co.jp/keitai/cabinet/item/276/page02/276-879801img08.jpg""><br><br>
<img src=""http://image.rakuten.co.jp/keitai/cabinet/item/276/page02/276-879801img09.jpg"" width=""700"" height=""600""><br><br>
<img src=""http://image.rakuten.co.jp/keitai/cabinet/syapage/title_9.gif"" width=""700"" height=""80""><br><br>
<img src=""http://image.rakuten.co.jp/ketchupper/cabinet/item/276/page02/276-8798img03.jpg"" width=""700""><br><br>
<img src=""http://image.rakuten.co.jp/keitai/cabinet/item/276/page02/276-879801img10.jpg"" width=""700"" height=""433""><br><br>
<img src=""http://image.rakuten.co.jp/keitai/cabinet/item/276/page02/276-879801img11.jpg"" width=""700"" height=""500""><br><br>
<img src=""http://image.rakuten.co.jp/keitai/cabinet/syapage/title_3.gif"" width=""700"" height=""80""><br><br>
<img src=""http://image.rakuten.co.jp/keitai/cabinet/item/276/page02/276-879801img12.jpg"" width=""700"" height=""433""><br><br>
<img src=""http://image.rakuten.co.jp/keitai/cabinet/item/276/page02/276-879801img13.jpg"" width=""700"" height=""700""><br><br>
<img src=""http://image.rakuten.co.jp/keitai/cabinet/item/276/page02/276-879801img14.jpg"" width=""700""><br><br>
<img src=""http://image.rakuten.co.jp/ketchupper/cabinet/item/276/page02/276-8798img04.jpg"" width=""700""><br><br>
<table border=""0"" width=""680"" cellpadding=""0"" cellspacing=""0""><tr><td align=""left""><font size=""2""><br>
※クレードル（卓上ホルダなど）を使用して確実に充電するには、本製品を外すことをおすすめします。<br>
※カードや通帳のデータ等が喪失された場合におきましても、当社では一切保証致しかねます。予めご了承ください。<br>
※本製品はマグネットが使用されております。クレジットカードなどの磁気カードを併用すると、 読み取り等ができなくなる恐れがありますので、ご注意ください。<br>
※こちらの商品はデザインや仕様変更になる場合がございますので、予めご了承ください。<br>
</font></td></tr></table><br>
<img src=""http://image.rakuten.co.jp/keitai/cabinet/syapage/ip7_wallet.jpg"" width=""700"" height=""433""><br><br>
</center><!-- サイズ表ここから -->
<br><center>
<table width=""700"" cellpadding=""0"" cellspacing=""2"" class=""size_tbl"">
<tr>
<td width=""130""><b>サイズ表</b></td>
<td width=""10""></td>
<td width=""560""></td>
</tr>
<tr>
<td>本体</td>
<td>：</td>
<td>約縦14×横7×厚1.2cm</td>
</tr>
<tr>
<td width=""130""><b>その他仕様</b></td>
<td width=""10""></td>
<td width=""560""></td>
</tr>
<tr>
<td>主素材</td>
<td>：</td>
<td>PU</td>
</tr>
<tr>
<td>セット内容</td>
<td>：</td>
<td>ケース本体</td>
</tr>
</table>
</center>
<!-- サイズ表ここまで --><!-- バリエリンク -->
<center>
<table width=""700"" border=""0"" cellpadding=""1"" cellspacing=""0"">
<tr>
<td colspan=""7"" align=""left"">
<hr style=""border-style:solid; border-color:#000000; border-bottom-width:0px;"">
<font size=""2""><b>▼その他関連商品はこちら</b></font></td>
</tr>
<tr align=""center"" valign=""top"">
<td width=""100""><a target=""_top"" href=""http://item.rakuten.co.jp/ketchupper/276-8798/""> <img src=""http://thumbnail.image.rakuten.co.jp/@0_mall/ketchupper/cabinet/item/276/276-8798.jpg?_ex=90x90"" width=""90"" height=""90"" border=""0""><br></a></td>
<td width=""100""><a target=""_top"" href=""http://item.rakuten.co.jp/ketchupper/276-8799/""> <img src=""http://thumbnail.image.rakuten.co.jp/@0_mall/ketchupper/cabinet/item/276/276-8799.jpg?_ex=90x90"" width=""90"" height=""90"" border=""0""><br></a></td>
<td width=""100""><a target=""_top"" href=""http://item.rakuten.co.jp/ketchupper/276-8788/""> <img src=""http://thumbnail.image.rakuten.co.jp/@0_mall/ketchupper/cabinet/item/276/276-8788.jpg?_ex=90x90"" width=""90"" height=""90"" border=""0""><br></a></td>
<td width=""100""><a target=""_top"" href=""http://item.rakuten.co.jp/ketchupper/276-8789-ab/""> <img src=""http://thumbnail.image.rakuten.co.jp/@0_mall/ketchupper/cabinet/item/276/276-8789-ab.jpg?_ex=90x90"" width=""90"" height=""90"" border=""0""><br></a></td>
<td width=""100""><a target=""_top"" href=""http://item.rakuten.co.jp/ketchupper/276-8792-ab/""> <img src=""http://thumbnail.image.rakuten.co.jp/@0_mall/ketchupper/cabinet/item/276/276-8792-ab.jpg?_ex=90x90"" width=""90"" height=""90"" border=""0""><br></a></td>
<td width=""100""><a target=""_top"" href=""http://item.rakuten.co.jp/ketchupper/276-8790/""> <img src=""http://thumbnail.image.rakuten.co.jp/@0_mall/ketchupper/cabinet/item/276/276-8790.jpg?_ex=90x90"" width=""90"" height=""90"" border=""0""><br></a></td>
<td width=""100""></td>
</tr>
</table>
</center>
<!-- バリエリンク_end --></div><!--ガラス--><hr><center><b>▼合わせておすすめ！▼</b></center><a href=""http://item.rakuten.co.jp/ketchupper/276-8764/""><img src=""http://image.rakuten.co.jp/keitai/cabinet/item/276/page02/276-876404img01.jpg"" width=""100%""></a><br><!--/ガラス-->




<!--iPhone7--><center>
▼iPhone7ケースならKetchup!にお任せ▼<br>
<table width=""100%"">
<tr><td><img src=""http://image.rakuten.co.jp/ketchupper/cabinet/event/img/2016/ke_cate_ip7_img5.jpg"" width=""100%"" alt=""手帳型 シリコン ハード ソフト""></td></tr></table>
</center>
<!--/iPhone7-->
<!--エビデンス--><br><font size=""2"">メーカー希望小売価格はメーカーサイトに基づいて掲載しています</font><br><br>
<img src=""http://image.rakuten.co.jp/ketchupper/cabinet/evidence/evidence-276-8798.jpg"" width=""100%"">
<!--/エビデンス--><br><br>",iiphone7 ケース 窓付き手帳型 phone7 手帳型 アイフォン7 窓付き 手帳型ケース【 CERTA ケルタ iphone ケース 窓 手帳 スマホケース iphoneケース 携帯ケース 】：Ketchup,スマホケースiPhoneケース可愛いxperia安いスマホスマホカバーキーホルダーストラップイヤホンスピーカーネットショップhameeハミィイヤホンジャックディズニーかわいい女子ファッション通販iiphone7 ケース 窓付き手帳型 phone7 手帳型 アイフォン7 窓付き 手帳型ケース【 CERTA ケルタ iphone ケース 窓 手帳 スマホケース iphoneケース 携帯ケース 】,蓋ピタっ!ぱっと時間がわかる!さらに閉じたまま通話もできちゃう。iiphone7 ケース 窓付き手帳型 phone7 手帳型 アイフォン7 窓付き 手帳型ケース【 CERTA ケルタ iphone ケース 窓 手帳 スマホケース iphoneケース 携帯ケース 】[rn]
23-92234,http://tshop.r10s.jp/ketchupper/cabinet/item/276_1/276-8802ke.jpg?fitin=700:700,2246.4000,,スマートフォン・タブレット > スマートフォンアクセサリー > スマートフォンケース,iPhone7 ケース MOOMIN ムーミン ウッド ハードケース【 iPhone 7 iphone7 スマホケース スマホカバー ケース スマホ iphone 携帯ケース 】,ムーミンの世界観と相性抜群！木のケースが登場★,"<div class=""productPage""><center>
<img src=""http://image.rakuten.co.jp/keitai/cabinet/item/196/page01/196-198643img10.jpg"" width=""700"" height=""50""><br><br>
<img src=""http://image.rakuten.co.jp/keitai/cabinet/kisetukate/smart/for_ip7.jpg"" width=""700"" height=""85""><br><br>
<img src=""http://image.rakuten.co.jp/keitai/cabinet/item/276/page02/276-880203img01.jpg"" width=""700"" height=""433""><br>
<table border=""0"" width=""700"" cellpadding=""0"" cellspacing=""0""><tr><td align=""right"" class=""itemCopy""><font size=""2""> </font></td></tr></table><br>
<img src=""http://image.rakuten.co.jp/keitai/cabinet/item/276/page02/276-880203img02.gif"" width=""700"" height=""77""><br><br>
<table border=""0"" width=""680"" cellpadding=""0"" cellspacing=""0"">
<tr>
<td align=""left"">
<font size=""2"">
あたたかみのある木目の風合いをそのままに活かした<br>
北欧ムードたっぷりな、ムーミンと仲間たちのiPhone 7ケース。<br>
<br>
肌なじみの良い木の手触りと、今にも物語の中で動き出しそうな<br>
きめ細やかなキャラクターの刻印は、主張しすぎない配置がポイント。<br>
<br>
シンプルでスリムなシルエットに、１つ１つ違った木目が個性を放ちます。<br>
<br>
毎日の中に、心温まるムーミンたちとのひとときを。
</font>
</td>
</tr>
</table>
<br>
<img src=""http://image.rakuten.co.jp/keitai/cabinet/syapage/title_1.gif"" width=""700"" height=""80""><br><br>
<img src=""http://image.rakuten.co.jp/keitai/cabinet/item/276/page02/276-880203img03.jpg"" width=""700"" height=""800""><br><br>
<img src=""http://image.rakuten.co.jp/keitai/cabinet/item/276/page02/276-880203img04.jpg"" width=""700"" height=""433""><br><br>
<img src=""http://image.rakuten.co.jp/keitai/cabinet/item/276/page02/276-880203img07.jpg"" width=""700"" height=""501""><br><br>
<img src=""http://image.rakuten.co.jp/keitai/cabinet/syapage/title_3.gif"" width=""700"" height=""80""><br><br>
<img src=""http://image.rakuten.co.jp/keitai/cabinet/item/276/page02/276-880203img05.jpg"" width=""700"" height=""800""><br><br>
<img src=""http://image.rakuten.co.jp/keitai/cabinet/item/276/page02/276-880203img08.jpg"" width=""700"" height=""700""><br><br>
<img src=""http://image.rakuten.co.jp/keitai/cabinet/syapage/title_4.gif"" width=""700"" height=""80""><br><br>
<img src=""http://image.rakuten.co.jp/keitai/cabinet/item/276/page02/276-880203img09.jpg"" width=""700"" height=""587""><br><br>
<img src=""http://image.rakuten.co.jp/keitai/cabinet/syapage/title_7.gif"" width=""700"" height=""80""><br><br>
<img src=""http://image.rakuten.co.jp/keitai/cabinet/item/276/page02/276-880203img10.jpg"" width=""700"" height=""600""><br><br>
<img src=""http://image.rakuten.co.jp/keitai/cabinet/item/276/page02/276-880203img06.jpg"" width=""700"" height=""433""><br><br>
<table border=""0"" width=""680"" cellpadding=""0"" cellspacing=""0""><tr><td align=""left""><font size=""2"">※クレードル（卓上ホルダなど）を使用して確実に充電するには、本製品を外すことをおすすめします。</font></td></tr></table><br>
<img src=""http://image.rakuten.co.jp/keitai/cabinet/bana/license_2.jpg"" width=""539"" height=""60""><br><br>
</center><!-- サイズ表ここから -->
<br><center>
<table width=""700"" cellpadding=""0"" cellspacing=""2"" class=""size_tbl"">
<tr>
<td width=""130""><b>サイズ表</b></td>
<td width=""10""></td>
<td width=""560""></td>
</tr>
<tr>
<td>ケース本体</td>
<td>：</td>
<td>約縦14.3×横8.5×厚1.6cm</td>
</tr>
<tr>
<td>パッケージ</td>
<td>：</td>
<td>約縦18.5×横10×厚2.5cm</td>
</tr>
<tr>
<td width=""130""><b>その他仕様</b></td>
<td width=""10""></td>
<td width=""560""></td>
</tr>
<tr>
<td>主素材</td>
<td>：</td>
<td>ポリウレタン</td>
</tr>
<tr>
<td>ストラップ使用</td>
<td>：</td>
<td>可</td>
</tr>
<tr>
<td>セット内容</td>
<td>：</td>
<td>ケース本体</td>
</tr>
</table>
</center>
<!-- サイズ表ここまで --><!-- バリエリンク -->
<center>
<table width=""700"" border=""0"" cellpadding=""1"" cellspacing=""0"">
<tr>
<td colspan=""7"" align=""left"">
<hr style=""border-style:solid; border-color:#000000; border-bottom-width:0px;"">
<font size=""2""><b>▼その他関連商品はこちら</b></font></td>
</tr>
<tr align=""center"" valign=""top"">
<td width=""100""><a target=""_top"" href=""http://item.rakuten.co.jp/ketchupper/276-8802/""> <img src=""http://thumbnail.image.rakuten.co.jp/@0_mall/ketchupper/cabinet/item/276/276-8802.jpg?_ex=90x90"" width=""90"" height=""90"" border=""0""><br></a></td>
<td width=""100""><a target=""_top"" href=""http://item.rakuten.co.jp/ketchupper/276-8801/""> <img src=""http://thumbnail.image.rakuten.co.jp/@0_mall/ketchupper/cabinet/item/276/276-8801.jpg?_ex=90x90"" width=""90"" height=""90"" border=""0""><br></a></td>
<td width=""100""><a target=""_top"" href=""http://item.rakuten.co.jp/ketchupper/276-8804/""> <img src=""http://thumbnail.image.rakuten.co.jp/@0_mall/ketchupper/cabinet/item/276/276-8804.jpg?_ex=90x90"" width=""90"" height=""90"" border=""0""><br></a></td>
<td width=""100""><a target=""_top"" href=""http://item.rakuten.co.jp/ketchupper/41-8784/""> <img src=""http://thumbnail.image.rakuten.co.jp/@0_mall/ketchupper/cabinet/item/41_4/41-8784.jpg?_ex=90x90"" width=""90"" height=""90"" border=""0""><br></a></td>
<td width=""100""></td>
<td width=""100""></td>
<td width=""100""></td>
</tr>
</table>
</center>
<!-- バリエリンク_end --></div>
<!--276-8808ムーミン窓--><hr>
<a href=""http://item.rakuten.co.jp/ketchupper/276-8808/""><img src=""http://image.rakuten.co.jp/ketchupper/cabinet/banner/276-880807_700150.jpg"" width=""700""></a>
<!--276-8808ムーミン窓-->",iPhone7 ケース MOOMIN ムーミン ウッド ハードケース【 iPhone 7 iphone7 スマホケース スマホカバー ケース スマホ iphone 携帯ケース 】：Ketchup,スマホケースiPhoneケース可愛いxperia安いスマホスマホカバーキーホルダーストラップイヤホンスピーカーネットショップhameeハミィイヤホンジャックディズニーかわいい女子ファッション通販iPhone7 ケース MOOMIN ムーミン ウッド ハードケース【 iPhone 7 iphone7 スマホケース スマホカバー ケース スマホ iphone 携帯ケース 】,ムーミンの世界観と相性抜群！木のケースが登場★。iPhone7 ケース MOOMIN ムーミン ウッド ハードケース【 iPhone 7 iphone7 スマホケース スマホカバー ケース スマホ iphone 携帯ケース 】[rn]
23-92235,http://tshop.r10s.jp/ketchupper/cabinet/item/41_4/41-8830.jpg?fitin=700:700,2764.8000,,スマートフォン・タブレット > スマートフォンアクセサリー > スマートフォンケース,iPhone7 plus ケース iface sense アイフェイス 【 7plu iphone7plus アイフォン7プラス case iphone7プラス 耐衝撃 ブランド iphone ケース 】,指紋も目立たない素材感にクラシックカラーがあなたにぴったり！,"<div class=""productPage""><center><a href=""http://item.rakuten.co.jp/ketchupper/41-8828""><img src=""http://image.rakuten.co.jp/ketchupper/cabinet/banner/ip7pat_70080ke.gif"" width=""100%""></a><br><br>
<img src=""http://image.rakuten.co.jp/keitai/cabinet/kisetukate/smart/for_ip7plus.jpg"" width=""700"" height=""85""><br><br>
<img src=""http://image.rakuten.co.jp/keitai/cabinet/item/196/page01/196-198643img10.jpg"" width=""700"" height=""50""><br><br>
<img src=""http://image.rakuten.co.jp/ketchupper/cabinet/item/41_4/page01/41-8330img01.jpg"" width=""700"" height=""433""><br>
<table border=""0"" width=""700"" cellpadding=""0"" cellspacing=""0""><tr><td align=""right"" class=""itemCopy""><font size=""2""> </font></td></tr></table><br>
<img src=""http://image.rakuten.co.jp/keitai/cabinet/item/41/page02/41-883013img02.gif"" width=""700"" height=""77""><br><br>
<table border=""0"" width=""680"" cellpadding=""0"" cellspacing=""0"">
<tr>
<td align=""left"">
<font size=""2"">
大人気ケースiFace First Classから、<br>
iPhone 7 Plus専用落ち着いた重厚感のある質感がオシャレな「Sense」が登場しました。<br>
<br>
iFace First Classは女性のSラインをイメージした、なめらかで手にフィットする曲線が特徴的で<br>
ポリカーボネートとTPU2つの素材の特性を生かし、傷や衝撃からiPhoneをしっかり保護します。<br>
<br>
「Sense」はiFace First Classの形状に落ち着いたカラーリング、触り心地の良いマットな質感をプラス。<br>
iPhone 7 Plusにいつもとは違う洗練された印象を与えてくれます。<br>
また皮脂跡も付きにくい素材なので、いつでもサラサラで美しい状態でご使用いただけます。<br>
<br>
カラーや形だけでなく「質感」にまでこだわりたいあなたにおすすめのケースです。
</font>
</td>
</tr>
</table>
<br>
<img src=""http://image.rakuten.co.jp/ketchupper/cabinet/item/41_4/page01/41-8330img02.jpg"" width=""700""><br><br>
<img src=""http://image.rakuten.co.jp/keitai/cabinet/syapage/title_1.gif"" width=""700"" height=""80""><br><br>
<img src=""http://image.rakuten.co.jp/keitai/cabinet/item/41/page02/41-883013img04.jpg"" width=""700"" height=""700""><br><br>
<hr><br>
<img src=""http://image.rakuten.co.jp/keitai/cabinet/item/41/page02/41-883013img05.jpg"" width=""700"" height=""700""><br><br>
<hr><br>
<img src=""http://image.rakuten.co.jp/keitai/cabinet/item/41/page02/41-883013img06.jpg"" width=""700"" height=""700""><br><br>
<hr><br>
<img src=""http://image.rakuten.co.jp/keitai/cabinet/item/41/page02/41-883013img07.jpg"" width=""700"" height=""700""><br><br>
<img src=""http://image.rakuten.co.jp/keitai/cabinet/syapage/title_3.gif"" width=""700"" height=""80""><br><br>
<img src=""http://image.rakuten.co.jp/keitai/cabinet/item/41/page02/41-883013img08.jpg"" width=""700"" height=""900""><br><br>
<img src=""http://image.rakuten.co.jp/keitai/cabinet/syapage/title_4.gif"" width=""700"" height=""80""><br><br>
<img src=""http://image.rakuten.co.jp/keitai/cabinet/item/41/page02/41-883013img09.jpg"" width=""700"" height=""700""><br><br>
<hr><br>
<img src=""http://image.rakuten.co.jp/keitai/cabinet/item/41/page02/41-883013img10.jpg"" width=""700"" height=""700""><br><br>
<hr><br>
<img src=""http://image.rakuten.co.jp/ketchupper/cabinet/item/41_4/page01/41-8330img03.jpg"" width=""700""><br><br>
<img src=""https://image.rakuten.co.jp/ketchupper/cabinet/banner/ifacedeco-basic.jpg"" width=""700""><br><br>
<img src=""http://image.rakuten.co.jp/keitai/cabinet/syapage/licence_02.gif"" width=""700"" height=""650""><br><br>
<img src=""http://image.rakuten.co.jp/keitai/cabinet/syapage/licence_01.gif"" width=""700"" height=""600""><br><br>

<img src=""http://image.rakuten.co.jp/keitai/cabinet/syapage/iface-assurance_02_7.jpg"" width=""700"" height=""350""><br><br>
<table border=""0"" width=""680"" cellpadding=""0"" cellspacing=""0""><tr><td align=""left""><font size=""2"">※液晶面にガラスフィルム等を装着すると、フィルムの形状によっては本製品と干渉する場合がございます。<br>
※こちらの商品は表面の加工上ひっかき傷がつきやすい仕様となっておりますのであらかじめご了承ください。<br>
※こちらの商品は背面に特殊な加工を施し細かい凹凸があるため、粘着テープを使用する落下防止器具などが付きにくい仕様となっております。<br>
※こちらの商品はデザインや仕様が予行なく変更する場合がございますので、予めご了承ください。</font></td></tr></table><br>
</center><!-- サイズ表ここから -->
<br><center>
<table width=""700"" cellpadding=""0"" cellspacing=""2"" class=""size_tbl"">
<tr>
<td width=""130""><b>サイズ表</b></td>
<td width=""10""></td>
<td width=""560""></td>
</tr>
<tr>
<td>ケース本体</td>
<td>：</td>
<td>約縦17.1×横8.2×厚1.1cm</td>
</tr>
<tr>
<td width=""130""><b>その他仕様</b></td>
<td width=""10""></td>
<td width=""560""></td>
</tr>
<tr>
<td>主素材</td>
<td>：</td>
<td>TPU、ポリカーボネート、鉄</td>
</tr>
<tr>
<td>セット内容</td>
<td>：</td>
<td>ケース本体</td>
</tr>
<tr>
<td>ストラップ使用</td>
<td>：</td>
<td>可</td>
</tr>
</table>
</center>
<!-- サイズ表ここまで -->
<!--ガラス--><hr><center><b>▼合わせておすすめ！▼</b></center><a href=""http://item.rakuten.co.jp/ketchupper/151-4558/""><img src=""http://image.rakuten.co.jp/keitai/cabinet/item/151/page01/151-455800img01.jpg"" width=""100%""></a><br><!--/ガラス-->
</div><!--iPhone7Pus--><center>
▼iPhone7PlusケースならKetchup!にお任せ▼<br>
<table width=""100%"">
<tr><td><img  ="""" src=""http://image.rakuten.co.jp/ketchupper/cabinet/event/img/2016/ke_cate_ip7p_700433.jpg"" width=""100%"" alt=""手帳型 シリコン ハード ソフト""></td></tr></table>
</center><hr>
<!--エビデンス--><br><font size=""2"">メーカー希望小売価格はメーカーサイトに基づいて掲載しています</font><br><br>
<img src=""http://image.rakuten.co.jp/ketchupper/cabinet/evidence/evidence-41-8830.jpg"" width=""100%"">
<!--/エビデンス--><br><br>",iPhone7 plus ケース iface sense アイフェイス 【 7plu iphone7plus アイフォン7プラス case iphone7プラス 耐衝撃 ブランド iphone ケース 】：Ketchup,スマホケースiPhoneケース可愛いxperia安いスマホスマホカバーキーホルダーストラップイヤホンスピーカーネットショップhameeハミィイヤホンジャックディズニーかわいい女子ファッション通販iPhone7 plus ケース iface sense アイフェイス 【 7plu iphone7plus アイフォン7プラス case iphone7プラス 耐衝撃 ブランド iphone ケース 】,指紋も目立たない素材感にクラシックカラーがあなたにぴったり！。iPhone7 plus ケース iface sense アイフェイス 【 7plu iphone7plus アイフォン7プラス case iphone7プラス 耐衝撃 ブランド iphone ケース 】[rn]
23-92236,http://tshop.r10s.jp/ketchupper/cabinet/item/151/151-4563.jpg?fitin=700:700,3888.0000,,スマートフォン・タブレット > スマートフォンアクセサリー > スマートフォンケース,iPhone7 木製 ケース iPhone6s iPhone6 iPhone7ケース 手帳型 【 アニマル柄 シマウマ ゼブラ キリン ジラフ ジラフ柄 うし うし柄 フラミンゴ iPhoneケース 携帯ケース アイフォン7 かわいい おしゃれ 】,TPU アイフォン6 アイフォン6s 木 木製 携帯ケース,"<div class=""productPage""><center>
<img src=""http://image.rakuten.co.jp/keitai/cabinet/kisetukate/smart/for_ip7_6s_6.jpg"" width=""700"" height=""85""><br><br>
<img src=""http://image.rakuten.co.jp/keitai/cabinet/item/151/page01/151-456357img01.jpg"" width=""700"" height=""433""><br>
<table border=""0"" width=""700"" cellpadding=""0"" cellspacing=""0""><tr><td align=""right"" class=""itemCopy""><font size=""2"">　</font></td></tr></table><br>
<img src=""http://image.rakuten.co.jp/keitai/cabinet/item/151/page01/151-456357img02.gif"" width=""700"" height=""77""><br><br>
<table border=""0"" width=""680"" cellpadding=""0"" cellspacing=""0"">
<tr>
<td align=""left"">
<font size=""2"">
iPhone 7/6s/6専用　無垢のメープル材を使用した珍しいフリップタイプのケースが登場しました。<br>
<br>
・シンプルなラウンド形状と無垢材の丁寧な仕上げにより滑らかな手触り<br>
・内側はスエード調のカードポケットが1枚付いたシンプルな構造<br>
・ケース部分はiPhone全体をカバーするTPUケースを採用<br>
・模様は木の素材を活かした動物柄4種類<br>
・動物柄の中にワンポイントとしてさりげなくハートをデザイン<br><br>
</font>
</td>
</tr>
</table>
<br>
<img src=""http://image.rakuten.co.jp/keitai/cabinet/item/151/page01/151-456357img03.jpg"" width=""700"" height=""700""><br><br>
<img src=""http://image.rakuten.co.jp/keitai/cabinet/item/151/page01/151-456357img04.jpg"" width=""700"" height=""700""><br><br>
<img src=""http://image.rakuten.co.jp/keitai/cabinet/item/151/page01/151-456357img05.jpg"" width=""700"" height=""700""><br><br>
<img src=""http://image.rakuten.co.jp/keitai/cabinet/item/151/page01/151-456357img06.jpg"" width=""700"" height=""800""><br><br>
<img src=""http://image.rakuten.co.jp/keitai/cabinet/item/151/page01/151-456357img07.jpg"" width=""700"" height=""700""><br><br>
<img src=""http://image.rakuten.co.jp/keitai/cabinet/item/151/page01/151-456357img08.jpg"" width=""700"" height=""800""><br><br>
<img src=""http://image.rakuten.co.jp/keitai/cabinet/item/151/page01/151-456357img09.jpg"" width=""700"" height=""700""><br><br>
<img src=""http://image.rakuten.co.jp/keitai/cabinet/item/151/page01/151-456357img10.jpg"" width=""700"" height=""700""><br><br>
<img src=""http://image.rakuten.co.jp/keitai/cabinet/item/151/page01/151-456357img11.jpg"" width=""700"" height=""700""><br><br>
<table border=""0"" width=""680"" cellpadding=""0"" cellspacing=""0""><tr><td align=""left""><font size=""2""><br>
※ICカードをご利用の際は、カバーを開いた状態でご使用下さい。閉じたままご使用になると、読み取りエラーが生じることがございます。<br>
※クレードル（卓上ホルダなど）を使用して確実に充電するには、本製品を外すことをおすすめします。<br>
※カードや通帳のデータ等が喪失された場合におきましても、当社では一切保証致しかねます。予めご了承ください。<br>
※天然木使用のため、お届けする商品の木目や色はひとつひとつ異なります。</font></td></tr></table><br>
</center><!-- サイズ表ここから -->
<br><center>
<table width=""700"" cellpadding=""0"" cellspacing=""2"" class=""size_tbl"">
<tr>
<td width=""130""><b>サイズ表</b></td>
<td width=""10""></td>
<td width=""560""></td>
</tr>
<tr>
<td>本体</td>
<td>：</td>
<td>約縦14×横7.3×厚1.5cm</td>
</tr>
<tr>
<td>パッケージ</td>
<td>：</td>
<td>約縦19×横10.5×厚2.5cm</td>
</tr>
</table>
</center>
<!-- サイズ表ここまで -->
<hr>
▼関連アイテムはこちら
<table width=""550"" border=""0"" cellpadding=""5"" cellspacing=""0"">
<tr align=""center"" valign=""top"">
<td>
<a target=""_top"" href=""http://item.rakuten.co.jp/ketchupper/151-4571/""><img src=""https://image.rakuten.co.jp/ketchupper/cabinet/item/151/151-45710ke.jpg?_ex=90x90"" width=""90"" height=""90"" border=""0"" ></a>
</td>
<td>
<a target=""_top"" href=""http://item.rakuten.co.jp/ketchupper/151-4569/""><img src=""https://image.rakuten.co.jp/ketchupper/cabinet/item/151/151-4569ke.jpg?_ex=90x90"" width=""90"" height=""90"" border=""0"" ></a>
</td>
<td>
<a target=""_top"" href=""http://item.rakuten.co.jp/ketchupper/151-456401/""><img src=""http://thumbnail.image.rakuten.co.jp/@0_mall/ketchupper/cabinet/item/151/151-456401.jpg?_ex=90x90"" width=""90"" height=""90"" border=""0"" ></a>
</td>
<td>
<a target=""_top"" href=""http://item.rakuten.co.jp/ketchupper/276-8393/""><img src=""http://thumbnail.image.rakuten.co.jp/@0_mall/ketchupper/cabinet/item/276/276-8393.jpg?_ex=90x90"" width=""90"" height=""90"" border=""0"" ></a>
</td>
<td>
<a target=""_top"" href=""http://item.rakuten.co.jp/ketchupper/276-8788/""><img src=""http://thumbnail.image.rakuten.co.jp/@0_mall/ketchupper/cabinet/item/276/276-8788.jpg?_ex=90x90"" width=""90"" height=""90"" border=""0"" ></a>
</td>
<td>
<a target=""_top"" href=""http://item.rakuten.co.jp/ketchupper/276-8802/""><img src=""http://thumbnail.image.rakuten.co.jp/@0_mall/ketchupper/cabinet/item/276/276-8802.jpg?_ex=90x90"" width=""90"" height=""90"" border=""0"" ></a>
</td>
<td>
<a target=""_top"" href=""http://item.rakuten.co.jp/ketchupper/276-829/""><img src=""http://thumbnail.image.rakuten.co.jp/@0_mall/ketchupper/cabinet/item/276/276-829.jpg?_ex=90x90"" width=""90"" height=""90"" border=""0"" ></a>
</td>
</tr>
</table>
<!--アニマル柄--><hr><center>
<b>▼大人気 ヒョウ柄 もあります！▼<br>
<a href=""http://item.rakuten.co.jp/ketchupper/41-8864/""><img src=""http://image.rakuten.co.jp/ketchupper/cabinet/banner/41-885802_700150_ka.jpg"" width=""700""></a>
</center>
<!--/アニマル柄--><hr>
<!--contour-->
<a href=""http://item.rakuten.co.jp/ketchupper/276-8803""><img src=""http://image.rakuten.co.jp/ketchupper/cabinet/banner/276-880302_700150.jpg"" width=""700""></a><br><hr>
<!--/contour-->
<!--ガラス--><center><b>▼合わせておすすめ！▼</b></center><a href=""http://item.rakuten.co.jp/ketchupper/276-8764/""><img src=""http://image.rakuten.co.jp/keitai/cabinet/item/276/page02/276-876404img01.jpg"" width=""100%""></a><br><hr><!--/ガラス-->
</div><hr>＼＼送料込み<font size=""+1"" color=""tomato"">1,080円</font>　コスパ最強手帳型ケース／／<br>
<a href=""https://item.rakuten.co.jp/ketchupper/276-8754/"" target=""_top"">
<img src=""https://image.rakuten.co.jp/ketchupper/cabinet/banner/276-8754_700150.jpg"" width=""700"">
</a><!--iPhone6/6s--><center>
▼iPhone6/6sケースならKetchup!にお任せ▼<br>
<table width=""100%"">
<tr><td><img src=""http://image.rakuten.co.jp/ketchupper/cabinet/banner/cate_iphone6_700150.jpg"" width=""100%"" alt=""手帳型 シリコン ハード ソフト""></td></tr>

<tr><td><img src=""http://image.rakuten.co.jp/ketchupper/cabinet/banner/cate_iphone6s_700150.jpg"" width=""100%"" alt=""手帳型 シリコン ハード ソフト""></td></tr></table>
</center>
<!--/iPhone6/6s--><hr><!--iPhone7--><center>
▼iPhone7ケースならKetchup!にお任せ▼<br>
<table width=""100%"">
<tr><td><img src=""http://image.rakuten.co.jp/ketchupper/cabinet/event/img/2016/ke_cate_ip7_img5.jpg"" width=""100%"" alt=""手帳型 シリコン ハード ソフト""></td></tr></table>
</center>
<!--/iPhone7--><hr>
<!--sidecolor--><table width=""100%"" bgcolor=""#ededed"">
<tr><td>▼シリコンなような柔らかさのTPU、ハードケースタイプあります▼</td></tr>
<tr><td><img src=""http://image.rakuten.co.jp/ketchupper/cabinet/banner/sidec_700150.jpg"" width=""100%""></td></tr></table>
<!--/sidecolor--><hr>",iPhone7 木製 ケース iPhone6s iPhone6 iPhone7ケース 手帳型 【 アニマル柄 シマウマ ゼブラ キリン ジラフ ジラフ柄 うし うし柄 フラミンゴ iPhoneケース 携帯ケース アイフォン7 かわいい おしゃれ 】：Ketchup,スマホケースiPhoneケース可愛いxperia安いスマホスマホカバーキーホルダーストラップイヤホンスピーカーネットショップhameeハミィイヤホンジャックディズニーかわいい女子ファッション通販iPhone7 木製 ケース iPhone6s iPhone6 iPhone7ケース 手帳型 【 アニマル柄 シマウマ ゼブラ キリン ジラフ ジラフ柄 うし うし柄 フラミンゴ iPhoneケース 携帯ケース アイフォン7 かわいい おしゃれ 】,TPU アイフォン6 アイフォン6s 木 木製 携帯ケース。iPhone7 木製 ケース iPhone6s iPhone6 iPhone7ケース 手帳型 【 アニマル柄 シマウマ ゼブラ キリン ジラフ ジラフ柄 うし うし柄 フラミンゴ iPhoneケース 携帯ケース アイフォン7 かわいい おしゃれ 】[rn]
23-92237,http://tshop.r10s.jp/ketchupper/cabinet/item/276_1/276-8829ke.jpg?fitin=700:700,2419.2000,,スマートフォン・タブレット > スマートフォンアクセサリー > スマートフォンケース,iPhone7 手帳型 スヌーピー 窓付き 【 iPhone7ケース キャラクター カード収納 ケース ケースかわいい ウッドストック 】,チャーリーブラウン 携帯ケース iphoneケース PEANUTS,"<div class=""productPage""><center>
<img src=""http://image.rakuten.co.jp/keitai/cabinet/item/196/page01/196-198643img10.jpg"" width=""700"" height=""50""><br><br>
<img src=""http://image.rakuten.co.jp/keitai/cabinet/kisetukate/smart/for_ip7.jpg"" width=""700"" height=""85""><br><br>
<img src=""http://image.rakuten.co.jp/keitai/cabinet/item/276/page02/276-882900img01.jpg"" width=""700"" height=""433""><br>
<table border=""0"" width=""700"" cellpadding=""0"" cellspacing=""0""><tr><td align=""right"" class=""itemCopy""><font size=""2"">　</font></td></tr></table><br>
<img src=""http://image.rakuten.co.jp/keitai/cabinet/item/276/page02/276-882900img02.gif"" width=""700"" height=""77""><br><br>
<img src=""http://image.rakuten.co.jp/keitai/cabinet/item/276/page02/276-882900img03.jpg"" width=""700"" height=""800""><br><br>
<img src=""http://image.rakuten.co.jp/keitai/cabinet/item/276/page02/276-882900img04.jpg"" width=""700"" height=""433""><br><br>
<table border=""0"" width=""680"" cellpadding=""0"" cellspacing=""0"">
<tr>
<td align=""left"">
<font size=""2"">
世界中の人々に愛されている「PEANUTS/ピーナッツ」からアイフォン7のケースが登場。。<br>
個性豊かな仲間たちとスヌーピーが繰り広げるお話は、人生に役立つ名言が飛び出たりと、大人にもファンが多いですよね。<br>
そんなスヌーピーと仲間たちがデザインされた、機能的なダイアリーケースが登場しました！<br>
<br>
「今、何時だろう？」「着信あったかな？」と思ったら、扉に付いている窓から、すぐに確認が出来ちゃいます。<br>
さらに前面にはスピーカーホールと金属バーが付いているので、フリップを閉じたままでも着信の応答と通話がスムーズに。<br>
<br>
・ケース背面にはICカードの収納などに便利なカードポケットが1ヶ所。<br>
・カードポケット内には電波干渉防止シート入りで、そのままICタッチOK。<br>
・フリップはマグネットで留まるスリムなデザイン。<br>
・フリップを背面側に折り返せばマグネットで固定されるので、操作時もスマート。<br>
<br>
そしてクラシカルで優しい雰囲気のデザインは全部で5種類。<br>
「屋根の上で物思いにふけるスヌーピー」、「お手紙を書くチャーリー・ブラウン」、<br>
「雨の中のチャーリー・ブラウンとスヌーピー」、「夜空を見上げるチャーリー・ブラウンとスヌーピーの後ろ姿」、<br>
「ピアノを弾くシュローダー」と、スヌーピー達のキュートな表情、仕草は見ているだけで癒されてしまいますね♪<br>
<br>
PEANUTS好きのお友達へのプレゼントにもおすすめのダイアリーケースです。
</font>
</td>
</tr>
</table>
<br>
<img src=""http://image.rakuten.co.jp/keitai/cabinet/syapage/title_1.gif"" width=""700"" height=""80""><br><br>
<img src=""http://image.rakuten.co.jp/keitai/cabinet/item/276/page02/276-882900img05.jpg"" width=""700"" height=""700""><br><br>
<img src=""http://image.rakuten.co.jp/keitai/cabinet/item/276/page02/276-882900img06.jpg"" width=""700"" height=""700""><br><br>
<img src=""http://image.rakuten.co.jp/keitai/cabinet/item/276/page02/276-882900img07.jpg"" width=""700"" height=""800""><br><br>
<img src=""http://image.rakuten.co.jp/keitai/cabinet/item/276/page02/276-882900img08.jpg"" width=""700"" height=""700""><br><br>
<img src=""http://image.rakuten.co.jp/keitai/cabinet/item/276/page02/276-882900img09.jpg"" width=""700"" height=""700""><br><br>
<img src=""http://image.rakuten.co.jp/keitai/cabinet/syapage/title_9.gif"" width=""700"" height=""80""><br><br>
<img src=""http://image.rakuten.co.jp/keitai/cabinet/item/276/page02/276-882900img10.jpg"" width=""700"" height=""1100""><br><br>
<img src=""http://image.rakuten.co.jp/keitai/cabinet/syapage/title_3.gif"" width=""700"" height=""80""><br><br>
<img src=""http://image.rakuten.co.jp/keitai/cabinet/item/276/page02/276-882900img11.jpg"" width=""700"" height=""1200""><br><br>
<img src=""http://image.rakuten.co.jp/keitai/cabinet/item/276/page02/276-882900img12.jpg"" width=""700"" height=""1200""><br><br>
<img src=""http://image.rakuten.co.jp/keitai/cabinet/item/276/page02/276-882900img13.jpg"" width=""700"" height=""600""><br><br>
<img src=""http://image.rakuten.co.jp/keitai/cabinet/syapage/title_4.gif"" width=""700"" height=""80""><br><br>
<img src=""http://image.rakuten.co.jp/keitai/cabinet/item/276/page02/276-882900img14.jpg"" width=""700"" height=""700""><br><br>
<img src=""http://image.rakuten.co.jp/keitai/cabinet/syapage/title_7.gif"" width=""700"" height=""80""><br><br>
<table border=""0"" width=""700"" height=""350"" cellpadding=""0"" cellspacing=""0""><tbody><tr><td width=""345""><img src=""http://image.rakuten.co.jp/keitai/cabinet/item/276/page02/276-882900img15.jpg"" width=""345"" height=""350""></td><td width=""10""></td><td align=""left"">こちらのパッケージでお届けします。</td><td width=""10""></td></tr></tbody></table><br>
<img src=""http://image.rakuten.co.jp/keitai/cabinet/item/276/page02/276-882900img16.jpg"" width=""700"" height=""433""><br><br>
<table border=""0"" width=""680"" cellpadding=""0"" cellspacing=""0""><tr><td align=""left""><font size=""2"">※クレードル（卓上ホルダなど）を使用して確実に充電するには、本製品を外すことをおすすめします。<br>
※カードや通帳のデータ等が喪失された場合におきましても、当社では一切保証致しかねます。予めご了承ください。<br>
※本製品はマグネットが使用されております。クレジットカードなどの磁気カードを併用すると、 読み取り等ができなくなる恐れがありますので、ご注意ください。<br>
※こちらの商品はデザインや仕様変更になる場合がございますので、予めご了承ください。<br>
※「Wallet」アプリでICカードを登録した状態で、カードポケットに入れたプラスチックのICカード（Suica等）を使用すると、リーダーにて読み込みができない場合があります。プラスチックのICカードを使用する際は、アプリにICカードが登録されていない状態でご使用ください。</font></td></tr></table><br>
<img src=""http://image.rakuten.co.jp/keitai/cabinet/bana/license_2.jpg"" width=""539"" height=""60""><br><br>
<img src=""http://image.rakuten.co.jp/keitai/cabinet/syapage/ip7_wallet.jpg"" width=""700"" height=""433""><br><br>
</center><!-- サイズ表ここから -->
<br><center>
<table width=""700"" cellpadding=""0"" cellspacing=""2"" class=""size_tbl"">
<tr>
<td width=""130""><b>サイズ表</b></td>
<td width=""10""></td>
<td width=""560""></td>
</tr>
<tr>
<td>本体</td>
<td>：</td>
<td>約縦14×横7.2×厚1.1cm</td>
</tr>
<tr>
<td>パッケージ</td>
<td>：</td>
<td>約縦17.4×横10×厚2cm</td>
</tr>
<tr>
<td width=""130""><b>その他仕様</b></td>
<td width=""10""></td>
<td width=""560""></td>
</tr>
<tr>
<td>主素材</td>
<td>：</td>
<td>ポリウレタン</td>
</tr>
<tr>
<td>ストラップ使用</td>
<td>：</td>
<td>可</td>
</tr>
<tr>
<td>セット内容</td>
<td>：</td>
<td>ケース本体</td>
</tr>
</table>
</center>
<!-- サイズ表ここまで --></div>
<!--ガラス--><hr><center><b>▼合わせておすすめ！▼</b></center><a href=""http://item.rakuten.co.jp/ketchupper/276-8764/""><img src=""http://image.rakuten.co.jp/keitai/cabinet/item/276/page02/276-876404img01.jpg"" width=""100%""></a><br><!--/ガラス-->
<hr>＼＼送料込み<font size=""+1"" color=""tomato"">1,080円</font>　コスパ最強手帳型ケース／／<br>
<a href=""https://item.rakuten.co.jp/ketchupper/276-8754/"" target=""_top"">
<img src=""https://image.rakuten.co.jp/ketchupper/cabinet/banner/276-8754_700150.jpg"" width=""700"">
</a><table width=""100%"" border=""0"" cellpadding=""5"" cellspacing=""0"">
<tr align=""center"" valign=""top"">
<td colspan=""3"" align=""center""><font size=""+1"">▼大人気のifaceや手帳型、ハードも！スヌーピーが可愛い▼</font></td>
</tr>
<tr align=""center"" valign=""top"">
<td>
<img src=""http://thumbnail.image.rakuten.co.jp/@0_mall/ketchupper/cabinet/item/3_3/3-866060.jpg"" width=""100%"" border=""0"" >
</td>
<td>
<img src=""http://thumbnail.image.rakuten.co.jp/@0_mall/ketchupper/cabinet/item/3_3/3-866077.jpg"" width=""100%"" border=""0"" >
</td>
<td>
<img src=""http://thumbnail.image.rakuten.co.jp/@0_mall/ketchupper/cabinet/item/3_3/3-866107.jpg"" width=""100%"" border=""0"" >
</td>
</tr>
<tr align=""center"" valign=""top"">
<td>
<img src=""http://thumbnail.image.rakuten.co.jp/@0_mall/ketchupper/cabinet/item/3_3/3-866114.jpg"" width=""100%"" border=""0"" >
</td>
<td>
<img src=""http://thumbnail.image.rakuten.co.jp/@0_mall/ketchupper/cabinet/item/3_3/3-8774.jpg"" width=""100%"" border=""0"" >
</td>
<td>
<img src=""http://thumbnail.image.rakuten.co.jp/@0_mall/ketchupper/cabinet/item/41_4/41-8736.jpg"" width=""100%"" border=""0"" >
</td>
</tr>
<tr align=""center"" valign=""top"">
<td>
<img src=""http://thumbnail.image.rakuten.co.jp/@0_mall/ketchupper/cabinet/item/41_4/41-8737.jpg"" width=""100%"" border=""0"" >
</td>
<td>
<img src=""http://thumbnail.image.rakuten.co.jp/@0_mall/ketchupper/cabinet/item/3_2/3-763246.jpg"" width=""100%"" border=""0"" >
</td>
<td>
<img src=""http://thumbnail.image.rakuten.co.jp/@0_mall/ketchupper/cabinet/item/3_2/3-763291.jpg"" width=""100%"" border=""0"" >
</td>
</tr>
</table>",iPhone7 手帳型 スヌーピー 窓付き 【 iPhone7ケース キャラクター カード収納 ケース ケースかわいい ウッドストック 】：Ketchup,スマホケースiPhoneケース可愛いxperia安いスマホスマホカバーキーホルダーストラップイヤホンスピーカーネットショップhameeハミィイヤホンジャックディズニーかわいい女子ファッション通販iPhone7 手帳型 スヌーピー 窓付き 【 iPhone7ケース キャラクター カード収納 ケース ケースかわいい ウッドストック 】,チャーリーブラウン 携帯ケース iphoneケース PEANUTS。iPhone7 手帳型 スヌーピー 窓付き 【 iPhone7ケース キャラクター カード収納 ケース ケースかわいい ウッドストック 】[rn]
23-92238,http://tshop.r10s.jp/ketchupper/cabinet/item/111_8/111-004736.jpg?fitin=700:700,2315.2000,,スマートフォン・タブレット > スマートフォンアクセサリー > スマートフォンケース,iphone7 iphone 7 ディズニー レザー風オープンケース(スタンディング/ プー ) 携帯ケース,,"<!--ガラス--><br><center><b>▼合わせておすすめ！▼</b></center><br>
<a href=""http://item.rakuten.co.jp/ketchupper/276-8735/""><img src=""http://image.rakuten.co.jp/ketchupper/cabinet/banner/276-873502_700150.jpg"" width=""100%""></a><br><hr>
<!--/ガラス--><div class=""productPage""><center>
<img src=""http://image.rakuten.co.jp/keitai/cabinet/kisetukate/smart/for_ip7.jpg"" width=""700"" height=""85""><br><br>
<img src=""http://image.rakuten.co.jp/keitai/cabinet/item/111/page04/111-004705img01.jpg"" width=""700"" height=""433""><br>
<table border=""0"" width=""700"" cellpadding=""0"" cellspacing=""0""><tr><td align=""right"" class=""itemCopy""><font size=""2"">　</font></td></tr></table><br>
<img src=""http://image.rakuten.co.jp/keitai/cabinet/item/111/page04/111-004705img02.gif"" width=""700"" height=""77""><br><br>
<table border=""0"" width=""680"" cellpadding=""0"" cellspacing=""0"">
<tr>
<td align=""left"">
<font size=""2"">
手にしっかりフィットしてすべりにくい。スリムな軽量設計のレザー風ケース！<br>
・各種操作を妨げない<br>
・軽い<br>
・ポップアップ
</font>
</td>
</tr>
</table>
<br>
<table border=""0"" width=""680"" cellpadding=""0"" cellspacing=""0""><tr><td align=""left""><font size=""2"">※クレードル（卓上ホルダなど）を使用して確実に充電するには、本製品を外すことをおすすめします。<br>
※こちらの商品はデザインや仕様変更になる場合がございますので、予めご了承ください。</font></td></tr></table><br>
<img src=""http://image.rakuten.co.jp/keitai/cabinet/bana/license_2.jpg"" width=""539"" height=""60""><br><br>
</center><!-- サイズ表ここから -->
<br><center>
<table width=""700"" cellpadding=""0"" cellspacing=""2"" class=""size_tbl"">
<tr>
<td width=""130""><b>サイズ表</b></td>
<td width=""10""></td>
<td width=""560""></td>
</tr>
<tr>
<td>本体</td>
<td>：</td>
<td>約縦14.3×横 7.2×厚1.2cm</td>
</tr>
<tr>
<td width=""130""><b>その他仕様</b></td>
<td width=""10""></td>
<td width=""560""></td>
</tr>
<tr>
<td>主素材</td>
<td>：</td>
<td>ポリウレタン、ポリカーボネイト</td>
</tr>
<tr>
<td>セット内容</td>
<td>：</td>
<td>ケース本体</td>
</tr>
</table>
</center>
<!-- サイズ表ここまで --><!-- バリエリンク -->
<center>
<table width=""700"" border=""0"" cellpadding=""1"" cellspacing=""0"">
<tr>
<td colspan=""7"" align=""left"">
<hr style=""border-style:solid; border-color:#000000; border-bottom-width:0px;"">
<font size=""2""><b>▼その他関連商品はこちら</b></font></td>
</tr>
<tr align=""center"" valign=""top"">
<td width=""100""><a target=""_top"" href=""http://item.rakuten.co.jp/ketchupper/111-004705/""> <img src=""http://thumbnail.image.rakuten.co.jp/@0_mall/ketchupper/cabinet/item/111_8/111-004705.jpg?_ex=90x90"" width=""90"" height=""90"" border=""0""><br></a></td>
<td width=""100""><a target=""_top"" href=""http://item.rakuten.co.jp/ketchupper/111-004712/""> <img src=""http://thumbnail.image.rakuten.co.jp/@0_mall/ketchupper/cabinet/item/111_8/111-004712.jpg?_ex=90x90"" width=""90"" height=""90"" border=""0""><br></a></td>
<td width=""100""><a target=""_top"" href=""http://item.rakuten.co.jp/ketchupper/111-004729/""> <img src=""http://thumbnail.image.rakuten.co.jp/@0_mall/ketchupper/cabinet/item/111_8/111-004729.jpg?_ex=90x90"" width=""90"" height=""90"" border=""0""><br></a></td>
<td width=""100""><a target=""_top"" href=""http://item.rakuten.co.jp/ketchupper/111-004736/""> <img src=""http://thumbnail.image.rakuten.co.jp/@0_mall/ketchupper/cabinet/item/111_8/111-004736.jpg?_ex=90x90"" width=""90"" height=""90"" border=""0""><br></a></td>
<td width=""100""></td>
<td width=""100""></td>
<td width=""100""></td>
</tr>
</table>
</center>
<!-- バリエリンク_end --></div><hr>
▼女子のためのオススメスマホケース<br>
<img src=""https://image.rakuten.co.jp/kawaiikan/cabinet/baner/276-858202_700150.jpg"" width=""100%""><br>
<img src=""https://image.rakuten.co.jp/kawaiikan/cabinet/baner/plieribon_700150.jpg"" width=""100%""><br>
<img src=""https://image.rakuten.co.jp/kawaiikan/cabinet/baner/pliekey_700150.jpg"" width=""100%""><br>
<img src=""https://image.rakuten.co.jp/kawaiikan/cabinet/baner/quince_700150.jpg"" width=""100%""><br>
<img src=""https://image.rakuten.co.jp/ketchupper/cabinet/banner/276-881101b_700150.jpg"" width=""100%"">",iphone7 iphone 7 ディズニー レザー風オープンケース(スタンディング/ プー ) 携帯ケース：Ketchup,スマホケースiPhoneケース可愛いxperia安いスマホスマホカバーキーホルダーストラップイヤホンスピーカーネットショップhameeハミィイヤホンジャックディズニーかわいい女子ファッション通販iphone7 iphone 7 ディズニー レザー風オープンケース(スタンディング/ プー ) 携帯ケース,iphone7 iphone 7 ディズニー レザー風オープンケース(スタンディング/ プー ) 携帯ケース[rn]
23-92239,http://tshop.r10s.jp/ketchupper/cabinet/item/111_9/111-005.jpg?fitin=700:700,2660.8000,,スマートフォン・タブレット > スマートフォンアクセサリー > スマートフォンケース,iphone7plus iphone 7plus ディズニー 手帳型 ケース 携帯ケース,,"<div class=""productPage""><center>
<img src=""http://image.rakuten.co.jp/keitai/cabinet/kisetukate/smart/for_ip7plus.jpg"" width=""700"" height=""85""><br><br>
<img src=""http://image.rakuten.co.jp/keitai/cabinet/item/111/page04/111-005498img01.jpg"" width=""700"" height=""433""><br>
<table border=""0"" width=""700"" cellpadding=""0"" cellspacing=""0""><tr><td align=""right"" class=""itemCopy""><font size=""2"">(C)Disney<br>(C)Disney. Based on the Winnie the Pooh works by A.A. Milne and E.H. Shepard.</font></td></tr></table><br>
<img src=""http://image.rakuten.co.jp/keitai/cabinet/item/111/page04/111-005498img02.gif"" width=""700"" height=""77""><br><br>
<table border=""0"" width=""680"" cellpadding=""0"" cellspacing=""0"">
<tr>
<td align=""left"">
<font size=""2"">
今にも飛び出してきそうなぷくっと立体的にデザインされたキュートなキャラクター！<br>
柔らかく、光沢を抑えたPUレザーが大人可愛い手帳型ケースは機能性も抜群です。<br>
<br>
・通勤、通学に便利なICカードポケット付き<br>
・ストラップホール付き
</font>
</td>
</tr>
</table>
<br>
<table border=""0"" width=""680"" cellpadding=""0"" cellspacing=""0""><tr><td align=""left""><font size=""2"">※クレードル（卓上ホルダなど）を使用して確実に充電するには、本製品を外すことをおすすめします。<br>
※こちらの商品はデザインや仕様変更になる場合がございますので、予めご了承ください。</font></td></tr></table><br>
<img src=""http://image.rakuten.co.jp/keitai/cabinet/bana/license_2.jpg"" width=""539"" height=""60""><br><br>
</center><!-- サイズ表ここから -->
<br><center>
<table width=""700"" cellpadding=""0"" cellspacing=""2"" class=""size_tbl"">
<tr>
<td width=""130""><b>その他仕様</b></td>
<td width=""10""></td>
<td width=""560""></td>
</tr>
<tr>
<td>主素材</td>
<td>：</td>
<td>ポリウレタン素材、ポリカーボネイト素材</td>
</tr>
<tr>
<td>対応機種</td>
<td>：</td>
<td>iPhone7 Plus (5.5inch)</td>
</tr>
<tr>
<td>ストラップ使用</td>
<td>：</td>
<td>可</td>
</tr>
</table>
</center>
<!-- サイズ表ここまで --><!-- バリエリンク -->
<center>
<table width=""700"" border=""0"" cellpadding=""1"" cellspacing=""0"">
<tr>
<td colspan=""7"" align=""left"">
<hr style=""border-style:solid; border-color:#000000; border-bottom-width:0px;"">
<font size=""2""><b>▼その他関連商品はこちら</b></font></td>
</tr>
<tr align=""center"" valign=""top"">
<td width=""100""><a target=""_top"" href=""http://item.rakuten.co.jp/ketchupper/111-005/""> <img src=""http://thumbnail.image.rakuten.co.jp/@0_mall/ketchupper/cabinet/item/111_9/111-005.jpg?_ex=90x90"" width=""90"" height=""90"" border=""0""><br></a></td>
<td width=""100""><a target=""_top"" href=""http://item.rakuten.co.jp/ketchupper/41-8777/""> <img src=""http://thumbnail.image.rakuten.co.jp/@0_mall/ketchupper/cabinet/item/41_4/41-8777.jpg?_ex=90x90"" width=""90"" height=""90"" border=""0""><br></a></td>
<td width=""100""><a target=""_top"" href=""http://item.rakuten.co.jp/ketchupper/41-87/""> <img src=""http://thumbnail.image.rakuten.co.jp/@0_mall/ketchupper/cabinet/item/41_3/41-87.jpg?_ex=90x90"" width=""90"" height=""90"" border=""0""><br></a></td>
<td width=""100""><a target=""_top"" href=""http://item.rakuten.co.jp/ketchupper/3-8760/""> <img src=""http://thumbnail.image.rakuten.co.jp/@0_mall/ketchupper/cabinet/item/3_3/3-8760.jpg?_ex=90x90"" width=""90"" height=""90"" border=""0""><br></a></td>
<td width=""100""><a target=""_top"" href=""http://item.rakuten.co.jp/ketchupper/276-8796/""> <img src=""http://thumbnail.image.rakuten.co.jp/@0_mall/ketchupper/cabinet/item/276/276-8796.jpg?_ex=90x90"" width=""90"" height=""90"" border=""0""><br></a></td>
<td width=""100""><a target=""_top"" href=""http://item.rakuten.co.jp/ketchupper/3-8759/""> <img src=""http://thumbnail.image.rakuten.co.jp/@0_mall/ketchupper/cabinet/item/3_3/3-8759.jpg?_ex=90x90"" width=""90"" height=""90"" border=""0""><br></a></td>
<td width=""100""></td>
</tr>
</table>
</center>
<!-- バリエリンク_end --></div><!--ガラス--><hr><center><b>▼合わせておすすめ！▼</b></center><a href=""http://item.rakuten.co.jp/ketchupper/151-4558/""><img src=""http://image.rakuten.co.jp/keitai/cabinet/item/151/page01/151-455800img01.jpg"" width=""100%""></a><br><!--/ガラス-->",iphone7plus iphone 7plus ディズニー 手帳型 ケース 携帯ケース：Ketchup,スマホケースiPhoneケース可愛いxperia安いスマホスマホカバーキーホルダーストラップイヤホンスピーカーネットショップhameeハミィイヤホンジャックディズニーかわいい女子ファッション通販iphone7plus iphone 7plus ディズニー 手帳型 ケース 携帯ケース,iphone7plus iphone 7plus ディズニー 手帳型 ケース 携帯ケース[rn]
23-92240,http://tshop.r10s.jp/ketchupper/cabinet/item/111_7/111-958.jpg?fitin=700:700,3006.4000,,スマートフォン・タブレット > スマートフォンアクセサリー > スマートフォンケース,Xperia Z3 ディズニー・ポップアップ・ブックカバーレザー風ジャケット(合皮)【 XperiaZ3 SO-01G SOL26 401SO スマホケース ディズニー  携帯ケース 】,送料無料,"<div class=""productPage""><center>

<img src=""http://image.rakuten.co.jp/keitai/cabinet/kisetukate/smart/for_so01g.jpg"" width=""700"" height=""85""><br><br>
<img src=""http://image.rakuten.co.jp/keitai/cabinet/item/111/page02/111-958610img01.jpg"" width=""700"" height=""433""><br>
<table border=""0"" width=""700"" cellpadding=""0"" cellspacing=""0""><tr><td align=""right"" class=""itemCopy""><font size=""2"">(C)DISNEY<br>(C)Disney/Pixar<br>(C)Disney. Based on the/Winnie the Pooh/works by A.A. Milne and E.H.Shepard.</font></td></tr></table><br>
<img src=""http://image.rakuten.co.jp/keitai/cabinet/item/111/page02/111-958610img02.gif"" width=""700"" height=""77""><br><br>
<table border=""0"" width=""680"" cellpadding=""0"" cellspacing=""0"">
<tr>
<td align=""left"">
<font size=""2"">
ディズニー・キャラクターのポップアップ・ブックカバータイプ・レザー風ジャケットがレイ･アウトから登場です。<br>
ディズニーのオールスター達が浮き出るユニークな質感にご注目ください。<br>
デザインに加え蓋で画面もフルに保護することが可能です！<br>
<br>
・ブックカバータイプ・レザー(合皮)<br>
・ポップアップデザインのディズニーキャラクター<br>
・純正卓上ホルダ対応（専用アタッチメントDK45Aをご使用ください。）
</font>
</td>
</tr>
</table>
<br>
<img src=""http://image.rakuten.co.jp/keitai/cabinet/syapage/title_1.gif"" width=""700"" height=""80""><br><br>
<img src=""http://image.rakuten.co.jp/keitai/cabinet/item/111/page02/111-958610img03.jpg"" width=""700"" height=""433""><br><br>
<img src=""http://image.rakuten.co.jp/keitai/cabinet/item/111/page02/111-958610img04.jpg"" width=""700"" height=""433""><br><br>
<img src=""http://image.rakuten.co.jp/keitai/cabinet/syapage/title_4.gif"" width=""700"" height=""80""><br><br>
<img src=""http://image.rakuten.co.jp/keitai/cabinet/item/111/page02/111-958610img05.jpg"" width=""700"" height=""700""><br><br>
<img src=""http://image.rakuten.co.jp/keitai/cabinet/syapage/title_7.gif"" width=""700"" height=""80""><br><br>
<table border=""0"" width=""700"" height=""350"" cellpadding=""0"" cellspacing=""0""><tbody><tr><td width=""345""><img src=""http://image.rakuten.co.jp/keitai/cabinet/item/111/page02/111-958610img06.jpg"" width=""345"" height=""350""></td><td width=""10""></td><td align=""left"">こちらのパッケージでお届けします。</td><td width=""10""></td></tr></tbody></table><br>
<img src=""http://image.rakuten.co.jp/keitai/cabinet/bana/license_2.jpg"" width=""539"" height=""60""><br><br>
</center><!-- サイズ表ここから -->
<br><center>
<table width=""700"" cellpadding=""0"" cellspacing=""2"">
<tr>
<td colspan=""3"" height=""20"" align=""left"" valign=""top"">
<font size=""2""><b>その他仕様</b></font>
</td>
</tr>
<tr>
<td width=""130"" align=""left"" valign=""top""><font size=""2"">主素材</font></td>
<td align=""right"" valign=""top"" width=""10"">：</td>
<td align=""left"" valign=""top"" width=""560""><font size=""2"">ポリウレタン、ポリカーボネート</font></td>
</tr>
<tr>
<td width=""130"" align=""left"" valign=""top""><font size=""2"">セット内容</font></td>
<td align=""right"" valign=""top"" width=""10"">：</td>
<td align=""left"" valign=""top"" width=""560""><font size=""2"">ケース本体</font></td>
</tr>
</table>
</center>
<!-- サイズ表ここまで --><!-- バリエリンク -->
<center>
<table width=""700"" border=""0"" cellpadding=""1"" cellspacing=""0"">
<tr>
<td colspan=""7"" align=""left"">
<hr style=""border-style:solid; border-color:#000000; border-bottom-width:0px;"">
<font size=""2""><b>▼その他関連商品はこちら</b></font></td>
</tr>
<tr align=""center"" valign=""top"">
<td width=""100""><a target=""_top"" href=""http://item.rakuten.co.jp/ketchupper/111-958/""> <img src=""http://thumbnail.image.rakuten.co.jp/@0_mall/ketchupper/cabinet/item/111_7/111-958.jpg?_ex=90x90"" width=""90"" height=""90"" border=""0""><br></a></td>
<td width=""100""><a target=""_top"" href=""http://item.rakuten.co.jp/ketchupper/111-9584/""> <img src=""http://thumbnail.image.rakuten.co.jp/@0_mall/ketchupper/cabinet/item/111_7/111-9584.jpg?_ex=90x90"" width=""90"" height=""90"" border=""0""><br></a></td>
<td width=""100""><a target=""_top"" href=""http://item.rakuten.co.jp/ketchupper/111-958542/""> <img src=""http://thumbnail.image.rakuten.co.jp/@0_mall/ketchupper/cabinet/item/111_7/111-958542.jpg?_ex=90x90"" width=""90"" height=""90"" border=""0""><br></a></td>
<td width=""100""><a target=""_top"" href=""http://item.rakuten.co.jp/ketchupper/111-958559/""> <img src=""http://thumbnail.image.rakuten.co.jp/@0_mall/ketchupper/cabinet/item/111_7/111-958559.jpg?_ex=90x90"" width=""90"" height=""90"" border=""0""><br></a></td>
<td width=""100""><a target=""_top"" href=""http://item.rakuten.co.jp/ketchupper/111-958580/""> <img src=""http://thumbnail.image.rakuten.co.jp/@0_mall/ketchupper/cabinet/item/111_7/111-958580.jpg?_ex=90x90"" width=""90"" height=""90"" border=""0""><br></a></td>
<td width=""100""><a target=""_top"" href=""http://item.rakuten.co.jp/ketchupper/111-958597/""> <img src=""http://thumbnail.image.rakuten.co.jp/@0_mall/ketchupper/cabinet/item/111_7/111-958597.jpg?_ex=90x90"" width=""90"" height=""90"" border=""0""><br></a></td>
<td width=""100""><a target=""_top"" href=""http://item.rakuten.co.jp/ketchupper/111-958603/""> <img src=""http://thumbnail.image.rakuten.co.jp/@0_mall/ketchupper/cabinet/item/111_7/111-958603.jpg?_ex=90x90"" width=""90"" height=""90"" border=""0""><br></a></td>
</tr>
</table>
</center>
<!-- バリエリンク_end --></div><!--キャラ別レコメンド-->
<table width=""100%"">
<tr><td><a href=""http://item.rakuten.co.jp/ketchupper/276-8247/""><img src=""http://image.rakuten.co.jp/ketchupper/cabinet/item/276/page01/276-8247img01.jpg"" width=""100%""></a></td>
<td><a href=""http://item.rakuten.co.jp/ketchupper/41-8620/""><img src=""http://image.rakuten.co.jp/keitai/cabinet/item/41/page02/41-862001img01.jpg"" width=""100%""></a></td>
<td><a href=""http://item.rakuten.co.jp/ketchupper/276-8493/""><img src=""http://image.rakuten.co.jp/ketchupper/cabinet/item/276/page01/276-8493img01.jpg"" width=""100%""></a></td></tr>
</table>
<!--キャラ別レコメンド--><table cellpadding=""5px"" width=""350"">
<tr>
<td colspan=""2"" align=""center"">
 <img src=""http://image.rakuten.co.jp/ketchupper/cabinet/banner/catedisney_700150.jpg"" width=""320""><br><font size=""-1"">▲ディズニーグッズはこちら▲</font>
 </td>
</tr>
<tr>
<td colspan=""2"" align=""center"">
<img src=""http://thumbnail.image.rakuten.co.jp/@0_mall/keitai/cabinet/banner3/41-86_700150.jpg"" width=""320""><br><font size=""-1"">▲大人気ifaceもディズニーキャラ▲</font>
</td>
</tr>
<tr>
<td colspan=""2"" align=""center"">
<img src=""http://thumbnail.image.rakuten.co.jp/@0_mall/keitai/cabinet/banner2/19-802908_700150.jpg"" width=""320""><br><font size=""-1"">▲大人気ifaceもディズニーキャラ▲</font>
</td>
</tr>
<tr>
<td align=""center"">
 <img src=""http://image.rakuten.co.jp/ketchupper/cabinet/item/276/page01/276-8522img01.jpg"" width=""150""><br><font size=""-1"">▲モバイル充電器▲</font>
 </td>
 <td align=""center"">
 <img src=""http://image.rakuten.co.jp/keitai/cabinet/item/276/page01/276-866801img01.jpg"" width=""150""><br><font size=""-1"">▲プリンセス▲</font>
 </td>
</tr>
<tr>
<td align=""center"">
 <img src=""http://image.rakuten.co.jp/ketchupper/cabinet/item/19/page01/19-8606img01.jpg"" width=""150""><br><font size=""-1"">▲セルカ棒▲</font>
 </td>
 <td align=""center"">
 <img src=""http://image.rakuten.co.jp/ketchupper/cabinet/item/19/page01/19-8545img01.jpg"" width=""150""><br><font size=""-1"">▲セルカレンズ▲</font>
 </td>
</tr>
</table>
<table cellpadding=""5"" width=""350"">
<tr>
<td colspan=""4"" align=""center"">
<img src=""http://thumbnail.image.rakuten.co.jp/@0_mall/keitai/cabinet/banner3/imgrc0064561913.jpg"" width=""320"">
</td>
</tr>
<tr>
<td>
<img src=""http://thumbnail.image.rakuten.co.jp/@0_mall/keitai/cabinet/item/276/276-8247s.jpg"" width=""70"">
</td>
<td>
<img src=""http://thumbnail.image.rakuten.co.jp/@0_mall/keitai/cabinet/item/276/276-847602.jpg"" width=""70"">
</td>
<td>
<img src=""http://thumbnail.image.rakuten.co.jp/@0_mall/keitai/cabinet/item/19/19-75_a.jpg"" width=""70"">
</td>
<td>
<img src=""http://thumbnail.image.rakuten.co.jp/@0_mall/keitai/cabinet/item/19/19-8067_a.jpg"" width=""70"">
</td>
</tr>
<tr>
<td colspan=""4"" align=""center"">
<img src=""http://thumbnail.image.rakuten.co.jp/@0_mall/keitai/cabinet/item/19/page01/19-807309img41.jpg"" width=""320"">
</td>
</tr>
</table>",Xperia Z3 ディズニー・ポップアップ・ブックカバーレザー風ジャケット(合皮)【 XperiaZ3 SO-01G SOL26 401SO スマホケース ディズニー  携帯ケース 】：Ketchup,スマホケースiPhoneケース可愛いxperia安いスマホスマホカバーキーホルダーストラップイヤホンスピーカーネットショップhameeハミィイヤホンジャックディズニーかわいい女子ファッション通販Xperia Z3 ディズニー・ポップアップ・ブックカバーレザー風ジャケット(合皮)【 XperiaZ3 SO-01G SOL26 401SO スマホケース ディズニー  携帯ケース 】,送料無料 。Xperia Z3 ディズニー・ポップアップ・ブックカバーレザー風ジャケット(合皮)【 XperiaZ3 SO-01G SOL26 401SO スマホケース ディズニー  携帯ケース 】[rn]
23-92241,http://tshop.r10s.jp/ketchupper/cabinet/item/111_8/111-9763.jpg?fitin=700:700,3265.6000,,スマートフォン・タブレット > スマートフォンアクセサリー > スマートフォンケース,AQUOS EVER SH-04G ディズニー ポップアップ レザー風 ケース 【 スマホケース 携帯ケース ディズニー 】,送料無料,"<div class=""productPage""><center>
<img src=""http://image.rakuten.co.jp/keitai/cabinet/kisetukate/smart/for_sh04g.jpg"" width=""700"" height=""85""><br><br>
<img src=""http://image.rakuten.co.jp/keitai/cabinet/item/111/page03/111-976355img01.jpg"" width=""700"" height=""433""><br>
<table border=""0"" width=""700"" cellpadding=""0"" cellspacing=""0""><tr><td align=""right"" class=""itemCopy""><font size=""2"">(C)Disney<br>(C)Disney. Based on the Winnie the Pooh works by A.A. Milne and E.H. Shepard.</font></td></tr></table><br>
<img src=""http://image.rakuten.co.jp/keitai/cabinet/item/111/page03/111-976355img02.gif"" width=""700"" height=""77""><br><br>
<table border=""0"" width=""680"" cellpadding=""0"" cellspacing=""0"">
<tr>
<td align=""left"">
<font size=""2"">
レイ･アウトからdocomo AQUOS EVER SH-04G専用、ディズニー・キャラクターのポップアップ・ブックレザー風ケースが登場です。<br>
「ミッキー」「ミニー」「ドナルド」「プー」が飛び出るユニークな質感にご注目ください。<br>
デザインに加え蓋で画面もフルに保護することが可能です！<br>
<br>
・ブックカバータイプ・レザー風素材(合皮)<br>
・ポップアップ<br>
・カードポケット付き<br>
・スタンド機能付き<br>
<br>
本体にピッタリサイズのレザー風ケース。<br>
ケースをつけたまま各種スイッチにアクセスが可能で機能を損ないません。
</font>
</td>
</tr>
</table>
<br>
<img src=""http://image.rakuten.co.jp/keitai/cabinet/syapage/title_1.gif"" width=""700"" height=""80""><br><br>
<img src=""http://image.rakuten.co.jp/keitai/cabinet/item/111/page03/111-976355img03.jpg"" width=""700"" height=""433""><br><br>
<img src=""http://image.rakuten.co.jp/keitai/cabinet/item/111/page03/111-976355img04.jpg"" width=""700"" height=""433""><br><br>
<img src=""http://image.rakuten.co.jp/keitai/cabinet/syapage/title_4.gif"" width=""700"" height=""80""><br><br>
<img src=""http://image.rakuten.co.jp/keitai/cabinet/item/111/page03/111-976355img05.jpg"" width=""700"" height=""250""><br><br>
<img src=""http://image.rakuten.co.jp/keitai/cabinet/syapage/title_7.gif"" width=""700"" height=""80""><br><br>
<table border=""0"" width=""700"" height=""350"" cellpadding=""0"" cellspacing=""0""><tbody><tr><td width=""345""><img src=""http://image.rakuten.co.jp/keitai/cabinet/item/111/page03/111-976355img06.jpg"" width=""345"" height=""350""></td><td width=""10""></td><td align=""left"">こちらのパッケージでお届けします。</td><td width=""10""></td></tr></tbody></table><br>
<table border=""0"" width=""680"" cellpadding=""0"" cellspacing=""0""><tr><td align=""left""><font size=""2"">※クレードル（卓上ホルダなど）を使用して確実に充電するには、本製品を外すことをおすすめします。</font></td></tr></table><br>
<img src=""http://image.rakuten.co.jp/keitai/cabinet/bana/license_2.jpg"" width=""539"" height=""60""><br><br>
</center><!-- サイズ表ここから -->
<br><center>
<table width=""700"" cellpadding=""0"" cellspacing=""2"" class=""size_tbl"">
<tr>
<td width=""130""><b>サイズ表</b></td>
<td width=""10""></td>
<td width=""560""></td>
</tr>
<tr>
<td>ケース本体</td>
<td>：</td>
<td>約縦13.5×横7.7×厚1.7cm</td>
</tr>
<tr>
<td width=""130""><b>その他仕様</b></td>
<td width=""10""></td>
<td width=""560""></td>
</tr>
<tr>
<td>主素材</td>
<td>：</td>
<td>ポリウレタン、ポリカーボネイト</td>
</tr>
<tr>
<td>セット内容</td>
<td>：</td>
<td>ケース本体</td>
</tr>
</table>
</center>
<!-- サイズ表ここまで --><!-- バリエリンク -->
<center>
<table width=""700"" border=""0"" cellpadding=""1"" cellspacing=""0"">
<tr>
<td colspan=""7"" align=""left"">
<hr style=""border-style:solid; border-color:#000000; border-bottom-width:0px;"">
<font size=""2""><b>▼その他関連商品はこちら</b></font></td>
</tr>
<tr align=""center"" valign=""top"">
<td width=""100""><a target=""_top"" href=""http://item.rakuten.co.jp/ketchupper/111-9762/""> <img src=""http://thumbnail.image.rakuten.co.jp/@0_mall/ketchupper/cabinet/item/111_8/111-9762.jpg?_ex=90x90"" width=""90"" height=""90"" border=""0""><br></a></td>
<td width=""100""><a target=""_top"" href=""http://item.rakuten.co.jp/ketchupper/111-9763/""> <img src=""http://thumbnail.image.rakuten.co.jp/@0_mall/ketchupper/cabinet/item/111_8/111-9763.jpg?_ex=90x90"" width=""90"" height=""90"" border=""0""><br></a></td>
<td width=""100""><a target=""_top"" href=""http://item.rakuten.co.jp/ketchupper/111-976034/""> <img src=""http://thumbnail.image.rakuten.co.jp/@0_mall/ketchupper/cabinet/item/111_8/111-976034.jpg?_ex=90x90"" width=""90"" height=""90"" border=""0""><br></a></td>
<td width=""100""><a target=""_top"" href=""http://item.rakuten.co.jp/ketchupper/111-976058/""> <img src=""http://thumbnail.image.rakuten.co.jp/@0_mall/ketchupper/cabinet/item/111_8/111-976058.jpg?_ex=90x90"" width=""90"" height=""90"" border=""0""><br></a></td>
<td width=""100""><a target=""_top"" href=""http://item.rakuten.co.jp/ketchupper/111-976065/""> <img src=""http://thumbnail.image.rakuten.co.jp/@0_mall/ketchupper/cabinet/item/111_8/111-976065.jpg?_ex=90x90"" width=""90"" height=""90"" border=""0""><br></a></td>
<td width=""100""><a target=""_top"" href=""http://item.rakuten.co.jp/ketchupper/111-976287/""> <img src=""http://thumbnail.image.rakuten.co.jp/@0_mall/ketchupper/cabinet/item/111_8/111-976287.jpg?_ex=90x90"" width=""90"" height=""90"" border=""0""><br></a></td>
<td width=""100""><a target=""_top"" href=""http://item.rakuten.co.jp/ketchupper/111-976300/""> <img src=""http://thumbnail.image.rakuten.co.jp/@0_mall/ketchupper/cabinet/item/111_8/111-976300.jpg?_ex=90x90"" width=""90"" height=""90"" border=""0""><br></a></td>
</tr>
</table>
</center>
<!-- バリエリンク_end --></div><!--キャラ別レコメンド-->
<table width=""100%"">
<tr><td><a href=""http://item.rakuten.co.jp/ketchupper/276-8247/""><img src=""http://image.rakuten.co.jp/ketchupper/cabinet/item/276/page01/276-8247img01.jpg"" width=""100%""></a></td>
<td><a href=""http://item.rakuten.co.jp/ketchupper/41-8620/""><img src=""http://image.rakuten.co.jp/keitai/cabinet/item/41/page02/41-862001img01.jpg"" width=""100%""></a></td>
<td><a href=""http://item.rakuten.co.jp/ketchupper/276-8493/""><img src=""http://image.rakuten.co.jp/ketchupper/cabinet/item/276/page01/276-8493img01.jpg"" width=""100%""></a></td></tr>
</table>
<!--キャラ別レコメンド--><table cellpadding=""5px"" width=""350"">
<tr>
<td colspan=""2"" align=""center"">
 <img src=""http://image.rakuten.co.jp/ketchupper/cabinet/banner/catedisney_700150.jpg"" width=""320""><br><font size=""-1"">▲ディズニーグッズはこちら▲</font>
 </td>
</tr>
<tr>
<td colspan=""2"" align=""center"">
<img src=""http://thumbnail.image.rakuten.co.jp/@0_mall/keitai/cabinet/banner3/41-86_700150.jpg"" width=""320""><br><font size=""-1"">▲大人気ifaceもディズニーキャラ▲</font>
</td>
</tr>
<tr>
<td colspan=""2"" align=""center"">
<img src=""http://thumbnail.image.rakuten.co.jp/@0_mall/keitai/cabinet/banner2/19-802908_700150.jpg"" width=""320""><br><font size=""-1"">▲大人気ifaceもディズニーキャラ▲</font>
</td>
</tr>
<tr>
<td align=""center"">
 <img src=""http://image.rakuten.co.jp/ketchupper/cabinet/item/276/page01/276-8522img01.jpg"" width=""150""><br><font size=""-1"">▲モバイル充電器▲</font>
 </td>
 <td align=""center"">
 <img src=""http://image.rakuten.co.jp/keitai/cabinet/item/276/page01/276-866801img01.jpg"" width=""150""><br><font size=""-1"">▲プリンセス▲</font>
 </td>
</tr>
<tr>
<td align=""center"">
 <img src=""http://image.rakuten.co.jp/ketchupper/cabinet/item/19/page01/19-8606img01.jpg"" width=""150""><br><font size=""-1"">▲セルカ棒▲</font>
 </td>
 <td align=""center"">
 <img src=""http://image.rakuten.co.jp/ketchupper/cabinet/item/19/page01/19-8545img01.jpg"" width=""150""><br><font size=""-1"">▲セルカレンズ▲</font>
 </td>
</tr>
</table>
<table cellpadding=""5"" width=""350"">
<tr>
<td colspan=""4"" align=""center"">
<img src=""http://thumbnail.image.rakuten.co.jp/@0_mall/keitai/cabinet/banner3/imgrc0064561913.jpg"" width=""320"">
</td>
</tr>
<tr>
<td>
<img src=""http://thumbnail.image.rakuten.co.jp/@0_mall/keitai/cabinet/item/276/276-8247s.jpg"" width=""70"">
</td>
<td>
<img src=""http://thumbnail.image.rakuten.co.jp/@0_mall/keitai/cabinet/item/276/276-847602.jpg"" width=""70"">
</td>
<td>
<img src=""http://thumbnail.image.rakuten.co.jp/@0_mall/keitai/cabinet/item/19/19-75_a.jpg"" width=""70"">
</td>
<td>
<img src=""http://thumbnail.image.rakuten.co.jp/@0_mall/keitai/cabinet/item/19/19-8067_a.jpg"" width=""70"">
</td>
</tr>
<tr>
<td colspan=""4"" align=""center"">
<img src=""http://thumbnail.image.rakuten.co.jp/@0_mall/keitai/cabinet/item/19/page01/19-807309img41.jpg"" width=""320"">
</td>
</tr>
</table>",AQUOS EVER SH-04G ディズニー ポップアップ レザー風 ケース 【 スマホケース 携帯ケース ディズニー 】：Ketchup,スマホケースiPhoneケース可愛いxperia安いスマホスマホカバーキーホルダーストラップイヤホンスピーカーネットショップhameeハミィイヤホンジャックディズニーかわいい女子ファッション通販AQUOS EVER SH-04G ディズニー ポップアップ レザー風 ケース 【 スマホケース 携帯ケース ディズニー 】,送料無料 。AQUOS EVER SH-04G ディズニー ポップアップ レザー風 ケース 【 スマホケース 携帯ケース ディズニー 】[rn]
23-92242,http://tshop.r10s.jp/ketchupper/cabinet/item/111_8/111-99.jpg?fitin=700:700,3438.4000,,スマートフォン・タブレット > スマートフォンアクセサリー > スマートフォンケース,[Xperia Z5(docomo SO-01H/au SOV32/SoftBank 501SO)専用]ディズニーポップアップブックレザー風ケース【RCP】,送料無料,"<div class=""productPage""><center>
<img src=""http://image.rakuten.co.jp/keitai/cabinet/kisetukate/smart/for_so01h.jpg"" width=""700"" height=""85""><br><br>
<img src=""http://image.rakuten.co.jp/keitai/cabinet/item/111/page03/111-992041img01.jpg"" width=""700"" height=""433""><br>
<table border=""0"" width=""700"" cellpadding=""0"" cellspacing=""0""><tr><td align=""right"" class=""itemCopy""><font size=""2"">(C)Disney<br>(C)Disney. Based on the Winnie the Pooh works by A.A. Milne and E.H. Shepard.</font></td></tr></table><br>
<img src=""http://image.rakuten.co.jp/keitai/cabinet/item/111/page03/111-992041img02.gif"" width=""700"" height=""77""><br><br>
<table border=""0"" width=""680"" cellpadding=""0"" cellspacing=""0"">
<tr>
<td align=""left"">
<font size=""2"">
レイ・アウトからXperia Z5専用ケースが登場！<br>
<br>
ディズニーキャラクターのポップアップ・ブックレザー風ケースの登場です。<br>
ディズニーの人気キャラクター達が飛び出るユニークな質感にご注目ください。<br>
デザインに加え蓋で画面もフルに保護することが可能です！<br>
<br>
・スタンド機能付き<br>
・ICカードポケット付き<br>
・各種操作を妨げない<br>
・キャラクターがポップアップ<br>
・指紋認証対応<br>
<br>
手触り良い質感のレザーにキャラクター等を立体的に表現！<br>
好きなキャラクターといつも一緒にいられて楽しくなるケース。
</font>
</td>
</tr>
</table>
<br>
<img src=""http://image.rakuten.co.jp/keitai/cabinet/syapage/title_1.gif"" width=""700"" height=""80""><br><br>
<img src=""http://image.rakuten.co.jp/keitai/cabinet/item/111/page03/111-992041img03.jpg"" width=""700"" height=""433""><br><br>
<img src=""http://image.rakuten.co.jp/keitai/cabinet/item/111/page03/111-992041img04.jpg"" width=""700"" height=""433""><br><br>
<img src=""http://image.rakuten.co.jp/keitai/cabinet/syapage/title_4.gif"" width=""700"" height=""80""><br><br>
<img src=""http://image.rakuten.co.jp/keitai/cabinet/item/111/page03/111-992041img05.jpg"" width=""700"" height=""500""><br><br>
<img src=""http://image.rakuten.co.jp/keitai/cabinet/syapage/title_7.gif"" width=""700"" height=""80""><br><br>
<table border=""0"" width=""700"" height=""350"" cellpadding=""0"" cellspacing=""0""><tbody><tr><td width=""345""><img src=""http://image.rakuten.co.jp/keitai/cabinet/item/111/page03/111-992041img06.jpg"" width=""345"" height=""350""></td><td width=""10""></td><td align=""left"">こちらのパッケージでお届けします。</td><td width=""10""></td></tr></tbody></table><br>
<table border=""0"" width=""680"" cellpadding=""0"" cellspacing=""0""><tr><td align=""left""><font size=""2"">※クレードル（卓上ホルダなど）を使用して確実に充電するには、本製品を外すことをおすすめします。</font></td></tr></table><br>
<img src=""http://image.rakuten.co.jp/keitai/cabinet/bana/license_2.jpg"" width=""539"" height=""60""><br><br>
</center><!-- サイズ表ここから -->
<br><center>
<table width=""700"" cellpadding=""0"" cellspacing=""2"" class=""size_tbl"">
<tr>
<td width=""130""><b>サイズ表</b></td>
<td width=""10""></td>
<td width=""560""></td>
</tr>
<tr>
<td>ケース本体</td>
<td>：</td>
<td>約縦15.3×横8.1×厚1.4cm</td>
</tr>
<tr>
<td width=""130""><b>その他仕様</b></td>
<td width=""10""></td>
<td width=""560""></td>
</tr>
<tr>
<td>主素材</td>
<td>：</td>
<td>ポリウレタン、ポリカーボネイト</td>
</tr>
<tr>
<td>セット内容</td>
<td>：</td>
<td>ケース本体</td>
</tr>
</table>
</center>
<!-- サイズ表ここまで --><!-- バリエリンク -->
<center>
<table width=""700"" border=""0"" cellpadding=""1"" cellspacing=""0"">
<tr>
<td colspan=""7"" align=""left"">
<hr style=""border-style:solid; border-color:#000000; border-bottom-width:0px;"">
<font size=""2""><b>▼その他関連商品はこちら</b></font></td>
</tr>
<tr align=""center"" valign=""top"">
<td width=""100""><a target=""_top"" href=""http://item.rakuten.co.jp/ketchupper/111-991990/""> <img src=""http://thumbnail.image.rakuten.co.jp/@0_mall/ketchupper/cabinet/item/111_8/111-991990.jpg?_ex=90x90"" width=""90"" height=""90"" border=""0""><br></a></td>
<td width=""100""><a target=""_top"" href=""http://item.rakuten.co.jp/ketchupper/111-992003/""> <img src=""http://thumbnail.image.rakuten.co.jp/@0_mall/ketchupper/cabinet/item/111_8/111-992003.jpg?_ex=90x90"" width=""90"" height=""90"" border=""0""><br></a></td>
<td width=""100""><a target=""_top"" href=""http://item.rakuten.co.jp/ketchupper/111-991/""> <img src=""http://thumbnail.image.rakuten.co.jp/@0_mall/ketchupper/cabinet/item/111_8/111-991.jpg?_ex=90x90"" width=""90"" height=""90"" border=""0""><br></a></td>
<td width=""100""><a target=""_top"" href=""http://item.rakuten.co.jp/ketchupper/111-9920/""> <img src=""http://thumbnail.image.rakuten.co.jp/@0_mall/ketchupper/cabinet/item/111_8/111-9920.jpg?_ex=90x90"" width=""90"" height=""90"" border=""0""><br></a></td>
<td width=""100""><a target=""_top"" href=""http://item.rakuten.co.jp/ketchupper/276-851/""> <img src=""http://thumbnail.image.rakuten.co.jp/@0_mall/ketchupper/cabinet/item/276/276-851.jpg?_ex=90x90"" width=""90"" height=""90"" border=""0""><br></a></td>
<td width=""100""></td>
<td width=""100""></td>
</tr>
</table>
</center>
<!-- バリエリンク_end --></div><table cellpadding=""5px"" width=""350"">
<tr>
<td colspan=""2"" align=""center"">
 <img src=""http://image.rakuten.co.jp/ketchupper/cabinet/banner/catedisney_700150.jpg"" width=""320""><br><font size=""-1"">▲ディズニーグッズはこちら▲</font>
 </td>
</tr>
<tr>
<td colspan=""2"" align=""center"">
<img src=""http://thumbnail.image.rakuten.co.jp/@0_mall/keitai/cabinet/banner3/41-86_700150.jpg"" width=""320""><br><font size=""-1"">▲大人気ifaceもディズニーキャラ▲</font>
</td>
</tr>
<tr>
<td colspan=""2"" align=""center"">
<img src=""http://thumbnail.image.rakuten.co.jp/@0_mall/keitai/cabinet/banner2/19-802908_700150.jpg"" width=""320""><br><font size=""-1"">▲大人気ifaceもディズニーキャラ▲</font>
</td>
</tr>
<tr>
<td align=""center"">
 <img src=""http://image.rakuten.co.jp/ketchupper/cabinet/item/276/page01/276-8522img01.jpg"" width=""150""><br><font size=""-1"">▲モバイル充電器▲</font>
 </td>
 <td align=""center"">
 <img src=""http://image.rakuten.co.jp/keitai/cabinet/item/276/page01/276-866801img01.jpg"" width=""150""><br><font size=""-1"">▲プリンセス▲</font>
 </td>
</tr>
<tr>
<td align=""center"">
 <img src=""http://image.rakuten.co.jp/ketchupper/cabinet/item/19/page01/19-8606img01.jpg"" width=""150""><br><font size=""-1"">▲セルカ棒▲</font>
 </td>
 <td align=""center"">
 <img src=""http://image.rakuten.co.jp/ketchupper/cabinet/item/19/page01/19-8545img01.jpg"" width=""150""><br><font size=""-1"">▲セルカレンズ▲</font>
 </td>
</tr>
</table>
<table cellpadding=""5"" width=""350"">
<tr>
<td colspan=""4"" align=""center"">
<img src=""http://thumbnail.image.rakuten.co.jp/@0_mall/keitai/cabinet/banner3/imgrc0064561913.jpg"" width=""320"">
</td>
</tr>
<tr>
<td>
<img src=""http://thumbnail.image.rakuten.co.jp/@0_mall/keitai/cabinet/item/276/276-8247s.jpg"" width=""70"">
</td>
<td>
<img src=""http://thumbnail.image.rakuten.co.jp/@0_mall/keitai/cabinet/item/276/276-847602.jpg"" width=""70"">
</td>
<td>
<img src=""http://thumbnail.image.rakuten.co.jp/@0_mall/keitai/cabinet/item/19/19-75_a.jpg"" width=""70"">
</td>
<td>
<img src=""http://thumbnail.image.rakuten.co.jp/@0_mall/keitai/cabinet/item/19/19-8067_a.jpg"" width=""70"">
</td>
</tr>
<tr>
<td colspan=""4"" align=""center"">
<img src=""http://thumbnail.image.rakuten.co.jp/@0_mall/keitai/cabinet/item/19/page01/19-807309img41.jpg"" width=""320"">
</td>
</tr>
</table>",[Xperia Z5(docomo SO-01H/au SOV32/SoftBank 501SO)専用]ディズニーポップアップブックレザー風ケース【RCP】：Ketchup,スマホケースiPhoneケース可愛いxperia安いスマホスマホカバーキーホルダーストラップイヤホンスピーカーネットショップhameeハミィイヤホンジャックディズニーかわいい女子ファッション通販[Xperia Z5(docomo SO-01H/au SOV32/SoftBank 501SO)専用]ディズニーポップアップブックレザー風ケース【RCP】,送料無料 。[Xperia Z5(docomo SO-01H/au SOV32/SoftBank 501SO)専用]ディズニーポップアップブックレザー風ケース【RCP】[rn]
23-92243,http://tshop.r10s.jp/ketchupper/cabinet/item/111_7/111-956517.jpg?fitin=700:700,2833.6000,,スマートフォン・タブレット > スマートフォンアクセサリー > スマートフォンケース,iphone6plus iphone6splus ディズニー・ポップアップ 手帳型 ( プー )RT-DP8J/PO 【 ディズニー ケース 可愛い スマホ スマートホン ケース カバー スマホケース手帳 手帳型 携帯ケース 】,送料無料 手帳型 スマホケース,"<div class=""productPage""><center>

<img src=""http://image.rakuten.co.jp/keitai/cabinet/kisetukate/smart/for_ip6sp_6p.jpg"" width=""700"" height=""85""><br><br>
<img src=""http://image.rakuten.co.jp/keitai/cabinet/item/111/page02/111-956487img01.jpg"" width=""700"" height=""433""><br>
<table border=""0"" width=""700"" cellpadding=""0"" cellspacing=""0""><tr><td align=""right"" class=""itemCopy""><font size=""2"">(C)Disney　(C)Disney/Pixar<br>
(C)Disney. Based on the""Winnie the Pooh""works by A.A. Milne and E.H.Shepard.　</font></td></tr></table><br>
<table border=""0"" width=""680"" cellpadding=""0"" cellspacing=""0"">
<tr>
<td align=""left"">
<font size=""2"">
iPhone6 Plus(5.5インチ)専用ディズニー・ポップアップ・レザー風ジャケットがレイ･アウトから登場。<br>
ディズニーのオールスター達が飛び出るユニークな質感にご注目ください。<br>
デザインに加え、フラップで画面までしっかり守ってくれます。<br>
横開きのブックカバータイプなのでiPhoneを手帳感覚でご使用いただけます。<br>
</font>
</td>
</tr>
</table>
<br>
<table border=""0"" width=""680"" cellpadding=""0"" cellspacing=""0""><tr><td align=""left""><font size=""2"">※クレードル（卓上ホルダなど）を使用して確実に充電するには、本製品を外すことをおすすめします。<br>
</font></td></tr></table><br>
<img src=""http://image.rakuten.co.jp/keitai/cabinet/bana/license_2.jpg"" width=""539"" height=""60""><br><br>
</center><!-- サイズ表ここから -->
<br><center>
<table width=""700"" cellpadding=""0"" cellspacing=""2"">
<tr>
<td colspan=""3"" height=""20"" align=""left"" valign=""top"">
<font size=""2""><b>その他仕様</b></font>
</td>
</tr>
<tr>
<td width=""130"" align=""left"" valign=""top""><font size=""2"">素材</font></td>
<td align=""right"" valign=""top"" width=""10"">：</td>
<td align=""left"" valign=""top"" width=""560""><font size=""2"">ポリウレタン素材、ポリカーボネイト素材</font></td>
</tr>
<tr>
<td width=""130"" align=""left"" valign=""top""><font size=""2"">セット内容</font></td>
<td align=""right"" valign=""top"" width=""10"">：</td>
<td align=""left"" valign=""top"" width=""560""><font size=""2"">ケース本体</font></td>
</tr>
</table>
</center>
<!-- サイズ表ここまで --><!-- バリエリンク -->
<center>
<table width=""700"" border=""0"" cellpadding=""1"" cellspacing=""0"">
<tr>
<td colspan=""7"" align=""left"">
<hr style=""border-style:solid; border-color:#000000; border-bottom-width:0px;"">
<font size=""2""><b>▼その他関連商品はこちら</b></font></td>
</tr>
<tr align=""center"" valign=""top"">
<td width=""100""><a target=""_top"" href=""http://item.rakuten.co.jp/ketchupper/111-956487/""> <img src=""http://thumbnail.image.rakuten.co.jp/@0_mall/ketchupper/cabinet/item/111_7/111-956487.jpg?_ex=90x90"" width=""90"" height=""90"" border=""0""><br></a></td>
<td width=""100""><a target=""_top"" href=""http://item.rakuten.co.jp/ketchupper/111-956494/""> <img src=""http://thumbnail.image.rakuten.co.jp/@0_mall/ketchupper/cabinet/item/111_7/111-956494.jpg?_ex=90x90"" width=""90"" height=""90"" border=""0""><br></a></td>
<td width=""100""><a target=""_top"" href=""http://item.rakuten.co.jp/ketchupper/111-956500/""> <img src=""http://thumbnail.image.rakuten.co.jp/@0_mall/ketchupper/cabinet/item/111_7/111-956500.jpg?_ex=90x90"" width=""90"" height=""90"" border=""0""><br></a></td>
<td width=""100""><a target=""_top"" href=""http://item.rakuten.co.jp/ketchupper/111-956517/""> <img src=""http://thumbnail.image.rakuten.co.jp/@0_mall/ketchupper/cabinet/item/111_7/111-956517.jpg?_ex=90x90"" width=""90"" height=""90"" border=""0""><br></a></td>
<td width=""100""><a target=""_top"" href=""http://item.rakuten.co.jp/ketchupper/111-956524/""> <img src=""http://thumbnail.image.rakuten.co.jp/@0_mall/ketchupper/cabinet/item/111_7/111-956524.jpg?_ex=90x90"" width=""90"" height=""90"" border=""0""><br></a></td>
<td width=""100""><a target=""_top"" href=""http://item.rakuten.co.jp/ketchupper/111-956531/""> <img src=""http://thumbnail.image.rakuten.co.jp/@0_mall/ketchupper/cabinet/item/111_7/111-956531.jpg?_ex=90x90"" width=""90"" height=""90"" border=""0""><br></a></td>
<td width=""100""><a target=""_top"" href=""http://item.rakuten.co.jp/ketchupper/111-956548/""> <img src=""http://thumbnail.image.rakuten.co.jp/@0_mall/ketchupper/cabinet/item/111_7/111-956548.jpg?_ex=90x90"" width=""90"" height=""90"" border=""0""><br></a></td>
</tr><tr align=""center"" valign=""top"">
<td width=""100""><a target=""_top"" href=""http://item.rakuten.co.jp/ketchupper/111-956555/""> <img src=""http://thumbnail.image.rakuten.co.jp/@0_mall/ketchupper/cabinet/item/111_7/111-956555.jpg?_ex=90x90"" width=""90"" height=""90"" border=""0""><br></a></td>
<td width=""100""><a target=""_top"" href=""http://item.rakuten.co.jp/ketchupper/111-956562/""> <img src=""http://thumbnail.image.rakuten.co.jp/@0_mall/ketchupper/cabinet/item/111_7/111-956562.jpg?_ex=90x90"" width=""90"" height=""90"" border=""0""><br></a></td>
<td width=""100""><a target=""_top"" href=""http://item.rakuten.co.jp/ketchupper/111-956579/""> <img src=""http://thumbnail.image.rakuten.co.jp/@0_mall/ketchupper/cabinet/item/111_7/111-956579.jpg?_ex=90x90"" width=""90"" height=""90"" border=""0""><br></a></td>
<td width=""100""><a target=""_top"" href=""http://item.rakuten.co.jp/ketchupper/111-956586/""> <img src=""http://thumbnail.image.rakuten.co.jp/@0_mall/ketchupper/cabinet/item/111_7/111-956586.jpg?_ex=90x90"" width=""90"" height=""90"" border=""0""><br></a></td>
<td width=""100""><a target=""_top"" href=""http://item.rakuten.co.jp/ketchupper/111-956593/""> <img src=""http://thumbnail.image.rakuten.co.jp/@0_mall/ketchupper/cabinet/item/111_7/111-956593.jpg?_ex=90x90"" width=""90"" height=""90"" border=""0""><br></a></td>
<td width=""100""><a target=""_top"" href=""http://item.rakuten.co.jp/ketchupper/111-956616/""> <img src=""http://thumbnail.image.rakuten.co.jp/@0_mall/ketchupper/cabinet/item/111_7/111-956616.jpg?_ex=90x90"" width=""90"" height=""90"" border=""0""><br></a></td>
<td width=""100""><a target=""_top"" href=""http://item.rakuten.co.jp/ketchupper/111-956623/""> <img src=""http://thumbnail.image.rakuten.co.jp/@0_mall/ketchupper/cabinet/item/111_7/111-956623.jpg?_ex=90x90"" width=""90"" height=""90"" border=""0""><br></a></td>
</tr><tr align=""center"" valign=""top"">
<td width=""100""><a target=""_top"" href=""http://item.rakuten.co.jp/ketchupper/111-956654/""> <img src=""http://thumbnail.image.rakuten.co.jp/@0_mall/ketchupper/cabinet/item/111_7/111-956654.jpg?_ex=90x90"" width=""90"" height=""90"" border=""0""><br></a></td>
<td width=""100""><a target=""_top"" href=""http://item.rakuten.co.jp/ketchupper/111-956999/""> <img src=""http://thumbnail.image.rakuten.co.jp/@0_mall/ketchupper/cabinet/item/111_7/111-956999.jpg?_ex=90x90"" width=""90"" height=""90"" border=""0""><br></a></td>
<td width=""100""><a target=""_top"" href=""http://item.rakuten.co.jp/ketchupper/111-957002/""> <img src=""http://thumbnail.image.rakuten.co.jp/@0_mall/ketchupper/cabinet/item/111_7/111-957002.jpg?_ex=90x90"" width=""90"" height=""90"" border=""0""><br></a></td>
<td width=""100""><a target=""_top"" href=""http://item.rakuten.co.jp/ketchupper/111-957019/""> <img src=""http://thumbnail.image.rakuten.co.jp/@0_mall/ketchupper/cabinet/item/111_7/111-957019.jpg?_ex=90x90"" width=""90"" height=""90"" border=""0""><br></a></td>
</tr>
</table>
</center>
<!-- バリエリンク_end --></div><!--キャラ別レコメンド-->
<table width=""100%"">
<tr><td><a href=""http://item.rakuten.co.jp/ketchupper/276-8247/""><img src=""http://image.rakuten.co.jp/ketchupper/cabinet/item/276/page01/276-8247img01.jpg"" width=""100%""></a></td>
<td><a href=""http://item.rakuten.co.jp/ketchupper/41-8620/""><img src=""http://image.rakuten.co.jp/keitai/cabinet/item/41/page02/41-862001img01.jpg"" width=""100%""></a></td>
<td><a href=""http://item.rakuten.co.jp/ketchupper/276-8493/""><img src=""http://image.rakuten.co.jp/ketchupper/cabinet/item/276/page01/276-8493img01.jpg"" width=""100%""></a></td></tr>
</table>
<!--キャラ別レコメンド--><!--ガラス--><hr><center><b>▼合わせておすすめ！▼</b></center><a href=""http://item.rakuten.co.jp/ketchupper/276-826/""><img  src=""http://image.rakuten.co.jp/keitai/cabinet/item/276/page02/276-826607img01.jpg"" width=""100%""></a><br><!--/ガラス--><table cellpadding=""5px"" width=""350"">
<tr>
<td colspan=""2"" align=""center"">
 <img src=""http://image.rakuten.co.jp/ketchupper/cabinet/banner/catedisney_700150.jpg"" width=""320""><br><font size=""-1"">▲ディズニーグッズはこちら▲</font>
 </td>
</tr>
<tr>
<td colspan=""2"" align=""center"">
<img src=""http://thumbnail.image.rakuten.co.jp/@0_mall/keitai/cabinet/banner3/41-86_700150.jpg"" width=""320""><br><font size=""-1"">▲大人気ifaceもディズニーキャラ▲</font>
</td>
</tr>
<tr>
<td colspan=""2"" align=""center"">
<img src=""http://thumbnail.image.rakuten.co.jp/@0_mall/keitai/cabinet/banner2/19-802908_700150.jpg"" width=""320""><br><font size=""-1"">▲大人気ifaceもディズニーキャラ▲</font>
</td>
</tr>
<tr>
<td align=""center"">
 <img src=""http://image.rakuten.co.jp/ketchupper/cabinet/item/276/page01/276-8522img01.jpg"" width=""150""><br><font size=""-1"">▲モバイル充電器▲</font>
 </td>
 <td align=""center"">
 <img src=""http://image.rakuten.co.jp/keitai/cabinet/item/276/page01/276-866801img01.jpg"" width=""150""><br><font size=""-1"">▲プリンセス▲</font>
 </td>
</tr>
<tr>
<td align=""center"">
 <img src=""http://image.rakuten.co.jp/ketchupper/cabinet/item/19/page01/19-8606img01.jpg"" width=""150""><br><font size=""-1"">▲セルカ棒▲</font>
 </td>
 <td align=""center"">
 <img src=""http://image.rakuten.co.jp/ketchupper/cabinet/item/19/page01/19-8545img01.jpg"" width=""150""><br><font size=""-1"">▲セルカレンズ▲</font>
 </td>
</tr>
</table>
<table cellpadding=""5"" width=""350"">
<tr>
<td colspan=""4"" align=""center"">
<img src=""http://thumbnail.image.rakuten.co.jp/@0_mall/keitai/cabinet/banner3/imgrc0064561913.jpg"" width=""320"">
</td>
</tr>
<tr>
<td>
<img src=""http://thumbnail.image.rakuten.co.jp/@0_mall/keitai/cabinet/item/276/276-8247s.jpg"" width=""70"">
</td>
<td>
<img src=""http://thumbnail.image.rakuten.co.jp/@0_mall/keitai/cabinet/item/276/276-847602.jpg"" width=""70"">
</td>
<td>
<img src=""http://thumbnail.image.rakuten.co.jp/@0_mall/keitai/cabinet/item/19/19-75_a.jpg"" width=""70"">
</td>
<td>
<img src=""http://thumbnail.image.rakuten.co.jp/@0_mall/keitai/cabinet/item/19/19-8067_a.jpg"" width=""70"">
</td>
</tr>
<tr>
<td colspan=""4"" align=""center"">
<img src=""http://thumbnail.image.rakuten.co.jp/@0_mall/keitai/cabinet/item/19/page01/19-807309img41.jpg"" width=""320"">
</td>
</tr>
</table>",iphone6plus iphone6splus ディズニー・ポップアップ 手帳型 ( プー )RT-DP8J/PO 【 ディズニー ケース 可愛い スマホ スマートホン ケース カバー スマホケース手帳 手帳型 携帯ケース 】：Ketchup,スマホケースiPhoneケース可愛いxperia安いスマホスマホカバーキーホルダーストラップイヤホンスピーカーネットショップhameeハミィイヤホンジャックディズニーかわいい女子ファッション通販iphone6plus iphone6splus ディズニー・ポップアップ 手帳型 ( プー )RT-DP8J/PO 【 ディズニー ケース 可愛い スマホ スマートホン ケース カバー スマホケース手帳 手帳型 携帯ケース 】,送料無料 手帳型 スマホケース。iphone6plus iphone6splus ディズニー・ポップアップ 手帳型 ( プー )RT-DP8J/PO 【 ディズニー ケース 可愛い スマホ スマートホン ケース カバー スマホケース手帳 手帳型 携帯ケース 】[rn]
23-92244,http://tshop.r10s.jp/ketchupper/cabinet/item/111_8/111-0045.jpg?fitin=700:700,2660.8000,,スマートフォン・タブレット > スマートフォンアクセサリー > スマートフォンケース,iphone7 iphone 7 ケース ディズニー 手帳型ケース ワンポイントタイプ (ホットスタンプ)  【 iPhone 7ケース ディズニー スマホケース 携帯ケース 手帳 】,,"<!--ガラス--><br><center><b>▼合わせておすすめ！▼</b></center><br>
<a href=""http://item.rakuten.co.jp/ketchupper/276-8735/""><img src=""http://image.rakuten.co.jp/ketchupper/cabinet/banner/276-873502_700150.jpg"" width=""100%""></a><br><hr>
<!--/ガラス--><div class=""productPage""><center>
<img src=""http://image.rakuten.co.jp/keitai/cabinet/kisetukate/smart/for_ip7.jpg"" width=""700"" height=""85""><br><br>
<img src=""http://image.rakuten.co.jp/keitai/cabinet/item/111/page03/111-004552img01.jpg"" width=""700"" height=""433""><br>
<table border=""0"" width=""700"" cellpadding=""0"" cellspacing=""0""><tr><td align=""right"" class=""itemCopy""><font size=""2"">(C)Disney<br>(C)Disney. Based on the Winnie the Pooh works by A.A. Milne and E.H. Shepard.</font></td></tr></table><br>
<img src=""http://image.rakuten.co.jp/keitai/cabinet/item/111/page03/111-004552img02.gif"" width=""700"" height=""77""><br><br>
<table border=""0"" width=""680"" cellpadding=""0"" cellspacing=""0"">
<tr>
<td align=""left"">
<font size=""2"">
ミッキーマウス、ミニーマウス、ドナルドダック、くまのプーさんのiPhone7専用手帳型ケースがレイ・アウトから登場♪<br>
ICカードやレシートなどが入れられる収納ポケット付き。<br>
ディズニーキャラクター達を箔押しして高級感を演出。<br>
<br>
・ICカードポケット付き<br>
・収納ポケット付き<br>
・ホットスタンプ<br>
・ストラップホール付き
</font>
</td>
</tr>
</table>
<br>
<table border=""0"" width=""680"" cellpadding=""0"" cellspacing=""0""><tr><td align=""left""><font size=""2"">※クレードル（卓上ホルダなど）を使用して確実に充電するには、本製品を外すことをおすすめします。<br>
※こちらの商品はデザインや仕様変更になる場合がございますので、予めご了承ください。</font></td></tr></table><br>
<img src=""http://image.rakuten.co.jp/keitai/cabinet/bana/license_2.jpg"" width=""539"" height=""60""><br><br>
</center><!-- サイズ表ここから -->
<br><center>
<table width=""700"" cellpadding=""0"" cellspacing=""2"" class=""size_tbl"">
<tr>
<td width=""130""><b>サイズ表</b></td>
<td width=""10""></td>
<td width=""560""></td>
</tr>
<tr>
<td>本体</td>
<td>：</td>
<td>約縦14.3×横7.2×厚1.2cm</td>
</tr>
<tr>
<td width=""130""><b>その他仕様</b></td>
<td width=""10""></td>
<td width=""560""></td>
</tr>
<tr>
<td>主素材</td>
<td>：</td>
<td>ポリウレタン、ポリカーボネイト</td>
</tr>
<tr>
<td>ストラップ使用</td>
<td>：</td>
<td>可</td>
</tr>
<tr>
<td>セット内容</td>
<td>：</td>
<td>ケース本体</td>
</tr>
</table>
</center>
<!-- サイズ表ここまで --><!-- バリエリンク -->
<center>
<table width=""700"" border=""0"" cellpadding=""1"" cellspacing=""0"">
<tr>
<td colspan=""7"" align=""left"">
<hr style=""border-style:solid; border-color:#000000; border-bottom-width:0px;"">
<font size=""2""><b>▼その他関連商品はこちら</b></font></td>
</tr>
<tr align=""center"" valign=""top"">
<td width=""100""><a target=""_top"" href=""http://item.rakuten.co.jp/ketchupper/111-0045/""> <img src=""http://thumbnail.image.rakuten.co.jp/@0_mall/ketchupper/cabinet/item/111_8/111-0045.jpg?_ex=90x90"" width=""90"" height=""90"" border=""0""><br></a></td>
<td width=""100""><a target=""_top"" href=""http://item.rakuten.co.jp/ketchupper/111-004590/""> <img src=""http://thumbnail.image.rakuten.co.jp/@0_mall/ketchupper/cabinet/item/111_8/111-004590.jpg?_ex=90x90"" width=""90"" height=""90"" border=""0""><br></a></td>
<td width=""100""><a target=""_top"" href=""http://item.rakuten.co.jp/ketchupper/111-004606/""> <img src=""http://thumbnail.image.rakuten.co.jp/@0_mall/ketchupper/cabinet/item/111_8/111-004606.jpg?_ex=90x90"" width=""90"" height=""90"" border=""0""><br></a></td>
<td width=""100""><a target=""_top"" href=""http://item.rakuten.co.jp/ketchupper/111-004613/""> <img src=""http://thumbnail.image.rakuten.co.jp/@0_mall/ketchupper/cabinet/item/111_8/111-004613.jpg?_ex=90x90"" width=""90"" height=""90"" border=""0""><br></a></td>
<td width=""100""><a target=""_top"" href=""http://item.rakuten.co.jp/ketchupper/111-0046/""> <img src=""http://thumbnail.image.rakuten.co.jp/@0_mall/ketchupper/cabinet/item/111_8/111-0046.jpg?_ex=90x90"" width=""90"" height=""90"" border=""0""><br></a></td>
<td width=""100""></td>
<td width=""100""></td>
</tr>
</table>
</center>
<!-- バリエリンク_end --></div><hr>
▼女子のためのオススメスマホケース<br>
<img src=""https://image.rakuten.co.jp/kawaiikan/cabinet/baner/276-858202_700150.jpg"" width=""100%""><br>
<img src=""https://image.rakuten.co.jp/kawaiikan/cabinet/baner/plieribon_700150.jpg"" width=""100%""><br>
<img src=""https://image.rakuten.co.jp/kawaiikan/cabinet/baner/pliekey_700150.jpg"" width=""100%""><br>
<img src=""https://image.rakuten.co.jp/kawaiikan/cabinet/baner/quince_700150.jpg"" width=""100%""><br>
<img src=""https://image.rakuten.co.jp/ketchupper/cabinet/banner/276-881101b_700150.jpg"" width=""100%"">",iphone7 iphone 7 ケース ディズニー 手帳型ケース ワンポイントタイプ (ホットスタンプ)  【 iPhone 7ケース ディズニー スマホケース 携帯ケース 手帳 】：Ketchup,スマホケースiPhoneケース可愛いxperia安いスマホスマホカバーキーホルダーストラップイヤホンスピーカーネットショップhameeハミィイヤホンジャックディズニーかわいい女子ファッション通販iphone7 iphone 7 ケース ディズニー 手帳型ケース ワンポイントタイプ (ホットスタンプ)  【 iPhone 7ケース ディズニー スマホケース 携帯ケース 手帳 】,iphone7 iphone 7 ケース ディズニー 手帳型ケース ワンポイントタイプ (ホットスタンプ)  【 iPhone 7ケース ディズニー スマホケース 携帯ケース 手帳 】[rn]
23-92245,http://tshop.r10s.jp/ketchupper/cabinet/item/111_7/111-9684.jpg?fitin=700:700,3697.6000,,スマートフォン・タブレット > スマートフォンアクセサリー > スマートフォンケース,全機種対応 手帳型ケース ディズニー ポップアップ レザー風ケース 【 全機種 手帳 スマホケース 全機種対応手帳型スマホケース ミニー ミッキー ドナルド携帯ケース S サイズ 】,全機種対応 xperia galaxy aquos phone regza arrows htc,"<div class=""productPage""><center>

<img src=""http://image.rakuten.co.jp/keitai/cabinet/item/111/page02/111-968404img01.jpg"" width=""700"" height=""433""><br>
<table border=""0"" width=""700"" cellpadding=""0"" cellspacing=""0""><tr><td align=""right"" class=""itemCopy""><font size=""2"">(C)Disney<br>(C)Disney. Based on the Winnie the Pooh works by A.A. Milne and E.H. Shepard.</font></td></tr></table><br>
<img src=""http://image.rakuten.co.jp/keitai/cabinet/item/111/page02/111-968404img02.gif"" width=""700"" height=""77""><br><br>
<table border=""0"" width=""680"" cellpadding=""0"" cellspacing=""0"">
<tr>
<td align=""left"">
<font size=""2"">
レイ・アウトから、浮き出るポップアップデザインのディズニーキャラクターレザー風ケース(Sサイズ)が登場。<br>
各種スマートフォンに汎用対応しています。<br>
フリップ内側には便利なカードポケット付きで、各種ICカードやクレジットカードなどの収納が出来ちゃう♪<br>
<br>
フリップをたたむとスタンドにもなるので、動画視聴時にもピッタリ☆<br>
<br>
カメラホールは空いていませんが、粘着パッド部が開く構造なのでケースに装着した状態でも写真撮影ができます。<br>
<br>
粘着パッド式で、スマートフォンの背面をペタッと貼るだけの簡単装着！<br>
パッドにホコリが付いてしまっても水拭きする事で何度も着けたり剥がしたりできます。<br>
<br>
ケース下部にDリングが付いているので、落下防止にお手持ちのお気に入りのストラップを取り付けることができます。
</font>
</td>
</tr>
</table>
<br>
<img src=""http://image.rakuten.co.jp/keitai/cabinet/syapage/title_1.gif"" width=""700"" height=""80""><br><br>
<img src=""http://image.rakuten.co.jp/keitai/cabinet/item/111/page02/111-968404img03.jpg"" width=""700"" height=""433""><br><br>
<img src=""http://image.rakuten.co.jp/keitai/cabinet/syapage/title_9.gif"" width=""700"" height=""80""><br><br>
<img src=""http://image.rakuten.co.jp/keitai/cabinet/item/111/page02/111-968404img06.jpg"" width=""700"" height=""350""><br><br>
<img src=""http://image.rakuten.co.jp/keitai/cabinet/syapage/title_4.gif"" width=""700"" height=""80""><br><br>
<img src=""http://image.rakuten.co.jp/keitai/cabinet/item/111/page02/111-968404img07.jpg"" width=""700"" height=""500""><br><br>
<img src=""http://image.rakuten.co.jp/keitai/cabinet/item/111/page02/111-968404img08.jpg"" width=""700"" height=""250""><br><br>
<img src=""http://image.rakuten.co.jp/keitai/cabinet/item/111/page02/111-968404img09.jpg"" width=""700"" height=""250""><br><br>
<img src=""http://image.rakuten.co.jp/keitai/cabinet/item/111/page02/111-968404img04.jpg"" width=""700"" height=""600""><br><br>
<img src=""http://image.rakuten.co.jp/keitai/cabinet/syapage/title_5.gif"" width=""700"" height=""80""><br><br>
<img src=""http://image.rakuten.co.jp/keitai/cabinet/item/111/page02/111-968404img10.jpg"" width=""700"" height=""350""><br><br>
<img src=""http://image.rakuten.co.jp/keitai/cabinet/syapage/title_7.gif"" width=""700"" height=""80""><br><br>
<table border=""0"" width=""700"" height=""350"" cellpadding=""0"" cellspacing=""0""><tbody><tr><td width=""345""><img src=""http://image.rakuten.co.jp/keitai/cabinet/item/111/page02/111-968404img05.jpg"" width=""345"" height=""350""></td><td width=""10""></td><td align=""left"">こちらのパッケージでお届けします。</td><td width=""10""></td></tr></tbody></table><br>
<img src=""http://image.rakuten.co.jp/keitai/cabinet/item/111/page02/111-968404img11.jpg"" width=""700"" height=""350""><br><br>
<img src=""http://image.rakuten.co.jp/keitai/cabinet/bana/license_2.jpg"" width=""539"" height=""60""><br><br>
<table border=""0"" width=""680"" cellpadding=""0"" cellspacing=""0""><tr><td align=""left""><font size=""2"">※クレードル（卓上ホルダなど）を使用して確実に充電するには、本製品を外すことをおすすめします。</font></td></tr></table><br>
</center><!-- サイズ表ここから -->
<br><center>
<table width=""700"" cellpadding=""0"" cellspacing=""2"" class=""size_tbl"">
<tr>
<td width=""130""><b>サイズ表</b></td>
<td width=""10""></td>
<td width=""560""></td>
</tr>
<tr>
<td>ケース本体</td>
<td>：</td>
<td>約13縦×横8.3×厚2cm</td>
</tr>
<tr>
<td width=""130""><b>その他仕様</b></td>
<td width=""10""></td>
<td width=""560""></td>
</tr>
<tr>
<td>主素材</td>
<td>：</td>
<td>ポリカーボネイト、ポリウレタン、シリコン</td>
</tr>
<tr>
<td>最大装着可能スマホサイズ(S)</td>
<td>：</td>
<td>約縦13×横6.6×厚1.1cm</td>
</tr>
<tr>
<td>重量</td>
<td>：</td>
<td>約70g</td>
</tr>
<tr>
<td>セット内容</td>
<td>：</td>
<td>ケース本体</td>
</tr>
<tr>
<td>ストラップ使用</td>
<td>：</td>
<td>可</td>
</tr>
</table>
</center>
<!-- サイズ表ここまで --><br>
<!--落下防止-->
<center>
<img src=""http://image.rakuten.co.jp/keitai/cabinet/syapage/slideparts_f.gif"" width=""100%""><br><br>
<b>▼背面加工機種に！ペタッと貼るだけ落下防止！▼</b><br>
<a href=""http://item.rakuten.co.jp/ketchupper/165-623720/""><img src=""http://image.rakuten.co.jp/ketchupper/cabinet/eventbanner/drop-caution700150.jpg"" width=""100%""></a><br><br>

</center>
<!--/落下防止--><!-- バリエリンク -->
<center>
<table width=""700"" border=""0"" cellpadding=""1"" cellspacing=""0"">
<tr>
<td colspan=""7"" align=""left"">
<hr style=""border-style:solid; border-color:#000000; border-bottom-width:0px;"">
<font size=""2""><b>▼その他関連商品はこちら</b></font></td>
</tr>
<tr align=""center"" valign=""top"">
<td width=""100""><a target=""_top"" href=""http://item.rakuten.co.jp/ketchupper/111-9684/""> <img src=""http://thumbnail.image.rakuten.co.jp/@0_mall/ketchupper/cabinet/item/111_7/111-9684.jpg?_ex=90x90"" width=""90"" height=""90"" border=""0""><br></a></td>
<td width=""100""><a target=""_top"" href=""http://item.rakuten.co.jp/ketchupper/111-968/""> <img src=""http://thumbnail.image.rakuten.co.jp/@0_mall/ketchupper/cabinet/item/111_7/111-968.jpg?_ex=90x90"" width=""90"" height=""90"" border=""0""><br></a></td>
<td width=""100""><a target=""_top"" href=""http://item.rakuten.co.jp/ketchupper/111-969/""> <img src=""http://thumbnail.image.rakuten.co.jp/@0_mall/ketchupper/cabinet/item/111_7/111-969.jpg?_ex=90x90"" width=""90"" height=""90"" border=""0""><br></a></td>
<td width=""100""><a target=""_top"" href=""http://item.rakuten.co.jp/ketchupper/111-9680/""> <img src=""http://thumbnail.image.rakuten.co.jp/@0_mall/ketchupper/cabinet/item/111_7/111-9680.jpg?_ex=90x90"" width=""90"" height=""90"" border=""0""><br></a></td>
<td width=""100""><a target=""_top"" href=""http://item.rakuten.co.jp/ketchupper/111-9/""> <img src=""http://thumbnail.image.rakuten.co.jp/@0_mall/ketchupper/cabinet/item/111_7/111-9.jpg?_ex=90x90"" width=""90"" height=""90"" border=""0""><br></a></td>
<td width=""100""><a target=""_top"" href=""http://item.rakuten.co.jp/ketchupper/111-9683/""> <img src=""http://thumbnail.image.rakuten.co.jp/@0_mall/ketchupper/cabinet/item/111_7/111-9683.jpg?_ex=90x90"" width=""90"" height=""90"" border=""0""><br></a></td>
<td width=""100""><a target=""_top"" href=""http://item.rakuten.co.jp/ketchupper/111-9687/""> <img src=""http://thumbnail.image.rakuten.co.jp/@0_mall/ketchupper/cabinet/item/111_7/111-9687.jpg?_ex=90x90"" width=""90"" height=""90"" border=""0""><br></a></td>
</tr>
</table>
</center>
<!-- バリエリンク_end --></div><!--強化ガラスオススメ-->
<br><div align=""center"">
<font color=""#8CC7ED"">Androidユーザー必見!強化ガラスが勢ぞろい(*^^*)</font></div>
<a href=""http://item.rakuten.co.jp/ketchupper/592-84"" target=""_top"">
<img src=""http://image.rakuten.co.jp/keitai/cabinet/banner3/592-844_700150.jpg"" width=""100%""><br>
<!--強化ガラスオススメココまで--><!--キャラ別レコメンド-->
<table width=""100%"">
<tr><td><a href=""http://item.rakuten.co.jp/ketchupper/276-8247/""><img src=""http://image.rakuten.co.jp/ketchupper/cabinet/item/276/page01/276-8247img01.jpg"" width=""100%""></a></td>
<td><a href=""http://item.rakuten.co.jp/ketchupper/41-8620/""><img src=""http://image.rakuten.co.jp/keitai/cabinet/item/41/page02/41-862001img01.jpg"" width=""100%""></a></td>
<td><a href=""http://item.rakuten.co.jp/ketchupper/276-8493/""><img src=""http://image.rakuten.co.jp/ketchupper/cabinet/item/276/page01/276-8493img01.jpg"" width=""100%""></a></td></tr>
</table>
<!--キャラ別レコメンド--><table cellpadding=""5px"" width=""350"">
<tr>
<td colspan=""2"" align=""center"">
 <img src=""http://image.rakuten.co.jp/ketchupper/cabinet/banner/catedisney_700150.jpg"" width=""320""><br><font size=""-1"">▲ディズニーグッズはこちら▲</font>
 </td>
</tr>
<tr>
<td colspan=""2"" align=""center"">
<img src=""http://thumbnail.image.rakuten.co.jp/@0_mall/keitai/cabinet/banner3/41-86_700150.jpg"" width=""320""><br><font size=""-1"">▲大人気ifaceもディズニーキャラ▲</font>
</td>
</tr>
<tr>
<td colspan=""2"" align=""center"">
<img src=""http://thumbnail.image.rakuten.co.jp/@0_mall/keitai/cabinet/banner2/19-802908_700150.jpg"" width=""320""><br><font size=""-1"">▲大人気ifaceもディズニーキャラ▲</font>
</td>
</tr>
<tr>
<td align=""center"">
 <img src=""http://image.rakuten.co.jp/ketchupper/cabinet/item/276/page01/276-8522img01.jpg"" width=""150""><br><font size=""-1"">▲モバイル充電器▲</font>
 </td>
 <td align=""center"">
 <img src=""http://image.rakuten.co.jp/keitai/cabinet/item/276/page01/276-866801img01.jpg"" width=""150""><br><font size=""-1"">▲プリンセス▲</font>
 </td>
</tr>
<tr>
<td align=""center"">
 <img src=""http://image.rakuten.co.jp/ketchupper/cabinet/item/19/page01/19-8606img01.jpg"" width=""150""><br><font size=""-1"">▲セルカ棒▲</font>
 </td>
 <td align=""center"">
 <img src=""http://image.rakuten.co.jp/ketchupper/cabinet/item/19/page01/19-8545img01.jpg"" width=""150""><br><font size=""-1"">▲セルカレンズ▲</font>
 </td>
</tr>
</table>
<table cellpadding=""5"" width=""350"">
<tr>
<td colspan=""4"" align=""center"">
<img src=""http://thumbnail.image.rakuten.co.jp/@0_mall/keitai/cabinet/banner3/imgrc0064561913.jpg"" width=""320"">
</td>
</tr>
<tr>
<td>
<img src=""http://thumbnail.image.rakuten.co.jp/@0_mall/keitai/cabinet/item/276/276-8247s.jpg"" width=""70"">
</td>
<td>
<img src=""http://thumbnail.image.rakuten.co.jp/@0_mall/keitai/cabinet/item/276/276-847602.jpg"" width=""70"">
</td>
<td>
<img src=""http://thumbnail.image.rakuten.co.jp/@0_mall/keitai/cabinet/item/19/19-75_a.jpg"" width=""70"">
</td>
<td>
<img src=""http://thumbnail.image.rakuten.co.jp/@0_mall/keitai/cabinet/item/19/19-8067_a.jpg"" width=""70"">
</td>
</tr>
<tr>
<td colspan=""4"" align=""center"">
<img src=""http://thumbnail.image.rakuten.co.jp/@0_mall/keitai/cabinet/item/19/page01/19-807309img41.jpg"" width=""320"">
</td>
</tr>
</table>",全機種対応 手帳型ケース ディズニー ポップアップ レザー風ケース 【 全機種 手帳 スマホケース 全機種対応手帳型スマホケース ミニー ミッキー ドナルド携帯ケース S サイズ 】：Ketchup,スマホケースiPhoneケース可愛いxperia安いスマホスマホカバーキーホルダーストラップイヤホンスピーカーネットショップhameeハミィイヤホンジャックディズニーかわいい女子ファッション通販全機種対応 手帳型ケース ディズニー ポップアップ レザー風ケース 【 全機種 手帳 スマホケース 全機種対応手帳型スマホケース ミニー ミッキー ドナルド携帯ケース S サイズ 】,全機種対応 xperia galaxy aquos phone regza arrows htc。全機種対応 手帳型ケース ディズニー ポップアップ レザー風ケース 【 全機種 手帳 スマホケース 全機種対応手帳型スマホケース ミニー ミッキー ドナルド携帯ケース S サイズ 】[rn]
23-92246,http://tshop.r10s.jp/ketchupper/cabinet/item/111_7/111-9627.jpg?fitin=700:700,3006.4000,,スマートフォン・タブレット > スマートフォンアクセサリー > スマートフォンケース,AQUOS ZETA ディズニー ポップアップ 手帳型 レザー風ジャケット合皮【 SH-01G Disney Mobile SH-02G スマホケース ディズニー  携帯ケース,送料無料,"<div class=""productPage""><center>

<img src=""http://image.rakuten.co.jp/keitai/cabinet/kisetukate/smart/for_sh01g.jpg"" width=""700"" height=""""><br><br>
<img src=""http://image.rakuten.co.jp/keitai/cabinet/item/111/page02/111-962754img01.jpg"" width=""700"" height=""433""><br>
<table border=""0"" width=""700"" cellpadding=""0"" cellspacing=""0""><tr><td align=""right"" class=""itemCopy""><font size=""2"">(C)Disney<br>(C)Disney. Based on the Winnie the Pooh works by A.A. Milne and E.H. Shepard.</font></td></tr></table><br>
<img src=""http://image.rakuten.co.jp/keitai/cabinet/item/111/page02/111-962754img02.gif"" width=""700"" height=""77""><br><br>
<table border=""0"" width=""680"" cellpadding=""0"" cellspacing=""0"">
<tr>
<td align=""left"">
<font size=""2"">
ディズニー・キャラクターのポップアップ・ブックカバータイプ・レザー風ジャケットがレイ･アウトから登場です。<br>
ディズニーのオールスター達が飛び出るユニークな質感にご注目ください。<br>
デザインに加え蓋で画面もフルに保護することが可能です！<br>
<br>
本体にピッタリサイズのレザージャケット。<br>
ジャケットをつけたまま各種スイッチにアクセスが可能で機能を損ないません。<br>
<br>
・ブックカバータイプ・レザー(合皮)<br>
・カードポケット付き<br>
・スタンド機能付き<br>
・ポップアップしたプックリデザインのキャラクター
</font>
</td>
</tr>
</table>
<br>
<img src=""http://image.rakuten.co.jp/keitai/cabinet/syapage/title_1.gif"" width=""700"" height=""80""><br><br>
<img src=""http://image.rakuten.co.jp/keitai/cabinet/item/111/page02/111-962754img03.jpg"" width=""700"" height=""433""><br><br>
<img src=""http://image.rakuten.co.jp/keitai/cabinet/item/111/page02/111-962754img04.jpg"" width=""700"" height=""433""><br><br>
<img src=""http://image.rakuten.co.jp/keitai/cabinet/syapage/title_4.gif"" width=""700"" height=""80""><br><br>
<img src=""http://image.rakuten.co.jp/keitai/cabinet/item/111/page02/111-962754img05.jpg"" width=""700"" height=""433""><br><br>
<img src=""http://image.rakuten.co.jp/keitai/cabinet/item/111/page02/111-962754img06.jpg"" width=""700"" height=""500""><br><br>
<img src=""http://image.rakuten.co.jp/keitai/cabinet/syapage/title_7.gif"" width=""700"" height=""80""><br><br>
<table border=""0"" width=""700"" height=""350"" cellpadding=""0"" cellspacing=""0""><tbody><tr><td width=""345""><img src=""http://image.rakuten.co.jp/keitai/cabinet/item/111/page02/111-962754img07.jpg"" width=""345"" height=""350""></td><td width=""10""></td><td align=""left"">こちらのパッケージでお届けします。</td><td width=""10""></td></tr></tbody></table><br>
<table border=""0"" width=""680"" cellpadding=""0"" cellspacing=""0""><tr><td align=""left""><font size=""2"">※クレードル（卓上ホルダなど）を使用して確実に充電するには、本製品を外すことをおすすめします。</font></td></tr></table><br>
<img src=""http://image.rakuten.co.jp/keitai/cabinet/bana/license_2.jpg"" width=""539"" height=""60""><br><br>
</center><!-- サイズ表ここから -->
<br><center>
<table width=""700"" cellpadding=""0"" cellspacing=""2"">
<tr>
<td colspan=""3"" height=""20"" align=""left"" valign=""top"">
<font size=""2""><b>その他仕様</b></font>
</td>
</tr>
<tr>
<td width=""130"" align=""left"" valign=""top""><font size=""2"">主素材</font></td>
<td align=""right"" valign=""top"" width=""10"">：</td>
<td align=""left"" valign=""top"" width=""560""><font size=""2"">ポリウレタン、ポリカーボネート</font></td>
</tr>
<tr>
<td width=""130"" align=""left"" valign=""top""><font size=""2"">セット内容</font></td>
<td align=""right"" valign=""top"" width=""10"">：</td>
<td align=""left"" valign=""top"" width=""560""><font size=""2"">ケース本体</font></td>
</tr>
</table>
</center>
<!-- サイズ表ここまで --><!-- バリエリンク -->
<center>
<table width=""700"" border=""0"" cellpadding=""1"" cellspacing=""0"">
<tr>
<td colspan=""7"" align=""left"">
<hr style=""border-style:solid; border-color:#000000; border-bottom-width:0px;"">
<font size=""2""><b>▼その他関連商品はこちら</b></font></td>
</tr>
<tr align=""center"" valign=""top"">
<td width=""100""><a target=""_top"" href=""http://item.rakuten.co.jp/ketchupper/111-9625/""> <img src=""http://thumbnail.image.rakuten.co.jp/@0_mall/ketchupper/cabinet/item/111_7/111-9625.jpg?_ex=90x90"" width=""90"" height=""90"" border=""0""><br></a></td>
<td width=""100""><a target=""_top"" href=""http://item.rakuten.co.jp/ketchupper/111-9626/""> <img src=""http://thumbnail.image.rakuten.co.jp/@0_mall/ketchupper/cabinet/item/111_7/111-9626.jpg?_ex=90x90"" width=""90"" height=""90"" border=""0""><br></a></td>
<td width=""100""><a target=""_top"" href=""http://item.rakuten.co.jp/ketchupper/111-962/""> <img src=""http://thumbnail.image.rakuten.co.jp/@0_mall/ketchupper/cabinet/item/111_7/111-962.jpg?_ex=90x90"" width=""90"" height=""90"" border=""0""><br></a></td>
<td width=""100""><a target=""_top"" href=""http://item.rakuten.co.jp/ketchupper/111-9627/""> <img src=""http://thumbnail.image.rakuten.co.jp/@0_mall/ketchupper/cabinet/item/111_7/111-9627.jpg?_ex=90x90"" width=""90"" height=""90"" border=""0""><br></a></td>
<td width=""100""><a target=""_top"" href=""http://item.rakuten.co.jp/ketchupper/111-962648/""> <img src=""http://thumbnail.image.rakuten.co.jp/@0_mall/ketchupper/cabinet/item/111_7/111-962648.jpg?_ex=90x90"" width=""90"" height=""90"" border=""0""><br></a></td>
<td width=""100""><a target=""_top"" href=""http://item.rakuten.co.jp/ketchupper/111-962655/""> <img src=""http://thumbnail.image.rakuten.co.jp/@0_mall/ketchupper/cabinet/item/111_7/111-962655.jpg?_ex=90x90"" width=""90"" height=""90"" border=""0""><br></a></td>
<td width=""100""><a target=""_top"" href=""http://item.rakuten.co.jp/ketchupper/111-962327/""> <img src=""http://thumbnail.image.rakuten.co.jp/@0_mall/ketchupper/cabinet/item/111_7/111-962327.jpg?_ex=90x90"" width=""90"" height=""90"" border=""0""><br></a></td>
</tr>
</table>
</center>
<!-- バリエリンク_end --></div><!--キャラ別レコメンド-->
<table width=""100%"">
<tr><td><a href=""http://item.rakuten.co.jp/ketchupper/276-8247/""><img src=""http://image.rakuten.co.jp/ketchupper/cabinet/item/276/page01/276-8247img01.jpg"" width=""100%""></a></td>
<td><a href=""http://item.rakuten.co.jp/ketchupper/41-8620/""><img src=""http://image.rakuten.co.jp/keitai/cabinet/item/41/page02/41-862001img01.jpg"" width=""100%""></a></td>
<td><a href=""http://item.rakuten.co.jp/ketchupper/276-8493/""><img src=""http://image.rakuten.co.jp/ketchupper/cabinet/item/276/page01/276-8493img01.jpg"" width=""100%""></a></td></tr>
</table>
<!--キャラ別レコメンド--><table cellpadding=""5px"" width=""350"">
<tr>
<td colspan=""2"" align=""center"">
 <img src=""http://image.rakuten.co.jp/ketchupper/cabinet/banner/catedisney_700150.jpg"" width=""320""><br><font size=""-1"">▲ディズニーグッズはこちら▲</font>
 </td>
</tr>
<tr>
<td colspan=""2"" align=""center"">
<img src=""http://thumbnail.image.rakuten.co.jp/@0_mall/keitai/cabinet/banner3/41-86_700150.jpg"" width=""320""><br><font size=""-1"">▲大人気ifaceもディズニーキャラ▲</font>
</td>
</tr>
<tr>
<td colspan=""2"" align=""center"">
<img src=""http://thumbnail.image.rakuten.co.jp/@0_mall/keitai/cabinet/banner2/19-802908_700150.jpg"" width=""320""><br><font size=""-1"">▲大人気ifaceもディズニーキャラ▲</font>
</td>
</tr>
<tr>
<td align=""center"">
 <img src=""http://image.rakuten.co.jp/ketchupper/cabinet/item/276/page01/276-8522img01.jpg"" width=""150""><br><font size=""-1"">▲モバイル充電器▲</font>
 </td>
 <td align=""center"">
 <img src=""http://image.rakuten.co.jp/keitai/cabinet/item/276/page01/276-866801img01.jpg"" width=""150""><br><font size=""-1"">▲プリンセス▲</font>
 </td>
</tr>
<tr>
<td align=""center"">
 <img src=""http://image.rakuten.co.jp/ketchupper/cabinet/item/19/page01/19-8606img01.jpg"" width=""150""><br><font size=""-1"">▲セルカ棒▲</font>
 </td>
 <td align=""center"">
 <img src=""http://image.rakuten.co.jp/ketchupper/cabinet/item/19/page01/19-8545img01.jpg"" width=""150""><br><font size=""-1"">▲セルカレンズ▲</font>
 </td>
</tr>
</table>
<table cellpadding=""5"" width=""350"">
<tr>
<td colspan=""4"" align=""center"">
<img src=""http://thumbnail.image.rakuten.co.jp/@0_mall/keitai/cabinet/banner3/imgrc0064561913.jpg"" width=""320"">
</td>
</tr>
<tr>
<td>
<img src=""http://thumbnail.image.rakuten.co.jp/@0_mall/keitai/cabinet/item/276/276-8247s.jpg"" width=""70"">
</td>
<td>
<img src=""http://thumbnail.image.rakuten.co.jp/@0_mall/keitai/cabinet/item/276/276-847602.jpg"" width=""70"">
</td>
<td>
<img src=""http://thumbnail.image.rakuten.co.jp/@0_mall/keitai/cabinet/item/19/19-75_a.jpg"" width=""70"">
</td>
<td>
<img src=""http://thumbnail.image.rakuten.co.jp/@0_mall/keitai/cabinet/item/19/19-8067_a.jpg"" width=""70"">
</td>
</tr>
<tr>
<td colspan=""4"" align=""center"">
<img src=""http://thumbnail.image.rakuten.co.jp/@0_mall/keitai/cabinet/item/19/page01/19-807309img41.jpg"" width=""320"">
</td>
</tr>
</table>",AQUOS ZETA ディズニー ポップアップ 手帳型 レザー風ジャケット合皮【 SH-01G Disney Mobile SH-02G スマホケース ディズニー  携帯ケース：Ketchup,スマホケースiPhoneケース可愛いxperia安いスマホスマホカバーキーホルダーストラップイヤホンスピーカーネットショップhameeハミィイヤホンジャックディズニーかわいい女子ファッション通販AQUOS ZETA ディズニー ポップアップ 手帳型 レザー風ジャケット合皮【 SH-01G Disney Mobile SH-02G スマホケース ディズニー  携帯ケース,送料無料 。AQUOS ZETA ディズニー ポップアップ 手帳型 レザー風ジャケット合皮【 SH-01G Disney Mobile SH-02G スマホケース ディズニー  携帯ケース[rn]
23-92247,http://tshop.r10s.jp/ketchupper/cabinet/item/111_7/111-9721.jpg?fitin=700:700,3265.6000,,スマートフォン・タブレット > スマートフォンアクセサリー > スマートフォンケース,ARROWS NX F-04G ポップアップ 手帳型 レザー風 ケース  【 スマホケース 携帯ケース ディズニー 】,送料無料,"<div class=""productPage""><center>

<img src=""http://image.rakuten.co.jp/keitai/cabinet/kisetukate/smart/for_f04g.jpg"" width=""700"" height=""85""><br><br>
<img src=""http://image.rakuten.co.jp/keitai/cabinet/item/111/page02/111-972135img01.jpg"" width=""700"" height=""433""><br>
<table border=""0"" width=""700"" cellpadding=""0"" cellspacing=""0""><tr><td align=""right"" class=""itemCopy""><font size=""2"">(C)Disney<br>(C)Disney. Based on the Winnie the Pooh works by A.A. Milne and E.H. Shepard.</font></td></tr></table><br>
<img src=""http://image.rakuten.co.jp/keitai/cabinet/item/111/page02/111-972135img02.gif"" width=""700"" height=""77""><br><br>
<table border=""0"" width=""680"" cellpadding=""0"" cellspacing=""0"">
<tr>
<td align=""left"">
<font size=""2"">
レイ･アウトからARROWS NX F-04G専用、ディズニー・キャラクターのポップアップ・ブックレザー風ケースが登場です。<br>
「ミッキー」「ミニー」「ドナルド」「プー」「チップ＆デール」が飛び出るユニークな質感にご注目ください。<br>
デザインに加え蓋で画面もフルに保護することが可能です！<br>
<br>
・ブックカバータイプ・レザー風素材(合皮)<br>
・ポップアップ<br>
・カードポケット付き<br>
・スタンド機能付き<br>
・純正卓上ホルダ対応<br>
<br>
本体にピッタリサイズのレザー風ケース。<br>
ケースをつけたまま各種スイッチにアクセスが可能で機能を損ないません。
</font>
</td>
</tr>
</table>
<br>
<img src=""http://image.rakuten.co.jp/keitai/cabinet/syapage/title_1.gif"" width=""700"" height=""80""><br><br>
<img src=""http://image.rakuten.co.jp/keitai/cabinet/item/111/page02/111-972135img03.jpg"" width=""700"" height=""433""><br><br>
<img src=""http://image.rakuten.co.jp/keitai/cabinet/item/111/page02/111-972135img04.jpg"" width=""700"" height=""433""><br><br>
<img src=""http://image.rakuten.co.jp/keitai/cabinet/syapage/title_4.gif"" width=""700"" height=""80""><br><br>
<img src=""http://image.rakuten.co.jp/keitai/cabinet/item/111/page02/111-972135img05.jpg"" width=""700"" height=""433""><br><br>
<img src=""http://image.rakuten.co.jp/keitai/cabinet/item/111/page02/111-972135img06.jpg"" width=""700"" height=""250""><br><br>
<img src=""http://image.rakuten.co.jp/keitai/cabinet/syapage/title_7.gif"" width=""700"" height=""80""><br><br>
<table border=""0"" width=""700"" height=""350"" cellpadding=""0"" cellspacing=""0""><tbody><tr><td width=""345""><img src=""http://image.rakuten.co.jp/keitai/cabinet/item/111/page02/111-972135img07.jpg"" width=""345"" height=""350""></td><td width=""10""></td><td align=""left"">こちらのパッケージでお届けします。</td><td width=""10""></td></tr></tbody></table><br>
<img src=""http://image.rakuten.co.jp/keitai/cabinet/bana/license_2.jpg"" width=""539"" height=""60""><br><br>
</center><!-- サイズ表ここから -->
<br><center>
<table width=""700"" cellpadding=""0"" cellspacing=""2"" class=""size_tbl"">
<tr>
<td width=""130""><b>その他仕様</b></td>
<td width=""10""></td>
<td width=""560""></td>
</tr>
<tr>
<td>主素材</td>
<td>：</td>
<td>ポリウレタン、ポリカーボネイト</td>
</tr>
<tr>
<td>セット内容</td>
<td>：</td>
<td>ケース本体</td>
</tr>
</table>
</center>
<!-- サイズ表ここまで --><!-- バリエリンク -->
<center>
<table width=""700"" border=""0"" cellpadding=""1"" cellspacing=""0"">
<tr>
<td colspan=""7"" align=""left"">
<hr style=""border-style:solid; border-color:#000000; border-bottom-width:0px;"">
<font size=""2""><b>▼その他関連商品はこちら</b></font></td>
</tr>
<tr align=""center"" valign=""top"">
<td width=""100""><a target=""_top"" href=""http://item.rakuten.co.jp/ketchupper/111-9721/""> <img src=""http://thumbnail.image.rakuten.co.jp/@0_mall/ketchupper/cabinet/item/111_7/111-9721.jpg?_ex=90x90"" width=""90"" height=""90"" border=""0""><br></a></td>
<td width=""100""><a target=""_top"" href=""http://item.rakuten.co.jp/ketchupper/111-972/""> <img src=""http://thumbnail.image.rakuten.co.jp/@0_mall/ketchupper/cabinet/item/111_7/111-972.jpg?_ex=90x90"" width=""90"" height=""90"" border=""0""><br></a></td>
<td width=""100""><a target=""_top"" href=""http://item.rakuten.co.jp/ketchupper/111-971862/""> <img src=""http://thumbnail.image.rakuten.co.jp/@0_mall/ketchupper/cabinet/item/111_7/111-971862.jpg?_ex=90x90"" width=""90"" height=""90"" border=""0""><br></a></td>
<td width=""100""><a target=""_top"" href=""http://item.rakuten.co.jp/ketchupper/111-972050/""> <img src=""http://thumbnail.image.rakuten.co.jp/@0_mall/ketchupper/cabinet/item/111_7/111-972050.jpg?_ex=90x90"" width=""90"" height=""90"" border=""0""><br></a></td>
<td width=""100""><a target=""_top"" href=""http://item.rakuten.co.jp/ketchupper/111-972692/""> <img src=""http://thumbnail.image.rakuten.co.jp/@0_mall/ketchupper/cabinet/item/111_7/111-972692.jpg?_ex=90x90"" width=""90"" height=""90"" border=""0""><br></a></td>
<td width=""100""><a target=""_top"" href=""http://item.rakuten.co.jp/ketchupper/111-972708/""> <img src=""http://thumbnail.image.rakuten.co.jp/@0_mall/ketchupper/cabinet/item/111_7/111-972708.jpg?_ex=90x90"" width=""90"" height=""90"" border=""0""><br></a></td>
<td width=""100""><a target=""_top"" href=""http://item.rakuten.co.jp/ketchupper/111-972029/""> <img src=""http://thumbnail.image.rakuten.co.jp/@0_mall/ketchupper/cabinet/item/111_7/111-972029.jpg?_ex=90x90"" width=""90"" height=""90"" border=""0""><br></a></td>
</tr>
</table>
</center>
<!-- バリエリンク_end --></div><table cellpadding=""5px"" width=""350"">
<tr>
<td colspan=""2"" align=""center"">
 <img src=""http://image.rakuten.co.jp/ketchupper/cabinet/banner/catedisney_700150.jpg"" width=""320""><br><font size=""-1"">▲ディズニーグッズはこちら▲</font>
 </td>
</tr>
<tr>
<td colspan=""2"" align=""center"">
<img src=""http://thumbnail.image.rakuten.co.jp/@0_mall/keitai/cabinet/banner3/41-86_700150.jpg"" width=""320""><br><font size=""-1"">▲大人気ifaceもディズニーキャラ▲</font>
</td>
</tr>
<tr>
<td colspan=""2"" align=""center"">
<img src=""http://thumbnail.image.rakuten.co.jp/@0_mall/keitai/cabinet/banner2/19-802908_700150.jpg"" width=""320""><br><font size=""-1"">▲大人気ifaceもディズニーキャラ▲</font>
</td>
</tr>
<tr>
<td align=""center"">
 <img src=""http://image.rakuten.co.jp/ketchupper/cabinet/item/276/page01/276-8522img01.jpg"" width=""150""><br><font size=""-1"">▲モバイル充電器▲</font>
 </td>
 <td align=""center"">
 <img src=""http://image.rakuten.co.jp/keitai/cabinet/item/276/page01/276-866801img01.jpg"" width=""150""><br><font size=""-1"">▲プリンセス▲</font>
 </td>
</tr>
<tr>
<td align=""center"">
 <img src=""http://image.rakuten.co.jp/ketchupper/cabinet/item/19/page01/19-8606img01.jpg"" width=""150""><br><font size=""-1"">▲セルカ棒▲</font>
 </td>
 <td align=""center"">
 <img src=""http://image.rakuten.co.jp/ketchupper/cabinet/item/19/page01/19-8545img01.jpg"" width=""150""><br><font size=""-1"">▲セルカレンズ▲</font>
 </td>
</tr>
</table>
<table cellpadding=""5"" width=""350"">
<tr>
<td colspan=""4"" align=""center"">
<img src=""http://thumbnail.image.rakuten.co.jp/@0_mall/keitai/cabinet/banner3/imgrc0064561913.jpg"" width=""320"">
</td>
</tr>
<tr>
<td>
<img src=""http://thumbnail.image.rakuten.co.jp/@0_mall/keitai/cabinet/item/276/276-8247s.jpg"" width=""70"">
</td>
<td>
<img src=""http://thumbnail.image.rakuten.co.jp/@0_mall/keitai/cabinet/item/276/276-847602.jpg"" width=""70"">
</td>
<td>
<img src=""http://thumbnail.image.rakuten.co.jp/@0_mall/keitai/cabinet/item/19/19-75_a.jpg"" width=""70"">
</td>
<td>
<img src=""http://thumbnail.image.rakuten.co.jp/@0_mall/keitai/cabinet/item/19/19-8067_a.jpg"" width=""70"">
</td>
</tr>
<tr>
<td colspan=""4"" align=""center"">
<img src=""http://thumbnail.image.rakuten.co.jp/@0_mall/keitai/cabinet/item/19/page01/19-807309img41.jpg"" width=""320"">
</td>
</tr>
</table>",ARROWS NX F-04G ポップアップ 手帳型 レザー風 ケース  【 スマホケース 携帯ケース ディズニー 】：Ketchup,スマホケースiPhoneケース可愛いxperia安いスマホスマホカバーキーホルダーストラップイヤホンスピーカーネットショップhameeハミィイヤホンジャックディズニーかわいい女子ファッション通販ARROWS NX F-04G ポップアップ 手帳型 レザー風 ケース  【 スマホケース 携帯ケース ディズニー 】,送料無料 。ARROWS NX F-04G ポップアップ 手帳型 レザー風 ケース  【 スマホケース 携帯ケース ディズニー 】[rn]
23-92248,http://tshop.r10s.jp/ketchupper/cabinet/item/3_3/3-8391.jpg?fitin=700:700,1728.0000,,スマートフォン・タブレット > スマートフォンアクセサリー > スマートフォンケース,iphone7 iphone 7 ケース ディズニー ハードケース 【 iphone 7ケース アイフォン7 ドナルド プーさん エイリアン トイストーリー 携帯ケース 】,,"<!--ガラス--><br><center><b>▼合わせておすすめ！▼</b></center><br>
<a href=""http://item.rakuten.co.jp/ketchupper/276-8735/""><img src=""http://image.rakuten.co.jp/ketchupper/cabinet/banner/276-873502_700150.jpg"" width=""100%""></a><br><hr>
<!--/ガラス--><div class=""productPage""><center>
<img src=""http://image.rakuten.co.jp/keitai/cabinet/kisetukate/smart/for_ip7.jpg"" width=""700"" height=""85""><br><br>
<table border=""0"" width=""700"" cellpadding=""0"" cellspacing=""0""><tr><td align=""right"" class=""itemCopy""><font size=""2"">(C)DISNEY (C)DISNEY/Pixar<br>(C)Disney. Based on the Winnie the Pooh works by A.A. Milne and E.H. Shepard.</font></td></tr></table><br>
<table border=""0"" width=""680"" cellpadding=""0"" cellspacing=""0"">
<tr>
<td align=""left"">
<font size=""2"">
ディズニーの人気キャラクター達がiPhone 7専用のオシャレなハードケースになって登場しました♪
</font>
</td>
</tr>
</table>
<br>
<img src=""http://image.rakuten.co.jp/keitai/cabinet/bana/license_2.jpg"" width=""539"" height=""60""><br><br>
<table border=""0"" width=""680"" cellpadding=""0"" cellspacing=""0""><tr><td align=""left""><font size=""2"">
※こちらの商品はデザインや仕様変更になる場合がございますので、予めご了承ください。<br>
※クレードル（卓上ホルダなど）を使用して充電する場合には、本製品を外してご利用下さい。</font></td></tr></table><br>
<img src=""http://image.rakuten.co.jp/keitai/cabinet/syapage/iphone2016.jpg"" width=""700"" height=""300""></center><!-- サイズ表ここから -->
<br><center>
<table width=""700"" cellpadding=""0"" cellspacing=""2"" class=""size_tbl"">
<tr>
<td width=""130""><b>サイズ表</b></td>
<td width=""10""></td>
<td width=""560""></td>
</tr>
<tr>
<td>パッケージ</td>
<td>：</td>
<td>約縦18×横8.5×厚1.5cm</td>
</tr>
<tr>
<td width=""130""><b>その他仕様</b></td>
<td width=""10""></td>
<td width=""560""></td>
</tr>
<tr>
<td>主素材</td>
<td>：</td>
<td>PC、PET</td>
</tr>
<tr>
<td>ストラップ使用</td>
<td>：</td>
<td>可</td>
</tr>
</table>
</center>
<!-- サイズ表ここまで --><!-- バリエリンク -->
<center>
<table width=""700"" border=""0"" cellpadding=""1"" cellspacing=""0"">
<tr>
<td colspan=""7"" align=""left"">
<hr style=""border-style:solid; border-color:#000000; border-bottom-width:0px;"">
<font size=""2""><b>▼その他関連商品はこちら</b></font></td>
</tr>
<tr align=""center"" valign=""top"">
<td width=""100""><a target=""_top"" href=""http://item.rakuten.co.jp/ketchupper/3-8391/""> <img src=""http://thumbnail.image.rakuten.co.jp/@0_mall/ketchupper/cabinet/item/3_3/3-8391.jpg?_ex=90x90"" width=""90"" height=""90"" border=""0""><br></a></td>
<td width=""100""><a target=""_top"" href=""http://item.rakuten.co.jp/ketchupper/3-839/""> <img src=""http://thumbnail.image.rakuten.co.jp/@0_mall/ketchupper/cabinet/item/3_3/3-839.jpg?_ex=90x90"" width=""90"" height=""90"" border=""0""><br></a></td>
<td width=""100""><a target=""_top"" href=""http://item.rakuten.co.jp/ketchupper/3-8768/""> <img src=""http://thumbnail.image.rakuten.co.jp/@0_mall/ketchupper/cabinet/item/3_3/3-8768.jpg?_ex=90x90"" width=""90"" height=""90"" border=""0""><br></a></td>
<td width=""100""><a target=""_top"" href=""http://item.rakuten.co.jp/ketchupper/3-8769/""> <img src=""http://thumbnail.image.rakuten.co.jp/@0_mall/ketchupper/cabinet/item/3_3/3-8769.jpg?_ex=90x90"" width=""90"" height=""90"" border=""0""><br></a></td>
<td width=""100""></td>
<td width=""100""></td>
<td width=""100""></td>
</tr>
</table>
</center>
<!-- バリエリンク_end --></div>",iphone7 iphone 7 ケース ディズニー ハードケース 【 iphone 7ケース アイフォン7 ドナルド プーさん エイリアン トイストーリー 携帯ケース 】：Ketchup,スマホケースiPhoneケース可愛いxperia安いスマホスマホカバーキーホルダーストラップイヤホンスピーカーネットショップhameeハミィイヤホンジャックディズニーかわいい女子ファッション通販iphone7 iphone 7 ケース ディズニー ハードケース 【 iphone 7ケース アイフォン7 ドナルド プーさん エイリアン トイストーリー 携帯ケース 】,iphone7 iphone 7 ケース ディズニー ハードケース 【 iphone 7ケース アイフォン7 ドナルド プーさん エイリアン トイストーリー 携帯ケース 】[rn]
23-92249,http://tshop.r10s.jp/ketchupper/cabinet/item/111_8/111-004729.jpg?fitin=700:700,2315.2000,,スマートフォン・タブレット > スマートフォンアクセサリー > スマートフォンケース,iphone7 iphone 7 ディズニー レザー風オープンケース(スタンディング/ ドナルド ) 携帯ケース,,"<!--ガラス--><br><center><b>▼合わせておすすめ！▼</b></center><br>
<a href=""http://item.rakuten.co.jp/ketchupper/276-8735/""><img src=""http://image.rakuten.co.jp/ketchupper/cabinet/banner/276-873502_700150.jpg"" width=""100%""></a><br><hr>
<!--/ガラス--><div class=""productPage""><center>
<img src=""http://image.rakuten.co.jp/keitai/cabinet/kisetukate/smart/for_ip7.jpg"" width=""700"" height=""85""><br><br>
<img src=""http://image.rakuten.co.jp/keitai/cabinet/item/111/page04/111-004705img01.jpg"" width=""700"" height=""433""><br>
<table border=""0"" width=""700"" cellpadding=""0"" cellspacing=""0""><tr><td align=""right"" class=""itemCopy""><font size=""2"">　</font></td></tr></table><br>
<img src=""http://image.rakuten.co.jp/keitai/cabinet/item/111/page04/111-004705img02.gif"" width=""700"" height=""77""><br><br>
<table border=""0"" width=""680"" cellpadding=""0"" cellspacing=""0"">
<tr>
<td align=""left"">
<font size=""2"">
手にしっかりフィットしてすべりにくい。スリムな軽量設計のレザー風ケース！<br>
・各種操作を妨げない<br>
・軽い<br>
・ポップアップ
</font>
</td>
</tr>
</table>
<br>
<table border=""0"" width=""680"" cellpadding=""0"" cellspacing=""0""><tr><td align=""left""><font size=""2"">※クレードル（卓上ホルダなど）を使用して確実に充電するには、本製品を外すことをおすすめします。<br>
※こちらの商品はデザインや仕様変更になる場合がございますので、予めご了承ください。</font></td></tr></table><br>
<img src=""http://image.rakuten.co.jp/keitai/cabinet/bana/license_2.jpg"" width=""539"" height=""60""><br><br>
</center><!-- サイズ表ここから -->
<br><center>
<table width=""700"" cellpadding=""0"" cellspacing=""2"" class=""size_tbl"">
<tr>
<td width=""130""><b>サイズ表</b></td>
<td width=""10""></td>
<td width=""560""></td>
</tr>
<tr>
<td>本体</td>
<td>：</td>
<td>約縦14.3×横 7.2×厚1.2cm</td>
</tr>
<tr>
<td width=""130""><b>その他仕様</b></td>
<td width=""10""></td>
<td width=""560""></td>
</tr>
<tr>
<td>主素材</td>
<td>：</td>
<td>ポリウレタン、ポリカーボネイト</td>
</tr>
<tr>
<td>セット内容</td>
<td>：</td>
<td>ケース本体</td>
</tr>
</table>
</center>
<!-- サイズ表ここまで --><!-- バリエリンク -->
<center>
<table width=""700"" border=""0"" cellpadding=""1"" cellspacing=""0"">
<tr>
<td colspan=""7"" align=""left"">
<hr style=""border-style:solid; border-color:#000000; border-bottom-width:0px;"">
<font size=""2""><b>▼その他関連商品はこちら</b></font></td>
</tr>
<tr align=""center"" valign=""top"">
<td width=""100""><a target=""_top"" href=""http://item.rakuten.co.jp/ketchupper/111-004705/""> <img src=""http://thumbnail.image.rakuten.co.jp/@0_mall/ketchupper/cabinet/item/111_8/111-004705.jpg?_ex=90x90"" width=""90"" height=""90"" border=""0""><br></a></td>
<td width=""100""><a target=""_top"" href=""http://item.rakuten.co.jp/ketchupper/111-004712/""> <img src=""http://thumbnail.image.rakuten.co.jp/@0_mall/ketchupper/cabinet/item/111_8/111-004712.jpg?_ex=90x90"" width=""90"" height=""90"" border=""0""><br></a></td>
<td width=""100""><a target=""_top"" href=""http://item.rakuten.co.jp/ketchupper/111-004729/""> <img src=""http://thumbnail.image.rakuten.co.jp/@0_mall/ketchupper/cabinet/item/111_8/111-004729.jpg?_ex=90x90"" width=""90"" height=""90"" border=""0""><br></a></td>
<td width=""100""><a target=""_top"" href=""http://item.rakuten.co.jp/ketchupper/111-004736/""> <img src=""http://thumbnail.image.rakuten.co.jp/@0_mall/ketchupper/cabinet/item/111_8/111-004736.jpg?_ex=90x90"" width=""90"" height=""90"" border=""0""><br></a></td>
<td width=""100""></td>
<td width=""100""></td>
<td width=""100""></td>
</tr>
</table>
</center>
<!-- バリエリンク_end --></div><hr>
▼女子のためのオススメスマホケース<br>
<img src=""https://image.rakuten.co.jp/kawaiikan/cabinet/baner/276-858202_700150.jpg"" width=""100%""><br>
<img src=""https://image.rakuten.co.jp/kawaiikan/cabinet/baner/plieribon_700150.jpg"" width=""100%""><br>
<img src=""https://image.rakuten.co.jp/kawaiikan/cabinet/baner/pliekey_700150.jpg"" width=""100%""><br>
<img src=""https://image.rakuten.co.jp/kawaiikan/cabinet/baner/quince_700150.jpg"" width=""100%""><br>
<img src=""https://image.rakuten.co.jp/ketchupper/cabinet/banner/276-881101b_700150.jpg"" width=""100%"">",iphone7 iphone 7 ディズニー レザー風オープンケース(スタンディング/ ドナルド ) 携帯ケース：Ketchup,スマホケースiPhoneケース可愛いxperia安いスマホスマホカバーキーホルダーストラップイヤホンスピーカーネットショップhameeハミィイヤホンジャックディズニーかわいい女子ファッション通販iphone7 iphone 7 ディズニー レザー風オープンケース(スタンディング/ ドナルド ) 携帯ケース,iphone7 iphone 7 ディズニー レザー風オープンケース(スタンディング/ ドナルド ) 携帯ケース[rn]
23-92250,http://tshop.r10s.jp/ketchupper/cabinet/item/111_8/111-0046_n.jpg?fitin=700:700,2574.4000,,スマートフォン・タブレット > スマートフォンアクセサリー > スマートフォンケース,iphone7 iphone 7 ケース ディズニー 手帳型ケース (スタンディング) 【 iPhone 7ケース ディズニー スマホケース 携帯ケース 手帳 】,,"<!--ガラス--><br><center><b>▼合わせておすすめ！▼</b></center><br>
<a href=""http://item.rakuten.co.jp/ketchupper/276-8735/""><img src=""http://image.rakuten.co.jp/ketchupper/cabinet/banner/276-873502_700150.jpg"" width=""100%""></a><br><hr>
<!--/ガラス--><div class=""productPage""><center>
<img src=""http://image.rakuten.co.jp/keitai/cabinet/kisetukate/smart/for_ip7.jpg"" width=""700"" height=""85""><br><br>
<img src=""http://image.rakuten.co.jp/keitai/cabinet/item/111/page04/111-004620img01_n.jpg"" width=""700"" height=""433""><br>
<table border=""0"" width=""700"" cellpadding=""0"" cellspacing=""0""><tr><td align=""right"" class=""itemCopy""><font size=""2"">(C)Disney<br>(C)Disney. Based on the Winnie the Pooh works by A.A. Milne and E.H. Shepard.</font></td></tr></table><br>
<img src=""http://image.rakuten.co.jp/keitai/cabinet/item/111/page04/111-004620img02_n.gif"" width=""700"" height=""77""><br><br>
<table border=""0"" width=""680"" cellpadding=""0"" cellspacing=""0"">
<tr>
<td align=""left"">
<font size=""2"">
レイアウトからミッキーマウス、ミニーマウス、ドナルドダック、くまのプーさんを立体的に表現したのダイアリーケースが登場！<br>
ディズニーキャラクタが飛び出してくるかのようなユニークなケースです！<br>
<br>
・ICカードポケット付き<br>
・ストラップホール付き<br>

</font>
</td>
</tr>
</table>
<br>
<table border=""0"" width=""680"" cellpadding=""0"" cellspacing=""0""><tr><td align=""left""><font size=""2"">※クレードル（卓上ホルダなど）を使用して確実に充電するには、本製品を外すことをおすすめします。<br>
※こちらの商品はデザインや仕様変更になる場合がございますので、予めご了承ください。</font></td></tr></table><br>
<img src=""http://image.rakuten.co.jp/keitai/cabinet/bana/license_2.jpg"" width=""539"" height=""60""><br><br>
</center><!-- サイズ表ここから -->
<br><center>
<table width=""700"" cellpadding=""0"" cellspacing=""2"" class=""size_tbl"">
<tr>
<td width=""130""><b>サイズ表</b></td>
<td width=""10""></td>
<td width=""560""></td>
</tr>
<tr>
<td>本体</td>
<td>：</td>
<td>約縦 14.1×横 7.2×厚1.2cm</td>
</tr>
<tr>
<td width=""130""><b>その他仕様</b></td>
<td width=""10""></td>
<td width=""560""></td>
</tr>
<tr>
<td>主素材</td>
<td>：</td>
<td>ポリウレタン、ポリカーボネイト</td>
</tr>
<tr>
<td>ストラップ使用</td>
<td>：</td>
<td>可</td>
</tr>
<tr>
<td>セット内容</td>
<td>：</td>
<td>ケース本体</td>
</tr>
</table>
</center>
<!-- サイズ表ここまで --><!-- バリエリンク -->
<center>
<table width=""700"" border=""0"" cellpadding=""1"" cellspacing=""0"">
<tr>
<td colspan=""7"" align=""left"">
<hr style=""border-style:solid; border-color:#000000; border-bottom-width:0px;"">
<font size=""2""><b>▼その他関連商品はこちら</b></font></td>
</tr>
<tr align=""center"" valign=""top"">
<td width=""100""><a target=""_top"" href=""http://item.rakuten.co.jp/ketchupper/111-0045/""> <img src=""http://thumbnail.image.rakuten.co.jp/@0_mall/ketchupper/cabinet/item/111_8/111-0045.jpg?_ex=90x90"" width=""90"" height=""90"" border=""0""><br></a></td>
<td width=""100""><a target=""_top"" href=""http://item.rakuten.co.jp/ketchupper/111-004590/""> <img src=""http://thumbnail.image.rakuten.co.jp/@0_mall/ketchupper/cabinet/item/111_8/111-004590.jpg?_ex=90x90"" width=""90"" height=""90"" border=""0""><br></a></td>
<td width=""100""><a target=""_top"" href=""http://item.rakuten.co.jp/ketchupper/111-004606/""> <img src=""http://thumbnail.image.rakuten.co.jp/@0_mall/ketchupper/cabinet/item/111_8/111-004606.jpg?_ex=90x90"" width=""90"" height=""90"" border=""0""><br></a></td>
<td width=""100""><a target=""_top"" href=""http://item.rakuten.co.jp/ketchupper/111-004613/""> <img src=""http://thumbnail.image.rakuten.co.jp/@0_mall/ketchupper/cabinet/item/111_8/111-004613.jpg?_ex=90x90"" width=""90"" height=""90"" border=""0""><br></a></td>
<td width=""100""><a target=""_top"" href=""http://item.rakuten.co.jp/ketchupper/111-0046/""> <img src=""http://thumbnail.image.rakuten.co.jp/@0_mall/ketchupper/cabinet/item/111_8/111-0046.jpg?_ex=90x90"" width=""90"" height=""90"" border=""0""><br></a></td>
<td width=""100""></td>
<td width=""100""></td>
</tr>
</table>
</center>
<!-- バリエリンク_end --></div><hr>
▼女子のためのオススメスマホケース<br>
<img src=""https://image.rakuten.co.jp/kawaiikan/cabinet/baner/276-858202_700150.jpg"" width=""100%""><br>
<img src=""https://image.rakuten.co.jp/kawaiikan/cabinet/baner/plieribon_700150.jpg"" width=""100%""><br>
<img src=""https://image.rakuten.co.jp/kawaiikan/cabinet/baner/pliekey_700150.jpg"" width=""100%""><br>
<img src=""https://image.rakuten.co.jp/kawaiikan/cabinet/baner/quince_700150.jpg"" width=""100%""><br>
<img src=""https://image.rakuten.co.jp/ketchupper/cabinet/banner/276-881101b_700150.jpg"" width=""100%"">",iphone7 iphone 7 ケース ディズニー 手帳型ケース (スタンディング) 【 iPhone 7ケース ディズニー スマホケース 携帯ケース 手帳 】：Ketchup,スマホケースiPhoneケース可愛いxperia安いスマホスマホカバーキーホルダーストラップイヤホンスピーカーネットショップhameeハミィイヤホンジャックディズニーかわいい女子ファッション通販iphone7 iphone 7 ケース ディズニー 手帳型ケース (スタンディング) 【 iPhone 7ケース ディズニー スマホケース 携帯ケース 手帳 】,iphone7 iphone 7 ケース ディズニー 手帳型ケース (スタンディング) 【 iPhone 7ケース ディズニー スマホケース 携帯ケース 手帳 】[rn]
23-92251,http://tshop.r10s.jp/ketchupper/cabinet/item/165/165-7267.jpg?fitin=700:700,3196.8000,,スマートフォン・タブレット > スマートフォンアクセサリー > スマートフォンケース,iPhone7ケース iPhone6 iPhone6s ケース かわいい おしゃれ ブランド キャラクター ディズニー お財布 手帳型 ケース カバー 【 携帯ケース 】,,"<div class=""productPage""><center>
<img src=""http://image.rakuten.co.jp/keitai/cabinet/kisetukate/smart/for_ip7_6s_6.jpg"" width=""700"" height=""85""><br><br>
<img src=""http://image.rakuten.co.jp/keitai/cabinet/item/165/page01/165-726766img01.jpg"" width=""700"" height=""433""><br>
<table border=""0"" width=""700"" cellpadding=""0"" cellspacing=""0""><tr><td align=""right"" class=""itemCopy""><font size=""2"">(C)Disney<br>(C)Disney/Pixar</font></td></tr></table><br>
<table border=""0"" width=""680"" cellpadding=""0"" cellspacing=""0"">
<tr>
<td align=""left"">
<font size=""2"">
コインケースが付いたiPhone7/6s/6専用手帳型カバー。<br>
小銭やカードを収納出来て、これ一つでお出かけOK。<br>
<br>
ファスナー式だから取り出しやすくて便利。<br>
キャラクターによって違う可愛いチャームもポイント。<br>
お気に入りのストラップも付けることができます。<br>
<br>
本革風の質感は高級感があり、大人のあなたにもぴったりです。
</font>
</td>
</tr>
</table>
<br>
<table border=""0"" width=""680"" cellpadding=""0"" cellspacing=""0""><tr><td align=""left""><font size=""2"">※クレードル（卓上ホルダなど）を使用して確実に充電するには、本製品を外すことをおすすめします。</font></td></tr></table><br>
</center><!-- サイズ表ここから -->
<br><center>
<table width=""700"" cellpadding=""0"" cellspacing=""2"" class=""size_tbl"">
<tr>
<td width=""130""><b>サイズ表</b></td>
<td width=""10""></td>
<td width=""560""></td>
</tr>
<tr>
<td>ケース本体</td>
<td>：</td>
<td>約縦14.8×横8×厚3cm</td>
</tr>
<tr>
<td width=""130""><b>その他仕様</b></td>
<td width=""10""></td>
<td width=""560""></td>
</tr>
<tr>
<td>主素材</td>
<td>：</td>
<td>合皮、TPU、合金、ポリエステル、アクリル</td>
</tr>
<tr>
<td>ストラップ使用</td>
<td>：</td>
<td>可</td>
</tr>
</table>
</center>
<!-- サイズ表ここまで --><!-- バリエリンク -->
<center>
<table width=""700"" border=""0"" cellpadding=""1"" cellspacing=""0"">
<tr>
<td colspan=""7"" align=""left"">
<hr style=""border-style:solid; border-color:#000000; border-bottom-width:0px;"">
<font size=""2""><b>▼その他関連商品はこちら</b></font></td>
</tr>
<tr align=""center"" valign=""top"">
<td width=""100""><a target=""_top"" href=""http://item.rakuten.co.jp/ketchupper/165-726803/""> <img src=""http://thumbnail.image.rakuten.co.jp/@0_mall/ketchupper/cabinet/item/165/165-726803.jpg?_ex=90x90"" width=""90"" height=""90"" border=""0""><br></a></td>
<td width=""100""></td>
<td width=""100""></td>
<td width=""100""></td>
<td width=""100""></td>
<td width=""100""></td>
<td width=""100""></td>
</tr>
</table>
</center>
<!-- バリエリンク_end --></div><!--ガラス--><hr><center><b>▼合わせておすすめ！▼</b></center><a href=""http://item.rakuten.co.jp/ketchupper/276-8764/""><img src=""http://image.rakuten.co.jp/keitai/cabinet/item/276/page02/276-876404img01.jpg"" width=""100%""></a><br><!--/ガラス--><!--iPhone6/6s--><center>
▼iPhone6/6sケースならKetchup!にお任せ▼<br>
<table width=""100%"">
<tr><td><img src=""http://image.rakuten.co.jp/ketchupper/cabinet/banner/cate_iphone6_700150.jpg"" width=""100%"" alt=""手帳型 シリコン ハード ソフト""></td></tr>

<tr><td><img src=""http://image.rakuten.co.jp/ketchupper/cabinet/banner/cate_iphone6s_700150.jpg"" width=""100%"" alt=""手帳型 シリコン ハード ソフト""></td></tr></table>
</center>
<!--/iPhone6/6s--><hr><!--ディズニー-->",iPhone7ケース iPhone6 iPhone6s ケース かわいい おしゃれ ブランド キャラクター ディズニー お財布 手帳型 ケース カバー 【 携帯ケース 】：Ketchup,スマホケースiPhoneケース可愛いxperia安いスマホスマホカバーキーホルダーストラップイヤホンスピーカーネットショップhameeハミィイヤホンジャックディズニーかわいい女子ファッション通販iPhone7ケース iPhone6 iPhone6s ケース かわいい おしゃれ ブランド キャラクター ディズニー お財布 手帳型 ケース カバー 【 携帯ケース 】,iPhone7ケース iPhone6 iPhone6s ケース かわいい おしゃれ ブランド キャラクター ディズニー お財布 手帳型 ケース カバー 【 携帯ケース 】[rn]
23-92252,http://tshop.r10s.jp/ketchupper/cabinet/item/111_8/111-998.jpg?fitin=700:700,3265.6000,,スマートフォン・タブレット > スマートフォンアクセサリー > スマートフォンケース,iPhonese iPhone5s iPhone5 ケース アイフォンse ディズニー ダイカットフラップケース,送料無料,"<div class=""productPage""><center>
<img src=""http://image.rakuten.co.jp/keitai/cabinet/kisetukate/smart/for_ipse_5s.jpg"" width=""700"" height=""85""><br><br>
<img src=""http://image.rakuten.co.jp/keitai/cabinet/item/111/page03/111-998104img01.jpg"" width=""700"" height=""433""><br>
<table border=""0"" width=""700"" cellpadding=""0"" cellspacing=""0""><tr><td align=""right"" class=""itemCopy""><font size=""2"">(C)Disney</font></td></tr></table><br>
<img src=""http://image.rakuten.co.jp/keitai/cabinet/item/111/page03/111-998104img02.gif"" width=""700"" height=""77""><br><br>
<table border=""0"" width=""680"" cellpadding=""0"" cellspacing=""0"">
<tr>
<td align=""left"">
<font size=""2"">
ケースの蓋部分に「ミッキー」「ミニー」「ドナルド」のトレードマークをダイカットで特別にデザインしたフラップケースです。<br>
キャラクター毎にトレードマークが刺しゅうされており、目を引くワンポイントに！<br>
わくわくするような世界観をお楽しみください。<br>
<br>
・ICカードポケット付き<br>
・スナップボタン付き<br>
・各種操作を妨げない<br>
・Dリング付き<br>

</font>
</td>
</tr>
</table>
<br>
<img src=""http://image.rakuten.co.jp/keitai/cabinet/syapage/title_4.gif"" width=""700"" height=""80""><br><br>
<img src=""http://image.rakuten.co.jp/keitai/cabinet/item/111/page03/111-998104img03.jpg"" width=""700"" height=""433""><br><br>
<img src=""http://image.rakuten.co.jp/keitai/cabinet/item/111/page03/111-998104img04.jpg"" width=""700"" height=""345""><br><br>
<img src=""http://image.rakuten.co.jp/keitai/cabinet/item/111/page03/111-998104img05.jpg"" width=""700"" height=""700""><br><br>
<img src=""http://image.rakuten.co.jp/keitai/cabinet/syapage/title_3.gif"" width=""700"" height=""80""><br><br>
<img src=""http://image.rakuten.co.jp/keitai/cabinet/item/111/page03/111-998104img06.jpg"" width=""700"" height=""700""><br><br>
<img src=""http://image.rakuten.co.jp/keitai/cabinet/bana/license_2.jpg"" width=""539"" height=""60""><br><br>
<table border=""0"" width=""680"" cellpadding=""0"" cellspacing=""0""><tr><td align=""left""><font size=""2"">※クレードル（卓上ホルダなど）を使用して確実に充電するには、本製品を外すことをおすすめします。<br>
</font></td></tr></table><br>
</center><!-- サイズ表ここから -->
<br><center>
<table width=""700"" cellpadding=""0"" cellspacing=""2"" class=""size_tbl"">
<tr>
<td width=""130""><b>サイズ表</b></td>
<td width=""10""></td>
<td width=""560""></td>
</tr>
<tr>
<td>ケース本体</td>
<td>：</td>
<td>約縦 12.7× 横6.2× 厚1.5cm</td>
</tr>
<tr>
<td width=""130""><b>その他仕様</b></td>
<td width=""10""></td>
<td width=""560""></td>
</tr>
<tr>
<td>主素材</td>
<td>：</td>
<td>ポリウレタン素材、ポリカーボネイト素材</td>
</tr>
<tr>
<td>ストラップ使用</td>
<td>：</td>
<td>可</td>
</tr>
</table>
</center>
<!-- サイズ表ここまで --><!-- バリエリンク -->
<center>
<table width=""700"" border=""0"" cellpadding=""1"" cellspacing=""0"">
<tr>
<td colspan=""7"" align=""left"">
<hr style=""border-style:solid; border-color:#000000; border-bottom-width:0px;"">
<font size=""2""><b>▼その他関連商品はこちら</b></font></td>
</tr>
<tr align=""center"" valign=""top"">
<td width=""100""><a target=""_top"" href=""http://item.rakuten.co.jp/ketchupper/111-9981/""> <img src=""http://thumbnail.image.rakuten.co.jp/@0_mall/ketchupper/cabinet/item/111_8/111-9981.jpg?_ex=90x90"" width=""90"" height=""90"" border=""0""><br></a></td>
<td width=""100""><a target=""_top"" href=""http://item.rakuten.co.jp/ketchupper/111-998/""> <img src=""http://thumbnail.image.rakuten.co.jp/@0_mall/ketchupper/cabinet/item/111_8/111-998.jpg?_ex=90x90"" width=""90"" height=""90"" border=""0""><br></a></td>
<td width=""100""><a target=""_top"" href=""http://item.rakuten.co.jp/ketchupper/111-997/""> <img src=""http://thumbnail.image.rakuten.co.jp/@0_mall/ketchupper/cabinet/item/111_8/111-997.jpg?_ex=90x90"" width=""90"" height=""90"" border=""0""><br></a></td>
<td width=""100""></td>
<td width=""100""></td>
<td width=""100""></td>
<td width=""100""></td>
</tr>
</table>
</center>
<!-- バリエリンク_end --></div><hr><!--ガラス--><center><b>▼合わせておすすめ！▼</b></center><a href=""http://item.rakuten.co.jp/ketchupper/276-3700/""><img src=""http://image.rakuten.co.jp/keitai/cabinet/item/276/page02/276-370002img01.jpg"" width=""100%""></a><br><!--/ガラス--><table cellpadding=""5px"" width=""350"">
<tr>
<td colspan=""2"" align=""center"">
 <img src=""http://image.rakuten.co.jp/ketchupper/cabinet/banner/catedisney_700150.jpg"" width=""320""><br><font size=""-1"">▲ディズニーグッズはこちら▲</font>
 </td>
</tr>
<tr>
<td colspan=""2"" align=""center"">
<img src=""http://thumbnail.image.rakuten.co.jp/@0_mall/keitai/cabinet/banner3/41-86_700150.jpg"" width=""320""><br><font size=""-1"">▲大人気ifaceもディズニーキャラ▲</font>
</td>
</tr>
<tr>
<td colspan=""2"" align=""center"">
<img src=""http://thumbnail.image.rakuten.co.jp/@0_mall/keitai/cabinet/banner2/19-802908_700150.jpg"" width=""320""><br><font size=""-1"">▲大人気ifaceもディズニーキャラ▲</font>
</td>
</tr>
<tr>
<td align=""center"">
 <img src=""http://image.rakuten.co.jp/ketchupper/cabinet/item/276/page01/276-8522img01.jpg"" width=""150""><br><font size=""-1"">▲モバイル充電器▲</font>
 </td>
 <td align=""center"">
 <img src=""http://image.rakuten.co.jp/keitai/cabinet/item/276/page01/276-866801img01.jpg"" width=""150""><br><font size=""-1"">▲プリンセス▲</font>
 </td>
</tr>
<tr>
<td align=""center"">
 <img src=""http://image.rakuten.co.jp/ketchupper/cabinet/item/19/page01/19-8606img01.jpg"" width=""150""><br><font size=""-1"">▲セルカ棒▲</font>
 </td>
 <td align=""center"">
 <img src=""http://image.rakuten.co.jp/ketchupper/cabinet/item/19/page01/19-8545img01.jpg"" width=""150""><br><font size=""-1"">▲セルカレンズ▲</font>
 </td>
</tr>
</table>
<table cellpadding=""5"" width=""350"">
<tr>
<td colspan=""4"" align=""center"">
<img src=""http://thumbnail.image.rakuten.co.jp/@0_mall/keitai/cabinet/banner3/imgrc0064561913.jpg"" width=""320"">
</td>
</tr>
<tr>
<td>
<img src=""http://thumbnail.image.rakuten.co.jp/@0_mall/keitai/cabinet/item/276/276-8247s.jpg"" width=""70"">
</td>
<td>
<img src=""http://thumbnail.image.rakuten.co.jp/@0_mall/keitai/cabinet/item/276/276-847602.jpg"" width=""70"">
</td>
<td>
<img src=""http://thumbnail.image.rakuten.co.jp/@0_mall/keitai/cabinet/item/19/19-75_a.jpg"" width=""70"">
</td>
<td>
<img src=""http://thumbnail.image.rakuten.co.jp/@0_mall/keitai/cabinet/item/19/19-8067_a.jpg"" width=""70"">
</td>
</tr>
<tr>
<td colspan=""4"" align=""center"">
<img src=""http://thumbnail.image.rakuten.co.jp/@0_mall/keitai/cabinet/item/19/page01/19-807309img41.jpg"" width=""320"">
</td>
</tr>
</table>",iPhonese iPhone5s iPhone5 ケース アイフォンse ディズニー ダイカットフラップケース：Ketchup,スマホケースiPhoneケース可愛いxperia安いスマホスマホカバーキーホルダーストラップイヤホンスピーカーネットショップhameeハミィイヤホンジャックディズニーかわいい女子ファッション通販iPhonese iPhone5s iPhone5 ケース アイフォンse ディズニー ダイカットフラップケース,送料無料 。iPhonese iPhone5s iPhone5 ケース アイフォンse ディズニー ダイカットフラップケース[rn]
23-92253,http://tshop.r10s.jp/ketchupper/cabinet/item/111_7/111-968.jpg?fitin=700:700,3697.6000,,スマートフォン・タブレット > スマートフォンアクセサリー > スマートフォンケース,全機種対応 手帳型ケース ディズニー ポップアップ レザー風ケース 【 全機種 手帳 スマホケース 全機種対応手帳型スマホケース ミニー ミッキー ドナルド 携帯ケース 】,全機種対応 xperia galaxy aquos phone regza arrows htc,"<div class=""productPage""><center>

<img src=""http://image.rakuten.co.jp/keitai/cabinet/item/111/page02/111-968787img01.jpg"" width=""700"" height=""433""><br>
<table border=""0"" width=""700"" cellpadding=""0"" cellspacing=""0""><tr><td align=""right"" class=""itemCopy""><font size=""2"">(C)Disney<br>(C)Disney. Based on the Winnie the Pooh works by A.A. Milne and E.H. Shepard.</font></td></tr></table><br>
<img src=""http://image.rakuten.co.jp/keitai/cabinet/item/111/page02/111-968787img02.gif"" width=""700"" height=""77""><br><br>
<table border=""0"" width=""680"" cellpadding=""0"" cellspacing=""0"">
<tr>
<td align=""left"">
<font size=""2"">
レイ・アウトから、浮き出るポップアップデザインのディズニーキャラクターレザー風ケース(Mサイズ)が登場。<br>
各種スマートフォンに汎用対応しています。<br>
フリップ内側には便利なカードポケット付きで、各種ICカードやクレジットカードなどの収納が出来ちゃう♪<br>
<br>
フリップをたたむとスタンドにもなるので、動画視聴時にもピッタリ☆<br>
<br>
カメラホールは空いていませんが、粘着パッド部が開く構造なのでケースに装着した状態でも写真撮影ができます。<br>
<br>
粘着パッド式で、スマートフォンの背面をペタッと貼るだけの簡単装着！<br>
パッドにホコリが付いてしまっても水拭きする事で何度も着けたり剥がしたりできます。<br>
<br>
ケース下部にDリングが付いているので、落下防止にお手持ちのお気に入りのストラップを取り付けることができます。
</font>
</td>
</tr>
</table>
<br>
<img src=""http://image.rakuten.co.jp/keitai/cabinet/syapage/title_1.gif"" width=""700"" height=""80""><br><br>
<img src=""http://image.rakuten.co.jp/keitai/cabinet/item/111/page02/111-968787img03.jpg"" width=""700"" height=""433""><br><br>
<img src=""http://image.rakuten.co.jp/keitai/cabinet/syapage/title_9.gif"" width=""700"" height=""80""><br><br>
<img src=""http://image.rakuten.co.jp/keitai/cabinet/item/111/page02/111-968787img06.jpg"" width=""700"" height=""350""><br><br>
<img src=""http://image.rakuten.co.jp/keitai/cabinet/syapage/title_4.gif"" width=""700"" height=""80""><br><br>
<img src=""http://image.rakuten.co.jp/keitai/cabinet/item/111/page02/111-968787img07.jpg"" width=""700"" height=""500""><br><br>
<img src=""http://image.rakuten.co.jp/keitai/cabinet/item/111/page02/111-968787img08.jpg"" width=""700"" height=""250""><br><br>
<img src=""http://image.rakuten.co.jp/keitai/cabinet/item/111/page02/111-968787img09.jpg"" width=""700"" height=""250""><br><br>
<img src=""http://image.rakuten.co.jp/keitai/cabinet/item/111/page02/111-968787img04.jpg"" width=""700"" height=""600""><br><br>
<img src=""http://image.rakuten.co.jp/keitai/cabinet/syapage/title_5.gif"" width=""700"" height=""80""><br><br>
<img src=""http://image.rakuten.co.jp/keitai/cabinet/item/111/page02/111-968787img10.jpg"" width=""700"" height=""350""><br><br>
<img src=""http://image.rakuten.co.jp/keitai/cabinet/syapage/title_7.gif"" width=""700"" height=""80""><br><br>
<table border=""0"" width=""700"" height=""350"" cellpadding=""0"" cellspacing=""0""><tbody><tr><td width=""345""><img src=""http://image.rakuten.co.jp/keitai/cabinet/item/111/page02/111-968787img05.jpg"" width=""345"" height=""350""></td><td width=""10""></td><td align=""left"">こちらのパッケージでお届けします。</td><td width=""10""></td></tr></tbody></table><br>
<img src=""http://image.rakuten.co.jp/keitai/cabinet/item/111/page02/111-968787img11.jpg"" width=""700"" height=""350""><br><br>
<img src=""http://image.rakuten.co.jp/keitai/cabinet/bana/license_2.jpg"" width=""539"" height=""60""><br><br>
<table border=""0"" width=""680"" cellpadding=""0"" cellspacing=""0""><tr><td align=""left""><font size=""2"">※クレードル（卓上ホルダなど）を使用して確実に充電するには、本製品を外すことをおすすめします。</font></td></tr></table><br>
</center><!-- サイズ表ここから -->
<br><center>
<table width=""700"" cellpadding=""0"" cellspacing=""2"" class=""size_tbl"">
<tr>
<td width=""130""><b>サイズ表</b></td>
<td width=""10""></td>
<td width=""560""></td>
</tr>
<tr>
<td>ケース本体</td>
<td>：</td>
<td>約縦14×横9.2×厚2cm</td>
</tr>
<tr>
<td width=""130""><b>その他仕様</b></td>
<td width=""10""></td>
<td width=""560""></td>
</tr>
<tr>
<td>主素材</td>
<td>：</td>
<td>ポリカーボネイト、ポリウレタン、シリコン</td>
</tr>
<tr>
<td>最大装着可能スマホサイズ(M)</td>
<td>：</td>
<td>約縦14×横7.6×厚1.2cm</td>
</tr>
<tr>
<td>重量</td>
<td>：</td>
<td>約79g</td>
</tr>
<tr>
<td>セット内容</td>
<td>：</td>
<td>ケース本体</td>
</tr>
<tr>
<td>ストラップ使用</td>
<td>：</td>
<td>可</td>
</tr>
</table>
</center>
<!-- サイズ表ここまで --><br>
<!--落下防止-->
<center>
<img src=""http://image.rakuten.co.jp/keitai/cabinet/syapage/slideparts_f.gif"" width=""100%""><br><br>
<b>▼背面加工機種に！ペタッと貼るだけ落下防止！▼</b><br>
<a href=""http://item.rakuten.co.jp/ketchupper/165-623720/""><img src=""http://image.rakuten.co.jp/ketchupper/cabinet/eventbanner/drop-caution700150.jpg"" width=""100%""></a><br><br>

</center>
<!--/落下防止--><!-- バリエリンク -->
<center>
<table width=""700"" border=""0"" cellpadding=""1"" cellspacing=""0"">
<tr>
<td colspan=""7"" align=""left"">
<hr style=""border-style:solid; border-color:#000000; border-bottom-width:0px;"">
<font size=""2""><b>▼その他関連商品はこちら</b></font></td>
</tr>
<tr align=""center"" valign=""top"">
<td width=""100""><a target=""_top"" href=""http://item.rakuten.co.jp/ketchupper/111-9684/""> <img src=""http://thumbnail.image.rakuten.co.jp/@0_mall/ketchupper/cabinet/item/111_7/111-9684.jpg?_ex=90x90"" width=""90"" height=""90"" border=""0""><br></a></td>
<td width=""100""><a target=""_top"" href=""http://item.rakuten.co.jp/ketchupper/111-968/""> <img src=""http://thumbnail.image.rakuten.co.jp/@0_mall/ketchupper/cabinet/item/111_7/111-968.jpg?_ex=90x90"" width=""90"" height=""90"" border=""0""><br></a></td>
<td width=""100""><a target=""_top"" href=""http://item.rakuten.co.jp/ketchupper/111-958/""> <img src=""http://thumbnail.image.rakuten.co.jp/@0_mall/ketchupper/cabinet/item/111_7/111-958.jpg?_ex=90x90"" width=""90"" height=""90"" border=""0""><br></a></td>
<td width=""100""><a target=""_top"" href=""http://item.rakuten.co.jp/ketchupper/111-9680/""> <img src=""http://thumbnail.image.rakuten.co.jp/@0_mall/ketchupper/cabinet/item/111_7/111-9680.jpg?_ex=90x90"" width=""90"" height=""90"" border=""0""><br></a></td>
<td width=""100""><a target=""_top"" href=""http://item.rakuten.co.jp/ketchupper/3-827/""> <img src=""http://thumbnail.image.rakuten.co.jp/@0_mall/ketchupper/cabinet/item/3_3/3-827.jpg?_ex=90x90"" width=""90"" height=""90"" border=""0""><br></a></td>
<td width=""100""><a target=""_top"" href=""http://item.rakuten.co.jp/ketchupper/111-969227/""> <img src=""http://thumbnail.image.rakuten.co.jp/@0_mall/ketchupper/cabinet/item/111_7/111-969227.jpg?_ex=90x90"" width=""90"" height=""90"" border=""0""><br></a></td>
<td width=""100""><a target=""_top"" href=""http://item.rakuten.co.jp/ketchupper/3-826996/""> <img src=""http://thumbnail.image.rakuten.co.jp/@0_mall/ketchupper/cabinet/item/3_3/3-826996.jpg?_ex=90x90"" width=""90"" height=""90"" border=""0""><br></a></td>
</tr>
</table>
</center>
<!-- バリエリンク_end --></div><!--強化ガラスオススメ-->
<br><div align=""center"">
<font color=""#8CC7ED"">Androidユーザー必見!強化ガラスが勢ぞろい(*^^*)</font></div>
<a href=""http://item.rakuten.co.jp/ketchupper/592-84"" target=""_top"">
<img src=""http://image.rakuten.co.jp/keitai/cabinet/banner3/592-844_700150.jpg"" width=""100%""><br>
<!--強化ガラスオススメココまで--><!--キャラ別レコメンド-->
<table width=""100%"">
<tr><td><a href=""http://item.rakuten.co.jp/ketchupper/276-8247/""><img src=""http://image.rakuten.co.jp/ketchupper/cabinet/item/276/page01/276-8247img01.jpg"" width=""100%""></a></td>
<td><a href=""http://item.rakuten.co.jp/ketchupper/41-8620/""><img src=""http://image.rakuten.co.jp/keitai/cabinet/item/41/page02/41-862001img01.jpg"" width=""100%""></a></td>
<td><a href=""http://item.rakuten.co.jp/ketchupper/276-8493/""><img src=""http://image.rakuten.co.jp/ketchupper/cabinet/item/276/page01/276-8493img01.jpg"" width=""100%""></a></td></tr>
</table>
<!--キャラ別レコメンド--><table cellpadding=""5px"" width=""350"">
<tr>
<td colspan=""2"" align=""center"">
 <img src=""http://image.rakuten.co.jp/ketchupper/cabinet/banner/catedisney_700150.jpg"" width=""320""><br><font size=""-1"">▲ディズニーグッズはこちら▲</font>
 </td>
</tr>
<tr>
<td colspan=""2"" align=""center"">
<img src=""http://thumbnail.image.rakuten.co.jp/@0_mall/keitai/cabinet/banner3/41-86_700150.jpg"" width=""320""><br><font size=""-1"">▲大人気ifaceもディズニーキャラ▲</font>
</td>
</tr>
<tr>
<td colspan=""2"" align=""center"">
<img src=""http://thumbnail.image.rakuten.co.jp/@0_mall/keitai/cabinet/banner2/19-802908_700150.jpg"" width=""320""><br><font size=""-1"">▲大人気ifaceもディズニーキャラ▲</font>
</td>
</tr>
<tr>
<td align=""center"">
 <img src=""http://image.rakuten.co.jp/ketchupper/cabinet/item/276/page01/276-8522img01.jpg"" width=""150""><br><font size=""-1"">▲モバイル充電器▲</font>
 </td>
 <td align=""center"">
 <img src=""http://image.rakuten.co.jp/keitai/cabinet/item/276/page01/276-866801img01.jpg"" width=""150""><br><font size=""-1"">▲プリンセス▲</font>
 </td>
</tr>
<tr>
<td align=""center"">
 <img src=""http://image.rakuten.co.jp/ketchupper/cabinet/item/19/page01/19-8606img01.jpg"" width=""150""><br><font size=""-1"">▲セルカ棒▲</font>
 </td>
 <td align=""center"">
 <img src=""http://image.rakuten.co.jp/ketchupper/cabinet/item/19/page01/19-8545img01.jpg"" width=""150""><br><font size=""-1"">▲セルカレンズ▲</font>
 </td>
</tr>
</table>
<table cellpadding=""5"" width=""350"">
<tr>
<td colspan=""4"" align=""center"">
<img src=""http://thumbnail.image.rakuten.co.jp/@0_mall/keitai/cabinet/banner3/imgrc0064561913.jpg"" width=""320"">
</td>
</tr>
<tr>
<td>
<img src=""http://thumbnail.image.rakuten.co.jp/@0_mall/keitai/cabinet/item/276/276-8247s.jpg"" width=""70"">
</td>
<td>
<img src=""http://thumbnail.image.rakuten.co.jp/@0_mall/keitai/cabinet/item/276/276-847602.jpg"" width=""70"">
</td>
<td>
<img src=""http://thumbnail.image.rakuten.co.jp/@0_mall/keitai/cabinet/item/19/19-75_a.jpg"" width=""70"">
</td>
<td>
<img src=""http://thumbnail.image.rakuten.co.jp/@0_mall/keitai/cabinet/item/19/19-8067_a.jpg"" width=""70"">
</td>
</tr>
<tr>
<td colspan=""4"" align=""center"">
<img src=""http://thumbnail.image.rakuten.co.jp/@0_mall/keitai/cabinet/item/19/page01/19-807309img41.jpg"" width=""320"">
</td>
</tr>
</table>",全機種対応 手帳型ケース ディズニー ポップアップ レザー風ケース 【 全機種 手帳 スマホケース 全機種対応手帳型スマホケース ミニー ミッキー ドナルド 携帯ケース 】：Ketchup,スマホケースiPhoneケース可愛いxperia安いスマホスマホカバーキーホルダーストラップイヤホンスピーカーネットショップhameeハミィイヤホンジャックディズニーかわいい女子ファッション通販全機種対応 手帳型ケース ディズニー ポップアップ レザー風ケース 【 全機種 手帳 スマホケース 全機種対応手帳型スマホケース ミニー ミッキー ドナルド 携帯ケース 】,全機種対応 xperia galaxy aquos phone regza arrows htc。全機種対応 手帳型ケース ディズニー ポップアップ レザー風ケース 【 全機種 手帳 スマホケース 全機種対応手帳型スマホケース ミニー ミッキー ドナルド 携帯ケース 】[rn]
23-92254,http://tshop.r10s.jp/ketchupper/cabinet/item/165/165-726.jpg?fitin=700:700,2764.8000,,スマートフォン・タブレット > スマートフォンアクセサリー > スマートフォンケース,iPhone7 iPhone6 iPhone6s iphone 7  ケース ディズニー iDress コミック 手帳型ケース【 iPhone 7ケース ディズニー スマホケース 携帯ケース 手帳 】,,"<!--ガラス--><br><center><b>▼合わせておすすめ！▼</b></center><br>
<a href=""http://item.rakuten.co.jp/ketchupper/276-8735/""><img src=""http://image.rakuten.co.jp/ketchupper/cabinet/banner/276-873502_700150.jpg"" width=""100%""></a><br><hr>
<!--/ガラス--><div class=""productPage""><center>
<img src=""http://image.rakuten.co.jp/keitai/cabinet/kisetukate/smart/for_ip7_6s_6.jpg"" width=""700"" height=""85""><br><br>
<img src=""http://image.rakuten.co.jp/keitai/cabinet/item/165/page01/165-726186img01.jpg"" width=""700"" height=""433""><br>
<table border=""0"" width=""700"" cellpadding=""0"" cellspacing=""0""><tr><td align=""right"" class=""itemCopy""><font size=""2"">(C)Disney</font></td></tr></table><br>
<img src=""http://image.rakuten.co.jp/keitai/cabinet/item/165/page01/165-726186img02.gif"" width=""700"" height=""77""><br><br>
<table border=""0"" width=""680"" cellpadding=""0"" cellspacing=""0"">
<tr>
<td align=""left"">
<font size=""2"">
Apple iPhone7 / 6 / 6s 専用のディズニーキャラクターコミック柄ケースが登場！ <br>
お出かけ時に便利なカードポケットと、オシャレさん必見のミラー付き☆<br>
あなたはどのキャラクターにする？？
</font>
</td>
</tr>
</table>
<br>
<img src=""http://image.rakuten.co.jp/keitai/cabinet/syapage/title_3.gif"" width=""700"" height=""80""><br><br>
<img src=""http://image.rakuten.co.jp/keitai/cabinet/item/165/page01/165-726186img03.jpg"" width=""700"" height=""700""><br><br>
<img src=""http://image.rakuten.co.jp/keitai/cabinet/item/165/page01/165-726186img04.jpg"" width=""700"" height=""700""><br><br>
<img src=""http://image.rakuten.co.jp/keitai/cabinet/item/165/page01/165-726186img05.jpg"" width=""700"" height=""350""><br><br>
<img src=""http://image.rakuten.co.jp/keitai/cabinet/syapage/title_7.gif"" width=""700"" height=""80""><br><br>
<table border=""0"" width=""700"" height=""350"" cellpadding=""0"" cellspacing=""0""><tbody><tr><td width=""345""><img src=""http://image.rakuten.co.jp/keitai/cabinet/item/165/page01/165-726186img06.jpg"" width=""345"" height=""350""></td><td width=""10""></td><td align=""left"">こちらのパッケージでお届けします。</td><td width=""10""></td></tr></tbody></table><br>
<table border=""0"" width=""680"" cellpadding=""0"" cellspacing=""0""><tr><td align=""left""><font size=""2"">※クレードル（卓上ホルダなど）を使用して確実に充電するには、本製品を外すことをおすすめします。<br>
※こちらの商品はデザインや仕様変更になる場合がございますので、予めご了承ください。</font></td></tr></table><br>
<img src=""http://image.rakuten.co.jp/keitai/cabinet/bana/license_2.jpg"" width=""539"" height=""60""><br><br>
</center><!-- サイズ表ここから -->
<br><center>
<table width=""700"" cellpadding=""0"" cellspacing=""2"" class=""size_tbl"">
<tr>
<td width=""130""><b>サイズ表</b></td>
<td width=""10""></td>
<td width=""560""></td>
</tr>
<tr>
<td>本体</td>
<td>：</td>
<td>約縦14.2×横7.3×厚1.6cm</td>
</tr>
<tr>
<td>パッケージ</td>
<td>：</td>
<td>約縦19×横8×厚1.9cm</td>
</tr>
<tr>
<td width=""130""><b>その他仕様</b></td>
<td width=""10""></td>
<td width=""560""></td>
</tr>
<tr>
<td>主素材</td>
<td>：</td>
<td>合皮</td>
</tr>
<tr>
<td>ストラップ使用</td>
<td>：</td>
<td>可</td>
</tr>
</table>
</center>
<!-- サイズ表ここまで --><!-- バリエリンク -->
<center>
<table width=""700"" border=""0"" cellpadding=""1"" cellspacing=""0"">
<tr>
<td colspan=""7"" align=""left"">
<hr style=""border-style:solid; border-color:#000000; border-bottom-width:0px;"">
<font size=""2""><b>▼その他関連商品はこちら</b></font></td>
</tr>
<tr align=""center"" valign=""top"">
<td width=""100""><a target=""_top"" href=""http://item.rakuten.co.jp/ketchupper/41-8779/""> <img src=""http://thumbnail.image.rakuten.co.jp/@0_mall/ketchupper/cabinet/item/41_4/41-8779.jpg?_ex=90x90"" width=""90"" height=""90"" border=""0""><br></a></td>
<td width=""100""><a target=""_top"" href=""http://item.rakuten.co.jp/ketchupper/41-8781/""> <img src=""http://thumbnail.image.rakuten.co.jp/@0_mall/ketchupper/cabinet/item/41_4/41-8781.jpg?_ex=90x90"" width=""90"" height=""90"" border=""0""><br></a></td>
<td width=""100""><a target=""_top"" href=""http://item.rakuten.co.jp/ketchupper/165-7261/""> <img src=""http://thumbnail.image.rakuten.co.jp/@0_mall/ketchupper/cabinet/item/165/165-7261.jpg?_ex=90x90"" width=""90"" height=""90"" border=""0""><br></a></td>
<td width=""100""><a target=""_top"" href=""http://item.rakuten.co.jp/ketchupper/276-879/""> <img src=""http://thumbnail.image.rakuten.co.jp/@0_mall/ketchupper/cabinet/item/276/276-879.jpg?_ex=90x90"" width=""90"" height=""90"" border=""0""><br></a></td>
<td width=""100""><a target=""_top"" href=""http://item.rakuten.co.jp/ketchupper/276-8801/""> <img src=""http://thumbnail.image.rakuten.co.jp/@0_mall/ketchupper/cabinet/item/276/276-8801.jpg?_ex=90x90"" width=""90"" height=""90"" border=""0""><br></a></td>
<td width=""100""></td>
<td width=""100""></td>
</tr>
</table>
</center>
<!-- バリエリンク_end --></div><!--iPhone6/6s--><center>
▼iPhone6/6sケースならKetchup!にお任せ▼<br>
<table width=""100%"">
<tr><td><img src=""http://image.rakuten.co.jp/ketchupper/cabinet/banner/cate_iphone6_700150.jpg"" width=""100%"" alt=""手帳型 シリコン ハード ソフト""></td></tr>

<tr><td><img src=""http://image.rakuten.co.jp/ketchupper/cabinet/banner/cate_iphone6s_700150.jpg"" width=""100%"" alt=""手帳型 シリコン ハード ソフト""></td></tr></table>
</center>
<!--/iPhone6/6s--><hr>",iPhone7 iPhone6 iPhone6s iphone 7  ケース ディズニー iDress コミック 手帳型ケース【 iPhone 7ケース ディズニー スマホケース 携帯ケース 手帳 】：Ketchup,スマホケースiPhoneケース可愛いxperia安いスマホスマホカバーキーホルダーストラップイヤホンスピーカーネットショップhameeハミィイヤホンジャックディズニーかわいい女子ファッション通販iPhone7 iPhone6 iPhone6s iphone 7  ケース ディズニー iDress コミック 手帳型ケース【 iPhone 7ケース ディズニー スマホケース 携帯ケース 手帳 】,iPhone7 iPhone6 iPhone6s iphone 7  ケース ディズニー iDress コミック 手帳型ケース【 iPhone 7ケース ディズニー スマホケース 携帯ケース 手帳 】[rn]
23-92255,http://tshop.r10s.jp/ketchupper/cabinet/item/576/576-878623.jpg?fitin=700:700,2039.2000,,スマートフォン・タブレット > スマートフォンアクセサリー > スマートフォンケース,iPhone6 iphone6s ディズニー iPhone ケース ( pooh friend )【 プー プーさん くまのプーさん pooh ピグレット イーヨー ティガー iphone 6 iphone 6s タケヤマ・ノリヤ デザイン】,　　　,"<!--ガラス--><br><center><b>▼合わせておすすめ！▼</b></center><br>
<a href=""http://item.rakuten.co.jp/ketchupper/276-8735/""><img src=""http://image.rakuten.co.jp/ketchupper/cabinet/banner/276-873502_700150.jpg"" width=""100%""></a><br><hr>
<!--/ガラス--><div class=""productPage""><center>
<img src=""http://image.rakuten.co.jp/keitai/cabinet/kisetukate/smart/for_iphone6_47.jpg"" width=""700"" height=""85""><br><br>
<img src=""http://image.rakuten.co.jp/keitai/cabinet/item/576/page01/576-878593img01.jpg"" width=""700"" height=""433""><br>
<table border=""0"" width=""700"" cellpadding=""0"" cellspacing=""0""><tr><td align=""right"" class=""itemCopy""><font size=""2"">(C)DISNEY<br>(C)DISNEY. Based on the Winnie the Pooh works by A.A. Milne and E.H. Shepard.<br>(C)Disney/Pixar</font></td></tr></table><br>
<img src=""http://image.rakuten.co.jp/keitai/cabinet/item/576/page01/576-878593img02.gif"" width=""700"" height=""77""><br><br>
<table border=""0"" width=""680"" cellpadding=""0"" cellspacing=""0"">
<tr>
<td align=""left"">
<font size=""2"">
タケヤマ・ノリヤの描くキュートなディズニーキャラクターが、iPhone 6専用ケースになって登場！<br>
いつもとちがう表情のキャラクターたちに注目☆<br>
ポリカーボネート製のケースが、iPhone 6の背面を、汚れや傷から守ります。<br>
<br>
タケヤマ・ノリヤ<br>
創作した「可愛い」キャラクターを通じ、メッセージを世界に発信するアーティスト。<br>
（株）タカラ入社で日本を代表する「リカちゃん」という歴史ある商品の元、キャラクターの創作を学び商品企画などで貢献。<br>
フリーのイラストレーターに転身後、雑貨屋「宇宙百貨」で商品展開し人気となる。
</font>
</td>
</tr>
</table>
<br>
<img src=""http://image.rakuten.co.jp/keitai/cabinet/bana/license_2.jpg"" width=""539"" height=""60""><br><br>
</center><!-- サイズ表ここから -->
<br><center>
<table width=""700"" cellpadding=""0"" cellspacing=""2"">
<tr>
<td colspan=""3"" align=""left"" valign=""top"" height=""20"">
<b>サイズ表</b>
</td>
</tr>
<tr>
<td width=""130"" align=""left"" valign=""top""><font size=""2"">ケース本体</font></td>
<td align=""right"" valign=""top"" width=""10"">：</td>
<td align=""left"" valign=""top"" width=""560""><font size=""2"">約縦13.7×横6.8×厚0.8cm</font></td>
</tr>
<tr>
<td width=""130"" align=""left"" valign=""top""><font size=""2"">パッケージ</font></td>
<td align=""right"" valign=""top"" width=""10"">：</td>
<td align=""left"" valign=""top"" width=""560""><font size=""2"">約縦17.8×横8.5×厚1.5cm</font></td>
</tr>
<tr>
<td colspan=""3"" height=""20"" align=""left"" valign=""top"">
<font size=""2""><b>その他仕様</b></font>
</td>
</tr>
<tr>
<td width=""130"" align=""left"" valign=""top""><font size=""2"">主素材</font></td>
<td align=""right"" valign=""top"" width=""10"">：</td>
<td align=""left"" valign=""top"" width=""560""><font size=""2"">ポリカーボネート</font></td>
</tr>
<tr>
<td width=""130"" align=""left"" valign=""top""><font size=""2"">セット内容</font></td>
<td align=""right"" valign=""top"" width=""10"">：</td>
<td align=""left"" valign=""top"" width=""560""><font size=""2"">ケース本体</font></td>
</tr>
<tr>
<td width=""130"" align=""left"" valign=""top""><font size=""2"">ストラップ使用</font></td>
<td align=""right"" valign=""top"" width=""10"">：</td>
<td align=""left"" valign=""top"" width=""560""><font size=""2"">不可</font></td>
</tr>
</table>
</center>
<!-- サイズ表ここまで --><!-- バリエリンク -->
<center>
<table width=""700"" border=""0"" cellpadding=""1"" cellspacing=""0"">
<tr>
<td colspan=""7"" align=""left"">
<hr style=""border-style:solid; border-color:#000000; border-bottom-width:0px;"">
<font size=""2""><b>▼その他関連商品はこちら</b></font></td>
</tr>
<tr align=""center"" valign=""top"">
<td width=""100""><a target=""_top"" href=""http://item.rakuten.co.jp/ketchupper/576-878593/""> <img src=""http://thumbnail.image.rakuten.co.jp/@0_mall/ketchupper/cabinet/item/576/576-878593.jpg?_ex=90x90"" width=""90"" height=""90"" border=""0""><br></a></td>
<td width=""100""><a target=""_top"" href=""http://item.rakuten.co.jp/ketchupper/576-878609/""> <img src=""http://thumbnail.image.rakuten.co.jp/@0_mall/ketchupper/cabinet/item/576/576-878609.jpg?_ex=90x90"" width=""90"" height=""90"" border=""0""><br></a></td>
<td width=""100""><a target=""_top"" href=""http://item.rakuten.co.jp/ketchupper/576-878616/""> <img src=""http://thumbnail.image.rakuten.co.jp/@0_mall/ketchupper/cabinet/item/576/576-878616.jpg?_ex=90x90"" width=""90"" height=""90"" border=""0""><br></a></td>
<td width=""100""><a target=""_top"" href=""http://item.rakuten.co.jp/ketchupper/576-878623/""> <img src=""http://thumbnail.image.rakuten.co.jp/@0_mall/ketchupper/cabinet/item/576/576-878623.jpg?_ex=90x90"" width=""90"" height=""90"" border=""0""><br></a></td>
<td width=""100""><a target=""_top"" href=""http://item.rakuten.co.jp/ketchupper/576-878630/""> <img src=""http://thumbnail.image.rakuten.co.jp/@0_mall/ketchupper/cabinet/item/576/576-878630.jpg?_ex=90x90"" width=""90"" height=""90"" border=""0""><br></a></td>
<td width=""100""><a target=""_top"" href=""http://item.rakuten.co.jp/ketchupper/576-878647/""> <img src=""http://thumbnail.image.rakuten.co.jp/@0_mall/ketchupper/cabinet/item/576/576-878647.jpg?_ex=90x90"" width=""90"" height=""90"" border=""0""><br></a></td>
<td width=""100""><a target=""_top"" href=""http://item.rakuten.co.jp/ketchupper/576-878654/""> <img src=""http://thumbnail.image.rakuten.co.jp/@0_mall/ketchupper/cabinet/item/576/576-878654.jpg?_ex=90x90"" width=""90"" height=""90"" border=""0""><br></a></td>
</tr><tr align=""center"" valign=""top"">
<td width=""100""><a target=""_top"" href=""http://item.rakuten.co.jp/ketchupper/576-878661/""> <img src=""http://thumbnail.image.rakuten.co.jp/@0_mall/ketchupper/cabinet/item/576/576-878661.jpg?_ex=90x90"" width=""90"" height=""90"" border=""0""><br></a></td>
<td width=""100""><a target=""_top"" href=""http://item.rakuten.co.jp/ketchupper/576-878678/""> <img src=""http://thumbnail.image.rakuten.co.jp/@0_mall/ketchupper/cabinet/item/576/576-878678.jpg?_ex=90x90"" width=""90"" height=""90"" border=""0""><br></a></td>
<td width=""100""><a target=""_top"" href=""http://item.rakuten.co.jp/ketchupper/576-878685/""> <img src=""http://thumbnail.image.rakuten.co.jp/@0_mall/ketchupper/cabinet/item/576/576-878685.jpg?_ex=90x90"" width=""90"" height=""90"" border=""0""><br></a></td>
</tr>
</table>
</center>
<!-- バリエリンク_end --></div><!--キャラ別レコメンド-->
<table width=""100%"">
<tr><td><a href=""http://item.rakuten.co.jp/ketchupper/276-8247/""><img src=""http://image.rakuten.co.jp/ketchupper/cabinet/item/276/page01/276-8247img01.jpg"" width=""100%""></a></td>
<td><a href=""http://item.rakuten.co.jp/ketchupper/41-8620/""><img src=""http://image.rakuten.co.jp/keitai/cabinet/item/41/page02/41-862001img01.jpg"" width=""100%""></a></td>
<td><a href=""http://item.rakuten.co.jp/ketchupper/276-8493/""><img src=""http://image.rakuten.co.jp/ketchupper/cabinet/item/276/page01/276-8493img01.jpg"" width=""100%""></a></td></tr>
</table>
<!--キャラ別レコメンド--><!--送込みまで--><br>
<a href=""http://search.rakuten.co.jp/search/inshop-mall/-/-/f.3-min.1080-p.1-s.2-sf.0-sid.313546-st.A-v.3"" target=""_blank""><img src=""http://image.rakuten.co.jp/ketchupper/cabinet/banner/freepair_01_700150.jpg"" width=""700""></a><br>
<!--送込みここまで--><!--iPhone6/6s--><center>
▼iPhone6/6sケースならKetchup!にお任せ▼<br>
<table width=""100%"">
<tr><td><img src=""http://image.rakuten.co.jp/ketchupper/cabinet/banner/cate_iphone6_700150.jpg"" width=""100%"" alt=""手帳型 シリコン ハード ソフト""></td></tr>

<tr><td><img src=""http://image.rakuten.co.jp/ketchupper/cabinet/banner/cate_iphone6s_700150.jpg"" width=""100%"" alt=""手帳型 シリコン ハード ソフト""></td></tr></table>
</center>
<!--/iPhone6/6s--><hr> <table cellpadding=""5px"" width=""350"">
<tr>
<td colspan=""2"" align=""center"">
 <img src=""http://image.rakuten.co.jp/ketchupper/cabinet/banner/catedisney_700150.jpg"" width=""320""><br><font size=""-1"">▲ディズニーグッズはこちら▲</font>
 </td>
</tr>
<tr>
<td colspan=""2"" align=""center"">
<img src=""http://thumbnail.image.rakuten.co.jp/@0_mall/keitai/cabinet/banner3/41-86_700150.jpg"" width=""320""><br><font size=""-1"">▲大人気ifaceもディズニーキャラ▲</font>
</td>
</tr>
<tr>
<td colspan=""2"" align=""center"">
<img src=""http://thumbnail.image.rakuten.co.jp/@0_mall/keitai/cabinet/banner2/19-802908_700150.jpg"" width=""320""><br><font size=""-1"">▲大人気ifaceもディズニーキャラ▲</font>
</td>
</tr>
<tr>
<td align=""center"">
 <img src=""http://image.rakuten.co.jp/ketchupper/cabinet/item/276/page01/276-8522img01.jpg"" width=""150""><br><font size=""-1"">▲モバイル充電器▲</font>
 </td>
 <td align=""center"">
 <img src=""http://image.rakuten.co.jp/keitai/cabinet/item/276/page01/276-866801img01.jpg"" width=""150""><br><font size=""-1"">▲プリンセス▲</font>
 </td>
</tr>
<tr>
<td align=""center"">
 <img src=""http://image.rakuten.co.jp/ketchupper/cabinet/item/19/page01/19-8606img01.jpg"" width=""150""><br><font size=""-1"">▲セルカ棒▲</font>
 </td>
 <td align=""center"">
 <img src=""http://image.rakuten.co.jp/ketchupper/cabinet/item/19/page01/19-8545img01.jpg"" width=""150""><br><font size=""-1"">▲セルカレンズ▲</font>
 </td>
</tr>
</table>
<table cellpadding=""5"" width=""350"">
<tr>
<td colspan=""4"" align=""center"">
<img src=""http://thumbnail.image.rakuten.co.jp/@0_mall/keitai/cabinet/banner3/imgrc0064561913.jpg"" width=""320"">
</td>
</tr>
<tr>
<td>
<img src=""http://thumbnail.image.rakuten.co.jp/@0_mall/keitai/cabinet/item/276/276-8247s.jpg"" width=""70"">
</td>
<td>
<img src=""http://thumbnail.image.rakuten.co.jp/@0_mall/keitai/cabinet/item/276/276-847602.jpg"" width=""70"">
</td>
<td>
<img src=""http://thumbnail.image.rakuten.co.jp/@0_mall/keitai/cabinet/item/19/19-75_a.jpg"" width=""70"">
</td>
<td>
<img src=""http://thumbnail.image.rakuten.co.jp/@0_mall/keitai/cabinet/item/19/19-8067_a.jpg"" width=""70"">
</td>
</tr>
<tr>
<td colspan=""4"" align=""center"">
<img src=""http://thumbnail.image.rakuten.co.jp/@0_mall/keitai/cabinet/item/19/page01/19-807309img41.jpg"" width=""320"">
</td>
</tr>
</table>",iPhone6 iphone6s ディズニー iPhone ケース ( pooh friend )【 プー プーさん くまのプーさん pooh ピグレット イーヨー ティガー iphone 6 iphone 6s タケヤマ・ノリヤ デザイン】：Ketchup,スマホケースiPhoneケース可愛いxperia安いスマホスマホカバーキーホルダーストラップイヤホンスピーカーネットショップhameeハミィイヤホンジャックディズニーかわいい女子ファッション通販iPhone6 iphone6s ディズニー iPhone ケース ( pooh friend )【 プー プーさん くまのプーさん pooh ピグレット イーヨー ティガー iphone 6 iphone 6s タケヤマ・ノリヤ デザイン】,　　　。iPhone6 iphone6s ディズニー iPhone ケース ( pooh friend )【 プー プーさん くまのプーさん pooh ピグレット イーヨー ティガー iphone 6 iphone 6s タケヤマ・ノリヤ デザイン】[rn]
23-92256,http://tshop.r10s.jp/ketchupper/cabinet/item/165/165-7268.jpg?fitin=700:700,3024.0000,,スマートフォン・タブレット > スマートフォンアクセサリー > スマートフォンケース,iPhone7ケース iPhone6 iPhone6s ケース かわいい おしゃれ ブランド キャラクター ディズニー トランクカバー 【 携帯ケース 】,,"<div class=""productPage""><center>
<img src=""http://image.rakuten.co.jp/keitai/cabinet/kisetukate/smart/for_ip7_6s_6.jpg"" width=""700"" height=""85""><br><br>
<img src=""http://image.rakuten.co.jp/keitai/cabinet/item/165/page01/165-726810img01.jpg"" width=""700"" height=""433""><br>
<table border=""0"" width=""700"" cellpadding=""0"" cellspacing=""0""><tr><td align=""right"" class=""itemCopy""><font size=""2"">(C)Disney<br>(C)Disney/Pixar</font></td></tr></table><br>
<table border=""0"" width=""680"" cellpadding=""0"" cellspacing=""0"">
<tr>
<td align=""left"">
<font size=""2"">
トランク風のデザインがなんともおしゃれなディズニーキャラクターのiPhone7/6s/6専用ケース。<br>
横置きスタンドやミラー、カードポケットなど、機能満載。<br>
オフィスでもプライベートでも大活躍間違いなしです。
</font>
</td>
</tr>
</table>
<br>
<table border=""0"" width=""680"" cellpadding=""0"" cellspacing=""0""><tr><td align=""left""><font size=""2"">※クレードル（卓上ホルダなど）を使用して確実に充電するには、本製品を外すことをおすすめします。</font></td></tr></table><br>
</center><!-- サイズ表ここから -->
<br><center>
<table width=""700"" cellpadding=""0"" cellspacing=""2"" class=""size_tbl"">
<tr>
<td width=""130""><b>サイズ表</b></td>
<td width=""10""></td>
<td width=""560""></td>
</tr>
<tr>
<td>ケース本体</td>
<td>：</td>
<td>約縦14.2×横7.8×厚1.7cm</td>
</tr>
<tr>
<td width=""130""><b>その他仕様</b></td>
<td width=""10""></td>
<td width=""560""></td>
</tr>
<tr>
<td>主素材</td>
<td>：</td>
<td>合皮、TPU、ポリエステル、アクリル（鏡）、合金</td>
</tr>
<tr>
<td>ストラップ使用</td>
<td>：</td>
<td>可</td>
</tr>
</table>
</center>
<!-- サイズ表ここまで --></div><!--ガラス--><hr><center><b>▼合わせておすすめ！▼</b></center><a href=""http://item.rakuten.co.jp/ketchupper/276-8764/""><img src=""http://image.rakuten.co.jp/keitai/cabinet/item/276/page02/276-876404img01.jpg"" width=""100%""></a><br><!--/ガラス--><!--iPhone6/6s--><center>
▼iPhone6/6sケースならKetchup!にお任せ▼<br>
<table width=""100%"">
<tr><td><img src=""http://image.rakuten.co.jp/ketchupper/cabinet/banner/cate_iphone6_700150.jpg"" width=""100%"" alt=""手帳型 シリコン ハード ソフト""></td></tr>

<tr><td><img src=""http://image.rakuten.co.jp/ketchupper/cabinet/banner/cate_iphone6s_700150.jpg"" width=""100%"" alt=""手帳型 シリコン ハード ソフト""></td></tr></table>
</center>
<!--/iPhone6/6s--><hr><!--ディズニー-->",iPhone7ケース iPhone6 iPhone6s ケース かわいい おしゃれ ブランド キャラクター ディズニー トランクカバー 【 携帯ケース 】：Ketchup,スマホケースiPhoneケース可愛いxperia安いスマホスマホカバーキーホルダーストラップイヤホンスピーカーネットショップhameeハミィイヤホンジャックディズニーかわいい女子ファッション通販iPhone7ケース iPhone6 iPhone6s ケース かわいい おしゃれ ブランド キャラクター ディズニー トランクカバー 【 携帯ケース 】,iPhone7ケース iPhone6 iPhone6s ケース かわいい おしゃれ ブランド キャラクター ディズニー トランクカバー 【 携帯ケース 】[rn]
23-92257,http://tshop.r10s.jp/ketchupper/cabinet/item/111_8/111-0044.jpg?fitin=700:700,1278.4000,,スマートフォン・タブレット > スマートフォンアクセサリー > スマートフォンケース,iphone7 iphone 7 ディズニー TPU ソフトケース【 携帯ケース ミッキー ミニー ドナルド 】,,"<!--ガラス--><br><center><b>▼合わせておすすめ！▼</b></center><br>
<a href=""http://item.rakuten.co.jp/ketchupper/276-8735/""><img src=""http://image.rakuten.co.jp/ketchupper/cabinet/banner/276-873502_700150.jpg"" width=""100%""></a><br><hr>
<!--/ガラス--><div class=""productPage""><center>
<img src=""http://image.rakuten.co.jp/keitai/cabinet/kisetukate/smart/for_ip7.jpg"" width=""700"" height=""85""><br><br>
<img src=""http://image.rakuten.co.jp/keitai/cabinet/item/111/page03/111-004453img01.jpg"" width=""700"" height=""433""><br>
<table border=""0"" width=""700"" cellpadding=""0"" cellspacing=""0""><tr><td align=""right"" class=""itemCopy""><font size=""2"">(C)Disney</font></td></tr></table><br>
<img src=""http://image.rakuten.co.jp/keitai/cabinet/item/111/page03/111-004453img02.gif"" width=""700"" height=""77""><br><br>
<table border=""0"" width=""680"" cellpadding=""0"" cellspacing=""0"">
<tr>
<td align=""left"">
<font size=""2"">
ミッキーマウス、ミニーマウス、ドナルドダックのアイコンやお洋服がデザインされたキュートなiPhone7専用TPUソフトケース。<br>
ラメ入り素材でキラキラ光ります。液晶の縁までしっかりガードし衝撃をやわらげます。アクセサリーなどがつけられるストラップホール付き。
</font>
</td>
</tr>
</table>
<br>
<img src=""http://image.rakuten.co.jp/keitai/cabinet/syapage/title_4.gif"" width=""700"" height=""80""><br><br>
<table border=""0"" width=""700"" height=""250"" cellpadding=""0"" cellspacing=""0""><tbody><tr><td width=""345""><img src=""http://image.rakuten.co.jp/keitai/cabinet/item/111/page03/111-004453img03.jpg"" width=""345"" height=""250""></td><td width=""10""></td><td align=""left"">ストラップホール付き。</td><td width=""10""></td></tr></tbody></table><br>
<table border=""0"" width=""680"" cellpadding=""0"" cellspacing=""0""><tr><td align=""left""><font size=""2"">※こちらの商品はデザインや仕様変更になる場合がございますので、予めご了承ください。<br>
※クレードル（卓上ホルダなど）を使用して確実に充電するには、本製品を外すことをおすすめします。<br>
※ストラップの取り付け部分が細い場合ホールが破損する恐れがあります。</font></td></tr></table><br>
</center><!-- サイズ表ここから -->
<br><center>
<table width=""700"" cellpadding=""0"" cellspacing=""2"" class=""size_tbl"">
<tr>
<td width=""130""><b>サイズ表</b></td>
<td width=""10""></td>
<td width=""560""></td>
</tr>
<tr>
<td>ケース本体</td>
<td>：</td>
<td>約縦14×横7×厚0.9cm</td>
</tr>
<tr>
<td width=""130""><b>その他仕様</b></td>
<td width=""10""></td>
<td width=""560""></td>
</tr>
<tr>
<td>主素材</td>
<td>：</td>
<td>TPU（熱可塑性ポリウレタン樹脂）</td>
</tr>
<tr>
<td>ストラップ使用</td>
<td>：</td>
<td>可</td>
</tr>
</table>
</center>
<!-- サイズ表ここまで --><!-- バリエリンク -->
<center>
<table width=""700"" border=""0"" cellpadding=""1"" cellspacing=""0"">
<tr>
<td colspan=""7"" align=""left"">
<hr style=""border-style:solid; border-color:#000000; border-bottom-width:0px;"">
<font size=""2""><b>▼その他関連商品はこちら</b></font></td>
</tr>
<tr align=""center"" valign=""top"">
<td width=""100""><a target=""_top"" href=""http://item.rakuten.co.jp/ketchupper/111-0044/""> <img src=""http://thumbnail.image.rakuten.co.jp/@0_mall/ketchupper/cabinet/item/111_8/111-0044.jpg?_ex=90x90"" width=""90"" height=""90"" border=""0""><br></a></td>
<td width=""100""><a target=""_top"" href=""http://item.rakuten.co.jp/ketchupper/476-8733/""> <img src=""http://thumbnail.image.rakuten.co.jp/@0_mall/ketchupper/cabinet/item/476/476-8733.jpg?_ex=90x90"" width=""90"" height=""90"" border=""0""><br></a></td>
<td width=""100""><a target=""_top"" href=""http://item.rakuten.co.jp/ketchupper/353-5972/""> <img src=""http://thumbnail.image.rakuten.co.jp/@0_mall/ketchupper/cabinet/item/353/353-5972.jpg?_ex=90x90"" width=""90"" height=""90"" border=""0""><br></a></td>
<td width=""100""><a target=""_top"" href=""http://item.rakuten.co.jp/ketchupper/165-7/""> <img src=""http://thumbnail.image.rakuten.co.jp/@0_mall/ketchupper/cabinet/item/165/165-7.jpg?_ex=90x90"" width=""90"" height=""90"" border=""0""><br></a></td>
<td width=""100""><a target=""_top"" href=""http://item.rakuten.co.jp/ketchupper/165-7261/""> <img src=""http://thumbnail.image.rakuten.co.jp/@0_mall/ketchupper/cabinet/item/165/165-7261.jpg?_ex=90x90"" width=""90"" height=""90"" border=""0""><br></a></td>
<td width=""100""><a target=""_top"" href=""http://item.rakuten.co.jp/ketchupper/41-8779/""> <img src=""http://thumbnail.image.rakuten.co.jp/@0_mall/ketchupper/cabinet/item/41_4/41-8779.jpg?_ex=90x90"" width=""90"" height=""90"" border=""0""><br></a></td>
<td width=""100""><a target=""_top"" href=""http://item.rakuten.co.jp/ketchupper/41-8781/""> <img src=""http://thumbnail.image.rakuten.co.jp/@0_mall/ketchupper/cabinet/item/41_4/41-8781.jpg?_ex=90x90"" width=""90"" height=""90"" border=""0""><br></a></td>
</tr>
</table>
</center>
<!-- バリエリンク_end --></div><hr>
▼女子のためのオススメスマホケース<br>
<img src=""https://image.rakuten.co.jp/kawaiikan/cabinet/baner/276-858202_700150.jpg"" width=""100%""><br>
<img src=""https://image.rakuten.co.jp/kawaiikan/cabinet/baner/plieribon_700150.jpg"" width=""100%""><br>
<img src=""https://image.rakuten.co.jp/kawaiikan/cabinet/baner/pliekey_700150.jpg"" width=""100%""><br>
<img src=""https://image.rakuten.co.jp/kawaiikan/cabinet/baner/quince_700150.jpg"" width=""100%""><br>
<img src=""https://image.rakuten.co.jp/ketchupper/cabinet/banner/276-881101b_700150.jpg"" width=""100%"">",iphone7 iphone 7 ディズニー TPU ソフトケース【 携帯ケース ミッキー ミニー ドナルド 】：Ketchup,スマホケースiPhoneケース可愛いxperia安いスマホスマホカバーキーホルダーストラップイヤホンスピーカーネットショップhameeハミィイヤホンジャックディズニーかわいい女子ファッション通販iphone7 iphone 7 ディズニー TPU ソフトケース【 携帯ケース ミッキー ミニー ドナルド 】,iphone7 iphone 7 ディズニー TPU ソフトケース【 携帯ケース ミッキー ミニー ドナルド 】[rn]
23-92258,http://tshop.r10s.jp/wakeari/cabinet/w500_2/pm-a15pvswpn01_000.jpg?fitin=700:700,86.4000,,スマートフォン・タブレット > スマートフォンアクセサリー > スマートフォンケース,iPhone6s iPhone6 ケース スワロフスキー・クリスタル ラインストーンシェルカバー：PM-A15PVSWPN01【税込3240円以上で送料無料】[訳あり][ELECOM：エレコムわけありショップ][直営],手元で上品に輝くスワロフスキー・クリスタル,"<div id=""feature-index"" class=""content"">
<h2>本物の輝きが美しく彩る。手元で上品に輝くスワロフスキー(R)・クリスタルをあしらった、オトナの女性に向けたリッチなシェルカバー。</h2>
<div class=""img-kanban""><img src=""http://image.rakuten.co.jp/elecom/cabinet/pz/pm-a15pvsw_z1.jpg"" alt="""" /></div>
<div id=""icn-list"">
<ul>
</ul>
</div>
<!-- /#icn-list -->
<div id=""icn-module"">
<ul>
</ul>
</div>
<!-- /#icn-module -->
<div class=""detail-box"">
<h3><span>スワロフスキー&reg;・クリスタルをあしらったリッチなシェルカバー</span></h3>
<p>スワロフスキー&reg;・クリスタルをあしらった、オトナの女性に向けたリッチなシェルカバーです。</p>
<ul class=""pic col-3"">
<li>
<img src=""http://image.rakuten.co.jp/elecom/cabinet/img33/pm-a15pvswcr01_02.jpg"" alt=""PM-A15PVSWCR01"" title=""PM-A15PVSWCR01"">
<p class=""name"">PM-A15PVSWCR01<br>シャンパン/クリスタル・クリア</p>
</li>
<li>
<img src=""http://image.rakuten.co.jp/elecom/cabinet/img33/pm-a15pvswgd01_02.jpg"" alt=""PM-A15PVSWGD01"" title=""PM-A15PVSWGD01"">
<p class=""name"">PM-A15PVSWGD01<br>シャンパン/クリスタル・ゴールド</p>
</li>
<li>
<img src=""http://image.rakuten.co.jp/elecom/cabinet/img33/pm-a15pvswpn01_02.jpg"" alt=""PM-A15PVSWPN01"" title=""PM-A15PVSWPN01"">
<p class=""name"">PM-A15PVSWPN01<br>シャンパン/クリスタル・ピンク</p>
</li>
<li>
<img src=""http://image.rakuten.co.jp/elecom/cabinet/img33/pm-a15pvswcr02_02.jpg"" alt=""PM-A15PVSWCR02"" title=""PM-A15PVSWCR02"">
<p class=""name"">PM-A15PVSWCR02<br>オーロラ/クリスタル・クリア</p>
</li>
<li>
<img src=""http://image.rakuten.co.jp/elecom/cabinet/img33/pm-a15pvswgd02_02.jpg"" alt=""PM-A15PVSWGD02"" title=""PM-A15PVSWGD02"">
<p class=""name"">PM-A15PVSWGD02<br>オーロラ/クリスタル・ゴールド</p>
</li>
<li>
<img src=""http://image.rakuten.co.jp/elecom/cabinet/img33/pm-a15pvswpn02_02.jpg"" alt=""PM-A15PVSWPN02"" title=""PM-A15PVSWPN02"">
<p class=""name"">PM-A15PVSWPN02<br>オーロラ/クリスタル・ピンク</p>
</li>
</ul>
</div>
<div class=""detail-box""><h3><span>計算しつくされた配置</span></h3>
<div class=""pic-r""><img src=""http://image.rakuten.co.jp/elecom/cabinet/img33/pm-a15pvswpn01_31.jpg"" style=""max-width:200px;height:auto;"" alt="""" /></div>
<p>計算しつくされた配置により、スワロフスキー&reg;・クリスタルが手元で上品に輝きます。</p></div>
<div class=""detail-box"">
<div class=""half""><h3><span>薄くてスリムなポリカーボネート素材</span></h3>
<div class=""half-pic-center""><img src=""http://image.rakuten.co.jp/elecom/cabinet/img33/pm-a15pvsw-001.jpg"" alt="""" /></div>
<p>ケース本体には、軽くて丈夫でありながら薄くてスリムなポリカーボネート素材を使用しています。</p></div>
<div class=""half""><h3><span>装着したままで操作、充電ができる</span></h3>
<div class=""half-pic-center""><img src=""http://image.rakuten.co.jp/elecom/cabinet/img33/pm-a15pvsw-002.jpg"" alt="""" /></div>
<p>ケースを装着したままで液晶画面の確認、本体の操作、充電・通信ケーブルの接続が可能です。</p></div>
</div>
</div>
<!-- /#feature-index --><TABLE width=""700"" border=0><TR><TD><font size=""3"" color=""#d41818""><B>■本物の輝きが美しく彩る。手元で上品に輝くスワロフスキー(R)・クリスタルをあしらった、オトナの女性に向けたリッチなシェルカバー。</B></FONT><BR><img src=http://image.rakuten.co.jp/wakeari/cabinet/smp/680_item_point.gif><font size=""2"" color=""#363636""><BR>■スワロフスキー(R)・クリスタルをあしらった、オトナの女性に向けたリッチなシェルカバーです。 <BR>■計算しつくされた配置により、スワロフスキー(R)・クリスタルが手元で上品に輝きます。 <BR>■ケース本体には、軽くて丈夫でありながら薄くてスリムなポリカーボネート素材を使用しています。 <BR>■ケースを装着したままで液晶画面の確認、本体の操作、充電・通信ケーブルの接続が可能です。<BR><img src=""http://image.rakuten.co.jp/wakeari/cabinet/smp/680_item_spec.gif"" border=0><BR>■対応機種：iPhone 6s / iPhone 6<BR>■セット内容：ケース本体×1<BR>■材質：ケース本体:ポリカーボネート<BR>■カラー：シャンパン/クリスタル・ピンク</FONT></TD></TR></TABLE><br><P><font color=""#666666""><B>JANコード：4953103482852</B></font></P><div style=""padding:0; margin:0px; border:0px; width:730px"">





</div>



<div style=""padding:0; margin:0px; border:0px; width:730px"">



</div>







<!--

<div style=""padding:0; margin:0px; border:0px; width:730px"" align=""center"">





</div>

-->",iPhone6s iPhone6 ケース スワロフスキー・クリスタル ラインストーンシェルカバー：PM-A15PVSWPN01【税込3240円以上で送料無料】[訳あり][ELECOM：エレコムわけありショップ][直営]：エレコムわけありショップ,エレコム訳ありアウトレットわけありメーカー直販メーカー公式モバイルバッテリー無線LANルーターWi-FiルーターマウスカーチャージャーiPhone ケースLightning ケーブル液晶保護フィルムスマホ ケースiPad ケースFMトランスミッターBluetoothAC充電器イヤホンiPhone6s iPhone6 ケース スワロフスキー・クリスタル ラインストーンシェルカバー：PM-A15PVSWPN01【税込3240円以上で送料無料】[訳あり][ELECOM：エレコムわけありショップ][直営],手元で上品に輝くスワロフスキー・クリスタル。iPhone6s iPhone6 ケース スワロフスキー・クリスタル ラインストーンシェルカバー：PM-A15PVSWPN01【税込3240円以上で送料無料】[訳あり][ELECOM：エレコムわけありショップ][直営][rn]
23-92259,http://tshop.r10s.jp/caraz2/cabinet/s5/jq-i6_new.jpg?fitin=700:700,312.0000,,スマートフォン・タブレット > スマートフォンアクセサリー > スマートフォンケース,apple iPhone6 ケース クリア ハードケース【保護フィルム付き】,　,"<b><font size=""2"">■ iPhone6 ケース【保護フィルム付き】 【JQ-I6】</font></b><br><br>
<img src=""http://image.rakuten.co.jp/caraz2/cabinet/s5/jq-i6_1.jpg""/><br><br>
<font size=""2"">
●保護フィルム付きのiPhone6ケースです。<br>
●タイプ：ハードケース<br>
●カラーは3色の中からお選びいただけます。<br>
・ホワイト<br>
・ブラック<br>
・クリア</font><br><br>

<iframe src=""http://www.rakuten.ne.jp/gold/caraz2/product/i_attention.html"" width=""700"" height=""500"" marginwidth=""0"" marginheight=""0"" scrolling=""no"" frameborder=""0"" style=""margin-top:10px;""></iframe><br>
<center>
	<p style=""font-size:12px; color:#505050; margin:0 0 0px 0; padding-bottom:0px;"">
		<strong>▼▼▼　エレガンスバルブシリーズ　▼▼▼　　　　　　　　▼▼▼　インテリアカスタムスプレー　▼▼▼</strong><br>
	</p>
</center>
<table width=""700"" border=""0"" cellpadding=""0"" cellspacing=""0"">
	<img src=""http://image.rakuten.co.jp/caraz2/cabinet/00954701/cqbulb_yuudou.jpg"" alt=""充電式センサーLEDライト Lui -ルイ-"" width=""350"" height=""600"" border=""0"">
	<img src=""http://image.rakuten.co.jp/caraz2/cabinet/00954701/cqic_yuudou.jpg"" alt=""インテリアカスタムスプレー"" width=""350"" height=""600"" border=""0"">
</table>
<br><br>

<br>

<!-- 新作アイテム -->",apple iPhone6 ケース クリア ハードケース【保護フィルム付き】：キャラッツ楽天市場店,キャラッツCARAZ直流家シリーズカー用品SPARCOSTIジェーピーエヌLEDバルブiPhone6 ケースケースカバーステアリングナンバープレートカバー炊飯器ママイオンiPhone4sapple iPhone6 ケース クリア ハードケース【保護フィルム付き】,　。apple iPhone6 ケース クリア ハードケース【保護フィルム付き】[rn]
23-92260,http://tshop.r10s.jp/caraz2/cabinet/s5/jq-i6p_new.jpg?fitin=700:700,312.0000,,スマートフォン・タブレット > スマートフォンアクセサリー > スマートフォンケース,apple iPhone6 plus ケース クリア ハードケース【保護フィルム付き】,　,"<b><font size=""2"">■ iPhone6 plus ケース【保護フィルム付き】  【JQ-I6P】</font></b><br><br>
<img src=""http://image.rakuten.co.jp/caraz2/cabinet/s5/jq-i6p_1.jpg""/><br><br>
<font size=""2"">●保護フィルム付きのiPhone6 plusケースです。<br>
●タイプ：ハードケース<br>
●カラーは3色の中からお選びいただけます。<br>
・ホワイト<br>
・ブラック<br>
・クリア</font><br><br>

<iframe src=""http://www.rakuten.ne.jp/gold/caraz2/product/i_attention.html"" width=""700"" height=""500"" marginwidth=""0"" marginheight=""0"" scrolling=""no"" frameborder=""0"" style=""margin-top:10px;""></iframe><br>
<center>
	<p style=""font-size:12px; color:#505050; margin:0 0 0px 0; padding-bottom:0px;"">
		<strong>▼▼▼　エレガンスバルブシリーズ　▼▼▼　　　　　　　　▼▼▼　インテリアカスタムスプレー　▼▼▼</strong><br>
	</p>
</center>
<table width=""700"" border=""0"" cellpadding=""0"" cellspacing=""0"">
	<img src=""http://image.rakuten.co.jp/caraz2/cabinet/00954701/cqbulb_yuudou.jpg"" alt=""充電式センサーLEDライト Lui -ルイ-"" width=""350"" height=""600"" border=""0"">
	<img src=""http://image.rakuten.co.jp/caraz2/cabinet/00954701/cqic_yuudou.jpg"" alt=""インテリアカスタムスプレー"" width=""350"" height=""600"" border=""0"">
</table>
<br><br>

<br>

<!-- 新作アイテム -->",apple iPhone6 plus ケース クリア ハードケース【保護フィルム付き】：キャラッツ楽天市場店,キャラッツCARAZ直流家シリーズカー用品SPARCOSTIジェーピーエヌLEDバルブiPhone6 ケースケースカバーステアリングナンバープレートカバー炊飯器ママイオンiPhone4sapple iPhone6 plus ケース クリア ハードケース【保護フィルム付き】,　。apple iPhone6 plus ケース クリア ハードケース【保護フィルム付き】[rn]
23-92261,http://tshop.r10s.jp/gold/yiprefer/images/ipcase/ipcase-084_01.jpg?fitin=700:700,988.8000,,スマートフォン・タブレット > スマートフォンアクセサリー > スマートフォンケース,iPhone7 手帳型 ケース iPhone7 PLUS 手帳型 ケース iphone6s ケース 手帳型 送料無料  撥水デニム PUレザー 大ポケット付きケース iphone6 手帳型 iphone7 ケースかわいい iphone7 plusケース iPhone6S Plus ケース 手帳型 アイフォン７ケース 落下防止 おしゃれ,撥水性 耐摩耗性 スタンド機能 ダイアリー型　耐久性,"<p align=""center""><img border=""0"" src=""http://www.rakuten.ne.jp/gold/yiprefer/images/ipcase/ipcase-084_01.jpg""><br> 
<img border=""0"" src=""http://www.rakuten.ne.jp/gold/yiprefer/images/ipcase/ipcase-084_02.jpg""><br> 
<img border=""0"" src=""http://www.rakuten.ne.jp/gold/yiprefer/images/ipcase/ipcase-084_03.jpg""><br> 
<img border=""0"" src=""http://www.rakuten.ne.jp/gold/yiprefer/images/ipcase/ipcase-084_04.jpg""><br> 
<img border=""0"" src=""http://www.rakuten.ne.jp/gold/yiprefer/images/ipcase/ipcase-084_05.jpg""><br> 
<img border=""0"" src=""http://www.rakuten.ne.jp/gold/yiprefer/images/ipcase/ipcase-084_06.jpg""><br> 
<img border=""0"" src=""http://www.rakuten.ne.jp/gold/yiprefer/images/ipcase/ipcase-084_07.jpg""><br> 
<img border=""0"" src=""http://www.rakuten.ne.jp/gold/yiprefer/images/ipcase/ipcase-084_08.jpg""><br> 

<img border=""0"" src=""http://image.rakuten.co.jp/yiprefer/cabinet/io/s54377878-pr.jpg""/><br>
<img src=""http://image.rakuten.co.jp/yiprefer/cabinet/io/review-pre.jpg"" width=""750"" border=""0"" usemap=""#review"">
<div align=""center""><a href=""http://www.rakuten.ne.jp/gold/yiprefer/delivery.html"" target=""_blank""><img src=""http://image.rakuten.co.jp/yiprefer/cabinet/io/gochuui.jpg"" alt=""ご注文の前に必ずお読みください"" width=""100%"" /></a><br>
 <br>
 <br>
</div><br><br><br>
<iframe src=""http://www.rakuten.ne.jp/gold/yiprefer/osusume.html"" scrolling=""no"" width=""790"" frameborder=""0"" height=""820"" >
</iframe><br><br><!--▼ Item Information ここから-->
<div class=""item_stl"">Item Information</div>
<table border=""0"" class=""item_shousai"">
  <tr>
    <th width=""60"">商品名</th>
    <td width=""402"">撥水デニム＆PUレザー 大ポケット付きケース</td>
  </tr>
  <tr>
    <th height=""16"">カラー</th>
    <td><p>ブラウン/ブルー/レッド/ブラック</p>
    </td>
  </tr>
  <tr>
    <th>材質</th>
    <td>デニム・PUレザー</td>
  </tr>
  <tr>
<th>対応機種</th>
<td>iPhone6/6S/6Plus/6S Plus/Galaxy S7 Edge</td>
  <tr> 
  </tr>
  <tr>
<th>発送方法</th>
<td>ゆうパケット送料無料（宅急便の場合は送料540円～を加算）</td>
</tr></table>
<!--▲ Item Information ここまで-->
</div><!-- /item_w -->
<br><br><br><style>
input[value=""お買い物かごに入れる""] {
  background: url(http://www.rakuten.ne.jp/gold/yiprefer/images/bnr/cart_bt.jpg) no-repeat scroll left top rgba(0, 0, 0, 0);
  border: 0 none;
  display: inline-block;
  width: 248px;
  height: 55px;
  overflow: hidden;
  text-indent: -99999px;
  white-space: nowrap;
  margin:5px 0 5px;
}

input[value=""お買い物かごに入れる""]:hover {
  cursor: pointer;
  opacity: 0.6;
}

input {
  font-size: 14px;
  width: auto;
  border:1px solid #333333;
}


#pickup780 td{font-size:12px; text-align:left; width:25%; vertical-align:top; line-height:1.4;}
#pickup780 .price{color:#C00; font-weight:bold;}
#pickup780 td img{width:100%;}
#pickup780 td a{color:#333333;}

/*<!--
body{
background:url(http://image.rakuten.co.jp/yiprefer/cabinet/io/ss-100-440-50off.jpg) repeat-y top right;
}
-->*/
</style>

<br><br><br>
<img src=""http://www.rakuten.ne.jp/gold/yiprefer/images/pickup/pickup_tit780.jpg""><br>
<table width=""780"" border=""0"" cellspacing=""10"" cellpadding=""0"" id=""pickup780"">
  <tr>
    <td><img src=""http://thumbnail.image.rakuten.co.jp/@0_mall/yiprefer/cabinet/03615470/btr-006_01.jpg?_ex=300x300&s=2&r=1"" border=""0"" /><br />【REMAX】5000mAh エイリアンシリーズ モバイルバッテリー<br>
    <span class=""price"">2,440円 (税込)</span></td>
    <td><img src=""http://thumbnail.image.rakuten.co.jp/@0_mall/yiprefer/cabinet/03615470/btr-002_01.jpg?_ex=300x300&s=2&r=1"" border=""0""><br>【REMAX】10000mAh大容量 <br />
リチウムポリマー<br>
<span class=""price"">2,980円 (税込)</span></td>
    <td><img src=""http://thumbnail.image.rakuten.co.jp/@0_mall/yiprefer/cabinet/03615470/stand-016_01.jpg?_ex=300x300&s=2&r=1"" border=""0""><br>
      【REMAX】 iphone7スマートフォン<br />
粘着シール不要 ホルダー<br>
<span class=""price"">750円 (税込)</span></td>
  <td><img src=""https://thumbnail.image.rakuten.co.jp/@0_mall/yiprefer/cabinet/03615470/ipcase-116_01.jpg?_ex=300x300&s=2&r=1"" border=""0""><br> iPhone7/iPhone7 Plus クリアケースかわいい おしゃれ 　<br>
<span class=""price"">750円 (税込)</span></td> </tr>
    <tr> <td><img src=""http://thumbnail.image.rakuten.co.jp/@0_mall/yiprefer/cabinet/03615470/adpt-016_01.jpg?_ex=300x300&s=2&r=1"" border=""0""><br>
      【Baseus】Type C to USB <br />
     変換アダプター<br>
      <span class=""price"">2,760円 (税込)</span></td>  
 <td><img src=""https://thumbnail.image.rakuten.co.jp/@0_mall/yiprefer/cabinet/03615470/stand-033_01.jpg?_ex=300x300&s=2&r=1"" border=""0""><br>360度回転 マグネット iphone7 車載ホルダー<br><span class=""price"">1,880円 (税込)</span></td>
 <td><img src=""https://thumbnail.image.rakuten.co.jp/@0_mall/yiprefer/cabinet/03615470/ipcase-118_01.jpg?_ex=300x300&s=2&r=1"" border=""0""><br>
   iPhone7/iPhone7 plus スタンド付きケース<br>
 <span class=""price"">820円 (税込)</span></td>
    
    
    <td><img src=""http://thumbnail.image.rakuten.co.jp/@0_mall/yiprefer/cabinet/03615470/ep-010_01.jpg?_ex=300x300&s=2&r=1"" border=""0"" /><br>
      【REMAX】カナル式 イヤホン<br />
      運動時に最適<br>
      <span class=""price"">2,045円 (税込)</span></td>
  </tr>
</table>


<br><br><br>

<div style=""width:48%; height:725px; overflow:hidden; border:1px solid #CCC; float:left; margin-right:10px;"">
<img src=""http://www.rakuten.ne.jp/gold/yiprefer/ec-collection/images/ecolle_order.jpg"" width=""100%""><br>

</div>



<div style=""width:48%; overflow:hidden; float:left; height:720px;"">
<img src=""http://www.rakuten.ne.jp/gold/yiprefer/ec-collection/images/ecolle_review.jpg"" width=""100%""><br>
</div>
<br style=""clear:both;""><br><br>",iPhone7 手帳型 ケース iPhone7 PLUS 手帳型 ケース iphone6s ケース 手帳型 送料無料  撥水デニム PUレザー 大ポケット付きケース iphone6 手帳型 iphone7 ケースかわいい iphone7 plusケース iPhone6S Plus ケース 手帳型 アイフォン７ケース 落下防止 おしゃれ：NeverChange楽天市場店,iPhone7 手帳型 ケース iPhone7 PLUS 手帳型 ケース iphone6s ケース 手帳型 送料無料  撥水デニム PUレザー 大ポケット付きケース iphone6 手帳型 iphone7 ケースかわいい iphone7 plusケース iPhone6S Plus ケース 手帳型 アイフォン７ケース 落下防止 おしゃれ,撥水性 耐摩耗性 スタンド機能 ダイアリー型　耐久性。iPhone7 手帳型 ケース iPhone7 PLUS 手帳型 ケース iphone6s ケース 手帳型 送料無料  撥水デニム PUレザー 大ポケット付きケース iphone6 手帳型 iphone7 ケースかわいい iphone7 plusケース iPhone6S Plus ケース 手帳型 アイフォン７ケース 落下防止 おしゃれ[rn]
23-92262,http://tshop.r10s.jp/yiprefer/cabinet/03615470/ipcase-118_01.jpg?fitin=700:700,1424.0000,,スマートフォン・タブレット > スマートフォンアクセサリー > スマートフォンケース,【ゆう】送料無料 iphone7 ケース iphone7 plus ケース スタンド PC TPU 軽量 スマホケース頑丈 スタイリッシュ iphone7ケースおしゃれ iphone7 plus ケース 耐衝撃 アイフォン７ケース かっこいい iphone7plus ケース iphone7plusカバー  シンプル,iphone7 ケース 耐衝撃 薄型 iphone7plus 軽量 スリムケース,"<div align=""center""><img border=""0"" src=""http://image.rakuten.co.jp/yiprefer/cabinet/03615470/ipcase-118_01.jpg""/><br>
 <img border=""0"" src=""http://image.rakuten.co.jp/yiprefer/cabinet/03615470/ipcase-118_02.jpg""/><br>
 <img border=""0"" src=""http://image.rakuten.co.jp/yiprefer/cabinet/03615470/ipcase-118_03.jpg""/><br>
 <img border=""0"" src=""http://image.rakuten.co.jp/yiprefer/cabinet/03615470/ipcase-118_04.jpg""/><br>

 <img border=""0"" src=""http://image.rakuten.co.jp/yiprefer/cabinet/03615470/ipcase-118_05.jpg""/><br>
 <img border=""0"" src=""http://image.rakuten.co.jp/yiprefer/cabinet/03615470/ipcase-118_06.jpg""/><br>
 <img border=""0"" src=""http://image.rakuten.co.jp/yiprefer/cabinet/03615470/ipcase-118_07.jpg""/><br>
<img border=""0"" src=""http://image.rakuten.co.jp/yiprefer/cabinet/03615470/ipcase-118_08.jpg""/><br>
<img border=""0"" src=""http://image.rakuten.co.jp/yiprefer/cabinet/03615470/ipcase-118_09.jpg""/><br>
<img border=""0"" src=""http://image.rakuten.co.jp/yiprefer/cabinet/03615470/ipcase-118_10.jpg""/><br>
<img border=""0"" src=""http://image.rakuten.co.jp/yiprefer/cabinet/03615470/ipcase-118_11.jpg""/>
<img border=""0"" src=""http://image.rakuten.co.jp/yiprefer/cabinet/03615470/ipcase-118_12.jpg""/><br>


<br />


  
 <img border=""0"" src=""http://image.rakuten.co.jp/yiprefer/cabinet/io/s54377878-pr.jpg""/><br>


<img src=""http://image.rakuten.co.jp/yiprefer/cabinet/io/review-pre.jpg"" width=""750"" border=""0"" usemap=""#review"">




 <div align=""center"">
 <a href=""http://www.rakuten.ne.jp/gold/yiprefer/delivery.html"" target=""_blank""><img src=""http://image.rakuten.co.jp/yiprefer/cabinet/io/gochuui.jpg"" alt=""ご注文の前に必ずお読みください"" width=""100%"" /></a><br> <!--<img src=""http://image.rakuten.co.jp/yiprefer/cabinet/05072248/imgrc0063644612.jpg""><br>-->
</div><br><br><br>
<iframe src=""http://www.rakuten.ne.jp/gold/yiprefer/osusume.html"" scrolling=""no"" width=""790"" frameborder=""0"" height=""820"" class=""osusume"">
</iframe><br><br>
</div><style>
input[value=""お買い物かごに入れる""] {
  background: url(http://www.rakuten.ne.jp/gold/yiprefer/images/bnr/cart_bt.jpg) no-repeat scroll left top rgba(0, 0, 0, 0);
  border: 0 none;
  display: inline-block;
  width: 248px;
  height: 55px;
  overflow: hidden;
  text-indent: -99999px;
  white-space: nowrap;
  margin:5px 0 5px;
}

input[value=""お買い物かごに入れる""]:hover {
  cursor: pointer;
  opacity: 0.6;
}

input {
  font-size: 14px;
  width: auto;
  border:1px solid #333333;
}


#pickup780 td{font-size:12px; text-align:left; width:25%; vertical-align:top; line-height:1.4;}
#pickup780 .price{color:#C00; font-weight:bold;}
#pickup780 td img{width:100%;}
#pickup780 td a{color:#333333;}

/*<!--
body{
background:url(http://image.rakuten.co.jp/yiprefer/cabinet/io/ss-100-440-50off.jpg) repeat-y top right;
}
-->*/
</style>

<br><br><br>
<img src=""http://www.rakuten.ne.jp/gold/yiprefer/images/pickup/pickup_tit780.jpg""><br>
<table width=""780"" border=""0"" cellspacing=""10"" cellpadding=""0"" id=""pickup780"">
  <tr>
    <td><img src=""http://thumbnail.image.rakuten.co.jp/@0_mall/yiprefer/cabinet/03615470/btr-006_01.jpg?_ex=300x300&s=2&r=1"" border=""0"" /><br />【REMAX】5000mAh エイリアンシリーズ モバイルバッテリー<br>
    <span class=""price"">2,440円 (税込)</span></td>
    <td><img src=""http://thumbnail.image.rakuten.co.jp/@0_mall/yiprefer/cabinet/03615470/btr-002_01.jpg?_ex=300x300&s=2&r=1"" border=""0""><br>【REMAX】10000mAh大容量 <br />
リチウムポリマー<br>
<span class=""price"">2,980円 (税込)</span></td>
    <td><img src=""http://thumbnail.image.rakuten.co.jp/@0_mall/yiprefer/cabinet/03615470/stand-016_01.jpg?_ex=300x300&s=2&r=1"" border=""0""><br>
      【REMAX】 iphone7スマートフォン<br />
粘着シール不要 ホルダー<br>
<span class=""price"">750円 (税込)</span></td>
  <td><img src=""https://thumbnail.image.rakuten.co.jp/@0_mall/yiprefer/cabinet/03615470/ipcase-116_01.jpg?_ex=300x300&s=2&r=1"" border=""0""><br> iPhone7/iPhone7 Plus クリアケースかわいい おしゃれ 　<br>
<span class=""price"">750円 (税込)</span></td> </tr>
    <tr> <td><img src=""http://thumbnail.image.rakuten.co.jp/@0_mall/yiprefer/cabinet/03615470/adpt-016_01.jpg?_ex=300x300&s=2&r=1"" border=""0""><br>
      【Baseus】Type C to USB <br />
     変換アダプター<br>
      <span class=""price"">2,760円 (税込)</span></td>  
 <td><img src=""https://thumbnail.image.rakuten.co.jp/@0_mall/yiprefer/cabinet/03615470/stand-033_01.jpg?_ex=300x300&s=2&r=1"" border=""0""><br>360度回転 マグネット iphone7 車載ホルダー<br><span class=""price"">1,880円 (税込)</span></td>
 <td><img src=""https://thumbnail.image.rakuten.co.jp/@0_mall/yiprefer/cabinet/03615470/ipcase-118_01.jpg?_ex=300x300&s=2&r=1"" border=""0""><br>
   iPhone7/iPhone7 plus スタンド付きケース<br>
 <span class=""price"">820円 (税込)</span></td>
    
    
    <td><img src=""http://thumbnail.image.rakuten.co.jp/@0_mall/yiprefer/cabinet/03615470/ep-010_01.jpg?_ex=300x300&s=2&r=1"" border=""0"" /><br>
      【REMAX】カナル式 イヤホン<br />
      運動時に最適<br>
      <span class=""price"">2,045円 (税込)</span></td>
  </tr>
</table>


<br><br><br>

<div style=""width:48%; height:725px; overflow:hidden; border:1px solid #CCC; float:left; margin-right:10px;"">
<img src=""http://www.rakuten.ne.jp/gold/yiprefer/ec-collection/images/ecolle_order.jpg"" width=""100%""><br>

</div>



<div style=""width:48%; overflow:hidden; float:left; height:720px;"">
<img src=""http://www.rakuten.ne.jp/gold/yiprefer/ec-collection/images/ecolle_review.jpg"" width=""100%""><br>
</div>
<br style=""clear:both;""><br><br>",【ゆう】送料無料 iphone7 ケース iphone7 plus ケース スタンド PC TPU 軽量 スマホケース頑丈 スタイリッシュ iphone7ケースおしゃれ iphone7 plus ケース 耐衝撃 アイフォン７ケース かっこいい iphone7plus ケース iphone7plusカバー  シンプル：NeverChange楽天市場店,【ゆう】送料無料 iphone7 ケース iphone7 plus ケース スタンド PC TPU 軽量 スマホケース頑丈 スタイリッシュ iphone7ケースおしゃれ iphone7 plus ケース 耐衝撃 アイフォン７ケース かっこいい iphone7plus ケース iphone7plusカバー  シンプル,iphone7 ケース 耐衝撃 薄型 iphone7plus 軽量 スリムケース。【ゆう】送料無料 iphone7 ケース iphone7 plus ケース スタンド PC TPU 軽量 スマホケース頑丈 スタイリッシュ iphone7ケースおしゃれ iphone7 plus ケース 耐衝撃 アイフォン７ケース かっこいい iphone7plus ケース iphone7plusカバー  シンプル[rn]
23-92263,http://tshop.r10s.jp/yiprefer/cabinet/03615470/ipcase-116_01.jpg?fitin=700:700,600.0000,,スマートフォン・タブレット > スマートフォンアクセサリー > スマートフォンケース,【ゆう】送料無料  iphone7 ケースかわいい 薄い iphone7 plus ケース 高透明 極薄 TPUケース 頑丈 保護カバー 軽量 クリアケース ソフト フィット スタイリッシュ iphone7 クリアケース おしゃれ iphone7 plus クリアケース iphone7 ケース おしゃれ,iphone7 クリアケース 透明感 耐衝撃ケース シンプル 薄型,"<div align=""center""><img border=""0"" src=""http://image.rakuten.co.jp/yiprefer/cabinet/03615470/ipcase-116_01.jpg""/><br>
 <img border=""0"" src=""http://image.rakuten.co.jp/yiprefer/cabinet/03615470/ipcase-116_02.jpg""/><br>
 <img border=""0"" src=""http://image.rakuten.co.jp/yiprefer/cabinet/03615470/ipcase-116_03.jpg""/><br>
 <img border=""0"" src=""http://image.rakuten.co.jp/yiprefer/cabinet/03615470/ipcase-116_04.jpg""/><br>

 <img border=""0"" src=""http://image.rakuten.co.jp/yiprefer/cabinet/03615470/ipcase-116_05.jpg""/><br>
 <img border=""0"" src=""http://image.rakuten.co.jp/yiprefer/cabinet/03615470/ipcase-116_06.jpg""/><br>
 <img border=""0"" src=""http://image.rakuten.co.jp/yiprefer/cabinet/03615470/ipcase-116_07.jpg""/><br>
<img border=""0"" src=""http://image.rakuten.co.jp/yiprefer/cabinet/03615470/ipcase-116_08.jpg""/><br>
<img border=""0"" src=""http://image.rakuten.co.jp/yiprefer/cabinet/03615470/ipcase-116_09.jpg""/><br>
<img border=""0"" src=""http://image.rakuten.co.jp/yiprefer/cabinet/03615470/ipcase-116_10.jpg""/><br>
<img border=""0"" src=""http://image.rakuten.co.jp/yiprefer/cabinet/03615470/ipcase-116_11.jpg""/>
<img border=""0"" src=""http://image.rakuten.co.jp/yiprefer/cabinet/03615470/ipcase-116_12.jpg""/><br>
<img border=""0"" src=""http://image.rakuten.co.jp/yiprefer/cabinet/03615470/ipcase-116_13.jpg""/><br>
<img border=""0"" src=""http://image.rakuten.co.jp/yiprefer/cabinet/03615470/ipcase-116_14.jpg""/><br />

<br />



<br />


  
 <img border=""0"" src=""http://image.rakuten.co.jp/yiprefer/cabinet/io/s54377878-pr.jpg""/><br>


<img src=""http://image.rakuten.co.jp/yiprefer/cabinet/io/review-pre.jpg"" width=""750"" border=""0"" usemap=""#review"">




 <div align=""center"">
 <a href=""http://www.rakuten.ne.jp/gold/yiprefer/delivery.html"" target=""_blank""><img src=""http://image.rakuten.co.jp/yiprefer/cabinet/io/gochuui.jpg"" alt=""ご注文の前に必ずお読みください"" width=""100%"" /></a><br> <!--<img src=""http://image.rakuten.co.jp/yiprefer/cabinet/05072248/imgrc0063644612.jpg""><br>-->
</div><br><br><br>
<iframe src=""http://www.rakuten.ne.jp/gold/yiprefer/osusume.html"" scrolling=""no"" width=""790"" frameborder=""0"" height=""820"" class=""osusume"">
</iframe><br><br>
</div><style>
input[value=""お買い物かごに入れる""] {
  background: url(http://www.rakuten.ne.jp/gold/yiprefer/images/bnr/cart_bt.jpg) no-repeat scroll left top rgba(0, 0, 0, 0);
  border: 0 none;
  display: inline-block;
  width: 248px;
  height: 55px;
  overflow: hidden;
  text-indent: -99999px;
  white-space: nowrap;
  margin:5px 0 5px;
}

input[value=""お買い物かごに入れる""]:hover {
  cursor: pointer;
  opacity: 0.6;
}

input {
  font-size: 14px;
  width: auto;
  border:1px solid #333333;
}


#pickup780 td{font-size:12px; text-align:left; width:25%; vertical-align:top; line-height:1.4;}
#pickup780 .price{color:#C00; font-weight:bold;}
#pickup780 td img{width:100%;}
#pickup780 td a{color:#333333;}

/*<!--
body{
background:url(http://image.rakuten.co.jp/yiprefer/cabinet/io/ss-100-440-50off.jpg) repeat-y top right;
}
-->*/
</style>

<br><br><br>
<img src=""http://www.rakuten.ne.jp/gold/yiprefer/images/pickup/pickup_tit780.jpg""><br>
<table width=""780"" border=""0"" cellspacing=""10"" cellpadding=""0"" id=""pickup780"">
  <tr>
    <td><img src=""http://thumbnail.image.rakuten.co.jp/@0_mall/yiprefer/cabinet/03615470/btr-006_01.jpg?_ex=300x300&s=2&r=1"" border=""0"" /><br />【REMAX】5000mAh エイリアンシリーズ モバイルバッテリー<br>
    <span class=""price"">2,440円 (税込)</span></td>
    <td><img src=""http://thumbnail.image.rakuten.co.jp/@0_mall/yiprefer/cabinet/03615470/btr-002_01.jpg?_ex=300x300&s=2&r=1"" border=""0""><br>【REMAX】10000mAh大容量 <br />
リチウムポリマー<br>
<span class=""price"">2,980円 (税込)</span></td>
    <td><img src=""http://thumbnail.image.rakuten.co.jp/@0_mall/yiprefer/cabinet/03615470/stand-016_01.jpg?_ex=300x300&s=2&r=1"" border=""0""><br>
      【REMAX】 iphone7スマートフォン<br />
粘着シール不要 ホルダー<br>
<span class=""price"">750円 (税込)</span></td>
  <td><img src=""https://thumbnail.image.rakuten.co.jp/@0_mall/yiprefer/cabinet/03615470/ipcase-116_01.jpg?_ex=300x300&s=2&r=1"" border=""0""><br> iPhone7/iPhone7 Plus クリアケースかわいい おしゃれ 　<br>
<span class=""price"">750円 (税込)</span></td> </tr>
    <tr> <td><img src=""http://thumbnail.image.rakuten.co.jp/@0_mall/yiprefer/cabinet/03615470/adpt-016_01.jpg?_ex=300x300&s=2&r=1"" border=""0""><br>
      【Baseus】Type C to USB <br />
     変換アダプター<br>
      <span class=""price"">2,760円 (税込)</span></td>  
 <td><img src=""https://thumbnail.image.rakuten.co.jp/@0_mall/yiprefer/cabinet/03615470/stand-033_01.jpg?_ex=300x300&s=2&r=1"" border=""0""><br>360度回転 マグネット iphone7 車載ホルダー<br><span class=""price"">1,880円 (税込)</span></td>
 <td><img src=""https://thumbnail.image.rakuten.co.jp/@0_mall/yiprefer/cabinet/03615470/ipcase-118_01.jpg?_ex=300x300&s=2&r=1"" border=""0""><br>
   iPhone7/iPhone7 plus スタンド付きケース<br>
 <span class=""price"">820円 (税込)</span></td>
    
    
    <td><img src=""http://thumbnail.image.rakuten.co.jp/@0_mall/yiprefer/cabinet/03615470/ep-010_01.jpg?_ex=300x300&s=2&r=1"" border=""0"" /><br>
      【REMAX】カナル式 イヤホン<br />
      運動時に最適<br>
      <span class=""price"">2,045円 (税込)</span></td>
  </tr>
</table>


<br><br><br>

<div style=""width:48%; height:725px; overflow:hidden; border:1px solid #CCC; float:left; margin-right:10px;"">
<img src=""http://www.rakuten.ne.jp/gold/yiprefer/ec-collection/images/ecolle_order.jpg"" width=""100%""><br>

</div>



<div style=""width:48%; overflow:hidden; float:left; height:720px;"">
<img src=""http://www.rakuten.ne.jp/gold/yiprefer/ec-collection/images/ecolle_review.jpg"" width=""100%""><br>
</div>
<br style=""clear:both;""><br><br>",【ゆう】送料無料  iphone7 ケースかわいい 薄い iphone7 plus ケース 高透明 極薄 TPUケース 頑丈 保護カバー 軽量 クリアケース ソフト フィット スタイリッシュ iphone7 クリアケース おしゃれ iphone7 plus クリアケース iphone7 ケース おしゃれ：NeverChange楽天市場店,【ゆう】送料無料  iphone7 ケースかわいい 薄い iphone7 plus ケース 高透明 極薄 TPUケース 頑丈 保護カバー 軽量 クリアケース ソフト フィット スタイリッシュ iphone7 クリアケース おしゃれ iphone7 plus クリアケース iphone7 ケース おしゃれ,iphone7 クリアケース 透明感 耐衝撃ケース シンプル 薄型。【ゆう】送料無料  iphone7 ケースかわいい 薄い iphone7 plus ケース 高透明 極薄 TPUケース 頑丈 保護カバー 軽量 クリアケース ソフト フィット スタイリッシュ iphone7 クリアケース おしゃれ iphone7 plus クリアケース iphone7 ケース おしゃれ[rn]
23-92264,http://tshop.r10s.jp/yiprefer/cabinet/03615470/ipcase-129_01.jpg?fitin=700:700,1264.0000,,スマートフォン・タブレット > スマートフォンアクセサリー > スマートフォンケース,【ゆう】送料無料 iphone7 ケース リング  マグネットリング iphone7 ケース おもしろ スタンド機能付 TPU PC素材 iphone7 耐衝撃 軽量 薄い 車載ホルダー アイフォン７ケース  衝撃吸収 かわいい 磁石 iphone7 リング ケース 可愛い おしゃれ,iPhone7 スタンド機能 キックスタンド iphone7 plus 軽い ケース,"<div align=""center"">
<img src=""http://image.rakuten.co.jp/yiprefer/cabinet/03615470/ipcase-129_01.jpg"" width=""750"">
<img src=""http://image.rakuten.co.jp/yiprefer/cabinet/03615470/ipcase-129_02.jpg"" width=""750"">  <img src=""http://image.rakuten.co.jp/yiprefer/cabinet/03615470/ipcase-129_03.jpg"" width=""750""><img src=""http://image.rakuten.co.jp/yiprefer/cabinet/03615470/ipcase-129_04.jpg"" width=""750""><img src=""http://image.rakuten.co.jp/yiprefer/cabinet/03615470/ipcase-129_05.jpg"" width=""750""> <img src=""http://image.rakuten.co.jp/yiprefer/cabinet/03615470/ipcase-129_06.jpg"" width=""750"">  <img src=""http://image.rakuten.co.jp/yiprefer/cabinet/03615470/ipcase-129_07.jpg"" width=""750""><img src=""http://image.rakuten.co.jp/yiprefer/cabinet/03615470/ipcase-129_08.jpg"" width=""750"">
<a href=""http://item.rakuten.co.jp/yiprefer/stand-033/""><img src=""http://image.rakuten.co.jp/yiprefer/cabinet/03615470/ipcase-120_08.jpg"" border=""0""></a><img src=""http://image.rakuten.co.jp/yiprefer/cabinet/03615470/ipcase-129_09.jpg"" width=""750""> <img src=""http://image.rakuten.co.jp/yiprefer/cabinet/03615470/ipcase-129_10.jpg"" width=""750""><img src=""http://image.rakuten.co.jp/yiprefer/cabinet/io/s54377878-pr.jpg"" width=""750""><br><img src=""http://image.rakuten.co.jp/yiprefer/cabinet/io/review-pre.jpg"" width=""750"" border=""0"" usemap=""#review""><map name=""review""><area shape=""rect"" coords=""106,331,377,368"" href=""https://ask.step.rakuten.co.jp/rms/mall/pa/ask/vc?__event=PA02_000_001&ask_text=%C5%B9%C4%B9%A4%CB%BC%C1%CC%E4%A4%B9%A4%EB&shopurl=yiprefer&shop_bid=277095&shop_name=NeverChange%B3%DA%C5%B7%BB%D4%BE%EC%C5%B9&myshop=0"" target=""_blank""><area shape=""rect"" coords=""109,101,377,137"" href=""http://item.rakuten.co.jp/yiprefer/c/0000000234/"" target=""_blank""></map></div><br><div align=""center"">
 <br> <br> <br> <br>
<div align=""center"">
 <a href=""http://www.rakuten.ne.jp/gold/yiprefer/delivery.html"" target=""_blank""><img src=""http://image.rakuten.co.jp/yiprefer/cabinet/io/gochuui.jpg"" alt=""ご注文の前に必ずお読みください"" width=""100%"" /></a><br> <!--<img src=""http://image.rakuten.co.jp/yiprefer/cabinet/05072248/imgrc0063644612.jpg""><br>-->
</div><br><br><br>
<iframe src=""http://www.rakuten.ne.jp/gold/yiprefer/osusume.html"" scrolling=""no"" width=""790"" frameborder=""0"" height=""840"" class=""osusume"">
</iframe><br><br>
</div><style>
input[value=""お買い物かごに入れる""] {
  background: url(http://www.rakuten.ne.jp/gold/yiprefer/images/bnr/cart_bt.jpg) no-repeat scroll left top rgba(0, 0, 0, 0);
  border: 0 none;
  display: inline-block;
  width: 248px;
  height: 55px;
  overflow: hidden;
  text-indent: -99999px;
  white-space: nowrap;
  margin:5px 0 5px;
}

input[value=""お買い物かごに入れる""]:hover {
  cursor: pointer;
  opacity: 0.6;
}

input {
  font-size: 14px;
  width: auto;
  border:1px solid #333333;
}


#pickup780 td{font-size:12px; text-align:left; width:25%; vertical-align:top; line-height:1.4;}
#pickup780 .price{color:#C00; font-weight:bold;}
#pickup780 td img{width:100%;}
#pickup780 td a{color:#333333;}

/*<!--
body{
background:url(http://image.rakuten.co.jp/yiprefer/cabinet/io/ss-100-440-50off.jpg) repeat-y top right;
}
-->*/
</style>

<br><br><br>
<img src=""http://www.rakuten.ne.jp/gold/yiprefer/images/pickup/pickup_tit780.jpg""><br>
<table width=""780"" border=""0"" cellspacing=""10"" cellpadding=""0"" id=""pickup780"">
  <tr>
    <td><img src=""http://thumbnail.image.rakuten.co.jp/@0_mall/yiprefer/cabinet/03615470/btr-006_01.jpg?_ex=300x300&s=2&r=1"" border=""0"" /><br />【REMAX】5000mAh エイリアンシリーズ モバイルバッテリー<br>
    <span class=""price"">2,440円 (税込)</span></td>
    <td><img src=""http://thumbnail.image.rakuten.co.jp/@0_mall/yiprefer/cabinet/03615470/btr-002_01.jpg?_ex=300x300&s=2&r=1"" border=""0""><br>【REMAX】10000mAh大容量 <br />
リチウムポリマー<br>
<span class=""price"">2,980円 (税込)</span></td>
    <td><img src=""http://thumbnail.image.rakuten.co.jp/@0_mall/yiprefer/cabinet/03615470/stand-016_01.jpg?_ex=300x300&s=2&r=1"" border=""0""><br>
      【REMAX】 iphone7スマートフォン<br />
粘着シール不要 ホルダー<br>
<span class=""price"">750円 (税込)</span></td>
  <td><img src=""https://thumbnail.image.rakuten.co.jp/@0_mall/yiprefer/cabinet/03615470/ipcase-116_01.jpg?_ex=300x300&s=2&r=1"" border=""0""><br> iPhone7/iPhone7 Plus クリアケースかわいい おしゃれ 　<br>
<span class=""price"">750円 (税込)</span></td> </tr>
    <tr> <td><img src=""http://thumbnail.image.rakuten.co.jp/@0_mall/yiprefer/cabinet/03615470/adpt-016_01.jpg?_ex=300x300&s=2&r=1"" border=""0""><br>
      【Baseus】Type C to USB <br />
     変換アダプター<br>
      <span class=""price"">2,760円 (税込)</span></td>  
 <td><img src=""https://thumbnail.image.rakuten.co.jp/@0_mall/yiprefer/cabinet/03615470/stand-033_01.jpg?_ex=300x300&s=2&r=1"" border=""0""><br>360度回転 マグネット iphone7 車載ホルダー<br><span class=""price"">1,880円 (税込)</span></td>
 <td><img src=""https://thumbnail.image.rakuten.co.jp/@0_mall/yiprefer/cabinet/03615470/ipcase-118_01.jpg?_ex=300x300&s=2&r=1"" border=""0""><br>
   iPhone7/iPhone7 plus スタンド付きケース<br>
 <span class=""price"">820円 (税込)</span></td>
    
    
    <td><img src=""http://thumbnail.image.rakuten.co.jp/@0_mall/yiprefer/cabinet/03615470/ep-010_01.jpg?_ex=300x300&s=2&r=1"" border=""0"" /><br>
      【REMAX】カナル式 イヤホン<br />
      運動時に最適<br>
      <span class=""price"">2,045円 (税込)</span></td>
  </tr>
</table>


<br><br><br>

<div style=""width:48%; height:725px; overflow:hidden; border:1px solid #CCC; float:left; margin-right:10px;"">
<img src=""http://www.rakuten.ne.jp/gold/yiprefer/ec-collection/images/ecolle_order.jpg"" width=""100%""><br>

</div>



<div style=""width:48%; overflow:hidden; float:left; height:720px;"">
<img src=""http://www.rakuten.ne.jp/gold/yiprefer/ec-collection/images/ecolle_review.jpg"" width=""100%""><br>
</div>
<br style=""clear:both;""><br><br>",【ゆう】送料無料 iphone7 ケース リング  マグネットリング iphone7 ケース おもしろ スタンド機能付 TPU PC素材 iphone7 耐衝撃 軽量 薄い 車載ホルダー アイフォン７ケース  衝撃吸収 かわいい 磁石 iphone7 リング ケース 可愛い おしゃれ：NeverChange楽天市場店,【ゆう】送料無料 iphone7 ケース リング  マグネットリング iphone7 ケース おもしろ スタンド機能付 TPU PC素材 iphone7 耐衝撃 軽量 薄い 車載ホルダー アイフォン７ケース  衝撃吸収 かわいい 磁石 iphone7 リング ケース 可愛い おしゃれ,iPhone7 スタンド機能 キックスタンド iphone7 plus 軽い ケース。【ゆう】送料無料 iphone7 ケース リング  マグネットリング iphone7 ケース おもしろ スタンド機能付 TPU PC素材 iphone7 耐衝撃 軽量 薄い 車載ホルダー アイフォン７ケース  衝撃吸収 かわいい 磁石 iphone7 リング ケース 可愛い おしゃれ[rn]
23-92265,http://tshop.r10s.jp/yiprefer/cabinet/03615470/ipcase-128_01.jpg?fitin=700:700,1984.0000,,スマートフォン・タブレット > スマートフォンアクセサリー > スマートフォンケース,【ゆう】送料無料 iphone7 アルミバンパー ドクロ 骸骨 ヒンジ構造 スカルケース iphone7 メタルバンパー アルミトリガーケース 工具不要 アイフォン７ バンパーケース 金属 削り出し iphone7 耐衝撃 軽量 2重構造 頑丈 ケース iphone7 plus バンパー,iphone7plus アルミバンパー スカル iphone7 耐衝撃 バンパー,"<div align=""center"">
<img src=""http://image.rakuten.co.jp/yiprefer/cabinet/03615470/ipcase-128_01.jpg"" width=""750"">
<img src=""http://image.rakuten.co.jp/yiprefer/cabinet/05206682/imgrc0064097640.jpg"" width=""750"">  <img src=""http://image.rakuten.co.jp/yiprefer/cabinet/03615470/ipcase-128_03.jpg"" width=""750""><img src=""http://image.rakuten.co.jp/yiprefer/cabinet/03615470/ipcase-128_04.jpg"" width=""750""><img src=""http://image.rakuten.co.jp/yiprefer/cabinet/03615470/ipcase-128_05.jpg"" width=""750""> <img src=""http://image.rakuten.co.jp/yiprefer/cabinet/03615470/ipcase-128_06.jpg"" width=""750"">  <img src=""http://image.rakuten.co.jp/yiprefer/cabinet/03615470/ipcase-128_07.jpg"" width=""750""><img src=""http://image.rakuten.co.jp/yiprefer/cabinet/03615470/ipcase-128_08.jpg"" width=""750"">
<img src=""http://image.rakuten.co.jp/yiprefer/cabinet/03615470/ipcase-128_09.jpg"" width=""750""> <img src=""http://image.rakuten.co.jp/yiprefer/cabinet/03615470/ipcase-128_10.jpg"" width=""750"">
<img src=""http://image.rakuten.co.jp/yiprefer/cabinet/05206682/imgrc0064097641.jpg"" width=""750"">
<img src=""http://image.rakuten.co.jp/yiprefer/cabinet/03615470/ipcase-128_12.jpg"" width=""750""> <img src=""http://image.rakuten.co.jp/yiprefer/cabinet/03615470/ipcase-128_13.jpg"" width=""750""><img src=""http://image.rakuten.co.jp/yiprefer/cabinet/03615470/cable-ln-030_07.jpg"" width=""750""><br><img src=""http://image.rakuten.co.jp/yiprefer/cabinet/io/review-pre.jpg"" width=""750"" border=""0"" usemap=""#review""><map name=""review""><area shape=""rect"" coords=""106,331,377,368"" href=""https://ask.step.rakuten.co.jp/rms/mall/pa/ask/vc?__event=PA02_000_001&ask_text=%C5%B9%C4%B9%A4%CB%BC%C1%CC%E4%A4%B9%A4%EB&shopurl=yiprefer&shop_bid=277095&shop_name=NeverChange%B3%DA%C5%B7%BB%D4%BE%EC%C5%B9&myshop=0"" target=""_blank""><area shape=""rect"" coords=""109,101,377,137"" href=""http://item.rakuten.co.jp/yiprefer/c/0000000234/"" target=""_blank""></map></div><br><div align=""center"">
 <br> <br> <br> <br>
<div align=""center"">
 <a href=""http://www.rakuten.ne.jp/gold/yiprefer/delivery.html"" target=""_blank""><img src=""http://image.rakuten.co.jp/yiprefer/cabinet/io/gochuui.jpg"" alt=""ご注文の前に必ずお読みください"" width=""100%"" /></a><br> <!--<img src=""http://image.rakuten.co.jp/yiprefer/cabinet/05072248/imgrc0063644612.jpg""><br>-->
</div><br><br><br>
<iframe src=""http://www.rakuten.ne.jp/gold/yiprefer/osusume.html"" scrolling=""no"" width=""790"" frameborder=""0"" height=""820"" class=""osusume"">
</iframe><br><br>
</div><style>
input[value=""お買い物かごに入れる""] {
  background: url(http://www.rakuten.ne.jp/gold/yiprefer/images/bnr/cart_bt.jpg) no-repeat scroll left top rgba(0, 0, 0, 0);
  border: 0 none;
  display: inline-block;
  width: 248px;
  height: 55px;
  overflow: hidden;
  text-indent: -99999px;
  white-space: nowrap;
  margin:5px 0 5px;
}

input[value=""お買い物かごに入れる""]:hover {
  cursor: pointer;
  opacity: 0.6;
}

input {
  font-size: 14px;
  width: auto;
  border:1px solid #333333;
}


#pickup780 td{font-size:12px; text-align:left; width:25%; vertical-align:top; line-height:1.4;}
#pickup780 .price{color:#C00; font-weight:bold;}
#pickup780 td img{width:100%;}
#pickup780 td a{color:#333333;}

/*<!--
body{
background:url(http://image.rakuten.co.jp/yiprefer/cabinet/io/ss-100-440-50off.jpg) repeat-y top right;
}
-->*/
</style>

<br><br><br>
<img src=""http://www.rakuten.ne.jp/gold/yiprefer/images/pickup/pickup_tit780.jpg""><br>
<table width=""780"" border=""0"" cellspacing=""10"" cellpadding=""0"" id=""pickup780"">
  <tr>
    <td><img src=""http://thumbnail.image.rakuten.co.jp/@0_mall/yiprefer/cabinet/03615470/btr-006_01.jpg?_ex=300x300&s=2&r=1"" border=""0"" /><br />【REMAX】5000mAh エイリアンシリーズ モバイルバッテリー<br>
    <span class=""price"">2,440円 (税込)</span></td>
    <td><img src=""http://thumbnail.image.rakuten.co.jp/@0_mall/yiprefer/cabinet/03615470/btr-002_01.jpg?_ex=300x300&s=2&r=1"" border=""0""><br>【REMAX】10000mAh大容量 <br />
リチウムポリマー<br>
<span class=""price"">2,980円 (税込)</span></td>
    <td><img src=""http://thumbnail.image.rakuten.co.jp/@0_mall/yiprefer/cabinet/03615470/stand-016_01.jpg?_ex=300x300&s=2&r=1"" border=""0""><br>
      【REMAX】 iphone7スマートフォン<br />
粘着シール不要 ホルダー<br>
<span class=""price"">750円 (税込)</span></td>
  <td><img src=""https://thumbnail.image.rakuten.co.jp/@0_mall/yiprefer/cabinet/03615470/ipcase-116_01.jpg?_ex=300x300&s=2&r=1"" border=""0""><br> iPhone7/iPhone7 Plus クリアケースかわいい おしゃれ 　<br>
<span class=""price"">750円 (税込)</span></td> </tr>
    <tr> <td><img src=""http://thumbnail.image.rakuten.co.jp/@0_mall/yiprefer/cabinet/03615470/adpt-016_01.jpg?_ex=300x300&s=2&r=1"" border=""0""><br>
      【Baseus】Type C to USB <br />
     変換アダプター<br>
      <span class=""price"">2,760円 (税込)</span></td>  
 <td><img src=""https://thumbnail.image.rakuten.co.jp/@0_mall/yiprefer/cabinet/03615470/stand-033_01.jpg?_ex=300x300&s=2&r=1"" border=""0""><br>360度回転 マグネット iphone7 車載ホルダー<br><span class=""price"">1,880円 (税込)</span></td>
 <td><img src=""https://thumbnail.image.rakuten.co.jp/@0_mall/yiprefer/cabinet/03615470/ipcase-118_01.jpg?_ex=300x300&s=2&r=1"" border=""0""><br>
   iPhone7/iPhone7 plus スタンド付きケース<br>
 <span class=""price"">820円 (税込)</span></td>
    
    
    <td><img src=""http://thumbnail.image.rakuten.co.jp/@0_mall/yiprefer/cabinet/03615470/ep-010_01.jpg?_ex=300x300&s=2&r=1"" border=""0"" /><br>
      【REMAX】カナル式 イヤホン<br />
      運動時に最適<br>
      <span class=""price"">2,045円 (税込)</span></td>
  </tr>
</table>


<br><br><br>

<div style=""width:48%; height:725px; overflow:hidden; border:1px solid #CCC; float:left; margin-right:10px;"">
<img src=""http://www.rakuten.ne.jp/gold/yiprefer/ec-collection/images/ecolle_order.jpg"" width=""100%""><br>

</div>



<div style=""width:48%; overflow:hidden; float:left; height:720px;"">
<img src=""http://www.rakuten.ne.jp/gold/yiprefer/ec-collection/images/ecolle_review.jpg"" width=""100%""><br>
</div>
<br style=""clear:both;""><br><br>",【ゆう】送料無料 iphone7 アルミバンパー ドクロ 骸骨 ヒンジ構造 スカルケース iphone7 メタルバンパー アルミトリガーケース 工具不要 アイフォン７ バンパーケース 金属 削り出し iphone7 耐衝撃 軽量 2重構造 頑丈 ケース iphone7 plus バンパー：NeverChange楽天市場店,【ゆう】送料無料 iphone7 アルミバンパー ドクロ 骸骨 ヒンジ構造 スカルケース iphone7 メタルバンパー アルミトリガーケース 工具不要 アイフォン７ バンパーケース 金属 削り出し iphone7 耐衝撃 軽量 2重構造 頑丈 ケース iphone7 plus バンパー,iphone7plus アルミバンパー スカル iphone7 耐衝撃 バンパー。【ゆう】送料無料 iphone7 アルミバンパー ドクロ 骸骨 ヒンジ構造 スカルケース iphone7 メタルバンパー アルミトリガーケース 工具不要 アイフォン７ バンパーケース 金属 削り出し iphone7 耐衝撃 軽量 2重構造 頑丈 ケース iphone7 plus バンパー[rn]
23-92266,http://tshop.r10s.jp/yiprefer/cabinet/03615470/ipcase-127_01.jpg?fitin=700:700,1680.0000,,スマートフォン・タブレット > スマートフォンアクセサリー > スマートフォンケース,iphone7 バンパーケース【ゆう】アルミ iphone7 plus ケース 耐衝撃 バンパー 頑丈 つや消し スタイリッシュ アイフォン７ バンパーケース iphone7 バンパー ケース iphone7 plus ケース バンパー アルミ iphone7バンパー ケース iphone7plusケース バンパー,iphone7 アルミバンパー iphone7 plus かっこいい バンパー,"<div align=""center""><img border=""0"" src=""http://image.rakuten.co.jp/yiprefer/cabinet/03615470/ipcase-127_01.jpg""/><br>
 <img border=""0"" src=""http://image.rakuten.co.jp/yiprefer/cabinet/03615470/ipcase-127_02.jpg""/><br>
 <img border=""0"" src=""http://image.rakuten.co.jp/yiprefer/cabinet/03615470/ipcase-127_03.jpg""/><br>
 <img border=""0"" src=""http://image.rakuten.co.jp/yiprefer/cabinet/03615470/ipcase-127_04.jpg""/><br>

 <img border=""0"" src=""http://image.rakuten.co.jp/yiprefer/cabinet/03615470/ipcase-127_05.jpg""/><br>
 <img border=""0"" src=""http://image.rakuten.co.jp/yiprefer/cabinet/03615470/ipcase-127_06.jpg""/><br>
 <img border=""0"" src=""http://image.rakuten.co.jp/yiprefer/cabinet/03615470/ipcase-127_07.jpg""/><br>
<img border=""0"" src=""http://image.rakuten.co.jp/yiprefer/cabinet/03615470/ipcase-127_08.jpg""/><br>
<img border=""0"" src=""http://image.rakuten.co.jp/yiprefer/cabinet/03615470/ipcase-127_09.jpg""/><br>
<img border=""0"" src=""http://image.rakuten.co.jp/yiprefer/cabinet/03615470/ipcase-127_10.jpg""/><br>
<img border=""0"" src=""http://image.rakuten.co.jp/yiprefer/cabinet/03615470/ipcase-127_11.jpg""/><br />


<img border=""0"" src=""http://image.rakuten.co.jp/yiprefer/cabinet/03615470/ipcase-127_12.jpg""/><br>


<br />



<br />


  
 <img border=""0"" src=""http://image.rakuten.co.jp/yiprefer/cabinet/io/s54377878-pr.jpg""/><br>


<img src=""http://image.rakuten.co.jp/yiprefer/cabinet/io/review-pre.jpg"" width=""750"" border=""0"" usemap=""#review"">




 <div align=""center"">
 <a href=""http://www.rakuten.ne.jp/gold/yiprefer/delivery.html"" target=""_blank""><img src=""http://image.rakuten.co.jp/yiprefer/cabinet/io/gochuui.jpg"" alt=""ご注文の前に必ずお読みください"" width=""100%"" /></a><br> <!--<img src=""http://image.rakuten.co.jp/yiprefer/cabinet/05072248/imgrc0063644612.jpg""><br>-->
</div><br><br><br>
<iframe src=""http://www.rakuten.ne.jp/gold/yiprefer/osusume.html"" scrolling=""no"" width=""790"" frameborder=""0"" height=""820"" class=""osusume"">
</iframe><br><br>
</div><style>
input[value=""お買い物かごに入れる""] {
  background: url(http://www.rakuten.ne.jp/gold/yiprefer/images/bnr/cart_bt.jpg) no-repeat scroll left top rgba(0, 0, 0, 0);
  border: 0 none;
  display: inline-block;
  width: 248px;
  height: 55px;
  overflow: hidden;
  text-indent: -99999px;
  white-space: nowrap;
  margin:5px 0 5px;
}

input[value=""お買い物かごに入れる""]:hover {
  cursor: pointer;
  opacity: 0.6;
}

input {
  font-size: 14px;
  width: auto;
  border:1px solid #333333;
}


#pickup780 td{font-size:12px; text-align:left; width:25%; vertical-align:top; line-height:1.4;}
#pickup780 .price{color:#C00; font-weight:bold;}
#pickup780 td img{width:100%;}
#pickup780 td a{color:#333333;}

/*<!--
body{
background:url(http://image.rakuten.co.jp/yiprefer/cabinet/io/ss-100-440-50off.jpg) repeat-y top right;
}
-->*/
</style>

<br><br><br>
<img src=""http://www.rakuten.ne.jp/gold/yiprefer/images/pickup/pickup_tit780.jpg""><br>
<table width=""780"" border=""0"" cellspacing=""10"" cellpadding=""0"" id=""pickup780"">
  <tr>
    <td><img src=""http://thumbnail.image.rakuten.co.jp/@0_mall/yiprefer/cabinet/03615470/btr-006_01.jpg?_ex=300x300&s=2&r=1"" border=""0"" /><br />【REMAX】5000mAh エイリアンシリーズ モバイルバッテリー<br>
    <span class=""price"">2,440円 (税込)</span></td>
    <td><img src=""http://thumbnail.image.rakuten.co.jp/@0_mall/yiprefer/cabinet/03615470/btr-002_01.jpg?_ex=300x300&s=2&r=1"" border=""0""><br>【REMAX】10000mAh大容量 <br />
リチウムポリマー<br>
<span class=""price"">2,980円 (税込)</span></td>
    <td><img src=""http://thumbnail.image.rakuten.co.jp/@0_mall/yiprefer/cabinet/03615470/stand-016_01.jpg?_ex=300x300&s=2&r=1"" border=""0""><br>
      【REMAX】 iphone7スマートフォン<br />
粘着シール不要 ホルダー<br>
<span class=""price"">750円 (税込)</span></td>
  <td><img src=""https://thumbnail.image.rakuten.co.jp/@0_mall/yiprefer/cabinet/03615470/ipcase-116_01.jpg?_ex=300x300&s=2&r=1"" border=""0""><br> iPhone7/iPhone7 Plus クリアケースかわいい おしゃれ 　<br>
<span class=""price"">750円 (税込)</span></td> </tr>
    <tr> <td><img src=""http://thumbnail.image.rakuten.co.jp/@0_mall/yiprefer/cabinet/03615470/adpt-016_01.jpg?_ex=300x300&s=2&r=1"" border=""0""><br>
      【Baseus】Type C to USB <br />
     変換アダプター<br>
      <span class=""price"">2,760円 (税込)</span></td>  
 <td><img src=""https://thumbnail.image.rakuten.co.jp/@0_mall/yiprefer/cabinet/03615470/stand-033_01.jpg?_ex=300x300&s=2&r=1"" border=""0""><br>360度回転 マグネット iphone7 車載ホルダー<br><span class=""price"">1,880円 (税込)</span></td>
 <td><img src=""https://thumbnail.image.rakuten.co.jp/@0_mall/yiprefer/cabinet/03615470/ipcase-118_01.jpg?_ex=300x300&s=2&r=1"" border=""0""><br>
   iPhone7/iPhone7 plus スタンド付きケース<br>
 <span class=""price"">820円 (税込)</span></td>
    
    
    <td><img src=""http://thumbnail.image.rakuten.co.jp/@0_mall/yiprefer/cabinet/03615470/ep-010_01.jpg?_ex=300x300&s=2&r=1"" border=""0"" /><br>
      【REMAX】カナル式 イヤホン<br />
      運動時に最適<br>
      <span class=""price"">2,045円 (税込)</span></td>
  </tr>
</table>


<br><br><br>

<div style=""width:48%; height:725px; overflow:hidden; border:1px solid #CCC; float:left; margin-right:10px;"">
<img src=""http://www.rakuten.ne.jp/gold/yiprefer/ec-collection/images/ecolle_order.jpg"" width=""100%""><br>

</div>



<div style=""width:48%; overflow:hidden; float:left; height:720px;"">
<img src=""http://www.rakuten.ne.jp/gold/yiprefer/ec-collection/images/ecolle_review.jpg"" width=""100%""><br>
</div>
<br style=""clear:both;""><br><br>",iphone7 バンパーケース【ゆう】アルミ iphone7 plus ケース 耐衝撃 バンパー 頑丈 つや消し スタイリッシュ アイフォン７ バンパーケース iphone7 バンパー ケース iphone7 plus ケース バンパー アルミ iphone7バンパー ケース iphone7plusケース バンパー：NeverChange楽天市場店,iphone7 バンパーケース【ゆう】アルミ iphone7 plus ケース 耐衝撃 バンパー 頑丈 つや消し スタイリッシュ アイフォン７ バンパーケース iphone7 バンパー ケース iphone7 plus ケース バンパー アルミ iphone7バンパー ケース iphone7plusケース バンパー,iphone7 アルミバンパー iphone7 plus かっこいい バンパー。iphone7 バンパーケース【ゆう】アルミ iphone7 plus ケース 耐衝撃 バンパー 頑丈 つや消し スタイリッシュ アイフォン７ バンパーケース iphone7 バンパー ケース iphone7 plus ケース バンパー アルミ iphone7バンパー ケース iphone7plusケース バンパー[rn]
23-92267,http://tshop.r10s.jp/yiprefer/cabinet/03615470/ipcase-121_01.jpg?fitin=700:700,1456.0000,,スマートフォン・タブレット > スマートフォンアクセサリー > スマートフォンケース,【ゆう】送料無料 iphone7 ケース 手帳型 iphone7 plus 手帳型 オシャレ スタンド機能 マグネット吸着 iphone7 手帳型 ケース カード収納 iphone7 plus ケース 手帳型 iphone7 カバー 手帳 アイフォン７ケース iphone7 plusケース 手帳型 レザーケース,保護 耐衝撃 保護ケース シンプル 薄型 軽薄 軽い 軽量 スリム,"<div align=""center""><img border=""0"" src=""http://image.rakuten.co.jp/yiprefer/cabinet/03615470/ipcase-121_01.jpg""/><br>
 <img border=""0"" src=""http://image.rakuten.co.jp/yiprefer/cabinet/03615470/ipcase-121_02.jpg""/><br>
 <img border=""0"" src=""http://image.rakuten.co.jp/yiprefer/cabinet/03615470/ipcase-121_03.jpg""/><br>
 <img border=""0"" src=""http://image.rakuten.co.jp/yiprefer/cabinet/03615470/ipcase-121_04.jpg""/><br>

 <img border=""0"" src=""http://image.rakuten.co.jp/yiprefer/cabinet/03615470/ipcase-121_05.jpg""/><br>
 <img border=""0"" src=""http://image.rakuten.co.jp/yiprefer/cabinet/03615470/ipcase-121_06.jpg""/><br>
<img border=""0"" src=""http://image.rakuten.co.jp/yiprefer/cabinet/03615470/ipcase-121_07.jpg""/><br>
<img border=""0"" src=""http://image.rakuten.co.jp/yiprefer/cabinet/03615470/ipcase-121_08.jpg""/><br>
<img border=""0"" src=""http://image.rakuten.co.jp/yiprefer/cabinet/03615470/ipcase-121_09.jpg""/><br>
<img border=""0"" src=""http://image.rakuten.co.jp/yiprefer/cabinet/03615470/ipcase-121_10.jpg""/><br>




<br />


  
 <img border=""0"" src=""http://image.rakuten.co.jp/yiprefer/cabinet/io/s54377878-pr.jpg""/><br>


<img src=""http://image.rakuten.co.jp/yiprefer/cabinet/io/review-pre.jpg"" width=""750"" border=""0"" usemap=""#review"">




 <div align=""center"">
 <a href=""http://www.rakuten.ne.jp/gold/yiprefer/delivery.html"" target=""_blank""><img src=""http://image.rakuten.co.jp/yiprefer/cabinet/io/gochuui.jpg"" alt=""ご注文の前に必ずお読みください"" width=""100%"" /></a><br> <!--<img src=""http://image.rakuten.co.jp/yiprefer/cabinet/05072248/imgrc0063644612.jpg""><br>-->
</div><br><br><br>
<iframe src=""http://www.rakuten.ne.jp/gold/yiprefer/osusume.html"" scrolling=""no"" width=""790"" frameborder=""0"" height=""820"" class=""osusume"">
</iframe><br><br>
</div><style>
input[value=""お買い物かごに入れる""] {
  background: url(http://www.rakuten.ne.jp/gold/yiprefer/images/bnr/cart_bt.jpg) no-repeat scroll left top rgba(0, 0, 0, 0);
  border: 0 none;
  display: inline-block;
  width: 248px;
  height: 55px;
  overflow: hidden;
  text-indent: -99999px;
  white-space: nowrap;
  margin:5px 0 5px;
}

input[value=""お買い物かごに入れる""]:hover {
  cursor: pointer;
  opacity: 0.6;
}

input {
  font-size: 14px;
  width: auto;
  border:1px solid #333333;
}


#pickup780 td{font-size:12px; text-align:left; width:25%; vertical-align:top; line-height:1.4;}
#pickup780 .price{color:#C00; font-weight:bold;}
#pickup780 td img{width:100%;}
#pickup780 td a{color:#333333;}

/*<!--
body{
background:url(http://image.rakuten.co.jp/yiprefer/cabinet/io/ss-100-440-50off.jpg) repeat-y top right;
}
-->*/
</style>

<br><br><br>
<img src=""http://www.rakuten.ne.jp/gold/yiprefer/images/pickup/pickup_tit780.jpg""><br>
<table width=""780"" border=""0"" cellspacing=""10"" cellpadding=""0"" id=""pickup780"">
  <tr>
    <td><img src=""http://thumbnail.image.rakuten.co.jp/@0_mall/yiprefer/cabinet/03615470/btr-006_01.jpg?_ex=300x300&s=2&r=1"" border=""0"" /><br />【REMAX】5000mAh エイリアンシリーズ モバイルバッテリー<br>
    <span class=""price"">2,440円 (税込)</span></td>
    <td><img src=""http://thumbnail.image.rakuten.co.jp/@0_mall/yiprefer/cabinet/03615470/btr-002_01.jpg?_ex=300x300&s=2&r=1"" border=""0""><br>【REMAX】10000mAh大容量 <br />
リチウムポリマー<br>
<span class=""price"">2,980円 (税込)</span></td>
    <td><img src=""http://thumbnail.image.rakuten.co.jp/@0_mall/yiprefer/cabinet/03615470/stand-016_01.jpg?_ex=300x300&s=2&r=1"" border=""0""><br>
      【REMAX】 iphone7スマートフォン<br />
粘着シール不要 ホルダー<br>
<span class=""price"">750円 (税込)</span></td>
  <td><img src=""https://thumbnail.image.rakuten.co.jp/@0_mall/yiprefer/cabinet/03615470/ipcase-116_01.jpg?_ex=300x300&s=2&r=1"" border=""0""><br> iPhone7/iPhone7 Plus クリアケースかわいい おしゃれ 　<br>
<span class=""price"">750円 (税込)</span></td> </tr>
    <tr> <td><img src=""http://thumbnail.image.rakuten.co.jp/@0_mall/yiprefer/cabinet/03615470/adpt-016_01.jpg?_ex=300x300&s=2&r=1"" border=""0""><br>
      【Baseus】Type C to USB <br />
     変換アダプター<br>
      <span class=""price"">2,760円 (税込)</span></td>  
 <td><img src=""https://thumbnail.image.rakuten.co.jp/@0_mall/yiprefer/cabinet/03615470/stand-033_01.jpg?_ex=300x300&s=2&r=1"" border=""0""><br>360度回転 マグネット iphone7 車載ホルダー<br><span class=""price"">1,880円 (税込)</span></td>
 <td><img src=""https://thumbnail.image.rakuten.co.jp/@0_mall/yiprefer/cabinet/03615470/ipcase-118_01.jpg?_ex=300x300&s=2&r=1"" border=""0""><br>
   iPhone7/iPhone7 plus スタンド付きケース<br>
 <span class=""price"">820円 (税込)</span></td>
    
    
    <td><img src=""http://thumbnail.image.rakuten.co.jp/@0_mall/yiprefer/cabinet/03615470/ep-010_01.jpg?_ex=300x300&s=2&r=1"" border=""0"" /><br>
      【REMAX】カナル式 イヤホン<br />
      運動時に最適<br>
      <span class=""price"">2,045円 (税込)</span></td>
  </tr>
</table>


<br><br><br>

<div style=""width:48%; height:725px; overflow:hidden; border:1px solid #CCC; float:left; margin-right:10px;"">
<img src=""http://www.rakuten.ne.jp/gold/yiprefer/ec-collection/images/ecolle_order.jpg"" width=""100%""><br>

</div>



<div style=""width:48%; overflow:hidden; float:left; height:720px;"">
<img src=""http://www.rakuten.ne.jp/gold/yiprefer/ec-collection/images/ecolle_review.jpg"" width=""100%""><br>
</div>
<br style=""clear:both;""><br><br>",【ゆう】送料無料 iphone7 ケース 手帳型 iphone7 plus 手帳型 オシャレ スタンド機能 マグネット吸着 iphone7 手帳型 ケース カード収納 iphone7 plus ケース 手帳型 iphone7 カバー 手帳 アイフォン７ケース iphone7 plusケース 手帳型 レザーケース：NeverChange楽天市場店,【ゆう】送料無料 iphone7 ケース 手帳型 iphone7 plus 手帳型 オシャレ スタンド機能 マグネット吸着 iphone7 手帳型 ケース カード収納 iphone7 plus ケース 手帳型 iphone7 カバー 手帳 アイフォン７ケース iphone7 plusケース 手帳型 レザーケース,保護 耐衝撃 保護ケース シンプル 薄型 軽薄 軽い 軽量 スリム。【ゆう】送料無料 iphone7 ケース 手帳型 iphone7 plus 手帳型 オシャレ スタンド機能 マグネット吸着 iphone7 手帳型 ケース カード収納 iphone7 plus ケース 手帳型 iphone7 カバー 手帳 アイフォン７ケース iphone7 plusケース 手帳型 レザーケース[rn]
23-92268,http://tshop.r10s.jp/yiprefer/cabinet/03615470/ipcase-113_01.jpg?fitin=700:700,1344.0000,,スマートフォン・タブレット > スマートフォンアクセサリー > スマートフォンケース,【ゆう】送料無料 iphone7 ケース 木製 ウッド＆TPU 2重構造 iphone7ケース 衝撃防止 iphone7 Plus ケース 傷防止 iPhone7ケース おしゃれ アイフォン７ケース 独特 木柄 iphone7 plus ケース 木製 iphone7 ケース 木目調 おしゃれ iphoneケース 木目,ナチュラル 自然 かわいい 木 柔軟 軽い ぬくもり 高級感,"<div align=""center""><img border=""0"" src=""http://image.rakuten.co.jp/yiprefer/cabinet/03615470/ipcase-113_01.jpg""/><br>
 <img border=""0"" src=""http://image.rakuten.co.jp/yiprefer/cabinet/03615470/ipcase-113_02.jpg""/><br>
 <img border=""0"" src=""http://image.rakuten.co.jp/yiprefer/cabinet/03615470/ipcase-113_03.jpg""/><br>
 <img border=""0"" src=""http://image.rakuten.co.jp/yiprefer/cabinet/03615470/ipcase-113_04.jpg""/><br>

 <img border=""0"" src=""http://image.rakuten.co.jp/yiprefer/cabinet/03615470/ipcase-113_05.jpg""/><br>
 <img border=""0"" src=""http://image.rakuten.co.jp/yiprefer/cabinet/03615470/ipcase-113_06.jpg""/><br>
 <br>
  <a href=""http://item.rakuten.co.jp/yiprefer/stand-033/""><img border=""0"" src=""http://image.rakuten.co.jp/yiprefer/cabinet/03615470/ipcase-120_08.jpg""/></a><br>
  <br>
 <img border=""0"" src=""http://image.rakuten.co.jp/yiprefer/cabinet/03615470/ipcase-113_07.jpg""/><br>
<img border=""0"" src=""http://image.rakuten.co.jp/yiprefer/cabinet/03615470/ipcase-113_08.jpg""/><br>
<img border=""0"" src=""http://image.rakuten.co.jp/yiprefer/cabinet/03615470/ipcase-113_09.jpg""/><br>
<!--<img border=""0"" src=""http://image.rakuten.co.jp/yiprefer/cabinet/03615470/ipcase-113_10.jpg""/><br> -->


<br />



<br />


  
 <img border=""0"" src=""http://image.rakuten.co.jp/yiprefer/cabinet/io/s54377878-pr.jpg""/><br>


<img src=""http://image.rakuten.co.jp/yiprefer/cabinet/io/review-pre.jpg"" width=""750"" border=""0"" usemap=""#review"">




 <div align=""center"">
 <a href=""http://www.rakuten.ne.jp/gold/yiprefer/delivery.html"" target=""_blank""><img src=""http://image.rakuten.co.jp/yiprefer/cabinet/io/gochuui.jpg"" alt=""ご注文の前に必ずお読みください"" width=""100%"" /></a><br> <!--<img src=""http://image.rakuten.co.jp/yiprefer/cabinet/05072248/imgrc0063644612.jpg""><br>-->
</div><br><br><br>
<iframe src=""http://www.rakuten.ne.jp/gold/yiprefer/osusume.html"" scrolling=""no"" width=""790"" frameborder=""0"" height=""820"" class=""osusume"">
</iframe><br><br>
</div><style>
input[value=""お買い物かごに入れる""] {
  background: url(http://www.rakuten.ne.jp/gold/yiprefer/images/bnr/cart_bt.jpg) no-repeat scroll left top rgba(0, 0, 0, 0);
  border: 0 none;
  display: inline-block;
  width: 248px;
  height: 55px;
  overflow: hidden;
  text-indent: -99999px;
  white-space: nowrap;
  margin:5px 0 5px;
}

input[value=""お買い物かごに入れる""]:hover {
  cursor: pointer;
  opacity: 0.6;
}

input {
  font-size: 14px;
  width: auto;
  border:1px solid #333333;
}


#pickup780 td{font-size:12px; text-align:left; width:25%; vertical-align:top; line-height:1.4;}
#pickup780 .price{color:#C00; font-weight:bold;}
#pickup780 td img{width:100%;}
#pickup780 td a{color:#333333;}

/*<!--
body{
background:url(http://image.rakuten.co.jp/yiprefer/cabinet/io/ss-100-440-50off.jpg) repeat-y top right;
}
-->*/
</style>

<br><br><br>
<img src=""http://www.rakuten.ne.jp/gold/yiprefer/images/pickup/pickup_tit780.jpg""><br>
<table width=""780"" border=""0"" cellspacing=""10"" cellpadding=""0"" id=""pickup780"">
  <tr>
    <td><img src=""http://thumbnail.image.rakuten.co.jp/@0_mall/yiprefer/cabinet/03615470/btr-006_01.jpg?_ex=300x300&s=2&r=1"" border=""0"" /><br />【REMAX】5000mAh エイリアンシリーズ モバイルバッテリー<br>
    <span class=""price"">2,440円 (税込)</span></td>
    <td><img src=""http://thumbnail.image.rakuten.co.jp/@0_mall/yiprefer/cabinet/03615470/btr-002_01.jpg?_ex=300x300&s=2&r=1"" border=""0""><br>【REMAX】10000mAh大容量 <br />
リチウムポリマー<br>
<span class=""price"">2,980円 (税込)</span></td>
    <td><img src=""http://thumbnail.image.rakuten.co.jp/@0_mall/yiprefer/cabinet/03615470/stand-016_01.jpg?_ex=300x300&s=2&r=1"" border=""0""><br>
      【REMAX】 iphone7スマートフォン<br />
粘着シール不要 ホルダー<br>
<span class=""price"">750円 (税込)</span></td>
  <td><img src=""https://thumbnail.image.rakuten.co.jp/@0_mall/yiprefer/cabinet/03615470/ipcase-116_01.jpg?_ex=300x300&s=2&r=1"" border=""0""><br> iPhone7/iPhone7 Plus クリアケースかわいい おしゃれ 　<br>
<span class=""price"">750円 (税込)</span></td> </tr>
    <tr> <td><img src=""http://thumbnail.image.rakuten.co.jp/@0_mall/yiprefer/cabinet/03615470/adpt-016_01.jpg?_ex=300x300&s=2&r=1"" border=""0""><br>
      【Baseus】Type C to USB <br />
     変換アダプター<br>
      <span class=""price"">2,760円 (税込)</span></td>  
 <td><img src=""https://thumbnail.image.rakuten.co.jp/@0_mall/yiprefer/cabinet/03615470/stand-033_01.jpg?_ex=300x300&s=2&r=1"" border=""0""><br>360度回転 マグネット iphone7 車載ホルダー<br><span class=""price"">1,880円 (税込)</span></td>
 <td><img src=""https://thumbnail.image.rakuten.co.jp/@0_mall/yiprefer/cabinet/03615470/ipcase-118_01.jpg?_ex=300x300&s=2&r=1"" border=""0""><br>
   iPhone7/iPhone7 plus スタンド付きケース<br>
 <span class=""price"">820円 (税込)</span></td>
    
    
    <td><img src=""http://thumbnail.image.rakuten.co.jp/@0_mall/yiprefer/cabinet/03615470/ep-010_01.jpg?_ex=300x300&s=2&r=1"" border=""0"" /><br>
      【REMAX】カナル式 イヤホン<br />
      運動時に最適<br>
      <span class=""price"">2,045円 (税込)</span></td>
  </tr>
</table>


<br><br><br>

<div style=""width:48%; height:725px; overflow:hidden; border:1px solid #CCC; float:left; margin-right:10px;"">
<img src=""http://www.rakuten.ne.jp/gold/yiprefer/ec-collection/images/ecolle_order.jpg"" width=""100%""><br>

</div>



<div style=""width:48%; overflow:hidden; float:left; height:720px;"">
<img src=""http://www.rakuten.ne.jp/gold/yiprefer/ec-collection/images/ecolle_review.jpg"" width=""100%""><br>
</div>
<br style=""clear:both;""><br><br>",【ゆう】送料無料 iphone7 ケース 木製 ウッド＆TPU 2重構造 iphone7ケース 衝撃防止 iphone7 Plus ケース 傷防止 iPhone7ケース おしゃれ アイフォン７ケース 独特 木柄 iphone7 plus ケース 木製 iphone7 ケース 木目調 おしゃれ iphoneケース 木目：NeverChange楽天市場店,【ゆう】送料無料 iphone7 ケース 木製 ウッド＆TPU 2重構造 iphone7ケース 衝撃防止 iphone7 Plus ケース 傷防止 iPhone7ケース おしゃれ アイフォン７ケース 独特 木柄 iphone7 plus ケース 木製 iphone7 ケース 木目調 おしゃれ iphoneケース 木目,ナチュラル 自然 かわいい 木 柔軟 軽い ぬくもり 高級感。【ゆう】送料無料 iphone7 ケース 木製 ウッド＆TPU 2重構造 iphone7ケース 衝撃防止 iphone7 Plus ケース 傷防止 iPhone7ケース おしゃれ アイフォン７ケース 独特 木柄 iphone7 plus ケース 木製 iphone7 ケース 木目調 おしゃれ iphoneケース 木目[rn]
23-92269,http://tshop.r10s.jp/gold/yiprefer/images/touroku/ipcase-109_r_01.jpg?fitin=700:700,1504.0000,,スマートフォン・タブレット > スマートフォンアクセサリー > スマートフォンケース,【ゆう】送料無料 iphone7 バンパー iphone7 plus ケース スタンド機能 バンパー iPhone6s iphone6 バンパー ケース 衝撃防止 スマホカバー huawei p9 plus ケース スマホホルダー iPhone6s plus iphone6 plus ケース galaxy s7 edge バンパー ケース,iphone7 huawei バンパー galaxy s7 edge スタンド 保護カバー,"<div align=""center""><img border=""0"" src=""http://www.rakuten.ne.jp/gold/yiprefer/images/touroku/ipcase-109_r_01.jpg""/><br>
 <img border=""0"" src=""http://image.rakuten.co.jp/yiprefer/cabinet/03615470/ipcase-109_02.jpg""/><br>
 <img border=""0"" src=""http://image.rakuten.co.jp/yiprefer/cabinet/03615470/ipcase-109_03.jpg""/><br>
 <img border=""0"" src=""http://image.rakuten.co.jp/yiprefer/cabinet/03615470/ipcase-109_04.jpg""/><br>

 <img border=""0"" src=""http://image.rakuten.co.jp/yiprefer/cabinet/03615470/ipcase-109_05.jpg""/><br>
<img border=""0"" src=""http://image.rakuten.co.jp/yiprefer/cabinet/03615470/ipcase-109_06.jpg""/><br>
<img border=""0"" src=""http://image.rakuten.co.jp/yiprefer/cabinet/03615470/ipcase-109_07.jpg""/><br>
<img border=""0"" src=""http://www.rakuten.ne.jp/gold/yiprefer/images/touroku/ipcase-109_r_02.jpg""/><br>
<img border=""0"" src=""http://www.rakuten.ne.jp/gold/yiprefer/images/touroku/ipcase-109_r_03.jpg""/><br>
<img border=""0"" src=""http://www.rakuten.ne.jp/gold/yiprefer/images/touroku/ipcase-109_r_04.jpg""/><br>
<img border=""0"" src=""http://www.rakuten.ne.jp/gold/yiprefer/images/touroku/ipcase-109_r_05.jpg""/><br>
<img border=""0"" src=""http://image.rakuten.co.jp/yiprefer/cabinet/03615470/ipcase-109_08.jpg""/><br>
<!--<img border=""0"" src=""http://image.rakuten.co.jp/yiprefer/cabinet/03615470/ipcase-109_10.jpg""/><br> -->

<br /><br />



  <img src=""http://image.rakuten.co.jp/yiprefer/cabinet/03536581/rev_ipcase-109.jpg"" width=""100%"" /><br /><br />


 <img border=""0"" src=""http://image.rakuten.co.jp/yiprefer/cabinet/io/s54377878-pr.jpg""/><br>


<img src=""http://image.rakuten.co.jp/yiprefer/cabinet/io/review-pre.jpg"" width=""750"" border=""0"" usemap=""#review"">




 <div align=""center""><a href=""http://www.rakuten.ne.jp/gold/yiprefer/delivery.html"" target=""_blank""><img src=""http://image.rakuten.co.jp/yiprefer/cabinet/io/gochuui.jpg"" alt=""ご注文の前に必ずお読みください"" width=""100%"" /></a><br>
</div><br><br><br>
<iframe src=""http://www.rakuten.ne.jp/gold/yiprefer/osusume.html"" scrolling=""no"" width=""790"" frameborder=""0"" height=""820"" >
</iframe><br><br>
</div><!--▼ Item Information ここから-->
<div class=""item_stl"">Item Information</div>
<table border=""0"" class=""item_shousai"">
  <tr>
    <th>商品名</th>
    <td><p>iphone7 メタルバンパー カバー iPhone7 ケース 頑丈 持ち運び落ちにくい 衝撃防止 メタルケース iphone7 耐衝撃 軽量 薄い iphone7 plus ケース かわいい iphone7plus アルミバンパー オシャレ iphone6s バンパー アルミ iphone6splus バンパー iphone6splus ケース 耐衝撃 ケース メッキ galaxy s7 edge カバー huawei p9plus ケース HUAWEI P9 Plus バンパーケース</p></td>
  </tr>
  <tr>
    <th>カラー</th>
    <td><p>ブルー/ブラック/シャンパンゴールド/シルバー/レッド</p></td>
  </tr>
  <tr>
    <th>ケース材質</th>
    <td>アルミ合金</td>
  </tr>
  <tr>
<th>対応機種</th>
<td>iPhone7/iPhone 7Plus/iPhone6/6S/6Plus/6S/6Plus/Galaxy S7 Edge/HUAWEI P9 Plus </td>
  <tr> 
  </tr>
  <tr>
<th>発送方法</th>
<td>ゆうパケット</td>
</tr></table>
<!--▲ Item Information ここまで-->
</div><!-- /item_w -->
<br><br><br><style>
input[value=""お買い物かごに入れる""] {
  background: url(http://www.rakuten.ne.jp/gold/yiprefer/images/bnr/cart_bt.jpg) no-repeat scroll left top rgba(0, 0, 0, 0);
  border: 0 none;
  display: inline-block;
  width: 248px;
  height: 55px;
  overflow: hidden;
  text-indent: -99999px;
  white-space: nowrap;
  margin:5px 0 5px;
}

input[value=""お買い物かごに入れる""]:hover {
  cursor: pointer;
  opacity: 0.6;
}

input {
  font-size: 14px;
  width: auto;
  border:1px solid #333333;
}


#pickup780 td{font-size:12px; text-align:left; width:25%; vertical-align:top; line-height:1.4;}
#pickup780 .price{color:#C00; font-weight:bold;}
#pickup780 td img{width:100%;}
#pickup780 td a{color:#333333;}

/*<!--
body{
background:url(http://image.rakuten.co.jp/yiprefer/cabinet/io/ss-100-440-50off.jpg) repeat-y top right;
}
-->*/
</style>

<br><br><br>
<img src=""http://www.rakuten.ne.jp/gold/yiprefer/images/pickup/pickup_tit780.jpg""><br>
<table width=""780"" border=""0"" cellspacing=""10"" cellpadding=""0"" id=""pickup780"">
  <tr>
    <td><img src=""http://thumbnail.image.rakuten.co.jp/@0_mall/yiprefer/cabinet/03615470/btr-006_01.jpg?_ex=300x300&s=2&r=1"" border=""0"" /><br />【REMAX】5000mAh エイリアンシリーズ モバイルバッテリー<br>
    <span class=""price"">2,440円 (税込)</span></td>
    <td><img src=""http://thumbnail.image.rakuten.co.jp/@0_mall/yiprefer/cabinet/03615470/btr-002_01.jpg?_ex=300x300&s=2&r=1"" border=""0""><br>【REMAX】10000mAh大容量 <br />
リチウムポリマー<br>
<span class=""price"">2,980円 (税込)</span></td>
    <td><img src=""http://thumbnail.image.rakuten.co.jp/@0_mall/yiprefer/cabinet/03615470/stand-016_01.jpg?_ex=300x300&s=2&r=1"" border=""0""><br>
      【REMAX】 iphone7スマートフォン<br />
粘着シール不要 ホルダー<br>
<span class=""price"">750円 (税込)</span></td>
  <td><img src=""https://thumbnail.image.rakuten.co.jp/@0_mall/yiprefer/cabinet/03615470/ipcase-116_01.jpg?_ex=300x300&s=2&r=1"" border=""0""><br> iPhone7/iPhone7 Plus クリアケースかわいい おしゃれ 　<br>
<span class=""price"">750円 (税込)</span></td> </tr>
    <tr> <td><img src=""http://thumbnail.image.rakuten.co.jp/@0_mall/yiprefer/cabinet/03615470/adpt-016_01.jpg?_ex=300x300&s=2&r=1"" border=""0""><br>
      【Baseus】Type C to USB <br />
     変換アダプター<br>
      <span class=""price"">2,760円 (税込)</span></td>  
 <td><img src=""https://thumbnail.image.rakuten.co.jp/@0_mall/yiprefer/cabinet/03615470/stand-033_01.jpg?_ex=300x300&s=2&r=1"" border=""0""><br>360度回転 マグネット iphone7 車載ホルダー<br><span class=""price"">1,880円 (税込)</span></td>
 <td><img src=""https://thumbnail.image.rakuten.co.jp/@0_mall/yiprefer/cabinet/03615470/ipcase-118_01.jpg?_ex=300x300&s=2&r=1"" border=""0""><br>
   iPhone7/iPhone7 plus スタンド付きケース<br>
 <span class=""price"">820円 (税込)</span></td>
    
    
    <td><img src=""http://thumbnail.image.rakuten.co.jp/@0_mall/yiprefer/cabinet/03615470/ep-010_01.jpg?_ex=300x300&s=2&r=1"" border=""0"" /><br>
      【REMAX】カナル式 イヤホン<br />
      運動時に最適<br>
      <span class=""price"">2,045円 (税込)</span></td>
  </tr>
</table>


<br><br><br>

<div style=""width:48%; height:725px; overflow:hidden; border:1px solid #CCC; float:left; margin-right:10px;"">
<img src=""http://www.rakuten.ne.jp/gold/yiprefer/ec-collection/images/ecolle_order.jpg"" width=""100%""><br>

</div>



<div style=""width:48%; overflow:hidden; float:left; height:720px;"">
<img src=""http://www.rakuten.ne.jp/gold/yiprefer/ec-collection/images/ecolle_review.jpg"" width=""100%""><br>
</div>
<br style=""clear:both;""><br><br>",【ゆう】送料無料 iphone7 バンパー iphone7 plus ケース スタンド機能 バンパー iPhone6s iphone6 バンパー ケース 衝撃防止 スマホカバー huawei p9 plus ケース スマホホルダー iPhone6s plus iphone6 plus ケース galaxy s7 edge バンパー ケース：NeverChange楽天市場店,【ゆう】送料無料 iphone7 バンパー iphone7 plus ケース スタンド機能 バンパー iPhone6s iphone6 バンパー ケース 衝撃防止 スマホカバー huawei p9 plus ケース スマホホルダー iPhone6s plus iphone6 plus ケース galaxy s7 edge バンパー ケース,iphone7 huawei バンパー galaxy s7 edge スタンド 保護カバー。【ゆう】送料無料 iphone7 バンパー iphone7 plus ケース スタンド機能 バンパー iPhone6s iphone6 バンパー ケース 衝撃防止 スマホカバー huawei p9 plus ケース スマホホルダー iPhone6s plus iphone6 plus ケース galaxy s7 edge バンパー ケース[rn]
23-92270,http://tshop.r10s.jp/yiprefer/cabinet/03615470/ipcase-119_01.jpg?fitin=700:700,1040.0000,,スマートフォン・タブレット > スマートフォンアクセサリー > スマートフォンケース,【ゆう】送料無料 iphone7 ケース クリア iphone7 plus ケース オシャレ tpu 二重保護 TPU 薄型 軽量 高耐久 スマホケース iphone7 クリアケース iphone7 plus ケース 耐衝撃 iphone7ケース シリコン シンプル iphone7 tpuカバー 衝撃防止,iphone7 ケース 耐衝撃 シンプル 薄型 軽薄 軽い スリム,"<div align=""center""><img border=""0"" src=""http://image.rakuten.co.jp/yiprefer/cabinet/03615470/ipcase-119_01.jpg""/><br>
 <img border=""0"" src=""http://image.rakuten.co.jp/yiprefer/cabinet/03615470/ipcase-119_02.jpg""/><br>
 <img border=""0"" src=""http://image.rakuten.co.jp/yiprefer/cabinet/03615470/ipcase-119_03.jpg""/><br>
 <img border=""0"" src=""http://image.rakuten.co.jp/yiprefer/cabinet/03615470/ipcase-119_04.jpg""/><br>

 <img border=""0"" src=""http://image.rakuten.co.jp/yiprefer/cabinet/03615470/ipcase-119_05.jpg""/><br>
 <img border=""0"" src=""http://image.rakuten.co.jp/yiprefer/cabinet/03615470/ipcase-119_06.jpg""/><br>
 <img border=""0"" src=""http://image.rakuten.co.jp/yiprefer/cabinet/03615470/ipcase-119_07.jpg""/><br>
<img border=""0"" src=""http://image.rakuten.co.jp/yiprefer/cabinet/03615470/ipcase-119_08.jpg""/><br>
<img border=""0"" src=""http://image.rakuten.co.jp/yiprefer/cabinet/03615470/ipcase-119_09.jpg""/><br>
<img border=""0"" src=""http://image.rakuten.co.jp/yiprefer/cabinet/03615470/ipcase-119_10.jpg""/><br>
<img border=""0"" src=""http://image.rakuten.co.jp/yiprefer/cabinet/03615470/ipcase-119_11.jpg""/><br />
<img border=""0"" src=""http://image.rakuten.co.jp/yiprefer/cabinet/03615470/ipcase-119_12.jpg""/><br>
<img border=""0"" src=""http://image.rakuten.co.jp/yiprefer/cabinet/03615470/ipcase-119_13.jpg""/><br>
<img border=""0"" src=""http://image.rakuten.co.jp/yiprefer/cabinet/03615470/ipcase-119_14.jpg""/><br>
<img border=""0"" src=""http://image.rakuten.co.jp/yiprefer/cabinet/03615470/ipcase-119_15.jpg""/><br>


<br />



<br />


  
 <img border=""0"" src=""http://image.rakuten.co.jp/yiprefer/cabinet/io/s54377878-pr.jpg""/><br>


<img src=""http://image.rakuten.co.jp/yiprefer/cabinet/io/review-pre.jpg"" width=""750"" border=""0"" usemap=""#review"">




 <div align=""center"">
 <a href=""http://www.rakuten.ne.jp/gold/yiprefer/delivery.html"" target=""_blank""><img src=""http://image.rakuten.co.jp/yiprefer/cabinet/io/gochuui.jpg"" alt=""ご注文の前に必ずお読みください"" width=""100%"" /></a><br> <!--<img src=""http://image.rakuten.co.jp/yiprefer/cabinet/05072248/imgrc0063644612.jpg""><br>-->
</div><br><br><br>
<iframe src=""http://www.rakuten.ne.jp/gold/yiprefer/osusume.html"" scrolling=""no"" width=""790"" frameborder=""0"" height=""820"" class=""osusume"">
</iframe><br><br>
</div><style>
input[value=""お買い物かごに入れる""] {
  background: url(http://www.rakuten.ne.jp/gold/yiprefer/images/bnr/cart_bt.jpg) no-repeat scroll left top rgba(0, 0, 0, 0);
  border: 0 none;
  display: inline-block;
  width: 248px;
  height: 55px;
  overflow: hidden;
  text-indent: -99999px;
  white-space: nowrap;
  margin:5px 0 5px;
}

input[value=""お買い物かごに入れる""]:hover {
  cursor: pointer;
  opacity: 0.6;
}

input {
  font-size: 14px;
  width: auto;
  border:1px solid #333333;
}


#pickup780 td{font-size:12px; text-align:left; width:25%; vertical-align:top; line-height:1.4;}
#pickup780 .price{color:#C00; font-weight:bold;}
#pickup780 td img{width:100%;}
#pickup780 td a{color:#333333;}

/*<!--
body{
background:url(http://image.rakuten.co.jp/yiprefer/cabinet/io/ss-100-440-50off.jpg) repeat-y top right;
}
-->*/
</style>

<br><br><br>
<img src=""http://www.rakuten.ne.jp/gold/yiprefer/images/pickup/pickup_tit780.jpg""><br>
<table width=""780"" border=""0"" cellspacing=""10"" cellpadding=""0"" id=""pickup780"">
  <tr>
    <td><img src=""http://thumbnail.image.rakuten.co.jp/@0_mall/yiprefer/cabinet/03615470/btr-006_01.jpg?_ex=300x300&s=2&r=1"" border=""0"" /><br />【REMAX】5000mAh エイリアンシリーズ モバイルバッテリー<br>
    <span class=""price"">2,440円 (税込)</span></td>
    <td><img src=""http://thumbnail.image.rakuten.co.jp/@0_mall/yiprefer/cabinet/03615470/btr-002_01.jpg?_ex=300x300&s=2&r=1"" border=""0""><br>【REMAX】10000mAh大容量 <br />
リチウムポリマー<br>
<span class=""price"">2,980円 (税込)</span></td>
    <td><img src=""http://thumbnail.image.rakuten.co.jp/@0_mall/yiprefer/cabinet/03615470/stand-016_01.jpg?_ex=300x300&s=2&r=1"" border=""0""><br>
      【REMAX】 iphone7スマートフォン<br />
粘着シール不要 ホルダー<br>
<span class=""price"">750円 (税込)</span></td>
  <td><img src=""https://thumbnail.image.rakuten.co.jp/@0_mall/yiprefer/cabinet/03615470/ipcase-116_01.jpg?_ex=300x300&s=2&r=1"" border=""0""><br> iPhone7/iPhone7 Plus クリアケースかわいい おしゃれ 　<br>
<span class=""price"">750円 (税込)</span></td> </tr>
    <tr> <td><img src=""http://thumbnail.image.rakuten.co.jp/@0_mall/yiprefer/cabinet/03615470/adpt-016_01.jpg?_ex=300x300&s=2&r=1"" border=""0""><br>
      【Baseus】Type C to USB <br />
     変換アダプター<br>
      <span class=""price"">2,760円 (税込)</span></td>  
 <td><img src=""https://thumbnail.image.rakuten.co.jp/@0_mall/yiprefer/cabinet/03615470/stand-033_01.jpg?_ex=300x300&s=2&r=1"" border=""0""><br>360度回転 マグネット iphone7 車載ホルダー<br><span class=""price"">1,880円 (税込)</span></td>
 <td><img src=""https://thumbnail.image.rakuten.co.jp/@0_mall/yiprefer/cabinet/03615470/ipcase-118_01.jpg?_ex=300x300&s=2&r=1"" border=""0""><br>
   iPhone7/iPhone7 plus スタンド付きケース<br>
 <span class=""price"">820円 (税込)</span></td>
    
    
    <td><img src=""http://thumbnail.image.rakuten.co.jp/@0_mall/yiprefer/cabinet/03615470/ep-010_01.jpg?_ex=300x300&s=2&r=1"" border=""0"" /><br>
      【REMAX】カナル式 イヤホン<br />
      運動時に最適<br>
      <span class=""price"">2,045円 (税込)</span></td>
  </tr>
</table>


<br><br><br>

<div style=""width:48%; height:725px; overflow:hidden; border:1px solid #CCC; float:left; margin-right:10px;"">
<img src=""http://www.rakuten.ne.jp/gold/yiprefer/ec-collection/images/ecolle_order.jpg"" width=""100%""><br>

</div>



<div style=""width:48%; overflow:hidden; float:left; height:720px;"">
<img src=""http://www.rakuten.ne.jp/gold/yiprefer/ec-collection/images/ecolle_review.jpg"" width=""100%""><br>
</div>
<br style=""clear:both;""><br><br>",【ゆう】送料無料 iphone7 ケース クリア iphone7 plus ケース オシャレ tpu 二重保護 TPU 薄型 軽量 高耐久 スマホケース iphone7 クリアケース iphone7 plus ケース 耐衝撃 iphone7ケース シリコン シンプル iphone7 tpuカバー 衝撃防止：NeverChange楽天市場店,【ゆう】送料無料 iphone7 ケース クリア iphone7 plus ケース オシャレ tpu 二重保護 TPU 薄型 軽量 高耐久 スマホケース iphone7 クリアケース iphone7 plus ケース 耐衝撃 iphone7ケース シリコン シンプル iphone7 tpuカバー 衝撃防止,iphone7 ケース 耐衝撃 シンプル 薄型 軽薄 軽い スリム。【ゆう】送料無料 iphone7 ケース クリア iphone7 plus ケース オシャレ tpu 二重保護 TPU 薄型 軽量 高耐久 スマホケース iphone7 クリアケース iphone7 plus ケース 耐衝撃 iphone7ケース シリコン シンプル iphone7 tpuカバー 衝撃防止[rn]
23-92271,http://tshop.r10s.jp/gold/yiprefer/images/ipcase/ipcase-105_r_01.jpg?fitin=700:700,736.0000,,スマートフォン・タブレット > スマートフォンアクセサリー > スマートフォンケース,iPhone7 ケース【ゆう】送料無料 ポリカーボネート iPhone6ケース iPhone6S iPhone6 Plus 6S Plus Xperia Z5 カバー galaxy s7 edge ケース huawei P9ケース HUAWEI P9 lite カバー ASUS Zenfone 2 Laser Xperia XZ huawei nova lite huawei mate9 ケース,iphone7 ケース iphone6s plus PC 耐衝撃 防塵 ハードケース,"<div align=""center""><img border=""0"" src=""http://www.rakuten.ne.jp/gold/yiprefer/images/ipcase/ipcase-105_r_01.jpg""/><br>
 <img border=""0"" src=""http://www.rakuten.ne.jp/gold/yiprefer/images/ipcase/ipcase-105_r_02.jpg""/><br>
 <img border=""0"" src=""http://www.rakuten.ne.jp/gold/yiprefer/images/ipcase/ipcase-105_r_03.jpg""/><br>
 <img border=""0"" src=""http://www.rakuten.ne.jp/gold/yiprefer/images/ipcase/ipcase-105_r_04.jpg""/><br>

 <img border=""0"" src=""http://www.rakuten.ne.jp/gold/yiprefer/images/ipcase/ipcase-105_r_05.jpg""/><br>
 <img border=""0"" src=""http://www.rakuten.ne.jp/gold/yiprefer/images/ipcase/ipcase-105_r_07.jpg""/><br>
<img border=""0"" src=""http://www.rakuten.ne.jp/gold/yiprefer/images/ipcase/ipcase-105_r_08.jpg""/><br>

 <img border=""0"" src=""http://www.rakuten.ne.jp/gold/yiprefer/images/ipcase/ipcase-105_r_09.jpg""/><br>
<img border=""0"" src=""http://www.rakuten.ne.jp/gold/yiprefer/images/ipcase/ipcase-105_r_10.jpg""/><br>
<img border=""0"" src=""http://www.rakuten.ne.jp/gold/yiprefer/images/ipcase/ipcase-105_r_11.jpg""/><br>
<img border=""0"" src=""http://www.rakuten.ne.jp/gold/yiprefer/images/ipcase/ipcase-105_r_12.jpg""/><br>

 <img border=""0"" src=""http://www.rakuten.ne.jp/gold/yiprefer/images/ipcase/ipcase-105_r_13.jpg""/><br>
<img border=""0"" src=""http://www.rakuten.ne.jp/gold/yiprefer/images/ipcase/ipcase-105_r_14.jpg""/><br>
<img border=""0"" src=""http://www.rakuten.ne.jp/gold/yiprefer/images/ipcase/ipcase-105_r_15.jpg""/><br>
 <img border=""0"" src=""http://www.rakuten.ne.jp/gold/yiprefer/images/ipcase/ipcase-105_r_16.jpg""/><br>
 <img border=""0"" src=""http://www.rakuten.ne.jp/gold/yiprefer/images/ipcase/ipcase-105_r_17.jpg""/><br>
 <img border=""0"" src=""http://www.rakuten.ne.jp/gold/yiprefer/images/ipcase/ipcase-105_r_18.jpg""/><br>
<img border=""0"" src=""http://www.rakuten.ne.jp/gold/yiprefer/images/ipcase/ipcase-105_r_19.jpg""/><br>
<img border=""0"" src=""http://www.rakuten.ne.jp/gold/yiprefer/images/ipcase/ipcase-105_r_20.jpg""/><br>
<br />
<br />

<img src=""http://image.rakuten.co.jp/yiprefer/cabinet/03536581/rev_ipcase-105.jpg"" width=""100%"" /><br /><br />


  
 <img border=""0"" src=""http://www.rakuten.ne.jp/gold/yiprefer/images/present-handkerchief.jpg""/><br>


<img src=""http://image.rakuten.co.jp/yiprefer/cabinet/io/review-pre.jpg"" width=""750"" border=""0"" usemap=""#review"">




 <div align=""center""><a href=""http://www.rakuten.ne.jp/gold/yiprefer/delivery.html"" target=""_blank""><img src=""http://image.rakuten.co.jp/yiprefer/cabinet/io/gochuui.jpg"" alt=""ご注文の前に必ずお読みください"" width=""100%"" /></a><br>
</div><br><br><br>
<iframe src=""http://www.rakuten.ne.jp/gold/yiprefer/osusume.html"" scrolling=""no"" width=""790"" frameborder=""0"" height=""700"" >
</iframe><br><br>
</div><style>
input[value=""お買い物かごに入れる""] {
  background: url(http://www.rakuten.ne.jp/gold/yiprefer/images/bnr/cart_bt.jpg) no-repeat scroll left top rgba(0, 0, 0, 0);
  border: 0 none;
  display: inline-block;
  width: 248px;
  height: 55px;
  overflow: hidden;
  text-indent: -99999px;
  white-space: nowrap;
  margin:5px 0 5px;
}

input[value=""お買い物かごに入れる""]:hover {
  cursor: pointer;
  opacity: 0.6;
}

input {
  font-size: 14px;
  width: auto;
  border:1px solid #333333;
}


#pickup780 td{font-size:12px; text-align:left; width:25%; vertical-align:top; line-height:1.4;}
#pickup780 .price{color:#C00; font-weight:bold;}
#pickup780 td img{width:100%;}
#pickup780 td a{color:#333333;}

/*<!--
body{
background:url(http://image.rakuten.co.jp/yiprefer/cabinet/io/ss-100-440-50off.jpg) repeat-y top right;
}
-->*/
</style>

<br><br><br>
<img src=""http://www.rakuten.ne.jp/gold/yiprefer/images/pickup/pickup_tit780.jpg""><br>
<table width=""780"" border=""0"" cellspacing=""10"" cellpadding=""0"" id=""pickup780"">
  <tr>
    <td><img src=""http://thumbnail.image.rakuten.co.jp/@0_mall/yiprefer/cabinet/03615470/btr-006_01.jpg?_ex=300x300&s=2&r=1"" border=""0"" /><br />【REMAX】5000mAh エイリアンシリーズ モバイルバッテリー<br>
    <span class=""price"">2,440円 (税込)</span></td>
    <td><img src=""http://thumbnail.image.rakuten.co.jp/@0_mall/yiprefer/cabinet/03615470/btr-002_01.jpg?_ex=300x300&s=2&r=1"" border=""0""><br>【REMAX】10000mAh大容量 <br />
リチウムポリマー<br>
<span class=""price"">2,980円 (税込)</span></td>
    <td><img src=""http://thumbnail.image.rakuten.co.jp/@0_mall/yiprefer/cabinet/03615470/stand-016_01.jpg?_ex=300x300&s=2&r=1"" border=""0""><br>
      【REMAX】 iphone7スマートフォン<br />
粘着シール不要 ホルダー<br>
<span class=""price"">750円 (税込)</span></td>
  <td><img src=""https://thumbnail.image.rakuten.co.jp/@0_mall/yiprefer/cabinet/03615470/ipcase-116_01.jpg?_ex=300x300&s=2&r=1"" border=""0""><br> iPhone7/iPhone7 Plus クリアケースかわいい おしゃれ 　<br>
<span class=""price"">750円 (税込)</span></td> </tr>
    <tr> <td><img src=""http://thumbnail.image.rakuten.co.jp/@0_mall/yiprefer/cabinet/03615470/adpt-016_01.jpg?_ex=300x300&s=2&r=1"" border=""0""><br>
      【Baseus】Type C to USB <br />
     変換アダプター<br>
      <span class=""price"">2,760円 (税込)</span></td>  
 <td><img src=""https://thumbnail.image.rakuten.co.jp/@0_mall/yiprefer/cabinet/03615470/stand-033_01.jpg?_ex=300x300&s=2&r=1"" border=""0""><br>360度回転 マグネット iphone7 車載ホルダー<br><span class=""price"">1,880円 (税込)</span></td>
 <td><img src=""https://thumbnail.image.rakuten.co.jp/@0_mall/yiprefer/cabinet/03615470/ipcase-118_01.jpg?_ex=300x300&s=2&r=1"" border=""0""><br>
   iPhone7/iPhone7 plus スタンド付きケース<br>
 <span class=""price"">820円 (税込)</span></td>
    
    
    <td><img src=""http://thumbnail.image.rakuten.co.jp/@0_mall/yiprefer/cabinet/03615470/ep-010_01.jpg?_ex=300x300&s=2&r=1"" border=""0"" /><br>
      【REMAX】カナル式 イヤホン<br />
      運動時に最適<br>
      <span class=""price"">2,045円 (税込)</span></td>
  </tr>
</table>


<br><br><br>

<div style=""width:48%; height:725px; overflow:hidden; border:1px solid #CCC; float:left; margin-right:10px;"">
<img src=""http://www.rakuten.ne.jp/gold/yiprefer/ec-collection/images/ecolle_order.jpg"" width=""100%""><br>

</div>



<div style=""width:48%; overflow:hidden; float:left; height:720px;"">
<img src=""http://www.rakuten.ne.jp/gold/yiprefer/ec-collection/images/ecolle_review.jpg"" width=""100%""><br>
</div>
<br style=""clear:both;""><br><br>",iPhone7 ケース【ゆう】送料無料 ポリカーボネート iPhone6ケース iPhone6S iPhone6 Plus 6S Plus Xperia Z5 カバー galaxy s7 edge ケース huawei P9ケース HUAWEI P9 lite カバー ASUS Zenfone 2 Laser Xperia XZ huawei nova lite huawei mate9 ケース：NeverChange楽天市場店,iPhone7 ケース【ゆう】送料無料 ポリカーボネート iPhone6ケース iPhone6S iPhone6 Plus 6S Plus Xperia Z5 カバー galaxy s7 edge ケース huawei P9ケース HUAWEI P9 lite カバー ASUS Zenfone 2 Laser Xperia XZ huawei nova lite huawei mate9 ケース,iphone7 ケース iphone6s plus PC 耐衝撃 防塵 ハードケース。iPhone7 ケース【ゆう】送料無料 ポリカーボネート iPhone6ケース iPhone6S iPhone6 Plus 6S Plus Xperia Z5 カバー galaxy s7 edge ケース huawei P9ケース HUAWEI P9 lite カバー ASUS Zenfone 2 Laser Xperia XZ huawei nova lite huawei mate9 ケース[rn]
23-92272,http://tshop.r10s.jp/gold/yiprefer/images/ipcase/ipcase-078_01.jpg?fitin=700:700,1440.0000,,スマートフォン・タブレット > スマートフォンアクセサリー > スマートフォンケース,iPhone7 ケース 手帳型【ゆう】送料無料 iphone7ケース レザー 手帳 カバー スライド式カード・SIMポケット ケース iphone7 手帳型 スマホカバー 衝撃吸収 iphone7カバー iphone7 plus 手帳 ケース かわいい iphone6s plus ケース iphone6splus ケース,お洒落 収納 クール  iphone アイフォン スマホケース 高級感,"<p align=""center""><img border=""0"" src=""http://www.rakuten.ne.jp/gold/yiprefer/images/ipcase/ipcase-078_01.jpg""><br> 
<img border=""0"" src=""http://www.rakuten.ne.jp/gold/yiprefer/images/ipcase/ipcase-078_02.jpg""><br> 
<img border=""0"" src=""http://www.rakuten.ne.jp/gold/yiprefer/images/ipcase/ipcase-078_03.jpg""><br> 
<img border=""0"" src=""http://www.rakuten.ne.jp/gold/yiprefer/images/ipcase/ipcase-078_04.jpg""><br> 
<img border=""0"" src=""http://www.rakuten.ne.jp/gold/yiprefer/images/ipcase/ipcase-078_05.jpg""><br> 
<img border=""0"" src=""http://www.rakuten.ne.jp/gold/yiprefer/images/ipcase/ipcase-078_06.jpg""><br> 
<img border=""0"" src=""http://www.rakuten.ne.jp/gold/yiprefer/images/ipcase/ipcase-078_07.jpg""><br> 
<img border=""0"" src=""http://www.rakuten.ne.jp/gold/yiprefer/images/ipcase/ipcase-078_08.jpg""><br> 
<img border=""0"" src=""http://www.rakuten.ne.jp/gold/yiprefer/images/ipcase/ipcase-078_09.jpg""><br> 

<img border=""0"" src=""http://www.rakuten.ne.jp/gold/yiprefer/images/ipcase/ipcase-078_10.jpg""><br> 

<img border=""0"" src=""http://image.rakuten.co.jp/yiprefer/cabinet/io/s54377878-pr.jpg""/><br>
<img src=""http://image.rakuten.co.jp/yiprefer/cabinet/io/review-pre.jpg"" width=""750"" border=""0"" usemap=""#review"">
<div align=""center""><a href=""http://www.rakuten.ne.jp/gold/yiprefer/delivery.html"" target=""_blank""><img src=""http://image.rakuten.co.jp/yiprefer/cabinet/io/gochuui.jpg"" alt=""ご注文の前に必ずお読みください"" width=""100%"" /></a><br>
 <br>
 <br>
</div><br><br><br>
<iframe src=""http://www.rakuten.ne.jp/gold/yiprefer/osusume.html"" scrolling=""no"" width=""790"" frameborder=""0"" height=""880"" >
</iframe><br><br><!--▼ Item Information ここから-->
<div class=""item_stl"">Item Information</div>
<table border=""0"" class=""item_shousai"">
  <tr>
    <th width=""60"">商品名</th>
    <td width=""402"">スライド式カード・SIMポケット付きケース</td>
  </tr>
  <tr>
    <th height=""16"">カラー</th>
    <td><p>ブラック/レッド/ホワイト/ブルー/ブラウン</p>
    </td>
  </tr>
  <tr>
    <th>材質</th>
    <td>PUレザー</td>
  </tr>
  <tr>
<th>対応機種</th>
<td>iPhone7/7 Plus/6/6S/6 Plus/6S Plus</td>
  <tr> 
  </tr>
  <tr>
<th>発送方法</th>
<td>ゆうパケット送料無料（宅急便の場合は送料540円～を加算）</td>
</tr></table>
<!--▲ Item Information ここまで-->
</div><!-- /item_w -->
<br><br><br><style>
input[value=""お買い物かごに入れる""] {
  background: url(http://www.rakuten.ne.jp/gold/yiprefer/images/bnr/cart_bt.jpg) no-repeat scroll left top rgba(0, 0, 0, 0);
  border: 0 none;
  display: inline-block;
  width: 248px;
  height: 55px;
  overflow: hidden;
  text-indent: -99999px;
  white-space: nowrap;
  margin:5px 0 5px;
}

input[value=""お買い物かごに入れる""]:hover {
  cursor: pointer;
  opacity: 0.6;
}

input {
  font-size: 14px;
  width: auto;
  border:1px solid #333333;
}


#pickup780 td{font-size:12px; text-align:left; width:25%; vertical-align:top; line-height:1.4;}
#pickup780 .price{color:#C00; font-weight:bold;}
#pickup780 td img{width:100%;}
#pickup780 td a{color:#333333;}

/*<!--
body{
background:url(http://image.rakuten.co.jp/yiprefer/cabinet/io/ss-100-440-50off.jpg) repeat-y top right;
}
-->*/
</style>

<br><br><br>
<img src=""http://www.rakuten.ne.jp/gold/yiprefer/images/pickup/pickup_tit780.jpg""><br>
<table width=""780"" border=""0"" cellspacing=""10"" cellpadding=""0"" id=""pickup780"">
  <tr>
    <td><img src=""http://thumbnail.image.rakuten.co.jp/@0_mall/yiprefer/cabinet/03615470/btr-006_01.jpg?_ex=300x300&s=2&r=1"" border=""0"" /><br />【REMAX】5000mAh エイリアンシリーズ モバイルバッテリー<br>
    <span class=""price"">2,440円 (税込)</span></td>
    <td><img src=""http://thumbnail.image.rakuten.co.jp/@0_mall/yiprefer/cabinet/03615470/btr-002_01.jpg?_ex=300x300&s=2&r=1"" border=""0""><br>【REMAX】10000mAh大容量 <br />
リチウムポリマー<br>
<span class=""price"">2,980円 (税込)</span></td>
    <td><img src=""http://thumbnail.image.rakuten.co.jp/@0_mall/yiprefer/cabinet/03615470/stand-016_01.jpg?_ex=300x300&s=2&r=1"" border=""0""><br>
      【REMAX】 iphone7スマートフォン<br />
粘着シール不要 ホルダー<br>
<span class=""price"">750円 (税込)</span></td>
  <td><img src=""https://thumbnail.image.rakuten.co.jp/@0_mall/yiprefer/cabinet/03615470/ipcase-116_01.jpg?_ex=300x300&s=2&r=1"" border=""0""><br> iPhone7/iPhone7 Plus クリアケースかわいい おしゃれ 　<br>
<span class=""price"">750円 (税込)</span></td> </tr>
    <tr> <td><img src=""http://thumbnail.image.rakuten.co.jp/@0_mall/yiprefer/cabinet/03615470/adpt-016_01.jpg?_ex=300x300&s=2&r=1"" border=""0""><br>
      【Baseus】Type C to USB <br />
     変換アダプター<br>
      <span class=""price"">2,760円 (税込)</span></td>  
 <td><img src=""https://thumbnail.image.rakuten.co.jp/@0_mall/yiprefer/cabinet/03615470/stand-033_01.jpg?_ex=300x300&s=2&r=1"" border=""0""><br>360度回転 マグネット iphone7 車載ホルダー<br><span class=""price"">1,880円 (税込)</span></td>
 <td><img src=""https://thumbnail.image.rakuten.co.jp/@0_mall/yiprefer/cabinet/03615470/ipcase-118_01.jpg?_ex=300x300&s=2&r=1"" border=""0""><br>
   iPhone7/iPhone7 plus スタンド付きケース<br>
 <span class=""price"">820円 (税込)</span></td>
    
    
    <td><img src=""http://thumbnail.image.rakuten.co.jp/@0_mall/yiprefer/cabinet/03615470/ep-010_01.jpg?_ex=300x300&s=2&r=1"" border=""0"" /><br>
      【REMAX】カナル式 イヤホン<br />
      運動時に最適<br>
      <span class=""price"">2,045円 (税込)</span></td>
  </tr>
</table>


<br><br><br>

<div style=""width:48%; height:725px; overflow:hidden; border:1px solid #CCC; float:left; margin-right:10px;"">
<img src=""http://www.rakuten.ne.jp/gold/yiprefer/ec-collection/images/ecolle_order.jpg"" width=""100%""><br>

</div>



<div style=""width:48%; overflow:hidden; float:left; height:720px;"">
<img src=""http://www.rakuten.ne.jp/gold/yiprefer/ec-collection/images/ecolle_review.jpg"" width=""100%""><br>
</div>
<br style=""clear:both;""><br><br>",iPhone7 ケース 手帳型【ゆう】送料無料 iphone7ケース レザー 手帳 カバー スライド式カード・SIMポケット ケース iphone7 手帳型 スマホカバー 衝撃吸収 iphone7カバー iphone7 plus 手帳 ケース かわいい iphone6s plus ケース iphone6splus ケース：NeverChange楽天市場店,iPhone7 ケース 手帳型【ゆう】送料無料 iphone7ケース レザー 手帳 カバー スライド式カード・SIMポケット ケース iphone7 手帳型 スマホカバー 衝撃吸収 iphone7カバー iphone7 plus 手帳 ケース かわいい iphone6s plus ケース iphone6splus ケース,お洒落 収納 クール  iphone アイフォン スマホケース 高級感。iPhone7 ケース 手帳型【ゆう】送料無料 iphone7ケース レザー 手帳 カバー スライド式カード・SIMポケット ケース iphone7 手帳型 スマホカバー 衝撃吸収 iphone7カバー iphone7 plus 手帳 ケース かわいい iphone6s plus ケース iphone6splus ケース[rn]
23-92273,http://tshop.r10s.jp/yiprefer/cabinet/03615470/ipcase-112_01.jpg?fitin=700:700,784.0000,,スマートフォン・タブレット > スマートフォンアクセサリー > スマートフォンケース,iphone7ケース リング付き【ゆう】iphone7 ケース フック付き iPhone7ケース 落下防止 iphone7 plus ケース リングホルダー クリアケース 耐衝撃 スマホケース スタンド iphone7 クリアケース おしゃれ iphone7 plus ケース スタンド,iphone7ケース 耐衝撃 スタンド機能 iphone7 plus ケース フック,"<div align=""center""><img border=""0"" src=""http://image.rakuten.co.jp/yiprefer/cabinet/03615470/ipcase-112_01.jpg""/><br>
 <img border=""0"" src=""http://image.rakuten.co.jp/yiprefer/cabinet/03615470/ipcase-112_02.jpg""/><br>
 <img border=""0"" src=""http://image.rakuten.co.jp/yiprefer/cabinet/03615470/ipcase-112_03.jpg""/><br>
 <img border=""0"" src=""http://image.rakuten.co.jp/yiprefer/cabinet/03615470/ipcase-112_04.jpg""/><br>

 <img border=""0"" src=""http://image.rakuten.co.jp/yiprefer/cabinet/03615470/ipcase-112_05.jpg""/><br>
 <img border=""0"" src=""http://image.rakuten.co.jp/yiprefer/cabinet/03615470/ipcase-112_06.jpg""/><br>
 <img border=""0"" src=""http://image.rakuten.co.jp/yiprefer/cabinet/03615470/ipcase-112_07.jpg""/><br>
<img border=""0"" src=""http://image.rakuten.co.jp/yiprefer/cabinet/03615470/ipcase-112_08.jpg""/><br>
<img border=""0"" src=""http://image.rakuten.co.jp/yiprefer/cabinet/03615470/ipcase-112_09.jpg""/><br>
<img border=""0"" src=""http://image.rakuten.co.jp/yiprefer/cabinet/03615470/ipcase-112_10.jpg""/><br>


<br />



<br />


  
 <img border=""0"" src=""http://image.rakuten.co.jp/yiprefer/cabinet/io/s54377878-pr.jpg""/><br>


<img src=""http://image.rakuten.co.jp/yiprefer/cabinet/io/review-pre.jpg"" width=""750"" border=""0"" usemap=""#review"">




 <div align=""center"">
 <a href=""http://www.rakuten.ne.jp/gold/yiprefer/delivery.html"" target=""_blank""><img src=""http://image.rakuten.co.jp/yiprefer/cabinet/io/gochuui.jpg"" alt=""ご注文の前に必ずお読みください"" width=""100%"" /></a><br> <!--<img src=""http://image.rakuten.co.jp/yiprefer/cabinet/05072248/imgrc0063644612.jpg""><br>-->
</div><br><br><br>
<iframe src=""http://www.rakuten.ne.jp/gold/yiprefer/osusume.html"" scrolling=""no"" width=""790"" frameborder=""0"" height=""820"" class=""osusume"">
</iframe><br><br>
</div><style>
input[value=""お買い物かごに入れる""] {
  background: url(http://www.rakuten.ne.jp/gold/yiprefer/images/bnr/cart_bt.jpg) no-repeat scroll left top rgba(0, 0, 0, 0);
  border: 0 none;
  display: inline-block;
  width: 248px;
  height: 55px;
  overflow: hidden;
  text-indent: -99999px;
  white-space: nowrap;
  margin:5px 0 5px;
}

input[value=""お買い物かごに入れる""]:hover {
  cursor: pointer;
  opacity: 0.6;
}

input {
  font-size: 14px;
  width: auto;
  border:1px solid #333333;
}


#pickup780 td{font-size:12px; text-align:left; width:25%; vertical-align:top; line-height:1.4;}
#pickup780 .price{color:#C00; font-weight:bold;}
#pickup780 td img{width:100%;}
#pickup780 td a{color:#333333;}

/*<!--
body{
background:url(http://image.rakuten.co.jp/yiprefer/cabinet/io/ss-100-440-50off.jpg) repeat-y top right;
}
-->*/
</style>

<br><br><br>
<img src=""http://www.rakuten.ne.jp/gold/yiprefer/images/pickup/pickup_tit780.jpg""><br>
<table width=""780"" border=""0"" cellspacing=""10"" cellpadding=""0"" id=""pickup780"">
  <tr>
    <td><img src=""http://thumbnail.image.rakuten.co.jp/@0_mall/yiprefer/cabinet/03615470/btr-006_01.jpg?_ex=300x300&s=2&r=1"" border=""0"" /><br />【REMAX】5000mAh エイリアンシリーズ モバイルバッテリー<br>
    <span class=""price"">2,440円 (税込)</span></td>
    <td><img src=""http://thumbnail.image.rakuten.co.jp/@0_mall/yiprefer/cabinet/03615470/btr-002_01.jpg?_ex=300x300&s=2&r=1"" border=""0""><br>【REMAX】10000mAh大容量 <br />
リチウムポリマー<br>
<span class=""price"">2,980円 (税込)</span></td>
    <td><img src=""http://thumbnail.image.rakuten.co.jp/@0_mall/yiprefer/cabinet/03615470/stand-016_01.jpg?_ex=300x300&s=2&r=1"" border=""0""><br>
      【REMAX】 iphone7スマートフォン<br />
粘着シール不要 ホルダー<br>
<span class=""price"">750円 (税込)</span></td>
  <td><img src=""https://thumbnail.image.rakuten.co.jp/@0_mall/yiprefer/cabinet/03615470/ipcase-116_01.jpg?_ex=300x300&s=2&r=1"" border=""0""><br> iPhone7/iPhone7 Plus クリアケースかわいい おしゃれ 　<br>
<span class=""price"">750円 (税込)</span></td> </tr>
    <tr> <td><img src=""http://thumbnail.image.rakuten.co.jp/@0_mall/yiprefer/cabinet/03615470/adpt-016_01.jpg?_ex=300x300&s=2&r=1"" border=""0""><br>
      【Baseus】Type C to USB <br />
     変換アダプター<br>
      <span class=""price"">2,760円 (税込)</span></td>  
 <td><img src=""https://thumbnail.image.rakuten.co.jp/@0_mall/yiprefer/cabinet/03615470/stand-033_01.jpg?_ex=300x300&s=2&r=1"" border=""0""><br>360度回転 マグネット iphone7 車載ホルダー<br><span class=""price"">1,880円 (税込)</span></td>
 <td><img src=""https://thumbnail.image.rakuten.co.jp/@0_mall/yiprefer/cabinet/03615470/ipcase-118_01.jpg?_ex=300x300&s=2&r=1"" border=""0""><br>
   iPhone7/iPhone7 plus スタンド付きケース<br>
 <span class=""price"">820円 (税込)</span></td>
    
    
    <td><img src=""http://thumbnail.image.rakuten.co.jp/@0_mall/yiprefer/cabinet/03615470/ep-010_01.jpg?_ex=300x300&s=2&r=1"" border=""0"" /><br>
      【REMAX】カナル式 イヤホン<br />
      運動時に最適<br>
      <span class=""price"">2,045円 (税込)</span></td>
  </tr>
</table>


<br><br><br>

<div style=""width:48%; height:725px; overflow:hidden; border:1px solid #CCC; float:left; margin-right:10px;"">
<img src=""http://www.rakuten.ne.jp/gold/yiprefer/ec-collection/images/ecolle_order.jpg"" width=""100%""><br>

</div>



<div style=""width:48%; overflow:hidden; float:left; height:720px;"">
<img src=""http://www.rakuten.ne.jp/gold/yiprefer/ec-collection/images/ecolle_review.jpg"" width=""100%""><br>
</div>
<br style=""clear:both;""><br><br>",iphone7ケース リング付き【ゆう】iphone7 ケース フック付き iPhone7ケース 落下防止 iphone7 plus ケース リングホルダー クリアケース 耐衝撃 スマホケース スタンド iphone7 クリアケース おしゃれ iphone7 plus ケース スタンド：NeverChange楽天市場店,iphone7ケース リング付き【ゆう】iphone7 ケース フック付き iPhone7ケース 落下防止 iphone7 plus ケース リングホルダー クリアケース 耐衝撃 スマホケース スタンド iphone7 クリアケース おしゃれ iphone7 plus ケース スタンド,iphone7ケース 耐衝撃 スタンド機能 iphone7 plus ケース フック。iphone7ケース リング付き【ゆう】iphone7 ケース フック付き iPhone7ケース 落下防止 iphone7 plus ケース リングホルダー クリアケース 耐衝撃 スマホケース スタンド iphone7 クリアケース おしゃれ iphone7 plus ケース スタンド[rn]
23-92274,http://tshop.r10s.jp/gold/yiprefer/images/ipcase/ipcase-072_01.jpg?fitin=700:700,792.0000,,スマートフォン・タブレット > スマートフォンアクセサリー > スマートフォンケース,【ゆう】送料無料 iPhone7 ケース クリア スマホケース スマホカバー iPhone6s ケース iphone6Plus ケース iphone6sPlusケース iphone7 Plus ケース 耐衝撃 防汚 軽薄 傷防止 iphone7 ケース iphone7 plusケース かわいい クリア iphone6 plsuケース,iphone7 おしゃれ アイフォン６ ケース おもしろ かわいい,"<p align=""center"">
<img border=""0"" src=""http://www.rakuten.ne.jp/gold/yiprefer/images/cable-set_2.jpg""/><br>
<img border=""0"" src=""http://www.rakuten.ne.jp/gold/yiprefer/images/ipcase/ipcase-072_01.jpg""><br> 
<img border=""0"" src=""http://www.rakuten.ne.jp/gold/yiprefer/images/ipcase/ipcase-072_02.jpg""><br> 
<img border=""0"" src=""http://www.rakuten.ne.jp/gold/yiprefer/images/ipcase/ipcase-072_03.jpg""><br> 
<img border=""0"" src=""http://www.rakuten.ne.jp/gold/yiprefer/images/ipcase/ipcase-072_04.jpg""><br> 
<img border=""0"" src=""http://www.rakuten.ne.jp/gold/yiprefer/images/ipcase/ipcase-072_05.jpg""><br> 
<img border=""0"" src=""http://www.rakuten.ne.jp/gold/yiprefer/images/ipcase/ipcase-072_06.jpg""><br> 
<img border=""0"" src=""http://www.rakuten.ne.jp/gold/yiprefer/images/ipcase/ipcase-072_07.jpg""><br> 
<img border=""0"" src=""http://www.rakuten.ne.jp/gold/yiprefer/images/ipcase/ipcase-072_08.jpg""><br> 
<img border=""0"" src=""http://www.rakuten.ne.jp/gold/yiprefer/images/ipcase/ipcase-072_09.jpg""><br> 
<img border=""0"" src=""http://www.rakuten.ne.jp/gold/yiprefer/images/ipcase/ipcase-072_10.jpg""><br> 

<img border=""0"" src=""http://image.rakuten.co.jp/yiprefer/cabinet/io/s54377878-pr.jpg""/><br>
<img src=""http://image.rakuten.co.jp/yiprefer/cabinet/io/review-pre.jpg"" width=""750"" border=""0"" usemap=""#review"">
<div align=""center""><a href=""http://www.rakuten.ne.jp/gold/yiprefer/delivery.html"" target=""_blank""><img src=""http://image.rakuten.co.jp/yiprefer/cabinet/io/gochuui.jpg"" alt=""ご注文の前に必ずお読みください"" width=""100%"" /></a><br>
 <br>
 <br>
</div><br><br><br>
<iframe src=""http://www.rakuten.ne.jp/gold/yiprefer/osusume.html"" scrolling=""no"" width=""790"" frameborder=""0"" height=""820"" >
</iframe><br><br><!--▼ Item Information ここから-->
<div class=""item_stl"">Item Information</div>
<table border=""0"" class=""item_shousai"">
  <tr>
    <th width=""60"">商品名</th>
    <td width=""402"">【JAZZ】クリア 透明スマホケース</td>
  </tr>
  <tr>
    <th>カラー</th>
    <td><p>シルバー/ブラック/ゴールド/ローズゴールド</p>
    </td>
  </tr>
  <tr>
    <th>材質</th>
    <td>TPU</td>
  </tr>
  <tr>
<th>対応機種</th>
<td>iPhone7/7 Plus/6/6S/6 Plus/6S Plus/Galaxy S6 Edge/S7 Edge/NOTE7</td>
  <tr> 
  </tr>
  <tr>
<th>発送方法</th>
<td>ゆうパケット送料無料（宅急便の場合は送料540円～を加算）</td>
</tr></table>
<!--▲ Item Information ここまで-->
</div><!-- /item_w -->
<br><br><br><style>
input[value=""お買い物かごに入れる""] {
  background: url(http://www.rakuten.ne.jp/gold/yiprefer/images/bnr/cart_bt.jpg) no-repeat scroll left top rgba(0, 0, 0, 0);
  border: 0 none;
  display: inline-block;
  width: 248px;
  height: 55px;
  overflow: hidden;
  text-indent: -99999px;
  white-space: nowrap;
  margin:5px 0 5px;
}

input[value=""お買い物かごに入れる""]:hover {
  cursor: pointer;
  opacity: 0.6;
}

input {
  font-size: 14px;
  width: auto;
  border:1px solid #333333;
}


#pickup780 td{font-size:12px; text-align:left; width:25%; vertical-align:top; line-height:1.4;}
#pickup780 .price{color:#C00; font-weight:bold;}
#pickup780 td img{width:100%;}
#pickup780 td a{color:#333333;}

/*<!--
body{
background:url(http://image.rakuten.co.jp/yiprefer/cabinet/io/ss-100-440-50off.jpg) repeat-y top right;
}
-->*/
</style>

<br><br><br>
<img src=""http://www.rakuten.ne.jp/gold/yiprefer/images/pickup/pickup_tit780.jpg""><br>
<table width=""780"" border=""0"" cellspacing=""10"" cellpadding=""0"" id=""pickup780"">
  <tr>
    <td><img src=""http://thumbnail.image.rakuten.co.jp/@0_mall/yiprefer/cabinet/03615470/btr-006_01.jpg?_ex=300x300&s=2&r=1"" border=""0"" /><br />【REMAX】5000mAh エイリアンシリーズ モバイルバッテリー<br>
    <span class=""price"">2,440円 (税込)</span></td>
    <td><img src=""http://thumbnail.image.rakuten.co.jp/@0_mall/yiprefer/cabinet/03615470/btr-002_01.jpg?_ex=300x300&s=2&r=1"" border=""0""><br>【REMAX】10000mAh大容量 <br />
リチウムポリマー<br>
<span class=""price"">2,980円 (税込)</span></td>
    <td><img src=""http://thumbnail.image.rakuten.co.jp/@0_mall/yiprefer/cabinet/03615470/stand-016_01.jpg?_ex=300x300&s=2&r=1"" border=""0""><br>
      【REMAX】 iphone7スマートフォン<br />
粘着シール不要 ホルダー<br>
<span class=""price"">750円 (税込)</span></td>
  <td><img src=""https://thumbnail.image.rakuten.co.jp/@0_mall/yiprefer/cabinet/03615470/ipcase-116_01.jpg?_ex=300x300&s=2&r=1"" border=""0""><br> iPhone7/iPhone7 Plus クリアケースかわいい おしゃれ 　<br>
<span class=""price"">750円 (税込)</span></td> </tr>
    <tr> <td><img src=""http://thumbnail.image.rakuten.co.jp/@0_mall/yiprefer/cabinet/03615470/adpt-016_01.jpg?_ex=300x300&s=2&r=1"" border=""0""><br>
      【Baseus】Type C to USB <br />
     変換アダプター<br>
      <span class=""price"">2,760円 (税込)</span></td>  
 <td><img src=""https://thumbnail.image.rakuten.co.jp/@0_mall/yiprefer/cabinet/03615470/stand-033_01.jpg?_ex=300x300&s=2&r=1"" border=""0""><br>360度回転 マグネット iphone7 車載ホルダー<br><span class=""price"">1,880円 (税込)</span></td>
 <td><img src=""https://thumbnail.image.rakuten.co.jp/@0_mall/yiprefer/cabinet/03615470/ipcase-118_01.jpg?_ex=300x300&s=2&r=1"" border=""0""><br>
   iPhone7/iPhone7 plus スタンド付きケース<br>
 <span class=""price"">820円 (税込)</span></td>
    
    
    <td><img src=""http://thumbnail.image.rakuten.co.jp/@0_mall/yiprefer/cabinet/03615470/ep-010_01.jpg?_ex=300x300&s=2&r=1"" border=""0"" /><br>
      【REMAX】カナル式 イヤホン<br />
      運動時に最適<br>
      <span class=""price"">2,045円 (税込)</span></td>
  </tr>
</table>


<br><br><br>

<div style=""width:48%; height:725px; overflow:hidden; border:1px solid #CCC; float:left; margin-right:10px;"">
<img src=""http://www.rakuten.ne.jp/gold/yiprefer/ec-collection/images/ecolle_order.jpg"" width=""100%""><br>

</div>



<div style=""width:48%; overflow:hidden; float:left; height:720px;"">
<img src=""http://www.rakuten.ne.jp/gold/yiprefer/ec-collection/images/ecolle_review.jpg"" width=""100%""><br>
</div>
<br style=""clear:both;""><br><br>",【ゆう】送料無料 iPhone7 ケース クリア スマホケース スマホカバー iPhone6s ケース iphone6Plus ケース iphone6sPlusケース iphone7 Plus ケース 耐衝撃 防汚 軽薄 傷防止 iphone7 ケース iphone7 plusケース かわいい クリア iphone6 plsuケース：NeverChange楽天市場店,【ゆう】送料無料 iPhone7 ケース クリア スマホケース スマホカバー iPhone6s ケース iphone6Plus ケース iphone6sPlusケース iphone7 Plus ケース 耐衝撃 防汚 軽薄 傷防止 iphone7 ケース iphone7 plusケース かわいい クリア iphone6 plsuケース,iphone7 おしゃれ アイフォン６ ケース おもしろ かわいい。【ゆう】送料無料 iPhone7 ケース クリア スマホケース スマホカバー iPhone6s ケース iphone6Plus ケース iphone6sPlusケース iphone7 Plus ケース 耐衝撃 防汚 軽薄 傷防止 iphone7 ケース iphone7 plusケース かわいい クリア iphone6 plsuケース[rn]
23-92275,http://tshop.r10s.jp/gold/yiprefer/images/ipcase/ipcase-068_0001.jpg?fitin=700:700,984.0000,,スマートフォン・タブレット > スマートフォンアクセサリー > スマートフォンケース,iPhone7 ケース 手帳型 iPhone7ケース 手帳型 iPhone6s ケース 手帳 デニム iPhone6ケース 手帳型 横開き スマホケース 手帳型 スマホカバー シンプル アイフォン7ケース かわいい アイフォンケース おしゃれ ゴージャス|iPhone6 ケース おしゃれ ストラップ,麻素材の手帳型　iPhoneケース iphone アイフォン ケース,"<p align=""center"" style=""width:750px;""><img src=""http://www.rakuten.ne.jp/gold/yiprefer/images/ipcase/ipcase-068_0001.jpg"" width=""100%""><br> 
<img src=""http://www.rakuten.ne.jp/gold/yiprefer/images/ipcase/ipcase-068_02.jpg"" width=""100%""><br>
<img src=""http://www.rakuten.ne.jp/gold/yiprefer/images/ipcase/ipcase-068_04.jpg"" width=""100%""><br> 
<img src=""http://www.rakuten.ne.jp/gold/yiprefer/images/ipcase/ipcase-068_005.jpg"" width=""100%""><br> 
<img src=""http://image.rakuten.co.jp/yiprefer/cabinet/05206682/imgrc0064033201.jpg"" width=""100%""><br> 
<img src=""http://www.rakuten.ne.jp/gold/yiprefer/images/ipcase/ipcase-068_07.jpg"" width=""100%""><br>
<img src=""http://image.rakuten.co.jp/yiprefer/cabinet/03615470/ipcase-068r_01.jpg"" width=""100%""><br> 
<img src=""http://image.rakuten.co.jp/yiprefer/cabinet/03615470/ipcase-068r_02.jpg"" width=""100%""><br>
<img src=""http://image.rakuten.co.jp/yiprefer/cabinet/03615470/ipcase-068r_03.jpg"" width=""100%""><br> 
<img src=""http://image.rakuten.co.jp/yiprefer/cabinet/03615470/ipcase-068r_04.jpg"" width=""100%""><br> 
<img src=""http://www.rakuten.ne.jp/gold/yiprefer/images/ipcase/ipcase-068_08.jpg"" width=""100%""><br> 
<img src=""http://www.rakuten.ne.jp/gold/yiprefer/images/ipcase/ipcase-068_09.jpg"" width=""100%""><br> 
<img src=""http://www.rakuten.ne.jp/gold/yiprefer/images/ipcase/ipcase-068_10.jpg"" width=""100%""><br><br> 


<img src=""http://www.rakuten.ne.jp/gold/yiprefer/images/imgtokuten.jpg"" width=""100%"">
<br><br>
<img src=""http://image.rakuten.co.jp/yiprefer/cabinet/03536581/rev_ipcase-068-set.jpg"" width=""100%"" /><br /><br />

<table border=""0"" class=""item_shousai"">
<tr>
<th width=""58"">商品名</th>
<td width=""820"">【FUNWEAR】ストラップ付き麻柄 手帳型 保護ケース 横開き 二つ折りケース</td>
</tr><tr>
<th>カラー</th>
<td><p>ブラック/グレー/ブルー(ブルータイプはストラップがつきませんので、ご注意ください。)</p></td>
</tr><tr>
<th>対応機種</th>
<td>iPhone7/iPhone 7Plus/iPhone6/6S/iPhone6 Plus/6S Plus</td>
</tr><tr>
<th>商品スペック</th>
<td><p>*材質：麻・PU・PUレザー<br>
 *状態：新品<br>
*表面には、心地よい手触りの麻素材を採用。手から滑り落ちることもありません。<br>
PU加工されているので、より摩耗や汚れに強く、丈夫です。<br>
シンプルなデザインなので、オールシーズンに使用できます。<br>
 *落下防止用ストラップ付き (ブルータイプはストラップがつきませんので、ご注意ください。)<br>
 *内部はお洒落な2重ポケットデザイン。<br>
  カードや紙幣などを分けて入れることができます。<br>
 *カバー部分を折り返せば、角度調整が可能なスタンドになります。<br>
  動画視聴やTV電話に便利です。</p></td>
</tr><tr>
<th><p>関連キーワード</p></th>
<td><p>iphone7 ケース リング iphone7 ケース かわいい iphone7 ケースかわいい iphone7 ケース レザー iphone7 ケース おもしろ iphone7 手帳型 iphone7 手帳型ケース デニム iphone7 手帳型 ケース iphone7 耐衝撃 軽量 薄い iphone7ケース 手帳型 iphone7ケース 耐衝撃 iphone7ケース おしゃれ iphone7ケース カード収納 iphone7ケース シリコン スマートフォンケース iphone7 plus ケース 手帳型 かわいい iphone7 plus ケース 手帳型 おしゃれ iphone7 plus ケース 耐衝撃 iphone7plusカバー iphone7plusケース 手帳型 iphone7plusケース シリコン iphone7plus 手帳型ケース iphone7plus 保護フィルム iphone6s ケース 手帳型 おしゃれ iphone6s ケースシリコン iphone6s ケース シリコン iphone6sケース 手帳型 オシャレ iphone6sケース 手帳型ケース iphone6s 手帳型 カバー iphone6s 手帳型ケース おしゃれ iphone6splus ケース 手帳型 iphone6splus ケース シリコン iphone6splus ケース 耐衝撃 iphone6s plus ガラス iphone6splus 手帳 iphone6s plus 手帳ケース iphone6s plus 手帳型ケース<br>
</p></td>
</tr><tr>
<th>発送</th>
<td>ゆうパケット送料無料（宅急便ご指定する場合、送料540円～加算になります。ご了承ください。）</td>
</tr></table>
<img border=""0"" src=""http://image.rakuten.co.jp/yiprefer/cabinet/io/s54377878-pr.jpg""/><br>
<img src=""http://image.rakuten.co.jp/yiprefer/cabinet/io/review-pre.jpg"" width=""750"" border=""0"" usemap=""#review"">
<div align=""center""><a href=""http://www.rakuten.ne.jp/gold/yiprefer/delivery.html"" target=""_blank""><img src=""http://image.rakuten.co.jp/yiprefer/cabinet/io/gochuui.jpg"" alt=""ご注文の前に必ずお読みください"" width=""100%"" /></a><br>
 <br>
 <br>
</div><br><br><br>
<iframe src=""http://www.rakuten.ne.jp/gold/yiprefer/osusume.html"" scrolling=""no"" width=""790"" frameborder=""0"" height=""820"" class=""osusume"">
</iframe><br><br><!--▼ Item Information ここから-->
<div class=""item_stl"">Item Information</div>
<table border=""0"" class=""item_shousai"">
  <tr>
    <th>商品名</th>
    <td><p>iphone7 手帳型ケース iphone7 ケース 手帳型 女子ストラップ付き麻柄 手帳型 保護ケース 横開き 二つ折りケース iphone7 ケースかわいい iphone7 耐衝撃 軽量 薄い iphone7ケース 手帳型 おしゃれ iphone7 plus ケース 手帳型 かわいい 手帳ケース iphone6s ケース 手帳型 おしゃれ 手帳型 カバー iPhone7 ケース 頑丈 持ち運び　落ちにくい　衝撃防止　レザーケース</p></td>
  </tr>
  <tr>
    <th>カラー</th>
    <td><p>ブラック/グレー/ブルー(ブルータイプはストラップがつきませんので、ご注意ください。)</p></td>
  </tr>
  <tr>
    <th>ケース材質</th>
    <td>麻・PU・PUレザー</td>
  </tr>
  <tr>
<th>対応機種</th>
<td>iPhone6/6S/6Plus/6S/6Plus/iPhone7/iPhone 7Plus </td>
  <tr> 
  </tr>
  <tr>
<th>発送方法</th>
<td>ゆうパケット</td>
</tr></table>
<!--▲ Item Information ここまで-->
</div><!-- /item_w -->
<br><br><br><style>
input[value=""お買い物かごに入れる""] {
  background: url(http://www.rakuten.ne.jp/gold/yiprefer/images/bnr/cart_bt.jpg) no-repeat scroll left top rgba(0, 0, 0, 0);
  border: 0 none;
  display: inline-block;
  width: 248px;
  height: 55px;
  overflow: hidden;
  text-indent: -99999px;
  white-space: nowrap;
  margin:5px 0 5px;
}

input[value=""お買い物かごに入れる""]:hover {
  cursor: pointer;
  opacity: 0.6;
}

input {
  font-size: 14px;
  width: auto;
  border:1px solid #333333;
}


#pickup780 td{font-size:12px; text-align:left; width:25%; vertical-align:top; line-height:1.4;}
#pickup780 .price{color:#C00; font-weight:bold;}
#pickup780 td img{width:100%;}
#pickup780 td a{color:#333333;}

/*<!--
body{
background:url(http://image.rakuten.co.jp/yiprefer/cabinet/io/ss-100-440-50off.jpg) repeat-y top right;
}
-->*/
</style>

<br><br><br>
<img src=""http://www.rakuten.ne.jp/gold/yiprefer/images/pickup/pickup_tit780.jpg""><br>
<table width=""780"" border=""0"" cellspacing=""10"" cellpadding=""0"" id=""pickup780"">
  <tr>
    <td><img src=""http://thumbnail.image.rakuten.co.jp/@0_mall/yiprefer/cabinet/03615470/btr-006_01.jpg?_ex=300x300&s=2&r=1"" border=""0"" /><br />【REMAX】5000mAh エイリアンシリーズ モバイルバッテリー<br>
    <span class=""price"">2,440円 (税込)</span></td>
    <td><img src=""http://thumbnail.image.rakuten.co.jp/@0_mall/yiprefer/cabinet/03615470/btr-002_01.jpg?_ex=300x300&s=2&r=1"" border=""0""><br>【REMAX】10000mAh大容量 <br />
リチウムポリマー<br>
<span class=""price"">2,980円 (税込)</span></td>
    <td><img src=""http://thumbnail.image.rakuten.co.jp/@0_mall/yiprefer/cabinet/03615470/stand-016_01.jpg?_ex=300x300&s=2&r=1"" border=""0""><br>
      【REMAX】 iphone7スマートフォン<br />
粘着シール不要 ホルダー<br>
<span class=""price"">750円 (税込)</span></td>
  <td><img src=""https://thumbnail.image.rakuten.co.jp/@0_mall/yiprefer/cabinet/03615470/ipcase-116_01.jpg?_ex=300x300&s=2&r=1"" border=""0""><br> iPhone7/iPhone7 Plus クリアケースかわいい おしゃれ 　<br>
<span class=""price"">750円 (税込)</span></td> </tr>
    <tr> <td><img src=""http://thumbnail.image.rakuten.co.jp/@0_mall/yiprefer/cabinet/03615470/adpt-016_01.jpg?_ex=300x300&s=2&r=1"" border=""0""><br>
      【Baseus】Type C to USB <br />
     変換アダプター<br>
      <span class=""price"">2,760円 (税込)</span></td>  
 <td><img src=""https://thumbnail.image.rakuten.co.jp/@0_mall/yiprefer/cabinet/03615470/stand-033_01.jpg?_ex=300x300&s=2&r=1"" border=""0""><br>360度回転 マグネット iphone7 車載ホルダー<br><span class=""price"">1,880円 (税込)</span></td>
 <td><img src=""https://thumbnail.image.rakuten.co.jp/@0_mall/yiprefer/cabinet/03615470/ipcase-118_01.jpg?_ex=300x300&s=2&r=1"" border=""0""><br>
   iPhone7/iPhone7 plus スタンド付きケース<br>
 <span class=""price"">820円 (税込)</span></td>
    
    
    <td><img src=""http://thumbnail.image.rakuten.co.jp/@0_mall/yiprefer/cabinet/03615470/ep-010_01.jpg?_ex=300x300&s=2&r=1"" border=""0"" /><br>
      【REMAX】カナル式 イヤホン<br />
      運動時に最適<br>
      <span class=""price"">2,045円 (税込)</span></td>
  </tr>
</table>


<br><br><br>

<div style=""width:48%; height:725px; overflow:hidden; border:1px solid #CCC; float:left; margin-right:10px;"">
<img src=""http://www.rakuten.ne.jp/gold/yiprefer/ec-collection/images/ecolle_order.jpg"" width=""100%""><br>

</div>



<div style=""width:48%; overflow:hidden; float:left; height:720px;"">
<img src=""http://www.rakuten.ne.jp/gold/yiprefer/ec-collection/images/ecolle_review.jpg"" width=""100%""><br>
</div>
<br style=""clear:both;""><br><br>",iPhone7 ケース 手帳型 iPhone7ケース 手帳型 iPhone6s ケース 手帳 デニム iPhone6ケース 手帳型 横開き スマホケース 手帳型 スマホカバー シンプル アイフォン7ケース かわいい アイフォンケース おしゃれ ゴージャス|iPhone6 ケース おしゃれ ストラップ：NeverChange楽天市場店,iPhone7 ケース 手帳型 iPhone7ケース 手帳型 iPhone6s ケース 手帳 デニム iPhone6ケース 手帳型 横開き スマホケース 手帳型 スマホカバー シンプル アイフォン7ケース かわいい アイフォンケース おしゃれ ゴージャス|iPhone6 ケース おしゃれ ストラップ,麻素材の手帳型　iPhoneケース iphone アイフォン ケース。iPhone7 ケース 手帳型 iPhone7ケース 手帳型 iPhone6s ケース 手帳 デニム iPhone6ケース 手帳型 横開き スマホケース 手帳型 スマホカバー シンプル アイフォン7ケース かわいい アイフォンケース おしゃれ ゴージャス|iPhone6 ケース おしゃれ ストラップ[rn]
23-92276,http://tshop.r10s.jp/yiprefer/cabinet/03615470/ipcase-057_01.jpg?fitin=700:700,1664.0000,,スマートフォン・タブレット > スマートフォンアクセサリー > スマートフォンケース,【ゆう】送料無料 iPhone6 6s iphone6 Plus 6S Plus 頑丈 アルミニウムケース ネジ留め式 メタリック 耐久性 アイフォンカバー iphone6 ケース iphone6s ケース iphone6 plus バンパーケース iphone6 アルミバンパー ケース iphone6s バンパー ケース,iphone ケース iphone6 plus バンパーケース iphone6s,"<div align=""center""><img border=""0"" src=""http://image.rakuten.co.jp/yiprefer/cabinet/03615470/ipcase-057_01.jpg""/><br>
  <img border=""0"" src=""http://image.rakuten.co.jp/yiprefer/cabinet/03615470/ipcase-057_02.jpg""/><br>
  <img border=""0"" src=""http://image.rakuten.co.jp/yiprefer/cabinet/03615470/ipcase-057_03.jpg""/><br>
  <img border=""0"" src=""http://image.rakuten.co.jp/yiprefer/cabinet/03615470/ipcase-057_04.jpg""/><br>
  <img border=""0"" src=""http://image.rakuten.co.jp/yiprefer/cabinet/03615470/ipcase-057_05.jpg""/><br>
  <img border=""0"" src=""http://image.rakuten.co.jp/yiprefer/cabinet/03615470/ipcase-057_06.jpg""/><br>
  <img border=""0"" src=""http://image.rakuten.co.jp/yiprefer/cabinet/03615470/ipcase-057_07.jpg""/><br>
    <img border=""0"" src=""http://image.rakuten.co.jp/yiprefer/cabinet/03615470/ipcase-057_08.jpg""/><br>
  <img border=""0"" src=""http://image.rakuten.co.jp/yiprefer/cabinet/03615470/ipcase-057_09.jpg""/>
  <!--▼ Item Information ここから-->
  <div class=""item_stl"">Item Information </div>
  <table border=""0"" class=""item_shousai"">
  <tr>
  <th width=""125"">商品名</th>
  <td width=""411"">【ゆうパケット送料無料】iPhone6/6s iPhone6 Plus/6S Plus 頑丈 アルミニウムケース ネジ留め式 メタリック 耐久性 アイフォンカバー</td>
  </tr><tr>
  <th>対応機種</th>
  <td>iPhone6/6S iPhone6Plus/6S Plus</td>
  </tr>
  <tr>
    <th>詳細</th>
    <td>
  




<!--サイズ ：25.7×11×5.9mm<br>-->
           

材質:アルミニウム合金</td>
  </tr> 
  <tr>
  <th>カラー</th>
  <td>
 シャンパンゴールド、レッド、ローズゴールド、グレー、ブラック、シルバー
  
  </td>
  </tr> <tr>
  <th>発送</th>
  <td>ゆうパケット</td>
  </tr></table>
  <!--▲ Item Information ここまで-->
  </div>
  <br>
  <br />
  
  <div align=""center""><a href=""http://www.rakuten.ne.jp/gold/yiprefer/delivery.html"" target=""_blank""><img src=""http://image.rakuten.co.jp/yiprefer/cabinet/io/gochuui.jpg"" alt=""ご注文の前に必ずお読みください"" width=""100%"" /></a><br>
    </div><br><br><br>
<iframe src=""http://www.rakuten.ne.jp/gold/yiprefer/osusume.html"" scrolling=""no"" width=""790"" frameborder=""0"" height=""820"" >
</iframe><br><br><style>
input[value=""お買い物かごに入れる""] {
  background: url(http://www.rakuten.ne.jp/gold/yiprefer/images/bnr/cart_bt.jpg) no-repeat scroll left top rgba(0, 0, 0, 0);
  border: 0 none;
  display: inline-block;
  width: 248px;
  height: 55px;
  overflow: hidden;
  text-indent: -99999px;
  white-space: nowrap;
  margin:5px 0 5px;
}

input[value=""お買い物かごに入れる""]:hover {
  cursor: pointer;
  opacity: 0.6;
}

input {
  font-size: 14px;
  width: auto;
  border:1px solid #333333;
}


#pickup780 td{font-size:12px; text-align:left; width:25%; vertical-align:top; line-height:1.4;}
#pickup780 .price{color:#C00; font-weight:bold;}
#pickup780 td img{width:100%;}
#pickup780 td a{color:#333333;}

/*<!--
body{
background:url(http://image.rakuten.co.jp/yiprefer/cabinet/io/ss-100-440-50off.jpg) repeat-y top right;
}
-->*/
</style>

<br><br><br>
<img src=""http://www.rakuten.ne.jp/gold/yiprefer/images/pickup/pickup_tit780.jpg""><br>
<table width=""780"" border=""0"" cellspacing=""10"" cellpadding=""0"" id=""pickup780"">
  <tr>
    <td><img src=""http://thumbnail.image.rakuten.co.jp/@0_mall/yiprefer/cabinet/03615470/btr-006_01.jpg?_ex=300x300&s=2&r=1"" border=""0"" /><br />【REMAX】5000mAh エイリアンシリーズ モバイルバッテリー<br>
    <span class=""price"">2,440円 (税込)</span></td>
    <td><img src=""http://thumbnail.image.rakuten.co.jp/@0_mall/yiprefer/cabinet/03615470/btr-002_01.jpg?_ex=300x300&s=2&r=1"" border=""0""><br>【REMAX】10000mAh大容量 <br />
リチウムポリマー<br>
<span class=""price"">2,980円 (税込)</span></td>
    <td><img src=""http://thumbnail.image.rakuten.co.jp/@0_mall/yiprefer/cabinet/03615470/stand-016_01.jpg?_ex=300x300&s=2&r=1"" border=""0""><br>
      【REMAX】 iphone7スマートフォン<br />
粘着シール不要 ホルダー<br>
<span class=""price"">750円 (税込)</span></td>
  <td><img src=""https://thumbnail.image.rakuten.co.jp/@0_mall/yiprefer/cabinet/03615470/ipcase-116_01.jpg?_ex=300x300&s=2&r=1"" border=""0""><br> iPhone7/iPhone7 Plus クリアケースかわいい おしゃれ 　<br>
<span class=""price"">750円 (税込)</span></td> </tr>
    <tr> <td><img src=""http://thumbnail.image.rakuten.co.jp/@0_mall/yiprefer/cabinet/03615470/adpt-016_01.jpg?_ex=300x300&s=2&r=1"" border=""0""><br>
      【Baseus】Type C to USB <br />
     変換アダプター<br>
      <span class=""price"">2,760円 (税込)</span></td>  
 <td><img src=""https://thumbnail.image.rakuten.co.jp/@0_mall/yiprefer/cabinet/03615470/stand-033_01.jpg?_ex=300x300&s=2&r=1"" border=""0""><br>360度回転 マグネット iphone7 車載ホルダー<br><span class=""price"">1,880円 (税込)</span></td>
 <td><img src=""https://thumbnail.image.rakuten.co.jp/@0_mall/yiprefer/cabinet/03615470/ipcase-118_01.jpg?_ex=300x300&s=2&r=1"" border=""0""><br>
   iPhone7/iPhone7 plus スタンド付きケース<br>
 <span class=""price"">820円 (税込)</span></td>
    
    
    <td><img src=""http://thumbnail.image.rakuten.co.jp/@0_mall/yiprefer/cabinet/03615470/ep-010_01.jpg?_ex=300x300&s=2&r=1"" border=""0"" /><br>
      【REMAX】カナル式 イヤホン<br />
      運動時に最適<br>
      <span class=""price"">2,045円 (税込)</span></td>
  </tr>
</table>


<br><br><br>

<div style=""width:48%; height:725px; overflow:hidden; border:1px solid #CCC; float:left; margin-right:10px;"">
<img src=""http://www.rakuten.ne.jp/gold/yiprefer/ec-collection/images/ecolle_order.jpg"" width=""100%""><br>

</div>



<div style=""width:48%; overflow:hidden; float:left; height:720px;"">
<img src=""http://www.rakuten.ne.jp/gold/yiprefer/ec-collection/images/ecolle_review.jpg"" width=""100%""><br>
</div>
<br style=""clear:both;""><br><br>",【ゆう】送料無料 iPhone6 6s iphone6 Plus 6S Plus 頑丈 アルミニウムケース ネジ留め式 メタリック 耐久性 アイフォンカバー iphone6 ケース iphone6s ケース iphone6 plus バンパーケース iphone6 アルミバンパー ケース iphone6s バンパー ケース：NeverChange楽天市場店,【ゆう】送料無料 iPhone6 6s iphone6 Plus 6S Plus 頑丈 アルミニウムケース ネジ留め式 メタリック 耐久性 アイフォンカバー iphone6 ケース iphone6s ケース iphone6 plus バンパーケース iphone6 アルミバンパー ケース iphone6s バンパー ケース,iphone ケース iphone6 plus バンパーケース iphone6s。【ゆう】送料無料 iPhone6 6s iphone6 Plus 6S Plus 頑丈 アルミニウムケース ネジ留め式 メタリック 耐久性 アイフォンカバー iphone6 ケース iphone6s ケース iphone6 plus バンパーケース iphone6 アルミバンパー ケース iphone6s バンパー ケース[rn]
23-92277,http://tshop.r10s.jp/gold/yiprefer/images/ipcase/ipcase-056_01.jpg?fitin=700:700,1224.0000,,スマートフォン・タブレット > スマートフォンアクセサリー > スマートフォンケース,【ゆう】送料無料 iphone7 バンパー ケース iphone7 plus バンパー ケース iphone6s バンパー ケース iphone6splus バンパー 6s plus バンパーアルミ ネジ留め式 アイフォン バンパー ケース iphone6sケース バンパー iphone7 メタルバンパー バンパーケース,iPhone7/7plus/6/6s/6 Plus/6S Plus アルミ合金バンパーケース,"<div align=""center""><img border=""0"" src=""http://www.rakuten.ne.jp/gold/yiprefer/images/ipcase/ipcase-056_01.jpg""/><br>
  <img border=""0"" src=""http://www.rakuten.ne.jp/gold/yiprefer/images/ipcase/ipcase-056_02.jpg""/><br>
  <img border=""0"" src=""http://image.rakuten.co.jp/yiprefer/cabinet/03615470/ipcase-056_03.jpg""/><br>
  <img border=""0"" src=""http://image.rakuten.co.jp/yiprefer/cabinet/03615470/ipcase-056_04.jpg""/><br>
  <img border=""0"" src=""http://image.rakuten.co.jp/yiprefer/cabinet/03615470/ipcase-056_05.jpg""/><br>
  <img border=""0"" src=""http://image.rakuten.co.jp/yiprefer/cabinet/03615470/ipcase-056_06.jpg""/><br>
  <img border=""0"" src=""http://image.rakuten.co.jp/yiprefer/cabinet/03615470/ipcase-056_07.jpg""/><br>
  <img border=""0"" src=""http://image.rakuten.co.jp/yiprefer/cabinet/03615470/ipcase-056_09.jpg""/><br>
  <img border=""0"" src=""http://www.rakuten.ne.jp/gold/yiprefer/images/ipcase/ipcase-056_12.jpg""/><br>
  <img border=""0"" src=""http://www.rakuten.ne.jp/gold/yiprefer/images/ipcase/ipcase-056_13.jpg""/><br>
    <img border=""0"" src=""http://image.rakuten.co.jp/yiprefer/cabinet/05072248/imgrc0064126132.jpg""/><br>
      <img border=""0"" src=""http://www.rakuten.ne.jp/gold/yiprefer/images/ipcase/ipcase-056_15.jpg""/><br>
        <img border=""0"" src=""http://www.rakuten.ne.jp/gold/yiprefer/images/ipcase/ipcase-056_16.jpg""/><br>
          <img border=""0"" src=""http://www.rakuten.ne.jp/gold/yiprefer/images/ipcase/ipcase-056_17.jpg""/><br>
            <img border=""0"" src=""http://www.rakuten.ne.jp/gold/yiprefer/images/ipcase/ipcase-056_18.jpg""/><br>
              <img border=""0"" src=""http://www.rakuten.ne.jp/gold/yiprefer/images/ipcase/ipcase-056_19.jpg""/><br>
                <img border=""0"" src=""http://www.rakuten.ne.jp/gold/yiprefer/images/ipcase/ipcase-056_20.jpg""/><br>
                  <img border=""0"" src=""http://image.rakuten.co.jp/yiprefer/cabinet/03615470/ipcase-056_10.jpg""/><br>
                  <img border=""0"" src=""http://www.rakuten.ne.jp/gold/yiprefer/images/ipcase/ipcase-056_11.jpg""/><br>
  <!--▼ Item Information ここから-->
  <div class=""item_stl"">Item Information </div>
  <table border=""0"" class=""item_shousai"">
  <tr>
  <th width=""125"">商品名</th>
  <td width=""411"">【ゆうパケット送料無料】iPhone7/iPhone7 Plus/iPhone6/6s iphone6 Plus/6S Plus アルミニウム合金 スタイリッシュ 高級感 ネジ留め式 アイフォン バンパー　ケース</td>
  </tr><tr>
  <th>対応機種</th>
  <td>iPhone7/iPhone7 Plus/iPhone6/6S iPhone6Plus/6S Plus</td>
  </tr>
  <tr>
    <th>詳細</th>
    <td>
  




<!--サイズ ：25.7×11×5.9mm<br>-->
           

材質:アルミニウム合金</td>
  </tr> 
  <tr>
  <th>カラー</th>
  <td>
 ゴールド、シルバー、ブラック、ローズゴールド、グレー、ローズ、レッド、ブルー、グリーン
  
  </td>
  </tr> <tr>
  <th>発送</th>
  <td>ゆうパケット</td>
  </tr></table>
  <!--▲ Item Information ここまで-->
  </div>
  <br>
  <br />
  
  <div align=""center""><a href=""http://www.rakuten.ne.jp/gold/yiprefer/delivery.html"" target=""_blank""><img src=""http://image.rakuten.co.jp/yiprefer/cabinet/io/gochuui.jpg"" alt=""ご注文の前に必ずお読みください"" width=""100%"" /></a><br>
    </div><br><br><br>
<iframe src=""http://www.rakuten.ne.jp/gold/yiprefer/osusume.html"" scrolling=""no"" width=""790"" frameborder=""0"" height=""820"" >
</iframe><br><br><style>
input[value=""お買い物かごに入れる""] {
  background: url(http://www.rakuten.ne.jp/gold/yiprefer/images/bnr/cart_bt.jpg) no-repeat scroll left top rgba(0, 0, 0, 0);
  border: 0 none;
  display: inline-block;
  width: 248px;
  height: 55px;
  overflow: hidden;
  text-indent: -99999px;
  white-space: nowrap;
  margin:5px 0 5px;
}

input[value=""お買い物かごに入れる""]:hover {
  cursor: pointer;
  opacity: 0.6;
}

input {
  font-size: 14px;
  width: auto;
  border:1px solid #333333;
}


#pickup780 td{font-size:12px; text-align:left; width:25%; vertical-align:top; line-height:1.4;}
#pickup780 .price{color:#C00; font-weight:bold;}
#pickup780 td img{width:100%;}
#pickup780 td a{color:#333333;}

/*<!--
body{
background:url(http://image.rakuten.co.jp/yiprefer/cabinet/io/ss-100-440-50off.jpg) repeat-y top right;
}
-->*/
</style>

<br><br><br>
<img src=""http://www.rakuten.ne.jp/gold/yiprefer/images/pickup/pickup_tit780.jpg""><br>
<table width=""780"" border=""0"" cellspacing=""10"" cellpadding=""0"" id=""pickup780"">
  <tr>
    <td><img src=""http://thumbnail.image.rakuten.co.jp/@0_mall/yiprefer/cabinet/03615470/btr-006_01.jpg?_ex=300x300&s=2&r=1"" border=""0"" /><br />【REMAX】5000mAh エイリアンシリーズ モバイルバッテリー<br>
    <span class=""price"">2,440円 (税込)</span></td>
    <td><img src=""http://thumbnail.image.rakuten.co.jp/@0_mall/yiprefer/cabinet/03615470/btr-002_01.jpg?_ex=300x300&s=2&r=1"" border=""0""><br>【REMAX】10000mAh大容量 <br />
リチウムポリマー<br>
<span class=""price"">2,980円 (税込)</span></td>
    <td><img src=""http://thumbnail.image.rakuten.co.jp/@0_mall/yiprefer/cabinet/03615470/stand-016_01.jpg?_ex=300x300&s=2&r=1"" border=""0""><br>
      【REMAX】 iphone7スマートフォン<br />
粘着シール不要 ホルダー<br>
<span class=""price"">750円 (税込)</span></td>
  <td><img src=""https://thumbnail.image.rakuten.co.jp/@0_mall/yiprefer/cabinet/03615470/ipcase-116_01.jpg?_ex=300x300&s=2&r=1"" border=""0""><br> iPhone7/iPhone7 Plus クリアケースかわいい おしゃれ 　<br>
<span class=""price"">750円 (税込)</span></td> </tr>
    <tr> <td><img src=""http://thumbnail.image.rakuten.co.jp/@0_mall/yiprefer/cabinet/03615470/adpt-016_01.jpg?_ex=300x300&s=2&r=1"" border=""0""><br>
      【Baseus】Type C to USB <br />
     変換アダプター<br>
      <span class=""price"">2,760円 (税込)</span></td>  
 <td><img src=""https://thumbnail.image.rakuten.co.jp/@0_mall/yiprefer/cabinet/03615470/stand-033_01.jpg?_ex=300x300&s=2&r=1"" border=""0""><br>360度回転 マグネット iphone7 車載ホルダー<br><span class=""price"">1,880円 (税込)</span></td>
 <td><img src=""https://thumbnail.image.rakuten.co.jp/@0_mall/yiprefer/cabinet/03615470/ipcase-118_01.jpg?_ex=300x300&s=2&r=1"" border=""0""><br>
   iPhone7/iPhone7 plus スタンド付きケース<br>
 <span class=""price"">820円 (税込)</span></td>
    
    
    <td><img src=""http://thumbnail.image.rakuten.co.jp/@0_mall/yiprefer/cabinet/03615470/ep-010_01.jpg?_ex=300x300&s=2&r=1"" border=""0"" /><br>
      【REMAX】カナル式 イヤホン<br />
      運動時に最適<br>
      <span class=""price"">2,045円 (税込)</span></td>
  </tr>
</table>


<br><br><br>

<div style=""width:48%; height:725px; overflow:hidden; border:1px solid #CCC; float:left; margin-right:10px;"">
<img src=""http://www.rakuten.ne.jp/gold/yiprefer/ec-collection/images/ecolle_order.jpg"" width=""100%""><br>

</div>



<div style=""width:48%; overflow:hidden; float:left; height:720px;"">
<img src=""http://www.rakuten.ne.jp/gold/yiprefer/ec-collection/images/ecolle_review.jpg"" width=""100%""><br>
</div>
<br style=""clear:both;""><br><br>",【ゆう】送料無料 iphone7 バンパー ケース iphone7 plus バンパー ケース iphone6s バンパー ケース iphone6splus バンパー 6s plus バンパーアルミ ネジ留め式 アイフォン バンパー ケース iphone6sケース バンパー iphone7 メタルバンパー バンパーケース：NeverChange楽天市場店,【ゆう】送料無料 iphone7 バンパー ケース iphone7 plus バンパー ケース iphone6s バンパー ケース iphone6splus バンパー 6s plus バンパーアルミ ネジ留め式 アイフォン バンパー ケース iphone6sケース バンパー iphone7 メタルバンパー バンパーケース,iPhone7/7plus/6/6s/6 Plus/6S Plus アルミ合金バンパーケース。【ゆう】送料無料 iphone7 バンパー ケース iphone7 plus バンパー ケース iphone6s バンパー ケース iphone6splus バンパー 6s plus バンパーアルミ ネジ留め式 アイフォン バンパー ケース iphone6sケース バンパー iphone7 メタルバンパー バンパーケース[rn]
23-92278,http://tshop.r10s.jp/yiprefer/cabinet/03615470/ipcase-102_01.jpg?fitin=700:700,990.4000,,スマートフォン・タブレット > スマートフォンアクセサリー > スマートフォンケース,【ゆう】送料無料 iPhone6S ケース クリア iphone6s クリアケース iPhone6 ケース iphone6 ケース iphone6s plus ケース iphone6s 保護ケース スマホカバー おもしろ iphone6s ケース 耐衝撃 iphone6s plus ケース かわいい ハードケース おしゃれ,iPhone6/6S クリア 耐衝撃 保護 iphone6 plus ハードケース,"<div align=""center""><img border=""0"" src=""http://image.rakuten.co.jp/yiprefer/cabinet/03615470/ipcase-102_01.jpg""/><br>
 <img border=""0"" src=""http://image.rakuten.co.jp/yiprefer/cabinet/03615470/ipcase-102_02.jpg""/><br>
 <img border=""0"" src=""http://image.rakuten.co.jp/yiprefer/cabinet/03615470/ipcase-102_03.jpg""/><br>
 <img border=""0"" src=""http://image.rakuten.co.jp/yiprefer/cabinet/03615470/ipcase-102_04.jpg""/><br>

 <img border=""0"" src=""http://image.rakuten.co.jp/yiprefer/cabinet/03615470/ipcase-102_05.jpg""/><br>
<img border=""0"" src=""http://image.rakuten.co.jp/yiprefer/cabinet/03615470/ipcase-102_06.jpg""/><br>
<img border=""0"" src=""http://image.rakuten.co.jp/yiprefer/cabinet/03615470/ipcase-102_07.jpg""/><br>
<!--<img border=""0"" src=""http://image.rakuten.co.jp/yiprefer/cabinet/03615470/ipcase-102_08.jpg""/><br>
<img border=""0"" src=""http://image.rakuten.co.jp/yiprefer/cabinet/03615470/ipcase-102_09.jpg""/><br>
<img border=""0"" src=""http://image.rakuten.co.jp/yiprefer/cabinet/03615470/ipcase-102_10.jpg""/><br> -->

<br />


  
 <img border=""0"" src=""http://image.rakuten.co.jp/yiprefer/cabinet/io/s54377878-pr.jpg""/><br>


<img src=""http://image.rakuten.co.jp/yiprefer/cabinet/io/review-pre.jpg"" width=""750"" border=""0"" usemap=""#review"">




 <div align=""center""><a href=""http://www.rakuten.ne.jp/gold/yiprefer/delivery.html"" target=""_blank""><img src=""http://image.rakuten.co.jp/yiprefer/cabinet/io/gochuui.jpg"" alt=""ご注文の前に必ずお読みください"" width=""100%"" /></a><br>
</div><br><br><br>
<iframe src=""http://www.rakuten.ne.jp/gold/yiprefer/osusume.html"" scrolling=""no"" width=""790"" frameborder=""0"" height=""820"" >
</iframe><br><br>
</div><style>
input[value=""お買い物かごに入れる""] {
  background: url(http://www.rakuten.ne.jp/gold/yiprefer/images/bnr/cart_bt.jpg) no-repeat scroll left top rgba(0, 0, 0, 0);
  border: 0 none;
  display: inline-block;
  width: 248px;
  height: 55px;
  overflow: hidden;
  text-indent: -99999px;
  white-space: nowrap;
  margin:5px 0 5px;
}

input[value=""お買い物かごに入れる""]:hover {
  cursor: pointer;
  opacity: 0.6;
}

input {
  font-size: 14px;
  width: auto;
  border:1px solid #333333;
}


#pickup780 td{font-size:12px; text-align:left; width:25%; vertical-align:top; line-height:1.4;}
#pickup780 .price{color:#C00; font-weight:bold;}
#pickup780 td img{width:100%;}
#pickup780 td a{color:#333333;}

/*<!--
body{
background:url(http://image.rakuten.co.jp/yiprefer/cabinet/io/ss-100-440-50off.jpg) repeat-y top right;
}
-->*/
</style>

<br><br><br>
<img src=""http://www.rakuten.ne.jp/gold/yiprefer/images/pickup/pickup_tit780.jpg""><br>
<table width=""780"" border=""0"" cellspacing=""10"" cellpadding=""0"" id=""pickup780"">
  <tr>
    <td><img src=""http://thumbnail.image.rakuten.co.jp/@0_mall/yiprefer/cabinet/03615470/btr-006_01.jpg?_ex=300x300&s=2&r=1"" border=""0"" /><br />【REMAX】5000mAh エイリアンシリーズ モバイルバッテリー<br>
    <span class=""price"">2,440円 (税込)</span></td>
    <td><img src=""http://thumbnail.image.rakuten.co.jp/@0_mall/yiprefer/cabinet/03615470/btr-002_01.jpg?_ex=300x300&s=2&r=1"" border=""0""><br>【REMAX】10000mAh大容量 <br />
リチウムポリマー<br>
<span class=""price"">2,980円 (税込)</span></td>
    <td><img src=""http://thumbnail.image.rakuten.co.jp/@0_mall/yiprefer/cabinet/03615470/stand-016_01.jpg?_ex=300x300&s=2&r=1"" border=""0""><br>
      【REMAX】 iphone7スマートフォン<br />
粘着シール不要 ホルダー<br>
<span class=""price"">750円 (税込)</span></td>
  <td><img src=""https://thumbnail.image.rakuten.co.jp/@0_mall/yiprefer/cabinet/03615470/ipcase-116_01.jpg?_ex=300x300&s=2&r=1"" border=""0""><br> iPhone7/iPhone7 Plus クリアケースかわいい おしゃれ 　<br>
<span class=""price"">750円 (税込)</span></td> </tr>
    <tr> <td><img src=""http://thumbnail.image.rakuten.co.jp/@0_mall/yiprefer/cabinet/03615470/adpt-016_01.jpg?_ex=300x300&s=2&r=1"" border=""0""><br>
      【Baseus】Type C to USB <br />
     変換アダプター<br>
      <span class=""price"">2,760円 (税込)</span></td>  
 <td><img src=""https://thumbnail.image.rakuten.co.jp/@0_mall/yiprefer/cabinet/03615470/stand-033_01.jpg?_ex=300x300&s=2&r=1"" border=""0""><br>360度回転 マグネット iphone7 車載ホルダー<br><span class=""price"">1,880円 (税込)</span></td>
 <td><img src=""https://thumbnail.image.rakuten.co.jp/@0_mall/yiprefer/cabinet/03615470/ipcase-118_01.jpg?_ex=300x300&s=2&r=1"" border=""0""><br>
   iPhone7/iPhone7 plus スタンド付きケース<br>
 <span class=""price"">820円 (税込)</span></td>
    
    
    <td><img src=""http://thumbnail.image.rakuten.co.jp/@0_mall/yiprefer/cabinet/03615470/ep-010_01.jpg?_ex=300x300&s=2&r=1"" border=""0"" /><br>
      【REMAX】カナル式 イヤホン<br />
      運動時に最適<br>
      <span class=""price"">2,045円 (税込)</span></td>
  </tr>
</table>


<br><br><br>

<div style=""width:48%; height:725px; overflow:hidden; border:1px solid #CCC; float:left; margin-right:10px;"">
<img src=""http://www.rakuten.ne.jp/gold/yiprefer/ec-collection/images/ecolle_order.jpg"" width=""100%""><br>

</div>



<div style=""width:48%; overflow:hidden; float:left; height:720px;"">
<img src=""http://www.rakuten.ne.jp/gold/yiprefer/ec-collection/images/ecolle_review.jpg"" width=""100%""><br>
</div>
<br style=""clear:both;""><br><br>",【ゆう】送料無料 iPhone6S ケース クリア iphone6s クリアケース iPhone6 ケース iphone6 ケース iphone6s plus ケース iphone6s 保護ケース スマホカバー おもしろ iphone6s ケース 耐衝撃 iphone6s plus ケース かわいい ハードケース おしゃれ：NeverChange楽天市場店,【ゆう】送料無料 iPhone6S ケース クリア iphone6s クリアケース iPhone6 ケース iphone6 ケース iphone6s plus ケース iphone6s 保護ケース スマホカバー おもしろ iphone6s ケース 耐衝撃 iphone6s plus ケース かわいい ハードケース おしゃれ,iPhone6/6S クリア 耐衝撃 保護 iphone6 plus ハードケース。【ゆう】送料無料 iPhone6S ケース クリア iphone6s クリアケース iPhone6 ケース iphone6 ケース iphone6s plus ケース iphone6s 保護ケース スマホカバー おもしろ iphone6s ケース 耐衝撃 iphone6s plus ケース かわいい ハードケース おしゃれ[rn]
23-92279,http://tshop.r10s.jp/gold/yiprefer/images/ipcase/ipcase-100_r_01.jpg?fitin=700:700,1352.0000,,スマートフォン・タブレット > スマートフォンアクセサリー > スマートフォンケース,iPhone7ケース【ゆう】炭素繊維 軽量 iphone7 plusケース オシャレ iphone7 ケース おしゃれ 耐衝撃 iphone6s ケース カーボンファイバー 薄型 iphone7 ケースかわいい iphone6s シンプル 耐衝撃ケース アイフォン６ ケース ハードケース おもしろ,iphone7 iphone7 plus耐衝撃 ケース huawei mate9 ケース,"<div align=""center"">
<img border=""0"" src=""http://www.rakuten.ne.jp/gold/yiprefer/images/ipcase/ipcase-100_r_01.jpg""/><br>
  <img border=""0"" src=""http://www.rakuten.ne.jp/gold/yiprefer/images/ipcase/ipcase-100_r_02.jpg""/><br>
  <img border=""0"" src=""http://www.rakuten.ne.jp/gold/yiprefer/images/ipcase/ipcase-100_r_03.jpg""/><br>
  <img border=""0"" src=""http://www.rakuten.ne.jp/gold/yiprefer/images/ipcase/ipcase-100_r_04.jpg""/><br>

  <img border=""0"" src=""http://www.rakuten.ne.jp/gold/yiprefer/images/ipcase/ipcase-100_r_05.jpg""/><br>
  <img border=""0"" src=""http://www.rakuten.ne.jp/gold/yiprefer/images/ipcase/ipcase-100_r_06.jpg""/><br>
  <img border=""0"" src=""http://www.rakuten.ne.jp/gold/yiprefer/images/ipcase/ipcase-100_r_07.jpg""/><br>
<img border=""0"" src=""http://www.rakuten.ne.jp/gold/yiprefer/images/ipcase/ipcase-100_r_08.jpg""/><br>
<img border=""0"" src=""http://www.rakuten.ne.jp/gold/yiprefer/images/ipcase/ipcase-100_r_09.jpg""/><br>
<img border=""0"" src=""http://www.rakuten.ne.jp/gold/yiprefer/images/ipcase/ipcase-100_r_10.jpg""/><br>
<img border=""0"" src=""http://www.rakuten.ne.jp/gold/yiprefer/images/ipcase/ipcase-100_r_11.jpg""/><br>
<img border=""0"" src=""http://www.rakuten.ne.jp/gold/yiprefer/images/ipcase/ipcase-100_r_12.jpg""/><br>
<img border=""0"" src=""http://www.rakuten.ne.jp/gold/yiprefer/images/ipcase/ipcase-100_r_13.jpg""/><br>
<img border=""0"" src=""http://www.rakuten.ne.jp/gold/yiprefer/images/present-handkerchief.jpg""/><br>
<img border=""0"" src=""http://image.rakuten.co.jp/yiprefer/cabinet/io/review-pre.jpg""/><br>

<br />


   
  <!--▼ Item Information ここから-->
  <div class=""item_stl"">Item Information </div>
  <table border=""0"" class=""item_shousai"">
  <tr>
  </tr><tr>
  <th>対応機種</th>
  <td>iPhone7/7 Plus/iPhone6/6s/iPhone6Plus/6S Plus/Galaxy S7 Edge/Note7/HUAWEI Mate9</td>
  </tr>
  <tr>
  <th>カラー</th>
  <td>ブラック
  
  </td>
  </tr> <tr>
  <th>発送</th>
  <td>ゆうパケット</td>
  </tr></table>
  <!--▲ Item Information ここまで-->
  </div>
  <br>
  <br />
  
  <div align=""center""><a href=""http://www.rakuten.ne.jp/gold/yiprefer/delivery.html"" target=""_blank""><img src=""http://image.rakuten.co.jp/yiprefer/cabinet/io/gochuui.jpg"" alt=""ご注文の前に必ずお読みください"" width=""100%"" /></a><br>
  <br>
  <br>
  </div><br><br><br>
<iframe src=""http://www.rakuten.ne.jp/gold/yiprefer/osusume.html"" scrolling=""no"" width=""790"" frameborder=""0"" height=""860"" >
</iframe><br><br><style>
input[value=""お買い物かごに入れる""] {
  background: url(http://www.rakuten.ne.jp/gold/yiprefer/images/bnr/cart_bt.jpg) no-repeat scroll left top rgba(0, 0, 0, 0);
  border: 0 none;
  display: inline-block;
  width: 248px;
  height: 55px;
  overflow: hidden;
  text-indent: -99999px;
  white-space: nowrap;
  margin:5px 0 5px;
}

input[value=""お買い物かごに入れる""]:hover {
  cursor: pointer;
  opacity: 0.6;
}

input {
  font-size: 14px;
  width: auto;
  border:1px solid #333333;
}


#pickup780 td{font-size:12px; text-align:left; width:25%; vertical-align:top; line-height:1.4;}
#pickup780 .price{color:#C00; font-weight:bold;}
#pickup780 td img{width:100%;}
#pickup780 td a{color:#333333;}

/*<!--
body{
background:url(http://image.rakuten.co.jp/yiprefer/cabinet/io/ss-100-440-50off.jpg) repeat-y top right;
}
-->*/
</style>

<br><br><br>
<img src=""http://www.rakuten.ne.jp/gold/yiprefer/images/pickup/pickup_tit780.jpg""><br>
<table width=""780"" border=""0"" cellspacing=""10"" cellpadding=""0"" id=""pickup780"">
  <tr>
    <td><img src=""http://thumbnail.image.rakuten.co.jp/@0_mall/yiprefer/cabinet/03615470/btr-006_01.jpg?_ex=300x300&s=2&r=1"" border=""0"" /><br />【REMAX】5000mAh エイリアンシリーズ モバイルバッテリー<br>
    <span class=""price"">2,440円 (税込)</span></td>
    <td><img src=""http://thumbnail.image.rakuten.co.jp/@0_mall/yiprefer/cabinet/03615470/btr-002_01.jpg?_ex=300x300&s=2&r=1"" border=""0""><br>【REMAX】10000mAh大容量 <br />
リチウムポリマー<br>
<span class=""price"">2,980円 (税込)</span></td>
    <td><img src=""http://thumbnail.image.rakuten.co.jp/@0_mall/yiprefer/cabinet/03615470/stand-016_01.jpg?_ex=300x300&s=2&r=1"" border=""0""><br>
      【REMAX】 iphone7スマートフォン<br />
粘着シール不要 ホルダー<br>
<span class=""price"">750円 (税込)</span></td>
  <td><img src=""https://thumbnail.image.rakuten.co.jp/@0_mall/yiprefer/cabinet/03615470/ipcase-116_01.jpg?_ex=300x300&s=2&r=1"" border=""0""><br> iPhone7/iPhone7 Plus クリアケースかわいい おしゃれ 　<br>
<span class=""price"">750円 (税込)</span></td> </tr>
    <tr> <td><img src=""http://thumbnail.image.rakuten.co.jp/@0_mall/yiprefer/cabinet/03615470/adpt-016_01.jpg?_ex=300x300&s=2&r=1"" border=""0""><br>
      【Baseus】Type C to USB <br />
     変換アダプター<br>
      <span class=""price"">2,760円 (税込)</span></td>  
 <td><img src=""https://thumbnail.image.rakuten.co.jp/@0_mall/yiprefer/cabinet/03615470/stand-033_01.jpg?_ex=300x300&s=2&r=1"" border=""0""><br>360度回転 マグネット iphone7 車載ホルダー<br><span class=""price"">1,880円 (税込)</span></td>
 <td><img src=""https://thumbnail.image.rakuten.co.jp/@0_mall/yiprefer/cabinet/03615470/ipcase-118_01.jpg?_ex=300x300&s=2&r=1"" border=""0""><br>
   iPhone7/iPhone7 plus スタンド付きケース<br>
 <span class=""price"">820円 (税込)</span></td>
    
    
    <td><img src=""http://thumbnail.image.rakuten.co.jp/@0_mall/yiprefer/cabinet/03615470/ep-010_01.jpg?_ex=300x300&s=2&r=1"" border=""0"" /><br>
      【REMAX】カナル式 イヤホン<br />
      運動時に最適<br>
      <span class=""price"">2,045円 (税込)</span></td>
  </tr>
</table>


<br><br><br>

<div style=""width:48%; height:725px; overflow:hidden; border:1px solid #CCC; float:left; margin-right:10px;"">
<img src=""http://www.rakuten.ne.jp/gold/yiprefer/ec-collection/images/ecolle_order.jpg"" width=""100%""><br>

</div>



<div style=""width:48%; overflow:hidden; float:left; height:720px;"">
<img src=""http://www.rakuten.ne.jp/gold/yiprefer/ec-collection/images/ecolle_review.jpg"" width=""100%""><br>
</div>
<br style=""clear:both;""><br><br>",iPhone7ケース【ゆう】炭素繊維 軽量 iphone7 plusケース オシャレ iphone7 ケース おしゃれ 耐衝撃 iphone6s ケース カーボンファイバー 薄型 iphone7 ケースかわいい iphone6s シンプル 耐衝撃ケース アイフォン６ ケース ハードケース おもしろ：NeverChange楽天市場店,iPhone7ケース【ゆう】炭素繊維 軽量 iphone7 plusケース オシャレ iphone7 ケース おしゃれ 耐衝撃 iphone6s ケース カーボンファイバー 薄型 iphone7 ケースかわいい iphone6s シンプル 耐衝撃ケース アイフォン６ ケース ハードケース おもしろ,iphone7 iphone7 plus耐衝撃 ケース huawei mate9 ケース。iPhone7ケース【ゆう】炭素繊維 軽量 iphone7 plusケース オシャレ iphone7 ケース おしゃれ 耐衝撃 iphone6s ケース カーボンファイバー 薄型 iphone7 ケースかわいい iphone6s シンプル 耐衝撃ケース アイフォン６ ケース ハードケース おもしろ[rn]
23-92280,http://tshop.r10s.jp/gold/yiprefer/images/ipcase/ipcase-085_r_01.jpg?fitin=700:700,1568.0000,,スマートフォン・タブレット > スマートフォンアクセサリー > スマートフォンケース,【宅】送料無料 iPhone7 ケース マグネット着脱式 財布型 多機能 PUレザー スマホケース 2way iphone6s ケース 手帳型 おしゃれ Galaxy S7edge ケース 手帳型 iphone6s 手帳型ケース iphone6s plus ケース レザー galaxy s7 edge ケース レザー iphone6sケース,galaxy s7 edge ケース 男女兼用 iPhone6/6s 手帳 ケース,"<p align=""center"">

<img border=""0"" src=""http://www.rakuten.ne.jp/gold/yiprefer/images/ipcase/ipcase-085_r_01.jpg"" width=""100%""><br> 
<img border=""0"" src=""http://www.rakuten.ne.jp/gold/yiprefer/images/ipcase/ipcase-085_r_02.jpg"" width=""100%""><br> 

<img border=""0"" src=""http://www.rakuten.ne.jp/gold/yiprefer/images/ipcase/ipcase-085_r_03.jpg"" width=""100%""><br>

<img border=""0"" src=""http://www.rakuten.ne.jp/gold/yiprefer/images/ipcase/ipcase-085_r_04.jpg"" width=""100%""><br> 

<img border=""0"" src=""http://www.rakuten.ne.jp/gold/yiprefer/images/ipcase/ipcase-085_r_05.jpg"" width=""100%""><br> 

<img border=""0"" src=""http://www.rakuten.ne.jp/gold/yiprefer/images/ipcase/ipcase-085_r_06.jpg"" width=""100%""><br>
 
<img border=""0"" src=""http://www.rakuten.ne.jp/gold/yiprefer/images/ipcase/ipcase-085_r_07.jpg"" width=""100%""><br> 

<img border=""0"" src=""http://www.rakuten.ne.jp/gold/yiprefer/images/ipcase/ipcase-085_r_08.jpg"" width=""100%""><br><br> 
<img border=""0"" src=""http://www.rakuten.ne.jp/gold/yiprefer/images/ipcase/ipcase-085_r_09.jpg"" width=""100%""><br><br> 
<img border=""0"" src=""http://www.rakuten.ne.jp/gold/yiprefer/images/ipcase/ipcase-085_r_10.jpg"" width=""100%""><br><br> 
<img border=""0"" src=""http://www.rakuten.ne.jp/gold/yiprefer/images/ipcase/ipcase-085_r_11.jpg"" width=""100%""><br><br> 


<img src=""http://image.rakuten.co.jp/yiprefer/cabinet/03536581/rev_ipcase-085.jpg"" width=""100%"" /><br /><br />









 

 <img border=""0"" src=""http://image.rakuten.co.jp/yiprefer/cabinet/io/s54377878-pr.jpg""/><br>
<img src=""http://image.rakuten.co.jp/yiprefer/cabinet/io/review-pre.jpg"" width=""750"" border=""0"" usemap=""#review"">
 
 
 
<div align=""center"">
 <img src=""http://image.rakuten.co.jp/yiprefer/cabinet/05072248/imgrc0063644612.jpg""><br>
 <br>
<a href=""http://www.rakuten.ne.jp/gold/yiprefer/delivery.html"" target=""_blank""><img src=""http://image.rakuten.co.jp/yiprefer/cabinet/io/gochuui.jpg"" alt=""ご注文の前に必ずお読みください"" width=""100%"" /></a></div>
<br><br><br>
<iframe src=""http://www.rakuten.ne.jp/gold/yiprefer/osusume.html"" scrolling=""no"" width=""790"" frameborder=""0"" height=""820"" >
</iframe><br><br><!--▼ Item Information ここから-->



<div class=""item_stl"">Item Information</div>
<table border=""0"" class=""item_shousai"">
  <tr>
  



  



<th>商品名</th>
   


 <td>マグネット着脱式 財布型 多機能 PUレザー</td>
  </tr>
  <tr>
  





  <th>カラー</th>
    <td><p>ワインレッド/ブラウン/ブラック</p></td>
  </tr>
  <tr>
   







 <th>材質</th>
    <td>PUレザー</td>
  </tr>


 <tr>
<th>対応機種</th>
<td>iPhone6/6s/iPhone6Plus/6S Plus/Galaxy S7 Edge</td>
  <tr> 
  </tr>



  


 <tr>
<th>

発送方法</th>
<td>ゆうパケット送料無料（宅急便の場合は送料540円～を加算）</td>
</tr></table>
<!--▲ Item Information ここまで-->
</div><!-- /item_w -->
<br><br><br><style>
input[value=""お買い物かごに入れる""] {
  background: url(http://www.rakuten.ne.jp/gold/yiprefer/images/bnr/cart_bt.jpg) no-repeat scroll left top rgba(0, 0, 0, 0);
  border: 0 none;
  display: inline-block;
  width: 248px;
  height: 55px;
  overflow: hidden;
  text-indent: -99999px;
  white-space: nowrap;
  margin:5px 0 5px;
}

input[value=""お買い物かごに入れる""]:hover {
  cursor: pointer;
  opacity: 0.6;
}

input {
  font-size: 14px;
  width: auto;
  border:1px solid #333333;
}


#pickup780 td{font-size:12px; text-align:left; width:25%; vertical-align:top; line-height:1.4;}
#pickup780 .price{color:#C00; font-weight:bold;}
#pickup780 td img{width:100%;}
#pickup780 td a{color:#333333;}

/*<!--
body{
background:url(http://image.rakuten.co.jp/yiprefer/cabinet/io/ss-100-440-50off.jpg) repeat-y top right;
}
-->*/
</style>

<br><br><br>
<img src=""http://www.rakuten.ne.jp/gold/yiprefer/images/pickup/pickup_tit780.jpg""><br>
<table width=""780"" border=""0"" cellspacing=""10"" cellpadding=""0"" id=""pickup780"">
  <tr>
    <td><img src=""http://thumbnail.image.rakuten.co.jp/@0_mall/yiprefer/cabinet/03615470/btr-006_01.jpg?_ex=300x300&s=2&r=1"" border=""0"" /><br />【REMAX】5000mAh エイリアンシリーズ モバイルバッテリー<br>
    <span class=""price"">2,440円 (税込)</span></td>
    <td><img src=""http://thumbnail.image.rakuten.co.jp/@0_mall/yiprefer/cabinet/03615470/btr-002_01.jpg?_ex=300x300&s=2&r=1"" border=""0""><br>【REMAX】10000mAh大容量 <br />
リチウムポリマー<br>
<span class=""price"">2,980円 (税込)</span></td>
    <td><img src=""http://thumbnail.image.rakuten.co.jp/@0_mall/yiprefer/cabinet/03615470/stand-016_01.jpg?_ex=300x300&s=2&r=1"" border=""0""><br>
      【REMAX】 iphone7スマートフォン<br />
粘着シール不要 ホルダー<br>
<span class=""price"">750円 (税込)</span></td>
  <td><img src=""https://thumbnail.image.rakuten.co.jp/@0_mall/yiprefer/cabinet/03615470/ipcase-116_01.jpg?_ex=300x300&s=2&r=1"" border=""0""><br> iPhone7/iPhone7 Plus クリアケースかわいい おしゃれ 　<br>
<span class=""price"">750円 (税込)</span></td> </tr>
    <tr> <td><img src=""http://thumbnail.image.rakuten.co.jp/@0_mall/yiprefer/cabinet/03615470/adpt-016_01.jpg?_ex=300x300&s=2&r=1"" border=""0""><br>
      【Baseus】Type C to USB <br />
     変換アダプター<br>
      <span class=""price"">2,760円 (税込)</span></td>  
 <td><img src=""https://thumbnail.image.rakuten.co.jp/@0_mall/yiprefer/cabinet/03615470/stand-033_01.jpg?_ex=300x300&s=2&r=1"" border=""0""><br>360度回転 マグネット iphone7 車載ホルダー<br><span class=""price"">1,880円 (税込)</span></td>
 <td><img src=""https://thumbnail.image.rakuten.co.jp/@0_mall/yiprefer/cabinet/03615470/ipcase-118_01.jpg?_ex=300x300&s=2&r=1"" border=""0""><br>
   iPhone7/iPhone7 plus スタンド付きケース<br>
 <span class=""price"">820円 (税込)</span></td>
    
    
    <td><img src=""http://thumbnail.image.rakuten.co.jp/@0_mall/yiprefer/cabinet/03615470/ep-010_01.jpg?_ex=300x300&s=2&r=1"" border=""0"" /><br>
      【REMAX】カナル式 イヤホン<br />
      運動時に最適<br>
      <span class=""price"">2,045円 (税込)</span></td>
  </tr>
</table>


<br><br><br>

<div style=""width:48%; height:725px; overflow:hidden; border:1px solid #CCC; float:left; margin-right:10px;"">
<img src=""http://www.rakuten.ne.jp/gold/yiprefer/ec-collection/images/ecolle_order.jpg"" width=""100%""><br>

</div>



<div style=""width:48%; overflow:hidden; float:left; height:720px;"">
<img src=""http://www.rakuten.ne.jp/gold/yiprefer/ec-collection/images/ecolle_review.jpg"" width=""100%""><br>
</div>
<br style=""clear:both;""><br><br>",【宅】送料無料 iPhone7 ケース マグネット着脱式 財布型 多機能 PUレザー スマホケース 2way iphone6s ケース 手帳型 おしゃれ Galaxy S7edge ケース 手帳型 iphone6s 手帳型ケース iphone6s plus ケース レザー galaxy s7 edge ケース レザー iphone6sケース：NeverChange楽天市場店,【宅】送料無料 iPhone7 ケース マグネット着脱式 財布型 多機能 PUレザー スマホケース 2way iphone6s ケース 手帳型 おしゃれ Galaxy S7edge ケース 手帳型 iphone6s 手帳型ケース iphone6s plus ケース レザー galaxy s7 edge ケース レザー iphone6sケース,galaxy s7 edge ケース 男女兼用 iPhone6/6s 手帳 ケース。【宅】送料無料 iPhone7 ケース マグネット着脱式 財布型 多機能 PUレザー スマホケース 2way iphone6s ケース 手帳型 おしゃれ Galaxy S7edge ケース 手帳型 iphone6s 手帳型ケース iphone6s plus ケース レザー galaxy s7 edge ケース レザー iphone6sケース[rn]
23-92281,http://tshop.r10s.jp/yiprefer/cabinet/03615470/10000628-001.jpg?fitin=700:700,319.2000,,スマートフォン・タブレット > スマートフォンアクセサリー > スマートフォンケース,【DM】送料無料 【iPhone6S iPhone6 iPhone6S 6 plus iPhone5 5S カラフル 側面透明 バンパーケース】全10色iphone5ケース iphone bumperケース iphone6 バンパーカバー クリア カバー バンパー アイフォン6ｓ 6plus ケース スマホケース,iPhone6S iPhone6/6 plus 側面透明　バンパーケース,"<p align=""center""><img border=""0"" src=""http://image.rakuten.co.jp/yiprefer/cabinet/03615470/10000628-001.jpg"" /></p>
<p align=""center""><img border=""0"" src=""http://image.rakuten.co.jp/yiprefer/cabinet/03615470/10000628_02.jpg"" /></p>
<p align=""center""><img border=""0"" src=""http://image.rakuten.co.jp/yiprefer/cabinet/03615470/10000628_03.jpg"" /></p>
<p align=""center""><img border=""0"" src=""http://image.rakuten.co.jp/yiprefer/cabinet/03615470/10000628_04.jpg"" /></p>
<p align=""center""><img border=""0"" src=""http://image.rakuten.co.jp/yiprefer/cabinet/03615470/10000628_05.jpg"" /></p>
<p align=""center""><img border=""0"" src=""http://image.rakuten.co.jp/yiprefer/cabinet/03615470/10000628_06.jpg"" /></p>
<p align=""center""><img border=""0"" src=""http://image.rakuten.co.jp/yiprefer/cabinet/03615470/10000628_07.jpg"" /></p>
<p align=""center""><img border=""0"" src=""http://image.rakuten.co.jp/yiprefer/cabinet/03615470/10000628_08.jpg"" /></p><div align=""center""><a href=""http://www.rakuten.ne.jp/gold/yiprefer/delivery.html"" target=""_blank""><img src=""http://image.rakuten.co.jp/yiprefer/cabinet/io/gochuui.jpg"" alt=""ご注文の前に必ずお読みください"" width=""100%"" /></a><br>
  <br>
  <br>
  </div><br><br><br>
<iframe src=""http://www.rakuten.ne.jp/gold/yiprefer/osusume.html"" scrolling=""no"" width=""790"" frameborder=""0"" height=""820"" >
</iframe><br><br><!--▼ Item Information ここから-->
<div class=""item_stl"">Item Information</div>
<table border=""0"" class=""item_shousai"">
<tr>
<th>【対応機種】</th>
<td>iPhone6S iPhone6　iPhone6S/6 plus iPhone5/5S
<br>
</td>
</tr><tr>
<th>【商品詳細】</th>
<td><p>カラー：グリーン、ホワイト、オレンジ、ローズ、イエロー、ブルー、パープル、レッド、ブラック、ピンク
  </p>
  <p>素材：プラスチック、シリコン    </p>
  <p>重さ：12g    </p>
  <p>とっても軽いシンプルなバンパーケースです。    </p>
  <p>シリコンとプラスチックでできているので着脱が楽にできて、ネジなどがなくなる心配もありません    </p>
  <p>各種ボタンやジャック類はケースに装着したままご使用になれます。    </p>
  <p>本商品は、iPhoneの「側面」のみを保護します。背面を保護するカバーなどは一切ついておりませんのでご注意下さい。 <br>
              </p>
<tr>
<th>【注意事項】</th>
<td><p>※海外並行輸入品のため、パッケージに多少キズがあります、ご了承ください。</p>
  <p> ※お客様のお使いのPC、モニターの環境により商品のイメージ写真の色などが実際と違って見えることがあります。    </p>
  <p>※本製品の利用による本体の紛失、破損、汚れ、および内部データの破損には一切保証いたしかねます。あらかじめご了承ださい。 </p>
  <p>
</p>
<tr><tr>
<th>発送方法</th>
<td>DM便送料無料</td>
</tr></table>
<!--▲ Item Information ここまで-->
</div><!-- /item_w -->
<br><br><br><style>
input[value=""お買い物かごに入れる""] {
  background: url(http://www.rakuten.ne.jp/gold/yiprefer/images/bnr/cart_bt.jpg) no-repeat scroll left top rgba(0, 0, 0, 0);
  border: 0 none;
  display: inline-block;
  width: 248px;
  height: 55px;
  overflow: hidden;
  text-indent: -99999px;
  white-space: nowrap;
  margin:5px 0 5px;
}

input[value=""お買い物かごに入れる""]:hover {
  cursor: pointer;
  opacity: 0.6;
}

input {
  font-size: 14px;
  width: auto;
  border:1px solid #333333;
}


#pickup780 td{font-size:12px; text-align:left; width:25%; vertical-align:top; line-height:1.4;}
#pickup780 .price{color:#C00; font-weight:bold;}
#pickup780 td img{width:100%;}
#pickup780 td a{color:#333333;}

/*<!--
body{
background:url(http://image.rakuten.co.jp/yiprefer/cabinet/io/ss-100-440-50off.jpg) repeat-y top right;
}
-->*/
</style>

<br><br><br>
<img src=""http://www.rakuten.ne.jp/gold/yiprefer/images/pickup/pickup_tit780.jpg""><br>
<table width=""780"" border=""0"" cellspacing=""10"" cellpadding=""0"" id=""pickup780"">
  <tr>
    <td><img src=""http://thumbnail.image.rakuten.co.jp/@0_mall/yiprefer/cabinet/03615470/btr-006_01.jpg?_ex=300x300&s=2&r=1"" border=""0"" /><br />【REMAX】5000mAh エイリアンシリーズ モバイルバッテリー<br>
    <span class=""price"">2,440円 (税込)</span></td>
    <td><img src=""http://thumbnail.image.rakuten.co.jp/@0_mall/yiprefer/cabinet/03615470/btr-002_01.jpg?_ex=300x300&s=2&r=1"" border=""0""><br>【REMAX】10000mAh大容量 <br />
リチウムポリマー<br>
<span class=""price"">2,980円 (税込)</span></td>
    <td><img src=""http://thumbnail.image.rakuten.co.jp/@0_mall/yiprefer/cabinet/03615470/stand-016_01.jpg?_ex=300x300&s=2&r=1"" border=""0""><br>
      【REMAX】 iphone7スマートフォン<br />
粘着シール不要 ホルダー<br>
<span class=""price"">750円 (税込)</span></td>
  <td><img src=""https://thumbnail.image.rakuten.co.jp/@0_mall/yiprefer/cabinet/03615470/ipcase-116_01.jpg?_ex=300x300&s=2&r=1"" border=""0""><br> iPhone7/iPhone7 Plus クリアケースかわいい おしゃれ 　<br>
<span class=""price"">750円 (税込)</span></td> </tr>
    <tr> <td><img src=""http://thumbnail.image.rakuten.co.jp/@0_mall/yiprefer/cabinet/03615470/adpt-016_01.jpg?_ex=300x300&s=2&r=1"" border=""0""><br>
      【Baseus】Type C to USB <br />
     変換アダプター<br>
      <span class=""price"">2,760円 (税込)</span></td>  
 <td><img src=""https://thumbnail.image.rakuten.co.jp/@0_mall/yiprefer/cabinet/03615470/stand-033_01.jpg?_ex=300x300&s=2&r=1"" border=""0""><br>360度回転 マグネット iphone7 車載ホルダー<br><span class=""price"">1,880円 (税込)</span></td>
 <td><img src=""https://thumbnail.image.rakuten.co.jp/@0_mall/yiprefer/cabinet/03615470/ipcase-118_01.jpg?_ex=300x300&s=2&r=1"" border=""0""><br>
   iPhone7/iPhone7 plus スタンド付きケース<br>
 <span class=""price"">820円 (税込)</span></td>
    
    
    <td><img src=""http://thumbnail.image.rakuten.co.jp/@0_mall/yiprefer/cabinet/03615470/ep-010_01.jpg?_ex=300x300&s=2&r=1"" border=""0"" /><br>
      【REMAX】カナル式 イヤホン<br />
      運動時に最適<br>
      <span class=""price"">2,045円 (税込)</span></td>
  </tr>
</table>


<br><br><br>

<div style=""width:48%; height:725px; overflow:hidden; border:1px solid #CCC; float:left; margin-right:10px;"">
<img src=""http://www.rakuten.ne.jp/gold/yiprefer/ec-collection/images/ecolle_order.jpg"" width=""100%""><br>

</div>



<div style=""width:48%; overflow:hidden; float:left; height:720px;"">
<img src=""http://www.rakuten.ne.jp/gold/yiprefer/ec-collection/images/ecolle_review.jpg"" width=""100%""><br>
</div>
<br style=""clear:both;""><br><br>",【DM】送料無料 【iPhone6S iPhone6 iPhone6S 6 plus iPhone5 5S カラフル 側面透明 バンパーケース】全10色iphone5ケース iphone bumperケース iphone6 バンパーカバー クリア カバー バンパー アイフォン6ｓ 6plus ケース スマホケース：NeverChange楽天市場店,【DM】送料無料 【iPhone6S iPhone6 iPhone6S 6 plus iPhone5 5S カラフル 側面透明 バンパーケース】全10色iphone5ケース iphone bumperケース iphone6 バンパーカバー クリア カバー バンパー アイフォン6ｓ 6plus ケース スマホケース,iPhone6S iPhone6/6 plus 側面透明　バンパーケース。【DM】送料無料 【iPhone6S iPhone6 iPhone6S 6 plus iPhone5 5S カラフル 側面透明 バンパーケース】全10色iphone5ケース iphone bumperケース iphone6 バンパーカバー クリア カバー バンパー アイフォン6ｓ 6plus ケース スマホケース[rn]
23-92282,http://tshop.r10s.jp/gold/yiprefer/images/ipcase/ipcase-070_01.jpg?fitin=700:700,960.0000,,スマートフォン・タブレット > スマートフォンアクセサリー > スマートフォンケース,iPhone7 ケース リング フック付き 落下防止 iphone7 ケース リング 7 plus ケース galaxy s7 edgeケース リング 極薄 スマホケース スタンド iphone7ケース スタンド iphone7 plus ケース iphone7 ケースかわいい iphone6splus リング,立つ 薄い 軽量 クリア ホルダー iphone ガラスフィルム,"<p align=""center""><img border=""0"" src=""http://www.rakuten.ne.jp/gold/yiprefer/images/ipcase/ipcase-070_01.jpg""><br> 
<img border=""0"" src=""http://www.rakuten.ne.jp/gold/yiprefer/images/ipcase/ipcase-070_02.jpg""><br> 
<img border=""0"" src=""http://www.rakuten.ne.jp/gold/yiprefer/images/ipcase/ipcase-070_03.jpg""><br> 
<img border=""0"" src=""http://www.rakuten.ne.jp/gold/yiprefer/images/ipcase/ipcase-070_04.jpg""><br> 
<img border=""0"" src=""http://www.rakuten.ne.jp/gold/yiprefer/images/ipcase/ipcase-070_05.jpg""><br> 
<img border=""0"" src=""http://www.rakuten.ne.jp/gold/yiprefer/images/ipcase/ipcase-070_06.jpg""><br> 
<img border=""0"" src=""http://www.rakuten.ne.jp/gold/yiprefer/images/ipcase/ipcase-070_07.jpg""><br> 
<img border=""0"" src=""http://www.rakuten.ne.jp/gold/yiprefer/images/ipcase/ipcase-070_08.jpg""><br>
<br>
<img border=""0"" src=""http://www.rakuten.ne.jp/gold/yiprefer/images/ipcase/ipcase-070_09.jpg""><br> 
<img border=""0"" src=""http://www.rakuten.ne.jp/gold/yiprefer/images/ipcase/ipcase-070_10-01.jpg""><br>
<img border=""0"" src=""http://www.rakuten.ne.jp/gold/yiprefer/images/ipcase/ipcase-070-r.jpg""><br><br>

<img src=""http://image.rakuten.co.jp/yiprefer/cabinet/03536581/rev_ipcase-070.jpg"" width=""100%"" /><br /><br />


<img border=""0"" src=""http://image.rakuten.co.jp/yiprefer/cabinet/io/s54377878-pr.jpg""/><br>
<img src=""http://image.rakuten.co.jp/yiprefer/cabinet/io/review-pre.jpg"" width=""750"" border=""0"" usemap=""#review"">
<div align=""center""><a href=""http://www.rakuten.ne.jp/gold/yiprefer/delivery.html"" target=""_blank""><img src=""http://image.rakuten.co.jp/yiprefer/cabinet/io/gochuui.jpg"" alt=""ご注文の前に必ずお読みください"" width=""100%"" /></a><br>
 <br>
 <br>
</div><br><br><br>
<iframe src=""http://www.rakuten.ne.jp/gold/yiprefer/osusume.html"" scrolling=""no"" width=""790"" frameborder=""0"" height=""860"" >
</iframe><br><br><!--▼ Item Information ここから-->
<div class=""item_stl"">Item Information</div>
<table border=""0"" class=""item_shousai"">
  <tr>
    <th>商品名</th>
    <td>iphone7 ケース リング フック付き 落下防止リングケース iphone7 耐衝撃 軽量 薄い iphone7ケース リング付き iphone7ケース おしゃれ iphone7 カバー リング 耐衝撃 スマートフォンケース iphone7 plus ケース リング iphone7 plus バンパー iphone7 plus ケース かわいい iphone7plus ハードケース iphone6s ケース リング iphone6s ケース ハードケース iphone6splus ケース 耐衝撃 galaxy s7 edge ケース リング galaxy s7 edge ケース リング </td>
  </tr>
  <tr>
    <th>カラー</th>
    <td><p>ブラック/ローズゴールド/ゴールド/シルバー</p>
    </td>
  </tr>
  <tr>
    <th>材質</th>
    <td>PC</td>
  </tr>
  <tr>
<th>対応機種</th>
<td>iPhone7/iPhone7 Plus/iPhone6/iPhone6S/iPhone6 Plus/iPhone6S Plus/Galaxy S7 Edge/NOTE7</td>
  <tr> 
  </tr>
  <tr>
<th>発送方法</th>
<td>ゆうパケット送料無料（宅急便の場合は送料540円～を加算）</td>
</tr></table>
<!--▲ Item Information ここまで-->
</div><!-- /item_w -->
<br><br><br><style>
input[value=""お買い物かごに入れる""] {
  background: url(http://www.rakuten.ne.jp/gold/yiprefer/images/bnr/cart_bt.jpg) no-repeat scroll left top rgba(0, 0, 0, 0);
  border: 0 none;
  display: inline-block;
  width: 248px;
  height: 55px;
  overflow: hidden;
  text-indent: -99999px;
  white-space: nowrap;
  margin:5px 0 5px;
}

input[value=""お買い物かごに入れる""]:hover {
  cursor: pointer;
  opacity: 0.6;
}

input {
  font-size: 14px;
  width: auto;
  border:1px solid #333333;
}


#pickup780 td{font-size:12px; text-align:left; width:25%; vertical-align:top; line-height:1.4;}
#pickup780 .price{color:#C00; font-weight:bold;}
#pickup780 td img{width:100%;}
#pickup780 td a{color:#333333;}

/*<!--
body{
background:url(http://image.rakuten.co.jp/yiprefer/cabinet/io/ss-100-440-50off.jpg) repeat-y top right;
}
-->*/
</style>

<br><br><br>
<img src=""http://www.rakuten.ne.jp/gold/yiprefer/images/pickup/pickup_tit780.jpg""><br>
<table width=""780"" border=""0"" cellspacing=""10"" cellpadding=""0"" id=""pickup780"">
  <tr>
    <td><img src=""http://thumbnail.image.rakuten.co.jp/@0_mall/yiprefer/cabinet/03615470/btr-006_01.jpg?_ex=300x300&s=2&r=1"" border=""0"" /><br />【REMAX】5000mAh エイリアンシリーズ モバイルバッテリー<br>
    <span class=""price"">2,440円 (税込)</span></td>
    <td><img src=""http://thumbnail.image.rakuten.co.jp/@0_mall/yiprefer/cabinet/03615470/btr-002_01.jpg?_ex=300x300&s=2&r=1"" border=""0""><br>【REMAX】10000mAh大容量 <br />
リチウムポリマー<br>
<span class=""price"">2,980円 (税込)</span></td>
    <td><img src=""http://thumbnail.image.rakuten.co.jp/@0_mall/yiprefer/cabinet/03615470/stand-016_01.jpg?_ex=300x300&s=2&r=1"" border=""0""><br>
      【REMAX】 iphone7スマートフォン<br />
粘着シール不要 ホルダー<br>
<span class=""price"">750円 (税込)</span></td>
  <td><img src=""https://thumbnail.image.rakuten.co.jp/@0_mall/yiprefer/cabinet/03615470/ipcase-116_01.jpg?_ex=300x300&s=2&r=1"" border=""0""><br> iPhone7/iPhone7 Plus クリアケースかわいい おしゃれ 　<br>
<span class=""price"">750円 (税込)</span></td> </tr>
    <tr> <td><img src=""http://thumbnail.image.rakuten.co.jp/@0_mall/yiprefer/cabinet/03615470/adpt-016_01.jpg?_ex=300x300&s=2&r=1"" border=""0""><br>
      【Baseus】Type C to USB <br />
     変換アダプター<br>
      <span class=""price"">2,760円 (税込)</span></td>  
 <td><img src=""https://thumbnail.image.rakuten.co.jp/@0_mall/yiprefer/cabinet/03615470/stand-033_01.jpg?_ex=300x300&s=2&r=1"" border=""0""><br>360度回転 マグネット iphone7 車載ホルダー<br><span class=""price"">1,880円 (税込)</span></td>
 <td><img src=""https://thumbnail.image.rakuten.co.jp/@0_mall/yiprefer/cabinet/03615470/ipcase-118_01.jpg?_ex=300x300&s=2&r=1"" border=""0""><br>
   iPhone7/iPhone7 plus スタンド付きケース<br>
 <span class=""price"">820円 (税込)</span></td>
    
    
    <td><img src=""http://thumbnail.image.rakuten.co.jp/@0_mall/yiprefer/cabinet/03615470/ep-010_01.jpg?_ex=300x300&s=2&r=1"" border=""0"" /><br>
      【REMAX】カナル式 イヤホン<br />
      運動時に最適<br>
      <span class=""price"">2,045円 (税込)</span></td>
  </tr>
</table>


<br><br><br>

<div style=""width:48%; height:725px; overflow:hidden; border:1px solid #CCC; float:left; margin-right:10px;"">
<img src=""http://www.rakuten.ne.jp/gold/yiprefer/ec-collection/images/ecolle_order.jpg"" width=""100%""><br>

</div>



<div style=""width:48%; overflow:hidden; float:left; height:720px;"">
<img src=""http://www.rakuten.ne.jp/gold/yiprefer/ec-collection/images/ecolle_review.jpg"" width=""100%""><br>
</div>
<br style=""clear:both;""><br><br>",iPhone7 ケース リング フック付き 落下防止 iphone7 ケース リング 7 plus ケース galaxy s7 edgeケース リング 極薄 スマホケース スタンド iphone7ケース スタンド iphone7 plus ケース iphone7 ケースかわいい iphone6splus リング：NeverChange楽天市場店,iPhone7 ケース リング フック付き 落下防止 iphone7 ケース リング 7 plus ケース galaxy s7 edgeケース リング 極薄 スマホケース スタンド iphone7ケース スタンド iphone7 plus ケース iphone7 ケースかわいい iphone6splus リング,立つ 薄い 軽量 クリア ホルダー iphone ガラスフィルム。iPhone7 ケース リング フック付き 落下防止 iphone7 ケース リング 7 plus ケース galaxy s7 edgeケース リング 極薄 スマホケース スタンド iphone7ケース スタンド iphone7 plus ケース iphone7 ケースかわいい iphone6splus リング[rn]
23-92283,http://tshop.r10s.jp/gold/yiprefer/images/touroku/ipcase-090_01.jpg?fitin=700:700,848.0000,,スマートフォン・タブレット > スマートフォンアクセサリー > スマートフォンケース,【ゆう】送料無料 きらきら 大人可愛い ラインストーン TPUケース 保護ケース iPhone6 6S  6Plus 6S plus アイフォンカバー 上品 可愛さ iphone6s ケース iphone6s plus ケース iphone6 カバー iphone ケース iphone6s tpuケース,iphone aihon アイホン 耐衝撃 ギフト 薄型 軽い スリム 　女性,"<p align=""center"">





<img border=""0"" src=""http://www.rakuten.ne.jp/gold/yiprefer/images/touroku/ipcase-090_01.jpg""><br> <img border=""0"" src=""http://www.rakuten.ne.jp/gold/yiprefer/images/touroku/ipcase-090_02.jpg""><br> <img border=""0"" src=""http://www.rakuten.ne.jp/gold/yiprefer/images/touroku/ipcase-090_03.jpg""><br> <img border=""0"" src=""http://www.rakuten.ne.jp/gold/yiprefer/images/touroku/ipcase-090_04.jpg""><br> <img border=""0"" src=""http://www.rakuten.ne.jp/gold/yiprefer/images/touroku/ipcase-090_05.jpg""><br> <img border=""0"" src=""http://www.rakuten.ne.jp/gold/yiprefer/images/touroku/ipcase-090_06.jpg""><br> <img border=""0"" src=""http://www.rakuten.ne.jp/gold/yiprefer/images/touroku/ipcase-090_07.jpg""><br> <img border=""0"" src=""http://www.rakuten.ne.jp/gold/yiprefer/images/touroku/ipcase-090_08.jpg""><br> <img border=""0"" src=""http://www.rakuten.ne.jp/gold/yiprefer/images/touroku/ipcase-090_09.jpg""><br> <img border=""0"" src=""http://www.rakuten.ne.jp/gold/yiprefer/images/touroku/ipcase-090_10.jpg""><br> 



<img border=""0"" src=""http://image.rakuten.co.jp/yiprefer/cabinet/io/s54377878-pr.jpg""/><br>
<img src=""http://image.rakuten.co.jp/yiprefer/cabinet/io/review-pre.jpg"" width=""750"" border=""0"" usemap=""#review"">
<div align=""center""><a href=""http://www.rakuten.ne.jp/gold/yiprefer/delivery.html"" target=""_blank""><img src=""http://image.rakuten.co.jp/yiprefer/cabinet/io/gochuui.jpg"" alt=""ご注文の前に必ずお読みください"" width=""100%"" /></a><br>
 <br>
 <br>
</div>


<br><br>
<iframe src=""http://www.rakuten.ne.jp/gold/yiprefer/osusume.html"" scrolling=""no"" width=""790"" frameborder=""0"" height=""820"" > </iframe>
<br>
<br><!--▼ Item Information ここから-->
<div class=""item_stl"">Item Information</div>
<table border=""0"" class=""item_shousai"">
 











<tr>
    










<th>商品名</th>
    <td>きらきら 大人可愛い ラインストーン TPUケース 保護ケース </td>
  </tr>
  <tr>
    




<th>カラー</th>
    <td>ピンク/ブルー/ブラウン/パープル</td>
  </tr>
  <tr>
  


<th>材質</th>
    <td>TPU/ラインストーン</td>
  </tr>
  <tr>
  


 <tr>
<th>発送方法</th>
<td>ゆうパケット送料無料（宅急便の場合は送料540円～を加算）</td>
</tr></table>




<!--▲ Item Information ここまで-->
</div><!-- /item_w -->
<br><br><br><style>
input[value=""お買い物かごに入れる""] {
  background: url(http://www.rakuten.ne.jp/gold/yiprefer/images/bnr/cart_bt.jpg) no-repeat scroll left top rgba(0, 0, 0, 0);
  border: 0 none;
  display: inline-block;
  width: 248px;
  height: 55px;
  overflow: hidden;
  text-indent: -99999px;
  white-space: nowrap;
  margin:5px 0 5px;
}

input[value=""お買い物かごに入れる""]:hover {
  cursor: pointer;
  opacity: 0.6;
}

input {
  font-size: 14px;
  width: auto;
  border:1px solid #333333;
}


#pickup780 td{font-size:12px; text-align:left; width:25%; vertical-align:top; line-height:1.4;}
#pickup780 .price{color:#C00; font-weight:bold;}
#pickup780 td img{width:100%;}
#pickup780 td a{color:#333333;}

/*<!--
body{
background:url(http://image.rakuten.co.jp/yiprefer/cabinet/io/ss-100-440-50off.jpg) repeat-y top right;
}
-->*/
</style>

<br><br><br>
<img src=""http://www.rakuten.ne.jp/gold/yiprefer/images/pickup/pickup_tit780.jpg""><br>
<table width=""780"" border=""0"" cellspacing=""10"" cellpadding=""0"" id=""pickup780"">
  <tr>
    <td><img src=""http://thumbnail.image.rakuten.co.jp/@0_mall/yiprefer/cabinet/03615470/btr-006_01.jpg?_ex=300x300&s=2&r=1"" border=""0"" /><br />【REMAX】5000mAh エイリアンシリーズ モバイルバッテリー<br>
    <span class=""price"">2,440円 (税込)</span></td>
    <td><img src=""http://thumbnail.image.rakuten.co.jp/@0_mall/yiprefer/cabinet/03615470/btr-002_01.jpg?_ex=300x300&s=2&r=1"" border=""0""><br>【REMAX】10000mAh大容量 <br />
リチウムポリマー<br>
<span class=""price"">2,980円 (税込)</span></td>
    <td><img src=""http://thumbnail.image.rakuten.co.jp/@0_mall/yiprefer/cabinet/03615470/stand-016_01.jpg?_ex=300x300&s=2&r=1"" border=""0""><br>
      【REMAX】 iphone7スマートフォン<br />
粘着シール不要 ホルダー<br>
<span class=""price"">750円 (税込)</span></td>
  <td><img src=""https://thumbnail.image.rakuten.co.jp/@0_mall/yiprefer/cabinet/03615470/ipcase-116_01.jpg?_ex=300x300&s=2&r=1"" border=""0""><br> iPhone7/iPhone7 Plus クリアケースかわいい おしゃれ 　<br>
<span class=""price"">750円 (税込)</span></td> </tr>
    <tr> <td><img src=""http://thumbnail.image.rakuten.co.jp/@0_mall/yiprefer/cabinet/03615470/adpt-016_01.jpg?_ex=300x300&s=2&r=1"" border=""0""><br>
      【Baseus】Type C to USB <br />
     変換アダプター<br>
      <span class=""price"">2,760円 (税込)</span></td>  
 <td><img src=""https://thumbnail.image.rakuten.co.jp/@0_mall/yiprefer/cabinet/03615470/stand-033_01.jpg?_ex=300x300&s=2&r=1"" border=""0""><br>360度回転 マグネット iphone7 車載ホルダー<br><span class=""price"">1,880円 (税込)</span></td>
 <td><img src=""https://thumbnail.image.rakuten.co.jp/@0_mall/yiprefer/cabinet/03615470/ipcase-118_01.jpg?_ex=300x300&s=2&r=1"" border=""0""><br>
   iPhone7/iPhone7 plus スタンド付きケース<br>
 <span class=""price"">820円 (税込)</span></td>
    
    
    <td><img src=""http://thumbnail.image.rakuten.co.jp/@0_mall/yiprefer/cabinet/03615470/ep-010_01.jpg?_ex=300x300&s=2&r=1"" border=""0"" /><br>
      【REMAX】カナル式 イヤホン<br />
      運動時に最適<br>
      <span class=""price"">2,045円 (税込)</span></td>
  </tr>
</table>


<br><br><br>

<div style=""width:48%; height:725px; overflow:hidden; border:1px solid #CCC; float:left; margin-right:10px;"">
<img src=""http://www.rakuten.ne.jp/gold/yiprefer/ec-collection/images/ecolle_order.jpg"" width=""100%""><br>

</div>



<div style=""width:48%; overflow:hidden; float:left; height:720px;"">
<img src=""http://www.rakuten.ne.jp/gold/yiprefer/ec-collection/images/ecolle_review.jpg"" width=""100%""><br>
</div>
<br style=""clear:both;""><br><br>",【ゆう】送料無料 きらきら 大人可愛い ラインストーン TPUケース 保護ケース iPhone6 6S  6Plus 6S plus アイフォンカバー 上品 可愛さ iphone6s ケース iphone6s plus ケース iphone6 カバー iphone ケース iphone6s tpuケース：NeverChange楽天市場店,【ゆう】送料無料 きらきら 大人可愛い ラインストーン TPUケース 保護ケース iPhone6 6S  6Plus 6S plus アイフォンカバー 上品 可愛さ iphone6s ケース iphone6s plus ケース iphone6 カバー iphone ケース iphone6s tpuケース,iphone aihon アイホン 耐衝撃 ギフト 薄型 軽い スリム 　女性。【ゆう】送料無料 きらきら 大人可愛い ラインストーン TPUケース 保護ケース iPhone6 6S  6Plus 6S plus アイフォンカバー 上品 可愛さ iphone6s ケース iphone6s plus ケース iphone6 カバー iphone ケース iphone6s tpuケース[rn]
23-92284,http://tshop.r10s.jp/yiprefer/cabinet/03615470/ipcase-101_01.jpg?fitin=700:700,1584.0000,,スマートフォン・タブレット > スマートフォンアクセサリー > スマートフォンケース,【宅】送料無料 iphone6s ケース 耐衝撃 磁石内蔵 車載ホルダー iphone6 カバー iPhone6  防水 iphone6s スマホカバー 軽量 頑丈 iphone ケース 防水 耐衝撃 iphone6 ギフト 丈夫 iphone6s plus ケース アイフォンケース,iphone ケース おもしろ カラフル iphone6s スマホカバー,"<div align=""center""><img border=""0"" src=""http://image.rakuten.co.jp/yiprefer/cabinet/03615470/ipcase-101_01.jpg""/><br>
 <img border=""0"" src=""http://image.rakuten.co.jp/yiprefer/cabinet/03615470/ipcase-101_02.jpg""/><br>
 <img border=""0"" src=""http://image.rakuten.co.jp/yiprefer/cabinet/03615470/ipcase-101_03.jpg""/><br>
 <img border=""0"" src=""http://image.rakuten.co.jp/yiprefer/cabinet/03615470/ipcase-101_04.jpg""/><br>

 <img border=""0"" src=""http://image.rakuten.co.jp/yiprefer/cabinet/03615470/ipcase-101_05.jpg""/><br>
<img border=""0"" src=""http://image.rakuten.co.jp/yiprefer/cabinet/03615470/ipcase-101_06.jpg""/><br>
<img border=""0"" src=""http://image.rakuten.co.jp/yiprefer/cabinet/03615470/ipcase-101_07.jpg""/><br>
<img border=""0"" src=""http://image.rakuten.co.jp/yiprefer/cabinet/03615470/ipcase-101_08.jpg""/><br>
<img border=""0"" src=""http://image.rakuten.co.jp/yiprefer/cabinet/03615470/ipcase-101_09.jpg""/><br>
<!--<img border=""0"" src=""http://image.rakuten.co.jp/yiprefer/cabinet/03615470/ipcase-101_10.jpg""/><br> -->

<br />


  
 <img border=""0"" src=""http://image.rakuten.co.jp/yiprefer/cabinet/io/s54377878-pr.jpg""/><br>


<img src=""http://image.rakuten.co.jp/yiprefer/cabinet/io/review-pre.jpg"" width=""750"" border=""0"" usemap=""#review"">




 <div align=""center""><a href=""http://www.rakuten.ne.jp/gold/yiprefer/delivery.html"" target=""_blank""><img src=""http://image.rakuten.co.jp/yiprefer/cabinet/io/gochuui.jpg"" alt=""ご注文の前に必ずお読みください"" width=""100%"" /></a><br>
</div><br><br><br>
<iframe src=""http://www.rakuten.ne.jp/gold/yiprefer/osusume.html"" scrolling=""no"" width=""790"" frameborder=""0"" height=""820"" >
</iframe><br><br>
</div><style>
input[value=""お買い物かごに入れる""] {
  background: url(http://www.rakuten.ne.jp/gold/yiprefer/images/bnr/cart_bt.jpg) no-repeat scroll left top rgba(0, 0, 0, 0);
  border: 0 none;
  display: inline-block;
  width: 248px;
  height: 55px;
  overflow: hidden;
  text-indent: -99999px;
  white-space: nowrap;
  margin:5px 0 5px;
}

input[value=""お買い物かごに入れる""]:hover {
  cursor: pointer;
  opacity: 0.6;
}

input {
  font-size: 14px;
  width: auto;
  border:1px solid #333333;
}


#pickup780 td{font-size:12px; text-align:left; width:25%; vertical-align:top; line-height:1.4;}
#pickup780 .price{color:#C00; font-weight:bold;}
#pickup780 td img{width:100%;}
#pickup780 td a{color:#333333;}

/*<!--
body{
background:url(http://image.rakuten.co.jp/yiprefer/cabinet/io/ss-100-440-50off.jpg) repeat-y top right;
}
-->*/
</style>

<br><br><br>
<img src=""http://www.rakuten.ne.jp/gold/yiprefer/images/pickup/pickup_tit780.jpg""><br>
<table width=""780"" border=""0"" cellspacing=""10"" cellpadding=""0"" id=""pickup780"">
  <tr>
    <td><img src=""http://thumbnail.image.rakuten.co.jp/@0_mall/yiprefer/cabinet/03615470/btr-006_01.jpg?_ex=300x300&s=2&r=1"" border=""0"" /><br />【REMAX】5000mAh エイリアンシリーズ モバイルバッテリー<br>
    <span class=""price"">2,440円 (税込)</span></td>
    <td><img src=""http://thumbnail.image.rakuten.co.jp/@0_mall/yiprefer/cabinet/03615470/btr-002_01.jpg?_ex=300x300&s=2&r=1"" border=""0""><br>【REMAX】10000mAh大容量 <br />
リチウムポリマー<br>
<span class=""price"">2,980円 (税込)</span></td>
    <td><img src=""http://thumbnail.image.rakuten.co.jp/@0_mall/yiprefer/cabinet/03615470/stand-016_01.jpg?_ex=300x300&s=2&r=1"" border=""0""><br>
      【REMAX】 iphone7スマートフォン<br />
粘着シール不要 ホルダー<br>
<span class=""price"">750円 (税込)</span></td>
  <td><img src=""https://thumbnail.image.rakuten.co.jp/@0_mall/yiprefer/cabinet/03615470/ipcase-116_01.jpg?_ex=300x300&s=2&r=1"" border=""0""><br> iPhone7/iPhone7 Plus クリアケースかわいい おしゃれ 　<br>
<span class=""price"">750円 (税込)</span></td> </tr>
    <tr> <td><img src=""http://thumbnail.image.rakuten.co.jp/@0_mall/yiprefer/cabinet/03615470/adpt-016_01.jpg?_ex=300x300&s=2&r=1"" border=""0""><br>
      【Baseus】Type C to USB <br />
     変換アダプター<br>
      <span class=""price"">2,760円 (税込)</span></td>  
 <td><img src=""https://thumbnail.image.rakuten.co.jp/@0_mall/yiprefer/cabinet/03615470/stand-033_01.jpg?_ex=300x300&s=2&r=1"" border=""0""><br>360度回転 マグネット iphone7 車載ホルダー<br><span class=""price"">1,880円 (税込)</span></td>
 <td><img src=""https://thumbnail.image.rakuten.co.jp/@0_mall/yiprefer/cabinet/03615470/ipcase-118_01.jpg?_ex=300x300&s=2&r=1"" border=""0""><br>
   iPhone7/iPhone7 plus スタンド付きケース<br>
 <span class=""price"">820円 (税込)</span></td>
    
    
    <td><img src=""http://thumbnail.image.rakuten.co.jp/@0_mall/yiprefer/cabinet/03615470/ep-010_01.jpg?_ex=300x300&s=2&r=1"" border=""0"" /><br>
      【REMAX】カナル式 イヤホン<br />
      運動時に最適<br>
      <span class=""price"">2,045円 (税込)</span></td>
  </tr>
</table>


<br><br><br>

<div style=""width:48%; height:725px; overflow:hidden; border:1px solid #CCC; float:left; margin-right:10px;"">
<img src=""http://www.rakuten.ne.jp/gold/yiprefer/ec-collection/images/ecolle_order.jpg"" width=""100%""><br>

</div>



<div style=""width:48%; overflow:hidden; float:left; height:720px;"">
<img src=""http://www.rakuten.ne.jp/gold/yiprefer/ec-collection/images/ecolle_review.jpg"" width=""100%""><br>
</div>
<br style=""clear:both;""><br><br>",【宅】送料無料 iphone6s ケース 耐衝撃 磁石内蔵 車載ホルダー iphone6 カバー iPhone6  防水 iphone6s スマホカバー 軽量 頑丈 iphone ケース 防水 耐衝撃 iphone6 ギフト 丈夫 iphone6s plus ケース アイフォンケース：NeverChange楽天市場店,【宅】送料無料 iphone6s ケース 耐衝撃 磁石内蔵 車載ホルダー iphone6 カバー iPhone6  防水 iphone6s スマホカバー 軽量 頑丈 iphone ケース 防水 耐衝撃 iphone6 ギフト 丈夫 iphone6s plus ケース アイフォンケース,iphone ケース おもしろ カラフル iphone6s スマホカバー。【宅】送料無料 iphone6s ケース 耐衝撃 磁石内蔵 車載ホルダー iphone6 カバー iPhone6  防水 iphone6s スマホカバー 軽量 頑丈 iphone ケース 防水 耐衝撃 iphone6 ギフト 丈夫 iphone6s plus ケース アイフォンケース[rn]
23-92285,http://tshop.r10s.jp/yiprefer/cabinet/05206682/imgrc0063888989.jpg?fitin=700:700,796.8000,,スマートフォン・タブレット > スマートフォンアクセサリー > スマートフォンケース,【ゆう】送料無料 iPhone7 iphone7 Plus iPhone6 デニム素材 耐久性 耐衝撃 フィット感 薄い アイフォン 汚れ防止 キズ防止 軽量 フィット感 iphone6sケース iphone7 ケース ベージュ ブルー グレー ガラスフィルム特典付き,iPhone7/7Plus/iPhone6s/6s plusケース 薄いデニムカバー,"<div style=""width:750px;"">
<img width=""100%"" border=""0"" src=""http://image.rakuten.co.jp/yiprefer/cabinet/05206682/imgrc0063888989.jpg"" /><br>
<img width=""100%"" border=""0"" src=""http://image.rakuten.co.jp/yiprefer/cabinet/05206682/imgrc0063888990.jpg"" /><br>
<img width=""100%"" border=""0"" src=""http://image.rakuten.co.jp/yiprefer/cabinet/05206682/imgrc0063888991.jpg"" /><br>
<img width=""100%"" border=""0"" src=""http://www.rakuten.ne.jp/gold/yiprefer/images/ipcase/ipcase-059-04.jpg"" /><br>
<img width=""100%"" border=""0"" src=""http://www.rakuten.ne.jp/gold/yiprefer/images/ipcase/ipcase-059-05.jpg"" /><br>
<img width=""100%"" border=""0"" src=""http://www.rakuten.ne.jp/gold/yiprefer/images/ipcase/ipcase-059-07.jpg"" /><br>
</p><img width=""100%"" border=""0"" src=""http://www.rakuten.ne.jp/gold/yiprefer/images/ipcase/ipcase-059-06.jpg"" /><br>
<img width=""100%"" border=""0"" src=""http://www.rakuten.ne.jp/gold/yiprefer/images/ipcase/ipcase-059-08.jpg"" /><br>
<img width=""100%"" border=""0"" src=""http://www.rakuten.ne.jp/gold/yiprefer/images/ipcase/ipcase-059-09.jpg"" /><br>
<img width=""100%"" border=""0"" src=""http://www.rakuten.ne.jp/gold/yiprefer/images/ipcase/ipcase-059-10.jpg"" /><br>
<img width=""100%"" border=""0"" src=""http://image.rakuten.co.jp/yiprefer/cabinet/03615470/ipcase-059-r_03.jpg"" /><br>
<img width=""100%"" border=""0"" src=""http://image.rakuten.co.jp/yiprefer/cabinet/03615470/ipcase-059-r_04.jpg"" /><br>
<img width=""100%"" border=""0"" src=""http://image.rakuten.co.jp/yiprefer/cabinet/03615470/ipcase-059-r_05.jpg"" /><br>
<img width=""100%"" border=""0"" src=""http://image.rakuten.co.jp/yiprefer/cabinet/03615470/ipcase-059-r_06.jpg"" /><br>
<img width=""100%"" border=""0"" src=""http://image.rakuten.co.jp/yiprefer/cabinet/03615470/ipcase-059-r_07.jpg"" /><br>
<img width=""100%"" border=""0"" src=""http://www.rakuten.ne.jp/gold/yiprefer/images/ipcase/ipcase-059-15.jpg"" /><br>
<img width=""100%"" border=""0"" src=""http://www.rakuten.ne.jp/gold/yiprefer/images/imgtokuten.jpg"" /><br>
<br>
<img width=""100%"" border=""0"" src=""http://image.rakuten.co.jp/yiprefer/cabinet/imgrc0063379237.jpg"" /><br>
</div>
<!--▼ Item Information ここから-->
<div class=""item_stl"">Item Information</div>
<table border=""0"" class=""item_shousai"">
 <tr>
  <th>商品名</th>
  <td>iPhone7 iPhone7 Plus iPhone6/6s iPhone6 Plus/iPhone6S Plus/デニム素材ケース ガラス保護フィルム付き</td>
 </tr>
 <tr>
  <th>カラー</th>
  <td><p>ベージュ/ブルー/グレー</p></td>
 </tr>
 <tr>
  <th>材質</th>
  <td>デニム+ポリプロピレン</td>
 </tr>
 <tr>
<th>対応機種</th>
<td>iPhone7 iPhone7 Plus iPhone6/6S iPhone6 Plus/6S Plus</td>
 <tr> 
 </tr>
 <tr>
<th>発送方法</th>
<td>ゆうパケット（宅急便の場合は送料540円～を加算）</td>
</tr></table>
<!--▲ Item Information ここまで-->
</div><!-- /item_w -->
<br><br><br>
<img width=""100%"" border=""0"" src=""http://image.rakuten.co.jp/yiprefer/cabinet/io/s54377878-pr.jpg""/><br>
<img src=""http://image.rakuten.co.jp/yiprefer/cabinet/io/review-pre.jpg"" width=""750"" border=""0"" usemap=""#review"">
<div align=""center""><a href=""http://www.rakuten.ne.jp/gold/yiprefer/delivery.html"" target=""_blank""><img src=""http://image.rakuten.co.jp/yiprefer/cabinet/io/gochuui.jpg"" alt=""ご注文の前に必ずお読みください"" width=""100%"" /></a></div>
<br><br><br>
<iframe src=""http://www.rakuten.ne.jp/gold/yiprefer/osusume.html"" scrolling=""no"" width=""790"" frameborder=""0"" height=""820"" >
</iframe><br><br><style>
input[value=""お買い物かごに入れる""] {
  background: url(http://www.rakuten.ne.jp/gold/yiprefer/images/bnr/cart_bt.jpg) no-repeat scroll left top rgba(0, 0, 0, 0);
  border: 0 none;
  display: inline-block;
  width: 248px;
  height: 55px;
  overflow: hidden;
  text-indent: -99999px;
  white-space: nowrap;
  margin:5px 0 5px;
}

input[value=""お買い物かごに入れる""]:hover {
  cursor: pointer;
  opacity: 0.6;
}

input {
  font-size: 14px;
  width: auto;
  border:1px solid #333333;
}


#pickup780 td{font-size:12px; text-align:left; width:25%; vertical-align:top; line-height:1.4;}
#pickup780 .price{color:#C00; font-weight:bold;}
#pickup780 td img{width:100%;}
#pickup780 td a{color:#333333;}

/*<!--
body{
background:url(http://image.rakuten.co.jp/yiprefer/cabinet/io/ss-100-440-50off.jpg) repeat-y top right;
}
-->*/
</style>

<br><br><br>
<img src=""http://www.rakuten.ne.jp/gold/yiprefer/images/pickup/pickup_tit780.jpg""><br>
<table width=""780"" border=""0"" cellspacing=""10"" cellpadding=""0"" id=""pickup780"">
  <tr>
    <td><img src=""http://thumbnail.image.rakuten.co.jp/@0_mall/yiprefer/cabinet/03615470/btr-006_01.jpg?_ex=300x300&s=2&r=1"" border=""0"" /><br />【REMAX】5000mAh エイリアンシリーズ モバイルバッテリー<br>
    <span class=""price"">2,440円 (税込)</span></td>
    <td><img src=""http://thumbnail.image.rakuten.co.jp/@0_mall/yiprefer/cabinet/03615470/btr-002_01.jpg?_ex=300x300&s=2&r=1"" border=""0""><br>【REMAX】10000mAh大容量 <br />
リチウムポリマー<br>
<span class=""price"">2,980円 (税込)</span></td>
    <td><img src=""http://thumbnail.image.rakuten.co.jp/@0_mall/yiprefer/cabinet/03615470/stand-016_01.jpg?_ex=300x300&s=2&r=1"" border=""0""><br>
      【REMAX】 iphone7スマートフォン<br />
粘着シール不要 ホルダー<br>
<span class=""price"">750円 (税込)</span></td>
  <td><img src=""https://thumbnail.image.rakuten.co.jp/@0_mall/yiprefer/cabinet/03615470/ipcase-116_01.jpg?_ex=300x300&s=2&r=1"" border=""0""><br> iPhone7/iPhone7 Plus クリアケースかわいい おしゃれ 　<br>
<span class=""price"">750円 (税込)</span></td> </tr>
    <tr> <td><img src=""http://thumbnail.image.rakuten.co.jp/@0_mall/yiprefer/cabinet/03615470/adpt-016_01.jpg?_ex=300x300&s=2&r=1"" border=""0""><br>
      【Baseus】Type C to USB <br />
     変換アダプター<br>
      <span class=""price"">2,760円 (税込)</span></td>  
 <td><img src=""https://thumbnail.image.rakuten.co.jp/@0_mall/yiprefer/cabinet/03615470/stand-033_01.jpg?_ex=300x300&s=2&r=1"" border=""0""><br>360度回転 マグネット iphone7 車載ホルダー<br><span class=""price"">1,880円 (税込)</span></td>
 <td><img src=""https://thumbnail.image.rakuten.co.jp/@0_mall/yiprefer/cabinet/03615470/ipcase-118_01.jpg?_ex=300x300&s=2&r=1"" border=""0""><br>
   iPhone7/iPhone7 plus スタンド付きケース<br>
 <span class=""price"">820円 (税込)</span></td>
    
    
    <td><img src=""http://thumbnail.image.rakuten.co.jp/@0_mall/yiprefer/cabinet/03615470/ep-010_01.jpg?_ex=300x300&s=2&r=1"" border=""0"" /><br>
      【REMAX】カナル式 イヤホン<br />
      運動時に最適<br>
      <span class=""price"">2,045円 (税込)</span></td>
  </tr>
</table>


<br><br><br>

<div style=""width:48%; height:725px; overflow:hidden; border:1px solid #CCC; float:left; margin-right:10px;"">
<img src=""http://www.rakuten.ne.jp/gold/yiprefer/ec-collection/images/ecolle_order.jpg"" width=""100%""><br>

</div>



<div style=""width:48%; overflow:hidden; float:left; height:720px;"">
<img src=""http://www.rakuten.ne.jp/gold/yiprefer/ec-collection/images/ecolle_review.jpg"" width=""100%""><br>
</div>
<br style=""clear:both;""><br><br>",【ゆう】送料無料 iPhone7 iphone7 Plus iPhone6 デニム素材 耐久性 耐衝撃 フィット感 薄い アイフォン 汚れ防止 キズ防止 軽量 フィット感 iphone6sケース iphone7 ケース ベージュ ブルー グレー ガラスフィルム特典付き：NeverChange楽天市場店,【ゆう】送料無料 iPhone7 iphone7 Plus iPhone6 デニム素材 耐久性 耐衝撃 フィット感 薄い アイフォン 汚れ防止 キズ防止 軽量 フィット感 iphone6sケース iphone7 ケース ベージュ ブルー グレー ガラスフィルム特典付き,iPhone7/7Plus/iPhone6s/6s plusケース 薄いデニムカバー。【ゆう】送料無料 iPhone7 iphone7 Plus iPhone6 デニム素材 耐久性 耐衝撃 フィット感 薄い アイフォン 汚れ防止 キズ防止 軽量 フィット感 iphone6sケース iphone7 ケース ベージュ ブルー グレー ガラスフィルム特典付き[rn]
23-92286,http://tshop.r10s.jp/yiprefer/cabinet/03615470/ipcase-106_01.jpg?fitin=700:700,704.0000,,スマートフォン・タブレット > スマートフォンアクセサリー > スマートフォンケース,iPhone6S ケース【ゆう】送料無料 極薄 TPUケース iPhone5S 5 iphone se クリア ケース iPhone6 Plus iPhone6S Plus iPhone6 MOTO G4 Plus SONY Xperia XP Galaxy NOTE 7 HUAWEI P9 HUAWEI P9 LITE 耐衝撃 軽量 薄い ASUS Zenfone2 (ZE500CL)スマホカバー,iphone6s ケース iphone 軽量 galaxy 耐衝撃 保護ケース,"<div align=""center""><img border=""0"" src=""http://image.rakuten.co.jp/yiprefer/cabinet/03615470/ipcase-106_01.jpg""/><br>
 <img border=""0"" src=""http://image.rakuten.co.jp/yiprefer/cabinet/03615470/ipcase-106_02.jpg""/><br>
 <img border=""0"" src=""http://image.rakuten.co.jp/yiprefer/cabinet/03615470/ipcase-106_03.jpg""/><br>
 <img border=""0"" src=""http://image.rakuten.co.jp/yiprefer/cabinet/03615470/ipcase-106_04.jpg""/><br>

 <img border=""0"" src=""http://image.rakuten.co.jp/yiprefer/cabinet/03615470/ipcase-106_05.jpg""/><br>

 <img border=""0"" src=""http://image.rakuten.co.jp/yiprefer/cabinet/03615470/ipcase-106_06.jpg""/><br>
 <img border=""0"" src=""http://image.rakuten.co.jp/yiprefer/cabinet/03615470/ipcase-106_07.jpg""/><br>
<img border=""0"" src=""http://image.rakuten.co.jp/yiprefer/cabinet/03615470/ipcase-106_08.jpg""/><br>

 <img border=""0"" src=""http://image.rakuten.co.jp/yiprefer/cabinet/03615470/ipcase-106_09.jpg""/><br>
<img border=""0"" src=""http://image.rakuten.co.jp/yiprefer/cabinet/03615470/ipcase-106_10.jpg""/><br>
<img border=""0"" src=""http://image.rakuten.co.jp/yiprefer/cabinet/03615470/ipcase-106_11.jpg""/><br>
<img border=""0"" src=""http://image.rakuten.co.jp/yiprefer/cabinet/03615470/ipcase-106_12.jpg""/><br>

 <img border=""0"" src=""http://image.rakuten.co.jp/yiprefer/cabinet/03615470/ipcase-106_13.jpg""/><br>



<br />
<br />


  
 <img border=""0"" src=""http://image.rakuten.co.jp/yiprefer/cabinet/io/s54377878-pr.jpg""/><br>


<img src=""http://image.rakuten.co.jp/yiprefer/cabinet/io/review-pre.jpg"" width=""750"" border=""0"" usemap=""#review"">




 <div align=""center""><a href=""http://www.rakuten.ne.jp/gold/yiprefer/delivery.html"" target=""_blank""><img src=""http://image.rakuten.co.jp/yiprefer/cabinet/io/gochuui.jpg"" alt=""ご注文の前に必ずお読みください"" width=""100%"" /></a><br>
</div><br><br><br>
<iframe src=""http://www.rakuten.ne.jp/gold/yiprefer/osusume.html"" scrolling=""no"" width=""790"" frameborder=""0"" height=""700"" >
</iframe><br><br>
</div><style>
input[value=""お買い物かごに入れる""] {
  background: url(http://www.rakuten.ne.jp/gold/yiprefer/images/bnr/cart_bt.jpg) no-repeat scroll left top rgba(0, 0, 0, 0);
  border: 0 none;
  display: inline-block;
  width: 248px;
  height: 55px;
  overflow: hidden;
  text-indent: -99999px;
  white-space: nowrap;
  margin:5px 0 5px;
}

input[value=""お買い物かごに入れる""]:hover {
  cursor: pointer;
  opacity: 0.6;
}

input {
  font-size: 14px;
  width: auto;
  border:1px solid #333333;
}


#pickup780 td{font-size:12px; text-align:left; width:25%; vertical-align:top; line-height:1.4;}
#pickup780 .price{color:#C00; font-weight:bold;}
#pickup780 td img{width:100%;}
#pickup780 td a{color:#333333;}

/*<!--
body{
background:url(http://image.rakuten.co.jp/yiprefer/cabinet/io/ss-100-440-50off.jpg) repeat-y top right;
}
-->*/
</style>

<br><br><br>
<img src=""http://www.rakuten.ne.jp/gold/yiprefer/images/pickup/pickup_tit780.jpg""><br>
<table width=""780"" border=""0"" cellspacing=""10"" cellpadding=""0"" id=""pickup780"">
  <tr>
    <td><img src=""http://thumbnail.image.rakuten.co.jp/@0_mall/yiprefer/cabinet/03615470/btr-006_01.jpg?_ex=300x300&s=2&r=1"" border=""0"" /><br />【REMAX】5000mAh エイリアンシリーズ モバイルバッテリー<br>
    <span class=""price"">2,440円 (税込)</span></td>
    <td><img src=""http://thumbnail.image.rakuten.co.jp/@0_mall/yiprefer/cabinet/03615470/btr-002_01.jpg?_ex=300x300&s=2&r=1"" border=""0""><br>【REMAX】10000mAh大容量 <br />
リチウムポリマー<br>
<span class=""price"">2,980円 (税込)</span></td>
    <td><img src=""http://thumbnail.image.rakuten.co.jp/@0_mall/yiprefer/cabinet/03615470/stand-016_01.jpg?_ex=300x300&s=2&r=1"" border=""0""><br>
      【REMAX】 iphone7スマートフォン<br />
粘着シール不要 ホルダー<br>
<span class=""price"">750円 (税込)</span></td>
  <td><img src=""https://thumbnail.image.rakuten.co.jp/@0_mall/yiprefer/cabinet/03615470/ipcase-116_01.jpg?_ex=300x300&s=2&r=1"" border=""0""><br> iPhone7/iPhone7 Plus クリアケースかわいい おしゃれ 　<br>
<span class=""price"">750円 (税込)</span></td> </tr>
    <tr> <td><img src=""http://thumbnail.image.rakuten.co.jp/@0_mall/yiprefer/cabinet/03615470/adpt-016_01.jpg?_ex=300x300&s=2&r=1"" border=""0""><br>
      【Baseus】Type C to USB <br />
     変換アダプター<br>
      <span class=""price"">2,760円 (税込)</span></td>  
 <td><img src=""https://thumbnail.image.rakuten.co.jp/@0_mall/yiprefer/cabinet/03615470/stand-033_01.jpg?_ex=300x300&s=2&r=1"" border=""0""><br>360度回転 マグネット iphone7 車載ホルダー<br><span class=""price"">1,880円 (税込)</span></td>
 <td><img src=""https://thumbnail.image.rakuten.co.jp/@0_mall/yiprefer/cabinet/03615470/ipcase-118_01.jpg?_ex=300x300&s=2&r=1"" border=""0""><br>
   iPhone7/iPhone7 plus スタンド付きケース<br>
 <span class=""price"">820円 (税込)</span></td>
    
    
    <td><img src=""http://thumbnail.image.rakuten.co.jp/@0_mall/yiprefer/cabinet/03615470/ep-010_01.jpg?_ex=300x300&s=2&r=1"" border=""0"" /><br>
      【REMAX】カナル式 イヤホン<br />
      運動時に最適<br>
      <span class=""price"">2,045円 (税込)</span></td>
  </tr>
</table>


<br><br><br>

<div style=""width:48%; height:725px; overflow:hidden; border:1px solid #CCC; float:left; margin-right:10px;"">
<img src=""http://www.rakuten.ne.jp/gold/yiprefer/ec-collection/images/ecolle_order.jpg"" width=""100%""><br>

</div>



<div style=""width:48%; overflow:hidden; float:left; height:720px;"">
<img src=""http://www.rakuten.ne.jp/gold/yiprefer/ec-collection/images/ecolle_review.jpg"" width=""100%""><br>
</div>
<br style=""clear:both;""><br><br>",iPhone6S ケース【ゆう】送料無料 極薄 TPUケース iPhone5S 5 iphone se クリア ケース iPhone6 Plus iPhone6S Plus iPhone6 MOTO G4 Plus SONY Xperia XP Galaxy NOTE 7 HUAWEI P9 HUAWEI P9 LITE 耐衝撃 軽量 薄い ASUS Zenfone2 (ZE500CL)スマホカバー：NeverChange楽天市場店,iPhone6S ケース【ゆう】送料無料 極薄 TPUケース iPhone5S 5 iphone se クリア ケース iPhone6 Plus iPhone6S Plus iPhone6 MOTO G4 Plus SONY Xperia XP Galaxy NOTE 7 HUAWEI P9 HUAWEI P9 LITE 耐衝撃 軽量 薄い ASUS Zenfone2 (ZE500CL)スマホカバー,iphone6s ケース iphone 軽量 galaxy 耐衝撃 保護ケース。iPhone6S ケース【ゆう】送料無料 極薄 TPUケース iPhone5S 5 iphone se クリア ケース iPhone6 Plus iPhone6S Plus iPhone6 MOTO G4 Plus SONY Xperia XP Galaxy NOTE 7 HUAWEI P9 HUAWEI P9 LITE 耐衝撃 軽量 薄い ASUS Zenfone2 (ZE500CL)スマホカバー[rn]
23-92287,http://tshop.r10s.jp/gold/yiprefer/images/touroku/ipcase-081_01.jpg?fitin=700:700,1046.4000,,スマートフォン・タブレット > スマートフォンアクセサリー > スマートフォンケース,【ゆう】送料無料 TPU メッキ加工 スマホケース 保護カバー iPhone6S Plus 6 Plus おしゃれ 高級感 スタイリッシュ 頑丈 衝撃吸収 お洒落 可愛い スマホカバー iphone ケース,aihon iphoneカバー ソフト 耐久性 保護 柔軟性 軽量 アイフォン,"<p align=""center"">




<img border=""0"" src=""http://www.rakuten.ne.jp/gold/yiprefer/images/touroku/ipcase-081_01.jpg""><br>
 
<img border=""0"" src=""http://www.rakuten.ne.jp/gold/yiprefer/images/touroku/ipcase-081_02.jpg""><br> 

<img border=""0"" src=""http://www.rakuten.ne.jp/gold/yiprefer/images/touroku/ipcase-081_03.jpg""><br> 

<img border=""0"" src=""http://www.rakuten.ne.jp/gold/yiprefer/images/touroku/ipcase-081_04.jpg""><br> 

<img border=""0"" src=""http://www.rakuten.ne.jp/gold/yiprefer/images/touroku/ipcase-081_05.jpg""><br> 

<img border=""0"" src=""http://www.rakuten.ne.jp/gold/yiprefer/images/touroku/ipcase-081_06.jpg""><br> 

<img border=""0"" src=""http://www.rakuten.ne.jp/gold/yiprefer/images/touroku/ipcase-081_07.jpg""><br> 

<img border=""0"" src=""http://www.rakuten.ne.jp/gold/yiprefer/images/touroku/ipcase-081_08.jpg""><br> <br> 







 


<img border=""0"" src=""http://image.rakuten.co.jp/yiprefer/cabinet/io/s54377878-pr.jpg""/><br>

 
 <img src=""http://image.rakuten.co.jp/yiprefer/cabinet/io/review-pre.jpg"" width=""750"" border=""0"" usemap=""#review"">
 
 
 
<div align=""center""><a href=""http://www.rakuten.ne.jp/gold/yiprefer/delivery.html"" target=""_blank""><img src=""http://image.rakuten.co.jp/yiprefer/cabinet/io/gochuui.jpg"" alt=""ご注文の前に必ずお読みください"" width=""100%"" /></a><br>
 <br>
 <br>
</div>
<br><br><br>
<iframe src=""http://www.rakuten.ne.jp/gold/yiprefer/osusume.html"" scrolling=""no"" width=""790"" frameborder=""0"" height=""820"" > </iframe>
<br>
<br><!--▼ Item Information ここから-->



<div class=""item_stl"">Item Information</div>
<table border=""0"" class=""item_shousai"">
  <tr>
  



  



<th>商品名</th>
   


 <td>TPU メッキ加工 スマホケース 保護カバー </td>
  </tr>
  <tr>
  





  <th>カラー</th>
    <td><p>ブラック/ゴールド/レッド</p></td>
  </tr>
  <tr>
   







 <th>材質</th>
    <td>TPU</td>
  </tr>


 <tr>
<th>対応機種</th>
<td>iPhone6/6s/iPhone6Plus/6S Plus</td>
  <tr> 
  </tr>



  


 <tr>
<th>

発送方法</th>
<td>ゆうパケット送料無料（宅急便の場合は送料540円～を加算）</td>
</tr></table>
<!--▲ Item Information ここまで-->
</div><!-- /item_w -->
<br><br><br><style>
input[value=""お買い物かごに入れる""] {
  background: url(http://www.rakuten.ne.jp/gold/yiprefer/images/bnr/cart_bt.jpg) no-repeat scroll left top rgba(0, 0, 0, 0);
  border: 0 none;
  display: inline-block;
  width: 248px;
  height: 55px;
  overflow: hidden;
  text-indent: -99999px;
  white-space: nowrap;
  margin:5px 0 5px;
}

input[value=""お買い物かごに入れる""]:hover {
  cursor: pointer;
  opacity: 0.6;
}

input {
  font-size: 14px;
  width: auto;
  border:1px solid #333333;
}


#pickup780 td{font-size:12px; text-align:left; width:25%; vertical-align:top; line-height:1.4;}
#pickup780 .price{color:#C00; font-weight:bold;}
#pickup780 td img{width:100%;}
#pickup780 td a{color:#333333;}

/*<!--
body{
background:url(http://image.rakuten.co.jp/yiprefer/cabinet/io/ss-100-440-50off.jpg) repeat-y top right;
}
-->*/
</style>

<br><br><br>
<img src=""http://www.rakuten.ne.jp/gold/yiprefer/images/pickup/pickup_tit780.jpg""><br>
<table width=""780"" border=""0"" cellspacing=""10"" cellpadding=""0"" id=""pickup780"">
  <tr>
    <td><img src=""http://thumbnail.image.rakuten.co.jp/@0_mall/yiprefer/cabinet/03615470/btr-006_01.jpg?_ex=300x300&s=2&r=1"" border=""0"" /><br />【REMAX】5000mAh エイリアンシリーズ モバイルバッテリー<br>
    <span class=""price"">2,440円 (税込)</span></td>
    <td><img src=""http://thumbnail.image.rakuten.co.jp/@0_mall/yiprefer/cabinet/03615470/btr-002_01.jpg?_ex=300x300&s=2&r=1"" border=""0""><br>【REMAX】10000mAh大容量 <br />
リチウムポリマー<br>
<span class=""price"">2,980円 (税込)</span></td>
    <td><img src=""http://thumbnail.image.rakuten.co.jp/@0_mall/yiprefer/cabinet/03615470/stand-016_01.jpg?_ex=300x300&s=2&r=1"" border=""0""><br>
      【REMAX】 iphone7スマートフォン<br />
粘着シール不要 ホルダー<br>
<span class=""price"">750円 (税込)</span></td>
  <td><img src=""https://thumbnail.image.rakuten.co.jp/@0_mall/yiprefer/cabinet/03615470/ipcase-116_01.jpg?_ex=300x300&s=2&r=1"" border=""0""><br> iPhone7/iPhone7 Plus クリアケースかわいい おしゃれ 　<br>
<span class=""price"">750円 (税込)</span></td> </tr>
    <tr> <td><img src=""http://thumbnail.image.rakuten.co.jp/@0_mall/yiprefer/cabinet/03615470/adpt-016_01.jpg?_ex=300x300&s=2&r=1"" border=""0""><br>
      【Baseus】Type C to USB <br />
     変換アダプター<br>
      <span class=""price"">2,760円 (税込)</span></td>  
 <td><img src=""https://thumbnail.image.rakuten.co.jp/@0_mall/yiprefer/cabinet/03615470/stand-033_01.jpg?_ex=300x300&s=2&r=1"" border=""0""><br>360度回転 マグネット iphone7 車載ホルダー<br><span class=""price"">1,880円 (税込)</span></td>
 <td><img src=""https://thumbnail.image.rakuten.co.jp/@0_mall/yiprefer/cabinet/03615470/ipcase-118_01.jpg?_ex=300x300&s=2&r=1"" border=""0""><br>
   iPhone7/iPhone7 plus スタンド付きケース<br>
 <span class=""price"">820円 (税込)</span></td>
    
    
    <td><img src=""http://thumbnail.image.rakuten.co.jp/@0_mall/yiprefer/cabinet/03615470/ep-010_01.jpg?_ex=300x300&s=2&r=1"" border=""0"" /><br>
      【REMAX】カナル式 イヤホン<br />
      運動時に最適<br>
      <span class=""price"">2,045円 (税込)</span></td>
  </tr>
</table>


<br><br><br>

<div style=""width:48%; height:725px; overflow:hidden; border:1px solid #CCC; float:left; margin-right:10px;"">
<img src=""http://www.rakuten.ne.jp/gold/yiprefer/ec-collection/images/ecolle_order.jpg"" width=""100%""><br>

</div>



<div style=""width:48%; overflow:hidden; float:left; height:720px;"">
<img src=""http://www.rakuten.ne.jp/gold/yiprefer/ec-collection/images/ecolle_review.jpg"" width=""100%""><br>
</div>
<br style=""clear:both;""><br><br>",【ゆう】送料無料 TPU メッキ加工 スマホケース 保護カバー iPhone6S Plus 6 Plus おしゃれ 高級感 スタイリッシュ 頑丈 衝撃吸収 お洒落 可愛い スマホカバー iphone ケース：NeverChange楽天市場店,【ゆう】送料無料 TPU メッキ加工 スマホケース 保護カバー iPhone6S Plus 6 Plus おしゃれ 高級感 スタイリッシュ 頑丈 衝撃吸収 お洒落 可愛い スマホカバー iphone ケース,aihon iphoneカバー ソフト 耐久性 保護 柔軟性 軽量 アイフォン。【ゆう】送料無料 TPU メッキ加工 スマホケース 保護カバー iPhone6S Plus 6 Plus おしゃれ 高級感 スタイリッシュ 頑丈 衝撃吸収 お洒落 可愛い スマホカバー iphone ケース[rn]
23-92288,http://tshop.r10s.jp/gold/yiprefer/images/ipcase/ipcase-062-001.jpg?fitin=700:700,2712.0000,,スマートフォン・タブレット > スマートフォンアクセサリー > スマートフォンケース,【ゆう】送料無料 iPhone7 ケース 本革 iPhone7 Plus ケース iphone7ケース レザー iPhone6Plus 本革 財布型 レザーケース 二つ折り アイフォン７ケース 牛革素材 さいふ スマホケース iPhone6 ケース レザー カバー iPhone7 手帳,本革 財布型レザーケース 4.7/5.5インチ 全機種対応ケース,"<img src=""http://www.rakuten.ne.jp/gold/yiprefer/images/ipcase/ipcase-062-001.jpg"">
<img src=""http://image.rakuten.co.jp/yiprefer/cabinet/05072248/imgrc0063498406.jpg"">
<img src=""http://image.rakuten.co.jp/yiprefer/cabinet/05072248/imgrc0063498407.jpg"">
<img src=""http://image.rakuten.co.jp/yiprefer/cabinet/05072248/imgrc0063498408.jpg"">
<img src=""http://image.rakuten.co.jp/yiprefer/cabinet/05072248/imgrc0063498409.jpg"">
<img src=""http://image.rakuten.co.jp/yiprefer/cabinet/05072248/imgrc0063498410.jpg"">
<img src=""http://image.rakuten.co.jp/yiprefer/cabinet/05072248/imgrc0063498411.jpg"">
<img src=""http://image.rakuten.co.jp/yiprefer/cabinet/05072248/imgrc0063498412.jpg"">
<img src=""http://image.rakuten.co.jp/yiprefer/cabinet/05072248/imgrc0063498413.jpg"">
<img src=""http://image.rakuten.co.jp/yiprefer/cabinet/05072248/imgrc0063498414.jpg"">
<img src=""http://image.rakuten.co.jp/yiprefer/cabinet/05072248/imgrc0063498415.jpg"">
<img src=""http://image.rakuten.co.jp/yiprefer/cabinet/05072248/imgrc0063498416.jpg"">
<img src=""http://image.rakuten.co.jp/yiprefer/cabinet/05072248/imgrc0063498417.jpg"">

<img src=""http://image.rakuten.co.jp/yiprefer/cabinet/05206682/imgrc0063642395.jpg"" ><br>
<a href=""http://www.rakuten.ne.jp/gold/yiprefer/delivery.html"" target=""_blank""><img src=""http://image.rakuten.co.jp/yiprefer/cabinet/io/gochuui.jpg"" alt=""ご注文の前に必ずお読みください"" width=""100%"" /></a><br>
  <br>
  <br>

<img src=""http://image.rakuten.co.jp/yiprefer/cabinet/05072248/imgrc0063499698.jpg""><br><br><br>
<iframe src=""http://www.rakuten.ne.jp/gold/yiprefer/osusume.html"" scrolling=""no"" width=""790"" frameborder=""0"" height=""820"" >
</iframe><br><br><style>
input[value=""お買い物かごに入れる""] {
  background: url(http://www.rakuten.ne.jp/gold/yiprefer/images/bnr/cart_bt.jpg) no-repeat scroll left top rgba(0, 0, 0, 0);
  border: 0 none;
  display: inline-block;
  width: 248px;
  height: 55px;
  overflow: hidden;
  text-indent: -99999px;
  white-space: nowrap;
  margin:5px 0 5px;
}

input[value=""お買い物かごに入れる""]:hover {
  cursor: pointer;
  opacity: 0.6;
}

input {
  font-size: 14px;
  width: auto;
  border:1px solid #333333;
}


#pickup780 td{font-size:12px; text-align:left; width:25%; vertical-align:top; line-height:1.4;}
#pickup780 .price{color:#C00; font-weight:bold;}
#pickup780 td img{width:100%;}
#pickup780 td a{color:#333333;}

/*<!--
body{
background:url(http://image.rakuten.co.jp/yiprefer/cabinet/io/ss-100-440-50off.jpg) repeat-y top right;
}
-->*/
</style>

<br><br><br>
<img src=""http://www.rakuten.ne.jp/gold/yiprefer/images/pickup/pickup_tit780.jpg""><br>
<table width=""780"" border=""0"" cellspacing=""10"" cellpadding=""0"" id=""pickup780"">
  <tr>
    <td><img src=""http://thumbnail.image.rakuten.co.jp/@0_mall/yiprefer/cabinet/03615470/btr-006_01.jpg?_ex=300x300&s=2&r=1"" border=""0"" /><br />【REMAX】5000mAh エイリアンシリーズ モバイルバッテリー<br>
    <span class=""price"">2,440円 (税込)</span></td>
    <td><img src=""http://thumbnail.image.rakuten.co.jp/@0_mall/yiprefer/cabinet/03615470/btr-002_01.jpg?_ex=300x300&s=2&r=1"" border=""0""><br>【REMAX】10000mAh大容量 <br />
リチウムポリマー<br>
<span class=""price"">2,980円 (税込)</span></td>
    <td><img src=""http://thumbnail.image.rakuten.co.jp/@0_mall/yiprefer/cabinet/03615470/stand-016_01.jpg?_ex=300x300&s=2&r=1"" border=""0""><br>
      【REMAX】 iphone7スマートフォン<br />
粘着シール不要 ホルダー<br>
<span class=""price"">750円 (税込)</span></td>
  <td><img src=""https://thumbnail.image.rakuten.co.jp/@0_mall/yiprefer/cabinet/03615470/ipcase-116_01.jpg?_ex=300x300&s=2&r=1"" border=""0""><br> iPhone7/iPhone7 Plus クリアケースかわいい おしゃれ 　<br>
<span class=""price"">750円 (税込)</span></td> </tr>
    <tr> <td><img src=""http://thumbnail.image.rakuten.co.jp/@0_mall/yiprefer/cabinet/03615470/adpt-016_01.jpg?_ex=300x300&s=2&r=1"" border=""0""><br>
      【Baseus】Type C to USB <br />
     変換アダプター<br>
      <span class=""price"">2,760円 (税込)</span></td>  
 <td><img src=""https://thumbnail.image.rakuten.co.jp/@0_mall/yiprefer/cabinet/03615470/stand-033_01.jpg?_ex=300x300&s=2&r=1"" border=""0""><br>360度回転 マグネット iphone7 車載ホルダー<br><span class=""price"">1,880円 (税込)</span></td>
 <td><img src=""https://thumbnail.image.rakuten.co.jp/@0_mall/yiprefer/cabinet/03615470/ipcase-118_01.jpg?_ex=300x300&s=2&r=1"" border=""0""><br>
   iPhone7/iPhone7 plus スタンド付きケース<br>
 <span class=""price"">820円 (税込)</span></td>
    
    
    <td><img src=""http://thumbnail.image.rakuten.co.jp/@0_mall/yiprefer/cabinet/03615470/ep-010_01.jpg?_ex=300x300&s=2&r=1"" border=""0"" /><br>
      【REMAX】カナル式 イヤホン<br />
      運動時に最適<br>
      <span class=""price"">2,045円 (税込)</span></td>
  </tr>
</table>


<br><br><br>

<div style=""width:48%; height:725px; overflow:hidden; border:1px solid #CCC; float:left; margin-right:10px;"">
<img src=""http://www.rakuten.ne.jp/gold/yiprefer/ec-collection/images/ecolle_order.jpg"" width=""100%""><br>

</div>



<div style=""width:48%; overflow:hidden; float:left; height:720px;"">
<img src=""http://www.rakuten.ne.jp/gold/yiprefer/ec-collection/images/ecolle_review.jpg"" width=""100%""><br>
</div>
<br style=""clear:both;""><br><br>",【ゆう】送料無料 iPhone7 ケース 本革 iPhone7 Plus ケース iphone7ケース レザー iPhone6Plus 本革 財布型 レザーケース 二つ折り アイフォン７ケース 牛革素材 さいふ スマホケース iPhone6 ケース レザー カバー iPhone7 手帳：NeverChange楽天市場店,【ゆう】送料無料 iPhone7 ケース 本革 iPhone7 Plus ケース iphone7ケース レザー iPhone6Plus 本革 財布型 レザーケース 二つ折り アイフォン７ケース 牛革素材 さいふ スマホケース iPhone6 ケース レザー カバー iPhone7 手帳,本革 財布型レザーケース 4.7/5.5インチ 全機種対応ケース。【ゆう】送料無料 iPhone7 ケース 本革 iPhone7 Plus ケース iphone7ケース レザー iPhone6Plus 本革 財布型 レザーケース 二つ折り アイフォン７ケース 牛革素材 さいふ スマホケース iPhone6 ケース レザー カバー iPhone7 手帳[rn]
23-92289,http://tshop.r10s.jp/yiprefer/cabinet/03615470/ipcase-067_01.jpg?fitin=700:700,1344.0000,,スマートフォン・タブレット > スマートフォンアクセサリー > スマートフォンケース,【ゆう】送料無料 iPhone6 ケース iPhone6s ケース 防水 頑丈 指紋認証対応 防塵 耐衝撃 touch ID アイフォン６カバー iphone6sケース スタンド機能 アウトドア スポーツ ソフトケース iphone6 ケース 防水 耐衝撃 iphone6 plus 防水ケース,iphone6plus/6splusケース防水/防塵/プール/アウトドア,"<div align=""center""><img border=""0"" src=""http://image.rakuten.co.jp/yiprefer/cabinet/03615470/ipcase-067_01.jpg""/><br>
  <img border=""0"" src=""http://image.rakuten.co.jp/yiprefer/cabinet/03615470/ipcase-067_02.jpg""/><br>
  <img border=""0"" src=""http://image.rakuten.co.jp/yiprefer/cabinet/03615470/ipcase-067_03.jpg""/><br>
  <img border=""0"" src=""http://image.rakuten.co.jp/yiprefer/cabinet/03615470/ipcase-067_04.jpg""/><br>

  <img border=""0"" src=""http://image.rakuten.co.jp/yiprefer/cabinet/03615470/ipcase-067_05.jpg""/><br>
  <img border=""0"" src=""http://image.rakuten.co.jp/yiprefer/cabinet/03615470/ipcase-067_06.jpg""/><br>
  <img border=""0"" src=""http://image.rakuten.co.jp/yiprefer/cabinet/03615470/ipcase-067_07.jpg""/><br>
<img border=""0"" src=""http://image.rakuten.co.jp/yiprefer/cabinet/03615470/ipcase-067_08.jpg""/><br>
<img border=""0"" src=""http://image.rakuten.co.jp/yiprefer/cabinet/03615470/ipcase-067_09.jpg""/><br>
<img border=""0"" src=""http://image.rakuten.co.jp/yiprefer/cabinet/03615470/ipcase-067_10.jpg""/><br>

<br />


   
  <!--▼ Item Information ここから-->
  <div class=""item_stl"">Item Information </div>
  <table border=""0"" class=""item_shousai"">
  <tr>
  <th width=""125"">商品名</th>
  <td width=""411"">【ゆうパケット送料無料】iPhone 6/6s 防水　頑丈  指紋認証対応 /防塵 耐衝撃 touch ID/アイフォンカバー　iphoneケース/スタンド機能/レジャー マリン アウトドア スポーツ ソフトケース</td>
  </tr><tr>
  <th>対応機種</th>
  <td>iPhone 6/6s 、iPhone 6/6s Plus</td>
  </tr>
  <tr>
    <th>詳細</th>
    <td>
 

指紋認証技術「Touch ID」対応<br>
PET素材</td>
  </tr> 
  <tr>
  <th>カラー</th>
  <td>ブラック　ピンク　　パープル　ブルー　ホワイト　レッド　グリーン
  
  </td>
  </tr> <tr>
  <th>発送</th>
  <td>ゆうパケット</td>
  </tr></table>
  <!--▲ Item Information ここまで-->
  </div>
  <br>
  <br />
  
  <div align=""center""><a href=""http://www.rakuten.ne.jp/gold/yiprefer/delivery.html"" target=""_blank""><img src=""http://image.rakuten.co.jp/yiprefer/cabinet/io/gochuui.jpg"" alt=""ご注文の前に必ずお読みください"" width=""100%"" /></a><br>
  <br>
  <br>
  </div><br><br><br>
<iframe src=""http://www.rakuten.ne.jp/gold/yiprefer/osusume.html"" scrolling=""no"" width=""790"" frameborder=""0"" height=""820"" >
</iframe><br><br><style>
input[value=""お買い物かごに入れる""] {
  background: url(http://www.rakuten.ne.jp/gold/yiprefer/images/bnr/cart_bt.jpg) no-repeat scroll left top rgba(0, 0, 0, 0);
  border: 0 none;
  display: inline-block;
  width: 248px;
  height: 55px;
  overflow: hidden;
  text-indent: -99999px;
  white-space: nowrap;
  margin:5px 0 5px;
}

input[value=""お買い物かごに入れる""]:hover {
  cursor: pointer;
  opacity: 0.6;
}

input {
  font-size: 14px;
  width: auto;
  border:1px solid #333333;
}


#pickup780 td{font-size:12px; text-align:left; width:25%; vertical-align:top; line-height:1.4;}
#pickup780 .price{color:#C00; font-weight:bold;}
#pickup780 td img{width:100%;}
#pickup780 td a{color:#333333;}

/*<!--
body{
background:url(http://image.rakuten.co.jp/yiprefer/cabinet/io/ss-100-440-50off.jpg) repeat-y top right;
}
-->*/
</style>

<br><br><br>
<img src=""http://www.rakuten.ne.jp/gold/yiprefer/images/pickup/pickup_tit780.jpg""><br>
<table width=""780"" border=""0"" cellspacing=""10"" cellpadding=""0"" id=""pickup780"">
  <tr>
    <td><img src=""http://thumbnail.image.rakuten.co.jp/@0_mall/yiprefer/cabinet/03615470/btr-006_01.jpg?_ex=300x300&s=2&r=1"" border=""0"" /><br />【REMAX】5000mAh エイリアンシリーズ モバイルバッテリー<br>
    <span class=""price"">2,440円 (税込)</span></td>
    <td><img src=""http://thumbnail.image.rakuten.co.jp/@0_mall/yiprefer/cabinet/03615470/btr-002_01.jpg?_ex=300x300&s=2&r=1"" border=""0""><br>【REMAX】10000mAh大容量 <br />
リチウムポリマー<br>
<span class=""price"">2,980円 (税込)</span></td>
    <td><img src=""http://thumbnail.image.rakuten.co.jp/@0_mall/yiprefer/cabinet/03615470/stand-016_01.jpg?_ex=300x300&s=2&r=1"" border=""0""><br>
      【REMAX】 iphone7スマートフォン<br />
粘着シール不要 ホルダー<br>
<span class=""price"">750円 (税込)</span></td>
  <td><img src=""https://thumbnail.image.rakuten.co.jp/@0_mall/yiprefer/cabinet/03615470/ipcase-116_01.jpg?_ex=300x300&s=2&r=1"" border=""0""><br> iPhone7/iPhone7 Plus クリアケースかわいい おしゃれ 　<br>
<span class=""price"">750円 (税込)</span></td> </tr>
    <tr> <td><img src=""http://thumbnail.image.rakuten.co.jp/@0_mall/yiprefer/cabinet/03615470/adpt-016_01.jpg?_ex=300x300&s=2&r=1"" border=""0""><br>
      【Baseus】Type C to USB <br />
     変換アダプター<br>
      <span class=""price"">2,760円 (税込)</span></td>  
 <td><img src=""https://thumbnail.image.rakuten.co.jp/@0_mall/yiprefer/cabinet/03615470/stand-033_01.jpg?_ex=300x300&s=2&r=1"" border=""0""><br>360度回転 マグネット iphone7 車載ホルダー<br><span class=""price"">1,880円 (税込)</span></td>
 <td><img src=""https://thumbnail.image.rakuten.co.jp/@0_mall/yiprefer/cabinet/03615470/ipcase-118_01.jpg?_ex=300x300&s=2&r=1"" border=""0""><br>
   iPhone7/iPhone7 plus スタンド付きケース<br>
 <span class=""price"">820円 (税込)</span></td>
    
    
    <td><img src=""http://thumbnail.image.rakuten.co.jp/@0_mall/yiprefer/cabinet/03615470/ep-010_01.jpg?_ex=300x300&s=2&r=1"" border=""0"" /><br>
      【REMAX】カナル式 イヤホン<br />
      運動時に最適<br>
      <span class=""price"">2,045円 (税込)</span></td>
  </tr>
</table>


<br><br><br>

<div style=""width:48%; height:725px; overflow:hidden; border:1px solid #CCC; float:left; margin-right:10px;"">
<img src=""http://www.rakuten.ne.jp/gold/yiprefer/ec-collection/images/ecolle_order.jpg"" width=""100%""><br>

</div>



<div style=""width:48%; overflow:hidden; float:left; height:720px;"">
<img src=""http://www.rakuten.ne.jp/gold/yiprefer/ec-collection/images/ecolle_review.jpg"" width=""100%""><br>
</div>
<br style=""clear:both;""><br><br>",【ゆう】送料無料 iPhone6 ケース iPhone6s ケース 防水 頑丈 指紋認証対応 防塵 耐衝撃 touch ID アイフォン６カバー iphone6sケース スタンド機能 アウトドア スポーツ ソフトケース iphone6 ケース 防水 耐衝撃 iphone6 plus 防水ケース：NeverChange楽天市場店,【ゆう】送料無料 iPhone6 ケース iPhone6s ケース 防水 頑丈 指紋認証対応 防塵 耐衝撃 touch ID アイフォン６カバー iphone6sケース スタンド機能 アウトドア スポーツ ソフトケース iphone6 ケース 防水 耐衝撃 iphone6 plus 防水ケース,iphone6plus/6splusケース防水/防塵/プール/アウトドア。【ゆう】送料無料 iPhone6 ケース iPhone6s ケース 防水 頑丈 指紋認証対応 防塵 耐衝撃 touch ID アイフォン６カバー iphone6sケース スタンド機能 アウトドア スポーツ ソフトケース iphone6 ケース 防水 耐衝撃 iphone6 plus 防水ケース[rn]
23-92290,http://tshop.r10s.jp/gold/yiprefer/images/touroku/ipcase-089_01.jpg?fitin=700:700,904.0000,,スマートフォン・タブレット > スマートフォンアクセサリー > スマートフォンケース,【ゆう】送料無料 帆布 キャンバス iPhoneケース カバー 保護 耐久性 強度 お洒落 衝撃吸収 可愛い シンプル TPU プレゼントに最適 iphone6 6S 6Plus 6S Plus ケース iphone6s ケース iphone6 ケース キャンパス ケース 頑丈 ケース iphone6 plus ケース,iphone はんぷ 布 アイフォン 軽量 頑丈 衝撃防止 保護ケース,"<p align=""center"">






<img border=""0"" src=""http://www.rakuten.ne.jp/gold/yiprefer/images/touroku/ipcase-089_01.jpg""><br> <img border=""0"" src=""http://www.rakuten.ne.jp/gold/yiprefer/images/touroku/ipcase-089_02.jpg""><br> <img border=""0"" src=""http://www.rakuten.ne.jp/gold/yiprefer/images/touroku/ipcase-089_03.jpg""><br> <img border=""0"" src=""http://www.rakuten.ne.jp/gold/yiprefer/images/touroku/ipcase-089_04.jpg""><br> <img border=""0"" src=""http://www.rakuten.ne.jp/gold/yiprefer/images/touroku/ipcase-089_05.jpg""><br> <img border=""0"" src=""http://www.rakuten.ne.jp/gold/yiprefer/images/touroku/ipcase-089_06.jpg""><br> <img border=""0"" src=""http://www.rakuten.ne.jp/gold/yiprefer/images/touroku/ipcase-089_07.jpg""><br> 



<img border=""0"" src=""http://image.rakuten.co.jp/yiprefer/cabinet/io/s54377878-pr.jpg""/><br>
<img src=""http://image.rakuten.co.jp/yiprefer/cabinet/io/review-pre.jpg"" width=""750"" border=""0"" usemap=""#review"">
<div align=""center""><a href=""http://www.rakuten.ne.jp/gold/yiprefer/delivery.html"" target=""_blank""><img src=""http://image.rakuten.co.jp/yiprefer/cabinet/io/gochuui.jpg"" alt=""ご注文の前に必ずお読みください"" width=""100%"" /></a><br>
 <br>
 <br>
</div>

<br><br>
<iframe src=""http://www.rakuten.ne.jp/gold/yiprefer/osusume.html"" scrolling=""no"" width=""790"" frameborder=""0"" height=""820"" > </iframe>
<br>
<br><!--▼ Item Information ここから-->
<div class=""item_stl"">Item Information</div>
<table border=""0"" class=""item_shousai"">
 











<tr>
    










<th>商品名</th>
    <td>帆布 キャンバス iPhoneケース 保護カバー </td>
  </tr>
  <tr>
    




<th>カラー</th>
    <td>ブラウン/レッド/グレー/ブルー</td>
  </tr>
  <tr>
  


<th>材質</th>
    <td>TPU/PC/帆布</td>
  </tr>
  <tr>
  


 <tr>
<th>発送方法</th>
<td>ゆうパケット送料無料（宅急便の場合は送料540円～を加算）</td>
</tr></table>




<!--▲ Item Information ここまで-->
</div><!-- /item_w -->
<br><br><br><style>
input[value=""お買い物かごに入れる""] {
  background: url(http://www.rakuten.ne.jp/gold/yiprefer/images/bnr/cart_bt.jpg) no-repeat scroll left top rgba(0, 0, 0, 0);
  border: 0 none;
  display: inline-block;
  width: 248px;
  height: 55px;
  overflow: hidden;
  text-indent: -99999px;
  white-space: nowrap;
  margin:5px 0 5px;
}

input[value=""お買い物かごに入れる""]:hover {
  cursor: pointer;
  opacity: 0.6;
}

input {
  font-size: 14px;
  width: auto;
  border:1px solid #333333;
}


#pickup780 td{font-size:12px; text-align:left; width:25%; vertical-align:top; line-height:1.4;}
#pickup780 .price{color:#C00; font-weight:bold;}
#pickup780 td img{width:100%;}
#pickup780 td a{color:#333333;}

/*<!--
body{
background:url(http://image.rakuten.co.jp/yiprefer/cabinet/io/ss-100-440-50off.jpg) repeat-y top right;
}
-->*/
</style>

<br><br><br>
<img src=""http://www.rakuten.ne.jp/gold/yiprefer/images/pickup/pickup_tit780.jpg""><br>
<table width=""780"" border=""0"" cellspacing=""10"" cellpadding=""0"" id=""pickup780"">
  <tr>
    <td><img src=""http://thumbnail.image.rakuten.co.jp/@0_mall/yiprefer/cabinet/03615470/btr-006_01.jpg?_ex=300x300&s=2&r=1"" border=""0"" /><br />【REMAX】5000mAh エイリアンシリーズ モバイルバッテリー<br>
    <span class=""price"">2,440円 (税込)</span></td>
    <td><img src=""http://thumbnail.image.rakuten.co.jp/@0_mall/yiprefer/cabinet/03615470/btr-002_01.jpg?_ex=300x300&s=2&r=1"" border=""0""><br>【REMAX】10000mAh大容量 <br />
リチウムポリマー<br>
<span class=""price"">2,980円 (税込)</span></td>
    <td><img src=""http://thumbnail.image.rakuten.co.jp/@0_mall/yiprefer/cabinet/03615470/stand-016_01.jpg?_ex=300x300&s=2&r=1"" border=""0""><br>
      【REMAX】 iphone7スマートフォン<br />
粘着シール不要 ホルダー<br>
<span class=""price"">750円 (税込)</span></td>
  <td><img src=""https://thumbnail.image.rakuten.co.jp/@0_mall/yiprefer/cabinet/03615470/ipcase-116_01.jpg?_ex=300x300&s=2&r=1"" border=""0""><br> iPhone7/iPhone7 Plus クリアケースかわいい おしゃれ 　<br>
<span class=""price"">750円 (税込)</span></td> </tr>
    <tr> <td><img src=""http://thumbnail.image.rakuten.co.jp/@0_mall/yiprefer/cabinet/03615470/adpt-016_01.jpg?_ex=300x300&s=2&r=1"" border=""0""><br>
      【Baseus】Type C to USB <br />
     変換アダプター<br>
      <span class=""price"">2,760円 (税込)</span></td>  
 <td><img src=""https://thumbnail.image.rakuten.co.jp/@0_mall/yiprefer/cabinet/03615470/stand-033_01.jpg?_ex=300x300&s=2&r=1"" border=""0""><br>360度回転 マグネット iphone7 車載ホルダー<br><span class=""price"">1,880円 (税込)</span></td>
 <td><img src=""https://thumbnail.image.rakuten.co.jp/@0_mall/yiprefer/cabinet/03615470/ipcase-118_01.jpg?_ex=300x300&s=2&r=1"" border=""0""><br>
   iPhone7/iPhone7 plus スタンド付きケース<br>
 <span class=""price"">820円 (税込)</span></td>
    
    
    <td><img src=""http://thumbnail.image.rakuten.co.jp/@0_mall/yiprefer/cabinet/03615470/ep-010_01.jpg?_ex=300x300&s=2&r=1"" border=""0"" /><br>
      【REMAX】カナル式 イヤホン<br />
      運動時に最適<br>
      <span class=""price"">2,045円 (税込)</span></td>
  </tr>
</table>


<br><br><br>

<div style=""width:48%; height:725px; overflow:hidden; border:1px solid #CCC; float:left; margin-right:10px;"">
<img src=""http://www.rakuten.ne.jp/gold/yiprefer/ec-collection/images/ecolle_order.jpg"" width=""100%""><br>

</div>



<div style=""width:48%; overflow:hidden; float:left; height:720px;"">
<img src=""http://www.rakuten.ne.jp/gold/yiprefer/ec-collection/images/ecolle_review.jpg"" width=""100%""><br>
</div>
<br style=""clear:both;""><br><br>",【ゆう】送料無料 帆布 キャンバス iPhoneケース カバー 保護 耐久性 強度 お洒落 衝撃吸収 可愛い シンプル TPU プレゼントに最適 iphone6 6S 6Plus 6S Plus ケース iphone6s ケース iphone6 ケース キャンパス ケース 頑丈 ケース iphone6 plus ケース：NeverChange楽天市場店,【ゆう】送料無料 帆布 キャンバス iPhoneケース カバー 保護 耐久性 強度 お洒落 衝撃吸収 可愛い シンプル TPU プレゼントに最適 iphone6 6S 6Plus 6S Plus ケース iphone6s ケース iphone6 ケース キャンパス ケース 頑丈 ケース iphone6 plus ケース,iphone はんぷ 布 アイフォン 軽量 頑丈 衝撃防止 保護ケース。【ゆう】送料無料 帆布 キャンバス iPhoneケース カバー 保護 耐久性 強度 お洒落 衝撃吸収 可愛い シンプル TPU プレゼントに最適 iphone6 6S 6Plus 6S Plus ケース iphone6s ケース iphone6 ケース キャンパス ケース 頑丈 ケース iphone6 plus ケース[rn]
23-92291,http://tshop.r10s.jp/gold/yiprefer/images/ipcase/ipcase-082_r_01.jpg?fitin=700:700,1432.0000,,スマートフォン・タブレット > スマートフォンアクセサリー > スマートフォンケース,iPhone7ケース 手帳型【ゆう】iPhone6S ケースiphone6splus ケース iphone7 plus レザー galaxy s7 edge ケース 手帳型 革 スタンド機能 マグネット iphone6sケース 手帳型 オシャレ huawei p9 iphone6 手帳型 カバー Xperia Z5ケース 革 耐衝撃 軽量,iPhone7 カード収納　ビジネスシーン iphone7 plus ケース,"<div align=""center"">
<img border=""0"" src=""http://www.rakuten.ne.jp/gold/yiprefer/images/ipcase/ipcase-082_r_01.jpg""/><br>
  <img border=""0"" src=""http://www.rakuten.ne.jp/gold/yiprefer/images/ipcase/ipcase-082_r_02.jpg""/><br>
  <img border=""0"" src=""http://www.rakuten.ne.jp/gold/yiprefer/images/ipcase/ipcase-082_r_03.jpg""/><br>
  <img border=""0"" src=""http://www.rakuten.ne.jp/gold/yiprefer/images/ipcase/ipcase-082_r_04.jpg""/><br>

  <img border=""0"" src=""http://www.rakuten.ne.jp/gold/yiprefer/images/ipcase/ipcase-082_r_05.jpg""/><br>
  <img border=""0"" src=""http://www.rakuten.ne.jp/gold/yiprefer/images/ipcase/ipcase-082_r_06.jpg""/><br>
  <img border=""0"" src=""http://www.rakuten.ne.jp/gold/yiprefer/images/ipcase/ipcase-082_r_07.jpg""/><br>
<img border=""0"" src=""http://www.rakuten.ne.jp/gold/yiprefer/images/ipcase/ipcase-082_r_08.jpg""/><br>
<img border=""0"" src=""http://www.rakuten.ne.jp/gold/yiprefer/images/ipcase/ipcase-082_r_09.jpg""/><br>
<img border=""0"" src=""http://www.rakuten.ne.jp/gold/yiprefer/images/ipcase/ipcase-082_r_10.jpg""/><br>
<img border=""0"" src=""http://www.rakuten.ne.jp/gold/yiprefer/images/ipcase/ipcase-082_r_11.jpg""/><br>
<img border=""0"" src=""http://www.rakuten.ne.jp/gold/yiprefer/images/ipcase/ipcase-082_r_12.jpg""/><br>
<img border=""0"" src=""http://www.rakuten.ne.jp/gold/yiprefer/images/ipcase/ipcase-082_r_13.jpg""/><br>
<img border=""0"" src=""http://image.rakuten.co.jp/yiprefer/cabinet/05206682/imgrc0063929522.jpg""/><br>

<br />


   
  <!--▼ Item Information ここから-->
  <div class=""item_stl"">Item Information </div>
  <table border=""0"" class=""item_shousai"">
  <tr>
  <th width=""125"">商品名</th>
  <td width=""411"">【ゆうパケット送料無料】手帳型 スタンド機能付き 保護ケース スマホカバー</td>
  </tr><tr>
  <th>対応機種</th>
  <td>iPhone7/7 Plus/iPhone6/6s/iPhone6Plus/6S Plus/Galaxy S7 Edge/HUAWEI P9/Xperia Z5</td>
  </tr>
  <tr>
    <th>詳細</th>
    <td>
 

材質：PUレザー</td>
  </tr> 
  <tr>
  <th>カラー</th>
  <td>ブラウン/ブラック/ホワイト/レッド
  
  </td>
  </tr> <tr>
  <th>発送</th>
  <td>ゆうパケット</td>
  </tr></table>
  <!--▲ Item Information ここまで-->
  </div>
  <br>
  <br />
  
  <div align=""center""><a href=""http://www.rakuten.ne.jp/gold/yiprefer/delivery.html"" target=""_blank""><img src=""http://image.rakuten.co.jp/yiprefer/cabinet/io/gochuui.jpg"" alt=""ご注文の前に必ずお読みください"" width=""100%"" /></a><br>
  <br>
  <br>
  </div><br><br><br>
<iframe src=""http://www.rakuten.ne.jp/gold/yiprefer/osusume.html"" scrolling=""no"" width=""790"" frameborder=""0"" height=""860"" >
</iframe><br><br><!--▼ Item Information ここから-->



<div class=""item_stl"">Item Information</div>
<table border=""0"" class=""item_shousai"">
  <tr>
  



  



<th>商品名</th>
   


 <td>手帳型 スタンド機能付き 保護ケース スマホカバー </td>
  </tr>
  <tr>
  





  <th>カラー</th>
    <td><p>ブラウン/ブラック/ホワイト/レッド</p></td>
  </tr>
  <tr>
   







 <th>材質</th>
    <td>PUレザー</td>
  </tr>


 <tr>
<th>対応機種</th>
<td>iPhone6/6s/iPhone6Plus/6S Plus/Galaxy S7 Edge</td>
  <tr> 
  </tr>



  


 <tr>
<th>

発送方法</th>
<td>ゆうパケット/宅急便</td>
</tr></table>
<!--▲ Item Information ここまで-->
</div><!-- /item_w -->
<br><br><br><style>
input[value=""お買い物かごに入れる""] {
  background: url(http://www.rakuten.ne.jp/gold/yiprefer/images/bnr/cart_bt.jpg) no-repeat scroll left top rgba(0, 0, 0, 0);
  border: 0 none;
  display: inline-block;
  width: 248px;
  height: 55px;
  overflow: hidden;
  text-indent: -99999px;
  white-space: nowrap;
  margin:5px 0 5px;
}

input[value=""お買い物かごに入れる""]:hover {
  cursor: pointer;
  opacity: 0.6;
}

input {
  font-size: 14px;
  width: auto;
  border:1px solid #333333;
}


#pickup780 td{font-size:12px; text-align:left; width:25%; vertical-align:top; line-height:1.4;}
#pickup780 .price{color:#C00; font-weight:bold;}
#pickup780 td img{width:100%;}
#pickup780 td a{color:#333333;}

/*<!--
body{
background:url(http://image.rakuten.co.jp/yiprefer/cabinet/io/ss-100-440-50off.jpg) repeat-y top right;
}
-->*/
</style>

<br><br><br>
<img src=""http://www.rakuten.ne.jp/gold/yiprefer/images/pickup/pickup_tit780.jpg""><br>
<table width=""780"" border=""0"" cellspacing=""10"" cellpadding=""0"" id=""pickup780"">
  <tr>
    <td><img src=""http://thumbnail.image.rakuten.co.jp/@0_mall/yiprefer/cabinet/03615470/btr-006_01.jpg?_ex=300x300&s=2&r=1"" border=""0"" /><br />【REMAX】5000mAh エイリアンシリーズ モバイルバッテリー<br>
    <span class=""price"">2,440円 (税込)</span></td>
    <td><img src=""http://thumbnail.image.rakuten.co.jp/@0_mall/yiprefer/cabinet/03615470/btr-002_01.jpg?_ex=300x300&s=2&r=1"" border=""0""><br>【REMAX】10000mAh大容量 <br />
リチウムポリマー<br>
<span class=""price"">2,980円 (税込)</span></td>
    <td><img src=""http://thumbnail.image.rakuten.co.jp/@0_mall/yiprefer/cabinet/03615470/stand-016_01.jpg?_ex=300x300&s=2&r=1"" border=""0""><br>
      【REMAX】 iphone7スマートフォン<br />
粘着シール不要 ホルダー<br>
<span class=""price"">750円 (税込)</span></td>
  <td><img src=""https://thumbnail.image.rakuten.co.jp/@0_mall/yiprefer/cabinet/03615470/ipcase-116_01.jpg?_ex=300x300&s=2&r=1"" border=""0""><br> iPhone7/iPhone7 Plus クリアケースかわいい おしゃれ 　<br>
<span class=""price"">750円 (税込)</span></td> </tr>
    <tr> <td><img src=""http://thumbnail.image.rakuten.co.jp/@0_mall/yiprefer/cabinet/03615470/adpt-016_01.jpg?_ex=300x300&s=2&r=1"" border=""0""><br>
      【Baseus】Type C to USB <br />
     変換アダプター<br>
      <span class=""price"">2,760円 (税込)</span></td>  
 <td><img src=""https://thumbnail.image.rakuten.co.jp/@0_mall/yiprefer/cabinet/03615470/stand-033_01.jpg?_ex=300x300&s=2&r=1"" border=""0""><br>360度回転 マグネット iphone7 車載ホルダー<br><span class=""price"">1,880円 (税込)</span></td>
 <td><img src=""https://thumbnail.image.rakuten.co.jp/@0_mall/yiprefer/cabinet/03615470/ipcase-118_01.jpg?_ex=300x300&s=2&r=1"" border=""0""><br>
   iPhone7/iPhone7 plus スタンド付きケース<br>
 <span class=""price"">820円 (税込)</span></td>
    
    
    <td><img src=""http://thumbnail.image.rakuten.co.jp/@0_mall/yiprefer/cabinet/03615470/ep-010_01.jpg?_ex=300x300&s=2&r=1"" border=""0"" /><br>
      【REMAX】カナル式 イヤホン<br />
      運動時に最適<br>
      <span class=""price"">2,045円 (税込)</span></td>
  </tr>
</table>


<br><br><br>

<div style=""width:48%; height:725px; overflow:hidden; border:1px solid #CCC; float:left; margin-right:10px;"">
<img src=""http://www.rakuten.ne.jp/gold/yiprefer/ec-collection/images/ecolle_order.jpg"" width=""100%""><br>

</div>



<div style=""width:48%; overflow:hidden; float:left; height:720px;"">
<img src=""http://www.rakuten.ne.jp/gold/yiprefer/ec-collection/images/ecolle_review.jpg"" width=""100%""><br>
</div>
<br style=""clear:both;""><br><br>",iPhone7ケース 手帳型【ゆう】iPhone6S ケースiphone6splus ケース iphone7 plus レザー galaxy s7 edge ケース 手帳型 革 スタンド機能 マグネット iphone6sケース 手帳型 オシャレ huawei p9 iphone6 手帳型 カバー Xperia Z5ケース 革 耐衝撃 軽量：NeverChange楽天市場店,iPhone7ケース 手帳型【ゆう】iPhone6S ケースiphone6splus ケース iphone7 plus レザー galaxy s7 edge ケース 手帳型 革 スタンド機能 マグネット iphone6sケース 手帳型 オシャレ huawei p9 iphone6 手帳型 カバー Xperia Z5ケース 革 耐衝撃 軽量,iPhone7 カード収納　ビジネスシーン iphone7 plus ケース。iPhone7ケース 手帳型【ゆう】iPhone6S ケースiphone6splus ケース iphone7 plus レザー galaxy s7 edge ケース 手帳型 革 スタンド機能 マグネット iphone6sケース 手帳型 オシャレ huawei p9 iphone6 手帳型 カバー Xperia Z5ケース 革 耐衝撃 軽量[rn]
23-92292,http://tshop.r10s.jp/gold/yiprefer/images/ipcase/ipcase-066_r_01.jpg?fitin=700:700,1160.0000,,スマートフォン・タブレット > スマートフォンアクセサリー > スマートフォンケース,【ゆう】送料無料 iphone6s ケース 手帳型 iphone6s plus 手帳型 アイフォン６ｓ 窓付き iphone6 手帳 ケース おもしろ iphone6 plus 木目調 ケース 薄い iphone6 カバー スタンド機能 iphone6s ケース 耐衝撃 手帳 かわいい iphones6s plus ケース 頑丈,iphone6s 手帳型 ケース 木目調 かわいい iphone6splus ケース,"<div align=""center"">
<img border=""0"" src=""http://www.rakuten.ne.jp/gold/yiprefer/images/ipcase/ipcase-066_r_01.jpg""/><br>
  <img border=""0"" src=""http://www.rakuten.ne.jp/gold/yiprefer/images/ipcase/ipcase-066_r_02.jpg""/><br>
  <img border=""0"" src=""http://www.rakuten.ne.jp/gold/yiprefer/images/ipcase/ipcase-066_r_03.jpg""/><br>
  <img border=""0"" src=""http://www.rakuten.ne.jp/gold/yiprefer/images/ipcase/ipcase-066_r_04.jpg""/><br>

  <img border=""0"" src=""http://www.rakuten.ne.jp/gold/yiprefer/images/ipcase/ipcase-066_r_05.jpg""/><br>
  <img border=""0"" src=""http://www.rakuten.ne.jp/gold/yiprefer/images/ipcase/ipcase-066_r_06.jpg""/><br>
  <img border=""0"" src=""http://www.rakuten.ne.jp/gold/yiprefer/images/ipcase/ipcase-066_r_07.jpg""/><br>
<img border=""0"" src=""http://www.rakuten.ne.jp/gold/yiprefer/images/ipcase/ipcase-066_r_08.jpg""/><br>
<img border=""0"" src=""http://www.rakuten.ne.jp/gold/yiprefer/images/ipcase/ipcase-066_r_09.jpg""/><br>
<img border=""0"" src=""http://www.rakuten.ne.jp/gold/yiprefer/images/ipcase/ipcase-066_r_10.jpg""/><br>
<img border=""0"" src=""http://www.rakuten.ne.jp/gold/yiprefer/images/ipcase/ipcase-066_r_11.jpg""/><br>
<img border=""0"" src=""http://www.rakuten.ne.jp/gold/yiprefer/images/ipcase/ipcase-066_r_12.jpg""/><br>
<img border=""0"" src=""http://www.rakuten.ne.jp/gold/yiprefer/images/ipcase/ipcase-066_r_13.jpg""/><br>

<!--<img border=""0"" src=""http://www.rakuten.ne.jp/gold/yiprefer/images/ipcase/ipcase-066_r_09.jpg""/><br>
<img border=""0"" src=""http://www.rakuten.ne.jp/gold/yiprefer/images/ipcase/ipcase-066_10.jpg""/><br> -->

<br />


   
  <!--▼ Item Information ここから-->
  <div class=""item_stl"">Item Information </div>
  <table border=""0"" class=""item_shousai"">
  <tr>
  <th width=""125"">商品名</th>
  <td width=""411"">【ゆうパケット送料無料】iPhone6 iPhone6plus Galaxy S7 Edgeアイフォン/窓付き/手帳型/木目調　iphone6/6s iphone6plus/6splusケース/iphoneカバー/スタンド機能</td>
  </tr><tr>
  <th>対応機種</th>
  <td>iPhone 6/6s/iPhone 6/6s Plus/Galaxy S7 Edge</td>
  </tr>
  <tr>
    <th>詳細</th>
    <td>
 

材質：ポリウレタン</td>
  </tr> 
  <tr>
  <th>カラー</th>
  <td>スペースグレー、ローズピンク、シャンパンゴールド
  
  </td>
  </tr> <tr>
  <th>発送</th>
  <td>ゆうパケット</td>
  </tr></table>
  <!--▲ Item Information ここまで-->
  </div>
  <br>
  <br />
  
  <div align=""center""><a href=""http://www.rakuten.ne.jp/gold/yiprefer/delivery.html"" target=""_blank""><img src=""http://image.rakuten.co.jp/yiprefer/cabinet/io/gochuui.jpg"" alt=""ご注文の前に必ずお読みください"" width=""100%"" /></a><br>
  <br>
  <br>
  </div><br><br><br>
<iframe src=""http://www.rakuten.ne.jp/gold/yiprefer/osusume.html"" scrolling=""no"" width=""790"" frameborder=""0"" height=""840"" >
</iframe><br><br><style>
input[value=""お買い物かごに入れる""] {
  background: url(http://www.rakuten.ne.jp/gold/yiprefer/images/bnr/cart_bt.jpg) no-repeat scroll left top rgba(0, 0, 0, 0);
  border: 0 none;
  display: inline-block;
  width: 248px;
  height: 55px;
  overflow: hidden;
  text-indent: -99999px;
  white-space: nowrap;
  margin:5px 0 5px;
}

input[value=""お買い物かごに入れる""]:hover {
  cursor: pointer;
  opacity: 0.6;
}

input {
  font-size: 14px;
  width: auto;
  border:1px solid #333333;
}


#pickup780 td{font-size:12px; text-align:left; width:25%; vertical-align:top; line-height:1.4;}
#pickup780 .price{color:#C00; font-weight:bold;}
#pickup780 td img{width:100%;}
#pickup780 td a{color:#333333;}

/*<!--
body{
background:url(http://image.rakuten.co.jp/yiprefer/cabinet/io/ss-100-440-50off.jpg) repeat-y top right;
}
-->*/
</style>

<br><br><br>
<img src=""http://www.rakuten.ne.jp/gold/yiprefer/images/pickup/pickup_tit780.jpg""><br>
<table width=""780"" border=""0"" cellspacing=""10"" cellpadding=""0"" id=""pickup780"">
  <tr>
    <td><img src=""http://thumbnail.image.rakuten.co.jp/@0_mall/yiprefer/cabinet/03615470/btr-006_01.jpg?_ex=300x300&s=2&r=1"" border=""0"" /><br />【REMAX】5000mAh エイリアンシリーズ モバイルバッテリー<br>
    <span class=""price"">2,440円 (税込)</span></td>
    <td><img src=""http://thumbnail.image.rakuten.co.jp/@0_mall/yiprefer/cabinet/03615470/btr-002_01.jpg?_ex=300x300&s=2&r=1"" border=""0""><br>【REMAX】10000mAh大容量 <br />
リチウムポリマー<br>
<span class=""price"">2,980円 (税込)</span></td>
    <td><img src=""http://thumbnail.image.rakuten.co.jp/@0_mall/yiprefer/cabinet/03615470/stand-016_01.jpg?_ex=300x300&s=2&r=1"" border=""0""><br>
      【REMAX】 iphone7スマートフォン<br />
粘着シール不要 ホルダー<br>
<span class=""price"">750円 (税込)</span></td>
  <td><img src=""https://thumbnail.image.rakuten.co.jp/@0_mall/yiprefer/cabinet/03615470/ipcase-116_01.jpg?_ex=300x300&s=2&r=1"" border=""0""><br> iPhone7/iPhone7 Plus クリアケースかわいい おしゃれ 　<br>
<span class=""price"">750円 (税込)</span></td> </tr>
    <tr> <td><img src=""http://thumbnail.image.rakuten.co.jp/@0_mall/yiprefer/cabinet/03615470/adpt-016_01.jpg?_ex=300x300&s=2&r=1"" border=""0""><br>
      【Baseus】Type C to USB <br />
     変換アダプター<br>
      <span class=""price"">2,760円 (税込)</span></td>  
 <td><img src=""https://thumbnail.image.rakuten.co.jp/@0_mall/yiprefer/cabinet/03615470/stand-033_01.jpg?_ex=300x300&s=2&r=1"" border=""0""><br>360度回転 マグネット iphone7 車載ホルダー<br><span class=""price"">1,880円 (税込)</span></td>
 <td><img src=""https://thumbnail.image.rakuten.co.jp/@0_mall/yiprefer/cabinet/03615470/ipcase-118_01.jpg?_ex=300x300&s=2&r=1"" border=""0""><br>
   iPhone7/iPhone7 plus スタンド付きケース<br>
 <span class=""price"">820円 (税込)</span></td>
    
    
    <td><img src=""http://thumbnail.image.rakuten.co.jp/@0_mall/yiprefer/cabinet/03615470/ep-010_01.jpg?_ex=300x300&s=2&r=1"" border=""0"" /><br>
      【REMAX】カナル式 イヤホン<br />
      運動時に最適<br>
      <span class=""price"">2,045円 (税込)</span></td>
  </tr>
</table>


<br><br><br>

<div style=""width:48%; height:725px; overflow:hidden; border:1px solid #CCC; float:left; margin-right:10px;"">
<img src=""http://www.rakuten.ne.jp/gold/yiprefer/ec-collection/images/ecolle_order.jpg"" width=""100%""><br>

</div>



<div style=""width:48%; overflow:hidden; float:left; height:720px;"">
<img src=""http://www.rakuten.ne.jp/gold/yiprefer/ec-collection/images/ecolle_review.jpg"" width=""100%""><br>
</div>
<br style=""clear:both;""><br><br>",【ゆう】送料無料 iphone6s ケース 手帳型 iphone6s plus 手帳型 アイフォン６ｓ 窓付き iphone6 手帳 ケース おもしろ iphone6 plus 木目調 ケース 薄い iphone6 カバー スタンド機能 iphone6s ケース 耐衝撃 手帳 かわいい iphones6s plus ケース 頑丈：NeverChange楽天市場店,【ゆう】送料無料 iphone6s ケース 手帳型 iphone6s plus 手帳型 アイフォン６ｓ 窓付き iphone6 手帳 ケース おもしろ iphone6 plus 木目調 ケース 薄い iphone6 カバー スタンド機能 iphone6s ケース 耐衝撃 手帳 かわいい iphones6s plus ケース 頑丈,iphone6s 手帳型 ケース 木目調 かわいい iphone6splus ケース。【ゆう】送料無料 iphone6s ケース 手帳型 iphone6s plus 手帳型 アイフォン６ｓ 窓付き iphone6 手帳 ケース おもしろ iphone6 plus 木目調 ケース 薄い iphone6 カバー スタンド機能 iphone6s ケース 耐衝撃 手帳 かわいい iphones6s plus ケース 頑丈[rn]
23-92293,http://tshop.r10s.jp/gold/yiprefer/images/ipcase/ipcase-107_r_01.jpg?fitin=700:700,1264.0000,,スマートフォン・タブレット > スマートフォンアクセサリー > スマートフォンケース,iphone7ケース 手帳型 iphone6sケース おしゃれ カード入れ iphone6 ケース 手帳型 オシャレ xperia xp ケース かわいい xperia z5 premium galaxy s7 edge ケース 手帳型 革 moto g4 plus ケース 手帳 iPhone7 Plus カバー レザーケース 軽量 薄い,iPhone6/6S iphone7 横開き 収納 galaxy スマホン保護ケース,"<div align=""center""><img border=""0"" src=""http://www.rakuten.ne.jp/gold/yiprefer/images/ipcase/ipcase-107_r_01.jpg""/><br>
<img border=""0"" src=""http://www.rakuten.ne.jp/gold/yiprefer/images/ipcase/ipcase-107_r_02.jpg""/><br>
 <img border=""0"" src=""http://www.rakuten.ne.jp/gold/yiprefer/images/ipcase/ipcase-107_r_03.jpg""/><br>
 <img border=""0"" src=""http://www.rakuten.ne.jp/gold/yiprefer/images/ipcase/ipcase-107_r_04.jpg""/><br>

 <img border=""0"" src=""http://www.rakuten.ne.jp/gold/yiprefer/images/ipcase/ipcase-107_r_05.jpg""/><br>

 <img border=""0"" src=""http://www.rakuten.ne.jp/gold/yiprefer/images/ipcase/ipcase-107_r_06.jpg""/><br>
 <img border=""0"" src=""http://www.rakuten.ne.jp/gold/yiprefer/images/ipcase/ipcase-107_r_07.jpg""/><br>
<img border=""0"" src=""http://www.rakuten.ne.jp/gold/yiprefer/images/ipcase/ipcase-107_r_08.jpg""/><br>

 <img border=""0"" src=""http://www.rakuten.ne.jp/gold/yiprefer/images/ipcase/ipcase-107_r_09.jpg""/><br>
<img border=""0"" src=""http://www.rakuten.ne.jp/gold/yiprefer/images/ipcase/ipcase-107_r_10.jpg""/><br>
<img border=""0"" src=""http://www.rakuten.ne.jp/gold/yiprefer/images/ipcase/ipcase-107_r_11.jpg""/><br>
<img border=""0"" src=""http://www.rakuten.ne.jp/gold/yiprefer/images/ipcase/ipcase-107_r_12.jpg""/><br>

 <img border=""0"" src=""http://www.rakuten.ne.jp/gold/yiprefer/images/ipcase/ipcase-107_r_13.jpg""/><br>
 
<img border=""0"" src=""http://www.rakuten.ne.jp/gold/yiprefer/images/ipcase/ipcase-107_r_14.jpg""/><br>
<br />
<img border=""0"" src=""http://www.rakuten.ne.jp/gold/yiprefer/images/ipcase/ipcase-107_r_15.jpg""/><br>
<br />
<img border=""0"" src=""http://www.rakuten.ne.jp/gold/yiprefer/images/ipcase/ipcase-107_r_16.jpg""/><br>
<br />
<img border=""0"" src=""http://www.rakuten.ne.jp/gold/yiprefer/images/ipcase/ipcase-107_r_17.jpg""/><br>
<br />

 <img border=""0"" src=""http://www.rakuten.ne.jp/gold/yiprefer/images/present-handkerchief.jpg""/><br>


<img src=""http://image.rakuten.co.jp/yiprefer/cabinet/io/review-pre.jpg"" width=""750"" border=""0"" usemap=""#review"">




 <div align=""center""><a href=""http://www.rakuten.ne.jp/gold/yiprefer/delivery.html"" target=""_blank""><img src=""http://image.rakuten.co.jp/yiprefer/cabinet/io/gochuui.jpg"" alt=""ご注文の前に必ずお読みください"" width=""100%"" /></a><br>
</div><br>
<iframe src=""http://www.rakuten.ne.jp/gold/yiprefer/osusume.html"" scrolling=""no"" width=""790"" frameborder=""0"" height=""820"" > </iframe>
<br><br>
<br>
<br>
</div><br><br>
<br><br>
<table border=""0"" class=""item_shousai"">
<tr>
<th width=""58"">商品名</th>
<td width=""820""><span class=""item_name_bg"">iPhone7 手帳型 ケース【ゆう】送料無料 iphone6s ケース 手帳型 おしゃれ カード入れ iphone6 ケース 手帳型 オシャレ xperia xp ケース かわいい xperia z5 premium ケース galaxy s7 edge ケース 手帳型 革 moto g4 plus ケース 手帳型S7 Edge カバー 手帳型 レザーケース レザーカバー カード入れ 横開き スリム 薄型 ブラック ホワイト レッド ブラウン PUレザー ポリカーボネート　</span></td>
</tr><tr>
<th>対応機種</th>
<td>iPhone7/7 Plus/iPhone6/6S/iPhone6 Plus/6S Plus/HUAWEI P9 LITE/ASUS ZenFone 3（ZE552KL/Xperia XP/Xperia Z5 Preminu/Galaxy　S7 edge/Galaxy NOTE 7/MOTO G4 Plus/HUAWEI MATE9</td>
</tr><tr>
<th>商品スペック</th>
<td><p>iPhone7ケース 耐衝撃 iphone7 ケース 手帳型 iphone7 ケース レザー iphone7 ケース おもしろ iphone7 plus ケース 手帳型 かわいい iphone7 plus ケース 手帳型 おしゃれ iphone7ケース カード収納 iphone7ケース 手帳 moto g4 plus ケース xperia z5 premium   ケース 手帳型 おしゃれ iphone6s ケース ハードケース iphone6sケース 手帳型 オシャレ iphone6s plus ケース iphone6 plus iphone6s ケース galaxy s7 edge ケース 革 galaxy s7 edge ケース 手帳型 galaxy s7 edge カバー 手帳型 huawei p9 lite ケース 手帳 huawei mate9 ケース 手帳型 asus zenfone3 手帳型 ケース xperia z5ケース 手帳 xperia xp ケース オシャレ</p>
  <p>◎シンプルで飽きのこないデザインと本革仕上げの高級感で、洗練された大人のアイテムとしての魅力十分です。<br>
    ◎本スリムケースはできるだけiPhone 6s / iPhone 6特有の薄さと軽さを損なわないようにデザインされて、<br>
アイフォンの美しさを誇示することができます。細部にまでこだわった美しい仕上がりは、いつまでも眺めていたくなるほど。<br>
◎カバーを閉じたままで通話ができます。<br>
カバーの内側には、通気性をよくするため小さな穴があけられて、電話機本体を湿気から守ります。<br>
◎外側だけではなく、内部も良質のプラスチックで作られています。ビジネスマンマン、オフィスレディーに合うおしゃれなケースとなっております。</p></td>
</tr><tr>
<th>発送</th>
<td>ゆうパケット発送</td>
</tr></table><style>
input[value=""お買い物かごに入れる""] {
  background: url(http://www.rakuten.ne.jp/gold/yiprefer/images/bnr/cart_bt.jpg) no-repeat scroll left top rgba(0, 0, 0, 0);
  border: 0 none;
  display: inline-block;
  width: 248px;
  height: 55px;
  overflow: hidden;
  text-indent: -99999px;
  white-space: nowrap;
  margin:5px 0 5px;
}

input[value=""お買い物かごに入れる""]:hover {
  cursor: pointer;
  opacity: 0.6;
}

input {
  font-size: 14px;
  width: auto;
  border:1px solid #333333;
}


#pickup780 td{font-size:12px; text-align:left; width:25%; vertical-align:top; line-height:1.4;}
#pickup780 .price{color:#C00; font-weight:bold;}
#pickup780 td img{width:100%;}
#pickup780 td a{color:#333333;}

/*<!--
body{
background:url(http://image.rakuten.co.jp/yiprefer/cabinet/io/ss-100-440-50off.jpg) repeat-y top right;
}
-->*/
</style>

<br><br><br>
<img src=""http://www.rakuten.ne.jp/gold/yiprefer/images/pickup/pickup_tit780.jpg""><br>
<table width=""780"" border=""0"" cellspacing=""10"" cellpadding=""0"" id=""pickup780"">
  <tr>
    <td><img src=""http://thumbnail.image.rakuten.co.jp/@0_mall/yiprefer/cabinet/03615470/btr-006_01.jpg?_ex=300x300&s=2&r=1"" border=""0"" /><br />【REMAX】5000mAh エイリアンシリーズ モバイルバッテリー<br>
    <span class=""price"">2,440円 (税込)</span></td>
    <td><img src=""http://thumbnail.image.rakuten.co.jp/@0_mall/yiprefer/cabinet/03615470/btr-002_01.jpg?_ex=300x300&s=2&r=1"" border=""0""><br>【REMAX】10000mAh大容量 <br />
リチウムポリマー<br>
<span class=""price"">2,980円 (税込)</span></td>
    <td><img src=""http://thumbnail.image.rakuten.co.jp/@0_mall/yiprefer/cabinet/03615470/stand-016_01.jpg?_ex=300x300&s=2&r=1"" border=""0""><br>
      【REMAX】 iphone7スマートフォン<br />
粘着シール不要 ホルダー<br>
<span class=""price"">750円 (税込)</span></td>
  <td><img src=""https://thumbnail.image.rakuten.co.jp/@0_mall/yiprefer/cabinet/03615470/ipcase-116_01.jpg?_ex=300x300&s=2&r=1"" border=""0""><br> iPhone7/iPhone7 Plus クリアケースかわいい おしゃれ 　<br>
<span class=""price"">750円 (税込)</span></td> </tr>
    <tr> <td><img src=""http://thumbnail.image.rakuten.co.jp/@0_mall/yiprefer/cabinet/03615470/adpt-016_01.jpg?_ex=300x300&s=2&r=1"" border=""0""><br>
      【Baseus】Type C to USB <br />
     変換アダプター<br>
      <span class=""price"">2,760円 (税込)</span></td>  
 <td><img src=""https://thumbnail.image.rakuten.co.jp/@0_mall/yiprefer/cabinet/03615470/stand-033_01.jpg?_ex=300x300&s=2&r=1"" border=""0""><br>360度回転 マグネット iphone7 車載ホルダー<br><span class=""price"">1,880円 (税込)</span></td>
 <td><img src=""https://thumbnail.image.rakuten.co.jp/@0_mall/yiprefer/cabinet/03615470/ipcase-118_01.jpg?_ex=300x300&s=2&r=1"" border=""0""><br>
   iPhone7/iPhone7 plus スタンド付きケース<br>
 <span class=""price"">820円 (税込)</span></td>
    
    
    <td><img src=""http://thumbnail.image.rakuten.co.jp/@0_mall/yiprefer/cabinet/03615470/ep-010_01.jpg?_ex=300x300&s=2&r=1"" border=""0"" /><br>
      【REMAX】カナル式 イヤホン<br />
      運動時に最適<br>
      <span class=""price"">2,045円 (税込)</span></td>
  </tr>
</table>


<br><br><br>

<div style=""width:48%; height:725px; overflow:hidden; border:1px solid #CCC; float:left; margin-right:10px;"">
<img src=""http://www.rakuten.ne.jp/gold/yiprefer/ec-collection/images/ecolle_order.jpg"" width=""100%""><br>

</div>



<div style=""width:48%; overflow:hidden; float:left; height:720px;"">
<img src=""http://www.rakuten.ne.jp/gold/yiprefer/ec-collection/images/ecolle_review.jpg"" width=""100%""><br>
</div>
<br style=""clear:both;""><br><br>",iphone7ケース 手帳型 iphone6sケース おしゃれ カード入れ iphone6 ケース 手帳型 オシャレ xperia xp ケース かわいい xperia z5 premium galaxy s7 edge ケース 手帳型 革 moto g4 plus ケース 手帳 iPhone7 Plus カバー レザーケース 軽量 薄い：NeverChange楽天市場店,iphone7ケース 手帳型 iphone6sケース おしゃれ カード入れ iphone6 ケース 手帳型 オシャレ xperia xp ケース かわいい xperia z5 premium galaxy s7 edge ケース 手帳型 革 moto g4 plus ケース 手帳 iPhone7 Plus カバー レザーケース 軽量 薄い,iPhone6/6S iphone7 横開き 収納 galaxy スマホン保護ケース。iphone7ケース 手帳型 iphone6sケース おしゃれ カード入れ iphone6 ケース 手帳型 オシャレ xperia xp ケース かわいい xperia z5 premium galaxy s7 edge ケース 手帳型 革 moto g4 plus ケース 手帳 iPhone7 Plus カバー レザーケース 軽量 薄い[rn]
23-92294,http://tshop.r10s.jp/gold/yiprefer/images/touroku/ipcase-088_01.jpg?fitin=700:700,711.2000,,スマートフォン・タブレット > スマートフォンアクセサリー > スマートフォンケース,【ゆう】送料無料 iPhone7 ケース クリア 側面カラー シンプル iPhone7 Plus ケース かわいい メタリック 柔らかい ソフト透明 メッキ tpu 光沢 衝撃吸収 iphone7 ケース かわいい iphone7 plus クリアケース おもしろ おしゃれ iphone7 耐衝撃 軽量 薄い,iPhone7 ケース ソフト透明 iphone7 plus クリアケース 耐衝撃,"<p align=""center"">





<img border=""0"" src=""http://www.rakuten.ne.jp/gold/yiprefer/images/touroku/ipcase-088_01.jpg""><br> 




<img border=""0"" src=""http://www.rakuten.ne.jp/gold/yiprefer/images/touroku/ipcase-088_02.jpg""><br> 



<img border=""0"" src=""http://www.rakuten.ne.jp/gold/yiprefer/images/touroku/ipcase-088_03.jpg""><br> 



<img border=""0"" src=""http://www.rakuten.ne.jp/gold/yiprefer/images/touroku/ipcase-088_04.jpg""><br> 



<img border=""0"" src=""http://www.rakuten.ne.jp/gold/yiprefer/images/touroku/ipcase-088_05.jpg""><br> 



<img border=""0"" src=""http://www.rakuten.ne.jp/gold/yiprefer/images/touroku/ipcase-088_06.jpg""><br> 




 





<img border=""0"" src=""http://image.rakuten.co.jp/yiprefer/cabinet/io/s54377878-pr.jpg""/><br>






<img src=""http://image.rakuten.co.jp/yiprefer/cabinet/io/review-pre.jpg"" width=""750"" border=""0"" usemap=""#review"">
 
 
 
<div align=""center"">
<a href=""http://www.rakuten.ne.jp/gold/yiprefer/delivery.html"" target=""_blank""><img src=""http://image.rakuten.co.jp/yiprefer/cabinet/io/gochuui.jpg"" alt=""ご注文の前に必ずお読みください"" width=""100%"" /></a></div><!--▼ Item Information ここから-->
<div class=""item_stl"">Item Information</div>
<table border=""0"" class=""item_shousai"">
  <tr>
  



 

<th>商品名</th>
    <td>






iPhone7 iPhone7 Plus クリア 側面カラー TPUケース</td>
  </tr>
  <tr>
  

  

<th>カラー</th>
    <td><p>ローズゴールドゴールド/グレー/ゴールド/シルバー</p></td>
  </tr>
  <tr>
   



 

<th>材質</th>
    <td>TPU</td>
  </tr>
  




 <tr>
<th>発送方法</th>
<td>ゆうパケット</td>
</tr></table>



<!--▲ Item Information ここまで-->
</div><!-- /item_w -->
<br><br><br><style>
input[value=""お買い物かごに入れる""] {
  background: url(http://www.rakuten.ne.jp/gold/yiprefer/images/bnr/cart_bt.jpg) no-repeat scroll left top rgba(0, 0, 0, 0);
  border: 0 none;
  display: inline-block;
  width: 248px;
  height: 55px;
  overflow: hidden;
  text-indent: -99999px;
  white-space: nowrap;
  margin:5px 0 5px;
}

input[value=""お買い物かごに入れる""]:hover {
  cursor: pointer;
  opacity: 0.6;
}

input {
  font-size: 14px;
  width: auto;
  border:1px solid #333333;
}


#pickup780 td{font-size:12px; text-align:left; width:25%; vertical-align:top; line-height:1.4;}
#pickup780 .price{color:#C00; font-weight:bold;}
#pickup780 td img{width:100%;}
#pickup780 td a{color:#333333;}

/*<!--
body{
background:url(http://image.rakuten.co.jp/yiprefer/cabinet/io/ss-100-440-50off.jpg) repeat-y top right;
}
-->*/
</style>

<br><br><br>
<img src=""http://www.rakuten.ne.jp/gold/yiprefer/images/pickup/pickup_tit780.jpg""><br>
<table width=""780"" border=""0"" cellspacing=""10"" cellpadding=""0"" id=""pickup780"">
  <tr>
    <td><img src=""http://thumbnail.image.rakuten.co.jp/@0_mall/yiprefer/cabinet/03615470/btr-006_01.jpg?_ex=300x300&s=2&r=1"" border=""0"" /><br />【REMAX】5000mAh エイリアンシリーズ モバイルバッテリー<br>
    <span class=""price"">2,440円 (税込)</span></td>
    <td><img src=""http://thumbnail.image.rakuten.co.jp/@0_mall/yiprefer/cabinet/03615470/btr-002_01.jpg?_ex=300x300&s=2&r=1"" border=""0""><br>【REMAX】10000mAh大容量 <br />
リチウムポリマー<br>
<span class=""price"">2,980円 (税込)</span></td>
    <td><img src=""http://thumbnail.image.rakuten.co.jp/@0_mall/yiprefer/cabinet/03615470/stand-016_01.jpg?_ex=300x300&s=2&r=1"" border=""0""><br>
      【REMAX】 iphone7スマートフォン<br />
粘着シール不要 ホルダー<br>
<span class=""price"">750円 (税込)</span></td>
  <td><img src=""https://thumbnail.image.rakuten.co.jp/@0_mall/yiprefer/cabinet/03615470/ipcase-116_01.jpg?_ex=300x300&s=2&r=1"" border=""0""><br> iPhone7/iPhone7 Plus クリアケースかわいい おしゃれ 　<br>
<span class=""price"">750円 (税込)</span></td> </tr>
    <tr> <td><img src=""http://thumbnail.image.rakuten.co.jp/@0_mall/yiprefer/cabinet/03615470/adpt-016_01.jpg?_ex=300x300&s=2&r=1"" border=""0""><br>
      【Baseus】Type C to USB <br />
     変換アダプター<br>
      <span class=""price"">2,760円 (税込)</span></td>  
 <td><img src=""https://thumbnail.image.rakuten.co.jp/@0_mall/yiprefer/cabinet/03615470/stand-033_01.jpg?_ex=300x300&s=2&r=1"" border=""0""><br>360度回転 マグネット iphone7 車載ホルダー<br><span class=""price"">1,880円 (税込)</span></td>
 <td><img src=""https://thumbnail.image.rakuten.co.jp/@0_mall/yiprefer/cabinet/03615470/ipcase-118_01.jpg?_ex=300x300&s=2&r=1"" border=""0""><br>
   iPhone7/iPhone7 plus スタンド付きケース<br>
 <span class=""price"">820円 (税込)</span></td>
    
    
    <td><img src=""http://thumbnail.image.rakuten.co.jp/@0_mall/yiprefer/cabinet/03615470/ep-010_01.jpg?_ex=300x300&s=2&r=1"" border=""0"" /><br>
      【REMAX】カナル式 イヤホン<br />
      運動時に最適<br>
      <span class=""price"">2,045円 (税込)</span></td>
  </tr>
</table>


<br><br><br>

<div style=""width:48%; height:725px; overflow:hidden; border:1px solid #CCC; float:left; margin-right:10px;"">
<img src=""http://www.rakuten.ne.jp/gold/yiprefer/ec-collection/images/ecolle_order.jpg"" width=""100%""><br>

</div>



<div style=""width:48%; overflow:hidden; float:left; height:720px;"">
<img src=""http://www.rakuten.ne.jp/gold/yiprefer/ec-collection/images/ecolle_review.jpg"" width=""100%""><br>
</div>
<br style=""clear:both;""><br><br>",【ゆう】送料無料 iPhone7 ケース クリア 側面カラー シンプル iPhone7 Plus ケース かわいい メタリック 柔らかい ソフト透明 メッキ tpu 光沢 衝撃吸収 iphone7 ケース かわいい iphone7 plus クリアケース おもしろ おしゃれ iphone7 耐衝撃 軽量 薄い：NeverChange楽天市場店,【ゆう】送料無料 iPhone7 ケース クリア 側面カラー シンプル iPhone7 Plus ケース かわいい メタリック 柔らかい ソフト透明 メッキ tpu 光沢 衝撃吸収 iphone7 ケース かわいい iphone7 plus クリアケース おもしろ おしゃれ iphone7 耐衝撃 軽量 薄い,iPhone7 ケース ソフト透明 iphone7 plus クリアケース 耐衝撃。【ゆう】送料無料 iPhone7 ケース クリア 側面カラー シンプル iPhone7 Plus ケース かわいい メタリック 柔らかい ソフト透明 メッキ tpu 光沢 衝撃吸収 iphone7 ケース かわいい iphone7 plus クリアケース おもしろ おしゃれ iphone7 耐衝撃 軽量 薄い[rn]
23-92295,http://tshop.r10s.jp/gold/yiprefer/images/touroku/ipcase-091_01.jpg?fitin=700:700,904.0000,,スマートフォン・タブレット > スマートフォンアクセサリー > スマートフォンケース,【ゆう】送料無料 アニマル柄 デザイン iPhoneケース カバー 保護 耐久性 お洒落 可愛い 動物 アイフォン 毛皮柄 ファー 斬新 iphone6 6S  6Plus 6S plus 軽量 お洒落 iphone ケース iphone6s ケース iphone6 plus ケース,iphone aihon  スタイリッシュ 個性的 軽量 頑丈 耐久性 可愛い,"<p align=""center"">



<img border=""0"" src=""http://www.rakuten.ne.jp/gold/yiprefer/images/touroku/ipcase-091_01.jpg""><br> <img border=""0"" src=""http://www.rakuten.ne.jp/gold/yiprefer/images/touroku/ipcase-091_02.jpg""><br> <img border=""0"" src=""http://www.rakuten.ne.jp/gold/yiprefer/images/touroku/ipcase-091_03.jpg""><br> <img border=""0"" src=""http://www.rakuten.ne.jp/gold/yiprefer/images/touroku/ipcase-091_04.jpg""><br> <img border=""0"" src=""http://www.rakuten.ne.jp/gold/yiprefer/images/touroku/ipcase-091_05.jpg""><br> <img border=""0"" src=""http://www.rakuten.ne.jp/gold/yiprefer/images/touroku/ipcase-091_06.jpg""><br> <img border=""0"" src=""http://www.rakuten.ne.jp/gold/yiprefer/images/touroku/ipcase-091_07.jpg""><br> 
 



<img border=""0"" src=""http://image.rakuten.co.jp/yiprefer/cabinet/io/s54377878-pr.jpg""/><br>
<img src=""http://image.rakuten.co.jp/yiprefer/cabinet/io/review-pre.jpg"" width=""750"" border=""0"" usemap=""#review"">
<div align=""center""><a href=""http://www.rakuten.ne.jp/gold/yiprefer/delivery.html"" target=""_blank""><img src=""http://image.rakuten.co.jp/yiprefer/cabinet/io/gochuui.jpg"" alt=""ご注文の前に必ずお読みください"" width=""100%"" /></a><br>
 <br>
 <br>
</div>



<br><br>
<iframe src=""http://www.rakuten.ne.jp/gold/yiprefer/osusume.html"" scrolling=""no"" width=""790"" frameborder=""0"" height=""820"" > </iframe>
<br>
<br><!--▼ Item Information ここから-->
<div class=""item_stl"">Item Information</div>
<table border=""0"" class=""item_shousai"">
 











<tr>
    










<th>商品名</th>
    <td>アニマル柄 デザイン iPhoneケース 保護カバー  </td>
  </tr>
  <tr>
    




<th>カラー</th>
    <td>レッド/ブルー/グレー/ブラック</td>
  </tr>
  <tr>
  


<th>材質</th>
    <td>PC/PU</td>
  </tr>
    


 <tr>
<th>発送方法</th>
<td>ゆうパケット送料無料（宅急便の場合は送料540円～を加算）</td>
</tr></table>




<!--▲ Item Information ここまで-->
</div><!-- /item_w -->
<br><br><br><style>
input[value=""お買い物かごに入れる""] {
  background: url(http://www.rakuten.ne.jp/gold/yiprefer/images/bnr/cart_bt.jpg) no-repeat scroll left top rgba(0, 0, 0, 0);
  border: 0 none;
  display: inline-block;
  width: 248px;
  height: 55px;
  overflow: hidden;
  text-indent: -99999px;
  white-space: nowrap;
  margin:5px 0 5px;
}

input[value=""お買い物かごに入れる""]:hover {
  cursor: pointer;
  opacity: 0.6;
}

input {
  font-size: 14px;
  width: auto;
  border:1px solid #333333;
}


#pickup780 td{font-size:12px; text-align:left; width:25%; vertical-align:top; line-height:1.4;}
#pickup780 .price{color:#C00; font-weight:bold;}
#pickup780 td img{width:100%;}
#pickup780 td a{color:#333333;}

/*<!--
body{
background:url(http://image.rakuten.co.jp/yiprefer/cabinet/io/ss-100-440-50off.jpg) repeat-y top right;
}
-->*/
</style>

<br><br><br>
<img src=""http://www.rakuten.ne.jp/gold/yiprefer/images/pickup/pickup_tit780.jpg""><br>
<table width=""780"" border=""0"" cellspacing=""10"" cellpadding=""0"" id=""pickup780"">
  <tr>
    <td><img src=""http://thumbnail.image.rakuten.co.jp/@0_mall/yiprefer/cabinet/03615470/btr-006_01.jpg?_ex=300x300&s=2&r=1"" border=""0"" /><br />【REMAX】5000mAh エイリアンシリーズ モバイルバッテリー<br>
    <span class=""price"">2,440円 (税込)</span></td>
    <td><img src=""http://thumbnail.image.rakuten.co.jp/@0_mall/yiprefer/cabinet/03615470/btr-002_01.jpg?_ex=300x300&s=2&r=1"" border=""0""><br>【REMAX】10000mAh大容量 <br />
リチウムポリマー<br>
<span class=""price"">2,980円 (税込)</span></td>
    <td><img src=""http://thumbnail.image.rakuten.co.jp/@0_mall/yiprefer/cabinet/03615470/stand-016_01.jpg?_ex=300x300&s=2&r=1"" border=""0""><br>
      【REMAX】 iphone7スマートフォン<br />
粘着シール不要 ホルダー<br>
<span class=""price"">750円 (税込)</span></td>
  <td><img src=""https://thumbnail.image.rakuten.co.jp/@0_mall/yiprefer/cabinet/03615470/ipcase-116_01.jpg?_ex=300x300&s=2&r=1"" border=""0""><br> iPhone7/iPhone7 Plus クリアケースかわいい おしゃれ 　<br>
<span class=""price"">750円 (税込)</span></td> </tr>
    <tr> <td><img src=""http://thumbnail.image.rakuten.co.jp/@0_mall/yiprefer/cabinet/03615470/adpt-016_01.jpg?_ex=300x300&s=2&r=1"" border=""0""><br>
      【Baseus】Type C to USB <br />
     変換アダプター<br>
      <span class=""price"">2,760円 (税込)</span></td>  
 <td><img src=""https://thumbnail.image.rakuten.co.jp/@0_mall/yiprefer/cabinet/03615470/stand-033_01.jpg?_ex=300x300&s=2&r=1"" border=""0""><br>360度回転 マグネット iphone7 車載ホルダー<br><span class=""price"">1,880円 (税込)</span></td>
 <td><img src=""https://thumbnail.image.rakuten.co.jp/@0_mall/yiprefer/cabinet/03615470/ipcase-118_01.jpg?_ex=300x300&s=2&r=1"" border=""0""><br>
   iPhone7/iPhone7 plus スタンド付きケース<br>
 <span class=""price"">820円 (税込)</span></td>
    
    
    <td><img src=""http://thumbnail.image.rakuten.co.jp/@0_mall/yiprefer/cabinet/03615470/ep-010_01.jpg?_ex=300x300&s=2&r=1"" border=""0"" /><br>
      【REMAX】カナル式 イヤホン<br />
      運動時に最適<br>
      <span class=""price"">2,045円 (税込)</span></td>
  </tr>
</table>


<br><br><br>

<div style=""width:48%; height:725px; overflow:hidden; border:1px solid #CCC; float:left; margin-right:10px;"">
<img src=""http://www.rakuten.ne.jp/gold/yiprefer/ec-collection/images/ecolle_order.jpg"" width=""100%""><br>

</div>



<div style=""width:48%; overflow:hidden; float:left; height:720px;"">
<img src=""http://www.rakuten.ne.jp/gold/yiprefer/ec-collection/images/ecolle_review.jpg"" width=""100%""><br>
</div>
<br style=""clear:both;""><br><br>",【ゆう】送料無料 アニマル柄 デザイン iPhoneケース カバー 保護 耐久性 お洒落 可愛い 動物 アイフォン 毛皮柄 ファー 斬新 iphone6 6S  6Plus 6S plus 軽量 お洒落 iphone ケース iphone6s ケース iphone6 plus ケース：NeverChange楽天市場店,【ゆう】送料無料 アニマル柄 デザイン iPhoneケース カバー 保護 耐久性 お洒落 可愛い 動物 アイフォン 毛皮柄 ファー 斬新 iphone6 6S  6Plus 6S plus 軽量 お洒落 iphone ケース iphone6s ケース iphone6 plus ケース,iphone aihon  スタイリッシュ 個性的 軽量 頑丈 耐久性 可愛い。【ゆう】送料無料 アニマル柄 デザイン iPhoneケース カバー 保護 耐久性 お洒落 可愛い 動物 アイフォン 毛皮柄 ファー 斬新 iphone6 6S  6Plus 6S plus 軽量 お洒落 iphone ケース iphone6s ケース iphone6 plus ケース[rn]
23-92296,http://tshop.r10s.jp/gold/yiprefer/images/ipcase/ipcase-082_r_01.jpg?fitin=700:700,1432.0000,,スマートフォン・タブレット > スマートフォンアクセサリー > スマートフォンケース,iPhone7 ケース 手帳型 カード収納【ゆう】iPhone6S ケースiphone6splus ケース iphone7 plus レザー galaxy s7 edge ケース 手帳型 スタンド機能 マグネット iphone6sケース 手帳型 オシャレ huawei p9 iphone6 手帳型 カバー Xperia Z5ケース 革 耐衝撃 カバー,iphone6 ケース シンプル パス入れ カード収納 iPhone7ケース,"<div align=""center"">
<img border=""0"" src=""http://www.rakuten.ne.jp/gold/yiprefer/images/ipcase/ipcase-082_r_01.jpg""/><br>
  <img border=""0"" src=""http://www.rakuten.ne.jp/gold/yiprefer/images/ipcase/ipcase-082_r_02.jpg""/><br>
  <img border=""0"" src=""http://www.rakuten.ne.jp/gold/yiprefer/images/ipcase/ipcase-082_r_03.jpg""/><br>
  <img border=""0"" src=""http://www.rakuten.ne.jp/gold/yiprefer/images/ipcase/ipcase-082_r_04.jpg""/><br>

  <img border=""0"" src=""http://www.rakuten.ne.jp/gold/yiprefer/images/ipcase/ipcase-082_r_05.jpg""/><br>
  <img border=""0"" src=""http://www.rakuten.ne.jp/gold/yiprefer/images/ipcase/ipcase-082_r_06.jpg""/><br>
  <img border=""0"" src=""http://www.rakuten.ne.jp/gold/yiprefer/images/ipcase/ipcase-082_r_07.jpg""/><br>
<img border=""0"" src=""http://www.rakuten.ne.jp/gold/yiprefer/images/ipcase/ipcase-082_r_08.jpg""/><br>
<img border=""0"" src=""http://www.rakuten.ne.jp/gold/yiprefer/images/ipcase/ipcase-082_r_09.jpg""/><br>
<img border=""0"" src=""http://www.rakuten.ne.jp/gold/yiprefer/images/ipcase/ipcase-082_r_10.jpg""/><br>
<img border=""0"" src=""http://www.rakuten.ne.jp/gold/yiprefer/images/ipcase/ipcase-082_r_11.jpg""/><br>
<img border=""0"" src=""http://www.rakuten.ne.jp/gold/yiprefer/images/ipcase/ipcase-082_r_12.jpg""/><br>
<img border=""0"" src=""http://www.rakuten.ne.jp/gold/yiprefer/images/ipcase/ipcase-082_r_13.jpg""/><br>
<img border=""0"" src=""http://image.rakuten.co.jp/yiprefer/cabinet/05206682/imgrc0063929522.jpg""/><br>

<br />


   
  <!--▼ Item Information ここから-->
  <div class=""item_stl"">Item Information </div>
  <table border=""0"" class=""item_shousai"">
  <tr>
  <th width=""125"">商品名</th>
  <td width=""411"">【ゆうパケット送料無料】手帳型 スタンド機能付き 保護ケース スマホカバー</td>
  </tr><tr>
  <th>対応機種</th>
  <td>iPhone7/7 Plus/iPhone6/6s/iPhone6Plus/6S Plus/Galaxy S7 Edge/HUAWEI P9/Xperia Z5</td>
  </tr>
  <tr>
    <th>詳細</th>
    <td>
 

材質：PUレザー</td>
  </tr> 
  <tr>
  <th>カラー</th>
  <td>ブラウン/ブラック/ホワイト/レッド
  
  </td>
  </tr> <tr>
  <th>発送</th>
  <td>ゆうパケット</td>
  </tr></table>
  <!--▲ Item Information ここまで-->
  </div>
  <br>
  <br />
  
  <div align=""center""><a href=""http://www.rakuten.ne.jp/gold/yiprefer/delivery.html"" target=""_blank""><img src=""http://image.rakuten.co.jp/yiprefer/cabinet/io/gochuui.jpg"" alt=""ご注文の前に必ずお読みください"" width=""100%"" /></a><br>
  <br>
  <br>
  </div><br><br><br>
<iframe src=""http://www.rakuten.ne.jp/gold/yiprefer/osusume.html"" scrolling=""no"" width=""790"" frameborder=""0"" height=""860"" >
</iframe><br><br><!--▼ Item Information ここから-->



<div class=""item_stl"">Item Information</div>
<table border=""0"" class=""item_shousai"">
  <tr>
  



  



<th>商品名</th>
   


 <td>手帳型 スタンド機能付き 保護ケース スマホカバー </td>
  </tr>
  <tr>
  





  <th>カラー</th>
    <td><p>ブラウン/ブラック/ホワイト/レッド</p></td>
  </tr>
  <tr>
   







 <th>材質</th>
    <td>PUレザー</td>
  </tr>


 <tr>
<th>対応機種</th>
<td>iPhone7/7 Plus/iPhone6/6s/iPhone6Plus/6S Plus/Galaxy S7 Edge/HUAWEI P9/Xperia Z5</td>
  <tr> 
  </tr>



  


 <tr>
<th>

発送方法</th>
<td>ゆうパケット送料無料（宅急便の場合は送料540円～を加算）</td>
</tr></table>
<!--▲ Item Information ここまで-->
</div><!-- /item_w -->
<br><br><br><style>
input[value=""お買い物かごに入れる""] {
  background: url(http://www.rakuten.ne.jp/gold/yiprefer/images/bnr/cart_bt.jpg) no-repeat scroll left top rgba(0, 0, 0, 0);
  border: 0 none;
  display: inline-block;
  width: 248px;
  height: 55px;
  overflow: hidden;
  text-indent: -99999px;
  white-space: nowrap;
  margin:5px 0 5px;
}

input[value=""お買い物かごに入れる""]:hover {
  cursor: pointer;
  opacity: 0.6;
}

input {
  font-size: 14px;
  width: auto;
  border:1px solid #333333;
}


#pickup780 td{font-size:12px; text-align:left; width:25%; vertical-align:top; line-height:1.4;}
#pickup780 .price{color:#C00; font-weight:bold;}
#pickup780 td img{width:100%;}
#pickup780 td a{color:#333333;}

/*<!--
body{
background:url(http://image.rakuten.co.jp/yiprefer/cabinet/io/ss-100-440-50off.jpg) repeat-y top right;
}
-->*/
</style>

<br><br><br>
<img src=""http://www.rakuten.ne.jp/gold/yiprefer/images/pickup/pickup_tit780.jpg""><br>
<table width=""780"" border=""0"" cellspacing=""10"" cellpadding=""0"" id=""pickup780"">
  <tr>
    <td><img src=""http://thumbnail.image.rakuten.co.jp/@0_mall/yiprefer/cabinet/03615470/btr-006_01.jpg?_ex=300x300&s=2&r=1"" border=""0"" /><br />【REMAX】5000mAh エイリアンシリーズ モバイルバッテリー<br>
    <span class=""price"">2,440円 (税込)</span></td>
    <td><img src=""http://thumbnail.image.rakuten.co.jp/@0_mall/yiprefer/cabinet/03615470/btr-002_01.jpg?_ex=300x300&s=2&r=1"" border=""0""><br>【REMAX】10000mAh大容量 <br />
リチウムポリマー<br>
<span class=""price"">2,980円 (税込)</span></td>
    <td><img src=""http://thumbnail.image.rakuten.co.jp/@0_mall/yiprefer/cabinet/03615470/stand-016_01.jpg?_ex=300x300&s=2&r=1"" border=""0""><br>
      【REMAX】 iphone7スマートフォン<br />
粘着シール不要 ホルダー<br>
<span class=""price"">750円 (税込)</span></td>
  <td><img src=""https://thumbnail.image.rakuten.co.jp/@0_mall/yiprefer/cabinet/03615470/ipcase-116_01.jpg?_ex=300x300&s=2&r=1"" border=""0""><br> iPhone7/iPhone7 Plus クリアケースかわいい おしゃれ 　<br>
<span class=""price"">750円 (税込)</span></td> </tr>
    <tr> <td><img src=""http://thumbnail.image.rakuten.co.jp/@0_mall/yiprefer/cabinet/03615470/adpt-016_01.jpg?_ex=300x300&s=2&r=1"" border=""0""><br>
      【Baseus】Type C to USB <br />
     変換アダプター<br>
      <span class=""price"">2,760円 (税込)</span></td>  
 <td><img src=""https://thumbnail.image.rakuten.co.jp/@0_mall/yiprefer/cabinet/03615470/stand-033_01.jpg?_ex=300x300&s=2&r=1"" border=""0""><br>360度回転 マグネット iphone7 車載ホルダー<br><span class=""price"">1,880円 (税込)</span></td>
 <td><img src=""https://thumbnail.image.rakuten.co.jp/@0_mall/yiprefer/cabinet/03615470/ipcase-118_01.jpg?_ex=300x300&s=2&r=1"" border=""0""><br>
   iPhone7/iPhone7 plus スタンド付きケース<br>
 <span class=""price"">820円 (税込)</span></td>
    
    
    <td><img src=""http://thumbnail.image.rakuten.co.jp/@0_mall/yiprefer/cabinet/03615470/ep-010_01.jpg?_ex=300x300&s=2&r=1"" border=""0"" /><br>
      【REMAX】カナル式 イヤホン<br />
      運動時に最適<br>
      <span class=""price"">2,045円 (税込)</span></td>
  </tr>
</table>


<br><br><br>

<div style=""width:48%; height:725px; overflow:hidden; border:1px solid #CCC; float:left; margin-right:10px;"">
<img src=""http://www.rakuten.ne.jp/gold/yiprefer/ec-collection/images/ecolle_order.jpg"" width=""100%""><br>

</div>



<div style=""width:48%; overflow:hidden; float:left; height:720px;"">
<img src=""http://www.rakuten.ne.jp/gold/yiprefer/ec-collection/images/ecolle_review.jpg"" width=""100%""><br>
</div>
<br style=""clear:both;""><br><br>",iPhone7 ケース 手帳型 カード収納【ゆう】iPhone6S ケースiphone6splus ケース iphone7 plus レザー galaxy s7 edge ケース 手帳型 スタンド機能 マグネット iphone6sケース 手帳型 オシャレ huawei p9 iphone6 手帳型 カバー Xperia Z5ケース 革 耐衝撃 カバー：NeverChange楽天市場店,iPhone7 ケース 手帳型 カード収納【ゆう】iPhone6S ケースiphone6splus ケース iphone7 plus レザー galaxy s7 edge ケース 手帳型 スタンド機能 マグネット iphone6sケース 手帳型 オシャレ huawei p9 iphone6 手帳型 カバー Xperia Z5ケース 革 耐衝撃 カバー,iphone6 ケース シンプル パス入れ カード収納 iPhone7ケース。iPhone7 ケース 手帳型 カード収納【ゆう】iPhone6S ケースiphone6splus ケース iphone7 plus レザー galaxy s7 edge ケース 手帳型 スタンド機能 マグネット iphone6sケース 手帳型 オシャレ huawei p9 iphone6 手帳型 カバー Xperia Z5ケース 革 耐衝撃 カバー[rn]
23-92297,http://tshop.r10s.jp/yiprefer/cabinet/03615470/ipcase-053_01.jpg?fitin=700:700,1163.2000,,スマートフォン・タブレット > スマートフォンアクセサリー > スマートフォンケース,【ゆう】送料無料 iPhoneSE iPhone5 5S保護ケース バンパー 金属 アルミニウム アイフォンケース 耐衝撃 耐久性 軽量 iphone se バンパー ケース iphone5s ケース iphone5 ケース iphonese 保護ケース,擦れに強く傷つきにくい超軽量アルミニウム合金を使用,"<div align=""center""><img border=""0"" src=""http://image.rakuten.co.jp/yiprefer/cabinet/03615470/ipcase-053_01.jpg""/><br>
  <img border=""0"" src=""http://image.rakuten.co.jp/yiprefer/cabinet/03615470/ipcase-053_02.jpg""/><br>
  <img border=""0"" src=""http://image.rakuten.co.jp/yiprefer/cabinet/03615470/ipcase-053_03.jpg""/><br>
  <img border=""0"" src=""http://image.rakuten.co.jp/yiprefer/cabinet/03615470/ipcase-053_04.jpg""/><br>
  <img border=""0"" src=""http://image.rakuten.co.jp/yiprefer/cabinet/03615470/ipcase-053_05.jpg""/><br>
  <img border=""0"" src=""http://image.rakuten.co.jp/yiprefer/cabinet/03615470/ipcase-053_06.jpg""/><br>
  <img border=""0"" src=""http://image.rakuten.co.jp/yiprefer/cabinet/03615470/ipcase-053_07.jpg""/><br>
  <img border=""0"" src=""http://image.rakuten.co.jp/yiprefer/cabinet/03615470/ipcase-053_08.jpg""/><br>
  <img border=""0"" src=""http://image.rakuten.co.jp/yiprefer/cabinet/03615470/ipcase-053_09.jpg""/><br>


  <!--▼ Item Information ここから-->
  <div class=""item_stl"">Item Information </div>
  <table border=""0"" class=""item_shousai"">
  <tr>
  <th width=""125"">商品名</th>
  <td width=""411"">【ゆうパケット送料無料】iPhoneSE iPhone5/5S保護ケース バンパー 金属 アルミニウム アイフォンケース 耐衝撃 耐久性 軽量</td>
  </tr><tr>
  <th>対応機種</th>
  <td>iPhone5/5S/SE</td>
  </tr>
  <tr>
    <th>詳細</th>
    <td>
  




<!--サイズ ：25.7×11×5.9mm<br>-->
           

材質:アルミ合金/牛革<br>
厚さ:6.9mm</td>
  </tr> 
  <tr>
  <th>カラー</th>
  <td>
 ゴールド,シルバー,ブラック ,ローズゴールド,グレー,レッド
  
  </td>
  </tr> <tr>
  <th>発送</th>
  <td>ゆうパケット</td>
  </tr></table>
  <!--▲ Item Information ここまで-->
  </div>
  <br>
  <br />
  
  <div align=""center""><a href=""http://www.rakuten.ne.jp/gold/yiprefer/delivery.html"" target=""_blank""><img src=""http://image.rakuten.co.jp/yiprefer/cabinet/io/gochuui.jpg"" alt=""ご注文の前に必ずお読みください"" width=""100%"" /></a><br>
    </div><br><br><br>
<iframe src=""http://www.rakuten.ne.jp/gold/yiprefer/osusume.html"" scrolling=""no"" width=""790"" frameborder=""0"" height=""820"" >
</iframe><br><br><style>
input[value=""お買い物かごに入れる""] {
  background: url(http://www.rakuten.ne.jp/gold/yiprefer/images/bnr/cart_bt.jpg) no-repeat scroll left top rgba(0, 0, 0, 0);
  border: 0 none;
  display: inline-block;
  width: 248px;
  height: 55px;
  overflow: hidden;
  text-indent: -99999px;
  white-space: nowrap;
  margin:5px 0 5px;
}

input[value=""お買い物かごに入れる""]:hover {
  cursor: pointer;
  opacity: 0.6;
}

input {
  font-size: 14px;
  width: auto;
  border:1px solid #333333;
}


#pickup780 td{font-size:12px; text-align:left; width:25%; vertical-align:top; line-height:1.4;}
#pickup780 .price{color:#C00; font-weight:bold;}
#pickup780 td img{width:100%;}
#pickup780 td a{color:#333333;}

/*<!--
body{
background:url(http://image.rakuten.co.jp/yiprefer/cabinet/io/ss-100-440-50off.jpg) repeat-y top right;
}
-->*/
</style>

<br><br><br>
<img src=""http://www.rakuten.ne.jp/gold/yiprefer/images/pickup/pickup_tit780.jpg""><br>
<table width=""780"" border=""0"" cellspacing=""10"" cellpadding=""0"" id=""pickup780"">
  <tr>
    <td><img src=""http://thumbnail.image.rakuten.co.jp/@0_mall/yiprefer/cabinet/03615470/btr-006_01.jpg?_ex=300x300&s=2&r=1"" border=""0"" /><br />【REMAX】5000mAh エイリアンシリーズ モバイルバッテリー<br>
    <span class=""price"">2,440円 (税込)</span></td>
    <td><img src=""http://thumbnail.image.rakuten.co.jp/@0_mall/yiprefer/cabinet/03615470/btr-002_01.jpg?_ex=300x300&s=2&r=1"" border=""0""><br>【REMAX】10000mAh大容量 <br />
リチウムポリマー<br>
<span class=""price"">2,980円 (税込)</span></td>
    <td><img src=""http://thumbnail.image.rakuten.co.jp/@0_mall/yiprefer/cabinet/03615470/stand-016_01.jpg?_ex=300x300&s=2&r=1"" border=""0""><br>
      【REMAX】 iphone7スマートフォン<br />
粘着シール不要 ホルダー<br>
<span class=""price"">750円 (税込)</span></td>
  <td><img src=""https://thumbnail.image.rakuten.co.jp/@0_mall/yiprefer/cabinet/03615470/ipcase-116_01.jpg?_ex=300x300&s=2&r=1"" border=""0""><br> iPhone7/iPhone7 Plus クリアケースかわいい おしゃれ 　<br>
<span class=""price"">750円 (税込)</span></td> </tr>
    <tr> <td><img src=""http://thumbnail.image.rakuten.co.jp/@0_mall/yiprefer/cabinet/03615470/adpt-016_01.jpg?_ex=300x300&s=2&r=1"" border=""0""><br>
      【Baseus】Type C to USB <br />
     変換アダプター<br>
      <span class=""price"">2,760円 (税込)</span></td>  
 <td><img src=""https://thumbnail.image.rakuten.co.jp/@0_mall/yiprefer/cabinet/03615470/stand-033_01.jpg?_ex=300x300&s=2&r=1"" border=""0""><br>360度回転 マグネット iphone7 車載ホルダー<br><span class=""price"">1,880円 (税込)</span></td>
 <td><img src=""https://thumbnail.image.rakuten.co.jp/@0_mall/yiprefer/cabinet/03615470/ipcase-118_01.jpg?_ex=300x300&s=2&r=1"" border=""0""><br>
   iPhone7/iPhone7 plus スタンド付きケース<br>
 <span class=""price"">820円 (税込)</span></td>
    
    
    <td><img src=""http://thumbnail.image.rakuten.co.jp/@0_mall/yiprefer/cabinet/03615470/ep-010_01.jpg?_ex=300x300&s=2&r=1"" border=""0"" /><br>
      【REMAX】カナル式 イヤホン<br />
      運動時に最適<br>
      <span class=""price"">2,045円 (税込)</span></td>
  </tr>
</table>


<br><br><br>

<div style=""width:48%; height:725px; overflow:hidden; border:1px solid #CCC; float:left; margin-right:10px;"">
<img src=""http://www.rakuten.ne.jp/gold/yiprefer/ec-collection/images/ecolle_order.jpg"" width=""100%""><br>

</div>



<div style=""width:48%; overflow:hidden; float:left; height:720px;"">
<img src=""http://www.rakuten.ne.jp/gold/yiprefer/ec-collection/images/ecolle_review.jpg"" width=""100%""><br>
</div>
<br style=""clear:both;""><br><br>",【ゆう】送料無料 iPhoneSE iPhone5 5S保護ケース バンパー 金属 アルミニウム アイフォンケース 耐衝撃 耐久性 軽量 iphone se バンパー ケース iphone5s ケース iphone5 ケース iphonese 保護ケース：NeverChange楽天市場店,【ゆう】送料無料 iPhoneSE iPhone5 5S保護ケース バンパー 金属 アルミニウム アイフォンケース 耐衝撃 耐久性 軽量 iphone se バンパー ケース iphone5s ケース iphone5 ケース iphonese 保護ケース,擦れに強く傷つきにくい超軽量アルミニウム合金を使用。【ゆう】送料無料 iPhoneSE iPhone5 5S保護ケース バンパー 金属 アルミニウム アイフォンケース 耐衝撃 耐久性 軽量 iphone se バンパー ケース iphone5s ケース iphone5 ケース iphonese 保護ケース[rn]
23-92298,http://tshop.r10s.jp/gold/yiprefer/images/ipcase/ipcase-071_001.jpg?fitin=700:700,1350.4000,,スマートフォン・タブレット > スマートフォンアクセサリー > スマートフォンケース,【ゆう】送料無料 iphone7 手帳型 iphone7 plus 手帳型 横開き レザーケース スマホカバー 耐久 iphone7 plus ケース 衝撃防止 iPhone6 ケース Galaxy S7 Edge 手帳型 ケース ギャラクシーs7 手帳型 お札入れ カード収納  iphone7 ケース おしゃれ,手帳型 お札入れ カード入れ スマートフォンケース 衝撃防止,"<p align=""center"">
<img border=""0"" src=""http://www.rakuten.ne.jp/gold/yiprefer/images/ipcase/ipcase-071_001.jpg""><br> 
<img border=""0"" src=""http://www.rakuten.ne.jp/gold/yiprefer/images/ipcase/ipcase-071_02.jpg""><br> 
<img border=""0"" src=""http://www.rakuten.ne.jp/gold/yiprefer/images/ipcase/ipcase-071_03.jpg""><br> 
<img border=""0"" src=""http://www.rakuten.ne.jp/gold/yiprefer/images/ipcase/ipcase-071_04.jpg""><br> 
<img border=""0"" src=""http://www.rakuten.ne.jp/gold/yiprefer/images/ipcase/ipcase-071_05.jpg""><br> 
<img border=""0"" src=""http://www.rakuten.ne.jp/gold/yiprefer/images/ipcase/ipcase-071_006.jpg""><br> 
<img border=""0"" src=""http://www.rakuten.ne.jp/gold/yiprefer/images/ipcase/ipcase-071_07.jpg""><br> 
<img border=""0"" src=""http://www.rakuten.ne.jp/gold/yiprefer/images/ipcase/ipcase-071_08.jpg""><br> 
<img border=""0"" src=""http://www.rakuten.ne.jp/gold/yiprefer/images/ipcase/ipcase-071_09.jpg""><br> 
<img border=""0"" src=""http://www.rakuten.ne.jp/gold/yiprefer/images/ipcase/ipcase-071_10.jpg""><br> 

<img border=""0"" src=""http://image.rakuten.co.jp/yiprefer/cabinet/io/s54377878-pr.jpg""/><br>
<img src=""http://image.rakuten.co.jp/yiprefer/cabinet/io/review-pre.jpg"" width=""750"" border=""0"" usemap=""#review"">
<div align=""center""><a href=""http://www.rakuten.ne.jp/gold/yiprefer/delivery.html"" target=""_blank""><img src=""http://image.rakuten.co.jp/yiprefer/cabinet/io/gochuui.jpg"" alt=""ご注文の前に必ずお読みください"" width=""100%"" /></a><br>
 <br>
 <br>
</div><br><br><br>
<iframe src=""http://www.rakuten.ne.jp/gold/yiprefer/osusume.html"" scrolling=""no"" width=""790"" frameborder=""0"" height=""820"" >
</iframe><br><br><!--▼ Item Information ここから-->
<div class=""item_stl"">Item Information</div>
<table border=""0"" class=""item_shousai"">
  <tr>
    <th width=""60"">商品名</th>
    <td width=""402"">【GENTELEMEN】手帳型横開きレザーケース </td>
  </tr>
  <tr>
    <th>カラー</th>
    <td><p>ブラック/ゴールド/ローズゴールド</p>
    </td>
  </tr>
  <tr>
    <th>材質</th>
    <td>革</td>
  </tr>
  <tr>
<th>対応機種</th>
<td>iPhone7/iPhone7 Plus/iPhone6/6S/6 Plus/6S Plus/Galaxy S6 Edge/S7 Edge/NOTE7</td>
  <tr> 
  </tr>
  <tr>
<th>発送方法</th>
<td>ゆうパケット送料無料（宅急便の場合は送料540円～を加算）</td>
</tr></table>
<!--▲ Item Information ここまで-->
</div><!-- /item_w -->
<br><br><br><style>
input[value=""お買い物かごに入れる""] {
  background: url(http://www.rakuten.ne.jp/gold/yiprefer/images/bnr/cart_bt.jpg) no-repeat scroll left top rgba(0, 0, 0, 0);
  border: 0 none;
  display: inline-block;
  width: 248px;
  height: 55px;
  overflow: hidden;
  text-indent: -99999px;
  white-space: nowrap;
  margin:5px 0 5px;
}

input[value=""お買い物かごに入れる""]:hover {
  cursor: pointer;
  opacity: 0.6;
}

input {
  font-size: 14px;
  width: auto;
  border:1px solid #333333;
}


#pickup780 td{font-size:12px; text-align:left; width:25%; vertical-align:top; line-height:1.4;}
#pickup780 .price{color:#C00; font-weight:bold;}
#pickup780 td img{width:100%;}
#pickup780 td a{color:#333333;}

/*<!--
body{
background:url(http://image.rakuten.co.jp/yiprefer/cabinet/io/ss-100-440-50off.jpg) repeat-y top right;
}
-->*/
</style>

<br><br><br>
<img src=""http://www.rakuten.ne.jp/gold/yiprefer/images/pickup/pickup_tit780.jpg""><br>
<table width=""780"" border=""0"" cellspacing=""10"" cellpadding=""0"" id=""pickup780"">
  <tr>
    <td><img src=""http://thumbnail.image.rakuten.co.jp/@0_mall/yiprefer/cabinet/03615470/btr-006_01.jpg?_ex=300x300&s=2&r=1"" border=""0"" /><br />【REMAX】5000mAh エイリアンシリーズ モバイルバッテリー<br>
    <span class=""price"">2,440円 (税込)</span></td>
    <td><img src=""http://thumbnail.image.rakuten.co.jp/@0_mall/yiprefer/cabinet/03615470/btr-002_01.jpg?_ex=300x300&s=2&r=1"" border=""0""><br>【REMAX】10000mAh大容量 <br />
リチウムポリマー<br>
<span class=""price"">2,980円 (税込)</span></td>
    <td><img src=""http://thumbnail.image.rakuten.co.jp/@0_mall/yiprefer/cabinet/03615470/stand-016_01.jpg?_ex=300x300&s=2&r=1"" border=""0""><br>
      【REMAX】 iphone7スマートフォン<br />
粘着シール不要 ホルダー<br>
<span class=""price"">750円 (税込)</span></td>
  <td><img src=""https://thumbnail.image.rakuten.co.jp/@0_mall/yiprefer/cabinet/03615470/ipcase-116_01.jpg?_ex=300x300&s=2&r=1"" border=""0""><br> iPhone7/iPhone7 Plus クリアケースかわいい おしゃれ 　<br>
<span class=""price"">750円 (税込)</span></td> </tr>
    <tr> <td><img src=""http://thumbnail.image.rakuten.co.jp/@0_mall/yiprefer/cabinet/03615470/adpt-016_01.jpg?_ex=300x300&s=2&r=1"" border=""0""><br>
      【Baseus】Type C to USB <br />
     変換アダプター<br>
      <span class=""price"">2,760円 (税込)</span></td>  
 <td><img src=""https://thumbnail.image.rakuten.co.jp/@0_mall/yiprefer/cabinet/03615470/stand-033_01.jpg?_ex=300x300&s=2&r=1"" border=""0""><br>360度回転 マグネット iphone7 車載ホルダー<br><span class=""price"">1,880円 (税込)</span></td>
 <td><img src=""https://thumbnail.image.rakuten.co.jp/@0_mall/yiprefer/cabinet/03615470/ipcase-118_01.jpg?_ex=300x300&s=2&r=1"" border=""0""><br>
   iPhone7/iPhone7 plus スタンド付きケース<br>
 <span class=""price"">820円 (税込)</span></td>
    
    
    <td><img src=""http://thumbnail.image.rakuten.co.jp/@0_mall/yiprefer/cabinet/03615470/ep-010_01.jpg?_ex=300x300&s=2&r=1"" border=""0"" /><br>
      【REMAX】カナル式 イヤホン<br />
      運動時に最適<br>
      <span class=""price"">2,045円 (税込)</span></td>
  </tr>
</table>


<br><br><br>

<div style=""width:48%; height:725px; overflow:hidden; border:1px solid #CCC; float:left; margin-right:10px;"">
<img src=""http://www.rakuten.ne.jp/gold/yiprefer/ec-collection/images/ecolle_order.jpg"" width=""100%""><br>

</div>



<div style=""width:48%; overflow:hidden; float:left; height:720px;"">
<img src=""http://www.rakuten.ne.jp/gold/yiprefer/ec-collection/images/ecolle_review.jpg"" width=""100%""><br>
</div>
<br style=""clear:both;""><br><br>",【ゆう】送料無料 iphone7 手帳型 iphone7 plus 手帳型 横開き レザーケース スマホカバー 耐久 iphone7 plus ケース 衝撃防止 iPhone6 ケース Galaxy S7 Edge 手帳型 ケース ギャラクシーs7 手帳型 お札入れ カード収納  iphone7 ケース おしゃれ：NeverChange楽天市場店,【ゆう】送料無料 iphone7 手帳型 iphone7 plus 手帳型 横開き レザーケース スマホカバー 耐久 iphone7 plus ケース 衝撃防止 iPhone6 ケース Galaxy S7 Edge 手帳型 ケース ギャラクシーs7 手帳型 お札入れ カード収納  iphone7 ケース おしゃれ,手帳型 お札入れ カード入れ スマートフォンケース 衝撃防止。【ゆう】送料無料 iphone7 手帳型 iphone7 plus 手帳型 横開き レザーケース スマホカバー 耐久 iphone7 plus ケース 衝撃防止 iPhone6 ケース Galaxy S7 Edge 手帳型 ケース ギャラクシーs7 手帳型 お札入れ カード収納  iphone7 ケース おしゃれ[rn]
23-92299,http://tshop.r10s.jp/yiprefer/cabinet/03615470/ipcase-097_01.jpg?fitin=700:700,518.4000,,スマートフォン・タブレット > スマートフォンアクセサリー > スマートフォンケース,【ゆう】送料無料 iphone7 ケース iphone7 plus クリアケース TPU スマホカバー グラデーション透明ケース アイフォン7 7Plusケース 可愛いiphone7ケース tpu iphone7 ケースかわいい クリア 耐久 衝撃吸収 スマホンバックカバー iphone7plus ケース,iphone7 plus ケース かわいい ケース iphone7 ケース,"<div align=""center""><img border=""0"" src=""http://image.rakuten.co.jp/yiprefer/cabinet/03615470/ipcase-097_01.jpg""/><br>
 <img border=""0"" src=""http://image.rakuten.co.jp/yiprefer/cabinet/03615470/ipcase-097_02.jpg""/><br>
 <img border=""0"" src=""http://image.rakuten.co.jp/yiprefer/cabinet/03615470/ipcase-097_03.jpg""/><br>
 <img border=""0"" src=""http://image.rakuten.co.jp/yiprefer/cabinet/03615470/ipcase-097_04.jpg""/><br>

 <img border=""0"" src=""http://image.rakuten.co.jp/yiprefer/cabinet/03615470/ipcase-097_05.jpg""/><br>

 <img border=""0"" src=""http://image.rakuten.co.jp/yiprefer/cabinet/03615470/ipcase-097_06.jpg""/><br>
 <img border=""0"" src=""http://image.rakuten.co.jp/yiprefer/cabinet/03615470/ipcase-097_07.jpg""/><br> <img border=""0"" src=""http://image.rakuten.co.jp/yiprefer/cabinet/03615470/ipcase-097_08.jpg""/><br> <img border=""0"" src=""http://image.rakuten.co.jp/yiprefer/cabinet/03615470/ipcase-097_09.jpg""/><br> <img border=""0"" src=""http://image.rakuten.co.jp/yiprefer/cabinet/03615470/ipcase-097_10.jpg""/><br>





<br />


  
 <img border=""0"" src=""http://image.rakuten.co.jp/yiprefer/cabinet/io/s54377878-pr.jpg""/><br>


<img src=""http://image.rakuten.co.jp/yiprefer/cabinet/io/review-pre.jpg"" width=""750"" border=""0"" usemap=""#review"">




 <div align=""center""><a href=""http://www.rakuten.ne.jp/gold/yiprefer/delivery.html"" target=""_blank""><img src=""http://image.rakuten.co.jp/yiprefer/cabinet/io/gochuui.jpg"" alt=""ご注文の前に必ずお読みください"" width=""100%"" /></a><br>
</div><br><br><br>
<iframe src=""http://www.rakuten.ne.jp/gold/yiprefer/osusume.html"" scrolling=""no"" width=""790"" frameborder=""0"" height=""700"" >
</iframe><br><br>
</div><style>
input[value=""お買い物かごに入れる""] {
  background: url(http://www.rakuten.ne.jp/gold/yiprefer/images/bnr/cart_bt.jpg) no-repeat scroll left top rgba(0, 0, 0, 0);
  border: 0 none;
  display: inline-block;
  width: 248px;
  height: 55px;
  overflow: hidden;
  text-indent: -99999px;
  white-space: nowrap;
  margin:5px 0 5px;
}

input[value=""お買い物かごに入れる""]:hover {
  cursor: pointer;
  opacity: 0.6;
}

input {
  font-size: 14px;
  width: auto;
  border:1px solid #333333;
}


#pickup780 td{font-size:12px; text-align:left; width:25%; vertical-align:top; line-height:1.4;}
#pickup780 .price{color:#C00; font-weight:bold;}
#pickup780 td img{width:100%;}
#pickup780 td a{color:#333333;}

/*<!--
body{
background:url(http://image.rakuten.co.jp/yiprefer/cabinet/io/ss-100-440-50off.jpg) repeat-y top right;
}
-->*/
</style>

<br><br><br>
<img src=""http://www.rakuten.ne.jp/gold/yiprefer/images/pickup/pickup_tit780.jpg""><br>
<table width=""780"" border=""0"" cellspacing=""10"" cellpadding=""0"" id=""pickup780"">
  <tr>
    <td><img src=""http://thumbnail.image.rakuten.co.jp/@0_mall/yiprefer/cabinet/03615470/btr-006_01.jpg?_ex=300x300&s=2&r=1"" border=""0"" /><br />【REMAX】5000mAh エイリアンシリーズ モバイルバッテリー<br>
    <span class=""price"">2,440円 (税込)</span></td>
    <td><img src=""http://thumbnail.image.rakuten.co.jp/@0_mall/yiprefer/cabinet/03615470/btr-002_01.jpg?_ex=300x300&s=2&r=1"" border=""0""><br>【REMAX】10000mAh大容量 <br />
リチウムポリマー<br>
<span class=""price"">2,980円 (税込)</span></td>
    <td><img src=""http://thumbnail.image.rakuten.co.jp/@0_mall/yiprefer/cabinet/03615470/stand-016_01.jpg?_ex=300x300&s=2&r=1"" border=""0""><br>
      【REMAX】 iphone7スマートフォン<br />
粘着シール不要 ホルダー<br>
<span class=""price"">750円 (税込)</span></td>
  <td><img src=""https://thumbnail.image.rakuten.co.jp/@0_mall/yiprefer/cabinet/03615470/ipcase-116_01.jpg?_ex=300x300&s=2&r=1"" border=""0""><br> iPhone7/iPhone7 Plus クリアケースかわいい おしゃれ 　<br>
<span class=""price"">750円 (税込)</span></td> </tr>
    <tr> <td><img src=""http://thumbnail.image.rakuten.co.jp/@0_mall/yiprefer/cabinet/03615470/adpt-016_01.jpg?_ex=300x300&s=2&r=1"" border=""0""><br>
      【Baseus】Type C to USB <br />
     変換アダプター<br>
      <span class=""price"">2,760円 (税込)</span></td>  
 <td><img src=""https://thumbnail.image.rakuten.co.jp/@0_mall/yiprefer/cabinet/03615470/stand-033_01.jpg?_ex=300x300&s=2&r=1"" border=""0""><br>360度回転 マグネット iphone7 車載ホルダー<br><span class=""price"">1,880円 (税込)</span></td>
 <td><img src=""https://thumbnail.image.rakuten.co.jp/@0_mall/yiprefer/cabinet/03615470/ipcase-118_01.jpg?_ex=300x300&s=2&r=1"" border=""0""><br>
   iPhone7/iPhone7 plus スタンド付きケース<br>
 <span class=""price"">820円 (税込)</span></td>
    
    
    <td><img src=""http://thumbnail.image.rakuten.co.jp/@0_mall/yiprefer/cabinet/03615470/ep-010_01.jpg?_ex=300x300&s=2&r=1"" border=""0"" /><br>
      【REMAX】カナル式 イヤホン<br />
      運動時に最適<br>
      <span class=""price"">2,045円 (税込)</span></td>
  </tr>
</table>


<br><br><br>

<div style=""width:48%; height:725px; overflow:hidden; border:1px solid #CCC; float:left; margin-right:10px;"">
<img src=""http://www.rakuten.ne.jp/gold/yiprefer/ec-collection/images/ecolle_order.jpg"" width=""100%""><br>

</div>



<div style=""width:48%; overflow:hidden; float:left; height:720px;"">
<img src=""http://www.rakuten.ne.jp/gold/yiprefer/ec-collection/images/ecolle_review.jpg"" width=""100%""><br>
</div>
<br style=""clear:both;""><br><br>",【ゆう】送料無料 iphone7 ケース iphone7 plus クリアケース TPU スマホカバー グラデーション透明ケース アイフォン7 7Plusケース 可愛いiphone7ケース tpu iphone7 ケースかわいい クリア 耐久 衝撃吸収 スマホンバックカバー iphone7plus ケース：NeverChange楽天市場店,【ゆう】送料無料 iphone7 ケース iphone7 plus クリアケース TPU スマホカバー グラデーション透明ケース アイフォン7 7Plusケース 可愛いiphone7ケース tpu iphone7 ケースかわいい クリア 耐久 衝撃吸収 スマホンバックカバー iphone7plus ケース,iphone7 plus ケース かわいい ケース iphone7 ケース。【ゆう】送料無料 iphone7 ケース iphone7 plus クリアケース TPU スマホカバー グラデーション透明ケース アイフォン7 7Plusケース 可愛いiphone7ケース tpu iphone7 ケースかわいい クリア 耐久 衝撃吸収 スマホンバックカバー iphone7plus ケース[rn]
23-92300,http://tshop.r10s.jp/gold/yiprefer/images/ipcase/ipcase-078_01.jpg?fitin=700:700,1440.0000,,スマートフォン・タブレット > スマートフォンアクセサリー > スマートフォンケース,iPhone7ケース 手帳型 おしゃれ【ゆう】送料無料 iphone7ケース レザー カバー スライド式カード SIMポケット iphone7 手帳型 ケース 衝撃吸収 iphone7カバー iphone7 plus 手帳型 ケースかわいい iphone6s plus 手帳型ケース iphone6splus ケース 手帳型,お洒落 収納 クール  iphone アイフォン スマホケース 高級感,"<p align=""center""><img border=""0"" src=""http://www.rakuten.ne.jp/gold/yiprefer/images/ipcase/ipcase-078_01.jpg""><br> 
<img border=""0"" src=""http://www.rakuten.ne.jp/gold/yiprefer/images/ipcase/ipcase-078_02.jpg""><br> 
<img border=""0"" src=""http://www.rakuten.ne.jp/gold/yiprefer/images/ipcase/ipcase-078_03.jpg""><br> 
<img border=""0"" src=""http://www.rakuten.ne.jp/gold/yiprefer/images/ipcase/ipcase-078_04.jpg""><br> 
<img border=""0"" src=""http://www.rakuten.ne.jp/gold/yiprefer/images/ipcase/ipcase-078_05.jpg""><br> 
<img border=""0"" src=""http://www.rakuten.ne.jp/gold/yiprefer/images/ipcase/ipcase-078_06.jpg""><br> 
<img border=""0"" src=""http://www.rakuten.ne.jp/gold/yiprefer/images/ipcase/ipcase-078_07.jpg""><br> 
<img border=""0"" src=""http://www.rakuten.ne.jp/gold/yiprefer/images/ipcase/ipcase-078_08.jpg""><br> 
<img border=""0"" src=""http://www.rakuten.ne.jp/gold/yiprefer/images/ipcase/ipcase-078_09.jpg""><br> 

<img border=""0"" src=""http://www.rakuten.ne.jp/gold/yiprefer/images/ipcase/ipcase-078_10.jpg""><br> 

<img border=""0"" src=""http://image.rakuten.co.jp/yiprefer/cabinet/io/s54377878-pr.jpg""/><br>
<img src=""http://image.rakuten.co.jp/yiprefer/cabinet/io/review-pre.jpg"" width=""750"" border=""0"" usemap=""#review"">
<div align=""center""><a href=""http://www.rakuten.ne.jp/gold/yiprefer/delivery.html"" target=""_blank""><img src=""http://image.rakuten.co.jp/yiprefer/cabinet/io/gochuui.jpg"" alt=""ご注文の前に必ずお読みください"" width=""100%"" /></a><br>
 <br>
 <br>
</div><br><br><br>
<iframe src=""http://www.rakuten.ne.jp/gold/yiprefer/osusume.html"" scrolling=""no"" width=""790"" frameborder=""0"" height=""820"" >
</iframe><br><br><!--▼ Item Information ここから-->
<div class=""item_stl"">Item Information</div>
<table border=""0"" class=""item_shousai"">
  <tr>
    <th width=""60"">商品名</th>
    <td width=""402"">スライド式カード・SIMポケット付きケース</td>
  </tr>
  <tr>
    <th height=""16"">カラー</th>
    <td><p>ブラック/レッド/ホワイト/ブルー/ブラウン</p>
    </td>
  </tr>
  <tr>
    <th>材質</th>
    <td>PUレザー</td>
  </tr>
  <tr>
<th>対応機種</th>
<td>iPhone7/7 Plus/6/6S/6 Plus/6S Plus</td>
  <tr> 
  </tr>
  <tr>
<th>発送方法</th>
<td>ゆうパケット送料無料（宅急便の場合は送料540円～を加算）</td>
</tr></table>
<!--▲ Item Information ここまで-->
</div><!-- /item_w -->
<br><br><br><style>
input[value=""お買い物かごに入れる""] {
  background: url(http://www.rakuten.ne.jp/gold/yiprefer/images/bnr/cart_bt.jpg) no-repeat scroll left top rgba(0, 0, 0, 0);
  border: 0 none;
  display: inline-block;
  width: 248px;
  height: 55px;
  overflow: hidden;
  text-indent: -99999px;
  white-space: nowrap;
  margin:5px 0 5px;
}

input[value=""お買い物かごに入れる""]:hover {
  cursor: pointer;
  opacity: 0.6;
}

input {
  font-size: 14px;
  width: auto;
  border:1px solid #333333;
}


#pickup780 td{font-size:12px; text-align:left; width:25%; vertical-align:top; line-height:1.4;}
#pickup780 .price{color:#C00; font-weight:bold;}
#pickup780 td img{width:100%;}
#pickup780 td a{color:#333333;}

/*<!--
body{
background:url(http://image.rakuten.co.jp/yiprefer/cabinet/io/ss-100-440-50off.jpg) repeat-y top right;
}
-->*/
</style>

<br><br><br>
<img src=""http://www.rakuten.ne.jp/gold/yiprefer/images/pickup/pickup_tit780.jpg""><br>
<table width=""780"" border=""0"" cellspacing=""10"" cellpadding=""0"" id=""pickup780"">
  <tr>
    <td><img src=""http://thumbnail.image.rakuten.co.jp/@0_mall/yiprefer/cabinet/03615470/btr-006_01.jpg?_ex=300x300&s=2&r=1"" border=""0"" /><br />【REMAX】5000mAh エイリアンシリーズ モバイルバッテリー<br>
    <span class=""price"">2,440円 (税込)</span></td>
    <td><img src=""http://thumbnail.image.rakuten.co.jp/@0_mall/yiprefer/cabinet/03615470/btr-002_01.jpg?_ex=300x300&s=2&r=1"" border=""0""><br>【REMAX】10000mAh大容量 <br />
リチウムポリマー<br>
<span class=""price"">2,980円 (税込)</span></td>
    <td><img src=""http://thumbnail.image.rakuten.co.jp/@0_mall/yiprefer/cabinet/03615470/stand-016_01.jpg?_ex=300x300&s=2&r=1"" border=""0""><br>
      【REMAX】 iphone7スマートフォン<br />
粘着シール不要 ホルダー<br>
<span class=""price"">750円 (税込)</span></td>
  <td><img src=""https://thumbnail.image.rakuten.co.jp/@0_mall/yiprefer/cabinet/03615470/ipcase-116_01.jpg?_ex=300x300&s=2&r=1"" border=""0""><br> iPhone7/iPhone7 Plus クリアケースかわいい おしゃれ 　<br>
<span class=""price"">750円 (税込)</span></td> </tr>
    <tr> <td><img src=""http://thumbnail.image.rakuten.co.jp/@0_mall/yiprefer/cabinet/03615470/adpt-016_01.jpg?_ex=300x300&s=2&r=1"" border=""0""><br>
      【Baseus】Type C to USB <br />
     変換アダプター<br>
      <span class=""price"">2,760円 (税込)</span></td>  
 <td><img src=""https://thumbnail.image.rakuten.co.jp/@0_mall/yiprefer/cabinet/03615470/stand-033_01.jpg?_ex=300x300&s=2&r=1"" border=""0""><br>360度回転 マグネット iphone7 車載ホルダー<br><span class=""price"">1,880円 (税込)</span></td>
 <td><img src=""https://thumbnail.image.rakuten.co.jp/@0_mall/yiprefer/cabinet/03615470/ipcase-118_01.jpg?_ex=300x300&s=2&r=1"" border=""0""><br>
   iPhone7/iPhone7 plus スタンド付きケース<br>
 <span class=""price"">820円 (税込)</span></td>
    
    
    <td><img src=""http://thumbnail.image.rakuten.co.jp/@0_mall/yiprefer/cabinet/03615470/ep-010_01.jpg?_ex=300x300&s=2&r=1"" border=""0"" /><br>
      【REMAX】カナル式 イヤホン<br />
      運動時に最適<br>
      <span class=""price"">2,045円 (税込)</span></td>
  </tr>
</table>


<br><br><br>

<div style=""width:48%; height:725px; overflow:hidden; border:1px solid #CCC; float:left; margin-right:10px;"">
<img src=""http://www.rakuten.ne.jp/gold/yiprefer/ec-collection/images/ecolle_order.jpg"" width=""100%""><br>

</div>



<div style=""width:48%; overflow:hidden; float:left; height:720px;"">
<img src=""http://www.rakuten.ne.jp/gold/yiprefer/ec-collection/images/ecolle_review.jpg"" width=""100%""><br>
</div>
<br style=""clear:both;""><br><br>",iPhone7ケース 手帳型 おしゃれ【ゆう】送料無料 iphone7ケース レザー カバー スライド式カード SIMポケット iphone7 手帳型 ケース 衝撃吸収 iphone7カバー iphone7 plus 手帳型 ケースかわいい iphone6s plus 手帳型ケース iphone6splus ケース 手帳型：NeverChange楽天市場店,iPhone7ケース 手帳型 おしゃれ【ゆう】送料無料 iphone7ケース レザー カバー スライド式カード SIMポケット iphone7 手帳型 ケース 衝撃吸収 iphone7カバー iphone7 plus 手帳型 ケースかわいい iphone6s plus 手帳型ケース iphone6splus ケース 手帳型,お洒落 収納 クール  iphone アイフォン スマホケース 高級感。iPhone7ケース 手帳型 おしゃれ【ゆう】送料無料 iphone7ケース レザー カバー スライド式カード SIMポケット iphone7 手帳型 ケース 衝撃吸収 iphone7カバー iphone7 plus 手帳型 ケースかわいい iphone6s plus 手帳型ケース iphone6splus ケース 手帳型[rn]
