32-93101,http://tshop.r10s.jp/r-e-zakkaya/cabinet/main086/086085486-r1.jpg?fitin=700:700,1296.0000,,スマートフォン・タブレット > スマートフォンアクセサリー > スマートフォンスタンド,【6/1限定 ポイント10倍】敬老の日 ギフト 新築祝い ギフト 就職祝い 退職祝い  ご挨拶 プチギフト スマホストッパー オールドマン SR-3146 ギフト プレゼント【RCP】,渋いおじいちゃんがユニークなスマホスタンド。,"<!-- リビング雑貨あす楽 --><div style=""margin:0px 0px 5px 0px; clear:both"" class=""clearfix""><a href=""https://item.rakuten.co.jp/r-e-zakkaya/c/0000006740/"" target=""_self""><img src=""https://www.rakuten.ne.jp/gold/r-e-zakkaya/images/asuraku670.jpg"" alt=""あす楽対応 即日発送致します"" width=""670"" height=""79"" border=""0"" style=""margin-top:10px;"" /></a></div><!-- リビング雑貨あす楽 --><table width=""669"" border=""0"" cellspacing=""0"" cellpadding=""0"">
<tr>
<td width=""669""><img src=""https://image.rakuten.co.jp/r-e-zakkaya/cabinet/living086/086085448-1.jpg"" width=""670"" height=""800"" style=""margin:0px 0px 10px 0px""alt=""スマホストッパー オールドマン SR-3146-150"" /></td></tr>
   

<tr>
<td><table width=""670"" border=""0"" cellspacing=""0"" cellpadding=""5"">
<tr>
<td><p><font style=""font-weight:bold"" color=""#990000"" size=""4"">
<br>
渋いおじいちゃんがユニークなデスクトップシリーズ。</font><br>
<br />
<font size=""3"">どこかほっこりしてしまうおじいちゃんが可愛いスマホスタンド。<br>
スタンドとして使っていなくても、机の上に置いているだけでもオブジェとし机廻りを賑わしてくれます。|<br>
<br>
ユニークなプレゼントとしても喜ばれます。<br>
<br>
<br>
<br>
</font></p></td>
</tr>
</table></td>
</tr>

<tr>
<td height=""680""><img src=""https://image.rakuten.co.jp/r-e-zakkaya/cabinet/living086/086085486-2.jpg"" width=""670"" height=""670"" style=""margin:0px 0px 10px 0px""alt=""スマホストッパー オールドマン SR-3146-150"" /></td>
</tr>
<tr>
  <td height=""910""><img src=""https://image.rakuten.co.jp/r-e-zakkaya/cabinet/living086/086085448-3.jpg"" width=""670"" height=""900"" style=""margin:0px 0px 10px 0px""alt=""スマホストッパー オールドマン SR-3146-150"" /></td>
</tr>


</table>




<!-- 送料無料バナー -->
<div style=""margin:0px 0px 0px 0px; clear:both"" class=""clearfix""><a href=""https://item.rakuten.co.jp/r-e-zakkaya/c/0000007103/"" target=""_blank""><img src=""https://www.rakuten.ne.jp/gold/r-e-zakkaya/images/souryou-free670.jpg"" alt=""送料無料"" width=""670"" height=""100"" border=""0"" style=""margin-top:0px;"" /></a></div>
<p>
  <!--関連商品スタート-->
<div style=""margin:0px 0px 0px 0px; clear:both"" class=""clearfix""><img src=""https://www.rakuten.ne.jp/gold/r-e-zakkaya/images/related-products.jpg"" alt=""おすすめ関連商品"" width=""670"" height=""100"" border=""0"" style=""margin-top:0px;"" /></div>
<TABLE width=""670"" BORDER=""0"" CELLPADDING=""5"" CELLSPACING=""2"">
      <TR>
<TD ALIGN=""center"">
<FONT SIZE=""2"">
<A HREF=""https://item.rakuten.co.jp/r-e-zakkaya/086085479/"">
<IMG SRC=""https://image.rakuten.co.jp/r-e-zakkaya/cabinet/main086/086085479-r1.jpg"" ALT=""086085479"" BORDER=""0"" WIDTH=""140"" HEIGHT=""140"">
</A><BR>
<A HREF=""https://item.rakuten.co.jp/r-e-zakkaya/086085479/"">
<FONT COLOR=""#000000"">
スマホスタンド ジェントルマン SR-3007</FONT>
</A>
</FONT>
</TD>
  <TD ALIGN=""center"">
<FONT SIZE=""2"">
<A HREF=""https://item.rakuten.co.jp/r-e-zakkaya/086084267/"">
<IMG SRC=""https://image.rakuten.co.jp/r-e-zakkaya/cabinet/main086-1/086084267-r1.jpg"" ALT=""086084267"" BORDER=""0"" WIDTH=""140"" HEIGHT=""140"">
</A><BR>
<A HREF=""https://item.rakuten.co.jp/r-e-zakkaya/086084267/"">
<FONT COLOR=""#000000"">
ウォッチスタンド オールドマン SR-3226</FONT>
</A>
</FONT>
</TD>
  <TD ALIGN=""center"">
<FONT SIZE=""2"">
<A HREF=""https://item.rakuten.co.jp/r-e-zakkaya/086085462/"">
<IMG SRC=""https://image.rakuten.co.jp/r-e-zakkaya/cabinet/main086/086085462-r1.jpg"" ALT=""086085462"" BORDER=""0"" WIDTH=""140"" HEIGHT=""140"">
</A><BR>
<A HREF=""https://item.rakuten.co.jp/r-e-zakkaya/086085462/"">
<FONT COLOR=""#000000"">
スマホスタンド オールドマン SR-3006</FONT>
</A>
</FONT>
</TD>
  <TD ALIGN=""center"">
<FONT SIZE=""2"">
<A HREF=""https://item.rakuten.co.jp/r-e-zakkaya/086085493/"">
<IMG SRC=""https://image.rakuten.co.jp/r-e-zakkaya/cabinet/main086/086085493-r1.jpg"" ALT=""086085493"" BORDER=""0"" WIDTH=""140"" HEIGHT=""140"">
</A><BR>
<A HREF=""https://item.rakuten.co.jp/r-e-zakkaya/086085493/"">
<FONT COLOR=""#000000"">
スマホストッパー ジェントルマン SR-3147</FONT>
</A>
</FONT>
</TD>
</TR>
    <TR>
<TD ALIGN=""center"">
<FONT SIZE=""2"">
<A HREF=""https://item.rakuten.co.jp/r-e-zakkaya/086085486/"">
<IMG SRC=""https://image.rakuten.co.jp/r-e-zakkaya/cabinet/main086/086085486-r1.jpg"" ALT=""086085486"" BORDER=""0"" WIDTH=""140"" HEIGHT=""140"">
</A><BR>
<A HREF=""https://item.rakuten.co.jp/r-e-zakkaya/086085486/"">
<FONT COLOR=""#000000"">
スマホストッパー オールドマン SR-3146</FONT>
</A>
</FONT>
</TD>
  <TD ALIGN=""center"">
<FONT SIZE=""2"">
<A HREF=""https://item.rakuten.co.jp/r-e-zakkaya/086085455/"">
<IMG SRC=""https://image.rakuten.co.jp/r-e-zakkaya/cabinet/main086/086085455-r1.jpg"" ALT=""086085455"" BORDER=""0"" WIDTH=""140"" HEIGHT=""140"">
</A><BR>
<A HREF=""https://item.rakuten.co.jp/r-e-zakkaya/086085455/"">
<FONT COLOR=""#000000"">
メガネスタンド ミニ ジェントルマン SR-1226</FONT>
</A>
</FONT>
</TD>
  <TD ALIGN=""center"">
<FONT SIZE=""2"">
<A HREF=""https://item.rakuten.co.jp/r-e-zakkaya/086085448/"">
<IMG SRC=""https://image.rakuten.co.jp/r-e-zakkaya/cabinet/main086/086085448-r1.jpg"" ALT=""086085448"" BORDER=""0"" WIDTH=""140"" HEIGHT=""140"">
</A><BR>
<A HREF=""https://item.rakuten.co.jp/r-e-zakkaya/086085448/"">
<FONT COLOR=""#000000"">
メガネスタンド ミニ オールドマン SR-1225</FONT>
</A>
</FONT>
</TD>
</TR>
</TABLE>
<br /><!--関連商品終わり-->
<table width=""670"" border=""0"" cellspacing=""0"" cellpadding=""0"">
<tr>
<td>

 <a href=""https://www.rakuten.ne.jp/gold/r-e-zakkaya/rakugift.html"" target=""_blank""><img src=""https://www.rakuten.ne.jp/gold/r-e-zakkaya/images/wrapping-banner-living.jpg"" alt=""ラッピング無料"" width=""670"" height=""100"" border=""0"" style=""margin-bottom:5""></a><br> 
<!--<img src=""https://www.rakuten.ne.jp/gold/r-e-zakkaya/images/living-xmasgift.jpg"" alt=""クリスマスラッピング無料"" style=""margin-bottom:10"" width=""670"" height=""350""><br>
<a href=""https://item.rakuten.co.jp/r-e-zakkaya/000000101/""><img src=""https://www.rakuten.ne.jp/gold/r-e-zakkaya/images/yuryo-xmas2015gift.jpg"" alt=""有料クリスマスラッピング"" style=""margin-bottom:10"" width=""670""></a><br>-->
</td>
</tr>
</table><br>
<!--アイコン-->
<table width=""670"" border=""0"" cellpadding=""0"" cellspacing=""0"">
<tr>
<td>
<img src=""https://www.rakuten.ne.jp/gold/r-e-zakkaya/rakugift/3.jpg"" width=""89"" height=""89"" border=""0"" alt=""ラッピング・のし対応"" />
<img src=""https://www.rakuten.ne.jp/gold/r-e-zakkaya/rakugift/4.jpg"" width=""89"" height=""89"" border=""0"" alt=""メッセージカード対応"" />
<img src=""https://www.rakuten.ne.jp/gold/r-e-zakkaya/rakugift/8.jpg"" width=""89"" height=""89"" border=""0"" alt=""長寿祝い（敬老の日、還暦祝い～白寿）"" />
<img src=""https://www.rakuten.ne.jp/gold/r-e-zakkaya/rakugift/10.jpg"" width=""89"" height=""89"" border=""0"" alt=""就職祝い（昇進・退職祝い）"" />
<img src=""https://www.rakuten.ne.jp/gold/r-e-zakkaya/rakugift/15.jpg"" width=""89"" height=""89"" border=""0"" alt=""新築祝い（転宅祝い）"" />
<img src=""https://www.rakuten.ne.jp/gold/r-e-zakkaya/rakugift/17.jpg"" width=""89"" height=""89"" border=""0"" alt=""ご挨拶（プチギフト）"" />
</td>
</table>
<!--アイコン--><!--関連商品スタート-->
<br /><!--関連商品終わり-->
<table width=""670"" border=""1"" cellpadding=""4"" cellspacing=""1"" bgcolor=""#EEEEEE"">
<tr>
  <td width=""20%"" align=""left"" valign=""middle""><font size=""2"">サイズ：</font></td>
  <td width=""80%"" align=""left"" valign=""middle""><font size=""2"">幅5×奥行き7.5×高さ7.5cm</font></td>
</tr>
<tr>
  <td width=""20%"" align=""left"" valign=""middle""><font size=""2"">材質：</font></td>
  <td width=""80%"" align=""left"" valign=""middle""><font size=""2"">レジン</font></td>
</tr>
<tr>
  <td width=""20%"" align=""left"" valign=""middle""><font size=""2"">原産国：</font></td>
  <td width=""80%"" align=""left"" valign=""middle""><font size=""2"">Made in China</font></td>
</tr>
<tr>
  <td width=""20%"" align=""left"" valign=""middle""><font size=""2"">パッケージ：</font></td>
  <td width=""80%"" align=""left"" valign=""middle""><font size=""2"">クリアボックス</font></td>
</tr>
<tr>
  <td width=""20%"" align=""left"" valign=""middle""><font size=""2"">備考：</font></td>
  <td width=""80%"" align=""left"" valign=""middle""><font size=""2"">スマートフォンの形状、大きさにより置くことの出来ない物もございます。</font></td>
</tr>
</table>
<p style="" width:670; background-color:#EFEFEF; padding:5px; font-size:9px; color:#666; border:1px solid #CCC; margin:10px 0;"">商品名：スマホストッパー オールドマン SR-3146 <br>
旬なキーワード：スマートフォン スタンド スマホ ホルダー スタンド スマホスタンド マルチスタンド スマートフォンスタンド アイデア 便利 ユニーク おしゃれ おもしろい</p><!--Banner Start!-->
    
    <!--Banner Fin.//-->
<!--Ranking Start!-->
    
    <!--Ranking Fin.//-->
    <!--Recommend Start!-->
    
    <!--Recommend Fin.//-->

<STYLE type=""text/css""> 
<!--
A:HOVER IMG{
	
  filter: alpha(opacity=75);
  opacity:0.7;
}

/*fix banner　バナーのサイズが異なる場合は下のstyleで表示幅変更 */
/* side_fix_banner */
#sidefixedbanner {
	position: fixed;
	top: 160px;/*上からの高さ調節*/
	right: 0px;
	z-index: 10000;
}

.bnr_random {
	position: relative;
	top: 0px;
	right: 0px;
	list-style-type: none;
	margin: 0px;
	padding: 0px;
}

.bnr_random li {
	animation-name: album;
	animation-duration: 16s;
	animation-iteration-count: infinite;
	-moz-animation-name: album;
	-moz-animation-duration: 16s;
	-moz-animation-iteration-count: infinite;
	-webkit-animation-name: album;
	-webkit-animation-duration: 16s;
	-webkit-animation-iteration-count: infinite;
	-o-animation-name: album;
	-o-animation-duration: 16s;
	-o-animation-iteration-count: infinite;
	-ms-animation-name: album;
	-ms-animation-duration: 16s;
	-ms-animation-iteration-count: infinite;
	/*opacity: 0;*/
	position:absolute;
	list-style-type: none;
	margin: 0px;
	padding: 0px;
	z-index: 10001;
	transition: 0.4s ease-in-out;}

/* line01 */
.bnr_random .bnr01 {
	/*animation-delay: 0s;*/
	top: 0px;
	right: -245px;/* 
↑画像の隠したい部分の長さを指定してください。
左端に固定する場合は、rightをleftに変更してください。 */
}

/* line02 */
.bnr_random .bnr02 {
	/*animation-delay: 8s;*/
	-moz-z-index: 15000;
	top: 110px;/*上のバナーからの高さ調節*/
	right: -680px;/* 
↑画像の隠したい部分の長さを指定してください。
左端に固定する場合は、rightをleftに変更してください。 */
}

/* line03 */
.bnr_random .bnr03 {
	/*animation-delay: 0s;*/
	top: 220px;/*上のバナーからの高さ調節*/
	right: -680px;/* 
↑画像の隠したい部分の長さを指定してください。
左端に固定する場合は、rightをleftに変更してください。 */
}

/* line04 */
.bnr_random .bnr04 {
	/*animation-delay: 8s;*/
	-moz-z-index: 15000;
	top: 330px;/*上のバナーからの高さ調節*/
	right: -680px;/* 
↑画像の隠したい部分の長さを指定してください。
左端に固定する場合は、rightをleftに変更してください。 */
}


.bnr_random li:hover {
	right: 0px;
	/* animation-play-state: paused; */
}

.bnr_random a:hover {
	opacity: 1 !important;
	filter: alpha(opacity=100);
	-moz-opacity: 1; /* Firefox*/
}

/*下バナー*/
#fixedBannerBottom{
position: fixed;
bottom: 0px;
left: 0px;
display: block;
width: 100%;
height: 85px;
/*height: 130px;*//*※キャンペーン用*/
text-align: center;
background: #d8ceb1;
background-color: rgba(216, 206,177, 0.6); /*背景色変更はこちら*/
/*background-color: rgba(231,76,60, 0.8);*/ /*背景色変更はここ※キャンペーン用*/
z-index: 9999;

}

#fixedBannerBottom a:hover img {
opacity:0.9;
}


-->
</STYLE>






<!-- サイド_fixバナー/バナーのサイズが異なる場合は上のstyleで表示幅変更 -->
<div id=""sidefixedbanner"">
<ul class=""bnr_random"">

<!-- point -->
<li class=""bnr01"">
<img src=""https://www.rakuten.ne.jp/gold/r-e-zakkaya/fixbnr/coupon-slide-s.png"" width=""304"" height=""104"" border=""0"" alt=""ポイント"" style=""opacity: 1.0 !important;"">
</li>

<!-- tower -->
<li class=""bnr02"">
<img src=""https://www.rakuten.ne.jp/gold/r-e-zakkaya/fixbnr/tower-slide-s.png"" alt=""タワー"" width=""740"" height=""104"" border=""0"" style=""opacity: 1.0 !important;"">
</li>


<!-- TOSCA -->
<li class=""bnr03"">
<img src=""https://www.rakuten.ne.jp/gold/r-e-zakkaya/fixbnr/tosca-slide-s.png"" width=""740"" height=""104"" border=""0"" alt=""トスカ"" style=""opacity: 1.0 !important;"">
</li>

<!-- RIN -->
<li class=""bnr04"">
<img src=""https://www.rakuten.ne.jp/gold/r-e-zakkaya/fixbnr/rin-slide-s.png"" width=""740"" height=""104"" border=""0"" alt=""RIN"" style=""opacity: 1.0 !important;"">
</li>


</ul>
</div>
<!-- //Fin_サイド_fixバナー -->

<!-- 下_fixバナー -->
<div id=""fixedBannerBottom"">
<div style=""width: 960px; height: 81px; margin: 0px auto; position: relative; overflow: visible;"">

<!-- バナーとリンク先はこちら -->
<div style=""position: absolute; top: -49px; width: 960px; height: 100px; opacity: 1.0; overflow: visible; z-index: 2; display:block;"">
<img src=""https://www.rakuten.ne.jp/gold/r-e-zakkaya/fixbnr/kasa_naire_btm.png"" alt=""傘の名入れ始めました"">
</div>
<!-- //バナーとリンク先はこちら -->

<!-- バナーとリンク先はこちら　※キャンペーン用 -->
<!--<div style=""position: absolute; top: -0px; width: 960px; height: 100px; opacity: 1.0; overflow: visible; z-index: 2; display:block;"">
<img src=""https://www.rakuten.ne.jp/gold/r-e-zakkaya/fixbnr/entry-10bai-btm.png"" alt=""スマートフォンエントリー限定！全商品ポイント10倍キャンペーン！"">
</div>-->
<!-- //バナーとリンク先はこちら　※キャンペーン用 -->

</div>
</div> 
<!-- //下_fixバナー -->",【6/1限定 ポイント10倍】敬老の日 ギフト 新築祝い ギフト 就職祝い 退職祝い  ご挨拶 プチギフト スマホストッパー オールドマン SR-3146 ギフト プレゼント【RCP】：アイデア雑貨の専門店「雑貨屋」,ジッポーzippoアイデア商品インテリア家具ビーズアクセサリー手作りキッチン雑貨ワイシャツライターオイルライターガスライターゼロハリバートン桐たんすパソコンデスクハンドクラフトゴルフグローブオーダーメイドシラルガン防災グッズ通販【6/1限定 ポイント10倍】敬老の日 ギフト 新築祝い ギフト 就職祝い 退職祝い  ご挨拶 プチギフト スマホストッパー オールドマン SR-3146 ギフト プレゼント【RCP】,渋いおじいちゃんがユニークなスマホスタンド。。【6/1限定 ポイント10倍】敬老の日 ギフト 新築祝い ギフト 就職祝い 退職祝い  ご挨拶 プチギフト スマホストッパー オールドマン SR-3146 ギフト プレゼント【RCP】[rn]
32-93102,http://tshop.r10s.jp/r-e-zakkaya/cabinet/main086/086085493-r1.jpg?fitin=700:700,1296.0000,,スマートフォン・タブレット > スマートフォンアクセサリー > スマートフォンスタンド,【6/1限定 ポイント10倍】敬老の日 ギフト 新築祝い ギフト 就職祝い 退職祝い  ご挨拶 プチギフト スマホストッパー ジェントルマン SR-3147 ギフト プレゼント【RCP】,渋いおじいちゃんがユニークなスマホスタンド。,"<!-- リビング雑貨あす楽 --><div style=""margin:0px 0px 5px 0px; clear:both"" class=""clearfix""><a href=""https://item.rakuten.co.jp/r-e-zakkaya/c/0000006740/"" target=""_self""><img src=""https://www.rakuten.ne.jp/gold/r-e-zakkaya/images/asuraku670.jpg"" alt=""あす楽対応 即日発送致します"" width=""670"" height=""79"" border=""0"" style=""margin-top:10px;"" /></a></div><!-- リビング雑貨あす楽 --><table width=""669"" border=""0"" cellspacing=""0"" cellpadding=""0"">
<tr>
<td width=""669""><img src=""https://image.rakuten.co.jp/r-e-zakkaya/cabinet/living086/086085448-1.jpg"" width=""670"" height=""800"" style=""margin:0px 0px 10px 0px""alt=""スマホストッパー ジェントルマン SR-3147-150"" /></td></tr>
   

<tr>
<td><table width=""670"" border=""0"" cellspacing=""0"" cellpadding=""5"">
<tr>
<td><p><font style=""font-weight:bold"" color=""#990000"" size=""4"">
<br>
渋いおじいちゃんがユニークなデスクトップシリーズ。</font><br>
<br />
<font size=""3"">どこかほっこりしてしまうおじいちゃんが可愛いスマホスタンド。<br>
スタンドとして使っていなくても、机の上に置いているだけでもオブジェとし机廻りを賑わしてくれます。|<br>
<br>
ユニークなプレゼントとしても喜ばれます。<br>
<br>
<br>
<br>
</font></p></td>
</tr>
</table></td>
</tr>

<tr>
<td height=""680""><img src=""https://image.rakuten.co.jp/r-e-zakkaya/cabinet/living086/086085493-2.jpg"" width=""670"" height=""670"" style=""margin:0px 0px 10px 0px""alt=""スマホストッパー ジェントルマン SR-3147-150"" /></td>
</tr>
<tr>
  <td height=""910""><img src=""https://image.rakuten.co.jp/r-e-zakkaya/cabinet/living086/086085448-3.jpg"" width=""670"" height=""900"" style=""margin:0px 0px 10px 0px""alt=""スマホストッパー ジェントルマン SR-3147-150"" /></td>
</tr>


</table>




<!-- 送料無料バナー -->
<div style=""margin:0px 0px 0px 0px; clear:both"" class=""clearfix""><a href=""https://item.rakuten.co.jp/r-e-zakkaya/c/0000007103/"" target=""_blank""><img src=""https://www.rakuten.ne.jp/gold/r-e-zakkaya/images/souryou-free670.jpg"" alt=""送料無料"" width=""670"" height=""100"" border=""0"" style=""margin-top:0px;"" /></a></div>
<p>
  <!--関連商品スタート-->
<div style=""margin:0px 0px 0px 0px; clear:both"" class=""clearfix""><img src=""https://www.rakuten.ne.jp/gold/r-e-zakkaya/images/related-products.jpg"" alt=""おすすめ関連商品"" width=""670"" height=""100"" border=""0"" style=""margin-top:0px;"" /></div>
<TABLE width=""670"" BORDER=""0"" CELLPADDING=""5"" CELLSPACING=""2"">
      <TR>
<TD ALIGN=""center"">
<FONT SIZE=""2"">
<A HREF=""https://item.rakuten.co.jp/r-e-zakkaya/086085479/"">
<IMG SRC=""https://image.rakuten.co.jp/r-e-zakkaya/cabinet/main086/086085479-r1.jpg"" ALT=""086085479"" BORDER=""0"" WIDTH=""140"" HEIGHT=""140"">
</A><BR>
<A HREF=""https://item.rakuten.co.jp/r-e-zakkaya/086085479/"">
<FONT COLOR=""#000000"">
スマホスタンド ジェントルマン SR-3007</FONT>
</A>
</FONT>
</TD>
  <TD ALIGN=""center"">
<FONT SIZE=""2"">
<A HREF=""https://item.rakuten.co.jp/r-e-zakkaya/086084267/"">
<IMG SRC=""https://image.rakuten.co.jp/r-e-zakkaya/cabinet/main086-1/086084267-r1.jpg"" ALT=""086084267"" BORDER=""0"" WIDTH=""140"" HEIGHT=""140"">
</A><BR>
<A HREF=""https://item.rakuten.co.jp/r-e-zakkaya/086084267/"">
<FONT COLOR=""#000000"">
ウォッチスタンド オールドマン SR-3226</FONT>
</A>
</FONT>
</TD>
  <TD ALIGN=""center"">
<FONT SIZE=""2"">
<A HREF=""https://item.rakuten.co.jp/r-e-zakkaya/086085462/"">
<IMG SRC=""https://image.rakuten.co.jp/r-e-zakkaya/cabinet/main086/086085462-r1.jpg"" ALT=""086085462"" BORDER=""0"" WIDTH=""140"" HEIGHT=""140"">
</A><BR>
<A HREF=""https://item.rakuten.co.jp/r-e-zakkaya/086085462/"">
<FONT COLOR=""#000000"">
スマホスタンド オールドマン SR-3006</FONT>
</A>
</FONT>
</TD>
  <TD ALIGN=""center"">
<FONT SIZE=""2"">
<A HREF=""https://item.rakuten.co.jp/r-e-zakkaya/086085493/"">
<IMG SRC=""https://image.rakuten.co.jp/r-e-zakkaya/cabinet/main086/086085493-r1.jpg"" ALT=""086085493"" BORDER=""0"" WIDTH=""140"" HEIGHT=""140"">
</A><BR>
<A HREF=""https://item.rakuten.co.jp/r-e-zakkaya/086085493/"">
<FONT COLOR=""#000000"">
スマホストッパー ジェントルマン SR-3147</FONT>
</A>
</FONT>
</TD>
</TR>
    <TR>
<TD ALIGN=""center"">
<FONT SIZE=""2"">
<A HREF=""https://item.rakuten.co.jp/r-e-zakkaya/086085486/"">
<IMG SRC=""https://image.rakuten.co.jp/r-e-zakkaya/cabinet/main086/086085486-r1.jpg"" ALT=""086085486"" BORDER=""0"" WIDTH=""140"" HEIGHT=""140"">
</A><BR>
<A HREF=""https://item.rakuten.co.jp/r-e-zakkaya/086085486/"">
<FONT COLOR=""#000000"">
スマホストッパー オールドマン SR-3146</FONT>
</A>
</FONT>
</TD>
  <TD ALIGN=""center"">
<FONT SIZE=""2"">
<A HREF=""https://item.rakuten.co.jp/r-e-zakkaya/086085455/"">
<IMG SRC=""https://image.rakuten.co.jp/r-e-zakkaya/cabinet/main086/086085455-r1.jpg"" ALT=""086085455"" BORDER=""0"" WIDTH=""140"" HEIGHT=""140"">
</A><BR>
<A HREF=""https://item.rakuten.co.jp/r-e-zakkaya/086085455/"">
<FONT COLOR=""#000000"">
メガネスタンド ミニ ジェントルマン SR-1226</FONT>
</A>
</FONT>
</TD>
  <TD ALIGN=""center"">
<FONT SIZE=""2"">
<A HREF=""https://item.rakuten.co.jp/r-e-zakkaya/086085448/"">
<IMG SRC=""https://image.rakuten.co.jp/r-e-zakkaya/cabinet/main086/086085448-r1.jpg"" ALT=""086085448"" BORDER=""0"" WIDTH=""140"" HEIGHT=""140"">
</A><BR>
<A HREF=""https://item.rakuten.co.jp/r-e-zakkaya/086085448/"">
<FONT COLOR=""#000000"">
メガネスタンド ミニ オールドマン SR-1225</FONT>
</A>
</FONT>
</TD>
</TR>
</TABLE>
<br /><!--関連商品終わり-->
<table width=""670"" border=""0"" cellspacing=""0"" cellpadding=""0"">
<tr>
<td>

 <a href=""https://www.rakuten.ne.jp/gold/r-e-zakkaya/rakugift.html"" target=""_blank""><img src=""https://www.rakuten.ne.jp/gold/r-e-zakkaya/images/wrapping-banner-living.jpg"" alt=""ラッピング無料"" width=""670"" height=""100"" border=""0"" style=""margin-bottom:5""></a><br> 
<!--<img src=""https://www.rakuten.ne.jp/gold/r-e-zakkaya/images/living-xmasgift.jpg"" alt=""クリスマスラッピング無料"" style=""margin-bottom:10"" width=""670"" height=""350""><br>
<a href=""https://item.rakuten.co.jp/r-e-zakkaya/000000101/""><img src=""https://www.rakuten.ne.jp/gold/r-e-zakkaya/images/yuryo-xmas2015gift.jpg"" alt=""有料クリスマスラッピング"" style=""margin-bottom:10"" width=""670""></a><br>-->
</td>
</tr>
</table><br>
<!--アイコン-->
<table width=""670"" border=""0"" cellpadding=""0"" cellspacing=""0"">
<tr>
<td>
<img src=""https://www.rakuten.ne.jp/gold/r-e-zakkaya/rakugift/3.jpg"" width=""89"" height=""89"" border=""0"" alt=""ラッピング・のし対応"" />
<img src=""https://www.rakuten.ne.jp/gold/r-e-zakkaya/rakugift/4.jpg"" width=""89"" height=""89"" border=""0"" alt=""メッセージカード対応"" />
<img src=""https://www.rakuten.ne.jp/gold/r-e-zakkaya/rakugift/8.jpg"" width=""89"" height=""89"" border=""0"" alt=""長寿祝い（敬老の日、還暦祝い～白寿）"" />
<img src=""https://www.rakuten.ne.jp/gold/r-e-zakkaya/rakugift/10.jpg"" width=""89"" height=""89"" border=""0"" alt=""就職祝い（昇進・退職祝い）"" />
<img src=""https://www.rakuten.ne.jp/gold/r-e-zakkaya/rakugift/15.jpg"" width=""89"" height=""89"" border=""0"" alt=""新築祝い（転宅祝い）"" />
<img src=""https://www.rakuten.ne.jp/gold/r-e-zakkaya/rakugift/17.jpg"" width=""89"" height=""89"" border=""0"" alt=""ご挨拶（プチギフト）"" />
</td>
</table>
<!--アイコン--><!--関連商品スタート-->
<br /><!--関連商品終わり-->
<table width=""670"" border=""1"" cellpadding=""4"" cellspacing=""1"" bgcolor=""#EEEEEE"">
<tr>
  <td width=""20%"" align=""left"" valign=""middle""><font size=""2"">サイズ：</font></td>
  <td width=""80%"" align=""left"" valign=""middle""><font size=""2"">幅5×奥行き7.5×高さ7.5cm</font></td>
</tr>
<tr>
  <td width=""20%"" align=""left"" valign=""middle""><font size=""2"">材質：</font></td>
  <td width=""80%"" align=""left"" valign=""middle""><font size=""2"">レジン</font></td>
</tr>
<tr>
  <td width=""20%"" align=""left"" valign=""middle""><font size=""2"">原産国：</font></td>
  <td width=""80%"" align=""left"" valign=""middle""><font size=""2"">Made in China</font></td>
</tr>
<tr>
  <td width=""20%"" align=""left"" valign=""middle""><font size=""2"">パッケージ：</font></td>
  <td width=""80%"" align=""left"" valign=""middle""><font size=""2"">クリアボックス</font></td>
</tr>
<tr>
  <td width=""20%"" align=""left"" valign=""middle""><font size=""2"">備考：</font></td>
  <td width=""80%"" align=""left"" valign=""middle""><font size=""2"">スマートフォンの形状、大きさにより置くことの出来ない物もございます。</font></td>
</tr>
</table>
<p style="" width:670; background-color:#EFEFEF; padding:5px; font-size:9px; color:#666; border:1px solid #CCC; margin:10px 0;"">商品名：スマホストッパー ジェントルマン SR-3147 <br>
旬なキーワード：スマートフォン スタンド スマホ ホルダー スタンド スマホスタンド マルチスタンド スマートフォンスタンド アイデア 便利 ユニーク おしゃれ おもしろい</p><!--Banner Start!-->
    
    <!--Banner Fin.//-->
<!--Ranking Start!-->
    
    <!--Ranking Fin.//-->
    <!--Recommend Start!-->
    
    <!--Recommend Fin.//-->

<STYLE type=""text/css""> 
<!--
A:HOVER IMG{
	
  filter: alpha(opacity=75);
  opacity:0.7;
}

/*fix banner　バナーのサイズが異なる場合は下のstyleで表示幅変更 */
/* side_fix_banner */
#sidefixedbanner {
	position: fixed;
	top: 160px;/*上からの高さ調節*/
	right: 0px;
	z-index: 10000;
}

.bnr_random {
	position: relative;
	top: 0px;
	right: 0px;
	list-style-type: none;
	margin: 0px;
	padding: 0px;
}

.bnr_random li {
	animation-name: album;
	animation-duration: 16s;
	animation-iteration-count: infinite;
	-moz-animation-name: album;
	-moz-animation-duration: 16s;
	-moz-animation-iteration-count: infinite;
	-webkit-animation-name: album;
	-webkit-animation-duration: 16s;
	-webkit-animation-iteration-count: infinite;
	-o-animation-name: album;
	-o-animation-duration: 16s;
	-o-animation-iteration-count: infinite;
	-ms-animation-name: album;
	-ms-animation-duration: 16s;
	-ms-animation-iteration-count: infinite;
	/*opacity: 0;*/
	position:absolute;
	list-style-type: none;
	margin: 0px;
	padding: 0px;
	z-index: 10001;
	transition: 0.4s ease-in-out;}

/* line01 */
.bnr_random .bnr01 {
	/*animation-delay: 0s;*/
	top: 0px;
	right: -245px;/* 
↑画像の隠したい部分の長さを指定してください。
左端に固定する場合は、rightをleftに変更してください。 */
}

/* line02 */
.bnr_random .bnr02 {
	/*animation-delay: 8s;*/
	-moz-z-index: 15000;
	top: 110px;/*上のバナーからの高さ調節*/
	right: -680px;/* 
↑画像の隠したい部分の長さを指定してください。
左端に固定する場合は、rightをleftに変更してください。 */
}

/* line03 */
.bnr_random .bnr03 {
	/*animation-delay: 0s;*/
	top: 220px;/*上のバナーからの高さ調節*/
	right: -680px;/* 
↑画像の隠したい部分の長さを指定してください。
左端に固定する場合は、rightをleftに変更してください。 */
}

/* line04 */
.bnr_random .bnr04 {
	/*animation-delay: 8s;*/
	-moz-z-index: 15000;
	top: 330px;/*上のバナーからの高さ調節*/
	right: -680px;/* 
↑画像の隠したい部分の長さを指定してください。
左端に固定する場合は、rightをleftに変更してください。 */
}


.bnr_random li:hover {
	right: 0px;
	/* animation-play-state: paused; */
}

.bnr_random a:hover {
	opacity: 1 !important;
	filter: alpha(opacity=100);
	-moz-opacity: 1; /* Firefox*/
}

/*下バナー*/
#fixedBannerBottom{
position: fixed;
bottom: 0px;
left: 0px;
display: block;
width: 100%;
height: 85px;
/*height: 130px;*//*※キャンペーン用*/
text-align: center;
background: #d8ceb1;
background-color: rgba(216, 206,177, 0.6); /*背景色変更はこちら*/
/*background-color: rgba(231,76,60, 0.8);*/ /*背景色変更はここ※キャンペーン用*/
z-index: 9999;

}

#fixedBannerBottom a:hover img {
opacity:0.9;
}


-->
</STYLE>






<!-- サイド_fixバナー/バナーのサイズが異なる場合は上のstyleで表示幅変更 -->
<div id=""sidefixedbanner"">
<ul class=""bnr_random"">

<!-- point -->
<li class=""bnr01"">
<img src=""https://www.rakuten.ne.jp/gold/r-e-zakkaya/fixbnr/coupon-slide-s.png"" width=""304"" height=""104"" border=""0"" alt=""ポイント"" style=""opacity: 1.0 !important;"">
</li>

<!-- tower -->
<li class=""bnr02"">
<img src=""https://www.rakuten.ne.jp/gold/r-e-zakkaya/fixbnr/tower-slide-s.png"" alt=""タワー"" width=""740"" height=""104"" border=""0"" style=""opacity: 1.0 !important;"">
</li>


<!-- TOSCA -->
<li class=""bnr03"">
<img src=""https://www.rakuten.ne.jp/gold/r-e-zakkaya/fixbnr/tosca-slide-s.png"" width=""740"" height=""104"" border=""0"" alt=""トスカ"" style=""opacity: 1.0 !important;"">
</li>

<!-- RIN -->
<li class=""bnr04"">
<img src=""https://www.rakuten.ne.jp/gold/r-e-zakkaya/fixbnr/rin-slide-s.png"" width=""740"" height=""104"" border=""0"" alt=""RIN"" style=""opacity: 1.0 !important;"">
</li>


</ul>
</div>
<!-- //Fin_サイド_fixバナー -->

<!-- 下_fixバナー -->
<div id=""fixedBannerBottom"">
<div style=""width: 960px; height: 81px; margin: 0px auto; position: relative; overflow: visible;"">

<!-- バナーとリンク先はこちら -->
<div style=""position: absolute; top: -49px; width: 960px; height: 100px; opacity: 1.0; overflow: visible; z-index: 2; display:block;"">
<img src=""https://www.rakuten.ne.jp/gold/r-e-zakkaya/fixbnr/kasa_naire_btm.png"" alt=""傘の名入れ始めました"">
</div>
<!-- //バナーとリンク先はこちら -->

<!-- バナーとリンク先はこちら　※キャンペーン用 -->
<!--<div style=""position: absolute; top: -0px; width: 960px; height: 100px; opacity: 1.0; overflow: visible; z-index: 2; display:block;"">
<img src=""https://www.rakuten.ne.jp/gold/r-e-zakkaya/fixbnr/entry-10bai-btm.png"" alt=""スマートフォンエントリー限定！全商品ポイント10倍キャンペーン！"">
</div>-->
<!-- //バナーとリンク先はこちら　※キャンペーン用 -->

</div>
</div> 
<!-- //下_fixバナー -->",【6/1限定 ポイント10倍】敬老の日 ギフト 新築祝い ギフト 就職祝い 退職祝い  ご挨拶 プチギフト スマホストッパー ジェントルマン SR-3147 ギフト プレゼント【RCP】：アイデア雑貨の専門店「雑貨屋」,ジッポーzippoアイデア商品インテリア家具ビーズアクセサリー手作りキッチン雑貨ワイシャツライターオイルライターガスライターゼロハリバートン桐たんすパソコンデスクハンドクラフトゴルフグローブオーダーメイドシラルガン防災グッズ通販【6/1限定 ポイント10倍】敬老の日 ギフト 新築祝い ギフト 就職祝い 退職祝い  ご挨拶 プチギフト スマホストッパー ジェントルマン SR-3147 ギフト プレゼント【RCP】,渋いおじいちゃんがユニークなスマホスタンド。。【6/1限定 ポイント10倍】敬老の日 ギフト 新築祝い ギフト 就職祝い 退職祝い  ご挨拶 プチギフト スマホストッパー ジェントルマン SR-3147 ギフト プレゼント【RCP】[rn]
32-93103,http://tshop.r10s.jp/r-e-zakkaya/cabinet/main086/086085462-r1.jpg?fitin=700:700,1814.4000,,スマートフォン・タブレット > スマートフォンアクセサリー > スマートフォンスタンド,【6/1限定 ポイント10倍】敬老の日 ギフト 新築祝い ギフト 就職祝い 退職祝い  ご挨拶 プチギフト スマホスタンド オールドマン SR-3006 ギフト プレゼント【RCP】,渋いおじいちゃんがユニークなスマホスタンド。,"<!-- リビング雑貨あす楽 --><div style=""margin:0px 0px 5px 0px; clear:both"" class=""clearfix""><a href=""https://item.rakuten.co.jp/r-e-zakkaya/c/0000006740/"" target=""_self""><img src=""https://www.rakuten.ne.jp/gold/r-e-zakkaya/images/asuraku670.jpg"" alt=""あす楽対応 即日発送致します"" width=""670"" height=""79"" border=""0"" style=""margin-top:10px;"" /></a></div><!-- リビング雑貨あす楽 --><table width=""669"" border=""0"" cellspacing=""0"" cellpadding=""0"">
<tr>
<td width=""669""><img src=""https://image.rakuten.co.jp/r-e-zakkaya/cabinet/living086/086085448-1.jpg"" width=""670"" height=""800"" style=""margin:0px 0px 10px 0px""alt=""スマホスタンド オールドマン SR-3006-210"" /></td></tr>
   

<tr>
<td><table width=""670"" border=""0"" cellspacing=""0"" cellpadding=""5"">
<tr>
<td><p><font style=""font-weight:bold"" color=""#990000"" size=""4"">
<br>
渋いおじいちゃんがユニークなデスクトップシリーズ。</font><br>
<br />
<font size=""3"">どこかほっこりしてしまうおじいちゃんが可愛いスマホスタンド。<br>
スタンドとして使っていなくても、机の上に置いているだけでもオブジェとし机廻りを賑わしてくれます。|<br>
<br>
ユニークなプレゼントとしても喜ばれます。<br>
<br>
<br>
<br>
</font></p></td>
</tr>
</table></td>
</tr>

<tr>
<td height=""680""><img src=""https://image.rakuten.co.jp/r-e-zakkaya/cabinet/living086/086085462-2.jpg"" width=""670"" height=""670"" style=""margin:0px 0px 10px 0px""alt=""スマホスタンド オールドマン SR-3006-210"" /></td>
</tr>
<tr>
  <td height=""910""><img src=""https://image.rakuten.co.jp/r-e-zakkaya/cabinet/living086/086085448-3.jpg"" width=""670"" height=""900"" style=""margin:0px 0px 10px 0px""alt=""スマホスタンド オールドマン SR-3006-210"" /></td>
</tr>


</table>




<!-- 送料無料バナー -->
<div style=""margin:0px 0px 0px 0px; clear:both"" class=""clearfix""><a href=""https://item.rakuten.co.jp/r-e-zakkaya/c/0000007103/"" target=""_blank""><img src=""https://www.rakuten.ne.jp/gold/r-e-zakkaya/images/souryou-free670.jpg"" alt=""送料無料"" width=""670"" height=""100"" border=""0"" style=""margin-top:0px;"" /></a></div>
<p>
  <!--関連商品スタート-->
<div style=""margin:0px 0px 0px 0px; clear:both"" class=""clearfix""><img src=""https://www.rakuten.ne.jp/gold/r-e-zakkaya/images/related-products.jpg"" alt=""おすすめ関連商品"" width=""670"" height=""100"" border=""0"" style=""margin-top:0px;"" /></div>
<TABLE width=""670"" BORDER=""0"" CELLPADDING=""5"" CELLSPACING=""2"">
      <TR>
<TD ALIGN=""center"">
<FONT SIZE=""2"">
<A HREF=""https://item.rakuten.co.jp/r-e-zakkaya/086085479/"">
<IMG SRC=""https://image.rakuten.co.jp/r-e-zakkaya/cabinet/main086/086085479-r1.jpg"" ALT=""086085479"" BORDER=""0"" WIDTH=""140"" HEIGHT=""140"">
</A><BR>
<A HREF=""https://item.rakuten.co.jp/r-e-zakkaya/086085479/"">
<FONT COLOR=""#000000"">
スマホスタンド ジェントルマン SR-3007</FONT>
</A>
</FONT>
</TD>
  <TD ALIGN=""center"">
<FONT SIZE=""2"">
<A HREF=""https://item.rakuten.co.jp/r-e-zakkaya/086084267/"">
<IMG SRC=""https://image.rakuten.co.jp/r-e-zakkaya/cabinet/main086-1/086084267-r1.jpg"" ALT=""086084267"" BORDER=""0"" WIDTH=""140"" HEIGHT=""140"">
</A><BR>
<A HREF=""https://item.rakuten.co.jp/r-e-zakkaya/086084267/"">
<FONT COLOR=""#000000"">
ウォッチスタンド オールドマン SR-3226</FONT>
</A>
</FONT>
</TD>
  <TD ALIGN=""center"">
<FONT SIZE=""2"">
<A HREF=""https://item.rakuten.co.jp/r-e-zakkaya/086085462/"">
<IMG SRC=""https://image.rakuten.co.jp/r-e-zakkaya/cabinet/main086/086085462-r1.jpg"" ALT=""086085462"" BORDER=""0"" WIDTH=""140"" HEIGHT=""140"">
</A><BR>
<A HREF=""https://item.rakuten.co.jp/r-e-zakkaya/086085462/"">
<FONT COLOR=""#000000"">
スマホスタンド オールドマン SR-3006</FONT>
</A>
</FONT>
</TD>
  <TD ALIGN=""center"">
<FONT SIZE=""2"">
<A HREF=""https://item.rakuten.co.jp/r-e-zakkaya/086085493/"">
<IMG SRC=""https://image.rakuten.co.jp/r-e-zakkaya/cabinet/main086/086085493-r1.jpg"" ALT=""086085493"" BORDER=""0"" WIDTH=""140"" HEIGHT=""140"">
</A><BR>
<A HREF=""https://item.rakuten.co.jp/r-e-zakkaya/086085493/"">
<FONT COLOR=""#000000"">
スマホストッパー ジェントルマン SR-3147</FONT>
</A>
</FONT>
</TD>
</TR>
    <TR>
<TD ALIGN=""center"">
<FONT SIZE=""2"">
<A HREF=""https://item.rakuten.co.jp/r-e-zakkaya/086085486/"">
<IMG SRC=""https://image.rakuten.co.jp/r-e-zakkaya/cabinet/main086/086085486-r1.jpg"" ALT=""086085486"" BORDER=""0"" WIDTH=""140"" HEIGHT=""140"">
</A><BR>
<A HREF=""https://item.rakuten.co.jp/r-e-zakkaya/086085486/"">
<FONT COLOR=""#000000"">
スマホストッパー オールドマン SR-3146</FONT>
</A>
</FONT>
</TD>
  <TD ALIGN=""center"">
<FONT SIZE=""2"">
<A HREF=""https://item.rakuten.co.jp/r-e-zakkaya/086085455/"">
<IMG SRC=""https://image.rakuten.co.jp/r-e-zakkaya/cabinet/main086/086085455-r1.jpg"" ALT=""086085455"" BORDER=""0"" WIDTH=""140"" HEIGHT=""140"">
</A><BR>
<A HREF=""https://item.rakuten.co.jp/r-e-zakkaya/086085455/"">
<FONT COLOR=""#000000"">
メガネスタンド ミニ ジェントルマン SR-1226</FONT>
</A>
</FONT>
</TD>
  <TD ALIGN=""center"">
<FONT SIZE=""2"">
<A HREF=""https://item.rakuten.co.jp/r-e-zakkaya/086085448/"">
<IMG SRC=""https://image.rakuten.co.jp/r-e-zakkaya/cabinet/main086/086085448-r1.jpg"" ALT=""086085448"" BORDER=""0"" WIDTH=""140"" HEIGHT=""140"">
</A><BR>
<A HREF=""https://item.rakuten.co.jp/r-e-zakkaya/086085448/"">
<FONT COLOR=""#000000"">
メガネスタンド ミニ オールドマン SR-1225</FONT>
</A>
</FONT>
</TD>
</TR>
</TABLE>
<br /><!--関連商品終わり-->
<table width=""670"" border=""0"" cellspacing=""0"" cellpadding=""0"">
<tr>
<td>

 <a href=""https://www.rakuten.ne.jp/gold/r-e-zakkaya/rakugift.html"" target=""_blank""><img src=""https://www.rakuten.ne.jp/gold/r-e-zakkaya/images/wrapping-banner-living.jpg"" alt=""ラッピング無料"" width=""670"" height=""100"" border=""0"" style=""margin-bottom:5""></a><br> 
<!--<img src=""https://www.rakuten.ne.jp/gold/r-e-zakkaya/images/living-xmasgift.jpg"" alt=""クリスマスラッピング無料"" style=""margin-bottom:10"" width=""670"" height=""350""><br>
<a href=""https://item.rakuten.co.jp/r-e-zakkaya/000000101/""><img src=""https://www.rakuten.ne.jp/gold/r-e-zakkaya/images/yuryo-xmas2015gift.jpg"" alt=""有料クリスマスラッピング"" style=""margin-bottom:10"" width=""670""></a><br>-->
</td>
</tr>
</table><br>
<!--アイコン-->
<table width=""670"" border=""0"" cellpadding=""0"" cellspacing=""0"">
<tr>
<td>
<img src=""https://www.rakuten.ne.jp/gold/r-e-zakkaya/rakugift/3.jpg"" width=""89"" height=""89"" border=""0"" alt=""ラッピング・のし対応"" />
<img src=""https://www.rakuten.ne.jp/gold/r-e-zakkaya/rakugift/4.jpg"" width=""89"" height=""89"" border=""0"" alt=""メッセージカード対応"" />
<img src=""https://www.rakuten.ne.jp/gold/r-e-zakkaya/rakugift/8.jpg"" width=""89"" height=""89"" border=""0"" alt=""長寿祝い（敬老の日、還暦祝い～白寿）"" />
<img src=""https://www.rakuten.ne.jp/gold/r-e-zakkaya/rakugift/10.jpg"" width=""89"" height=""89"" border=""0"" alt=""就職祝い（昇進・退職祝い）"" />
<img src=""https://www.rakuten.ne.jp/gold/r-e-zakkaya/rakugift/15.jpg"" width=""89"" height=""89"" border=""0"" alt=""新築祝い（転宅祝い）"" />
<img src=""https://www.rakuten.ne.jp/gold/r-e-zakkaya/rakugift/17.jpg"" width=""89"" height=""89"" border=""0"" alt=""ご挨拶（プチギフト）"" />
</td>
</table>
<!--アイコン--><!--関連商品スタート-->
<br /><!--関連商品終わり-->
<table width=""670"" border=""1"" cellpadding=""4"" cellspacing=""1"" bgcolor=""#EEEEEE"">
<tr>
  <td width=""20%"" align=""left"" valign=""middle""><font size=""2"">サイズ：</font></td>
  <td width=""80%"" align=""left"" valign=""middle""><font size=""2"">幅6.5×奥行き9×高さ12.5cm</font></td>
</tr>
<tr>
  <td width=""20%"" align=""left"" valign=""middle""><font size=""2"">材質：</font></td>
  <td width=""80%"" align=""left"" valign=""middle""><font size=""2"">レジン</font></td>
</tr>
<tr>
  <td width=""20%"" align=""left"" valign=""middle""><font size=""2"">原産国：</font></td>
  <td width=""80%"" align=""left"" valign=""middle""><font size=""2"">Made in China</font></td>
</tr>
<tr>
  <td width=""20%"" align=""left"" valign=""middle""><font size=""2"">パッケージ：</font></td>
  <td width=""80%"" align=""left"" valign=""middle""><font size=""2"">クリアボックス</font></td>
</tr>
<tr>
  <td width=""20%"" align=""left"" valign=""middle""><font size=""2"">備考：</font></td>
  <td width=""80%"" align=""left"" valign=""middle""><font size=""2"">スマートフォンの形状、大きさにより置くことの出来ない物もございます。</font></td>
</tr>
</table>
<p style="" width:670; background-color:#EFEFEF; padding:5px; font-size:9px; color:#666; border:1px solid #CCC; margin:10px 0;"">商品名：スマホスタンド オールドマン SR-3006 <br>
旬なキーワード：スマートフォン スタンド スマホ ホルダー スタンド スマホスタンド マルチスタンド スマートフォンスタンド アイデア 便利 ユニーク おしゃれ おもしろい</p><!--Banner Start!-->
    
    <!--Banner Fin.//-->
<!--Ranking Start!-->
    
    <!--Ranking Fin.//-->
    <!--Recommend Start!-->
    
    <!--Recommend Fin.//-->

<STYLE type=""text/css""> 
<!--
A:HOVER IMG{
	
  filter: alpha(opacity=75);
  opacity:0.7;
}

/*fix banner　バナーのサイズが異なる場合は下のstyleで表示幅変更 */
/* side_fix_banner */
#sidefixedbanner {
	position: fixed;
	top: 160px;/*上からの高さ調節*/
	right: 0px;
	z-index: 10000;
}

.bnr_random {
	position: relative;
	top: 0px;
	right: 0px;
	list-style-type: none;
	margin: 0px;
	padding: 0px;
}

.bnr_random li {
	animation-name: album;
	animation-duration: 16s;
	animation-iteration-count: infinite;
	-moz-animation-name: album;
	-moz-animation-duration: 16s;
	-moz-animation-iteration-count: infinite;
	-webkit-animation-name: album;
	-webkit-animation-duration: 16s;
	-webkit-animation-iteration-count: infinite;
	-o-animation-name: album;
	-o-animation-duration: 16s;
	-o-animation-iteration-count: infinite;
	-ms-animation-name: album;
	-ms-animation-duration: 16s;
	-ms-animation-iteration-count: infinite;
	/*opacity: 0;*/
	position:absolute;
	list-style-type: none;
	margin: 0px;
	padding: 0px;
	z-index: 10001;
	transition: 0.4s ease-in-out;}

/* line01 */
.bnr_random .bnr01 {
	/*animation-delay: 0s;*/
	top: 0px;
	right: -245px;/* 
↑画像の隠したい部分の長さを指定してください。
左端に固定する場合は、rightをleftに変更してください。 */
}

/* line02 */
.bnr_random .bnr02 {
	/*animation-delay: 8s;*/
	-moz-z-index: 15000;
	top: 110px;/*上のバナーからの高さ調節*/
	right: -680px;/* 
↑画像の隠したい部分の長さを指定してください。
左端に固定する場合は、rightをleftに変更してください。 */
}

/* line03 */
.bnr_random .bnr03 {
	/*animation-delay: 0s;*/
	top: 220px;/*上のバナーからの高さ調節*/
	right: -680px;/* 
↑画像の隠したい部分の長さを指定してください。
左端に固定する場合は、rightをleftに変更してください。 */
}

/* line04 */
.bnr_random .bnr04 {
	/*animation-delay: 8s;*/
	-moz-z-index: 15000;
	top: 330px;/*上のバナーからの高さ調節*/
	right: -680px;/* 
↑画像の隠したい部分の長さを指定してください。
左端に固定する場合は、rightをleftに変更してください。 */
}


.bnr_random li:hover {
	right: 0px;
	/* animation-play-state: paused; */
}

.bnr_random a:hover {
	opacity: 1 !important;
	filter: alpha(opacity=100);
	-moz-opacity: 1; /* Firefox*/
}

/*下バナー*/
#fixedBannerBottom{
position: fixed;
bottom: 0px;
left: 0px;
display: block;
width: 100%;
height: 85px;
/*height: 130px;*//*※キャンペーン用*/
text-align: center;
background: #d8ceb1;
background-color: rgba(216, 206,177, 0.6); /*背景色変更はこちら*/
/*background-color: rgba(231,76,60, 0.8);*/ /*背景色変更はここ※キャンペーン用*/
z-index: 9999;

}

#fixedBannerBottom a:hover img {
opacity:0.9;
}


-->
</STYLE>






<!-- サイド_fixバナー/バナーのサイズが異なる場合は上のstyleで表示幅変更 -->
<div id=""sidefixedbanner"">
<ul class=""bnr_random"">

<!-- point -->
<li class=""bnr01"">
<img src=""https://www.rakuten.ne.jp/gold/r-e-zakkaya/fixbnr/coupon-slide-s.png"" width=""304"" height=""104"" border=""0"" alt=""ポイント"" style=""opacity: 1.0 !important;"">
</li>

<!-- tower -->
<li class=""bnr02"">
<img src=""https://www.rakuten.ne.jp/gold/r-e-zakkaya/fixbnr/tower-slide-s.png"" alt=""タワー"" width=""740"" height=""104"" border=""0"" style=""opacity: 1.0 !important;"">
</li>


<!-- TOSCA -->
<li class=""bnr03"">
<img src=""https://www.rakuten.ne.jp/gold/r-e-zakkaya/fixbnr/tosca-slide-s.png"" width=""740"" height=""104"" border=""0"" alt=""トスカ"" style=""opacity: 1.0 !important;"">
</li>

<!-- RIN -->
<li class=""bnr04"">
<img src=""https://www.rakuten.ne.jp/gold/r-e-zakkaya/fixbnr/rin-slide-s.png"" width=""740"" height=""104"" border=""0"" alt=""RIN"" style=""opacity: 1.0 !important;"">
</li>


</ul>
</div>
<!-- //Fin_サイド_fixバナー -->

<!-- 下_fixバナー -->
<div id=""fixedBannerBottom"">
<div style=""width: 960px; height: 81px; margin: 0px auto; position: relative; overflow: visible;"">

<!-- バナーとリンク先はこちら -->
<div style=""position: absolute; top: -49px; width: 960px; height: 100px; opacity: 1.0; overflow: visible; z-index: 2; display:block;"">
<img src=""https://www.rakuten.ne.jp/gold/r-e-zakkaya/fixbnr/kasa_naire_btm.png"" alt=""傘の名入れ始めました"">
</div>
<!-- //バナーとリンク先はこちら -->

<!-- バナーとリンク先はこちら　※キャンペーン用 -->
<!--<div style=""position: absolute; top: -0px; width: 960px; height: 100px; opacity: 1.0; overflow: visible; z-index: 2; display:block;"">
<img src=""https://www.rakuten.ne.jp/gold/r-e-zakkaya/fixbnr/entry-10bai-btm.png"" alt=""スマートフォンエントリー限定！全商品ポイント10倍キャンペーン！"">
</div>-->
<!-- //バナーとリンク先はこちら　※キャンペーン用 -->

</div>
</div> 
<!-- //下_fixバナー -->",【6/1限定 ポイント10倍】敬老の日 ギフト 新築祝い ギフト 就職祝い 退職祝い  ご挨拶 プチギフト スマホスタンド オールドマン SR-3006 ギフト プレゼント【RCP】：アイデア雑貨の専門店「雑貨屋」,ジッポーzippoアイデア商品インテリア家具ビーズアクセサリー手作りキッチン雑貨ワイシャツライターオイルライターガスライターゼロハリバートン桐たんすパソコンデスクハンドクラフトゴルフグローブオーダーメイドシラルガン防災グッズ通販【6/1限定 ポイント10倍】敬老の日 ギフト 新築祝い ギフト 就職祝い 退職祝い  ご挨拶 プチギフト スマホスタンド オールドマン SR-3006 ギフト プレゼント【RCP】,渋いおじいちゃんがユニークなスマホスタンド。。【6/1限定 ポイント10倍】敬老の日 ギフト 新築祝い ギフト 就職祝い 退職祝い  ご挨拶 プチギフト スマホスタンド オールドマン SR-3006 ギフト プレゼント【RCP】[rn]
32-93104,http://tshop.r10s.jp/kitcut/cabinet/item/14/prod-pict-299503.jpg?fitin=700:700,576.0000,,スマートフォン・タブレット > スマートフォンアクセサリー > その他,[1200円OFFクーポン有][ネコポス可] [メーカー在庫限り] LEPLUS Apple Watch 42mm シリコンケース「SILICON」 ピンク # LP-AW42SLPK  ルプラス (Apple Watch ケース),Apple Watchを傷や衝撃から保護するシリコンケース,"<br>

<!-- 関連分類リンク-->
<a href=""http://item.rakuten.co.jp/kitcut/c/""><img src=""http://image.rakuten.co.jp/kitcut/cabinet/banner/kitcut/suggest-film.jpg""></a><br>
<!-- 関連分類リンクここまで--><!-- ブックマーク -->
<br><p class=""add_bookmark""><a href=""https://my.bookmark.rakuten.co.jp/?func=reg&svid=101&shop_bid=206376&iid=10063157&itype=1""><img src=""https://image.rakuten.co.jp/kitcut/cabinet/banner/kitcut/imgrc0067948711.jpg"" alt=""Last Update : 2017/05/25 9:25:11""></a></p>
<!-- ブックマークここまで --><hr>
<!-- バリエーション -->
【バリエーション】
<div class=""variation2"">
<a href=""https://item.rakuten.co.jp/kitcut/299502/""><img width=""100"" border=""0"" src=""https://image.rakuten.co.jp/kitcut/cabinet/item/14/prod-pict-299502.jpg""></a>
<a href=""https://item.rakuten.co.jp/kitcut/299503/""><img width=""100"" border=""0"" src=""https://image.rakuten.co.jp/kitcut/cabinet/item/14/prod-pict-299503.jpg""></a>
<a href=""https://item.rakuten.co.jp/kitcut/299504/""><img width=""100"" border=""0"" src=""https://image.rakuten.co.jp/kitcut/cabinet/item/14/prod-pict-299504.jpg""></a>
<a href=""https://item.rakuten.co.jp/kitcut/299505/""><img width=""100"" border=""0"" src=""https://image.rakuten.co.jp/kitcut/cabinet/item/14/prod-pict-299505.jpg""></a><br>
<font color=""gray"">[family] <a href=""http://search.rakuten.co.jp/search/inshop-mall/29950111711/-/f.1-p.1-s.2-sf.0-sid.206376-st.A-v.3"">29950111711</a></font></div>
<!-- バリエーションここまで -->
<!-- ネコポス文言 --><br>
<img src='http://image.rakuten.co.jp/kitcut/cabinet/nekopos.jpg'><br>
<!-- ネコポス文言ここまで --><br><!-- 商品詳細 -->
<table class='item_explain' border='0' cellspacing='0' cellpadding='0'>
<tr>
<td>
Apple Watchを傷や衝撃から保護するシリコンケース<br>
<br>
・ 本体を傷や衝撃から守る<br>
・ しっとりとした柔らかい触感<br>
・ 柔軟性があり装着しやすいシリコン素材<br>
[仕様情報]<br>
素材 : シリコン<br>
製品寸法(mm) : 42mm : 38mm(高さ)x43mm(幅)x9mm(厚み)<br>
付属品 : なし<br>
<br>
 ※ 製品改良などのために仕様は予告なく変更することがあります。予めご了承下さい。<br>
<br><br>
[メーカー]ルプラス LEPLUS<br>
[商品型番] LP-AW42SLPK<br>
[バーコード] 4562398659872<br>

<font color=""gray"">
[材質] Silicone<br>[材質] ソフトケース<br>[色] ピンク<br>[対応] Apple Watch 42mm Series 1
</font><br>
</td>
</tr>
</table><br><br>
<!-- 商品詳細ここまで --><!--共通説明文（大）ここから-->

<table width=""800"" border=""0"" align=""center"">
  <tr>
    <td> <img src=""https://image.rakuten.co.jp/kitcut/cabinet/banner/05298098/imgrc0080334562.jpg"" width=""800px"" /></td>
  </tr>
</table>
<table width=""800"" border=""0"" align=""center"">
  <tr>
    <td> <img src=""https://image.rakuten.co.jp/kitcut/cabinet/banner/05298098/imgrc0080411111.jpg"" width=""800px"" /></td>
  </tr>
</table>

<!--横2列-->

<table width=""800"" border=""0"" align=""center"">
  <tr>
    <td> <img src=""https://image.rakuten.co.jp/kitcut/cabinet/top/05006737/imgrc0080402120.jpg"" width=""399"" /></td>
    
    <!--kickflip-->
    <td> <img src=""https://image.rakuten.co.jp/kitcut/cabinet/top/05006737/imgrc0080402031.jpg"" width=""399"" /></td>
  </tr>
</table>

<!--横2列-->

<table width=""800"" border=""0"" align=""center"">
  <tr>
    <td> <img src=""https://image.rakuten.co.jp/kitcut/cabinet/banner/05298098/imgrc0081316114.jpg"" width=""399"" /></td>
    <td> <img src=""https://image.rakuten.co.jp/kitcut/cabinet/banner/05298098/imgrc0080355902.jpg"" width=""399"" /></td>
  </tr>
</table>

<!--25周年の告知-->
<table width=""800"" border=""0"" align=""center"">
  <tr>
    <td> <img src=""http://image.rakuten.co.jp/kitcut/cabinet/banner/04802908/imgrc0073840290.jpg"" width=""399"" /></td>
    <td> <img src=""http://image.rakuten.co.jp/kitcut/cabinet/banner/04802908/imgrc0073840291.jpg"" width=""399"" /></td>
  </tr>
</table>

<!--6月5日(月)9:59まで　DEAL-->
<table width=""800"" border=""0"" align=""center"">
  <tr>
    <td> <img src=""https://image.rakuten.co.jp/kitcut/cabinet/special/imgrc0081361413.jpg"" width=""800px"" /> </td>
  </tr>
</table>

<!--6月5日(月)9:59まで　フラッシュセール-->


<table width=""800"" border=""0""align=""center"" style=""background-color:#444444; color:#F4D406; text-align: center; font-size:18px; border-radius: 5px;"" >
 <tr >
    <td colspan=""5"" ><img src=""https://image.rakuten.co.jp/kitcut/cabinet/special/imgrc0081361616.jpg"" alt="""" width=""99%"" /></td>
  </tr>
  <tr>
    <td><img src=""https://image.rakuten.co.jp/kitcut/cabinet/special/imgrc0081361618.jpg"" width=""97%"" /></td>
    <td><img src=""https://image.rakuten.co.jp/kitcut/cabinet/special/imgrc0081361617.jpg"" width=""97%"" /></td>
    <td><img src=""https://image.rakuten.co.jp/kitcut/cabinet/special/imgrc0081361619.jpg"" width=""97%"" /></td>
    <td><img src=""https://image.rakuten.co.jp/kitcut/cabinet/special/imgrc0081361620.jpg"" width=""97%"" /></td>
  </tr>
  <tr>
    <td colspan=""5"" >2017年6月1日（木）10:00～2017年6月6日（火）9:59迄</td>
  </tr>
</table>






<style type=""text/css"">

#item_attention_area {
  border: #D00 solid 2px;
}

#item_attention_area p{
  margin: 0;
  padding: 2px 5px;
  color: white;
  background-color: #D00;
}

#item_attention_area ul{
  margin:0;
  padding: 10px 15px 5px 15px;
  list-style: none;
}

#item_attention_area ul>li{
  margin-bottom: 5px;
}

@media (max-width:481px){
section table   { width: 100%; }

.item th  { width: 30%; text-align: left; }
.item td  { 
margin-bottom:10px;
display:table;
}    

@media only screen and (min-width:480px){
    .item { margin: 0 auto; }
   .item tr{
        display: block;
}
    .item th,
    .item td{
        max-width: 100%;
       display: block;
        border-top: none;
		margin-bottom:10px;	

}

</style>",[1200円OFFクーポン有][ネコポス可] [メーカー在庫限り] LEPLUS Apple Watch 42mm シリコンケース「SILICON」 ピンク # LP-AW42SLPK  ルプラス (Apple Watch ケース)：Apple専門店 キットカット,iPhone6 ケースiPhone 6 Plus ケースiPad Air 2 ケースiPad mini ケースAppleMacBook Pro ケースMacBook Air ケースbeats by dr.dreCatalystTHULEクラフトホリックiPad Pro ケースBOSEmoecoGILD designJBLヘッドホンイヤホンbluetoothスピーカー[1200円OFFクーポン有][ネコポス可] [メーカー在庫限り] LEPLUS Apple Watch 42mm シリコンケース「SILICON」 ピンク # LP-AW42SLPK  ルプラス (Apple Watch ケース),Apple Watchを傷や衝撃から保護するシリコンケース。[1200円OFFクーポン有][ネコポス可] [メーカー在庫限り] LEPLUS Apple Watch 42mm シリコンケース「SILICON」 ピンク # LP-AW42SLPK  ルプラス (Apple Watch ケース)[rn]
32-93105,http://tshop.r10s.jp/kitcut/cabinet/item/33/p43568941551_5306.jpg?fitin=700:700,7456.0000,,スマートフォン・タブレット > スマートフォンアクセサリー > その他,[1200円OFFクーポン有] Catalyst カタリスト Apple Watch 防水ケース for 42mm カタリスト (Apple Watch ケース),42mmのApple Watch専用、世界初の完全防水ケース,"<!-- リコメンド --><br>
<div id=""recommend_area"">
<h3>Catalyst カタリスト Apple Watch 防水ケース for 42mm カタリスト</h3>
<div class=""staff_recommend""><h3>42mmのApple Watch専用、世界初の完全防水ケース</h3><div class=""recom_showcase""><p class=""recom_img""><img src=""http://image.rakuten.co.jp/kitcut/cabinet/recom35/rec-435689-38713.jpg"" alt=""42mmのApple Watch専用、世界初の完全防水ケースの画像""></p></div><p></p></div>
<div class=""staff_recommend""><h3>カタリスト iPhone 6s/6s Plus 完全防水ケースと同色のカラーバリエーションで、おそろいのコーディネートを楽しめます。</h3><div class=""recom_showcase""><p class=""recom_img""><img src=""http://image.rakuten.co.jp/kitcut/cabinet/recom35/rec-435689-38714.jpg"" alt=""カタリスト iPhone 6s/6s Plus 完全防水ケースと同色のカラーバリエーションで、おそろいのコーディネートを楽しめます。の画像""></p></div><p></p></div>
<div class=""staff_recommend""><h3>軍事規格にも準拠した高い堅牢性
</h3><div class=""recom_showcase""><p class=""recom_img""><img src=""http://image.rakuten.co.jp/kitcut/cabinet/recom35/rec-435689-38715.jpg"" alt=""軍事規格にも準拠した高い堅牢性
の画像""></p></div><p></p></div>
<div class=""staff_recommend""><h3>ケース装着時でもApple Watchの全機能が使用可能</h3><div class=""recom_showcase""><p class=""recom_img""><img src=""http://image.rakuten.co.jp/kitcut/cabinet/recom35/rec-435689-38716.jpg"" alt=""ケース装着時でもApple Watchの全機能が使用可能の画像""></p></div><p>サイドボタンおよびデジタルクラウンパーツにもカラーアクセントとなる専用のパーツがあり、ケースを装着したまま操作が可能です。また、心拍計・充電・マイク・スピーカーなど、Apple Watchの全機能を利用できるよう設計されています。</p></div>
<div class=""staff_recommend""><h3>プレミアムシリコン製バンドが付属</h3><div class=""recom_showcase""><p class=""recom_img""><img src=""http://image.rakuten.co.jp/kitcut/cabinet/recom35/rec-435689-38717.jpg"" alt=""プレミアムシリコン製バンドが付属の画像""></p></div><p>ケースには、耐久性に優れたプレミアムシリコン製バンドが付属しています。</p></div>
</div>
<!-- リコメンドここまで -->

<br>

<!-- 関連分類リンク-->
<a href=""http://item.rakuten.co.jp/kitcut/c/""><img src=""http://image.rakuten.co.jp/kitcut/cabinet/banner/kitcut/suggest-film.jpg""></a><br>
<!-- 関連分類リンクここまで--><!-- ブックマーク -->
<br><p class=""add_bookmark""><a href=""https://my.bookmark.rakuten.co.jp/?func=reg&svid=101&shop_bid=206376&iid=10072348&itype=1""><img src=""https://image.rakuten.co.jp/kitcut/cabinet/banner/kitcut/imgrc0067948711.jpg"" alt=""Last Update : 2017/05/25 9:26:30""></a></p>
<!-- ブックマークここまで -->
<!-- 注意事項 -->
<div id=""item_attention_area"">
  <p>ご注意ください</p>
  <ul>
    <li>Black : 納期約1ヶ月<br>Black Orange : 納期約1ヶ月<br>White Green : 納期約1ヶ月   </li>
  </ul>
</div>
<!-- 注意事項ここまで -->

<!-- ネコポス文言 --><br>
<img src='http://image.rakuten.co.jp/kitcut/cabinet/nekopos.jpg'><br>
<!-- ネコポス文言ここまで --><br><!-- 商品詳細 -->
<table class='item_explain' border='0' cellspacing='0' cellpadding='0'>
<tr>
<td>
Catalyst Case for Apple Watch<br>
このケースさえあれば、他には何もいらない<br>
42mmのApple Watch専用、世界初の完全防水ケース<br>
<br>
・水深50m完全防水※<br>
・耐衝撃プロテクション<br>
・海水の腐食性からApple Watchを完全保護<br>
・JIS規格 最上級「IP68」準拠<br>
・アメリカ国防総省 軍事規格「MIL-STD-810G」準拠<br>
・クリアなスピーカー音再生<br>
・タッチパネル対応<br>
・ケース装着時に心拍計・マイク・スピーカーなど、Apple Watchの全機能が使用可能<br>
・ケースを装着したままApple Watchの充電が可能<br>
・カラーアクセントとなるデジタルクラウンパーツ<br>
・Apple Watchの洗練されたデザインを損なわない超薄フォルム<br>
・プレミアムシリコン製バンド<br>
・選べる3色 : ブラック・ブラックオレンジ・ホワイトグリーン<br>
<br>
※カタリストケースは水深50m防水テストをクリアしていますが、Apple Watch自体が持ちこたえられず、50m潜ることはCatalystとしてもおすすめしていません。<br>
<br>
■42mmのApple Watch専用、世界初の完全防水ケース<br>
Catalyst Case for Apple Watch(カタリスト Apple Watch防水ケース)は、50mまでの水深においてApple Watchを使用することを可能にする、完全防水・防塵ケースです。<br>
カタリスト iPhone 6s/6s Plus 完全防水ケースと同色のカラーバリエーションで、おそろいのコーディネートを楽しめます。<br>
<br>
■軍事規格にも準拠した高い堅牢性<br>
アメリカ国防総省の軍事規格「MIL-STD-810G」の落下テストをクリア、また防水・防塵におけるJIS規格 最上級「IP68」も準拠しています。<br>
耐久性・防滴性・防塵性にたいへん優れた堅牢な仕様を誇りますので、ケースを装着することで、お風呂やプールといった水周り、アウトドアやスポーツなどさまざまな環境で安心してApple Watchを使用することができます。<br>
<br>
■ケース装着時でもApple Watchの全機能が使用可能<br>
サイドボタンおよびデジタルクラウンパーツにもカラーアクセントとなる専用のパーツがあり、ケースを装着したまま操作が可能です。また、心拍計・充電・マイク・スピーカーなど、Apple Watchの全機能を利用できるよう設計されています。<br>
<br>
■プレミアムシリコン製バンドが付属<br>
ケースには、耐久性に優れたプレミアムシリコン製バンドが付属しています。<br>
<br>
■FAQ<br>
Qケースに付けたまま充電は可能ですか?<br>
Aはい、可能です。充電やその他のすべての操作ができます。充電は水気のない場所で行なってください。<br>
<br>
Q動作温度は何度ですか?<br>
Aカタリストケースは70°Cまで耐久性がありますが、これは、Apple Watchの動作温度を超えています。高温な場所(サウナ、浴槽、高温の車内など)や、温度や湿度が急激に変化する場所(冷水のプールからサウナや温水浴槽への移動など)カタリストケースを放置しないようにしてください。<br>
<br>
Qジェットスキーなどの激しいスポーツでも使用できますか?<br>
Aいいえ、高水圧になるスポーツでは、使用しないでください。<br>
<br>
<br>
[仕様情報]<br>
パッケージ内容 : ・Catalyst Case for Apple Watch x1<br>
　　　　　　　　・ダミーWatch x1<br>
　　　　　　　　・ネジ回し x1<br>
　　　　　　　　・予備パーツ(サイドボタン x1, ネジ x2)<br>
　　　　　　　　　(Apple Watchは含まれません)<br>
製品サイズ : 44.4 x 53 x 13.5mm(W x H x D)<br>
製品重量 : 35g <br>
<br>
パッケージサイズ : 82 x 195 x 26mm(W x H x D)<br>
パッケージ重量 : 96g<br><br>
[メーカー]カタリスト Catalyst<br>
  <table width='300px' bgcolor='#6C87B5' cellspacing='1' cellpadding='0'>
    <tr bgcolor='#ffffff'>
      <th align='center'><font size='2' color='#5F7192'></font></th>
      <th align='center'><font size='2' color='#5F7192'>型番</font></th>
      <th align='center'><font size='2' color='#5F7192'>JAN</font></th>
    </tr>

    <tr bgcolor='#ffffff' valign='center'>
      <td height='20' align='center'><font size='1' color='#4164A6'>Black</font></td>
      <td height='20' align='center'><font size='1'>CT-WPAW15-BK</font></td>
  <td height='20' align='center'><font size='1'>4582269469898</font></td>
    </tr>
    <tr bgcolor='F3F6F7' valign='center'>
      <td height='20' align='center'><font size='1' color='#4164A6'>Black Orange</font></td>
      <td height='20' align='center'><font size='1'>CT-WPAW15-BKOR</font></td>
  <td height='20' align='center'><font size='1'>4582269469904</font></td>
    </tr>
    <tr bgcolor='#ffffff' valign='center'>
      <td height='20' align='center'><font size='1' color='#4164A6'>White Green</font></td>
      <td height='20' align='center'><font size='1'>CT-WPAW15-WTGR</font></td>
  <td height='20' align='center'><font size='1'>4582269469911</font></td>
    </tr>
  </table><br>

<font color=""gray"">
[対応] Apple Watch 42mm Series 1<br>[性能] タフケース<br>[性能] 防塵<br>[性能] 防水<br>[色] オレンジ<br>[色] グリーン<br>[色] ブラック<br>[色] ホワイト
</font><br>
</td>
</tr>
</table><br><br>
<!-- 商品詳細ここまで --><!--共通説明文（大）ここから-->

<table width=""800"" border=""0"" align=""center"">
  <tr>
    <td> <img src=""https://image.rakuten.co.jp/kitcut/cabinet/banner/05298098/imgrc0080334562.jpg"" width=""800px"" /></td>
  </tr>
</table>
<table width=""800"" border=""0"" align=""center"">
  <tr>
    <td> <img src=""https://image.rakuten.co.jp/kitcut/cabinet/banner/05298098/imgrc0080411111.jpg"" width=""800px"" /></td>
  </tr>
</table>

<!--横2列-->

<table width=""800"" border=""0"" align=""center"">
  <tr>
    <td> <img src=""https://image.rakuten.co.jp/kitcut/cabinet/top/05006737/imgrc0080402120.jpg"" width=""399"" /></td>
    
    <!--kickflip-->
    <td> <img src=""https://image.rakuten.co.jp/kitcut/cabinet/top/05006737/imgrc0080402031.jpg"" width=""399"" /></td>
  </tr>
</table>

<!--横2列-->

<table width=""800"" border=""0"" align=""center"">
  <tr>
    <td> <img src=""https://image.rakuten.co.jp/kitcut/cabinet/banner/05298098/imgrc0081316114.jpg"" width=""399"" /></td>
    <td> <img src=""https://image.rakuten.co.jp/kitcut/cabinet/banner/05298098/imgrc0080355902.jpg"" width=""399"" /></td>
  </tr>
</table>

<!--25周年の告知-->
<table width=""800"" border=""0"" align=""center"">
  <tr>
    <td> <img src=""http://image.rakuten.co.jp/kitcut/cabinet/banner/04802908/imgrc0073840290.jpg"" width=""399"" /></td>
    <td> <img src=""http://image.rakuten.co.jp/kitcut/cabinet/banner/04802908/imgrc0073840291.jpg"" width=""399"" /></td>
  </tr>
</table>

<!--6月5日(月)9:59まで　DEAL-->
<table width=""800"" border=""0"" align=""center"">
  <tr>
    <td> <img src=""https://image.rakuten.co.jp/kitcut/cabinet/special/imgrc0081361413.jpg"" width=""800px"" /> </td>
  </tr>
</table>

<!--6月5日(月)9:59まで　フラッシュセール-->


<table width=""800"" border=""0""align=""center"" style=""background-color:#444444; color:#F4D406; text-align: center; font-size:18px; border-radius: 5px;"" >
 <tr >
    <td colspan=""5"" ><img src=""https://image.rakuten.co.jp/kitcut/cabinet/special/imgrc0081361616.jpg"" alt="""" width=""99%"" /></td>
  </tr>
  <tr>
    <td><img src=""https://image.rakuten.co.jp/kitcut/cabinet/special/imgrc0081361618.jpg"" width=""97%"" /></td>
    <td><img src=""https://image.rakuten.co.jp/kitcut/cabinet/special/imgrc0081361617.jpg"" width=""97%"" /></td>
    <td><img src=""https://image.rakuten.co.jp/kitcut/cabinet/special/imgrc0081361619.jpg"" width=""97%"" /></td>
    <td><img src=""https://image.rakuten.co.jp/kitcut/cabinet/special/imgrc0081361620.jpg"" width=""97%"" /></td>
  </tr>
  <tr>
    <td colspan=""5"" >2017年6月1日（木）10:00～2017年6月6日（火）9:59迄</td>
  </tr>
</table>






<style type=""text/css"">

#item_attention_area {
  border: #D00 solid 2px;
}

#item_attention_area p{
  margin: 0;
  padding: 2px 5px;
  color: white;
  background-color: #D00;
}

#item_attention_area ul{
  margin:0;
  padding: 10px 15px 5px 15px;
  list-style: none;
}

#item_attention_area ul>li{
  margin-bottom: 5px;
}

@media (max-width:481px){
section table   { width: 100%; }

.item th  { width: 30%; text-align: left; }
.item td  { 
margin-bottom:10px;
display:table;
}    

@media only screen and (min-width:480px){
    .item { margin: 0 auto; }
   .item tr{
        display: block;
}
    .item th,
    .item td{
        max-width: 100%;
       display: block;
        border-top: none;
		margin-bottom:10px;	

}

</style>",[1200円OFFクーポン有] Catalyst カタリスト Apple Watch 防水ケース for 42mm カタリスト (Apple Watch ケース)：Apple専門店 キットカット,iPhone6 ケースiPhone 6 Plus ケースiPad Air 2 ケースiPad mini ケースAppleMacBook Pro ケースMacBook Air ケースbeats by dr.dreCatalystTHULEクラフトホリックiPad Pro ケースBOSEmoecoGILD designJBLヘッドホンイヤホンbluetoothスピーカー[1200円OFFクーポン有] Catalyst カタリスト Apple Watch 防水ケース for 42mm カタリスト (Apple Watch ケース),42mmのApple Watch専用、世界初の完全防水ケース。[1200円OFFクーポン有] Catalyst カタリスト Apple Watch 防水ケース for 42mm カタリスト (Apple Watch ケース)[rn]
32-93106,http://tshop.r10s.jp/kitcut/cabinet/item/14/prod-pict-299505.jpg?fitin=700:700,576.0000,,スマートフォン・タブレット > スマートフォンアクセサリー > その他,[1200円OFFクーポン有][ネコポス可] [メーカー在庫限り] LEPLUS Apple Watch 42mm シリコンケース「SILICON」 グリーン # LP-AW42SLGR  ルプラス (Apple Watch ケース),Apple Watchを傷や衝撃から保護するシリコンケース,"<br>

<!-- 関連分類リンク-->
<a href=""http://item.rakuten.co.jp/kitcut/c/""><img src=""http://image.rakuten.co.jp/kitcut/cabinet/banner/kitcut/suggest-film.jpg""></a><br>
<!-- 関連分類リンクここまで--><!-- ブックマーク -->
<br><p class=""add_bookmark""><a href=""https://my.bookmark.rakuten.co.jp/?func=reg&svid=101&shop_bid=206376&iid=10063159&itype=1""><img src=""https://image.rakuten.co.jp/kitcut/cabinet/banner/kitcut/imgrc0067948711.jpg"" alt=""Last Update : 2017/05/25 9:25:11""></a></p>
<!-- ブックマークここまで --><hr>
<!-- バリエーション -->
【バリエーション】
<div class=""variation2"">
<a href=""https://item.rakuten.co.jp/kitcut/299502/""><img width=""100"" border=""0"" src=""https://image.rakuten.co.jp/kitcut/cabinet/item/14/prod-pict-299502.jpg""></a>
<a href=""https://item.rakuten.co.jp/kitcut/299503/""><img width=""100"" border=""0"" src=""https://image.rakuten.co.jp/kitcut/cabinet/item/14/prod-pict-299503.jpg""></a>
<a href=""https://item.rakuten.co.jp/kitcut/299504/""><img width=""100"" border=""0"" src=""https://image.rakuten.co.jp/kitcut/cabinet/item/14/prod-pict-299504.jpg""></a>
<a href=""https://item.rakuten.co.jp/kitcut/299505/""><img width=""100"" border=""0"" src=""https://image.rakuten.co.jp/kitcut/cabinet/item/14/prod-pict-299505.jpg""></a><br>
<font color=""gray"">[family] <a href=""http://search.rakuten.co.jp/search/inshop-mall/29950111711/-/f.1-p.1-s.2-sf.0-sid.206376-st.A-v.3"">29950111711</a></font></div>
<!-- バリエーションここまで -->
<!-- ネコポス文言 --><br>
<img src='http://image.rakuten.co.jp/kitcut/cabinet/nekopos.jpg'><br>
<!-- ネコポス文言ここまで --><br><!-- 商品詳細 -->
<table class='item_explain' border='0' cellspacing='0' cellpadding='0'>
<tr>
<td>
Apple Watchを傷や衝撃から保護するシリコンケース<br>
<br>
・ 本体を傷や衝撃から守る<br>
・ しっとりとした柔らかい触感<br>
・ 柔軟性があり装着しやすいシリコン素材<br>
[仕様情報]<br>
素材 : シリコン<br>
製品寸法(mm) : 42mm : 38mm(高さ)x43mm(幅)x9mm(厚み)<br>
付属品 : なし<br>
<br>
 ※ 製品改良などのために仕様は予告なく変更することがあります。予めご了承下さい。<br>
<br><br>
[メーカー]ルプラス LEPLUS<br>
[商品型番] LP-AW42SLGR<br>
[バーコード] 4562398659896<br>

<font color=""gray"">
[材質] Silicone<br>[材質] ソフトケース<br>[色] グリーン<br>[対応] Apple Watch 42mm Series 1
</font><br>
</td>
</tr>
</table><br><br>
<!-- 商品詳細ここまで --><!--共通説明文（大）ここから-->

<table width=""800"" border=""0"" align=""center"">
  <tr>
    <td> <img src=""https://image.rakuten.co.jp/kitcut/cabinet/banner/05298098/imgrc0080334562.jpg"" width=""800px"" /></td>
  </tr>
</table>
<table width=""800"" border=""0"" align=""center"">
  <tr>
    <td> <img src=""https://image.rakuten.co.jp/kitcut/cabinet/banner/05298098/imgrc0080411111.jpg"" width=""800px"" /></td>
  </tr>
</table>

<!--横2列-->

<table width=""800"" border=""0"" align=""center"">
  <tr>
    <td> <img src=""https://image.rakuten.co.jp/kitcut/cabinet/top/05006737/imgrc0080402120.jpg"" width=""399"" /></td>
    
    <!--kickflip-->
    <td> <img src=""https://image.rakuten.co.jp/kitcut/cabinet/top/05006737/imgrc0080402031.jpg"" width=""399"" /></td>
  </tr>
</table>

<!--横2列-->

<table width=""800"" border=""0"" align=""center"">
  <tr>
    <td> <img src=""https://image.rakuten.co.jp/kitcut/cabinet/banner/05298098/imgrc0081316114.jpg"" width=""399"" /></td>
    <td> <img src=""https://image.rakuten.co.jp/kitcut/cabinet/banner/05298098/imgrc0080355902.jpg"" width=""399"" /></td>
  </tr>
</table>

<!--25周年の告知-->
<table width=""800"" border=""0"" align=""center"">
  <tr>
    <td> <img src=""http://image.rakuten.co.jp/kitcut/cabinet/banner/04802908/imgrc0073840290.jpg"" width=""399"" /></td>
    <td> <img src=""http://image.rakuten.co.jp/kitcut/cabinet/banner/04802908/imgrc0073840291.jpg"" width=""399"" /></td>
  </tr>
</table>

<!--6月5日(月)9:59まで　DEAL-->
<table width=""800"" border=""0"" align=""center"">
  <tr>
    <td> <img src=""https://image.rakuten.co.jp/kitcut/cabinet/special/imgrc0081361413.jpg"" width=""800px"" /> </td>
  </tr>
</table>

<!--6月5日(月)9:59まで　フラッシュセール-->


<table width=""800"" border=""0""align=""center"" style=""background-color:#444444; color:#F4D406; text-align: center; font-size:18px; border-radius: 5px;"" >
 <tr >
    <td colspan=""5"" ><img src=""https://image.rakuten.co.jp/kitcut/cabinet/special/imgrc0081361616.jpg"" alt="""" width=""99%"" /></td>
  </tr>
  <tr>
    <td><img src=""https://image.rakuten.co.jp/kitcut/cabinet/special/imgrc0081361618.jpg"" width=""97%"" /></td>
    <td><img src=""https://image.rakuten.co.jp/kitcut/cabinet/special/imgrc0081361617.jpg"" width=""97%"" /></td>
    <td><img src=""https://image.rakuten.co.jp/kitcut/cabinet/special/imgrc0081361619.jpg"" width=""97%"" /></td>
    <td><img src=""https://image.rakuten.co.jp/kitcut/cabinet/special/imgrc0081361620.jpg"" width=""97%"" /></td>
  </tr>
  <tr>
    <td colspan=""5"" >2017年6月1日（木）10:00～2017年6月6日（火）9:59迄</td>
  </tr>
</table>






<style type=""text/css"">

#item_attention_area {
  border: #D00 solid 2px;
}

#item_attention_area p{
  margin: 0;
  padding: 2px 5px;
  color: white;
  background-color: #D00;
}

#item_attention_area ul{
  margin:0;
  padding: 10px 15px 5px 15px;
  list-style: none;
}

#item_attention_area ul>li{
  margin-bottom: 5px;
}

@media (max-width:481px){
section table   { width: 100%; }

.item th  { width: 30%; text-align: left; }
.item td  { 
margin-bottom:10px;
display:table;
}    

@media only screen and (min-width:480px){
    .item { margin: 0 auto; }
   .item tr{
        display: block;
}
    .item th,
    .item td{
        max-width: 100%;
       display: block;
        border-top: none;
		margin-bottom:10px;	

}

</style>",[1200円OFFクーポン有][ネコポス可] [メーカー在庫限り] LEPLUS Apple Watch 42mm シリコンケース「SILICON」 グリーン # LP-AW42SLGR  ルプラス (Apple Watch ケース)：Apple専門店 キットカット,iPhone6 ケースiPhone 6 Plus ケースiPad Air 2 ケースiPad mini ケースAppleMacBook Pro ケースMacBook Air ケースbeats by dr.dreCatalystTHULEクラフトホリックiPad Pro ケースBOSEmoecoGILD designJBLヘッドホンイヤホンbluetoothスピーカー[1200円OFFクーポン有][ネコポス可] [メーカー在庫限り] LEPLUS Apple Watch 42mm シリコンケース「SILICON」 グリーン # LP-AW42SLGR  ルプラス (Apple Watch ケース),Apple Watchを傷や衝撃から保護するシリコンケース。[1200円OFFクーポン有][ネコポス可] [メーカー在庫限り] LEPLUS Apple Watch 42mm シリコンケース「SILICON」 グリーン # LP-AW42SLGR  ルプラス (Apple Watch ケース)[rn]
32-93107,http://tshop.r10s.jp/kitcut/cabinet/item/30/prod-pict-299536.jpg?fitin=700:700,576.0000,,スマートフォン・タブレット > スマートフォンアクセサリー > その他,[1200円OFFクーポン有][ネコポス可] [メーカー在庫限り] LEPLUS Apple Watch 42mm 極薄フルカバーハードケース 「ZERO HARD」 クリアブルー # LP-AW42HTCBL  ルプラス   (Apple Watch ケース),Apple Watchの液晶画面まて&#12441;守る,"<br>

<!-- 関連分類リンク-->
<a href=""http://item.rakuten.co.jp/kitcut/c/""><img src=""http://image.rakuten.co.jp/kitcut/cabinet/banner/kitcut/suggest-film.jpg""></a><br>
<!-- 関連分類リンクここまで--><!-- ブックマーク -->
<br><p class=""add_bookmark""><a href=""https://my.bookmark.rakuten.co.jp/?func=reg&svid=101&shop_bid=206376&iid=10064497&itype=1""><img src=""https://image.rakuten.co.jp/kitcut/cabinet/banner/kitcut/imgrc0067948711.jpg"" alt=""Last Update : 2017/05/25 9:25:16""></a></p>
<!-- ブックマークここまで --><hr>
<!-- バリエーション -->
【バリエーション】
<div class=""variation2"">
<a href=""https://item.rakuten.co.jp/kitcut/299535/""><img width=""100"" border=""0"" src=""https://image.rakuten.co.jp/kitcut/cabinet/item/30/prod-pict-299535.jpg""></a>
<a href=""https://item.rakuten.co.jp/kitcut/299536/""><img width=""100"" border=""0"" src=""https://image.rakuten.co.jp/kitcut/cabinet/item/30/prod-pict-299536.jpg""></a>
<a href=""https://item.rakuten.co.jp/kitcut/299537/""><img width=""100"" border=""0"" src=""https://image.rakuten.co.jp/kitcut/cabinet/item/30/prod-pict-299537.jpg""></a><br>
<font color=""gray"">[family] <a href=""http://search.rakuten.co.jp/search/inshop-mall/29953460731/-/f.1-p.1-s.2-sf.0-sid.206376-st.A-v.3"">29953460731</a></font></div>
<!-- バリエーションここまで -->
<!-- ネコポス文言 --><br><img src=http://image.rakuten.co.jp/kitcut/cabinet/nekopos.jpg><br><!-- ネコポス文言ここまで --><br><!-- 商品詳細 --><table class=item_explain border=0 cellspacing=0 cellpadding=0><tr><td>Apple Watchの液晶画面まで守る、超薄型0.4mmハードケース<br><br>・ 超薄型0.4mmのポリカーボネート素材<br>・ 液晶画面まで保護する、フルカバータイプ<br>・ Apple Watch純正バンド色に合わせた5色展開<br><br><br>[仕様情報]<br>素材 : ポリカーボネート<br>製品寸法(mm) : 42mm : 45mm(高さ)x43mm(幅)x9mm(厚み)<br>付属品 : なし<br><br>[メーカー]ルプラス LEPLUS<br>[商品型番] LP-AW42HTCBL<br>[バーコード] 4562398659957<br> <font color=""gray"">[材質] ポリカーボネート製<br>[色] ブルー </font><br></td></tr></table><br><br><!-- 商品詳細ここまで --><!--共通説明文（大）ここから-->

<table width=""800"" border=""0"" align=""center"">
  <tr>
    <td> <img src=""https://image.rakuten.co.jp/kitcut/cabinet/banner/05298098/imgrc0080334562.jpg"" width=""800px"" /></td>
  </tr>
</table>
<table width=""800"" border=""0"" align=""center"">
  <tr>
    <td> <img src=""https://image.rakuten.co.jp/kitcut/cabinet/banner/05298098/imgrc0080411111.jpg"" width=""800px"" /></td>
  </tr>
</table>

<!--横2列-->

<table width=""800"" border=""0"" align=""center"">
  <tr>
    <td> <img src=""https://image.rakuten.co.jp/kitcut/cabinet/top/05006737/imgrc0080402120.jpg"" width=""399"" /></td>
    
    <!--kickflip-->
    <td> <img src=""https://image.rakuten.co.jp/kitcut/cabinet/top/05006737/imgrc0080402031.jpg"" width=""399"" /></td>
  </tr>
</table>

<!--横2列-->

<table width=""800"" border=""0"" align=""center"">
  <tr>
    <td> <img src=""https://image.rakuten.co.jp/kitcut/cabinet/banner/05298098/imgrc0081316114.jpg"" width=""399"" /></td>
    <td> <img src=""https://image.rakuten.co.jp/kitcut/cabinet/banner/05298098/imgrc0080355902.jpg"" width=""399"" /></td>
  </tr>
</table>

<!--25周年の告知-->
<table width=""800"" border=""0"" align=""center"">
  <tr>
    <td> <img src=""http://image.rakuten.co.jp/kitcut/cabinet/banner/04802908/imgrc0073840290.jpg"" width=""399"" /></td>
    <td> <img src=""http://image.rakuten.co.jp/kitcut/cabinet/banner/04802908/imgrc0073840291.jpg"" width=""399"" /></td>
  </tr>
</table>

<!--6月5日(月)9:59まで　DEAL-->
<table width=""800"" border=""0"" align=""center"">
  <tr>
    <td> <img src=""https://image.rakuten.co.jp/kitcut/cabinet/special/imgrc0081361413.jpg"" width=""800px"" /> </td>
  </tr>
</table>

<!--6月5日(月)9:59まで　フラッシュセール-->


<table width=""800"" border=""0""align=""center"" style=""background-color:#444444; color:#F4D406; text-align: center; font-size:18px; border-radius: 5px;"" >
 <tr >
    <td colspan=""5"" ><img src=""https://image.rakuten.co.jp/kitcut/cabinet/special/imgrc0081361616.jpg"" alt="""" width=""99%"" /></td>
  </tr>
  <tr>
    <td><img src=""https://image.rakuten.co.jp/kitcut/cabinet/special/imgrc0081361618.jpg"" width=""97%"" /></td>
    <td><img src=""https://image.rakuten.co.jp/kitcut/cabinet/special/imgrc0081361617.jpg"" width=""97%"" /></td>
    <td><img src=""https://image.rakuten.co.jp/kitcut/cabinet/special/imgrc0081361619.jpg"" width=""97%"" /></td>
    <td><img src=""https://image.rakuten.co.jp/kitcut/cabinet/special/imgrc0081361620.jpg"" width=""97%"" /></td>
  </tr>
  <tr>
    <td colspan=""5"" >2017年6月1日（木）10:00～2017年6月6日（火）9:59迄</td>
  </tr>
</table>






<style type=""text/css"">

#item_attention_area {
  border: #D00 solid 2px;
}

#item_attention_area p{
  margin: 0;
  padding: 2px 5px;
  color: white;
  background-color: #D00;
}

#item_attention_area ul{
  margin:0;
  padding: 10px 15px 5px 15px;
  list-style: none;
}

#item_attention_area ul>li{
  margin-bottom: 5px;
}

@media (max-width:481px){
section table   { width: 100%; }

.item th  { width: 30%; text-align: left; }
.item td  { 
margin-bottom:10px;
display:table;
}    

@media only screen and (min-width:480px){
    .item { margin: 0 auto; }
   .item tr{
        display: block;
}
    .item th,
    .item td{
        max-width: 100%;
       display: block;
        border-top: none;
		margin-bottom:10px;	

}

</style>",[1200円OFFクーポン有][ネコポス可] [メーカー在庫限り] LEPLUS Apple Watch 42mm 極薄フルカバーハードケース 「ZERO HARD」 クリアブルー # LP-AW42HTCBL  ルプラス   (Apple Watch ケース)：Apple専門店 キットカット,iPhone6 ケースiPhone 6 Plus ケースiPad Air 2 ケースiPad mini ケースAppleMacBook Pro ケースMacBook Air ケースbeats by dr.dreCatalystTHULEクラフトホリックiPad Pro ケースBOSEmoecoGILD designJBLヘッドホンイヤホンbluetoothスピーカー[1200円OFFクーポン有][ネコポス可] [メーカー在庫限り] LEPLUS Apple Watch 42mm 極薄フルカバーハードケース 「ZERO HARD」 クリアブルー # LP-AW42HTCBL  ルプラス   (Apple Watch ケース),Apple Watchの液晶画面まて&#12441;守る。[1200円OFFクーポン有][ネコポス可] [メーカー在庫限り] LEPLUS Apple Watch 42mm 極薄フルカバーハードケース 「ZERO HARD」 クリアブルー # LP-AW42HTCBL  ルプラス   (Apple Watch ケース)[rn]
32-93108,http://tshop.r10s.jp/kitcut/cabinet/item/30/prod-pict-299537.jpg?fitin=700:700,576.0000,,スマートフォン・タブレット > スマートフォンアクセサリー > その他,[1200円OFFクーポン有][ネコポス可] [メーカー在庫限り] LEPLUS Apple Watch 42mm 極薄フルカバーハードケース 「ZERO HARD」 クリアグリーン # LP-AW42HTCGR  ルプラス (Apple Watch ケース),Apple Watchの液晶画面まて&#12441;守る,"<br>

<!-- 関連分類リンク-->
<a href=""http://item.rakuten.co.jp/kitcut/c/""><img src=""http://image.rakuten.co.jp/kitcut/cabinet/banner/kitcut/suggest-film.jpg""></a><br>
<!-- 関連分類リンクここまで--><!-- ブックマーク -->
<br><p class=""add_bookmark""><a href=""https://my.bookmark.rakuten.co.jp/?func=reg&svid=101&shop_bid=206376&iid=10064498&itype=1""><img src=""https://image.rakuten.co.jp/kitcut/cabinet/banner/kitcut/imgrc0067948711.jpg"" alt=""Last Update : 2017/05/25 9:25:16""></a></p>
<!-- ブックマークここまで --><hr>
<!-- バリエーション -->
【バリエーション】
<div class=""variation2"">
<a href=""https://item.rakuten.co.jp/kitcut/299535/""><img width=""100"" border=""0"" src=""https://image.rakuten.co.jp/kitcut/cabinet/item/30/prod-pict-299535.jpg""></a>
<a href=""https://item.rakuten.co.jp/kitcut/299536/""><img width=""100"" border=""0"" src=""https://image.rakuten.co.jp/kitcut/cabinet/item/30/prod-pict-299536.jpg""></a>
<a href=""https://item.rakuten.co.jp/kitcut/299537/""><img width=""100"" border=""0"" src=""https://image.rakuten.co.jp/kitcut/cabinet/item/30/prod-pict-299537.jpg""></a><br>
<font color=""gray"">[family] <a href=""http://search.rakuten.co.jp/search/inshop-mall/29953460731/-/f.1-p.1-s.2-sf.0-sid.206376-st.A-v.3"">29953460731</a></font></div>
<!-- バリエーションここまで -->
<!-- ネコポス文言 --><br>
<img src='http://image.rakuten.co.jp/kitcut/cabinet/nekopos.jpg'><br>
<!-- ネコポス文言ここまで --><br><!-- 商品詳細 -->
<table class='item_explain' border='0' cellspacing='0' cellpadding='0'>
<tr>
<td>
Apple Watchの液晶画面まで守る、超薄型0.4mmハードケース<br>
<br>
・ 超薄型0.4mmのポリカーボネート素材<br>
・ 液晶画面まで保護する、フルカバータイプ<br>
・ Apple Watch純正バンド色に合わせた5色展開<br>
[仕様情報]<br>
素材 : ポリカーボネート<br>
製品寸法(mm) : 42mm : 45mm(高さ)x43mm(幅)x9mm(厚み)<br>
付属品 : なし<br><br>
[メーカー]ルプラス LEPLUS<br>
[商品型番] LP-AW42HTCGR<br>
[バーコード] 4562398659964<br>

<font color=""gray"">
[材質] ポリカーボネート製<br>[色] グリーン
</font><br>
</td>
</tr>
</table><br><br>
<!-- 商品詳細ここまで --><!--共通説明文（大）ここから-->

<table width=""800"" border=""0"" align=""center"">
  <tr>
    <td> <img src=""https://image.rakuten.co.jp/kitcut/cabinet/banner/05298098/imgrc0080334562.jpg"" width=""800px"" /></td>
  </tr>
</table>
<table width=""800"" border=""0"" align=""center"">
  <tr>
    <td> <img src=""https://image.rakuten.co.jp/kitcut/cabinet/banner/05298098/imgrc0080411111.jpg"" width=""800px"" /></td>
  </tr>
</table>

<!--横2列-->

<table width=""800"" border=""0"" align=""center"">
  <tr>
    <td> <img src=""https://image.rakuten.co.jp/kitcut/cabinet/top/05006737/imgrc0080402120.jpg"" width=""399"" /></td>
    
    <!--kickflip-->
    <td> <img src=""https://image.rakuten.co.jp/kitcut/cabinet/top/05006737/imgrc0080402031.jpg"" width=""399"" /></td>
  </tr>
</table>

<!--横2列-->

<table width=""800"" border=""0"" align=""center"">
  <tr>
    <td> <img src=""https://image.rakuten.co.jp/kitcut/cabinet/banner/05298098/imgrc0081316114.jpg"" width=""399"" /></td>
    <td> <img src=""https://image.rakuten.co.jp/kitcut/cabinet/banner/05298098/imgrc0080355902.jpg"" width=""399"" /></td>
  </tr>
</table>

<!--25周年の告知-->
<table width=""800"" border=""0"" align=""center"">
  <tr>
    <td> <img src=""http://image.rakuten.co.jp/kitcut/cabinet/banner/04802908/imgrc0073840290.jpg"" width=""399"" /></td>
    <td> <img src=""http://image.rakuten.co.jp/kitcut/cabinet/banner/04802908/imgrc0073840291.jpg"" width=""399"" /></td>
  </tr>
</table>

<!--6月5日(月)9:59まで　DEAL-->
<table width=""800"" border=""0"" align=""center"">
  <tr>
    <td> <img src=""https://image.rakuten.co.jp/kitcut/cabinet/special/imgrc0081361413.jpg"" width=""800px"" /> </td>
  </tr>
</table>

<!--6月5日(月)9:59まで　フラッシュセール-->


<table width=""800"" border=""0""align=""center"" style=""background-color:#444444; color:#F4D406; text-align: center; font-size:18px; border-radius: 5px;"" >
 <tr >
    <td colspan=""5"" ><img src=""https://image.rakuten.co.jp/kitcut/cabinet/special/imgrc0081361616.jpg"" alt="""" width=""99%"" /></td>
  </tr>
  <tr>
    <td><img src=""https://image.rakuten.co.jp/kitcut/cabinet/special/imgrc0081361618.jpg"" width=""97%"" /></td>
    <td><img src=""https://image.rakuten.co.jp/kitcut/cabinet/special/imgrc0081361617.jpg"" width=""97%"" /></td>
    <td><img src=""https://image.rakuten.co.jp/kitcut/cabinet/special/imgrc0081361619.jpg"" width=""97%"" /></td>
    <td><img src=""https://image.rakuten.co.jp/kitcut/cabinet/special/imgrc0081361620.jpg"" width=""97%"" /></td>
  </tr>
  <tr>
    <td colspan=""5"" >2017年6月1日（木）10:00～2017年6月6日（火）9:59迄</td>
  </tr>
</table>






<style type=""text/css"">

#item_attention_area {
  border: #D00 solid 2px;
}

#item_attention_area p{
  margin: 0;
  padding: 2px 5px;
  color: white;
  background-color: #D00;
}

#item_attention_area ul{
  margin:0;
  padding: 10px 15px 5px 15px;
  list-style: none;
}

#item_attention_area ul>li{
  margin-bottom: 5px;
}

@media (max-width:481px){
section table   { width: 100%; }

.item th  { width: 30%; text-align: left; }
.item td  { 
margin-bottom:10px;
display:table;
}    

@media only screen and (min-width:480px){
    .item { margin: 0 auto; }
   .item tr{
        display: block;
}
    .item th,
    .item td{
        max-width: 100%;
       display: block;
        border-top: none;
		margin-bottom:10px;	

}

</style>",[1200円OFFクーポン有][ネコポス可] [メーカー在庫限り] LEPLUS Apple Watch 42mm 極薄フルカバーハードケース 「ZERO HARD」 クリアグリーン # LP-AW42HTCGR  ルプラス (Apple Watch ケース)：Apple専門店 キットカット,iPhone6 ケースiPhone 6 Plus ケースiPad Air 2 ケースiPad mini ケースAppleMacBook Pro ケースMacBook Air ケースbeats by dr.dreCatalystTHULEクラフトホリックiPad Pro ケースBOSEmoecoGILD designJBLヘッドホンイヤホンbluetoothスピーカー[1200円OFFクーポン有][ネコポス可] [メーカー在庫限り] LEPLUS Apple Watch 42mm 極薄フルカバーハードケース 「ZERO HARD」 クリアグリーン # LP-AW42HTCGR  ルプラス (Apple Watch ケース),Apple Watchの液晶画面まて&#12441;守る。[1200円OFFクーポン有][ネコポス可] [メーカー在庫限り] LEPLUS Apple Watch 42mm 極薄フルカバーハードケース 「ZERO HARD」 クリアグリーン # LP-AW42HTCGR  ルプラス (Apple Watch ケース)[rn]
32-93109,http://tshop.r10s.jp/kitcut/cabinet/item/30/prod-pict-299535.jpg?fitin=700:700,576.0000,,スマートフォン・タブレット > スマートフォンアクセサリー > その他,[1200円OFFクーポン有][ネコポス可] [メーカー在庫限り] LEPLUS Apple Watch 42mm 極薄フルカバーハードケース 「ZERO HARD」 クリアピンク # LP-AW42HTCPK  ルプラス (Apple Watch ケース),Apple Watchの液晶画面まて&#12441;守る,"<br>

<!-- 関連分類リンク-->
<a href=""http://item.rakuten.co.jp/kitcut/c/""><img src=""http://image.rakuten.co.jp/kitcut/cabinet/banner/kitcut/suggest-film.jpg""></a><br>
<!-- 関連分類リンクここまで--><!-- ブックマーク -->
<br><p class=""add_bookmark""><a href=""https://my.bookmark.rakuten.co.jp/?func=reg&svid=101&shop_bid=206376&iid=10064496&itype=1""><img src=""https://image.rakuten.co.jp/kitcut/cabinet/banner/kitcut/imgrc0067948711.jpg"" alt=""Last Update : 2017/05/25 9:25:16""></a></p>
<!-- ブックマークここまで --><hr>
<!-- バリエーション -->
【バリエーション】
<div class=""variation2"">
<a href=""https://item.rakuten.co.jp/kitcut/299535/""><img width=""100"" border=""0"" src=""https://image.rakuten.co.jp/kitcut/cabinet/item/30/prod-pict-299535.jpg""></a>
<a href=""https://item.rakuten.co.jp/kitcut/299536/""><img width=""100"" border=""0"" src=""https://image.rakuten.co.jp/kitcut/cabinet/item/30/prod-pict-299536.jpg""></a>
<a href=""https://item.rakuten.co.jp/kitcut/299537/""><img width=""100"" border=""0"" src=""https://image.rakuten.co.jp/kitcut/cabinet/item/30/prod-pict-299537.jpg""></a><br>
<font color=""gray"">[family] <a href=""http://search.rakuten.co.jp/search/inshop-mall/29953460731/-/f.1-p.1-s.2-sf.0-sid.206376-st.A-v.3"">29953460731</a></font></div>
<!-- バリエーションここまで -->
<!-- ネコポス文言 --><br>
<img src='http://image.rakuten.co.jp/kitcut/cabinet/nekopos.jpg'><br>
<!-- ネコポス文言ここまで --><br><!-- 商品詳細 -->
<table class='item_explain' border='0' cellspacing='0' cellpadding='0'>
<tr>
<td>
Apple Watchの液晶画面まで守る、超薄型0.4mmハードケース<br>
<br>
・ 超薄型0.4mmのポリカーボネート素材<br>
・ 液晶画面まで保護する、フルカバータイプ<br>
・ Apple Watch純正バンド色に合わせた5色展開<br>
[仕様情報]<br>
素材 : ポリカーボネート<br>
製品寸法(mm) : 42mm : 45mm(高さ)x43mm(幅)x9mm(厚み)<br>
付属品 : なし<br><br>
[メーカー]ルプラス LEPLUS<br>
[商品型番] LP-AW42HTCPK<br>
[バーコード] 4562398659940<br>

<font color=""gray"">
[材質] ポリカーボネート製<br>[色] ピンク
</font><br>
</td>
</tr>
</table><br><br>
<!-- 商品詳細ここまで --><!--共通説明文（大）ここから-->

<table width=""800"" border=""0"" align=""center"">
  <tr>
    <td> <img src=""https://image.rakuten.co.jp/kitcut/cabinet/banner/05298098/imgrc0080334562.jpg"" width=""800px"" /></td>
  </tr>
</table>
<table width=""800"" border=""0"" align=""center"">
  <tr>
    <td> <img src=""https://image.rakuten.co.jp/kitcut/cabinet/banner/05298098/imgrc0080411111.jpg"" width=""800px"" /></td>
  </tr>
</table>

<!--横2列-->

<table width=""800"" border=""0"" align=""center"">
  <tr>
    <td> <img src=""https://image.rakuten.co.jp/kitcut/cabinet/top/05006737/imgrc0080402120.jpg"" width=""399"" /></td>
    
    <!--kickflip-->
    <td> <img src=""https://image.rakuten.co.jp/kitcut/cabinet/top/05006737/imgrc0080402031.jpg"" width=""399"" /></td>
  </tr>
</table>

<!--横2列-->

<table width=""800"" border=""0"" align=""center"">
  <tr>
    <td> <img src=""https://image.rakuten.co.jp/kitcut/cabinet/banner/05298098/imgrc0081316114.jpg"" width=""399"" /></td>
    <td> <img src=""https://image.rakuten.co.jp/kitcut/cabinet/banner/05298098/imgrc0080355902.jpg"" width=""399"" /></td>
  </tr>
</table>

<!--25周年の告知-->
<table width=""800"" border=""0"" align=""center"">
  <tr>
    <td> <img src=""http://image.rakuten.co.jp/kitcut/cabinet/banner/04802908/imgrc0073840290.jpg"" width=""399"" /></td>
    <td> <img src=""http://image.rakuten.co.jp/kitcut/cabinet/banner/04802908/imgrc0073840291.jpg"" width=""399"" /></td>
  </tr>
</table>

<!--6月5日(月)9:59まで　DEAL-->
<table width=""800"" border=""0"" align=""center"">
  <tr>
    <td> <img src=""https://image.rakuten.co.jp/kitcut/cabinet/special/imgrc0081361413.jpg"" width=""800px"" /> </td>
  </tr>
</table>

<!--6月5日(月)9:59まで　フラッシュセール-->


<table width=""800"" border=""0""align=""center"" style=""background-color:#444444; color:#F4D406; text-align: center; font-size:18px; border-radius: 5px;"" >
 <tr >
    <td colspan=""5"" ><img src=""https://image.rakuten.co.jp/kitcut/cabinet/special/imgrc0081361616.jpg"" alt="""" width=""99%"" /></td>
  </tr>
  <tr>
    <td><img src=""https://image.rakuten.co.jp/kitcut/cabinet/special/imgrc0081361618.jpg"" width=""97%"" /></td>
    <td><img src=""https://image.rakuten.co.jp/kitcut/cabinet/special/imgrc0081361617.jpg"" width=""97%"" /></td>
    <td><img src=""https://image.rakuten.co.jp/kitcut/cabinet/special/imgrc0081361619.jpg"" width=""97%"" /></td>
    <td><img src=""https://image.rakuten.co.jp/kitcut/cabinet/special/imgrc0081361620.jpg"" width=""97%"" /></td>
  </tr>
  <tr>
    <td colspan=""5"" >2017年6月1日（木）10:00～2017年6月6日（火）9:59迄</td>
  </tr>
</table>






<style type=""text/css"">

#item_attention_area {
  border: #D00 solid 2px;
}

#item_attention_area p{
  margin: 0;
  padding: 2px 5px;
  color: white;
  background-color: #D00;
}

#item_attention_area ul{
  margin:0;
  padding: 10px 15px 5px 15px;
  list-style: none;
}

#item_attention_area ul>li{
  margin-bottom: 5px;
}

@media (max-width:481px){
section table   { width: 100%; }

.item th  { width: 30%; text-align: left; }
.item td  { 
margin-bottom:10px;
display:table;
}    

@media only screen and (min-width:480px){
    .item { margin: 0 auto; }
   .item tr{
        display: block;
}
    .item th,
    .item td{
        max-width: 100%;
       display: block;
        border-top: none;
		margin-bottom:10px;	

}

</style>",[1200円OFFクーポン有][ネコポス可] [メーカー在庫限り] LEPLUS Apple Watch 42mm 極薄フルカバーハードケース 「ZERO HARD」 クリアピンク # LP-AW42HTCPK  ルプラス (Apple Watch ケース)：Apple専門店 キットカット,iPhone6 ケースiPhone 6 Plus ケースiPad Air 2 ケースiPad mini ケースAppleMacBook Pro ケースMacBook Air ケースbeats by dr.dreCatalystTHULEクラフトホリックiPad Pro ケースBOSEmoecoGILD designJBLヘッドホンイヤホンbluetoothスピーカー[1200円OFFクーポン有][ネコポス可] [メーカー在庫限り] LEPLUS Apple Watch 42mm 極薄フルカバーハードケース 「ZERO HARD」 クリアピンク # LP-AW42HTCPK  ルプラス (Apple Watch ケース),Apple Watchの液晶画面まて&#12441;守る。[1200円OFFクーポン有][ネコポス可] [メーカー在庫限り] LEPLUS Apple Watch 42mm 極薄フルカバーハードケース 「ZERO HARD」 クリアピンク # LP-AW42HTCPK  ルプラス (Apple Watch ケース)[rn]
32-93110,http://tshop.r10s.jp/kitcut/cabinet/item/14/prod-pict-299500.jpg?fitin=700:700,576.0000,,スマートフォン・タブレット > スマートフォンアクセサリー > その他,[1200円OFFクーポン有][ネコポス可] [メーカー在庫限り] LEPLUS Apple Watch 42mm ハードケース 「CLEAR HARD」 クリアグリーン # LP-AW42HGCGR  ルプラス (Apple Watch ケース),Apple Watchを保護するホ&#12442;リカーホ&#12441;ネートケース,"<br>

<!-- 関連分類リンク-->
<a href=""http://item.rakuten.co.jp/kitcut/c/""><img src=""http://image.rakuten.co.jp/kitcut/cabinet/banner/kitcut/suggest-film.jpg""></a><br>
<!-- 関連分類リンクここまで--><!-- ブックマーク -->
<br><p class=""add_bookmark""><a href=""https://my.bookmark.rakuten.co.jp/?func=reg&svid=101&shop_bid=206376&iid=10063154&itype=1""><img src=""https://image.rakuten.co.jp/kitcut/cabinet/banner/kitcut/imgrc0067948711.jpg"" alt=""Last Update : 2017/05/25 9:25:11""></a></p>
<!-- ブックマークここまで --><hr>
<!-- バリエーション -->
【バリエーション】
<div class=""variation2"">
<a href=""https://item.rakuten.co.jp/kitcut/299496/""><img width=""100"" border=""0"" src=""https://image.rakuten.co.jp/kitcut/cabinet/item/14/prod-pict-299496.jpg""></a>
<a href=""https://item.rakuten.co.jp/kitcut/299497/""><img width=""100"" border=""0"" src=""https://image.rakuten.co.jp/kitcut/cabinet/item/14/prod-pict-299497.jpg""></a>
<a href=""https://item.rakuten.co.jp/kitcut/299498/""><img width=""100"" border=""0"" src=""https://image.rakuten.co.jp/kitcut/cabinet/item/14/prod-pict-299498.jpg""></a>
<a href=""https://item.rakuten.co.jp/kitcut/299499/""><img width=""100"" border=""0"" src=""https://image.rakuten.co.jp/kitcut/cabinet/item/14/prod-pict-299499.jpg""></a>
<a href=""https://item.rakuten.co.jp/kitcut/299500/""><img width=""100"" border=""0"" src=""https://image.rakuten.co.jp/kitcut/cabinet/item/14/prod-pict-299500.jpg""></a><br>
<font color=""gray"">[family] <a href=""http://search.rakuten.co.jp/search/inshop-mall/29949630761/-/f.1-p.1-s.2-sf.0-sid.206376-st.A-v.3"">29949630761</a></font></div>
<!-- バリエーションここまで -->
<!-- フレンド -->
<div class=""variation3"">
<p>【気になる商品】</p>
<img width=""100"" border=""0"" src=""http://image.rakuten.co.jp/kitcut/cabinet/item/14/prod-pict-299484.jpg"">
<img width=""100"" border=""0"" src=""http://image.rakuten.co.jp/kitcut/cabinet/item/14/prod-pict-299485.jpg"">
<img width=""100"" border=""0"" src=""http://image.rakuten.co.jp/kitcut/cabinet/item/14/prod-pict-299486.jpg"">
<img width=""100"" border=""0"" src=""http://image.rakuten.co.jp/kitcut/cabinet/item/14/prod-pict-299487.jpg"">
<img width=""100"" border=""0"" src=""http://image.rakuten.co.jp/kitcut/cabinet/item/14/prod-pict-299488.jpg"">
            <br>
</div>
<hr>
<!-- フレンドここまで --><br>

<!-- ネコポス文言 --><br>
<img src='http://image.rakuten.co.jp/kitcut/cabinet/nekopos.jpg'><br>
<!-- ネコポス文言ここまで --><br><!-- 商品詳細 -->
<table class='item_explain' border='0' cellspacing='0' cellpadding='0'>
<tr>
<td>
Apple Watchをしっかりと保護する、ポリカーボネート製ケース<br>
<br>
・ 硬くて丈夫なポリカーボネート素材<br>
・ 傷つきにくい、UVコーティング<br>
・ Apple Watch純正バンド色に合わせた5色展開<br>
<br>
<br>
[仕様情報]<br>
素材 : ポリカーボネート<br>
表面加工 : UVクリアコーティング<br>
製品寸法(mm) : 42mm : 38mm(高さ)x43mm(幅)x9mm(厚み)<br>
付属品 : なし<br>
<br>
※ 製品改良などのために仕様は予告なく変更することがあります。予めご了承下さい。<br>
<br><br>
[メーカー]ルプラス LEPLUS<br>
[商品型番] LP-AW42HGCGR<br>
[バーコード] 4562398659841<br>

<font color=""gray"">
[材質] ポリカーボネート製<br>[材質] ハードケース<br>[色] グリーン<br>[対応] Apple Watch 42mm Series 1
</font><br>
</td>
</tr>
</table><br><br>
<!-- 商品詳細ここまで --><!--共通説明文（大）ここから-->

<table width=""800"" border=""0"" align=""center"">
  <tr>
    <td> <img src=""https://image.rakuten.co.jp/kitcut/cabinet/banner/05298098/imgrc0080334562.jpg"" width=""800px"" /></td>
  </tr>
</table>
<table width=""800"" border=""0"" align=""center"">
  <tr>
    <td> <img src=""https://image.rakuten.co.jp/kitcut/cabinet/banner/05298098/imgrc0080411111.jpg"" width=""800px"" /></td>
  </tr>
</table>

<!--横2列-->

<table width=""800"" border=""0"" align=""center"">
  <tr>
    <td> <img src=""https://image.rakuten.co.jp/kitcut/cabinet/top/05006737/imgrc0080402120.jpg"" width=""399"" /></td>
    
    <!--kickflip-->
    <td> <img src=""https://image.rakuten.co.jp/kitcut/cabinet/top/05006737/imgrc0080402031.jpg"" width=""399"" /></td>
  </tr>
</table>

<!--横2列-->

<table width=""800"" border=""0"" align=""center"">
  <tr>
    <td> <img src=""https://image.rakuten.co.jp/kitcut/cabinet/banner/05298098/imgrc0081316114.jpg"" width=""399"" /></td>
    <td> <img src=""https://image.rakuten.co.jp/kitcut/cabinet/banner/05298098/imgrc0080355902.jpg"" width=""399"" /></td>
  </tr>
</table>

<!--25周年の告知-->
<table width=""800"" border=""0"" align=""center"">
  <tr>
    <td> <img src=""http://image.rakuten.co.jp/kitcut/cabinet/banner/04802908/imgrc0073840290.jpg"" width=""399"" /></td>
    <td> <img src=""http://image.rakuten.co.jp/kitcut/cabinet/banner/04802908/imgrc0073840291.jpg"" width=""399"" /></td>
  </tr>
</table>

<!--6月5日(月)9:59まで　DEAL-->
<table width=""800"" border=""0"" align=""center"">
  <tr>
    <td> <img src=""https://image.rakuten.co.jp/kitcut/cabinet/special/imgrc0081361413.jpg"" width=""800px"" /> </td>
  </tr>
</table>

<!--6月5日(月)9:59まで　フラッシュセール-->


<table width=""800"" border=""0""align=""center"" style=""background-color:#444444; color:#F4D406; text-align: center; font-size:18px; border-radius: 5px;"" >
 <tr >
    <td colspan=""5"" ><img src=""https://image.rakuten.co.jp/kitcut/cabinet/special/imgrc0081361616.jpg"" alt="""" width=""99%"" /></td>
  </tr>
  <tr>
    <td><img src=""https://image.rakuten.co.jp/kitcut/cabinet/special/imgrc0081361618.jpg"" width=""97%"" /></td>
    <td><img src=""https://image.rakuten.co.jp/kitcut/cabinet/special/imgrc0081361617.jpg"" width=""97%"" /></td>
    <td><img src=""https://image.rakuten.co.jp/kitcut/cabinet/special/imgrc0081361619.jpg"" width=""97%"" /></td>
    <td><img src=""https://image.rakuten.co.jp/kitcut/cabinet/special/imgrc0081361620.jpg"" width=""97%"" /></td>
  </tr>
  <tr>
    <td colspan=""5"" >2017年6月1日（木）10:00～2017年6月6日（火）9:59迄</td>
  </tr>
</table>






<style type=""text/css"">

#item_attention_area {
  border: #D00 solid 2px;
}

#item_attention_area p{
  margin: 0;
  padding: 2px 5px;
  color: white;
  background-color: #D00;
}

#item_attention_area ul{
  margin:0;
  padding: 10px 15px 5px 15px;
  list-style: none;
}

#item_attention_area ul>li{
  margin-bottom: 5px;
}

@media (max-width:481px){
section table   { width: 100%; }

.item th  { width: 30%; text-align: left; }
.item td  { 
margin-bottom:10px;
display:table;
}    

@media only screen and (min-width:480px){
    .item { margin: 0 auto; }
   .item tr{
        display: block;
}
    .item th,
    .item td{
        max-width: 100%;
       display: block;
        border-top: none;
		margin-bottom:10px;	

}

</style>",[1200円OFFクーポン有][ネコポス可] [メーカー在庫限り] LEPLUS Apple Watch 42mm ハードケース 「CLEAR HARD」 クリアグリーン # LP-AW42HGCGR  ルプラス (Apple Watch ケース)：Apple専門店 キットカット,iPhone6 ケースiPhone 6 Plus ケースiPad Air 2 ケースiPad mini ケースAppleMacBook Pro ケースMacBook Air ケースbeats by dr.dreCatalystTHULEクラフトホリックiPad Pro ケースBOSEmoecoGILD designJBLヘッドホンイヤホンbluetoothスピーカー[1200円OFFクーポン有][ネコポス可] [メーカー在庫限り] LEPLUS Apple Watch 42mm ハードケース 「CLEAR HARD」 クリアグリーン # LP-AW42HGCGR  ルプラス (Apple Watch ケース),Apple Watchを保護するホ&#12442;リカーホ&#12441;ネートケース。[1200円OFFクーポン有][ネコポス可] [メーカー在庫限り] LEPLUS Apple Watch 42mm ハードケース 「CLEAR HARD」 クリアグリーン # LP-AW42HGCGR  ルプラス (Apple Watch ケース)[rn]
32-93111,http://tshop.r10s.jp/kitcut/cabinet/item/14/prod-pict-299502.jpg?fitin=700:700,576.0000,,スマートフォン・タブレット > スマートフォンアクセサリー > その他,[1200円OFFクーポン有][ネコポス可] [メーカー在庫限り] LEPLUS Apple Watch 42mm シリコンケース「SILICON」 ホワイト # LP-AW42SLWH  ルプラス (Apple Watch ケース),Apple Watchを傷や衝撃から保護するシリコンケース,"<br>

<!-- 関連分類リンク-->
<a href=""http://item.rakuten.co.jp/kitcut/c/""><img src=""http://image.rakuten.co.jp/kitcut/cabinet/banner/kitcut/suggest-film.jpg""></a><br>
<!-- 関連分類リンクここまで--><!-- ブックマーク -->
<br><p class=""add_bookmark""><a href=""https://my.bookmark.rakuten.co.jp/?func=reg&svid=101&shop_bid=206376&iid=10063156&itype=1""><img src=""https://image.rakuten.co.jp/kitcut/cabinet/banner/kitcut/imgrc0067948711.jpg"" alt=""Last Update : 2017/05/25 9:25:11""></a></p>
<!-- ブックマークここまで --><hr>
<!-- バリエーション -->
【バリエーション】
<div class=""variation2"">
<a href=""https://item.rakuten.co.jp/kitcut/299502/""><img width=""100"" border=""0"" src=""https://image.rakuten.co.jp/kitcut/cabinet/item/14/prod-pict-299502.jpg""></a>
<a href=""https://item.rakuten.co.jp/kitcut/299503/""><img width=""100"" border=""0"" src=""https://image.rakuten.co.jp/kitcut/cabinet/item/14/prod-pict-299503.jpg""></a>
<a href=""https://item.rakuten.co.jp/kitcut/299504/""><img width=""100"" border=""0"" src=""https://image.rakuten.co.jp/kitcut/cabinet/item/14/prod-pict-299504.jpg""></a>
<a href=""https://item.rakuten.co.jp/kitcut/299505/""><img width=""100"" border=""0"" src=""https://image.rakuten.co.jp/kitcut/cabinet/item/14/prod-pict-299505.jpg""></a><br>
<font color=""gray"">[family] <a href=""http://search.rakuten.co.jp/search/inshop-mall/29950111711/-/f.1-p.1-s.2-sf.0-sid.206376-st.A-v.3"">29950111711</a></font></div>
<!-- バリエーションここまで -->
<!-- ネコポス文言 --><br>
<img src='http://image.rakuten.co.jp/kitcut/cabinet/nekopos.jpg'><br>
<!-- ネコポス文言ここまで --><br><!-- 商品詳細 -->
<table class='item_explain' border='0' cellspacing='0' cellpadding='0'>
<tr>
<td>
Apple Watchを傷や衝撃から保護するシリコンケース<br>
<br>
・ 本体を傷や衝撃から守る<br>
・ しっとりとした柔らかい触感<br>
・ 柔軟性があり装着しやすいシリコン素材<br>
[仕様情報]<br>
素材 : シリコン<br>
製品寸法(mm) : 42mm : 38mm(高さ)x43mm(幅)x9mm(厚み)<br>
付属品 : なし<br>
<br>
 ※ 製品改良などのために仕様は予告なく変更することがあります。予めご了承下さい。<br>
<br><br>
[メーカー]ルプラス LEPLUS<br>
[商品型番] LP-AW42SLWH<br>
[バーコード] 4562398659865<br>

<font color=""gray"">
[材質] Silicone<br>[材質] ソフトケース<br>[色] ホワイト<br>[対応] Apple Watch 42mm Series 1
</font><br>
</td>
</tr>
</table><br><br>
<!-- 商品詳細ここまで --><!--共通説明文（大）ここから-->

<table width=""800"" border=""0"" align=""center"">
  <tr>
    <td> <img src=""https://image.rakuten.co.jp/kitcut/cabinet/banner/05298098/imgrc0080334562.jpg"" width=""800px"" /></td>
  </tr>
</table>
<table width=""800"" border=""0"" align=""center"">
  <tr>
    <td> <img src=""https://image.rakuten.co.jp/kitcut/cabinet/banner/05298098/imgrc0080411111.jpg"" width=""800px"" /></td>
  </tr>
</table>

<!--横2列-->

<table width=""800"" border=""0"" align=""center"">
  <tr>
    <td> <img src=""https://image.rakuten.co.jp/kitcut/cabinet/top/05006737/imgrc0080402120.jpg"" width=""399"" /></td>
    
    <!--kickflip-->
    <td> <img src=""https://image.rakuten.co.jp/kitcut/cabinet/top/05006737/imgrc0080402031.jpg"" width=""399"" /></td>
  </tr>
</table>

<!--横2列-->

<table width=""800"" border=""0"" align=""center"">
  <tr>
    <td> <img src=""https://image.rakuten.co.jp/kitcut/cabinet/banner/05298098/imgrc0081316114.jpg"" width=""399"" /></td>
    <td> <img src=""https://image.rakuten.co.jp/kitcut/cabinet/banner/05298098/imgrc0080355902.jpg"" width=""399"" /></td>
  </tr>
</table>

<!--25周年の告知-->
<table width=""800"" border=""0"" align=""center"">
  <tr>
    <td> <img src=""http://image.rakuten.co.jp/kitcut/cabinet/banner/04802908/imgrc0073840290.jpg"" width=""399"" /></td>
    <td> <img src=""http://image.rakuten.co.jp/kitcut/cabinet/banner/04802908/imgrc0073840291.jpg"" width=""399"" /></td>
  </tr>
</table>

<!--6月5日(月)9:59まで　DEAL-->
<table width=""800"" border=""0"" align=""center"">
  <tr>
    <td> <img src=""https://image.rakuten.co.jp/kitcut/cabinet/special/imgrc0081361413.jpg"" width=""800px"" /> </td>
  </tr>
</table>

<!--6月5日(月)9:59まで　フラッシュセール-->


<table width=""800"" border=""0""align=""center"" style=""background-color:#444444; color:#F4D406; text-align: center; font-size:18px; border-radius: 5px;"" >
 <tr >
    <td colspan=""5"" ><img src=""https://image.rakuten.co.jp/kitcut/cabinet/special/imgrc0081361616.jpg"" alt="""" width=""99%"" /></td>
  </tr>
  <tr>
    <td><img src=""https://image.rakuten.co.jp/kitcut/cabinet/special/imgrc0081361618.jpg"" width=""97%"" /></td>
    <td><img src=""https://image.rakuten.co.jp/kitcut/cabinet/special/imgrc0081361617.jpg"" width=""97%"" /></td>
    <td><img src=""https://image.rakuten.co.jp/kitcut/cabinet/special/imgrc0081361619.jpg"" width=""97%"" /></td>
    <td><img src=""https://image.rakuten.co.jp/kitcut/cabinet/special/imgrc0081361620.jpg"" width=""97%"" /></td>
  </tr>
  <tr>
    <td colspan=""5"" >2017年6月1日（木）10:00～2017年6月6日（火）9:59迄</td>
  </tr>
</table>






<style type=""text/css"">

#item_attention_area {
  border: #D00 solid 2px;
}

#item_attention_area p{
  margin: 0;
  padding: 2px 5px;
  color: white;
  background-color: #D00;
}

#item_attention_area ul{
  margin:0;
  padding: 10px 15px 5px 15px;
  list-style: none;
}

#item_attention_area ul>li{
  margin-bottom: 5px;
}

@media (max-width:481px){
section table   { width: 100%; }

.item th  { width: 30%; text-align: left; }
.item td  { 
margin-bottom:10px;
display:table;
}    

@media only screen and (min-width:480px){
    .item { margin: 0 auto; }
   .item tr{
        display: block;
}
    .item th,
    .item td{
        max-width: 100%;
       display: block;
        border-top: none;
		margin-bottom:10px;	

}

</style>",[1200円OFFクーポン有][ネコポス可] [メーカー在庫限り] LEPLUS Apple Watch 42mm シリコンケース「SILICON」 ホワイト # LP-AW42SLWH  ルプラス (Apple Watch ケース)：Apple専門店 キットカット,iPhone6 ケースiPhone 6 Plus ケースiPad Air 2 ケースiPad mini ケースAppleMacBook Pro ケースMacBook Air ケースbeats by dr.dreCatalystTHULEクラフトホリックiPad Pro ケースBOSEmoecoGILD designJBLヘッドホンイヤホンbluetoothスピーカー[1200円OFFクーポン有][ネコポス可] [メーカー在庫限り] LEPLUS Apple Watch 42mm シリコンケース「SILICON」 ホワイト # LP-AW42SLWH  ルプラス (Apple Watch ケース),Apple Watchを傷や衝撃から保護するシリコンケース。[1200円OFFクーポン有][ネコポス可] [メーカー在庫限り] LEPLUS Apple Watch 42mm シリコンケース「SILICON」 ホワイト # LP-AW42SLWH  ルプラス (Apple Watch ケース)[rn]
32-93112,http://tshop.r10s.jp/kitcut/cabinet/item/14/prod-pict-299504.jpg?fitin=700:700,576.0000,,スマートフォン・タブレット > スマートフォンアクセサリー > その他,[1200円OFFクーポン有][ネコポス可] [メーカー在庫限り] LEPLUS Apple Watch 42mm シリコンケース「SILICON」 ブルー # LP-AW42SLBL  ルプラス (Apple Watch ケース),Apple Watchを傷や衝撃から保護するシリコンケース,"<br>

<!-- 関連分類リンク-->
<a href=""http://item.rakuten.co.jp/kitcut/c/""><img src=""http://image.rakuten.co.jp/kitcut/cabinet/banner/kitcut/suggest-film.jpg""></a><br>
<!-- 関連分類リンクここまで--><!-- ブックマーク -->
<br><p class=""add_bookmark""><a href=""https://my.bookmark.rakuten.co.jp/?func=reg&svid=101&shop_bid=206376&iid=10063158&itype=1""><img src=""https://image.rakuten.co.jp/kitcut/cabinet/banner/kitcut/imgrc0067948711.jpg"" alt=""Last Update : 2017/05/25 9:25:11""></a></p>
<!-- ブックマークここまで --><hr>
<!-- バリエーション -->
【バリエーション】
<div class=""variation2"">
<a href=""https://item.rakuten.co.jp/kitcut/299502/""><img width=""100"" border=""0"" src=""https://image.rakuten.co.jp/kitcut/cabinet/item/14/prod-pict-299502.jpg""></a>
<a href=""https://item.rakuten.co.jp/kitcut/299503/""><img width=""100"" border=""0"" src=""https://image.rakuten.co.jp/kitcut/cabinet/item/14/prod-pict-299503.jpg""></a>
<a href=""https://item.rakuten.co.jp/kitcut/299504/""><img width=""100"" border=""0"" src=""https://image.rakuten.co.jp/kitcut/cabinet/item/14/prod-pict-299504.jpg""></a>
<a href=""https://item.rakuten.co.jp/kitcut/299505/""><img width=""100"" border=""0"" src=""https://image.rakuten.co.jp/kitcut/cabinet/item/14/prod-pict-299505.jpg""></a><br>
<font color=""gray"">[family] <a href=""http://search.rakuten.co.jp/search/inshop-mall/29950111711/-/f.1-p.1-s.2-sf.0-sid.206376-st.A-v.3"">29950111711</a></font></div>
<!-- バリエーションここまで -->
<!-- ネコポス文言 --><br>
<img src='http://image.rakuten.co.jp/kitcut/cabinet/nekopos.jpg'><br>
<!-- ネコポス文言ここまで --><br><!-- 商品詳細 -->
<table class='item_explain' border='0' cellspacing='0' cellpadding='0'>
<tr>
<td>
Apple Watchを傷や衝撃から保護するシリコンケース<br>
<br>
・ 本体を傷や衝撃から守る<br>
・ しっとりとした柔らかい触感<br>
・ 柔軟性があり装着しやすいシリコン素材<br>
[仕様情報]<br>
素材 : シリコン<br>
製品寸法(mm) : 42mm : 38mm(高さ)x43mm(幅)x9mm(厚み)<br>
付属品 : なし<br>
<br>
 ※ 製品改良などのために仕様は予告なく変更することがあります。予めご了承下さい。<br>
<br><br>
[メーカー]ルプラス LEPLUS<br>
[商品型番] LP-AW42SLBL<br>
[バーコード] 4562398659889<br>

<font color=""gray"">
[材質] Silicone<br>[材質] ソフトケース<br>[色] ブルー<br>[対応] Apple Watch 42mm Series 1
</font><br>
</td>
</tr>
</table><br><br>
<!-- 商品詳細ここまで --><!--共通説明文（大）ここから-->

<table width=""800"" border=""0"" align=""center"">
  <tr>
    <td> <img src=""https://image.rakuten.co.jp/kitcut/cabinet/banner/05298098/imgrc0080334562.jpg"" width=""800px"" /></td>
  </tr>
</table>
<table width=""800"" border=""0"" align=""center"">
  <tr>
    <td> <img src=""https://image.rakuten.co.jp/kitcut/cabinet/banner/05298098/imgrc0080411111.jpg"" width=""800px"" /></td>
  </tr>
</table>

<!--横2列-->

<table width=""800"" border=""0"" align=""center"">
  <tr>
    <td> <img src=""https://image.rakuten.co.jp/kitcut/cabinet/top/05006737/imgrc0080402120.jpg"" width=""399"" /></td>
    
    <!--kickflip-->
    <td> <img src=""https://image.rakuten.co.jp/kitcut/cabinet/top/05006737/imgrc0080402031.jpg"" width=""399"" /></td>
  </tr>
</table>

<!--横2列-->

<table width=""800"" border=""0"" align=""center"">
  <tr>
    <td> <img src=""https://image.rakuten.co.jp/kitcut/cabinet/banner/05298098/imgrc0081316114.jpg"" width=""399"" /></td>
    <td> <img src=""https://image.rakuten.co.jp/kitcut/cabinet/banner/05298098/imgrc0080355902.jpg"" width=""399"" /></td>
  </tr>
</table>

<!--25周年の告知-->
<table width=""800"" border=""0"" align=""center"">
  <tr>
    <td> <img src=""http://image.rakuten.co.jp/kitcut/cabinet/banner/04802908/imgrc0073840290.jpg"" width=""399"" /></td>
    <td> <img src=""http://image.rakuten.co.jp/kitcut/cabinet/banner/04802908/imgrc0073840291.jpg"" width=""399"" /></td>
  </tr>
</table>

<!--6月5日(月)9:59まで　DEAL-->
<table width=""800"" border=""0"" align=""center"">
  <tr>
    <td> <img src=""https://image.rakuten.co.jp/kitcut/cabinet/special/imgrc0081361413.jpg"" width=""800px"" /> </td>
  </tr>
</table>

<!--6月5日(月)9:59まで　フラッシュセール-->


<table width=""800"" border=""0""align=""center"" style=""background-color:#444444; color:#F4D406; text-align: center; font-size:18px; border-radius: 5px;"" >
 <tr >
    <td colspan=""5"" ><img src=""https://image.rakuten.co.jp/kitcut/cabinet/special/imgrc0081361616.jpg"" alt="""" width=""99%"" /></td>
  </tr>
  <tr>
    <td><img src=""https://image.rakuten.co.jp/kitcut/cabinet/special/imgrc0081361618.jpg"" width=""97%"" /></td>
    <td><img src=""https://image.rakuten.co.jp/kitcut/cabinet/special/imgrc0081361617.jpg"" width=""97%"" /></td>
    <td><img src=""https://image.rakuten.co.jp/kitcut/cabinet/special/imgrc0081361619.jpg"" width=""97%"" /></td>
    <td><img src=""https://image.rakuten.co.jp/kitcut/cabinet/special/imgrc0081361620.jpg"" width=""97%"" /></td>
  </tr>
  <tr>
    <td colspan=""5"" >2017年6月1日（木）10:00～2017年6月6日（火）9:59迄</td>
  </tr>
</table>






<style type=""text/css"">

#item_attention_area {
  border: #D00 solid 2px;
}

#item_attention_area p{
  margin: 0;
  padding: 2px 5px;
  color: white;
  background-color: #D00;
}

#item_attention_area ul{
  margin:0;
  padding: 10px 15px 5px 15px;
  list-style: none;
}

#item_attention_area ul>li{
  margin-bottom: 5px;
}

@media (max-width:481px){
section table   { width: 100%; }

.item th  { width: 30%; text-align: left; }
.item td  { 
margin-bottom:10px;
display:table;
}    

@media only screen and (min-width:480px){
    .item { margin: 0 auto; }
   .item tr{
        display: block;
}
    .item th,
    .item td{
        max-width: 100%;
       display: block;
        border-top: none;
		margin-bottom:10px;	

}

</style>",[1200円OFFクーポン有][ネコポス可] [メーカー在庫限り] LEPLUS Apple Watch 42mm シリコンケース「SILICON」 ブルー # LP-AW42SLBL  ルプラス (Apple Watch ケース)：Apple専門店 キットカット,iPhone6 ケースiPhone 6 Plus ケースiPad Air 2 ケースiPad mini ケースAppleMacBook Pro ケースMacBook Air ケースbeats by dr.dreCatalystTHULEクラフトホリックiPad Pro ケースBOSEmoecoGILD designJBLヘッドホンイヤホンbluetoothスピーカー[1200円OFFクーポン有][ネコポス可] [メーカー在庫限り] LEPLUS Apple Watch 42mm シリコンケース「SILICON」 ブルー # LP-AW42SLBL  ルプラス (Apple Watch ケース),Apple Watchを傷や衝撃から保護するシリコンケース。[1200円OFFクーポン有][ネコポス可] [メーカー在庫限り] LEPLUS Apple Watch 42mm シリコンケース「SILICON」 ブルー # LP-AW42SLBL  ルプラス (Apple Watch ケース)[rn]
32-93113,http://tshop.r10s.jp/kitcut/cabinet/item/14/prod-pict-299492.jpg?fitin=700:700,576.0000,,スマートフォン・タブレット > スマートフォンアクセサリー > その他,[1200円OFFクーポン有][ネコポス可] [メーカー在庫限り] LEPLUS Apple Watch 38mm シリコンケース「SILICON」 ブルー # LP-AW38SLBL  ルプラス (Apple Watch ケース),Apple Watchを傷や衝撃から保護するシリコンケース,"<br>

<!-- 関連分類リンク-->
<a href=""http://item.rakuten.co.jp/kitcut/c/""><img src=""http://image.rakuten.co.jp/kitcut/cabinet/banner/kitcut/suggest-film.jpg""></a><br>
<!-- 関連分類リンクここまで--><!-- ブックマーク -->
<br><p class=""add_bookmark""><a href=""https://my.bookmark.rakuten.co.jp/?func=reg&svid=101&shop_bid=206376&iid=10063146&itype=1""><img src=""https://image.rakuten.co.jp/kitcut/cabinet/banner/kitcut/imgrc0067948711.jpg"" alt=""Last Update : 2017/05/25 9:25:11""></a></p>
<!-- ブックマークここまで --><hr>
<!-- バリエーション -->
【バリエーション】
<div class=""variation2"">
<a href=""https://item.rakuten.co.jp/kitcut/299489/""><img width=""100"" border=""0"" src=""https://image.rakuten.co.jp/kitcut/cabinet/item/14/prod-pict-299489.jpg""></a>
<a href=""https://item.rakuten.co.jp/kitcut/299490/""><img width=""100"" border=""0"" src=""https://image.rakuten.co.jp/kitcut/cabinet/item/14/prod-pict-299490.jpg""></a>
<a href=""https://item.rakuten.co.jp/kitcut/299491/""><img width=""100"" border=""0"" src=""https://image.rakuten.co.jp/kitcut/cabinet/item/14/prod-pict-299491.jpg""></a>
<a href=""https://item.rakuten.co.jp/kitcut/299492/""><img width=""100"" border=""0"" src=""https://image.rakuten.co.jp/kitcut/cabinet/item/14/prod-pict-299492.jpg""></a>
<a href=""https://item.rakuten.co.jp/kitcut/299493/""><img width=""100"" border=""0"" src=""https://image.rakuten.co.jp/kitcut/cabinet/item/14/prod-pict-299493.jpg""></a><br>
<font color=""gray"">[family] <a href=""http://search.rakuten.co.jp/search/inshop-mall/2994896811/-/f.1-p.1-s.2-sf.0-sid.206376-st.A-v.3"">2994896811</a></font></div>
<!-- バリエーションここまで -->
<!-- ネコポス文言 --><br>
<img src='http://image.rakuten.co.jp/kitcut/cabinet/nekopos.jpg'><br>
<!-- ネコポス文言ここまで --><br><!-- 商品詳細 -->
<table class='item_explain' border='0' cellspacing='0' cellpadding='0'>
<tr>
<td>
Apple Watchを傷や衝撃から保護するシリコンケース<br>
<br>
・ 本体を傷や衝撃から守る<br>
・ しっとりとした柔らかい触感<br>
・ 柔軟性があり装着しやすいシリコン素材<br>
[仕様情報]<br>
素材 : シリコン<br>
製品寸法(mm) : 38mm : 36mm(高さ)x39mm(幅)x9mm(厚み)<br>
付属品 : なし<br>
<br>
 ※ 製品改良などのために仕様は予告なく変更することがあります。予めご了承下さい。<br>
<br><br>
[メーカー]ルプラス LEPLUS<br>
[商品型番] LP-AW38SLBL<br>
[バーコード] 4562398659612<br>

<font color=""gray"">
[材質] Silicone<br>[材質] ソフトケース<br>[色] ブルー<br>[対応] Apple Watch 38mm Series 1
</font><br>
</td>
</tr>
</table><br><br>
<!-- 商品詳細ここまで --><!--共通説明文（大）ここから-->

<table width=""800"" border=""0"" align=""center"">
  <tr>
    <td> <img src=""https://image.rakuten.co.jp/kitcut/cabinet/banner/05298098/imgrc0080334562.jpg"" width=""800px"" /></td>
  </tr>
</table>
<table width=""800"" border=""0"" align=""center"">
  <tr>
    <td> <img src=""https://image.rakuten.co.jp/kitcut/cabinet/banner/05298098/imgrc0080411111.jpg"" width=""800px"" /></td>
  </tr>
</table>

<!--横2列-->

<table width=""800"" border=""0"" align=""center"">
  <tr>
    <td> <img src=""https://image.rakuten.co.jp/kitcut/cabinet/top/05006737/imgrc0080402120.jpg"" width=""399"" /></td>
    
    <!--kickflip-->
    <td> <img src=""https://image.rakuten.co.jp/kitcut/cabinet/top/05006737/imgrc0080402031.jpg"" width=""399"" /></td>
  </tr>
</table>

<!--横2列-->

<table width=""800"" border=""0"" align=""center"">
  <tr>
    <td> <img src=""https://image.rakuten.co.jp/kitcut/cabinet/banner/05298098/imgrc0081316114.jpg"" width=""399"" /></td>
    <td> <img src=""https://image.rakuten.co.jp/kitcut/cabinet/banner/05298098/imgrc0080355902.jpg"" width=""399"" /></td>
  </tr>
</table>

<!--25周年の告知-->
<table width=""800"" border=""0"" align=""center"">
  <tr>
    <td> <img src=""http://image.rakuten.co.jp/kitcut/cabinet/banner/04802908/imgrc0073840290.jpg"" width=""399"" /></td>
    <td> <img src=""http://image.rakuten.co.jp/kitcut/cabinet/banner/04802908/imgrc0073840291.jpg"" width=""399"" /></td>
  </tr>
</table>

<!--6月5日(月)9:59まで　DEAL-->
<table width=""800"" border=""0"" align=""center"">
  <tr>
    <td> <img src=""https://image.rakuten.co.jp/kitcut/cabinet/special/imgrc0081361413.jpg"" width=""800px"" /> </td>
  </tr>
</table>

<!--6月5日(月)9:59まで　フラッシュセール-->


<table width=""800"" border=""0""align=""center"" style=""background-color:#444444; color:#F4D406; text-align: center; font-size:18px; border-radius: 5px;"" >
 <tr >
    <td colspan=""5"" ><img src=""https://image.rakuten.co.jp/kitcut/cabinet/special/imgrc0081361616.jpg"" alt="""" width=""99%"" /></td>
  </tr>
  <tr>
    <td><img src=""https://image.rakuten.co.jp/kitcut/cabinet/special/imgrc0081361618.jpg"" width=""97%"" /></td>
    <td><img src=""https://image.rakuten.co.jp/kitcut/cabinet/special/imgrc0081361617.jpg"" width=""97%"" /></td>
    <td><img src=""https://image.rakuten.co.jp/kitcut/cabinet/special/imgrc0081361619.jpg"" width=""97%"" /></td>
    <td><img src=""https://image.rakuten.co.jp/kitcut/cabinet/special/imgrc0081361620.jpg"" width=""97%"" /></td>
  </tr>
  <tr>
    <td colspan=""5"" >2017年6月1日（木）10:00～2017年6月6日（火）9:59迄</td>
  </tr>
</table>






<style type=""text/css"">

#item_attention_area {
  border: #D00 solid 2px;
}

#item_attention_area p{
  margin: 0;
  padding: 2px 5px;
  color: white;
  background-color: #D00;
}

#item_attention_area ul{
  margin:0;
  padding: 10px 15px 5px 15px;
  list-style: none;
}

#item_attention_area ul>li{
  margin-bottom: 5px;
}

@media (max-width:481px){
section table   { width: 100%; }

.item th  { width: 30%; text-align: left; }
.item td  { 
margin-bottom:10px;
display:table;
}    

@media only screen and (min-width:480px){
    .item { margin: 0 auto; }
   .item tr{
        display: block;
}
    .item th,
    .item td{
        max-width: 100%;
       display: block;
        border-top: none;
		margin-bottom:10px;	

}

</style>",[1200円OFFクーポン有][ネコポス可] [メーカー在庫限り] LEPLUS Apple Watch 38mm シリコンケース「SILICON」 ブルー # LP-AW38SLBL  ルプラス (Apple Watch ケース)：Apple専門店 キットカット,iPhone6 ケースiPhone 6 Plus ケースiPad Air 2 ケースiPad mini ケースAppleMacBook Pro ケースMacBook Air ケースbeats by dr.dreCatalystTHULEクラフトホリックiPad Pro ケースBOSEmoecoGILD designJBLヘッドホンイヤホンbluetoothスピーカー[1200円OFFクーポン有][ネコポス可] [メーカー在庫限り] LEPLUS Apple Watch 38mm シリコンケース「SILICON」 ブルー # LP-AW38SLBL  ルプラス (Apple Watch ケース),Apple Watchを傷や衝撃から保護するシリコンケース。[1200円OFFクーポン有][ネコポス可] [メーカー在庫限り] LEPLUS Apple Watch 38mm シリコンケース「SILICON」 ブルー # LP-AW38SLBL  ルプラス (Apple Watch ケース)[rn]
32-93114,http://tshop.r10s.jp/kitcut/cabinet/item/26/prod-pict-295172.jpg?fitin=700:700,1736.8000,,スマートフォン・タブレット > スマートフォンアクセサリー > その他,[1200円OFFクーポン有][ネコポス可] [メーカー在庫限り] ELECOM iPad 5th / iPad Air 2/保護フィルム/高透明/7H # TB-A14FLTAG  エレコム (Apple製品関連アクセサリ),スムースタッチ・高光沢タイプフィルム,"<br>

<!-- 関連分類リンク-->
<a href=""http://item.rakuten.co.jp/kitcut/c/""><img src=""http://image.rakuten.co.jp/kitcut/cabinet/banner/kitcut/suggest-case.jpg""></a><br>
<!-- 関連分類リンクここまで--><!-- ブックマーク -->
<br><p class=""add_bookmark""><a href=""https://my.bookmark.rakuten.co.jp/?func=reg&svid=101&shop_bid=206376&iid=10056748&itype=1""><img src=""https://image.rakuten.co.jp/kitcut/cabinet/banner/kitcut/imgrc0067948711.jpg"" alt=""Last Update : 2017/05/25 9:24:28""></a></p>
<!-- ブックマークここまで --><hr>
<!-- バリエーション -->
【バリエーション】
<div class=""variation2"">
<a href=""https://item.rakuten.co.jp/kitcut/295158/""><img width=""100"" border=""0"" src=""https://image.rakuten.co.jp/kitcut/cabinet/item/26/prod-pict-295158.jpg""></a>
<a href=""https://item.rakuten.co.jp/kitcut/295172/""><img width=""100"" border=""0"" src=""https://image.rakuten.co.jp/kitcut/cabinet/item/26/prod-pict-295172.jpg""></a><br>
<font color=""gray"">[family] <a href=""http://search.rakuten.co.jp/search/inshop-mall/29517253621/-/f.1-p.1-s.2-sf.0-sid.206376-st.A-v.3"">29517253621</a></font></div>
<!-- バリエーションここまで -->
<!-- ネコポス文言 --><br><img src=http://image.rakuten.co.jp/kitcut/cabinet/nekopos.jpg><br><!-- ネコポス文言ここまで --><br><!-- 商品詳細 --><table class=item_explain border=0 cellspacing=0 cellpadding=0><tr><td>気泡がキレイに抜けるエアーレス加工。<br>美しい透明感を実現した光学ハイブリッド強化プラスチック素材を採用し、傷に強くなめらかな指すべりで快適に操作できるスムースタッチ・高光沢タイプのiPad Air 2用液晶保護フィルム。<br><br>・ iPad Air 2の液晶画面を守る、傷に強く、美しい透明感を実現したスムースタッチ高光沢タイプの液晶保護フィルムです。<br>・ 時間の経過とともに気泡が目立たなくなる特殊吸着層を採用したエアーレスタイプです。<br>・ 小さな気泡ができたときには、指などで押し出すことで気泡を抜くことができます。<br>・ なめらかな指すべりで快適に操作でき、指紋が目立ちにくいスーパースムースコートを施しています。<br>・ 光線透過率93.2%を実現した高光沢フィルムにより、画質を損なわない透明感を実現しています。※光線透過率は実力値です。<br>・ Haze値(曇り指数)0.3で美しい透明感を実現します。※Haze値は実力値です。<br>・ 指紋が拭き取りやすい特殊表面加工を施しています。<br>・ 鉛筆硬度7Hのハードコート加工により傷が付きにくく、フィルムをキレイな状態のまま保ちます。※硬度は実力値です。<br>・ フィルムを貼ったままでもタッチスクリーン入力、本体操作ができます。<br>・ 貼り付け面にシリコン皮膜をコーティングし、接着剤や両面テープを使わずに貼り付け可能な自己吸着タイプです。貼りやすく、貼り直しも可能です。<br>・ iPad Air 2にぴったりのサイズにカット済みなので、パッケージから取り出してすぐに使用可能です。<br><br>【仕様】<br>対応機種 : iPad Air 2<br>セット内容 : 液晶保護フィルム(エアーレス高透過高硬度、高光沢仕様)x1<br>　　　　　　フィルム貼付用ヘラx1<br>　　　　　　ホコリ取りシールx1<br>　　　　　　クリーニングクロスx1<br><br>※ 仕様は予告なく変更する事がありますので、あらかじめご了承ください。<br>※ 画像はイメージです。<br><br><br><br><br>[メーカー]エレコム ELECOM (エレコム)<br>[商品型番] TB-A14FLTAG<br>[バーコード] 4953103446144<br> <font color=""gray"">[性能] 光沢<br>[対応] iPad Air 2<br>[対応] iPad 5th </font><br></td></tr></table><br><br><!-- 商品詳細ここまで --><!--共通説明文（大）ここから-->

<table width=""800"" border=""0"" align=""center"">
  <tr>
    <td> <img src=""https://image.rakuten.co.jp/kitcut/cabinet/banner/05298098/imgrc0080334562.jpg"" width=""800px"" /></td>
  </tr>
</table>
<table width=""800"" border=""0"" align=""center"">
  <tr>
    <td> <img src=""https://image.rakuten.co.jp/kitcut/cabinet/banner/05298098/imgrc0080411111.jpg"" width=""800px"" /></td>
  </tr>
</table>

<!--横2列-->

<table width=""800"" border=""0"" align=""center"">
  <tr>
    <td> <img src=""https://image.rakuten.co.jp/kitcut/cabinet/top/05006737/imgrc0080402120.jpg"" width=""399"" /></td>
    
    <!--kickflip-->
    <td> <img src=""https://image.rakuten.co.jp/kitcut/cabinet/top/05006737/imgrc0080402031.jpg"" width=""399"" /></td>
  </tr>
</table>

<!--横2列-->

<table width=""800"" border=""0"" align=""center"">
  <tr>
    <td> <img src=""https://image.rakuten.co.jp/kitcut/cabinet/banner/05298098/imgrc0081316114.jpg"" width=""399"" /></td>
    <td> <img src=""https://image.rakuten.co.jp/kitcut/cabinet/banner/05298098/imgrc0080355902.jpg"" width=""399"" /></td>
  </tr>
</table>

<!--25周年の告知-->
<table width=""800"" border=""0"" align=""center"">
  <tr>
    <td> <img src=""http://image.rakuten.co.jp/kitcut/cabinet/banner/04802908/imgrc0073840290.jpg"" width=""399"" /></td>
    <td> <img src=""http://image.rakuten.co.jp/kitcut/cabinet/banner/04802908/imgrc0073840291.jpg"" width=""399"" /></td>
  </tr>
</table>

<!--6月5日(月)9:59まで　DEAL-->
<table width=""800"" border=""0"" align=""center"">
  <tr>
    <td> <img src=""https://image.rakuten.co.jp/kitcut/cabinet/special/imgrc0081361413.jpg"" width=""800px"" /> </td>
  </tr>
</table>

<!--6月5日(月)9:59まで　フラッシュセール-->


<table width=""800"" border=""0""align=""center"" style=""background-color:#444444; color:#F4D406; text-align: center; font-size:18px; border-radius: 5px;"" >
 <tr >
    <td colspan=""5"" ><img src=""https://image.rakuten.co.jp/kitcut/cabinet/special/imgrc0081361616.jpg"" alt="""" width=""99%"" /></td>
  </tr>
  <tr>
    <td><img src=""https://image.rakuten.co.jp/kitcut/cabinet/special/imgrc0081361618.jpg"" width=""97%"" /></td>
    <td><img src=""https://image.rakuten.co.jp/kitcut/cabinet/special/imgrc0081361617.jpg"" width=""97%"" /></td>
    <td><img src=""https://image.rakuten.co.jp/kitcut/cabinet/special/imgrc0081361619.jpg"" width=""97%"" /></td>
    <td><img src=""https://image.rakuten.co.jp/kitcut/cabinet/special/imgrc0081361620.jpg"" width=""97%"" /></td>
  </tr>
  <tr>
    <td colspan=""5"" >2017年6月1日（木）10:00～2017年6月6日（火）9:59迄</td>
  </tr>
</table>






<style type=""text/css"">

#item_attention_area {
  border: #D00 solid 2px;
}

#item_attention_area p{
  margin: 0;
  padding: 2px 5px;
  color: white;
  background-color: #D00;
}

#item_attention_area ul{
  margin:0;
  padding: 10px 15px 5px 15px;
  list-style: none;
}

#item_attention_area ul>li{
  margin-bottom: 5px;
}

@media (max-width:481px){
section table   { width: 100%; }

.item th  { width: 30%; text-align: left; }
.item td  { 
margin-bottom:10px;
display:table;
}    

@media only screen and (min-width:480px){
    .item { margin: 0 auto; }
   .item tr{
        display: block;
}
    .item th,
    .item td{
        max-width: 100%;
       display: block;
        border-top: none;
		margin-bottom:10px;	

}

</style>",[1200円OFFクーポン有][ネコポス可] [メーカー在庫限り] ELECOM iPad 5th / iPad Air 2/保護フィルム/高透明/7H # TB-A14FLTAG  エレコム (Apple製品関連アクセサリ)：Apple専門店 キットカット,iPhone6 ケースiPhone 6 Plus ケースiPad Air 2 ケースiPad mini ケースAppleMacBook Pro ケースMacBook Air ケースbeats by dr.dreCatalystTHULEクラフトホリックiPad Pro ケースBOSEmoecoGILD designJBLヘッドホンイヤホンbluetoothスピーカー[1200円OFFクーポン有][ネコポス可] [メーカー在庫限り] ELECOM iPad 5th / iPad Air 2/保護フィルム/高透明/7H # TB-A14FLTAG  エレコム (Apple製品関連アクセサリ),スムースタッチ・高光沢タイプフィルム。[1200円OFFクーポン有][ネコポス可] [メーカー在庫限り] ELECOM iPad 5th / iPad Air 2/保護フィルム/高透明/7H # TB-A14FLTAG  エレコム (Apple製品関連アクセサリ)[rn]
32-93115,http://tshop.r10s.jp/kitcut/cabinet/item/31/prod-pict-432762.jpg?fitin=700:700,13651.2000,,スマートフォン・タブレット > スマートフォンアクセサリー > その他,[1200円OFFクーポン有] WACOM Bamboo Spark - ガジェットポケットつきスマートフォリオ # CDS600GG  ワコム (Apple製品関連アクセサリ),ガジェットポケットつきスマートフォリオ,"<!-- リコメンド --><br>
<div id=""recommend_area"">
<h3>WACOM Bamboo Spark - ガジェットポケットつきスマートフォリオ # CDS600GG  ワコム</h3>
<div class=""staff_recommend""><h3>BAMBOO Spark</h3><div class=""recom_showcase""><p class=""recom_img""><img src=""http://image.rakuten.co.jp/kitcut/cabinet/recom33/rec-432762-35252.jpg"" alt=""BAMBOO Sparkの画像""></p></div><p></p></div>
<div class=""staff_recommend""><h3>ガジェットポケットつきスマートフォリオ</h3><div class=""recom_showcase""><p class=""recom_img""><img src=""http://image.rakuten.co.jp/kitcut/cabinet/recom33/rec-432762-35253.jpg"" alt=""ガジェットポケットつきスマートフォリオの画像""></p></div><p></p></div>
<div class=""staff_recommend""><h3>使用イメージ</h3><div class=""recom_showcase""><p class=""recom_img""><img src=""http://image.rakuten.co.jp/kitcut/cabinet/recom33/rec-432762-35255.jpg"" alt=""使用イメージの画像""></p></div><p></p></div>
</div>
<!-- リコメンドここまで -->

<br>

<!-- ブックマーク -->
<br><p class=""add_bookmark""><a href=""https://my.bookmark.rakuten.co.jp/?func=reg&svid=101&shop_bid=206376&iid=10070020&itype=1""><img src=""https://image.rakuten.co.jp/kitcut/cabinet/banner/kitcut/imgrc0067948711.jpg"" alt=""Last Update : 2017/05/25 9:25:37""></a></p>
<!-- ブックマークここまで --><hr>
<!-- バリエーション -->
【バリエーション】
<div class=""variation2"">
<a href=""https://item.rakuten.co.jp/kitcut/432762/""><img width=""100"" border=""0"" src=""https://image.rakuten.co.jp/kitcut/cabinet/item/31/prod-pict-432762.jpg""></a>
<a href=""https://item.rakuten.co.jp/kitcut/432763/""><img width=""100"" border=""0"" src=""https://image.rakuten.co.jp/kitcut/cabinet/item/31/prod-pict-432763.jpg""></a><br>
<font color=""gray"">[family] <a href=""http://search.rakuten.co.jp/search/inshop-mall/4327625511/-/f.1-p.1-s.2-sf.0-sid.206376-st.A-v.3"">4327625511</a></font></div>
<!-- バリエーションここまで -->
<!-- ネコポス文言 --><br>
<img src='http://image.rakuten.co.jp/kitcut/cabinet/nekopos.jpg'><br>
<!-- ネコポス文言ここまで --><br><!-- 商品詳細 -->
<table class='item_explain' border='0' cellspacing='0' cellpadding='0'>
<tr>
<td>
ガジェットポケットつきスマートフォリオ<br>
スマートフォン、名刺、メモなどが入れられるガジェットポケットつきモデル。<br>
<br>
ノートをとろう。アイデアをカタチにしよう。紙からクラウド、そして未来へ。<br>
ノートはついにここまで進化しました。さあ、あなたのアイデアをさらにふくらませましょう。Bamboo Sparkはお気に入りの紙に付属のスマートボールペンで書き込めるスマートフォリオ。手書きで書いたノートはローカルで保存ができ、さらには、クラウド上でどこからでも編集、保存、検索をすることができます。<br>
ボタンを押す、操作はたったそれだけです。<br>
Bamboo Sparkはとてもシンプル。アナログの紙とデジタル世界の架け橋になります。<br>
<br>
■いつでも書けて、あとで同期<br>
ノートを1ページ書き終わってボタンを押せば、書いた内容は安全かつ確実に保存されます。<br>
他のデジタル機器に接続されていなくても大丈夫。Bamboo Sparkは100ページまで端末内に保存可能で、いつでもどこでもアイデアを保存できます。さらにBluetooth Smart対応デバイスと接続することで、あなたのノートはBamboo Spark アプリに自動的に同期され、インタ ネットにつながれば自動的にWacom Cloudに保存されます。<br>
Wacom Cloudのアカウントを使うことで、あなたのBamboo Sparkのすべてのツールと機能を利用することができるようになります。Wacom Cloudを使えば保存したノートをさまざまな端末から見たり編集することが可能になります。<br>
<br>
■アイデアといつも一緒に<br>
Wacom Cloudを始めると、アイデアをさらに輝かせることができます。<br>
iOSやAndroid対応の様々なデバイス間で書いたメモやイラストを参照するだけでなく、編集をすることも可能。Inkspaceウェブポータルを使えば、それらのデータにいつでもどこからでもクラウド上でアクセスすることができます。PDFやJPGの形式で共有すれば、EvernoteやDropboxをはじめ、その他サードパーティーのクラウドサービスやアプリで活用することも可能です。<br>
<br>
■アイデアを発展させよう<br>
Bamboo Sparkで取ったメモは書いただけでは終わりません。メモはWacom Ink Layer Language (WILL)という技術を使って保存されるため、Wacom Cloudの中で生きたデータとして残ります。そのため、書いた後からでも簡単に素早くデータの修正、アップデート、整理、保管が行え、アイデアをより成長させていくことができるのです。<br>
<br>
■共有、そしてコラボレーション<br>
Bamboo Sparkの最大の特徴の１つは、アイデアを同僚などとのコラボレーションにより、より発展させることがができることです。Bamboo Paperを使って、同じアプリを持っている仲間同士でメモを共有しましょう。あなたのアイデアや作品を共同で編集・洗練し、アプリ内にその経過を保存することができます。<br>
<br>
■他のクラウドサービスともシームレスにつながる<br>
メモを取ることは始まりでしかありません。<br>
そのためBamboo Sparkは様々なアプリと連携しています。メモをエクスポートし他のプラットフォームで活用したり、Evernoteに共有して保存したり、Dropboxでアイデアを整理して保管したり。すべては簡単にデータへアクセスできるようにデザインされています。<br>
[仕様情報]<br>
対応システム(デスクトップモード時)<br>
Bluetooth Smart 対応デバイス: <br>
iPad mini, iPad 3, iPad Air以降 (iOS8以降),iPhone 4s以降 (iOS8以降); <br>
Android デバイス (Android 4.3以降)<br>
Bamboo Spark アプリ, ノートパッドの厚さ約 50ページ (5mm未満)<br>
<br>
フォリオサイズ : およそ206 x 253 x 30mm(8.1 x 10.0 x 1.2 インチ)<br>
エルゴノミクス設計 : 右利き、左利き対応<br>
読取可能範囲 : 148 x 210 mm (5.8 x 8.2 in)<br>
筆圧レベル : 1024<br>
質量 : 535g<br>
ペン : Bamboo Spark ペン<br>
付属接続ケーブル : Yes<br>
読取方式 : 電磁誘導方式<br>
保証 : 1年<br>
内容物 : Bamboo Spark ペン、ノートパッド30ページ、替え芯2本、芯抜き、USB ケーブル、クイックスタートガイド(スマートフォンやタブレットは含まれません)<br><br>
[メーカー]ワコム WACOM<br>
[商品型番] CDS600GG<br>
[バーコード] 4949268704472<br>

<font color=""gray"">
[サイズ] ロングタイプ<br>[色] グレー<br>[性能] アプセサリ<br>[性能] Bluetooth<br>[性能] ワイヤレス<br>[対応S] bluetooth ブルートゥース ブルーツース ワイヤレス コードレス 無線
</font><br>
</td>
</tr>
</table><br><br>
<!-- 商品詳細ここまで --><!--共通説明文（大）ここから-->

<table width=""800"" border=""0"" align=""center"">
  <tr>
    <td> <img src=""https://image.rakuten.co.jp/kitcut/cabinet/banner/05298098/imgrc0080334562.jpg"" width=""800px"" /></td>
  </tr>
</table>
<table width=""800"" border=""0"" align=""center"">
  <tr>
    <td> <img src=""https://image.rakuten.co.jp/kitcut/cabinet/banner/05298098/imgrc0080411111.jpg"" width=""800px"" /></td>
  </tr>
</table>

<!--横2列-->

<table width=""800"" border=""0"" align=""center"">
  <tr>
    <td> <img src=""https://image.rakuten.co.jp/kitcut/cabinet/top/05006737/imgrc0080402120.jpg"" width=""399"" /></td>
    
    <!--kickflip-->
    <td> <img src=""https://image.rakuten.co.jp/kitcut/cabinet/top/05006737/imgrc0080402031.jpg"" width=""399"" /></td>
  </tr>
</table>

<!--横2列-->

<table width=""800"" border=""0"" align=""center"">
  <tr>
    <td> <img src=""https://image.rakuten.co.jp/kitcut/cabinet/banner/05298098/imgrc0081316114.jpg"" width=""399"" /></td>
    <td> <img src=""https://image.rakuten.co.jp/kitcut/cabinet/banner/05298098/imgrc0080355902.jpg"" width=""399"" /></td>
  </tr>
</table>

<!--25周年の告知-->
<table width=""800"" border=""0"" align=""center"">
  <tr>
    <td> <img src=""http://image.rakuten.co.jp/kitcut/cabinet/banner/04802908/imgrc0073840290.jpg"" width=""399"" /></td>
    <td> <img src=""http://image.rakuten.co.jp/kitcut/cabinet/banner/04802908/imgrc0073840291.jpg"" width=""399"" /></td>
  </tr>
</table>

<!--6月5日(月)9:59まで　DEAL-->
<table width=""800"" border=""0"" align=""center"">
  <tr>
    <td> <img src=""https://image.rakuten.co.jp/kitcut/cabinet/special/imgrc0081361413.jpg"" width=""800px"" /> </td>
  </tr>
</table>

<!--6月5日(月)9:59まで　フラッシュセール-->


<table width=""800"" border=""0""align=""center"" style=""background-color:#444444; color:#F4D406; text-align: center; font-size:18px; border-radius: 5px;"" >
 <tr >
    <td colspan=""5"" ><img src=""https://image.rakuten.co.jp/kitcut/cabinet/special/imgrc0081361616.jpg"" alt="""" width=""99%"" /></td>
  </tr>
  <tr>
    <td><img src=""https://image.rakuten.co.jp/kitcut/cabinet/special/imgrc0081361618.jpg"" width=""97%"" /></td>
    <td><img src=""https://image.rakuten.co.jp/kitcut/cabinet/special/imgrc0081361617.jpg"" width=""97%"" /></td>
    <td><img src=""https://image.rakuten.co.jp/kitcut/cabinet/special/imgrc0081361619.jpg"" width=""97%"" /></td>
    <td><img src=""https://image.rakuten.co.jp/kitcut/cabinet/special/imgrc0081361620.jpg"" width=""97%"" /></td>
  </tr>
  <tr>
    <td colspan=""5"" >2017年6月1日（木）10:00～2017年6月6日（火）9:59迄</td>
  </tr>
</table>






<style type=""text/css"">

#item_attention_area {
  border: #D00 solid 2px;
}

#item_attention_area p{
  margin: 0;
  padding: 2px 5px;
  color: white;
  background-color: #D00;
}

#item_attention_area ul{
  margin:0;
  padding: 10px 15px 5px 15px;
  list-style: none;
}

#item_attention_area ul>li{
  margin-bottom: 5px;
}

@media (max-width:481px){
section table   { width: 100%; }

.item th  { width: 30%; text-align: left; }
.item td  { 
margin-bottom:10px;
display:table;
}    

@media only screen and (min-width:480px){
    .item { margin: 0 auto; }
   .item tr{
        display: block;
}
    .item th,
    .item td{
        max-width: 100%;
       display: block;
        border-top: none;
		margin-bottom:10px;	

}

</style>",[1200円OFFクーポン有] WACOM Bamboo Spark - ガジェットポケットつきスマートフォリオ # CDS600GG  ワコム (Apple製品関連アクセサリ)：Apple専門店 キットカット,iPhone6 ケースiPhone 6 Plus ケースiPad Air 2 ケースiPad mini ケースAppleMacBook Pro ケースMacBook Air ケースbeats by dr.dreCatalystTHULEクラフトホリックiPad Pro ケースBOSEmoecoGILD designJBLヘッドホンイヤホンbluetoothスピーカー[1200円OFFクーポン有] WACOM Bamboo Spark - ガジェットポケットつきスマートフォリオ # CDS600GG  ワコム (Apple製品関連アクセサリ),ガジェットポケットつきスマートフォリオ。[1200円OFFクーポン有] WACOM Bamboo Spark - ガジェットポケットつきスマートフォリオ # CDS600GG  ワコム (Apple製品関連アクセサリ)[rn]
32-93116,http://tshop.r10s.jp/kitcut/cabinet/item/30/prod-pict-300243.jpg?fitin=700:700,543.2000,,スマートフォン・タブレット > スマートフォンアクセサリー > その他,[1200円OFFクーポン有][ネコポス可] [メーカー在庫限り] ◎ エレコム Apple Watch 38mm 用ハードバンパー ゴールド # P-AW38PVBGD  エレコム (Apple Watch ケース),軽くて丈夫なポリカーボネート素材を使用したケース,"<br>

<!-- 関連分類リンク-->
<a href=""http://item.rakuten.co.jp/kitcut/c/""><img src=""http://image.rakuten.co.jp/kitcut/cabinet/banner/kitcut/suggest-film.jpg""></a><br>
<!-- 関連分類リンクここまで--><!-- ブックマーク -->
<br><p class=""add_bookmark""><a href=""https://my.bookmark.rakuten.co.jp/?func=reg&svid=101&shop_bid=206376&iid=10064912&itype=1""><img src=""https://image.rakuten.co.jp/kitcut/cabinet/banner/kitcut/imgrc0067948711.jpg"" alt=""Last Update : 2017/05/25 9:25:22""></a></p>
<!-- ブックマークここまで --><hr>
<!-- バリエーション -->
【バリエーション】
<div class=""variation2"">
<a href=""https://item.rakuten.co.jp/kitcut/300242/""><img width=""100"" border=""0"" src=""https://image.rakuten.co.jp/kitcut/cabinet/item/30/prod-pict-300242.jpg""></a>
<a href=""https://item.rakuten.co.jp/kitcut/300243/""><img width=""100"" border=""0"" src=""https://image.rakuten.co.jp/kitcut/cabinet/item/30/prod-pict-300243.jpg""></a>
<a href=""https://item.rakuten.co.jp/kitcut/300244/""><img width=""100"" border=""0"" src=""https://image.rakuten.co.jp/kitcut/cabinet/item/30/prod-pict-300244.jpg""></a><br>
<font color=""gray"">[family] <a href=""http://search.rakuten.co.jp/search/inshop-mall/30024583781/-/f.1-p.1-s.2-sf.0-sid.206376-st.A-v.3"">30024583781</a></font></div>
<!-- バリエーションここまで -->
<!-- ネコポス文言 --><br><img src=http://image.rakuten.co.jp/kitcut/cabinet/nekopos.jpg><br><!-- ネコポス文言ここまで --><br><!-- 商品詳細 --><table class=item_explain border=0 cellspacing=0 cellpadding=0><tr><td>・ Apple Watch 38mm 用本体側面をキズや汚れから守るハードバンパー<br>Apple Watch 38mm のスタイルを損なわず、本体側面をキズや汚れから守るハードバンパーです。<br><br>・ ポリカーボネート素材が衝撃を和らげる<br>軽くて丈夫なポリカーボネート素材が衝撃を和らげます。<br><br>・ 装着したままで本体の操作、充電が可能<br>バンパーを装着したままで、液晶画面の確認、本体の操作、充電コネクタの接続が可能です。<br><br><br><br>[仕様情報]<br>セット内容 : ケース本体x1<br>　　　材質 : ポリカーボネート<br><br>※ 仕様は予告なく変更する事がありますので、あらかじめご了承ください。<br>※ ケースのみの販売となります。<br><br>[メーカー]エレコム ELECOM (エレコム)<br>[商品型番] P-AW38PVBGD<br>[バーコード] 4953103468573<br> <font color=""gray"">[材質] ハードケース<br>[材質] ポリカーボネート製<br>[色] ゴールド<br>[性能] バンパー<br>[対応] Apple Watch 38mm Series 1 </font><br></td></tr></table><br><br><!-- 商品詳細ここまで --><!--共通説明文（大）ここから-->

<table width=""800"" border=""0"" align=""center"">
  <tr>
    <td> <img src=""https://image.rakuten.co.jp/kitcut/cabinet/banner/05298098/imgrc0080334562.jpg"" width=""800px"" /></td>
  </tr>
</table>
<table width=""800"" border=""0"" align=""center"">
  <tr>
    <td> <img src=""https://image.rakuten.co.jp/kitcut/cabinet/banner/05298098/imgrc0080411111.jpg"" width=""800px"" /></td>
  </tr>
</table>

<!--横2列-->

<table width=""800"" border=""0"" align=""center"">
  <tr>
    <td> <img src=""https://image.rakuten.co.jp/kitcut/cabinet/top/05006737/imgrc0080402120.jpg"" width=""399"" /></td>
    
    <!--kickflip-->
    <td> <img src=""https://image.rakuten.co.jp/kitcut/cabinet/top/05006737/imgrc0080402031.jpg"" width=""399"" /></td>
  </tr>
</table>

<!--横2列-->

<table width=""800"" border=""0"" align=""center"">
  <tr>
    <td> <img src=""https://image.rakuten.co.jp/kitcut/cabinet/banner/05298098/imgrc0081316114.jpg"" width=""399"" /></td>
    <td> <img src=""https://image.rakuten.co.jp/kitcut/cabinet/banner/05298098/imgrc0080355902.jpg"" width=""399"" /></td>
  </tr>
</table>

<!--25周年の告知-->
<table width=""800"" border=""0"" align=""center"">
  <tr>
    <td> <img src=""http://image.rakuten.co.jp/kitcut/cabinet/banner/04802908/imgrc0073840290.jpg"" width=""399"" /></td>
    <td> <img src=""http://image.rakuten.co.jp/kitcut/cabinet/banner/04802908/imgrc0073840291.jpg"" width=""399"" /></td>
  </tr>
</table>

<!--6月5日(月)9:59まで　DEAL-->
<table width=""800"" border=""0"" align=""center"">
  <tr>
    <td> <img src=""https://image.rakuten.co.jp/kitcut/cabinet/special/imgrc0081361413.jpg"" width=""800px"" /> </td>
  </tr>
</table>

<!--6月5日(月)9:59まで　フラッシュセール-->


<table width=""800"" border=""0""align=""center"" style=""background-color:#444444; color:#F4D406; text-align: center; font-size:18px; border-radius: 5px;"" >
 <tr >
    <td colspan=""5"" ><img src=""https://image.rakuten.co.jp/kitcut/cabinet/special/imgrc0081361616.jpg"" alt="""" width=""99%"" /></td>
  </tr>
  <tr>
    <td><img src=""https://image.rakuten.co.jp/kitcut/cabinet/special/imgrc0081361618.jpg"" width=""97%"" /></td>
    <td><img src=""https://image.rakuten.co.jp/kitcut/cabinet/special/imgrc0081361617.jpg"" width=""97%"" /></td>
    <td><img src=""https://image.rakuten.co.jp/kitcut/cabinet/special/imgrc0081361619.jpg"" width=""97%"" /></td>
    <td><img src=""https://image.rakuten.co.jp/kitcut/cabinet/special/imgrc0081361620.jpg"" width=""97%"" /></td>
  </tr>
  <tr>
    <td colspan=""5"" >2017年6月1日（木）10:00～2017年6月6日（火）9:59迄</td>
  </tr>
</table>






<style type=""text/css"">

#item_attention_area {
  border: #D00 solid 2px;
}

#item_attention_area p{
  margin: 0;
  padding: 2px 5px;
  color: white;
  background-color: #D00;
}

#item_attention_area ul{
  margin:0;
  padding: 10px 15px 5px 15px;
  list-style: none;
}

#item_attention_area ul>li{
  margin-bottom: 5px;
}

@media (max-width:481px){
section table   { width: 100%; }

.item th  { width: 30%; text-align: left; }
.item td  { 
margin-bottom:10px;
display:table;
}    

@media only screen and (min-width:480px){
    .item { margin: 0 auto; }
   .item tr{
        display: block;
}
    .item th,
    .item td{
        max-width: 100%;
       display: block;
        border-top: none;
		margin-bottom:10px;	

}

</style>",[1200円OFFクーポン有][ネコポス可] [メーカー在庫限り] ◎ エレコム Apple Watch 38mm 用ハードバンパー ゴールド # P-AW38PVBGD  エレコム (Apple Watch ケース)：Apple専門店 キットカット,iPhone6 ケースiPhone 6 Plus ケースiPad Air 2 ケースiPad mini ケースAppleMacBook Pro ケースMacBook Air ケースbeats by dr.dreCatalystTHULEクラフトホリックiPad Pro ケースBOSEmoecoGILD designJBLヘッドホンイヤホンbluetoothスピーカー[1200円OFFクーポン有][ネコポス可] [メーカー在庫限り] ◎ エレコム Apple Watch 38mm 用ハードバンパー ゴールド # P-AW38PVBGD  エレコム (Apple Watch ケース),軽くて丈夫なポリカーボネート素材を使用したケース。[1200円OFFクーポン有][ネコポス可] [メーカー在庫限り] ◎ エレコム Apple Watch 38mm 用ハードバンパー ゴールド # P-AW38PVBGD  エレコム (Apple Watch ケース)[rn]
32-93117,http://tshop.r10s.jp/kitcut/cabinet/item/30/prod-pict-300244.jpg?fitin=700:700,543.2000,,スマートフォン・タブレット > スマートフォンアクセサリー > その他,[1200円OFFクーポン有][ネコポス可] [メーカー在庫限り] ◎ エレコム Apple Watch 38mm 用ハードバンパー レッド # P-AW38PVBRD  エレコム (Apple Watch ケース),軽くて丈夫なポリカーボネート素材を使用したケース,"<br>

<!-- 関連分類リンク-->
<a href=""http://item.rakuten.co.jp/kitcut/c/""><img src=""http://image.rakuten.co.jp/kitcut/cabinet/banner/kitcut/suggest-film.jpg""></a><br>
<!-- 関連分類リンクここまで--><!-- ブックマーク -->
<br><p class=""add_bookmark""><a href=""https://my.bookmark.rakuten.co.jp/?func=reg&svid=101&shop_bid=206376&iid=10064913&itype=1""><img src=""https://image.rakuten.co.jp/kitcut/cabinet/banner/kitcut/imgrc0067948711.jpg"" alt=""Last Update : 2017/05/25 9:25:22""></a></p>
<!-- ブックマークここまで --><hr>
<!-- バリエーション -->
【バリエーション】
<div class=""variation2"">
<a href=""https://item.rakuten.co.jp/kitcut/300242/""><img width=""100"" border=""0"" src=""https://image.rakuten.co.jp/kitcut/cabinet/item/30/prod-pict-300242.jpg""></a>
<a href=""https://item.rakuten.co.jp/kitcut/300243/""><img width=""100"" border=""0"" src=""https://image.rakuten.co.jp/kitcut/cabinet/item/30/prod-pict-300243.jpg""></a>
<a href=""https://item.rakuten.co.jp/kitcut/300244/""><img width=""100"" border=""0"" src=""https://image.rakuten.co.jp/kitcut/cabinet/item/30/prod-pict-300244.jpg""></a><br>
<font color=""gray"">[family] <a href=""http://search.rakuten.co.jp/search/inshop-mall/30024583781/-/f.1-p.1-s.2-sf.0-sid.206376-st.A-v.3"">30024583781</a></font></div>
<!-- バリエーションここまで -->
<!-- ネコポス文言 --><br><img src=http://image.rakuten.co.jp/kitcut/cabinet/nekopos.jpg><br><!-- ネコポス文言ここまで --><br><!-- 商品詳細 --><table class=item_explain border=0 cellspacing=0 cellpadding=0><tr><td>・ Apple Watch 38mm 用本体側面をキズや汚れから守るハードバンパー<br>Apple Watch 38mm のスタイルを損なわず、本体側面をキズや汚れから守るハードバンパーです。<br><br>・ ポリカーボネート素材が衝撃を和らげる<br>軽くて丈夫なポリカーボネート素材が衝撃を和らげます。<br><br>・ 装着したままで本体の操作、充電が可能<br>バンパーを装着したままで、液晶画面の確認、本体の操作、充電コネクタの接続が可能です。<br><br><br><br>[仕様情報]<br>セット内容 : ケース本体x1<br>　　　材質 : ポリカーボネート<br><br>※ 仕様は予告なく変更する事がありますので、あらかじめご了承ください。<br>※ ケースのみの販売となります。<br><br>[メーカー]エレコム ELECOM (エレコム)<br>[商品型番] P-AW38PVBRD<br>[バーコード] 4953103468580<br> <font color=""gray"">[材質] ハードケース<br>[材質] ポリカーボネート製<br>[色] レッド<br>[性能] バンパー<br>[対応] Apple Watch 38mm Series 1 </font><br></td></tr></table><br><br><!-- 商品詳細ここまで --><!--共通説明文（大）ここから-->

<table width=""800"" border=""0"" align=""center"">
  <tr>
    <td> <img src=""https://image.rakuten.co.jp/kitcut/cabinet/banner/05298098/imgrc0080334562.jpg"" width=""800px"" /></td>
  </tr>
</table>
<table width=""800"" border=""0"" align=""center"">
  <tr>
    <td> <img src=""https://image.rakuten.co.jp/kitcut/cabinet/banner/05298098/imgrc0080411111.jpg"" width=""800px"" /></td>
  </tr>
</table>

<!--横2列-->

<table width=""800"" border=""0"" align=""center"">
  <tr>
    <td> <img src=""https://image.rakuten.co.jp/kitcut/cabinet/top/05006737/imgrc0080402120.jpg"" width=""399"" /></td>
    
    <!--kickflip-->
    <td> <img src=""https://image.rakuten.co.jp/kitcut/cabinet/top/05006737/imgrc0080402031.jpg"" width=""399"" /></td>
  </tr>
</table>

<!--横2列-->

<table width=""800"" border=""0"" align=""center"">
  <tr>
    <td> <img src=""https://image.rakuten.co.jp/kitcut/cabinet/banner/05298098/imgrc0081316114.jpg"" width=""399"" /></td>
    <td> <img src=""https://image.rakuten.co.jp/kitcut/cabinet/banner/05298098/imgrc0080355902.jpg"" width=""399"" /></td>
  </tr>
</table>

<!--25周年の告知-->
<table width=""800"" border=""0"" align=""center"">
  <tr>
    <td> <img src=""http://image.rakuten.co.jp/kitcut/cabinet/banner/04802908/imgrc0073840290.jpg"" width=""399"" /></td>
    <td> <img src=""http://image.rakuten.co.jp/kitcut/cabinet/banner/04802908/imgrc0073840291.jpg"" width=""399"" /></td>
  </tr>
</table>

<!--6月5日(月)9:59まで　DEAL-->
<table width=""800"" border=""0"" align=""center"">
  <tr>
    <td> <img src=""https://image.rakuten.co.jp/kitcut/cabinet/special/imgrc0081361413.jpg"" width=""800px"" /> </td>
  </tr>
</table>

<!--6月5日(月)9:59まで　フラッシュセール-->


<table width=""800"" border=""0""align=""center"" style=""background-color:#444444; color:#F4D406; text-align: center; font-size:18px; border-radius: 5px;"" >
 <tr >
    <td colspan=""5"" ><img src=""https://image.rakuten.co.jp/kitcut/cabinet/special/imgrc0081361616.jpg"" alt="""" width=""99%"" /></td>
  </tr>
  <tr>
    <td><img src=""https://image.rakuten.co.jp/kitcut/cabinet/special/imgrc0081361618.jpg"" width=""97%"" /></td>
    <td><img src=""https://image.rakuten.co.jp/kitcut/cabinet/special/imgrc0081361617.jpg"" width=""97%"" /></td>
    <td><img src=""https://image.rakuten.co.jp/kitcut/cabinet/special/imgrc0081361619.jpg"" width=""97%"" /></td>
    <td><img src=""https://image.rakuten.co.jp/kitcut/cabinet/special/imgrc0081361620.jpg"" width=""97%"" /></td>
  </tr>
  <tr>
    <td colspan=""5"" >2017年6月1日（木）10:00～2017年6月6日（火）9:59迄</td>
  </tr>
</table>






<style type=""text/css"">

#item_attention_area {
  border: #D00 solid 2px;
}

#item_attention_area p{
  margin: 0;
  padding: 2px 5px;
  color: white;
  background-color: #D00;
}

#item_attention_area ul{
  margin:0;
  padding: 10px 15px 5px 15px;
  list-style: none;
}

#item_attention_area ul>li{
  margin-bottom: 5px;
}

@media (max-width:481px){
section table   { width: 100%; }

.item th  { width: 30%; text-align: left; }
.item td  { 
margin-bottom:10px;
display:table;
}    

@media only screen and (min-width:480px){
    .item { margin: 0 auto; }
   .item tr{
        display: block;
}
    .item th,
    .item td{
        max-width: 100%;
       display: block;
        border-top: none;
		margin-bottom:10px;	

}

</style>",[1200円OFFクーポン有][ネコポス可] [メーカー在庫限り] ◎ エレコム Apple Watch 38mm 用ハードバンパー レッド # P-AW38PVBRD  エレコム (Apple Watch ケース)：Apple専門店 キットカット,iPhone6 ケースiPhone 6 Plus ケースiPad Air 2 ケースiPad mini ケースAppleMacBook Pro ケースMacBook Air ケースbeats by dr.dreCatalystTHULEクラフトホリックiPad Pro ケースBOSEmoecoGILD designJBLヘッドホンイヤホンbluetoothスピーカー[1200円OFFクーポン有][ネコポス可] [メーカー在庫限り] ◎ エレコム Apple Watch 38mm 用ハードバンパー レッド # P-AW38PVBRD  エレコム (Apple Watch ケース),軽くて丈夫なポリカーボネート素材を使用したケース。[1200円OFFクーポン有][ネコポス可] [メーカー在庫限り] ◎ エレコム Apple Watch 38mm 用ハードバンパー レッド # P-AW38PVBRD  エレコム (Apple Watch ケース)[rn]
32-93118,http://tshop.r10s.jp/kitcut/cabinet/item/33/prod-pict-440063.jpg?fitin=700:700,5600.0000,,スマートフォン・タブレット > スマートフォンアクセサリー > その他,[1200円OFFクーポン有] UAG 12.9インチ iPad Pro用 ガラスフィルム # UAG-IPDPROSP  ユーエージー   (タブレット用液晶保護フィルム),12.9インチ iPad Pro用スクリーンプロテクター,"<!-- リコメンド --><br>
<div id=""recommend_area"">
<h3>UAG 12.9インチ iPad Pro用 ガラスフィルム # UAG-IPDPROSP  ユーエージー  </h3>
<div class=""staff_recommend""><h3>*</h3><div class=""recom_showcase""><p class=""recom_img""><img src=""http://image.rakuten.co.jp/kitcut/cabinet/recom37/rec-440063-43486.jpg"" alt=""*の画像""></p></div><p></p></div>
</div>
<!-- リコメンドここまで -->

<br>

<!-- 関連分類リンク-->
<a href=""http://item.rakuten.co.jp/kitcut/c/""><img src=""http://image.rakuten.co.jp/kitcut/cabinet/banner/kitcut/suggest-case.jpg""></a><br>
<!-- 関連分類リンクここまで--><!-- ブックマーク -->
<br><p class=""add_bookmark""><a href=""https://my.bookmark.rakuten.co.jp/?func=reg&svid=101&shop_bid=206376&iid=10077563&itype=1""><img src=""https://image.rakuten.co.jp/kitcut/cabinet/banner/kitcut/imgrc0067948711.jpg"" alt=""Last Update : 2017/05/25 9:27:32""></a></p>
<!-- ブックマークここまで -->
<!-- フレンド --><div class=""variation3""><p>【気になる商品】</p><img width=""100"" border=""0"" src=""http://image.rakuten.co.jp/kitcut/cabinet/item/35/prod-pict-437857.jpg""><img width=""100"" border=""0"" src=""http://image.rakuten.co.jp/kitcut/cabinet/item/35/prod-pict-437858.jpg""><img width=""100"" border=""0"" src=""http://image.rakuten.co.jp/kitcut/cabinet/item/33/prod-pict-440062.jpg""><img width=""100"" border=""0"" src=""http://image.rakuten.co.jp/kitcut/cabinet/item/33/prod-pict-440064.jpg"">            <br><p>【合わせて買いたい商品】</p><img width=""100"" border=""0"" src=""http://image.rakuten.co.jp/kitcut/cabinet/item/34/p43562236351_5240.jpg"">            <br></div><hr><!-- フレンドここまで --><br> <!-- ネコポス文言 --><br><img src=http://image.rakuten.co.jp/kitcut/cabinet/nekopos.jpg><br><!-- ネコポス文言ここまで --><br><!-- 商品詳細 --><table class=item_explain border=0 cellspacing=0 cellpadding=0><tr><td>URBAN ARMOR GEAR (UAG)<br>12.9 inch iPad Pro 用スクリーンプロテクター<br><br>UAG独自の耐衝撃設計が、あらゆる方向からの衝撃を緩和。<br>都市と自然に生きるアクティブなライフスタイルをさらに楽しもう!<br><br>■ URBAN ARMOR GEAR (UAG) について<br>URBAN ARMOR GEAR (UAG) は南カリフォルニアで設立された、耐衝撃機能を持った独特なデザインのモバイルケースをメインとして開発しているブランドです。<br>デザイン性と耐衝撃性、使いやすさを兼ね備えた製品は、全世界で高い評価を受けています。<br><br>【スマートフォンを安全快適に。スクリーンプロテクターの特長】<br>■ 撥油性抗指紋コーティング<br>撥油性抗指紋コーティングにより、指紋がガラスに残りにくくなっています。<br><br>■ ブルーライトカット<br>目を疲れやすくするといわれているブルーライトをカットします。<br><br>■ 日本製の 9H 高硬度ガラス<br>硬いものでこすっても傷がつきにくい硬度になります。<br><br>■ 極薄ガラス<br>薄く作られているのでタッチ操作に影響を与えません。<br><br><br>[仕様情報]<br>対応機種 : 12.9 inch iPad Pro<br>材質 : ガラス<br>外形寸法 (mm) : 約 (W)216 x (D)0.48 x (H)301<br>質量 (g) : 約 67<br>同梱品 : 製品本体<br>　　　　画面クリーナー<br>　　　　ホコリ除去 / 位置調整用シール<br>　　　　マニュアル (英語)<br><br>[メーカー]ユーエージー UAG<br>[商品型番] UAG-IPDPROSP<br>[バーコード] 4988481759883<br> <font color=""gray"">[材質] ガラス<br>[性能] ガラスフィルム<br>[性能] ブルーライトカット<br>[対応] 12.9インチ iPad Pro </font><br></td></tr></table><br><br><!-- 商品詳細ここまで --><!--共通説明文（大）ここから-->

<table width=""800"" border=""0"" align=""center"">
  <tr>
    <td> <img src=""https://image.rakuten.co.jp/kitcut/cabinet/banner/05298098/imgrc0080334562.jpg"" width=""800px"" /></td>
  </tr>
</table>
<table width=""800"" border=""0"" align=""center"">
  <tr>
    <td> <img src=""https://image.rakuten.co.jp/kitcut/cabinet/banner/05298098/imgrc0080411111.jpg"" width=""800px"" /></td>
  </tr>
</table>

<!--横2列-->

<table width=""800"" border=""0"" align=""center"">
  <tr>
    <td> <img src=""https://image.rakuten.co.jp/kitcut/cabinet/top/05006737/imgrc0080402120.jpg"" width=""399"" /></td>
    
    <!--kickflip-->
    <td> <img src=""https://image.rakuten.co.jp/kitcut/cabinet/top/05006737/imgrc0080402031.jpg"" width=""399"" /></td>
  </tr>
</table>

<!--横2列-->

<table width=""800"" border=""0"" align=""center"">
  <tr>
    <td> <img src=""https://image.rakuten.co.jp/kitcut/cabinet/banner/05298098/imgrc0081316114.jpg"" width=""399"" /></td>
    <td> <img src=""https://image.rakuten.co.jp/kitcut/cabinet/banner/05298098/imgrc0080355902.jpg"" width=""399"" /></td>
  </tr>
</table>

<!--25周年の告知-->
<table width=""800"" border=""0"" align=""center"">
  <tr>
    <td> <img src=""http://image.rakuten.co.jp/kitcut/cabinet/banner/04802908/imgrc0073840290.jpg"" width=""399"" /></td>
    <td> <img src=""http://image.rakuten.co.jp/kitcut/cabinet/banner/04802908/imgrc0073840291.jpg"" width=""399"" /></td>
  </tr>
</table>

<!--6月5日(月)9:59まで　DEAL-->
<table width=""800"" border=""0"" align=""center"">
  <tr>
    <td> <img src=""https://image.rakuten.co.jp/kitcut/cabinet/special/imgrc0081361413.jpg"" width=""800px"" /> </td>
  </tr>
</table>

<!--6月5日(月)9:59まで　フラッシュセール-->


<table width=""800"" border=""0""align=""center"" style=""background-color:#444444; color:#F4D406; text-align: center; font-size:18px; border-radius: 5px;"" >
 <tr >
    <td colspan=""5"" ><img src=""https://image.rakuten.co.jp/kitcut/cabinet/special/imgrc0081361616.jpg"" alt="""" width=""99%"" /></td>
  </tr>
  <tr>
    <td><img src=""https://image.rakuten.co.jp/kitcut/cabinet/special/imgrc0081361618.jpg"" width=""97%"" /></td>
    <td><img src=""https://image.rakuten.co.jp/kitcut/cabinet/special/imgrc0081361617.jpg"" width=""97%"" /></td>
    <td><img src=""https://image.rakuten.co.jp/kitcut/cabinet/special/imgrc0081361619.jpg"" width=""97%"" /></td>
    <td><img src=""https://image.rakuten.co.jp/kitcut/cabinet/special/imgrc0081361620.jpg"" width=""97%"" /></td>
  </tr>
  <tr>
    <td colspan=""5"" >2017年6月1日（木）10:00～2017年6月6日（火）9:59迄</td>
  </tr>
</table>






<style type=""text/css"">

#item_attention_area {
  border: #D00 solid 2px;
}

#item_attention_area p{
  margin: 0;
  padding: 2px 5px;
  color: white;
  background-color: #D00;
}

#item_attention_area ul{
  margin:0;
  padding: 10px 15px 5px 15px;
  list-style: none;
}

#item_attention_area ul>li{
  margin-bottom: 5px;
}

@media (max-width:481px){
section table   { width: 100%; }

.item th  { width: 30%; text-align: left; }
.item td  { 
margin-bottom:10px;
display:table;
}    

@media only screen and (min-width:480px){
    .item { margin: 0 auto; }
   .item tr{
        display: block;
}
    .item th,
    .item td{
        max-width: 100%;
       display: block;
        border-top: none;
		margin-bottom:10px;	

}

</style>",[1200円OFFクーポン有] UAG 12.9インチ iPad Pro用 ガラスフィルム # UAG-IPDPROSP  ユーエージー   (タブレット用液晶保護フィルム)：Apple専門店 キットカット,iPhone6 ケースiPhone 6 Plus ケースiPad Air 2 ケースiPad mini ケースAppleMacBook Pro ケースMacBook Air ケースbeats by dr.dreCatalystTHULEクラフトホリックiPad Pro ケースBOSEmoecoGILD designJBLヘッドホンイヤホンbluetoothスピーカー[1200円OFFクーポン有] UAG 12.9インチ iPad Pro用 ガラスフィルム # UAG-IPDPROSP  ユーエージー   (タブレット用液晶保護フィルム),12.9インチ iPad Pro用スクリーンプロテクター。[1200円OFFクーポン有] UAG 12.9インチ iPad Pro用 ガラスフィルム # UAG-IPDPROSP  ユーエージー   (タブレット用液晶保護フィルム)[rn]
32-93119,http://tshop.r10s.jp/kitcut/cabinet/item/35/prod-pict-436561.jpg?fitin=700:700,3280.0000,,スマートフォン・タブレット > スマートフォンアクセサリー > その他,[1200円OFFクーポン有] PATCHWORKS ITG Plus - Impossible Tempered Glass for 12.9インチ iPad Pro # P-4592  パッチワークス (タブレット用液晶保護フィルム),表面硬度9Hの日本産強化ガラス製フィルム,"<!-- リコメンド --><br>
<div id=""recommend_area"">
<h3>PATCHWORKS ITG Plus - Impossible Tempered Glass for 12.9インチ iPad Pro # P-4592  パッチワークス</h3>
<div class=""staff_recommend""><h3>*</h3><div class=""recom_showcase""><p class=""recom_img""><img src=""http://image.rakuten.co.jp/kitcut/cabinet/recom35/rec-436561-39522.jpg"" alt=""*の画像""></p></div><p></p></div>
<div class=""staff_recommend""><h3>*</h3><div class=""recom_showcase""><p class=""recom_img""><img src=""http://image.rakuten.co.jp/kitcut/cabinet/recom35/rec-436561-39523.jpg"" alt=""*の画像""></p></div><p></p></div>
<div class=""staff_recommend""><h3>*</h3><div class=""recom_showcase""><p class=""recom_img""><img src=""http://image.rakuten.co.jp/kitcut/cabinet/recom35/rec-436561-39524.jpg"" alt=""*の画像""></p></div><p></p></div>
<div class=""staff_recommend""><h3>*</h3><div class=""recom_showcase""><p class=""recom_img""><img src=""http://image.rakuten.co.jp/kitcut/cabinet/recom35/rec-436561-39525.jpg"" alt=""*の画像""></p></div><p></p></div>
<div class=""staff_recommend""><h3>*</h3><div class=""recom_showcase""><p class=""recom_img""><img src=""http://image.rakuten.co.jp/kitcut/cabinet/recom35/rec-436561-39526.jpg"" alt=""*の画像""></p></div><p></p></div>
</div>
<!-- リコメンドここまで -->

<br>

<!-- 関連分類リンク-->
<a href=""http://item.rakuten.co.jp/kitcut/c/""><img src=""http://image.rakuten.co.jp/kitcut/cabinet/banner/kitcut/suggest-case.jpg""></a><br>
<!-- 関連分類リンクここまで--><!-- ブックマーク -->
<br><p class=""add_bookmark""><a href=""https://my.bookmark.rakuten.co.jp/?func=reg&svid=101&shop_bid=206376&iid=10072688&itype=1""><img src=""https://image.rakuten.co.jp/kitcut/cabinet/banner/kitcut/imgrc0067948711.jpg"" alt=""Last Update : 2017/05/25 9:26:40""></a></p>
<!-- ブックマークここまで -->
<!-- フレンド -->
<div class=""variation3"">
<p>【類似・関連商品】</p>
<img width=""100"" border=""0"" src=""http://image.rakuten.co.jp/kitcut/cabinet/item/35/prod-pict-436562.jpg"">
<img width=""100"" border=""0"" src=""http://image.rakuten.co.jp/kitcut/cabinet/item/35/prod-pict-436563.jpg"">
            <br>
</div>
<hr>
<!-- フレンドここまで --><br>

<!-- ネコポス文言 --><br>
<img src='http://image.rakuten.co.jp/kitcut/cabinet/nekopos.jpg'><br>
<!-- ネコポス文言ここまで --><br><!-- 商品詳細 -->
<table class='item_explain' border='0' cellspacing='0' cellpadding='0'>
<tr>
<td>
表面硬度9Hの日本産強化ガラス製フィルム【ラウンドカット仕様】<br>
ITG Plusは、最上級強度の0.33mm日本製生ガラスを使用し、表面硬度は9H、PETフィルムの3倍の強度、ベストな薄さで最大のパフォーマンスを発揮します。ナイフや鍵等の尖ったものでも簡単に傷がつかず、Retinaディスプレイを傷から守り、最高の透過度を提供する、他製品とは一線を画した無比のガラスフィルムです。<br>
<br>
・ 2.5TRラウンドカット<br>
ガラスの縁を丸く研磨処理し、縁にかかる衝撃を軽減しています。<br>
フィルムを付けていないときよりもiPadが握りやすくなり、ガラスの厚みを感じない、Plus仕様になります。<br>
<br>
・ 9H ベストな薄さの最大のパフォーマンス<br>
最上級強度の生ガラスを使用し、表面硬度は9H、PETフィルムの3倍の強度を誇ります。<br>
ナイフや鍵などの尖ったものでも簡単には傷がつきません。<br>
<br>
・ 油分防止機能 オレオフォビックコーティング<br>
油分やホコリが付きにくく、指紋が拭き取りやすいです。<br>
クリスタルクリアの透明度を維持し、iPadにつかわれているガラスと同じタッチ感を実現します。<br>
<br>
・ オリジナルのタッチ感をそのままに<br>
iPadのスクリーンと同じタッチ感覚で操作できます。<br>
<br>
・ ガラス飛散防止<br>
過度な圧力や衝撃により強化ガラスが割れてしまった場合でも、破片は非常に細かい粒状になり尖らない特性を持っているため、一般的なガラス製品に比べて非常に安全です。<br>
お子様でも安心してお使いいただけます。<br>
<br>
・ 気泡防止<br>
接地面にシリコンコーティングを施し、簡単に貼り付けが出来ます。<br>
[仕様情報]<br>
内容物<br>
ITG強化ガラスx1<br>
ほこり除去用シートx1<br>
クリーニングワイプx1<br><br>
[メーカー]パッチワークス PATCHWORKS<br>
[商品型番] P-4592<br>
[バーコード] 8809453312577<br>

<font color=""gray"">
[材質] ガラス<br>[性能] ガラスフィルム<br>[性能] ラウンド処理<br>[対応] 12.9インチ iPad Pro
</font><br>
</td>
</tr>
</table><br><br>
<!-- 商品詳細ここまで --><!--共通説明文（大）ここから-->

<table width=""800"" border=""0"" align=""center"">
  <tr>
    <td> <img src=""https://image.rakuten.co.jp/kitcut/cabinet/banner/05298098/imgrc0080334562.jpg"" width=""800px"" /></td>
  </tr>
</table>
<table width=""800"" border=""0"" align=""center"">
  <tr>
    <td> <img src=""https://image.rakuten.co.jp/kitcut/cabinet/banner/05298098/imgrc0080411111.jpg"" width=""800px"" /></td>
  </tr>
</table>

<!--横2列-->

<table width=""800"" border=""0"" align=""center"">
  <tr>
    <td> <img src=""https://image.rakuten.co.jp/kitcut/cabinet/top/05006737/imgrc0080402120.jpg"" width=""399"" /></td>
    
    <!--kickflip-->
    <td> <img src=""https://image.rakuten.co.jp/kitcut/cabinet/top/05006737/imgrc0080402031.jpg"" width=""399"" /></td>
  </tr>
</table>

<!--横2列-->

<table width=""800"" border=""0"" align=""center"">
  <tr>
    <td> <img src=""https://image.rakuten.co.jp/kitcut/cabinet/banner/05298098/imgrc0081316114.jpg"" width=""399"" /></td>
    <td> <img src=""https://image.rakuten.co.jp/kitcut/cabinet/banner/05298098/imgrc0080355902.jpg"" width=""399"" /></td>
  </tr>
</table>

<!--25周年の告知-->
<table width=""800"" border=""0"" align=""center"">
  <tr>
    <td> <img src=""http://image.rakuten.co.jp/kitcut/cabinet/banner/04802908/imgrc0073840290.jpg"" width=""399"" /></td>
    <td> <img src=""http://image.rakuten.co.jp/kitcut/cabinet/banner/04802908/imgrc0073840291.jpg"" width=""399"" /></td>
  </tr>
</table>

<!--6月5日(月)9:59まで　DEAL-->
<table width=""800"" border=""0"" align=""center"">
  <tr>
    <td> <img src=""https://image.rakuten.co.jp/kitcut/cabinet/special/imgrc0081361413.jpg"" width=""800px"" /> </td>
  </tr>
</table>

<!--6月5日(月)9:59まで　フラッシュセール-->


<table width=""800"" border=""0""align=""center"" style=""background-color:#444444; color:#F4D406; text-align: center; font-size:18px; border-radius: 5px;"" >
 <tr >
    <td colspan=""5"" ><img src=""https://image.rakuten.co.jp/kitcut/cabinet/special/imgrc0081361616.jpg"" alt="""" width=""99%"" /></td>
  </tr>
  <tr>
    <td><img src=""https://image.rakuten.co.jp/kitcut/cabinet/special/imgrc0081361618.jpg"" width=""97%"" /></td>
    <td><img src=""https://image.rakuten.co.jp/kitcut/cabinet/special/imgrc0081361617.jpg"" width=""97%"" /></td>
    <td><img src=""https://image.rakuten.co.jp/kitcut/cabinet/special/imgrc0081361619.jpg"" width=""97%"" /></td>
    <td><img src=""https://image.rakuten.co.jp/kitcut/cabinet/special/imgrc0081361620.jpg"" width=""97%"" /></td>
  </tr>
  <tr>
    <td colspan=""5"" >2017年6月1日（木）10:00～2017年6月6日（火）9:59迄</td>
  </tr>
</table>






<style type=""text/css"">

#item_attention_area {
  border: #D00 solid 2px;
}

#item_attention_area p{
  margin: 0;
  padding: 2px 5px;
  color: white;
  background-color: #D00;
}

#item_attention_area ul{
  margin:0;
  padding: 10px 15px 5px 15px;
  list-style: none;
}

#item_attention_area ul>li{
  margin-bottom: 5px;
}

@media (max-width:481px){
section table   { width: 100%; }

.item th  { width: 30%; text-align: left; }
.item td  { 
margin-bottom:10px;
display:table;
}    

@media only screen and (min-width:480px){
    .item { margin: 0 auto; }
   .item tr{
        display: block;
}
    .item th,
    .item td{
        max-width: 100%;
       display: block;
        border-top: none;
		margin-bottom:10px;	

}

</style>",[1200円OFFクーポン有] PATCHWORKS ITG Plus - Impossible Tempered Glass for 12.9インチ iPad Pro # P-4592  パッチワークス (タブレット用液晶保護フィルム)：Apple専門店 キットカット,iPhone6 ケースiPhone 6 Plus ケースiPad Air 2 ケースiPad mini ケースAppleMacBook Pro ケースMacBook Air ケースbeats by dr.dreCatalystTHULEクラフトホリックiPad Pro ケースBOSEmoecoGILD designJBLヘッドホンイヤホンbluetoothスピーカー[1200円OFFクーポン有] PATCHWORKS ITG Plus - Impossible Tempered Glass for 12.9インチ iPad Pro # P-4592  パッチワークス (タブレット用液晶保護フィルム),表面硬度9Hの日本産強化ガラス製フィルム。[1200円OFFクーポン有] PATCHWORKS ITG Plus - Impossible Tempered Glass for 12.9インチ iPad Pro # P-4592  パッチワークス (タブレット用液晶保護フィルム)[rn]
32-93120,http://tshop.r10s.jp/kitcut/cabinet/item/30/prod-pict-300242.jpg?fitin=700:700,543.2000,,スマートフォン・タブレット > スマートフォンアクセサリー > その他,[1200円OFFクーポン有][ネコポス可] [メーカー在庫限り] ◎ エレコム Apple Watch 38mm 用ハードバンパー クリア # P-AW38PVBCR  エレコム (Apple Watch ケース),軽くて丈夫なポリカーボネート素材を使用したケース,"<br>

<!-- 関連分類リンク-->
<a href=""http://item.rakuten.co.jp/kitcut/c/""><img src=""http://image.rakuten.co.jp/kitcut/cabinet/banner/kitcut/suggest-film.jpg""></a><br>
<!-- 関連分類リンクここまで--><!-- ブックマーク -->
<br><p class=""add_bookmark""><a href=""https://my.bookmark.rakuten.co.jp/?func=reg&svid=101&shop_bid=206376&iid=10064911&itype=1""><img src=""https://image.rakuten.co.jp/kitcut/cabinet/banner/kitcut/imgrc0067948711.jpg"" alt=""Last Update : 2017/05/25 9:25:22""></a></p>
<!-- ブックマークここまで --><hr>
<!-- バリエーション -->
【バリエーション】
<div class=""variation2"">
<a href=""https://item.rakuten.co.jp/kitcut/300242/""><img width=""100"" border=""0"" src=""https://image.rakuten.co.jp/kitcut/cabinet/item/30/prod-pict-300242.jpg""></a>
<a href=""https://item.rakuten.co.jp/kitcut/300243/""><img width=""100"" border=""0"" src=""https://image.rakuten.co.jp/kitcut/cabinet/item/30/prod-pict-300243.jpg""></a>
<a href=""https://item.rakuten.co.jp/kitcut/300244/""><img width=""100"" border=""0"" src=""https://image.rakuten.co.jp/kitcut/cabinet/item/30/prod-pict-300244.jpg""></a><br>
<font color=""gray"">[family] <a href=""http://search.rakuten.co.jp/search/inshop-mall/30024583781/-/f.1-p.1-s.2-sf.0-sid.206376-st.A-v.3"">30024583781</a></font></div>
<!-- バリエーションここまで -->
<!-- ネコポス文言 --><br><img src=http://image.rakuten.co.jp/kitcut/cabinet/nekopos.jpg><br><!-- ネコポス文言ここまで --><br><!-- 商品詳細 --><table class=item_explain border=0 cellspacing=0 cellpadding=0><tr><td>・ Apple Watch 38mm 用本体側面をキズや汚れから守るハードバンパー<br>Apple Watch 38mm のスタイルを損なわず、本体側面をキズや汚れから守るハードバンパーです。<br><br>・ ポリカーボネート素材が衝撃を和らげる<br>軽くて丈夫なポリカーボネート素材が衝撃を和らげます。<br><br>・ 装着したままで本体の操作、充電が可能<br>バンパーを装着したままで、液晶画面の確認、本体の操作、充電コネクタの接続が可能です。<br><br><br><br>[仕様情報]<br>セット内容 : ケース本体x1<br>　　　材質 : ポリカーボネート<br><br>※ 仕様は予告なく変更する事がありますので、あらかじめご了承ください。<br>※ ケースのみの販売となります。<br><br>[メーカー]エレコム ELECOM (エレコム)<br>[商品型番] P-AW38PVBCR<br>[バーコード] 4953103468559<br> <font color=""gray"">[材質] ハードケース<br>[材質] ポリカーボネート製<br>[色] クリア<br>[性能] バンパー<br>[対応] Apple Watch 38mm Series 1 </font><br></td></tr></table><br><br><!-- 商品詳細ここまで --><!--共通説明文（大）ここから-->

<table width=""800"" border=""0"" align=""center"">
  <tr>
    <td> <img src=""https://image.rakuten.co.jp/kitcut/cabinet/banner/05298098/imgrc0080334562.jpg"" width=""800px"" /></td>
  </tr>
</table>
<table width=""800"" border=""0"" align=""center"">
  <tr>
    <td> <img src=""https://image.rakuten.co.jp/kitcut/cabinet/banner/05298098/imgrc0080411111.jpg"" width=""800px"" /></td>
  </tr>
</table>

<!--横2列-->

<table width=""800"" border=""0"" align=""center"">
  <tr>
    <td> <img src=""https://image.rakuten.co.jp/kitcut/cabinet/top/05006737/imgrc0080402120.jpg"" width=""399"" /></td>
    
    <!--kickflip-->
    <td> <img src=""https://image.rakuten.co.jp/kitcut/cabinet/top/05006737/imgrc0080402031.jpg"" width=""399"" /></td>
  </tr>
</table>

<!--横2列-->

<table width=""800"" border=""0"" align=""center"">
  <tr>
    <td> <img src=""https://image.rakuten.co.jp/kitcut/cabinet/banner/05298098/imgrc0081316114.jpg"" width=""399"" /></td>
    <td> <img src=""https://image.rakuten.co.jp/kitcut/cabinet/banner/05298098/imgrc0080355902.jpg"" width=""399"" /></td>
  </tr>
</table>

<!--25周年の告知-->
<table width=""800"" border=""0"" align=""center"">
  <tr>
    <td> <img src=""http://image.rakuten.co.jp/kitcut/cabinet/banner/04802908/imgrc0073840290.jpg"" width=""399"" /></td>
    <td> <img src=""http://image.rakuten.co.jp/kitcut/cabinet/banner/04802908/imgrc0073840291.jpg"" width=""399"" /></td>
  </tr>
</table>

<!--6月5日(月)9:59まで　DEAL-->
<table width=""800"" border=""0"" align=""center"">
  <tr>
    <td> <img src=""https://image.rakuten.co.jp/kitcut/cabinet/special/imgrc0081361413.jpg"" width=""800px"" /> </td>
  </tr>
</table>

<!--6月5日(月)9:59まで　フラッシュセール-->


<table width=""800"" border=""0""align=""center"" style=""background-color:#444444; color:#F4D406; text-align: center; font-size:18px; border-radius: 5px;"" >
 <tr >
    <td colspan=""5"" ><img src=""https://image.rakuten.co.jp/kitcut/cabinet/special/imgrc0081361616.jpg"" alt="""" width=""99%"" /></td>
  </tr>
  <tr>
    <td><img src=""https://image.rakuten.co.jp/kitcut/cabinet/special/imgrc0081361618.jpg"" width=""97%"" /></td>
    <td><img src=""https://image.rakuten.co.jp/kitcut/cabinet/special/imgrc0081361617.jpg"" width=""97%"" /></td>
    <td><img src=""https://image.rakuten.co.jp/kitcut/cabinet/special/imgrc0081361619.jpg"" width=""97%"" /></td>
    <td><img src=""https://image.rakuten.co.jp/kitcut/cabinet/special/imgrc0081361620.jpg"" width=""97%"" /></td>
  </tr>
  <tr>
    <td colspan=""5"" >2017年6月1日（木）10:00～2017年6月6日（火）9:59迄</td>
  </tr>
</table>






<style type=""text/css"">

#item_attention_area {
  border: #D00 solid 2px;
}

#item_attention_area p{
  margin: 0;
  padding: 2px 5px;
  color: white;
  background-color: #D00;
}

#item_attention_area ul{
  margin:0;
  padding: 10px 15px 5px 15px;
  list-style: none;
}

#item_attention_area ul>li{
  margin-bottom: 5px;
}

@media (max-width:481px){
section table   { width: 100%; }

.item th  { width: 30%; text-align: left; }
.item td  { 
margin-bottom:10px;
display:table;
}    

@media only screen and (min-width:480px){
    .item { margin: 0 auto; }
   .item tr{
        display: block;
}
    .item th,
    .item td{
        max-width: 100%;
       display: block;
        border-top: none;
		margin-bottom:10px;	

}

</style>",[1200円OFFクーポン有][ネコポス可] [メーカー在庫限り] ◎ エレコム Apple Watch 38mm 用ハードバンパー クリア # P-AW38PVBCR  エレコム (Apple Watch ケース)：Apple専門店 キットカット,iPhone6 ケースiPhone 6 Plus ケースiPad Air 2 ケースiPad mini ケースAppleMacBook Pro ケースMacBook Air ケースbeats by dr.dreCatalystTHULEクラフトホリックiPad Pro ケースBOSEmoecoGILD designJBLヘッドホンイヤホンbluetoothスピーカー[1200円OFFクーポン有][ネコポス可] [メーカー在庫限り] ◎ エレコム Apple Watch 38mm 用ハードバンパー クリア # P-AW38PVBCR  エレコム (Apple Watch ケース),軽くて丈夫なポリカーボネート素材を使用したケース。[1200円OFFクーポン有][ネコポス可] [メーカー在庫限り] ◎ エレコム Apple Watch 38mm 用ハードバンパー クリア # P-AW38PVBCR  エレコム (Apple Watch ケース)[rn]
32-93121,http://tshop.r10s.jp/kitcut/cabinet/item/14/prod-pict-299486.jpg?fitin=700:700,576.0000,,スマートフォン・タブレット > スマートフォンアクセサリー > その他,[1200円OFFクーポン有][ネコポス可] [メーカー在庫限り] LEPLUS Apple Watch 38mm ハードケース 「CLEAR HARD」 クリアピンク # LP-AW38HGCPK  ルプラス (Apple Watch ケース),Apple Watchを保護するホ&#12442;リカーホ&#12441;ネートケース,"<br>

<!-- 関連分類リンク-->
<a href=""http://item.rakuten.co.jp/kitcut/c/""><img src=""http://image.rakuten.co.jp/kitcut/cabinet/banner/kitcut/suggest-film.jpg""></a><br>
<!-- 関連分類リンクここまで--><!-- ブックマーク -->
<br><p class=""add_bookmark""><a href=""https://my.bookmark.rakuten.co.jp/?func=reg&svid=101&shop_bid=206376&iid=10063140&itype=1""><img src=""https://image.rakuten.co.jp/kitcut/cabinet/banner/kitcut/imgrc0067948711.jpg"" alt=""Last Update : 2017/05/25 9:25:11""></a></p>
<!-- ブックマークここまで --><hr>
<!-- バリエーション -->
【バリエーション】
<div class=""variation2"">
<a href=""https://item.rakuten.co.jp/kitcut/299484/""><img width=""100"" border=""0"" src=""https://image.rakuten.co.jp/kitcut/cabinet/item/14/prod-pict-299484.jpg""></a>
<a href=""https://item.rakuten.co.jp/kitcut/299485/""><img width=""100"" border=""0"" src=""https://image.rakuten.co.jp/kitcut/cabinet/item/14/prod-pict-299485.jpg""></a>
<a href=""https://item.rakuten.co.jp/kitcut/299486/""><img width=""100"" border=""0"" src=""https://image.rakuten.co.jp/kitcut/cabinet/item/14/prod-pict-299486.jpg""></a>
<a href=""https://item.rakuten.co.jp/kitcut/299487/""><img width=""100"" border=""0"" src=""https://image.rakuten.co.jp/kitcut/cabinet/item/14/prod-pict-299487.jpg""></a>
<a href=""https://item.rakuten.co.jp/kitcut/299488/""><img width=""100"" border=""0"" src=""https://image.rakuten.co.jp/kitcut/cabinet/item/14/prod-pict-299488.jpg""></a><br>
<font color=""gray"">[family] <a href=""http://search.rakuten.co.jp/search/inshop-mall/29948546701/-/f.1-p.1-s.2-sf.0-sid.206376-st.A-v.3"">29948546701</a></font></div>
<!-- バリエーションここまで -->
<!-- フレンド -->
<div class=""variation3"">
<p>【気になる商品】</p>
<img width=""100"" border=""0"" src=""http://image.rakuten.co.jp/kitcut/cabinet/item/14/prod-pict-299496.jpg"">
<img width=""100"" border=""0"" src=""http://image.rakuten.co.jp/kitcut/cabinet/item/14/prod-pict-299497.jpg"">
<img width=""100"" border=""0"" src=""http://image.rakuten.co.jp/kitcut/cabinet/item/14/prod-pict-299498.jpg"">
<img width=""100"" border=""0"" src=""http://image.rakuten.co.jp/kitcut/cabinet/item/14/prod-pict-299499.jpg"">
<img width=""100"" border=""0"" src=""http://image.rakuten.co.jp/kitcut/cabinet/item/14/prod-pict-299500.jpg"">
            <br>
</div>
<hr>
<!-- フレンドここまで --><br>

<!-- ネコポス文言 --><br>
<img src='http://image.rakuten.co.jp/kitcut/cabinet/nekopos.jpg'><br>
<!-- ネコポス文言ここまで --><br><!-- 商品詳細 -->
<table class='item_explain' border='0' cellspacing='0' cellpadding='0'>
<tr>
<td>
Apple Watchをしっかりと保護する、ポリカーボネート製ケース<br>
<br>
・ 硬くて丈夫なポリカーボネート素材<br>
・ 傷つきにくい、UVコーティング<br>
・ Apple Watch純正バンド色に合わせた5色展開<br>
<br>
<br>
[仕様情報]<br>
素材 : ポリカーボネート<br>
表面加工 : UVクリアコーティング<br>
製品寸法(mm) : 38mm : 36mm(高さ)x39mm(幅)x9mm(厚み)<br>
付属品 : なし<br>
<br>
※ 製品改良などのために仕様は予告なく変更することがあります。予めご了承下さい。<br>
<br><br>
[メーカー]ルプラス LEPLUS<br>
[商品型番] LP-AW38HGCPK<br>
[バーコード] 4562398659551<br>

<font color=""gray"">
[材質] ポリカーボネート製<br>[材質] ハードケース<br>[色] ピンク<br>[対応] Apple Watch 38mm Series 1
</font><br>
</td>
</tr>
</table><br><br>
<!-- 商品詳細ここまで --><!--共通説明文（大）ここから-->

<table width=""800"" border=""0"" align=""center"">
  <tr>
    <td> <img src=""https://image.rakuten.co.jp/kitcut/cabinet/banner/05298098/imgrc0080334562.jpg"" width=""800px"" /></td>
  </tr>
</table>
<table width=""800"" border=""0"" align=""center"">
  <tr>
    <td> <img src=""https://image.rakuten.co.jp/kitcut/cabinet/banner/05298098/imgrc0080411111.jpg"" width=""800px"" /></td>
  </tr>
</table>

<!--横2列-->

<table width=""800"" border=""0"" align=""center"">
  <tr>
    <td> <img src=""https://image.rakuten.co.jp/kitcut/cabinet/top/05006737/imgrc0080402120.jpg"" width=""399"" /></td>
    
    <!--kickflip-->
    <td> <img src=""https://image.rakuten.co.jp/kitcut/cabinet/top/05006737/imgrc0080402031.jpg"" width=""399"" /></td>
  </tr>
</table>

<!--横2列-->

<table width=""800"" border=""0"" align=""center"">
  <tr>
    <td> <img src=""https://image.rakuten.co.jp/kitcut/cabinet/banner/05298098/imgrc0081316114.jpg"" width=""399"" /></td>
    <td> <img src=""https://image.rakuten.co.jp/kitcut/cabinet/banner/05298098/imgrc0080355902.jpg"" width=""399"" /></td>
  </tr>
</table>

<!--25周年の告知-->
<table width=""800"" border=""0"" align=""center"">
  <tr>
    <td> <img src=""http://image.rakuten.co.jp/kitcut/cabinet/banner/04802908/imgrc0073840290.jpg"" width=""399"" /></td>
    <td> <img src=""http://image.rakuten.co.jp/kitcut/cabinet/banner/04802908/imgrc0073840291.jpg"" width=""399"" /></td>
  </tr>
</table>

<!--6月5日(月)9:59まで　DEAL-->
<table width=""800"" border=""0"" align=""center"">
  <tr>
    <td> <img src=""https://image.rakuten.co.jp/kitcut/cabinet/special/imgrc0081361413.jpg"" width=""800px"" /> </td>
  </tr>
</table>

<!--6月5日(月)9:59まで　フラッシュセール-->


<table width=""800"" border=""0""align=""center"" style=""background-color:#444444; color:#F4D406; text-align: center; font-size:18px; border-radius: 5px;"" >
 <tr >
    <td colspan=""5"" ><img src=""https://image.rakuten.co.jp/kitcut/cabinet/special/imgrc0081361616.jpg"" alt="""" width=""99%"" /></td>
  </tr>
  <tr>
    <td><img src=""https://image.rakuten.co.jp/kitcut/cabinet/special/imgrc0081361618.jpg"" width=""97%"" /></td>
    <td><img src=""https://image.rakuten.co.jp/kitcut/cabinet/special/imgrc0081361617.jpg"" width=""97%"" /></td>
    <td><img src=""https://image.rakuten.co.jp/kitcut/cabinet/special/imgrc0081361619.jpg"" width=""97%"" /></td>
    <td><img src=""https://image.rakuten.co.jp/kitcut/cabinet/special/imgrc0081361620.jpg"" width=""97%"" /></td>
  </tr>
  <tr>
    <td colspan=""5"" >2017年6月1日（木）10:00～2017年6月6日（火）9:59迄</td>
  </tr>
</table>






<style type=""text/css"">

#item_attention_area {
  border: #D00 solid 2px;
}

#item_attention_area p{
  margin: 0;
  padding: 2px 5px;
  color: white;
  background-color: #D00;
}

#item_attention_area ul{
  margin:0;
  padding: 10px 15px 5px 15px;
  list-style: none;
}

#item_attention_area ul>li{
  margin-bottom: 5px;
}

@media (max-width:481px){
section table   { width: 100%; }

.item th  { width: 30%; text-align: left; }
.item td  { 
margin-bottom:10px;
display:table;
}    

@media only screen and (min-width:480px){
    .item { margin: 0 auto; }
   .item tr{
        display: block;
}
    .item th,
    .item td{
        max-width: 100%;
       display: block;
        border-top: none;
		margin-bottom:10px;	

}

</style>",[1200円OFFクーポン有][ネコポス可] [メーカー在庫限り] LEPLUS Apple Watch 38mm ハードケース 「CLEAR HARD」 クリアピンク # LP-AW38HGCPK  ルプラス (Apple Watch ケース)：Apple専門店 キットカット,iPhone6 ケースiPhone 6 Plus ケースiPad Air 2 ケースiPad mini ケースAppleMacBook Pro ケースMacBook Air ケースbeats by dr.dreCatalystTHULEクラフトホリックiPad Pro ケースBOSEmoecoGILD designJBLヘッドホンイヤホンbluetoothスピーカー[1200円OFFクーポン有][ネコポス可] [メーカー在庫限り] LEPLUS Apple Watch 38mm ハードケース 「CLEAR HARD」 クリアピンク # LP-AW38HGCPK  ルプラス (Apple Watch ケース),Apple Watchを保護するホ&#12442;リカーホ&#12441;ネートケース。[1200円OFFクーポン有][ネコポス可] [メーカー在庫限り] LEPLUS Apple Watch 38mm ハードケース 「CLEAR HARD」 クリアピンク # LP-AW38HGCPK  ルプラス (Apple Watch ケース)[rn]
32-93122,http://tshop.r10s.jp/kitcut/cabinet/item/14/prod-pict-299490.jpg?fitin=700:700,576.0000,,スマートフォン・タブレット > スマートフォンアクセサリー > その他,[1200円OFFクーポン有][ネコポス可] [メーカー在庫限り] LEPLUS Apple Watch 38mm シリコンケース「SILICON」 ホワイト # LP-AW38SLWH  ルプラス (Apple Watch ケース),Apple Watchを傷や衝撃から保護するシリコンケース,"<br>

<!-- 関連分類リンク-->
<a href=""http://item.rakuten.co.jp/kitcut/c/""><img src=""http://image.rakuten.co.jp/kitcut/cabinet/banner/kitcut/suggest-film.jpg""></a><br>
<!-- 関連分類リンクここまで--><!-- ブックマーク -->
<br><p class=""add_bookmark""><a href=""https://my.bookmark.rakuten.co.jp/?func=reg&svid=101&shop_bid=206376&iid=10063144&itype=1""><img src=""https://image.rakuten.co.jp/kitcut/cabinet/banner/kitcut/imgrc0067948711.jpg"" alt=""Last Update : 2017/05/25 9:25:11""></a></p>
<!-- ブックマークここまで --><hr>
<!-- バリエーション -->
【バリエーション】
<div class=""variation2"">
<a href=""https://item.rakuten.co.jp/kitcut/299489/""><img width=""100"" border=""0"" src=""https://image.rakuten.co.jp/kitcut/cabinet/item/14/prod-pict-299489.jpg""></a>
<a href=""https://item.rakuten.co.jp/kitcut/299490/""><img width=""100"" border=""0"" src=""https://image.rakuten.co.jp/kitcut/cabinet/item/14/prod-pict-299490.jpg""></a>
<a href=""https://item.rakuten.co.jp/kitcut/299491/""><img width=""100"" border=""0"" src=""https://image.rakuten.co.jp/kitcut/cabinet/item/14/prod-pict-299491.jpg""></a>
<a href=""https://item.rakuten.co.jp/kitcut/299492/""><img width=""100"" border=""0"" src=""https://image.rakuten.co.jp/kitcut/cabinet/item/14/prod-pict-299492.jpg""></a>
<a href=""https://item.rakuten.co.jp/kitcut/299493/""><img width=""100"" border=""0"" src=""https://image.rakuten.co.jp/kitcut/cabinet/item/14/prod-pict-299493.jpg""></a><br>
<font color=""gray"">[family] <a href=""http://search.rakuten.co.jp/search/inshop-mall/2994896811/-/f.1-p.1-s.2-sf.0-sid.206376-st.A-v.3"">2994896811</a></font></div>
<!-- バリエーションここまで -->
<!-- ネコポス文言 --><br>
<img src='http://image.rakuten.co.jp/kitcut/cabinet/nekopos.jpg'><br>
<!-- ネコポス文言ここまで --><br><!-- 商品詳細 -->
<table class='item_explain' border='0' cellspacing='0' cellpadding='0'>
<tr>
<td>
Apple Watchを傷や衝撃から保護するシリコンケース<br>
<br>
・ 本体を傷や衝撃から守る<br>
・ しっとりとした柔らかい触感<br>
・ 柔軟性があり装着しやすいシリコン素材<br>
[仕様情報]<br>
素材 : シリコン<br>
製品寸法(mm) : 38mm : 36mm(高さ)x39mm(幅)x9mm(厚み)<br>
付属品 : なし<br>
<br>
 ※ 製品改良などのために仕様は予告なく変更することがあります。予めご了承下さい。<br>
<br><br>
[メーカー]ルプラス LEPLUS<br>
[商品型番] LP-AW38SLWH<br>
[バーコード] 4562398659599<br>

<font color=""gray"">
[材質] Silicone<br>[材質] ソフトケース<br>[色] ホワイト<br>[対応] Apple Watch 38mm Series 1
</font><br>
</td>
</tr>
</table><br><br>
<!-- 商品詳細ここまで --><!--共通説明文（大）ここから-->

<table width=""800"" border=""0"" align=""center"">
  <tr>
    <td> <img src=""https://image.rakuten.co.jp/kitcut/cabinet/banner/05298098/imgrc0080334562.jpg"" width=""800px"" /></td>
  </tr>
</table>
<table width=""800"" border=""0"" align=""center"">
  <tr>
    <td> <img src=""https://image.rakuten.co.jp/kitcut/cabinet/banner/05298098/imgrc0080411111.jpg"" width=""800px"" /></td>
  </tr>
</table>

<!--横2列-->

<table width=""800"" border=""0"" align=""center"">
  <tr>
    <td> <img src=""https://image.rakuten.co.jp/kitcut/cabinet/top/05006737/imgrc0080402120.jpg"" width=""399"" /></td>
    
    <!--kickflip-->
    <td> <img src=""https://image.rakuten.co.jp/kitcut/cabinet/top/05006737/imgrc0080402031.jpg"" width=""399"" /></td>
  </tr>
</table>

<!--横2列-->

<table width=""800"" border=""0"" align=""center"">
  <tr>
    <td> <img src=""https://image.rakuten.co.jp/kitcut/cabinet/banner/05298098/imgrc0081316114.jpg"" width=""399"" /></td>
    <td> <img src=""https://image.rakuten.co.jp/kitcut/cabinet/banner/05298098/imgrc0080355902.jpg"" width=""399"" /></td>
  </tr>
</table>

<!--25周年の告知-->
<table width=""800"" border=""0"" align=""center"">
  <tr>
    <td> <img src=""http://image.rakuten.co.jp/kitcut/cabinet/banner/04802908/imgrc0073840290.jpg"" width=""399"" /></td>
    <td> <img src=""http://image.rakuten.co.jp/kitcut/cabinet/banner/04802908/imgrc0073840291.jpg"" width=""399"" /></td>
  </tr>
</table>

<!--6月5日(月)9:59まで　DEAL-->
<table width=""800"" border=""0"" align=""center"">
  <tr>
    <td> <img src=""https://image.rakuten.co.jp/kitcut/cabinet/special/imgrc0081361413.jpg"" width=""800px"" /> </td>
  </tr>
</table>

<!--6月5日(月)9:59まで　フラッシュセール-->


<table width=""800"" border=""0""align=""center"" style=""background-color:#444444; color:#F4D406; text-align: center; font-size:18px; border-radius: 5px;"" >
 <tr >
    <td colspan=""5"" ><img src=""https://image.rakuten.co.jp/kitcut/cabinet/special/imgrc0081361616.jpg"" alt="""" width=""99%"" /></td>
  </tr>
  <tr>
    <td><img src=""https://image.rakuten.co.jp/kitcut/cabinet/special/imgrc0081361618.jpg"" width=""97%"" /></td>
    <td><img src=""https://image.rakuten.co.jp/kitcut/cabinet/special/imgrc0081361617.jpg"" width=""97%"" /></td>
    <td><img src=""https://image.rakuten.co.jp/kitcut/cabinet/special/imgrc0081361619.jpg"" width=""97%"" /></td>
    <td><img src=""https://image.rakuten.co.jp/kitcut/cabinet/special/imgrc0081361620.jpg"" width=""97%"" /></td>
  </tr>
  <tr>
    <td colspan=""5"" >2017年6月1日（木）10:00～2017年6月6日（火）9:59迄</td>
  </tr>
</table>






<style type=""text/css"">

#item_attention_area {
  border: #D00 solid 2px;
}

#item_attention_area p{
  margin: 0;
  padding: 2px 5px;
  color: white;
  background-color: #D00;
}

#item_attention_area ul{
  margin:0;
  padding: 10px 15px 5px 15px;
  list-style: none;
}

#item_attention_area ul>li{
  margin-bottom: 5px;
}

@media (max-width:481px){
section table   { width: 100%; }

.item th  { width: 30%; text-align: left; }
.item td  { 
margin-bottom:10px;
display:table;
}    

@media only screen and (min-width:480px){
    .item { margin: 0 auto; }
   .item tr{
        display: block;
}
    .item th,
    .item td{
        max-width: 100%;
       display: block;
        border-top: none;
		margin-bottom:10px;	

}

</style>",[1200円OFFクーポン有][ネコポス可] [メーカー在庫限り] LEPLUS Apple Watch 38mm シリコンケース「SILICON」 ホワイト # LP-AW38SLWH  ルプラス (Apple Watch ケース)：Apple専門店 キットカット,iPhone6 ケースiPhone 6 Plus ケースiPad Air 2 ケースiPad mini ケースAppleMacBook Pro ケースMacBook Air ケースbeats by dr.dreCatalystTHULEクラフトホリックiPad Pro ケースBOSEmoecoGILD designJBLヘッドホンイヤホンbluetoothスピーカー[1200円OFFクーポン有][ネコポス可] [メーカー在庫限り] LEPLUS Apple Watch 38mm シリコンケース「SILICON」 ホワイト # LP-AW38SLWH  ルプラス (Apple Watch ケース),Apple Watchを傷や衝撃から保護するシリコンケース。[1200円OFFクーポン有][ネコポス可] [メーカー在庫限り] LEPLUS Apple Watch 38mm シリコンケース「SILICON」 ホワイト # LP-AW38SLWH  ルプラス (Apple Watch ケース)[rn]
32-93123,http://tshop.r10s.jp/kitcut/cabinet/item/14/prod-pict-299487.jpg?fitin=700:700,576.0000,,スマートフォン・タブレット > スマートフォンアクセサリー > その他,[1200円OFFクーポン有][ネコポス可] [メーカー在庫限り] LEPLUS Apple Watch 38mm ハードケース 「CLEAR HARD」 クリアブルー # LP-AW38HGCBL  ルプラス (Apple Watch ケース),Apple Watchを保護するホ&#12442;リカーホ&#12441;ネートケース,"<br>

<!-- 関連分類リンク-->
<a href=""http://item.rakuten.co.jp/kitcut/c/""><img src=""http://image.rakuten.co.jp/kitcut/cabinet/banner/kitcut/suggest-film.jpg""></a><br>
<!-- 関連分類リンクここまで--><!-- ブックマーク -->
<br><p class=""add_bookmark""><a href=""https://my.bookmark.rakuten.co.jp/?func=reg&svid=101&shop_bid=206376&iid=10063141&itype=1""><img src=""https://image.rakuten.co.jp/kitcut/cabinet/banner/kitcut/imgrc0067948711.jpg"" alt=""Last Update : 2017/05/25 9:25:11""></a></p>
<!-- ブックマークここまで --><hr>
<!-- バリエーション -->
【バリエーション】
<div class=""variation2"">
<a href=""https://item.rakuten.co.jp/kitcut/299484/""><img width=""100"" border=""0"" src=""https://image.rakuten.co.jp/kitcut/cabinet/item/14/prod-pict-299484.jpg""></a>
<a href=""https://item.rakuten.co.jp/kitcut/299485/""><img width=""100"" border=""0"" src=""https://image.rakuten.co.jp/kitcut/cabinet/item/14/prod-pict-299485.jpg""></a>
<a href=""https://item.rakuten.co.jp/kitcut/299486/""><img width=""100"" border=""0"" src=""https://image.rakuten.co.jp/kitcut/cabinet/item/14/prod-pict-299486.jpg""></a>
<a href=""https://item.rakuten.co.jp/kitcut/299487/""><img width=""100"" border=""0"" src=""https://image.rakuten.co.jp/kitcut/cabinet/item/14/prod-pict-299487.jpg""></a>
<a href=""https://item.rakuten.co.jp/kitcut/299488/""><img width=""100"" border=""0"" src=""https://image.rakuten.co.jp/kitcut/cabinet/item/14/prod-pict-299488.jpg""></a><br>
<font color=""gray"">[family] <a href=""http://search.rakuten.co.jp/search/inshop-mall/29948546701/-/f.1-p.1-s.2-sf.0-sid.206376-st.A-v.3"">29948546701</a></font></div>
<!-- バリエーションここまで -->
<!-- フレンド -->
<div class=""variation3"">
<p>【気になる商品】</p>
<img width=""100"" border=""0"" src=""http://image.rakuten.co.jp/kitcut/cabinet/item/14/prod-pict-299496.jpg"">
<img width=""100"" border=""0"" src=""http://image.rakuten.co.jp/kitcut/cabinet/item/14/prod-pict-299497.jpg"">
<img width=""100"" border=""0"" src=""http://image.rakuten.co.jp/kitcut/cabinet/item/14/prod-pict-299498.jpg"">
<img width=""100"" border=""0"" src=""http://image.rakuten.co.jp/kitcut/cabinet/item/14/prod-pict-299499.jpg"">
<img width=""100"" border=""0"" src=""http://image.rakuten.co.jp/kitcut/cabinet/item/14/prod-pict-299500.jpg"">
            <br>
</div>
<hr>
<!-- フレンドここまで --><br>

<!-- ネコポス文言 --><br>
<img src='http://image.rakuten.co.jp/kitcut/cabinet/nekopos.jpg'><br>
<!-- ネコポス文言ここまで --><br><!-- 商品詳細 -->
<table class='item_explain' border='0' cellspacing='0' cellpadding='0'>
<tr>
<td>
Apple Watchをしっかりと保護する、ポリカーボネート製ケース<br>
<br>
・ 硬くて丈夫なポリカーボネート素材<br>
・ 傷つきにくい、UVコーティング<br>
・ Apple Watch純正バンド色に合わせた5色展開<br>
<br>
<br>
[仕様情報]<br>
素材 : ポリカーボネート<br>
表面加工 : UVクリアコーティング<br>
製品寸法(mm) : 38mm : 36mm(高さ)x39mm(幅)x9mm(厚み)<br>
付属品 : なし<br>
<br>
※ 製品改良などのために仕様は予告なく変更することがあります。予めご了承下さい。<br>
<br><br>
[メーカー]ルプラス LEPLUS<br>
[商品型番] LP-AW38HGCBL<br>
[バーコード] 4562398659568<br>

<font color=""gray"">
[材質] ポリカーボネート製<br>[材質] ハードケース<br>[色] ブルー<br>[対応] Apple Watch 38mm Series 1
</font><br>
</td>
</tr>
</table><br><br>
<!-- 商品詳細ここまで --><!--共通説明文（大）ここから-->

<table width=""800"" border=""0"" align=""center"">
  <tr>
    <td> <img src=""https://image.rakuten.co.jp/kitcut/cabinet/banner/05298098/imgrc0080334562.jpg"" width=""800px"" /></td>
  </tr>
</table>
<table width=""800"" border=""0"" align=""center"">
  <tr>
    <td> <img src=""https://image.rakuten.co.jp/kitcut/cabinet/banner/05298098/imgrc0080411111.jpg"" width=""800px"" /></td>
  </tr>
</table>

<!--横2列-->

<table width=""800"" border=""0"" align=""center"">
  <tr>
    <td> <img src=""https://image.rakuten.co.jp/kitcut/cabinet/top/05006737/imgrc0080402120.jpg"" width=""399"" /></td>
    
    <!--kickflip-->
    <td> <img src=""https://image.rakuten.co.jp/kitcut/cabinet/top/05006737/imgrc0080402031.jpg"" width=""399"" /></td>
  </tr>
</table>

<!--横2列-->

<table width=""800"" border=""0"" align=""center"">
  <tr>
    <td> <img src=""https://image.rakuten.co.jp/kitcut/cabinet/banner/05298098/imgrc0081316114.jpg"" width=""399"" /></td>
    <td> <img src=""https://image.rakuten.co.jp/kitcut/cabinet/banner/05298098/imgrc0080355902.jpg"" width=""399"" /></td>
  </tr>
</table>

<!--25周年の告知-->
<table width=""800"" border=""0"" align=""center"">
  <tr>
    <td> <img src=""http://image.rakuten.co.jp/kitcut/cabinet/banner/04802908/imgrc0073840290.jpg"" width=""399"" /></td>
    <td> <img src=""http://image.rakuten.co.jp/kitcut/cabinet/banner/04802908/imgrc0073840291.jpg"" width=""399"" /></td>
  </tr>
</table>

<!--6月5日(月)9:59まで　DEAL-->
<table width=""800"" border=""0"" align=""center"">
  <tr>
    <td> <img src=""https://image.rakuten.co.jp/kitcut/cabinet/special/imgrc0081361413.jpg"" width=""800px"" /> </td>
  </tr>
</table>

<!--6月5日(月)9:59まで　フラッシュセール-->


<table width=""800"" border=""0""align=""center"" style=""background-color:#444444; color:#F4D406; text-align: center; font-size:18px; border-radius: 5px;"" >
 <tr >
    <td colspan=""5"" ><img src=""https://image.rakuten.co.jp/kitcut/cabinet/special/imgrc0081361616.jpg"" alt="""" width=""99%"" /></td>
  </tr>
  <tr>
    <td><img src=""https://image.rakuten.co.jp/kitcut/cabinet/special/imgrc0081361618.jpg"" width=""97%"" /></td>
    <td><img src=""https://image.rakuten.co.jp/kitcut/cabinet/special/imgrc0081361617.jpg"" width=""97%"" /></td>
    <td><img src=""https://image.rakuten.co.jp/kitcut/cabinet/special/imgrc0081361619.jpg"" width=""97%"" /></td>
    <td><img src=""https://image.rakuten.co.jp/kitcut/cabinet/special/imgrc0081361620.jpg"" width=""97%"" /></td>
  </tr>
  <tr>
    <td colspan=""5"" >2017年6月1日（木）10:00～2017年6月6日（火）9:59迄</td>
  </tr>
</table>






<style type=""text/css"">

#item_attention_area {
  border: #D00 solid 2px;
}

#item_attention_area p{
  margin: 0;
  padding: 2px 5px;
  color: white;
  background-color: #D00;
}

#item_attention_area ul{
  margin:0;
  padding: 10px 15px 5px 15px;
  list-style: none;
}

#item_attention_area ul>li{
  margin-bottom: 5px;
}

@media (max-width:481px){
section table   { width: 100%; }

.item th  { width: 30%; text-align: left; }
.item td  { 
margin-bottom:10px;
display:table;
}    

@media only screen and (min-width:480px){
    .item { margin: 0 auto; }
   .item tr{
        display: block;
}
    .item th,
    .item td{
        max-width: 100%;
       display: block;
        border-top: none;
		margin-bottom:10px;	

}

</style>",[1200円OFFクーポン有][ネコポス可] [メーカー在庫限り] LEPLUS Apple Watch 38mm ハードケース 「CLEAR HARD」 クリアブルー # LP-AW38HGCBL  ルプラス (Apple Watch ケース)：Apple専門店 キットカット,iPhone6 ケースiPhone 6 Plus ケースiPad Air 2 ケースiPad mini ケースAppleMacBook Pro ケースMacBook Air ケースbeats by dr.dreCatalystTHULEクラフトホリックiPad Pro ケースBOSEmoecoGILD designJBLヘッドホンイヤホンbluetoothスピーカー[1200円OFFクーポン有][ネコポス可] [メーカー在庫限り] LEPLUS Apple Watch 38mm ハードケース 「CLEAR HARD」 クリアブルー # LP-AW38HGCBL  ルプラス (Apple Watch ケース),Apple Watchを保護するホ&#12442;リカーホ&#12441;ネートケース。[1200円OFFクーポン有][ネコポス可] [メーカー在庫限り] LEPLUS Apple Watch 38mm ハードケース 「CLEAR HARD」 クリアブルー # LP-AW38HGCBL  ルプラス (Apple Watch ケース)[rn]
32-93124,http://tshop.r10s.jp/kitcut/cabinet/item/14/prod-pict-299495.jpg?fitin=700:700,872.0000,,スマートフォン・タブレット > スマートフォンアクセサリー > その他,[1200円OFFクーポン有][ネコポス可] [メーカー在庫限り] LEPLUS Apple Watch 38mm ハードケース「METAL HARD」 シルバー # LP-AW38MCSV  ルプラス (Apple Watch ケース),メタルな色合いて&#12441;高級感のあるホ&#12442;リカーホ&#12441;ネートケース,"<br>

<!-- 関連分類リンク-->
<a href=""http://item.rakuten.co.jp/kitcut/c/""><img src=""http://image.rakuten.co.jp/kitcut/cabinet/banner/kitcut/suggest-film.jpg""></a><br>
<!-- 関連分類リンクここまで--><!-- ブックマーク -->
<br><p class=""add_bookmark""><a href=""https://my.bookmark.rakuten.co.jp/?func=reg&svid=101&shop_bid=206376&iid=10063149&itype=1""><img src=""https://image.rakuten.co.jp/kitcut/cabinet/banner/kitcut/imgrc0067948711.jpg"" alt=""Last Update : 2017/05/25 9:25:11""></a></p>
<!-- ブックマークここまで --><hr>
<!-- バリエーション -->
【バリエーション】
<div class=""variation2"">
<a href=""https://item.rakuten.co.jp/kitcut/299494/""><img width=""100"" border=""0"" src=""https://image.rakuten.co.jp/kitcut/cabinet/item/14/prod-pict-299494.jpg""></a>
<a href=""https://item.rakuten.co.jp/kitcut/299495/""><img width=""100"" border=""0"" src=""https://image.rakuten.co.jp/kitcut/cabinet/item/14/prod-pict-299495.jpg""></a><br>
<font color=""gray"">[family] <a href=""http://search.rakuten.co.jp/search/inshop-mall/29949481511/-/f.1-p.1-s.2-sf.0-sid.206376-st.A-v.3"">29949481511</a></font></div>
<!-- バリエーションここまで -->
<!-- ネコポス文言 --><br>
<img src='http://image.rakuten.co.jp/kitcut/cabinet/nekopos.jpg'><br>
<!-- ネコポス文言ここまで --><br><!-- 商品詳細 -->
<table class='item_explain' border='0' cellspacing='0' cellpadding='0'>
<tr>
<td>
Apple Watchのデザイン性を損なわない、メタルな色合いで高級感のあるポリカーボネート製ケース<br>
<br>
・ 硬くて丈夫なポリカーボネート素材<br>
・ 傷つきにくい、UVコーティング<br>
・ 高品質なゴールド・シルバーの塗装で、高級感を演出<br>
[仕様情報]<br>
素材 : ポリカーボネート<br>
表面加工 : UVクリアコーティング<br>
製品寸法(mm) : 38mm : 36mm(高さ)x39mm(幅)x9mm(厚み)<br>
付属品 : なし<br>
<br>
 ※ 製品改良などのために仕様は予告なく変更することがあります。予めご了承下さい。<br><br>
[メーカー]ルプラス LEPLUS<br>
[商品型番] LP-AW38MCSV<br>
[バーコード] 4562398659643<br>

<font color=""gray"">
[材質] ハードケース<br>[材質] ポリカーボネート製<br>[色] シルバー<br>[対応] Apple Watch 38mm Series 1
</font><br>
</td>
</tr>
</table><br><br>
<!-- 商品詳細ここまで --><!--共通説明文（大）ここから-->

<table width=""800"" border=""0"" align=""center"">
  <tr>
    <td> <img src=""https://image.rakuten.co.jp/kitcut/cabinet/banner/05298098/imgrc0080334562.jpg"" width=""800px"" /></td>
  </tr>
</table>
<table width=""800"" border=""0"" align=""center"">
  <tr>
    <td> <img src=""https://image.rakuten.co.jp/kitcut/cabinet/banner/05298098/imgrc0080411111.jpg"" width=""800px"" /></td>
  </tr>
</table>

<!--横2列-->

<table width=""800"" border=""0"" align=""center"">
  <tr>
    <td> <img src=""https://image.rakuten.co.jp/kitcut/cabinet/top/05006737/imgrc0080402120.jpg"" width=""399"" /></td>
    
    <!--kickflip-->
    <td> <img src=""https://image.rakuten.co.jp/kitcut/cabinet/top/05006737/imgrc0080402031.jpg"" width=""399"" /></td>
  </tr>
</table>

<!--横2列-->

<table width=""800"" border=""0"" align=""center"">
  <tr>
    <td> <img src=""https://image.rakuten.co.jp/kitcut/cabinet/banner/05298098/imgrc0081316114.jpg"" width=""399"" /></td>
    <td> <img src=""https://image.rakuten.co.jp/kitcut/cabinet/banner/05298098/imgrc0080355902.jpg"" width=""399"" /></td>
  </tr>
</table>

<!--25周年の告知-->
<table width=""800"" border=""0"" align=""center"">
  <tr>
    <td> <img src=""http://image.rakuten.co.jp/kitcut/cabinet/banner/04802908/imgrc0073840290.jpg"" width=""399"" /></td>
    <td> <img src=""http://image.rakuten.co.jp/kitcut/cabinet/banner/04802908/imgrc0073840291.jpg"" width=""399"" /></td>
  </tr>
</table>

<!--6月5日(月)9:59まで　DEAL-->
<table width=""800"" border=""0"" align=""center"">
  <tr>
    <td> <img src=""https://image.rakuten.co.jp/kitcut/cabinet/special/imgrc0081361413.jpg"" width=""800px"" /> </td>
  </tr>
</table>

<!--6月5日(月)9:59まで　フラッシュセール-->


<table width=""800"" border=""0""align=""center"" style=""background-color:#444444; color:#F4D406; text-align: center; font-size:18px; border-radius: 5px;"" >
 <tr >
    <td colspan=""5"" ><img src=""https://image.rakuten.co.jp/kitcut/cabinet/special/imgrc0081361616.jpg"" alt="""" width=""99%"" /></td>
  </tr>
  <tr>
    <td><img src=""https://image.rakuten.co.jp/kitcut/cabinet/special/imgrc0081361618.jpg"" width=""97%"" /></td>
    <td><img src=""https://image.rakuten.co.jp/kitcut/cabinet/special/imgrc0081361617.jpg"" width=""97%"" /></td>
    <td><img src=""https://image.rakuten.co.jp/kitcut/cabinet/special/imgrc0081361619.jpg"" width=""97%"" /></td>
    <td><img src=""https://image.rakuten.co.jp/kitcut/cabinet/special/imgrc0081361620.jpg"" width=""97%"" /></td>
  </tr>
  <tr>
    <td colspan=""5"" >2017年6月1日（木）10:00～2017年6月6日（火）9:59迄</td>
  </tr>
</table>






<style type=""text/css"">

#item_attention_area {
  border: #D00 solid 2px;
}

#item_attention_area p{
  margin: 0;
  padding: 2px 5px;
  color: white;
  background-color: #D00;
}

#item_attention_area ul{
  margin:0;
  padding: 10px 15px 5px 15px;
  list-style: none;
}

#item_attention_area ul>li{
  margin-bottom: 5px;
}

@media (max-width:481px){
section table   { width: 100%; }

.item th  { width: 30%; text-align: left; }
.item td  { 
margin-bottom:10px;
display:table;
}    

@media only screen and (min-width:480px){
    .item { margin: 0 auto; }
   .item tr{
        display: block;
}
    .item th,
    .item td{
        max-width: 100%;
       display: block;
        border-top: none;
		margin-bottom:10px;	

}

</style>",[1200円OFFクーポン有][ネコポス可] [メーカー在庫限り] LEPLUS Apple Watch 38mm ハードケース「METAL HARD」 シルバー # LP-AW38MCSV  ルプラス (Apple Watch ケース)：Apple専門店 キットカット,iPhone6 ケースiPhone 6 Plus ケースiPad Air 2 ケースiPad mini ケースAppleMacBook Pro ケースMacBook Air ケースbeats by dr.dreCatalystTHULEクラフトホリックiPad Pro ケースBOSEmoecoGILD designJBLヘッドホンイヤホンbluetoothスピーカー[1200円OFFクーポン有][ネコポス可] [メーカー在庫限り] LEPLUS Apple Watch 38mm ハードケース「METAL HARD」 シルバー # LP-AW38MCSV  ルプラス (Apple Watch ケース),メタルな色合いて&#12441;高級感のあるホ&#12442;リカーホ&#12441;ネートケース。[1200円OFFクーポン有][ネコポス可] [メーカー在庫限り] LEPLUS Apple Watch 38mm ハードケース「METAL HARD」 シルバー # LP-AW38MCSV  ルプラス (Apple Watch ケース)[rn]
32-93125,http://tshop.r10s.jp/kitcut/cabinet/item/14/prod-pict-299488.jpg?fitin=700:700,576.0000,,スマートフォン・タブレット > スマートフォンアクセサリー > その他,[1200円OFFクーポン有][ネコポス可] [メーカー在庫限り] LEPLUS Apple Watch 38mm ハードケース 「CLEAR HARD」 クリアグリーン # LP-AW38HGCGR  ルプラス (Apple Watch ケース),Apple Watchを保護するホ&#12442;リカーホ&#12441;ネートケース,"<br>

<!-- 関連分類リンク-->
<a href=""http://item.rakuten.co.jp/kitcut/c/""><img src=""http://image.rakuten.co.jp/kitcut/cabinet/banner/kitcut/suggest-film.jpg""></a><br>
<!-- 関連分類リンクここまで--><!-- ブックマーク -->
<br><p class=""add_bookmark""><a href=""https://my.bookmark.rakuten.co.jp/?func=reg&svid=101&shop_bid=206376&iid=10063142&itype=1""><img src=""https://image.rakuten.co.jp/kitcut/cabinet/banner/kitcut/imgrc0067948711.jpg"" alt=""Last Update : 2017/05/25 9:25:11""></a></p>
<!-- ブックマークここまで --><hr>
<!-- バリエーション -->
【バリエーション】
<div class=""variation2"">
<a href=""https://item.rakuten.co.jp/kitcut/299484/""><img width=""100"" border=""0"" src=""https://image.rakuten.co.jp/kitcut/cabinet/item/14/prod-pict-299484.jpg""></a>
<a href=""https://item.rakuten.co.jp/kitcut/299485/""><img width=""100"" border=""0"" src=""https://image.rakuten.co.jp/kitcut/cabinet/item/14/prod-pict-299485.jpg""></a>
<a href=""https://item.rakuten.co.jp/kitcut/299486/""><img width=""100"" border=""0"" src=""https://image.rakuten.co.jp/kitcut/cabinet/item/14/prod-pict-299486.jpg""></a>
<a href=""https://item.rakuten.co.jp/kitcut/299487/""><img width=""100"" border=""0"" src=""https://image.rakuten.co.jp/kitcut/cabinet/item/14/prod-pict-299487.jpg""></a>
<a href=""https://item.rakuten.co.jp/kitcut/299488/""><img width=""100"" border=""0"" src=""https://image.rakuten.co.jp/kitcut/cabinet/item/14/prod-pict-299488.jpg""></a><br>
<font color=""gray"">[family] <a href=""http://search.rakuten.co.jp/search/inshop-mall/29948546701/-/f.1-p.1-s.2-sf.0-sid.206376-st.A-v.3"">29948546701</a></font></div>
<!-- バリエーションここまで -->
<!-- フレンド -->
<div class=""variation3"">
<p>【気になる商品】</p>
<img width=""100"" border=""0"" src=""http://image.rakuten.co.jp/kitcut/cabinet/item/14/prod-pict-299496.jpg"">
<img width=""100"" border=""0"" src=""http://image.rakuten.co.jp/kitcut/cabinet/item/14/prod-pict-299497.jpg"">
<img width=""100"" border=""0"" src=""http://image.rakuten.co.jp/kitcut/cabinet/item/14/prod-pict-299498.jpg"">
<img width=""100"" border=""0"" src=""http://image.rakuten.co.jp/kitcut/cabinet/item/14/prod-pict-299499.jpg"">
<img width=""100"" border=""0"" src=""http://image.rakuten.co.jp/kitcut/cabinet/item/14/prod-pict-299500.jpg"">
            <br>
</div>
<hr>
<!-- フレンドここまで --><br>

<!-- ネコポス文言 --><br>
<img src='http://image.rakuten.co.jp/kitcut/cabinet/nekopos.jpg'><br>
<!-- ネコポス文言ここまで --><br><!-- 商品詳細 -->
<table class='item_explain' border='0' cellspacing='0' cellpadding='0'>
<tr>
<td>
Apple Watchをしっかりと保護する、ポリカーボネート製ケース<br>
<br>
・ 硬くて丈夫なポリカーボネート素材<br>
・ 傷つきにくい、UVコーティング<br>
・ Apple Watch純正バンド色に合わせた5色展開<br>
<br>
<br>
[仕様情報]<br>
素材 : ポリカーボネート<br>
表面加工 : UVクリアコーティング<br>
製品寸法(mm) : 38mm : 36mm(高さ)x39mm(幅)x9mm(厚み)<br>
付属品 : なし<br>
<br>
※ 製品改良などのために仕様は予告なく変更することがあります。予めご了承下さい。<br>
<br><br>
[メーカー]ルプラス LEPLUS<br>
[商品型番] LP-AW38HGCGR<br>
[バーコード] 4562398659575<br>

<font color=""gray"">
[材質] ポリカーボネート製<br>[材質] ハードケース<br>[色] グリーン<br>[対応] Apple Watch 38mm Series 1
</font><br>
</td>
</tr>
</table><br><br>
<!-- 商品詳細ここまで --><!--共通説明文（大）ここから-->

<table width=""800"" border=""0"" align=""center"">
  <tr>
    <td> <img src=""https://image.rakuten.co.jp/kitcut/cabinet/banner/05298098/imgrc0080334562.jpg"" width=""800px"" /></td>
  </tr>
</table>
<table width=""800"" border=""0"" align=""center"">
  <tr>
    <td> <img src=""https://image.rakuten.co.jp/kitcut/cabinet/banner/05298098/imgrc0080411111.jpg"" width=""800px"" /></td>
  </tr>
</table>

<!--横2列-->

<table width=""800"" border=""0"" align=""center"">
  <tr>
    <td> <img src=""https://image.rakuten.co.jp/kitcut/cabinet/top/05006737/imgrc0080402120.jpg"" width=""399"" /></td>
    
    <!--kickflip-->
    <td> <img src=""https://image.rakuten.co.jp/kitcut/cabinet/top/05006737/imgrc0080402031.jpg"" width=""399"" /></td>
  </tr>
</table>

<!--横2列-->

<table width=""800"" border=""0"" align=""center"">
  <tr>
    <td> <img src=""https://image.rakuten.co.jp/kitcut/cabinet/banner/05298098/imgrc0081316114.jpg"" width=""399"" /></td>
    <td> <img src=""https://image.rakuten.co.jp/kitcut/cabinet/banner/05298098/imgrc0080355902.jpg"" width=""399"" /></td>
  </tr>
</table>

<!--25周年の告知-->
<table width=""800"" border=""0"" align=""center"">
  <tr>
    <td> <img src=""http://image.rakuten.co.jp/kitcut/cabinet/banner/04802908/imgrc0073840290.jpg"" width=""399"" /></td>
    <td> <img src=""http://image.rakuten.co.jp/kitcut/cabinet/banner/04802908/imgrc0073840291.jpg"" width=""399"" /></td>
  </tr>
</table>

<!--6月5日(月)9:59まで　DEAL-->
<table width=""800"" border=""0"" align=""center"">
  <tr>
    <td> <img src=""https://image.rakuten.co.jp/kitcut/cabinet/special/imgrc0081361413.jpg"" width=""800px"" /> </td>
  </tr>
</table>

<!--6月5日(月)9:59まで　フラッシュセール-->


<table width=""800"" border=""0""align=""center"" style=""background-color:#444444; color:#F4D406; text-align: center; font-size:18px; border-radius: 5px;"" >
 <tr >
    <td colspan=""5"" ><img src=""https://image.rakuten.co.jp/kitcut/cabinet/special/imgrc0081361616.jpg"" alt="""" width=""99%"" /></td>
  </tr>
  <tr>
    <td><img src=""https://image.rakuten.co.jp/kitcut/cabinet/special/imgrc0081361618.jpg"" width=""97%"" /></td>
    <td><img src=""https://image.rakuten.co.jp/kitcut/cabinet/special/imgrc0081361617.jpg"" width=""97%"" /></td>
    <td><img src=""https://image.rakuten.co.jp/kitcut/cabinet/special/imgrc0081361619.jpg"" width=""97%"" /></td>
    <td><img src=""https://image.rakuten.co.jp/kitcut/cabinet/special/imgrc0081361620.jpg"" width=""97%"" /></td>
  </tr>
  <tr>
    <td colspan=""5"" >2017年6月1日（木）10:00～2017年6月6日（火）9:59迄</td>
  </tr>
</table>






<style type=""text/css"">

#item_attention_area {
  border: #D00 solid 2px;
}

#item_attention_area p{
  margin: 0;
  padding: 2px 5px;
  color: white;
  background-color: #D00;
}

#item_attention_area ul{
  margin:0;
  padding: 10px 15px 5px 15px;
  list-style: none;
}

#item_attention_area ul>li{
  margin-bottom: 5px;
}

@media (max-width:481px){
section table   { width: 100%; }

.item th  { width: 30%; text-align: left; }
.item td  { 
margin-bottom:10px;
display:table;
}    

@media only screen and (min-width:480px){
    .item { margin: 0 auto; }
   .item tr{
        display: block;
}
    .item th,
    .item td{
        max-width: 100%;
       display: block;
        border-top: none;
		margin-bottom:10px;	

}

</style>",[1200円OFFクーポン有][ネコポス可] [メーカー在庫限り] LEPLUS Apple Watch 38mm ハードケース 「CLEAR HARD」 クリアグリーン # LP-AW38HGCGR  ルプラス (Apple Watch ケース)：Apple専門店 キットカット,iPhone6 ケースiPhone 6 Plus ケースiPad Air 2 ケースiPad mini ケースAppleMacBook Pro ケースMacBook Air ケースbeats by dr.dreCatalystTHULEクラフトホリックiPad Pro ケースBOSEmoecoGILD designJBLヘッドホンイヤホンbluetoothスピーカー[1200円OFFクーポン有][ネコポス可] [メーカー在庫限り] LEPLUS Apple Watch 38mm ハードケース 「CLEAR HARD」 クリアグリーン # LP-AW38HGCGR  ルプラス (Apple Watch ケース),Apple Watchを保護するホ&#12442;リカーホ&#12441;ネートケース。[1200円OFFクーポン有][ネコポス可] [メーカー在庫限り] LEPLUS Apple Watch 38mm ハードケース 「CLEAR HARD」 クリアグリーン # LP-AW38HGCGR  ルプラス (Apple Watch ケース)[rn]
32-93126,http://tshop.r10s.jp/kitcut/cabinet/item/14/prod-pict-299489.jpg?fitin=700:700,576.0000,,スマートフォン・タブレット > スマートフォンアクセサリー > その他,[1200円OFFクーポン有][ネコポス可] [メーカー在庫限り] LEPLUS Apple Watch 38mm シリコンケース「SILICON」 ブラック # LP-AW38SLBK  ルプラス (Apple Watch ケース),Apple Watchを傷や衝撃から保護するシリコンケース,"<br>

<!-- 関連分類リンク-->
<a href=""http://item.rakuten.co.jp/kitcut/c/""><img src=""http://image.rakuten.co.jp/kitcut/cabinet/banner/kitcut/suggest-film.jpg""></a><br>
<!-- 関連分類リンクここまで--><!-- ブックマーク -->
<br><p class=""add_bookmark""><a href=""https://my.bookmark.rakuten.co.jp/?func=reg&svid=101&shop_bid=206376&iid=10063143&itype=1""><img src=""https://image.rakuten.co.jp/kitcut/cabinet/banner/kitcut/imgrc0067948711.jpg"" alt=""Last Update : 2017/05/25 9:25:11""></a></p>
<!-- ブックマークここまで --><hr>
<!-- バリエーション -->
【バリエーション】
<div class=""variation2"">
<a href=""https://item.rakuten.co.jp/kitcut/299489/""><img width=""100"" border=""0"" src=""https://image.rakuten.co.jp/kitcut/cabinet/item/14/prod-pict-299489.jpg""></a>
<a href=""https://item.rakuten.co.jp/kitcut/299490/""><img width=""100"" border=""0"" src=""https://image.rakuten.co.jp/kitcut/cabinet/item/14/prod-pict-299490.jpg""></a>
<a href=""https://item.rakuten.co.jp/kitcut/299491/""><img width=""100"" border=""0"" src=""https://image.rakuten.co.jp/kitcut/cabinet/item/14/prod-pict-299491.jpg""></a>
<a href=""https://item.rakuten.co.jp/kitcut/299492/""><img width=""100"" border=""0"" src=""https://image.rakuten.co.jp/kitcut/cabinet/item/14/prod-pict-299492.jpg""></a>
<a href=""https://item.rakuten.co.jp/kitcut/299493/""><img width=""100"" border=""0"" src=""https://image.rakuten.co.jp/kitcut/cabinet/item/14/prod-pict-299493.jpg""></a><br>
<font color=""gray"">[family] <a href=""http://search.rakuten.co.jp/search/inshop-mall/2994896811/-/f.1-p.1-s.2-sf.0-sid.206376-st.A-v.3"">2994896811</a></font></div>
<!-- バリエーションここまで -->
<!-- ネコポス文言 --><br>
<img src='http://image.rakuten.co.jp/kitcut/cabinet/nekopos.jpg'><br>
<!-- ネコポス文言ここまで --><br><!-- 商品詳細 -->
<table class='item_explain' border='0' cellspacing='0' cellpadding='0'>
<tr>
<td>
Apple Watchを傷や衝撃から保護するシリコンケース<br>
<br>
・ 本体を傷や衝撃から守る<br>
・ しっとりとした柔らかい触感<br>
・ 柔軟性があり装着しやすいシリコン素材<br>
[仕様情報]<br>
素材 : シリコン<br>
製品寸法(mm) : 38mm : 36mm(高さ)x39mm(幅)x9mm(厚み)<br>
付属品 : なし<br>
<br>
 ※ 製品改良などのために仕様は予告なく変更することがあります。予めご了承下さい。<br>
<br><br>
[メーカー]ルプラス LEPLUS<br>
[商品型番] LP-AW38SLBK<br>
[バーコード] 4562398659582<br>

<font color=""gray"">
[材質] Silicone<br>[材質] ソフトケース<br>[色] ブラック<br>[対応] Apple Watch 38mm Series 1
</font><br>
</td>
</tr>
</table><br><br>
<!-- 商品詳細ここまで --><!--共通説明文（大）ここから-->

<table width=""800"" border=""0"" align=""center"">
  <tr>
    <td> <img src=""https://image.rakuten.co.jp/kitcut/cabinet/banner/05298098/imgrc0080334562.jpg"" width=""800px"" /></td>
  </tr>
</table>
<table width=""800"" border=""0"" align=""center"">
  <tr>
    <td> <img src=""https://image.rakuten.co.jp/kitcut/cabinet/banner/05298098/imgrc0080411111.jpg"" width=""800px"" /></td>
  </tr>
</table>

<!--横2列-->

<table width=""800"" border=""0"" align=""center"">
  <tr>
    <td> <img src=""https://image.rakuten.co.jp/kitcut/cabinet/top/05006737/imgrc0080402120.jpg"" width=""399"" /></td>
    
    <!--kickflip-->
    <td> <img src=""https://image.rakuten.co.jp/kitcut/cabinet/top/05006737/imgrc0080402031.jpg"" width=""399"" /></td>
  </tr>
</table>

<!--横2列-->

<table width=""800"" border=""0"" align=""center"">
  <tr>
    <td> <img src=""https://image.rakuten.co.jp/kitcut/cabinet/banner/05298098/imgrc0081316114.jpg"" width=""399"" /></td>
    <td> <img src=""https://image.rakuten.co.jp/kitcut/cabinet/banner/05298098/imgrc0080355902.jpg"" width=""399"" /></td>
  </tr>
</table>

<!--25周年の告知-->
<table width=""800"" border=""0"" align=""center"">
  <tr>
    <td> <img src=""http://image.rakuten.co.jp/kitcut/cabinet/banner/04802908/imgrc0073840290.jpg"" width=""399"" /></td>
    <td> <img src=""http://image.rakuten.co.jp/kitcut/cabinet/banner/04802908/imgrc0073840291.jpg"" width=""399"" /></td>
  </tr>
</table>

<!--6月5日(月)9:59まで　DEAL-->
<table width=""800"" border=""0"" align=""center"">
  <tr>
    <td> <img src=""https://image.rakuten.co.jp/kitcut/cabinet/special/imgrc0081361413.jpg"" width=""800px"" /> </td>
  </tr>
</table>

<!--6月5日(月)9:59まで　フラッシュセール-->


<table width=""800"" border=""0""align=""center"" style=""background-color:#444444; color:#F4D406; text-align: center; font-size:18px; border-radius: 5px;"" >
 <tr >
    <td colspan=""5"" ><img src=""https://image.rakuten.co.jp/kitcut/cabinet/special/imgrc0081361616.jpg"" alt="""" width=""99%"" /></td>
  </tr>
  <tr>
    <td><img src=""https://image.rakuten.co.jp/kitcut/cabinet/special/imgrc0081361618.jpg"" width=""97%"" /></td>
    <td><img src=""https://image.rakuten.co.jp/kitcut/cabinet/special/imgrc0081361617.jpg"" width=""97%"" /></td>
    <td><img src=""https://image.rakuten.co.jp/kitcut/cabinet/special/imgrc0081361619.jpg"" width=""97%"" /></td>
    <td><img src=""https://image.rakuten.co.jp/kitcut/cabinet/special/imgrc0081361620.jpg"" width=""97%"" /></td>
  </tr>
  <tr>
    <td colspan=""5"" >2017年6月1日（木）10:00～2017年6月6日（火）9:59迄</td>
  </tr>
</table>






<style type=""text/css"">

#item_attention_area {
  border: #D00 solid 2px;
}

#item_attention_area p{
  margin: 0;
  padding: 2px 5px;
  color: white;
  background-color: #D00;
}

#item_attention_area ul{
  margin:0;
  padding: 10px 15px 5px 15px;
  list-style: none;
}

#item_attention_area ul>li{
  margin-bottom: 5px;
}

@media (max-width:481px){
section table   { width: 100%; }

.item th  { width: 30%; text-align: left; }
.item td  { 
margin-bottom:10px;
display:table;
}    

@media only screen and (min-width:480px){
    .item { margin: 0 auto; }
   .item tr{
        display: block;
}
    .item th,
    .item td{
        max-width: 100%;
       display: block;
        border-top: none;
		margin-bottom:10px;	

}

</style>",[1200円OFFクーポン有][ネコポス可] [メーカー在庫限り] LEPLUS Apple Watch 38mm シリコンケース「SILICON」 ブラック # LP-AW38SLBK  ルプラス (Apple Watch ケース)：Apple専門店 キットカット,iPhone6 ケースiPhone 6 Plus ケースiPad Air 2 ケースiPad mini ケースAppleMacBook Pro ケースMacBook Air ケースbeats by dr.dreCatalystTHULEクラフトホリックiPad Pro ケースBOSEmoecoGILD designJBLヘッドホンイヤホンbluetoothスピーカー[1200円OFFクーポン有][ネコポス可] [メーカー在庫限り] LEPLUS Apple Watch 38mm シリコンケース「SILICON」 ブラック # LP-AW38SLBK  ルプラス (Apple Watch ケース),Apple Watchを傷や衝撃から保護するシリコンケース。[1200円OFFクーポン有][ネコポス可] [メーカー在庫限り] LEPLUS Apple Watch 38mm シリコンケース「SILICON」 ブラック # LP-AW38SLBK  ルプラス (Apple Watch ケース)[rn]
32-93127,http://tshop.r10s.jp/kitcut/cabinet/item/35/prod-pict-434982.jpg?fitin=700:700,5984.0000,,スマートフォン・タブレット > スマートフォンアクセサリー > その他,[1200円OFFクーポン有] [メーカー在庫限り] LEPLUS 12.9インチ iPad Pro ガラスフィルム ブルーライトカット 0.33mm 「GLASS PREMIUM FILM」 # LP-IPPFGBC  ルプラス (タブレット用液晶保護フィルム),目の疲れの原因となるブルーライトを約36%カットするフィルム,"<br>

<!-- 関連分類リンク-->
<a href=""http://item.rakuten.co.jp/kitcut/c/""><img src=""http://image.rakuten.co.jp/kitcut/cabinet/banner/kitcut/suggest-case.jpg""></a><br>
<!-- 関連分類リンクここまで--><!-- ブックマーク -->
<br><p class=""add_bookmark""><a href=""https://my.bookmark.rakuten.co.jp/?func=reg&svid=101&shop_bid=206376&iid=10071561&itype=1""><img src=""https://image.rakuten.co.jp/kitcut/cabinet/banner/kitcut/imgrc0067948711.jpg"" alt=""Last Update : 2017/05/25 9:26:23""></a></p>
<!-- ブックマークここまで --><hr>
<!-- バリエーション -->
【バリエーション】
<div class=""variation2"">
<a href=""https://item.rakuten.co.jp/kitcut/434982/""><img width=""100"" border=""0"" src=""https://image.rakuten.co.jp/kitcut/cabinet/item/35/prod-pict-434982.jpg""></a><br>
<font color=""gray"">[family] <a href=""http://search.rakuten.co.jp/search/inshop-mall/43498249671/-/f.1-p.1-s.2-sf.0-sid.206376-st.A-v.3"">43498249671</a></font></div>
<!-- バリエーションここまで -->
<!-- フレンド --><div class=""variation3""><p>【気になる商品】</p><img width=""100"" border=""0"" src=""http://image.rakuten.co.jp/kitcut/cabinet/item/35/prod-pict-434983.jpg""><img width=""100"" border=""0"" src=""http://image.rakuten.co.jp/kitcut/cabinet/item/35/prod-pict-434984.jpg""><img width=""100"" border=""0"" src=""http://image.rakuten.co.jp/kitcut/cabinet/item/35/prod-pict-434985.jpg"">            <br></div><hr><!-- フレンドここまで --><br> <!-- ネコポス文言 --><br><img src=http://image.rakuten.co.jp/kitcut/cabinet/nekopos.jpg><br><!-- ネコポス文言ここまで --><br><!-- 商品詳細 --><table class=item_explain border=0 cellspacing=0 cellpadding=0><tr><td>旭硝子製の表面硬度「9H」超硬度強化 ブルーライトカットガラスフィルム<br><br>・ 目の疲れの原因となるブルーライトカットを約36％カット。<br>・ 存在を感じさせない驚異的な透明度<br>・ 端末本来の滑らかな触り心地を表現<br>・ スムーズに貼れる気泡防止加工<br>・ 油分や汚れを防ぐ指紋防止加工<br>・ 高級感を演出するラウンドエッジ処理<br><br>※ 商品画像はイメージです。<br>また商品の特性上、仕様が変更となる場合がございます。予めご了承ください。<br><br><br>[仕様情報]<br>付属品 : アルコール清浄布<br>　　　　クリーニングクロス<br>　　　　ホコリ除去ラベル<br>表面硬度 : 9H<br>ガラス : 0.33mm<br><br>[メーカー]ルプラス LEPLUS<br>[商品型番] LP-IPPFGBC<br>[バーコード] 4562397186713<br> <font color=""gray"">[材質] ガラス<br>[性能] ガラスフィルム<br>[性能] ラウンド処理<br>[性能] ブルーライトカット<br>[対応] 12.9インチ iPad Pro </font><br></td></tr></table><br><br><!-- 商品詳細ここまで --><!--共通説明文（大）ここから-->

<table width=""800"" border=""0"" align=""center"">
  <tr>
    <td> <img src=""https://image.rakuten.co.jp/kitcut/cabinet/banner/05298098/imgrc0080334562.jpg"" width=""800px"" /></td>
  </tr>
</table>
<table width=""800"" border=""0"" align=""center"">
  <tr>
    <td> <img src=""https://image.rakuten.co.jp/kitcut/cabinet/banner/05298098/imgrc0080411111.jpg"" width=""800px"" /></td>
  </tr>
</table>

<!--横2列-->

<table width=""800"" border=""0"" align=""center"">
  <tr>
    <td> <img src=""https://image.rakuten.co.jp/kitcut/cabinet/top/05006737/imgrc0080402120.jpg"" width=""399"" /></td>
    
    <!--kickflip-->
    <td> <img src=""https://image.rakuten.co.jp/kitcut/cabinet/top/05006737/imgrc0080402031.jpg"" width=""399"" /></td>
  </tr>
</table>

<!--横2列-->

<table width=""800"" border=""0"" align=""center"">
  <tr>
    <td> <img src=""https://image.rakuten.co.jp/kitcut/cabinet/banner/05298098/imgrc0081316114.jpg"" width=""399"" /></td>
    <td> <img src=""https://image.rakuten.co.jp/kitcut/cabinet/banner/05298098/imgrc0080355902.jpg"" width=""399"" /></td>
  </tr>
</table>

<!--25周年の告知-->
<table width=""800"" border=""0"" align=""center"">
  <tr>
    <td> <img src=""http://image.rakuten.co.jp/kitcut/cabinet/banner/04802908/imgrc0073840290.jpg"" width=""399"" /></td>
    <td> <img src=""http://image.rakuten.co.jp/kitcut/cabinet/banner/04802908/imgrc0073840291.jpg"" width=""399"" /></td>
  </tr>
</table>

<!--6月5日(月)9:59まで　DEAL-->
<table width=""800"" border=""0"" align=""center"">
  <tr>
    <td> <img src=""https://image.rakuten.co.jp/kitcut/cabinet/special/imgrc0081361413.jpg"" width=""800px"" /> </td>
  </tr>
</table>

<!--6月5日(月)9:59まで　フラッシュセール-->


<table width=""800"" border=""0""align=""center"" style=""background-color:#444444; color:#F4D406; text-align: center; font-size:18px; border-radius: 5px;"" >
 <tr >
    <td colspan=""5"" ><img src=""https://image.rakuten.co.jp/kitcut/cabinet/special/imgrc0081361616.jpg"" alt="""" width=""99%"" /></td>
  </tr>
  <tr>
    <td><img src=""https://image.rakuten.co.jp/kitcut/cabinet/special/imgrc0081361618.jpg"" width=""97%"" /></td>
    <td><img src=""https://image.rakuten.co.jp/kitcut/cabinet/special/imgrc0081361617.jpg"" width=""97%"" /></td>
    <td><img src=""https://image.rakuten.co.jp/kitcut/cabinet/special/imgrc0081361619.jpg"" width=""97%"" /></td>
    <td><img src=""https://image.rakuten.co.jp/kitcut/cabinet/special/imgrc0081361620.jpg"" width=""97%"" /></td>
  </tr>
  <tr>
    <td colspan=""5"" >2017年6月1日（木）10:00～2017年6月6日（火）9:59迄</td>
  </tr>
</table>






<style type=""text/css"">

#item_attention_area {
  border: #D00 solid 2px;
}

#item_attention_area p{
  margin: 0;
  padding: 2px 5px;
  color: white;
  background-color: #D00;
}

#item_attention_area ul{
  margin:0;
  padding: 10px 15px 5px 15px;
  list-style: none;
}

#item_attention_area ul>li{
  margin-bottom: 5px;
}

@media (max-width:481px){
section table   { width: 100%; }

.item th  { width: 30%; text-align: left; }
.item td  { 
margin-bottom:10px;
display:table;
}    

@media only screen and (min-width:480px){
    .item { margin: 0 auto; }
   .item tr{
        display: block;
}
    .item th,
    .item td{
        max-width: 100%;
       display: block;
        border-top: none;
		margin-bottom:10px;	

}

</style>",[1200円OFFクーポン有] [メーカー在庫限り] LEPLUS 12.9インチ iPad Pro ガラスフィルム ブルーライトカット 0.33mm 「GLASS PREMIUM FILM」 # LP-IPPFGBC  ルプラス (タブレット用液晶保護フィルム)：Apple専門店 キットカット,iPhone6 ケースiPhone 6 Plus ケースiPad Air 2 ケースiPad mini ケースAppleMacBook Pro ケースMacBook Air ケースbeats by dr.dreCatalystTHULEクラフトホリックiPad Pro ケースBOSEmoecoGILD designJBLヘッドホンイヤホンbluetoothスピーカー[1200円OFFクーポン有] [メーカー在庫限り] LEPLUS 12.9インチ iPad Pro ガラスフィルム ブルーライトカット 0.33mm 「GLASS PREMIUM FILM」 # LP-IPPFGBC  ルプラス (タブレット用液晶保護フィルム),目の疲れの原因となるブルーライトを約36%カットするフィルム。[1200円OFFクーポン有] [メーカー在庫限り] LEPLUS 12.9インチ iPad Pro ガラスフィルム ブルーライトカット 0.33mm 「GLASS PREMIUM FILM」 # LP-IPPFGBC  ルプラス (タブレット用液晶保護フィルム)[rn]
32-93128,http://tshop.r10s.jp/kitcut/cabinet/item/28/prod-pict-298199.jpg?fitin=700:700,4000.0000,,スマートフォン・タブレット > スマートフォンアクセサリー > その他,[1200円OFFクーポン有][ネコポス可] GRAMAS Protection Glass 0.33mm with Ezig for iPad mini # EXIPMNM  グラマス (タブレット用液晶保護フィルム),補助器具『EZig（イージグ）』を同梱した液晶保護ガラス,"<!-- リコメンド --><br>
<div id=""recommend_area"">
<h3>GRAMAS Protection Glass 0.33mm with Ezig for iPad mini # EXIPMNM  グラマス</h3>
<div class=""staff_recommend""><h3>高品質な旭硝子製の強化ガラスを基材に採用</h3><div class=""recom_showcase""><p class=""recom_img""><img src=""http://image.rakuten.co.jp/kitcut/cabinet/recom31/rec-298199-30827.jpg"" alt=""高品質な旭硝子製の強化ガラスを基材に採用の画像""></p></div><p>薄手でありながら強度も保て違和感なくつかえる絶妙な厚さ0.33ｍｍ。</p></div>
<div class=""staff_recommend""><h3>補助器具『EZig(イージグ)』を同梱した液晶保護ガラス</h3><div class=""recom_showcase""><p class=""recom_img""><img src=""http://image.rakuten.co.jp/kitcut/cabinet/recom31/rec-298199-30828.jpg"" alt=""補助器具『EZig(イージグ)』を同梱した液晶保護ガラスの画像""></p></div><p>画面サイズが大きく貼り付け難易度が高かったiPadの保護ガラス、貼り付けが劇的に簡単になります。</p></div>
</div>
<!-- リコメンドここまで -->

<br>

<!-- 関連分類リンク-->
<a href=""http://item.rakuten.co.jp/kitcut/c/""><img src=""http://image.rakuten.co.jp/kitcut/cabinet/banner/kitcut/suggest-case.jpg""></a><br>
<!-- 関連分類リンクここまで--><!-- ブックマーク -->
<br><p class=""add_bookmark""><a href=""https://my.bookmark.rakuten.co.jp/?func=reg&svid=101&shop_bid=206376&iid=10060923&itype=1""><img src=""https://image.rakuten.co.jp/kitcut/cabinet/banner/kitcut/imgrc0067948711.jpg"" alt=""Last Update : 2017/05/25 9:24:54""></a></p>
<!-- ブックマークここまで -->
<!-- ネコポス文言 --><br>
<img src='http://image.rakuten.co.jp/kitcut/cabinet/nekopos.jpg'><br>
<!-- ネコポス文言ここまで --><br><p>
<img src='http://image.rakuten.co.jp/kitcut/cabinet/banner/kitcut/imgrc0069266201.jpg' alt='GRAMAS特集'>
</p><hr>

<!-- 商品詳細 -->
<table class='item_explain' border='0' cellspacing='0' cellpadding='0'>
<tr>
<td>
● 貼り付けキット『EZig(イージグ)』セットモデル。<br>
ガラスの貼り位置を合わせることができ、ガラスを綺麗に簡単貼り付け。<br>
ガラス本体には特殊加工のシリコン糊を採用することにより、空気の抜けが良く気泡の混入を防止。<br>
ガラス本体の梱包には剥離フィルムの代わりにアクリルボードを採用し輸送時の糊の渇きや反りを防止。<br>
※『EZig』は意匠登録出願中です。<br>
<br>
● 最強クラスの表面硬度9Hの保護ガラスで液晶を強力に保護。<br>
耐摩耗、耐衝撃性能に優れ保護ガラス自体にも傷が入りにくくクリアな画面を維持。<br>
表面にはコーティングを施し滑らかな指すべりも実現。ラウンドエッジ加工を施し安全性とデザイン性を向上。<br>
<br>
● 薄手でありながら強度も保て違和感なくつかえる絶妙な厚さ0.33ｍｍ。<br>
。反りや歪みを抑え安定した品質を実現。<br>
[仕様情報]<br>
付属品 : クリーニングクロス、アルコール清浄布、埃除去用シール<br>
※ 画像はイメージです。実際の製品と色･質感などが異なる場合があります。<br><br>
[メーカー]グラマス GRAMAS<br>
[商品型番] EXIPMNM<br>
[バーコード] 4580306873424<br>

<font color=""gray"">
[材質] ガラス<br>[性能] ラウンド処理<br>[性能] ガラスフィルム<br>[性能] 光沢<br>[対応] iPad mini 3<br>[対応] iPad mini 2<br>[対応] iPad mini
</font><br>
</td>
</tr>
</table><br><br>
<!-- 商品詳細ここまで --><!--共通説明文（大）ここから-->

<table width=""800"" border=""0"" align=""center"">
  <tr>
    <td> <img src=""https://image.rakuten.co.jp/kitcut/cabinet/banner/05298098/imgrc0080334562.jpg"" width=""800px"" /></td>
  </tr>
</table>
<table width=""800"" border=""0"" align=""center"">
  <tr>
    <td> <img src=""https://image.rakuten.co.jp/kitcut/cabinet/banner/05298098/imgrc0080411111.jpg"" width=""800px"" /></td>
  </tr>
</table>

<!--横2列-->

<table width=""800"" border=""0"" align=""center"">
  <tr>
    <td> <img src=""https://image.rakuten.co.jp/kitcut/cabinet/top/05006737/imgrc0080402120.jpg"" width=""399"" /></td>
    
    <!--kickflip-->
    <td> <img src=""https://image.rakuten.co.jp/kitcut/cabinet/top/05006737/imgrc0080402031.jpg"" width=""399"" /></td>
  </tr>
</table>

<!--横2列-->

<table width=""800"" border=""0"" align=""center"">
  <tr>
    <td> <img src=""https://image.rakuten.co.jp/kitcut/cabinet/banner/05298098/imgrc0081316114.jpg"" width=""399"" /></td>
    <td> <img src=""https://image.rakuten.co.jp/kitcut/cabinet/banner/05298098/imgrc0080355902.jpg"" width=""399"" /></td>
  </tr>
</table>

<!--25周年の告知-->
<table width=""800"" border=""0"" align=""center"">
  <tr>
    <td> <img src=""http://image.rakuten.co.jp/kitcut/cabinet/banner/04802908/imgrc0073840290.jpg"" width=""399"" /></td>
    <td> <img src=""http://image.rakuten.co.jp/kitcut/cabinet/banner/04802908/imgrc0073840291.jpg"" width=""399"" /></td>
  </tr>
</table>

<!--6月5日(月)9:59まで　DEAL-->
<table width=""800"" border=""0"" align=""center"">
  <tr>
    <td> <img src=""https://image.rakuten.co.jp/kitcut/cabinet/special/imgrc0081361413.jpg"" width=""800px"" /> </td>
  </tr>
</table>

<!--6月5日(月)9:59まで　フラッシュセール-->


<table width=""800"" border=""0""align=""center"" style=""background-color:#444444; color:#F4D406; text-align: center; font-size:18px; border-radius: 5px;"" >
 <tr >
    <td colspan=""5"" ><img src=""https://image.rakuten.co.jp/kitcut/cabinet/special/imgrc0081361616.jpg"" alt="""" width=""99%"" /></td>
  </tr>
  <tr>
    <td><img src=""https://image.rakuten.co.jp/kitcut/cabinet/special/imgrc0081361618.jpg"" width=""97%"" /></td>
    <td><img src=""https://image.rakuten.co.jp/kitcut/cabinet/special/imgrc0081361617.jpg"" width=""97%"" /></td>
    <td><img src=""https://image.rakuten.co.jp/kitcut/cabinet/special/imgrc0081361619.jpg"" width=""97%"" /></td>
    <td><img src=""https://image.rakuten.co.jp/kitcut/cabinet/special/imgrc0081361620.jpg"" width=""97%"" /></td>
  </tr>
  <tr>
    <td colspan=""5"" >2017年6月1日（木）10:00～2017年6月6日（火）9:59迄</td>
  </tr>
</table>






<style type=""text/css"">

#item_attention_area {
  border: #D00 solid 2px;
}

#item_attention_area p{
  margin: 0;
  padding: 2px 5px;
  color: white;
  background-color: #D00;
}

#item_attention_area ul{
  margin:0;
  padding: 10px 15px 5px 15px;
  list-style: none;
}

#item_attention_area ul>li{
  margin-bottom: 5px;
}

@media (max-width:481px){
section table   { width: 100%; }

.item th  { width: 30%; text-align: left; }
.item td  { 
margin-bottom:10px;
display:table;
}    

@media only screen and (min-width:480px){
    .item { margin: 0 auto; }
   .item tr{
        display: block;
}
    .item th,
    .item td{
        max-width: 100%;
       display: block;
        border-top: none;
		margin-bottom:10px;	

}

</style>",[1200円OFFクーポン有][ネコポス可] GRAMAS Protection Glass 0.33mm with Ezig for iPad mini # EXIPMNM  グラマス (タブレット用液晶保護フィルム)：Apple専門店 キットカット,iPhone6 ケースiPhone 6 Plus ケースiPad Air 2 ケースiPad mini ケースAppleMacBook Pro ケースMacBook Air ケースbeats by dr.dreCatalystTHULEクラフトホリックiPad Pro ケースBOSEmoecoGILD designJBLヘッドホンイヤホンbluetoothスピーカー[1200円OFFクーポン有][ネコポス可] GRAMAS Protection Glass 0.33mm with Ezig for iPad mini # EXIPMNM  グラマス (タブレット用液晶保護フィルム),補助器具『EZig（イージグ）』を同梱した液晶保護ガラス。[1200円OFFクーポン有][ネコポス可] GRAMAS Protection Glass 0.33mm with Ezig for iPad mini # EXIPMNM  グラマス (タブレット用液晶保護フィルム)[rn]
32-93129,http://tshop.r10s.jp/kitcut/cabinet/item/14/prod-pict-299493.jpg?fitin=700:700,576.0000,,スマートフォン・タブレット > スマートフォンアクセサリー > その他,[1200円OFFクーポン有][ネコポス可] [メーカー在庫限り] LEPLUS Apple Watch 38mm シリコンケース「SILICON」 グリーン # LP-AW38SLGR  ルプラス (Apple Watch ケース),Apple Watchを傷や衝撃から保護するシリコンケース,"<br>

<!-- 関連分類リンク-->
<a href=""http://item.rakuten.co.jp/kitcut/c/""><img src=""http://image.rakuten.co.jp/kitcut/cabinet/banner/kitcut/suggest-film.jpg""></a><br>
<!-- 関連分類リンクここまで--><!-- ブックマーク -->
<br><p class=""add_bookmark""><a href=""https://my.bookmark.rakuten.co.jp/?func=reg&svid=101&shop_bid=206376&iid=10063147&itype=1""><img src=""https://image.rakuten.co.jp/kitcut/cabinet/banner/kitcut/imgrc0067948711.jpg"" alt=""Last Update : 2017/05/25 9:25:11""></a></p>
<!-- ブックマークここまで --><hr>
<!-- バリエーション -->
【バリエーション】
<div class=""variation2"">
<a href=""https://item.rakuten.co.jp/kitcut/299489/""><img width=""100"" border=""0"" src=""https://image.rakuten.co.jp/kitcut/cabinet/item/14/prod-pict-299489.jpg""></a>
<a href=""https://item.rakuten.co.jp/kitcut/299490/""><img width=""100"" border=""0"" src=""https://image.rakuten.co.jp/kitcut/cabinet/item/14/prod-pict-299490.jpg""></a>
<a href=""https://item.rakuten.co.jp/kitcut/299491/""><img width=""100"" border=""0"" src=""https://image.rakuten.co.jp/kitcut/cabinet/item/14/prod-pict-299491.jpg""></a>
<a href=""https://item.rakuten.co.jp/kitcut/299492/""><img width=""100"" border=""0"" src=""https://image.rakuten.co.jp/kitcut/cabinet/item/14/prod-pict-299492.jpg""></a>
<a href=""https://item.rakuten.co.jp/kitcut/299493/""><img width=""100"" border=""0"" src=""https://image.rakuten.co.jp/kitcut/cabinet/item/14/prod-pict-299493.jpg""></a><br>
<font color=""gray"">[family] <a href=""http://search.rakuten.co.jp/search/inshop-mall/2994896811/-/f.1-p.1-s.2-sf.0-sid.206376-st.A-v.3"">2994896811</a></font></div>
<!-- バリエーションここまで -->
<!-- ネコポス文言 --><br>
<img src='http://image.rakuten.co.jp/kitcut/cabinet/nekopos.jpg'><br>
<!-- ネコポス文言ここまで --><br><!-- 商品詳細 -->
<table class='item_explain' border='0' cellspacing='0' cellpadding='0'>
<tr>
<td>
Apple Watchを傷や衝撃から保護するシリコンケース<br>
<br>
・ 本体を傷や衝撃から守る<br>
・ しっとりとした柔らかい触感<br>
・ 柔軟性があり装着しやすいシリコン素材<br>
[仕様情報]<br>
素材 : シリコン<br>
製品寸法(mm) : 38mm : 36mm(高さ)x39mm(幅)x9mm(厚み)<br>
付属品 : なし<br>
<br>
 ※ 製品改良などのために仕様は予告なく変更することがあります。予めご了承下さい。<br>
<br><br>
[メーカー]ルプラス LEPLUS<br>
[商品型番] LP-AW38SLGR<br>
[バーコード] 4562398659629<br>

<font color=""gray"">
[材質] Silicone<br>[材質] ソフトケース<br>[色] グリーン<br>[対応] Apple Watch 38mm Series 1
</font><br>
</td>
</tr>
</table><br><br>
<!-- 商品詳細ここまで --><!--共通説明文（大）ここから-->

<table width=""800"" border=""0"" align=""center"">
  <tr>
    <td> <img src=""https://image.rakuten.co.jp/kitcut/cabinet/banner/05298098/imgrc0080334562.jpg"" width=""800px"" /></td>
  </tr>
</table>
<table width=""800"" border=""0"" align=""center"">
  <tr>
    <td> <img src=""https://image.rakuten.co.jp/kitcut/cabinet/banner/05298098/imgrc0080411111.jpg"" width=""800px"" /></td>
  </tr>
</table>

<!--横2列-->

<table width=""800"" border=""0"" align=""center"">
  <tr>
    <td> <img src=""https://image.rakuten.co.jp/kitcut/cabinet/top/05006737/imgrc0080402120.jpg"" width=""399"" /></td>
    
    <!--kickflip-->
    <td> <img src=""https://image.rakuten.co.jp/kitcut/cabinet/top/05006737/imgrc0080402031.jpg"" width=""399"" /></td>
  </tr>
</table>

<!--横2列-->

<table width=""800"" border=""0"" align=""center"">
  <tr>
    <td> <img src=""https://image.rakuten.co.jp/kitcut/cabinet/banner/05298098/imgrc0081316114.jpg"" width=""399"" /></td>
    <td> <img src=""https://image.rakuten.co.jp/kitcut/cabinet/banner/05298098/imgrc0080355902.jpg"" width=""399"" /></td>
  </tr>
</table>

<!--25周年の告知-->
<table width=""800"" border=""0"" align=""center"">
  <tr>
    <td> <img src=""http://image.rakuten.co.jp/kitcut/cabinet/banner/04802908/imgrc0073840290.jpg"" width=""399"" /></td>
    <td> <img src=""http://image.rakuten.co.jp/kitcut/cabinet/banner/04802908/imgrc0073840291.jpg"" width=""399"" /></td>
  </tr>
</table>

<!--6月5日(月)9:59まで　DEAL-->
<table width=""800"" border=""0"" align=""center"">
  <tr>
    <td> <img src=""https://image.rakuten.co.jp/kitcut/cabinet/special/imgrc0081361413.jpg"" width=""800px"" /> </td>
  </tr>
</table>

<!--6月5日(月)9:59まで　フラッシュセール-->


<table width=""800"" border=""0""align=""center"" style=""background-color:#444444; color:#F4D406; text-align: center; font-size:18px; border-radius: 5px;"" >
 <tr >
    <td colspan=""5"" ><img src=""https://image.rakuten.co.jp/kitcut/cabinet/special/imgrc0081361616.jpg"" alt="""" width=""99%"" /></td>
  </tr>
  <tr>
    <td><img src=""https://image.rakuten.co.jp/kitcut/cabinet/special/imgrc0081361618.jpg"" width=""97%"" /></td>
    <td><img src=""https://image.rakuten.co.jp/kitcut/cabinet/special/imgrc0081361617.jpg"" width=""97%"" /></td>
    <td><img src=""https://image.rakuten.co.jp/kitcut/cabinet/special/imgrc0081361619.jpg"" width=""97%"" /></td>
    <td><img src=""https://image.rakuten.co.jp/kitcut/cabinet/special/imgrc0081361620.jpg"" width=""97%"" /></td>
  </tr>
  <tr>
    <td colspan=""5"" >2017年6月1日（木）10:00～2017年6月6日（火）9:59迄</td>
  </tr>
</table>






<style type=""text/css"">

#item_attention_area {
  border: #D00 solid 2px;
}

#item_attention_area p{
  margin: 0;
  padding: 2px 5px;
  color: white;
  background-color: #D00;
}

#item_attention_area ul{
  margin:0;
  padding: 10px 15px 5px 15px;
  list-style: none;
}

#item_attention_area ul>li{
  margin-bottom: 5px;
}

@media (max-width:481px){
section table   { width: 100%; }

.item th  { width: 30%; text-align: left; }
.item td  { 
margin-bottom:10px;
display:table;
}    

@media only screen and (min-width:480px){
    .item { margin: 0 auto; }
   .item tr{
        display: block;
}
    .item th,
    .item td{
        max-width: 100%;
       display: block;
        border-top: none;
		margin-bottom:10px;	

}

</style>",[1200円OFFクーポン有][ネコポス可] [メーカー在庫限り] LEPLUS Apple Watch 38mm シリコンケース「SILICON」 グリーン # LP-AW38SLGR  ルプラス (Apple Watch ケース)：Apple専門店 キットカット,iPhone6 ケースiPhone 6 Plus ケースiPad Air 2 ケースiPad mini ケースAppleMacBook Pro ケースMacBook Air ケースbeats by dr.dreCatalystTHULEクラフトホリックiPad Pro ケースBOSEmoecoGILD designJBLヘッドホンイヤホンbluetoothスピーカー[1200円OFFクーポン有][ネコポス可] [メーカー在庫限り] LEPLUS Apple Watch 38mm シリコンケース「SILICON」 グリーン # LP-AW38SLGR  ルプラス (Apple Watch ケース),Apple Watchを傷や衝撃から保護するシリコンケース。[1200円OFFクーポン有][ネコポス可] [メーカー在庫限り] LEPLUS Apple Watch 38mm シリコンケース「SILICON」 グリーン # LP-AW38SLGR  ルプラス (Apple Watch ケース)[rn]
32-93130,http://tshop.r10s.jp/kitcut/cabinet/item/11/prod-pict-282890.jpg?fitin=700:700,820.8000,,スマートフォン・タブレット > スマートフォンアクセサリー > その他,[1200円OFFクーポン有][ネコポス可] TUNEWEAR TUNEFILM Pro for iPhone SE / 5s / 5c / 5 アンチグレア(非光沢)・衝撃吸収・防指紋タイプ (すべてのiPhone 5に対応)  チューンウェア (Apple製品関連アクセサリ),液晶本来の解像感を妨げない衝撃吸収フィルムです。,"<br>

<!-- 関連分類リンク-->
<a href=""http://item.rakuten.co.jp/kitcut/c/""><img src=""http://image.rakuten.co.jp/kitcut/cabinet/banner/kitcut/suggest-case.jpg""></a><br>
<!-- 関連分類リンクここまで--><!-- ブックマーク -->
<br><p class=""add_bookmark""><a href=""https://my.bookmark.rakuten.co.jp/?func=reg&svid=101&shop_bid=206376&iid=10040033&itype=1""><img src=""https://image.rakuten.co.jp/kitcut/cabinet/banner/kitcut/imgrc0067948711.jpg"" alt=""Last Update : 2017/05/25 9:23:09""></a></p>
<!-- ブックマークここまで --><hr>
<!-- バリエーション -->
【バリエーション】
<div class=""variation2"">
<a href=""https://item.rakuten.co.jp/kitcut/282890/""><img width=""100"" border=""0"" src=""https://image.rakuten.co.jp/kitcut/cabinet/item/11/prod-pict-282890.jpg""></a><br>
<font color=""gray"">[family] <a href=""http://search.rakuten.co.jp/search/inshop-mall/28288998471/-/f.1-p.1-s.2-sf.0-sid.206376-st.A-v.3"">28288998471</a></font></div>
<!-- バリエーションここまで -->
<!-- ネコポス文言 --><br><img src=http://image.rakuten.co.jp/kitcut/cabinet/nekopos.jpg><br><!-- ネコポス文言ここまで --><br><!-- 商品詳細 --><table class=item_explain border=0 cellspacing=0 cellpadding=0><tr><td>4層のクッション構造で画面にかかる衝撃を約57％軽減。<br>高透明度の衝撃吸収フィルム。<br><br>TUNEFILM Pro for iPhone 5s/5c/5　衝撃吸収・防指紋タイプは、透過率90%以上の高透明度で液晶本来の解像感を妨げない衝撃吸収フィルムです。フィルムは4層のクッション構造を採用しており、画面にかかる衝撃を約57%軽減します。小傷に強いハードコートはもちろん、防指紋加工、気泡を軽減するアンチバブル加工も施しています。<br><br>・透過率90%以上の高透明度で解像感を妨げない衝撃吸収フィルム<br>・画面にかかる衝撃を約57%軽減する4層のクッション構造<br>・小傷に強いハードコート仕様<br>・防指紋加工(親油性加工)により指紋・汚れが付きづらい<br>・装着時の気泡が自然と消えやすくなるアンチバブル加工<br>・貼り直しが可能な自己吸着型<br>・高光沢タイプとアンチグレア(非光沢)タイプを用意<br>・ホコリ取りシール、貼付用コテ、クリーニングクロスが付属<br>・高品質で安心の日本製<br><br>【仕様】<br>対応機種 : iPhone 5s(指紋認証機能「Touch ID」対応)<br>　　　　　iPhone 5c<br>　　　　　iPhone 5<br><br><br><br><br>[メーカー]チューンウェア TUNEWEAR (チューンウェア)<br>[商品型番] TUN-PH-000286<br>[バーコード] 4512223667657<br> <font color=""gray"">[性能] 非光沢<br>[性能] 衝撃吸収<br>[性能] 指紋防止<br>[性能] MADE IN JAPAN<br>[対応] iPhone 5<br>[対応] iPhone 5s<br>[対応] iPhone 5c<br>[対応] iPhone SE<br>[対応S] アイフォーン アイフォン  アイホーン アイホン iPhone<br>[対応S] 非光沢 アンチグレア ノングレア つや消し マット 反射防止 艶無しタイプ つやなし つや無し </font><br></td></tr></table><br><br><!-- 商品詳細ここまで --><!--共通説明文（大）ここから-->

<table width=""800"" border=""0"" align=""center"">
  <tr>
    <td> <img src=""https://image.rakuten.co.jp/kitcut/cabinet/banner/05298098/imgrc0080334562.jpg"" width=""800px"" /></td>
  </tr>
</table>
<table width=""800"" border=""0"" align=""center"">
  <tr>
    <td> <img src=""https://image.rakuten.co.jp/kitcut/cabinet/banner/05298098/imgrc0080411111.jpg"" width=""800px"" /></td>
  </tr>
</table>

<!--横2列-->

<table width=""800"" border=""0"" align=""center"">
  <tr>
    <td> <img src=""https://image.rakuten.co.jp/kitcut/cabinet/top/05006737/imgrc0080402120.jpg"" width=""399"" /></td>
    
    <!--kickflip-->
    <td> <img src=""https://image.rakuten.co.jp/kitcut/cabinet/top/05006737/imgrc0080402031.jpg"" width=""399"" /></td>
  </tr>
</table>

<!--横2列-->

<table width=""800"" border=""0"" align=""center"">
  <tr>
    <td> <img src=""https://image.rakuten.co.jp/kitcut/cabinet/banner/05298098/imgrc0081316114.jpg"" width=""399"" /></td>
    <td> <img src=""https://image.rakuten.co.jp/kitcut/cabinet/banner/05298098/imgrc0080355902.jpg"" width=""399"" /></td>
  </tr>
</table>

<!--25周年の告知-->
<table width=""800"" border=""0"" align=""center"">
  <tr>
    <td> <img src=""http://image.rakuten.co.jp/kitcut/cabinet/banner/04802908/imgrc0073840290.jpg"" width=""399"" /></td>
    <td> <img src=""http://image.rakuten.co.jp/kitcut/cabinet/banner/04802908/imgrc0073840291.jpg"" width=""399"" /></td>
  </tr>
</table>

<!--6月5日(月)9:59まで　DEAL-->
<table width=""800"" border=""0"" align=""center"">
  <tr>
    <td> <img src=""https://image.rakuten.co.jp/kitcut/cabinet/special/imgrc0081361413.jpg"" width=""800px"" /> </td>
  </tr>
</table>

<!--6月5日(月)9:59まで　フラッシュセール-->


<table width=""800"" border=""0""align=""center"" style=""background-color:#444444; color:#F4D406; text-align: center; font-size:18px; border-radius: 5px;"" >
 <tr >
    <td colspan=""5"" ><img src=""https://image.rakuten.co.jp/kitcut/cabinet/special/imgrc0081361616.jpg"" alt="""" width=""99%"" /></td>
  </tr>
  <tr>
    <td><img src=""https://image.rakuten.co.jp/kitcut/cabinet/special/imgrc0081361618.jpg"" width=""97%"" /></td>
    <td><img src=""https://image.rakuten.co.jp/kitcut/cabinet/special/imgrc0081361617.jpg"" width=""97%"" /></td>
    <td><img src=""https://image.rakuten.co.jp/kitcut/cabinet/special/imgrc0081361619.jpg"" width=""97%"" /></td>
    <td><img src=""https://image.rakuten.co.jp/kitcut/cabinet/special/imgrc0081361620.jpg"" width=""97%"" /></td>
  </tr>
  <tr>
    <td colspan=""5"" >2017年6月1日（木）10:00～2017年6月6日（火）9:59迄</td>
  </tr>
</table>






<style type=""text/css"">

#item_attention_area {
  border: #D00 solid 2px;
}

#item_attention_area p{
  margin: 0;
  padding: 2px 5px;
  color: white;
  background-color: #D00;
}

#item_attention_area ul{
  margin:0;
  padding: 10px 15px 5px 15px;
  list-style: none;
}

#item_attention_area ul>li{
  margin-bottom: 5px;
}

@media (max-width:481px){
section table   { width: 100%; }

.item th  { width: 30%; text-align: left; }
.item td  { 
margin-bottom:10px;
display:table;
}    

@media only screen and (min-width:480px){
    .item { margin: 0 auto; }
   .item tr{
        display: block;
}
    .item th,
    .item td{
        max-width: 100%;
       display: block;
        border-top: none;
		margin-bottom:10px;	

}

</style>",[1200円OFFクーポン有][ネコポス可] TUNEWEAR TUNEFILM Pro for iPhone SE / 5s / 5c / 5 アンチグレア(非光沢)・衝撃吸収・防指紋タイプ (すべてのiPhone 5に対応)  チューンウェア (Apple製品関連アクセサリ)：Apple専門店 キットカット,iPhone6 ケースiPhone 6 Plus ケースiPad Air 2 ケースiPad mini ケースAppleMacBook Pro ケースMacBook Air ケースbeats by dr.dreCatalystTHULEクラフトホリックiPad Pro ケースBOSEmoecoGILD designJBLヘッドホンイヤホンbluetoothスピーカー[1200円OFFクーポン有][ネコポス可] TUNEWEAR TUNEFILM Pro for iPhone SE / 5s / 5c / 5 アンチグレア(非光沢)・衝撃吸収・防指紋タイプ (すべてのiPhone 5に対応)  チューンウェア (Apple製品関連アクセサリ),液晶本来の解像感を妨げない衝撃吸収フィルムです。。[1200円OFFクーポン有][ネコポス可] TUNEWEAR TUNEFILM Pro for iPhone SE / 5s / 5c / 5 アンチグレア(非光沢)・衝撃吸収・防指紋タイプ (すべてのiPhone 5に対応)  チューンウェア (Apple製品関連アクセサリ)[rn]
32-93131,http://tshop.r10s.jp/kitcut/cabinet/item/14/prod-pict-299491.jpg?fitin=700:700,576.0000,,スマートフォン・タブレット > スマートフォンアクセサリー > その他,[1200円OFFクーポン有][ネコポス可] [メーカー在庫限り] LEPLUS Apple Watch 38mm シリコンケース「SILICON」 ピンク # LP-AW38SLPK  ルプラス (Apple Watch ケース),Apple Watchを傷や衝撃から保護するシリコンケース,"<br>

<!-- 関連分類リンク-->
<a href=""http://item.rakuten.co.jp/kitcut/c/""><img src=""http://image.rakuten.co.jp/kitcut/cabinet/banner/kitcut/suggest-film.jpg""></a><br>
<!-- 関連分類リンクここまで--><!-- ブックマーク -->
<br><p class=""add_bookmark""><a href=""https://my.bookmark.rakuten.co.jp/?func=reg&svid=101&shop_bid=206376&iid=10063145&itype=1""><img src=""https://image.rakuten.co.jp/kitcut/cabinet/banner/kitcut/imgrc0067948711.jpg"" alt=""Last Update : 2017/05/25 9:25:11""></a></p>
<!-- ブックマークここまで --><hr>
<!-- バリエーション -->
【バリエーション】
<div class=""variation2"">
<a href=""https://item.rakuten.co.jp/kitcut/299489/""><img width=""100"" border=""0"" src=""https://image.rakuten.co.jp/kitcut/cabinet/item/14/prod-pict-299489.jpg""></a>
<a href=""https://item.rakuten.co.jp/kitcut/299490/""><img width=""100"" border=""0"" src=""https://image.rakuten.co.jp/kitcut/cabinet/item/14/prod-pict-299490.jpg""></a>
<a href=""https://item.rakuten.co.jp/kitcut/299491/""><img width=""100"" border=""0"" src=""https://image.rakuten.co.jp/kitcut/cabinet/item/14/prod-pict-299491.jpg""></a>
<a href=""https://item.rakuten.co.jp/kitcut/299492/""><img width=""100"" border=""0"" src=""https://image.rakuten.co.jp/kitcut/cabinet/item/14/prod-pict-299492.jpg""></a>
<a href=""https://item.rakuten.co.jp/kitcut/299493/""><img width=""100"" border=""0"" src=""https://image.rakuten.co.jp/kitcut/cabinet/item/14/prod-pict-299493.jpg""></a><br>
<font color=""gray"">[family] <a href=""http://search.rakuten.co.jp/search/inshop-mall/2994896811/-/f.1-p.1-s.2-sf.0-sid.206376-st.A-v.3"">2994896811</a></font></div>
<!-- バリエーションここまで -->
<!-- ネコポス文言 --><br>
<img src='http://image.rakuten.co.jp/kitcut/cabinet/nekopos.jpg'><br>
<!-- ネコポス文言ここまで --><br><!-- 商品詳細 -->
<table class='item_explain' border='0' cellspacing='0' cellpadding='0'>
<tr>
<td>
Apple Watchを傷や衝撃から保護するシリコンケース<br>
<br>
・ 本体を傷や衝撃から守る<br>
・ しっとりとした柔らかい触感<br>
・ 柔軟性があり装着しやすいシリコン素材<br>
[仕様情報]<br>
素材 : シリコン<br>
製品寸法(mm) : 38mm : 36mm(高さ)x39mm(幅)x9mm(厚み)<br>
付属品 : なし<br>
<br>
 ※ 製品改良などのために仕様は予告なく変更することがあります。予めご了承下さい。<br>
<br><br>
[メーカー]ルプラス LEPLUS<br>
[商品型番] LP-AW38SLPK<br>
[バーコード] 4562398659605<br>

<font color=""gray"">
[材質] Silicone<br>[材質] ソフトケース<br>[色] ピンク<br>[対応] Apple Watch 38mm Series 1
</font><br>
</td>
</tr>
</table><br><br>
<!-- 商品詳細ここまで --><!--共通説明文（大）ここから-->

<table width=""800"" border=""0"" align=""center"">
  <tr>
    <td> <img src=""https://image.rakuten.co.jp/kitcut/cabinet/banner/05298098/imgrc0080334562.jpg"" width=""800px"" /></td>
  </tr>
</table>
<table width=""800"" border=""0"" align=""center"">
  <tr>
    <td> <img src=""https://image.rakuten.co.jp/kitcut/cabinet/banner/05298098/imgrc0080411111.jpg"" width=""800px"" /></td>
  </tr>
</table>

<!--横2列-->

<table width=""800"" border=""0"" align=""center"">
  <tr>
    <td> <img src=""https://image.rakuten.co.jp/kitcut/cabinet/top/05006737/imgrc0080402120.jpg"" width=""399"" /></td>
    
    <!--kickflip-->
    <td> <img src=""https://image.rakuten.co.jp/kitcut/cabinet/top/05006737/imgrc0080402031.jpg"" width=""399"" /></td>
  </tr>
</table>

<!--横2列-->

<table width=""800"" border=""0"" align=""center"">
  <tr>
    <td> <img src=""https://image.rakuten.co.jp/kitcut/cabinet/banner/05298098/imgrc0081316114.jpg"" width=""399"" /></td>
    <td> <img src=""https://image.rakuten.co.jp/kitcut/cabinet/banner/05298098/imgrc0080355902.jpg"" width=""399"" /></td>
  </tr>
</table>

<!--25周年の告知-->
<table width=""800"" border=""0"" align=""center"">
  <tr>
    <td> <img src=""http://image.rakuten.co.jp/kitcut/cabinet/banner/04802908/imgrc0073840290.jpg"" width=""399"" /></td>
    <td> <img src=""http://image.rakuten.co.jp/kitcut/cabinet/banner/04802908/imgrc0073840291.jpg"" width=""399"" /></td>
  </tr>
</table>

<!--6月5日(月)9:59まで　DEAL-->
<table width=""800"" border=""0"" align=""center"">
  <tr>
    <td> <img src=""https://image.rakuten.co.jp/kitcut/cabinet/special/imgrc0081361413.jpg"" width=""800px"" /> </td>
  </tr>
</table>

<!--6月5日(月)9:59まで　フラッシュセール-->


<table width=""800"" border=""0""align=""center"" style=""background-color:#444444; color:#F4D406; text-align: center; font-size:18px; border-radius: 5px;"" >
 <tr >
    <td colspan=""5"" ><img src=""https://image.rakuten.co.jp/kitcut/cabinet/special/imgrc0081361616.jpg"" alt="""" width=""99%"" /></td>
  </tr>
  <tr>
    <td><img src=""https://image.rakuten.co.jp/kitcut/cabinet/special/imgrc0081361618.jpg"" width=""97%"" /></td>
    <td><img src=""https://image.rakuten.co.jp/kitcut/cabinet/special/imgrc0081361617.jpg"" width=""97%"" /></td>
    <td><img src=""https://image.rakuten.co.jp/kitcut/cabinet/special/imgrc0081361619.jpg"" width=""97%"" /></td>
    <td><img src=""https://image.rakuten.co.jp/kitcut/cabinet/special/imgrc0081361620.jpg"" width=""97%"" /></td>
  </tr>
  <tr>
    <td colspan=""5"" >2017年6月1日（木）10:00～2017年6月6日（火）9:59迄</td>
  </tr>
</table>






<style type=""text/css"">

#item_attention_area {
  border: #D00 solid 2px;
}

#item_attention_area p{
  margin: 0;
  padding: 2px 5px;
  color: white;
  background-color: #D00;
}

#item_attention_area ul{
  margin:0;
  padding: 10px 15px 5px 15px;
  list-style: none;
}

#item_attention_area ul>li{
  margin-bottom: 5px;
}

@media (max-width:481px){
section table   { width: 100%; }

.item th  { width: 30%; text-align: left; }
.item td  { 
margin-bottom:10px;
display:table;
}    

@media only screen and (min-width:480px){
    .item { margin: 0 auto; }
   .item tr{
        display: block;
}
    .item th,
    .item td{
        max-width: 100%;
       display: block;
        border-top: none;
		margin-bottom:10px;	

}

</style>",[1200円OFFクーポン有][ネコポス可] [メーカー在庫限り] LEPLUS Apple Watch 38mm シリコンケース「SILICON」 ピンク # LP-AW38SLPK  ルプラス (Apple Watch ケース)：Apple専門店 キットカット,iPhone6 ケースiPhone 6 Plus ケースiPad Air 2 ケースiPad mini ケースAppleMacBook Pro ケースMacBook Air ケースbeats by dr.dreCatalystTHULEクラフトホリックiPad Pro ケースBOSEmoecoGILD designJBLヘッドホンイヤホンbluetoothスピーカー[1200円OFFクーポン有][ネコポス可] [メーカー在庫限り] LEPLUS Apple Watch 38mm シリコンケース「SILICON」 ピンク # LP-AW38SLPK  ルプラス (Apple Watch ケース),Apple Watchを傷や衝撃から保護するシリコンケース。[1200円OFFクーポン有][ネコポス可] [メーカー在庫限り] LEPLUS Apple Watch 38mm シリコンケース「SILICON」 ピンク # LP-AW38SLPK  ルプラス (Apple Watch ケース)[rn]
32-93132,http://tshop.r10s.jp/kitcut/cabinet/item/7/prod-pict-274490.jpg?fitin=700:700,1104.0000,,スマートフォン・タブレット > スマートフォンアクセサリー > その他,[1200円OFFクーポン有][ネコポス可] PowerSupport アンチグレアフィルムセット for iPhone SE / 5s / 5c / 5 (すべてのiPhone 5に対応) (非光沢) # PJK-02  パワーサポート (非光沢) (すべてのiPhone 5に対応) (Apple製品関連アクセサリ),安心と信頼のパワサポ (パワーサポート),"<!-- リコメンド --><br>
<div id=""recommend_area"">
<h3>PowerSupport アンチグレアフィルムセット for iPhone SE / 5s / 5c / 5 (すべてのiPhone 5に対応) (非光沢) # PJK-02  パワーサポート (非光沢) (すべてのiPhone 5に対応)</h3>
<div class=""staff_recommend""><h3>***</h3><div class=""recom_showcase""><p class=""recom_img""><img src=""http://image.rakuten.co.jp/kitcut/cabinet/recom36/rec-274490-40825.jpg"" alt=""***の画像""></p></div><p></p></div>
<div class=""staff_recommend""><h3>指紋や汚れが付きにくい高品質フィルム
</h3><div class=""recom_showcase""><p class=""recom_img""><img src=""http://image.rakuten.co.jp/kitcut/cabinet/recom15/rec-274490-2459.jpg"" alt=""指紋や汚れが付きにくい高品質フィルム
の画像""></p></div><p>新開発の裂けるセパレータで、フィルムの貼り位置合わせが簡単です。</p></div>
<div class=""staff_recommend""><h3>付属品</h3><div class=""recom_showcase""><p class=""recom_img""><img src=""http://image.rakuten.co.jp/kitcut/cabinet/recom15/rec-274490-2460.jpg"" alt=""付属品の画像""></p></div><p>超極細繊維クリーナークロス : 頭髪の約1000分の1の細かさのくさび型断面繊維で、油汚れや指紋を落とします。<br>
ダストリムーバー : フィルムを貼る際に細かな埃を取り除きます。<br>
</p></div>
</div>
<!-- リコメンドここまで -->

<br>

<!-- 関連分類リンク-->
<a href=""http://item.rakuten.co.jp/kitcut/c/""><img src=""http://image.rakuten.co.jp/kitcut/cabinet/banner/kitcut/suggest-case.jpg""></a><br>
<!-- 関連分類リンクここまで--><!-- ブックマーク -->
<br><p class=""add_bookmark""><a href=""https://my.bookmark.rakuten.co.jp/?func=reg&svid=101&shop_bid=206376&iid=10029980&itype=1""><img src=""https://image.rakuten.co.jp/kitcut/cabinet/banner/kitcut/imgrc0067948711.jpg"" alt=""Last Update : 2017/05/25 9:22:41""></a></p>
<!-- ブックマークここまで --><hr>
<!-- バリエーション -->
【バリエーション】
<div class=""variation2"">
<a href=""https://item.rakuten.co.jp/kitcut/274489/""><img width=""100"" border=""0"" src=""https://image.rakuten.co.jp/kitcut/cabinet/item/7/prod-pict-274489.jpg""></a>
<a href=""https://item.rakuten.co.jp/kitcut/274490/""><img width=""100"" border=""0"" src=""https://image.rakuten.co.jp/kitcut/cabinet/item/7/prod-pict-274490.jpg""></a>
<a href=""https://item.rakuten.co.jp/kitcut/284782/""><img width=""100"" border=""0"" src=""https://image.rakuten.co.jp/kitcut/cabinet/item/11/prod-pict-284782.jpg""></a>
<a href=""https://item.rakuten.co.jp/kitcut/284783/""><img width=""100"" border=""0"" src=""https://image.rakuten.co.jp/kitcut/cabinet/item/11/prod-pict-284783.jpg""></a>
<a href=""https://item.rakuten.co.jp/kitcut/284784/""><img width=""100"" border=""0"" src=""https://image.rakuten.co.jp/kitcut/cabinet/item/11/prod-pict-284784.jpg""></a>
<a href=""https://item.rakuten.co.jp/kitcut/284785/""><img width=""100"" border=""0"" src=""https://image.rakuten.co.jp/kitcut/cabinet/item/11/prod-pict-284785.jpg""></a><br>
<font color=""gray"">[family] <a href=""http://search.rakuten.co.jp/search/inshop-mall/2744906378/-/f.1-p.1-s.2-sf.0-sid.206376-st.A-v.3"">2744906378</a></font></div>
<!-- バリエーションここまで -->
<!-- ネコポス文言 --><br><img src=http://image.rakuten.co.jp/kitcut/cabinet/nekopos.jpg><br><!-- ネコポス文言ここまで --><br><!-- 商品詳細 --><table class=item_explain border=0 cellspacing=0 cellpadding=0><tr><td>世界初、手で切れる剥離フィルム採用(PAT・P)でフィルム貼りが超スムース!<br>貼りたいトコロにきっちり貼れる。<br><br>【特徴】<br>・ 手で切れる剥離フィルムで、フィルムを貼りたい位置に正確に貼ることが出来ます。<br>・ 映り込み防止処理で、蛍光灯や太陽光の反射を軽減します。<br>・ サラサラした肌触りの表面加工で、化粧品や皮脂などが付きにくい仕様です。<br>・ 形状と精度にこだわり、ホームボタン、スピーカー、iSight カメラ、各種センサー部分も抜いています。<br>・ 信頼の日本製。<br><br>【仕様】<br>セット内容 : アンチグレアフィルム(液晶保護用)2枚<br>　　　　　　ダストリムーバー　1枚<br>　　　　　　(フィルムを貼る際に細かな埃を取り除きます。)<br>　　　　　　クリーナークロス　1枚<br>　　　　　　(超極細繊維のクリーナークロスです。)<br>フィルムの剥がし方<br>粘着力の強いテープを貼り、しばらく経ってから持ち上げるようにゆっくりと剥がしてください。(剥がしても糊は残りません)<br><br>このフィルムは、キズや汚れを完全に防止するものではありません。<br>iPhone は精密機械です。作業時の取り扱いには十分ご注意下さい。<br><br><br><br><br><br>[メーカー]パワーサポート PowerSupport (パワサポ)<br>[商品型番] PJK-02<br>[バーコード] 4519756741021<br> <font color=""gray"">[性能] 非光沢<br>[性能] 指紋防止<br>[性能] MADE IN JAPAN<br>[製品] 保護フィルム<br>[対応] iPhone5<br>[対応] iPhone 5s<br>[対応] iPhone 5c<br>[対応] iPhone SE<br>[対応S] アイフォーン アイフォン  アイホーン アイホン iPhone<br>[対応S] 非光沢 アンチグレア ノングレア つや消し マット 反射防止 艶無しタイプ つやなし つや無し </font><br></td></tr></table><br><br><!-- 商品詳細ここまで --><!--共通説明文（大）ここから-->

<table width=""800"" border=""0"" align=""center"">
  <tr>
    <td> <img src=""https://image.rakuten.co.jp/kitcut/cabinet/banner/05298098/imgrc0080334562.jpg"" width=""800px"" /></td>
  </tr>
</table>
<table width=""800"" border=""0"" align=""center"">
  <tr>
    <td> <img src=""https://image.rakuten.co.jp/kitcut/cabinet/banner/05298098/imgrc0080411111.jpg"" width=""800px"" /></td>
  </tr>
</table>

<!--横2列-->

<table width=""800"" border=""0"" align=""center"">
  <tr>
    <td> <img src=""https://image.rakuten.co.jp/kitcut/cabinet/top/05006737/imgrc0080402120.jpg"" width=""399"" /></td>
    
    <!--kickflip-->
    <td> <img src=""https://image.rakuten.co.jp/kitcut/cabinet/top/05006737/imgrc0080402031.jpg"" width=""399"" /></td>
  </tr>
</table>

<!--横2列-->

<table width=""800"" border=""0"" align=""center"">
  <tr>
    <td> <img src=""https://image.rakuten.co.jp/kitcut/cabinet/banner/05298098/imgrc0081316114.jpg"" width=""399"" /></td>
    <td> <img src=""https://image.rakuten.co.jp/kitcut/cabinet/banner/05298098/imgrc0080355902.jpg"" width=""399"" /></td>
  </tr>
</table>

<!--25周年の告知-->
<table width=""800"" border=""0"" align=""center"">
  <tr>
    <td> <img src=""http://image.rakuten.co.jp/kitcut/cabinet/banner/04802908/imgrc0073840290.jpg"" width=""399"" /></td>
    <td> <img src=""http://image.rakuten.co.jp/kitcut/cabinet/banner/04802908/imgrc0073840291.jpg"" width=""399"" /></td>
  </tr>
</table>

<!--6月5日(月)9:59まで　DEAL-->
<table width=""800"" border=""0"" align=""center"">
  <tr>
    <td> <img src=""https://image.rakuten.co.jp/kitcut/cabinet/special/imgrc0081361413.jpg"" width=""800px"" /> </td>
  </tr>
</table>

<!--6月5日(月)9:59まで　フラッシュセール-->


<table width=""800"" border=""0""align=""center"" style=""background-color:#444444; color:#F4D406; text-align: center; font-size:18px; border-radius: 5px;"" >
 <tr >
    <td colspan=""5"" ><img src=""https://image.rakuten.co.jp/kitcut/cabinet/special/imgrc0081361616.jpg"" alt="""" width=""99%"" /></td>
  </tr>
  <tr>
    <td><img src=""https://image.rakuten.co.jp/kitcut/cabinet/special/imgrc0081361618.jpg"" width=""97%"" /></td>
    <td><img src=""https://image.rakuten.co.jp/kitcut/cabinet/special/imgrc0081361617.jpg"" width=""97%"" /></td>
    <td><img src=""https://image.rakuten.co.jp/kitcut/cabinet/special/imgrc0081361619.jpg"" width=""97%"" /></td>
    <td><img src=""https://image.rakuten.co.jp/kitcut/cabinet/special/imgrc0081361620.jpg"" width=""97%"" /></td>
  </tr>
  <tr>
    <td colspan=""5"" >2017年6月1日（木）10:00～2017年6月6日（火）9:59迄</td>
  </tr>
</table>






<style type=""text/css"">

#item_attention_area {
  border: #D00 solid 2px;
}

#item_attention_area p{
  margin: 0;
  padding: 2px 5px;
  color: white;
  background-color: #D00;
}

#item_attention_area ul{
  margin:0;
  padding: 10px 15px 5px 15px;
  list-style: none;
}

#item_attention_area ul>li{
  margin-bottom: 5px;
}

@media (max-width:481px){
section table   { width: 100%; }

.item th  { width: 30%; text-align: left; }
.item td  { 
margin-bottom:10px;
display:table;
}    

@media only screen and (min-width:480px){
    .item { margin: 0 auto; }
   .item tr{
        display: block;
}
    .item th,
    .item td{
        max-width: 100%;
       display: block;
        border-top: none;
		margin-bottom:10px;	

}

</style>",[1200円OFFクーポン有][ネコポス可] PowerSupport アンチグレアフィルムセット for iPhone SE / 5s / 5c / 5 (すべてのiPhone 5に対応) (非光沢) # PJK-02  パワーサポート (非光沢) (すべてのiPhone 5に対応) (Apple製品関連アクセサリ)：Apple専門店 キットカット,iPhone6 ケースiPhone 6 Plus ケースiPad Air 2 ケースiPad mini ケースAppleMacBook Pro ケースMacBook Air ケースbeats by dr.dreCatalystTHULEクラフトホリックiPad Pro ケースBOSEmoecoGILD designJBLヘッドホンイヤホンbluetoothスピーカー[1200円OFFクーポン有][ネコポス可] PowerSupport アンチグレアフィルムセット for iPhone SE / 5s / 5c / 5 (すべてのiPhone 5に対応) (非光沢) # PJK-02  パワーサポート (非光沢) (すべてのiPhone 5に対応) (Apple製品関連アクセサリ),安心と信頼のパワサポ (パワーサポート)。[1200円OFFクーポン有][ネコポス可] PowerSupport アンチグレアフィルムセット for iPhone SE / 5s / 5c / 5 (すべてのiPhone 5に対応) (非光沢) # PJK-02  パワーサポート (非光沢) (すべてのiPhone 5に対応) (Apple製品関連アクセサリ)[rn]
32-93133,http://tshop.r10s.jp/kitcut/cabinet/item/14/prod-pict-299494.jpg?fitin=700:700,872.0000,,スマートフォン・タブレット > スマートフォンアクセサリー > その他,[1200円OFFクーポン有][ネコポス可] [メーカー在庫限り] LEPLUS Apple Watch 38mm ハードケース「METAL HARD」 ゴールド # LP-AW38MCGD  ルプラス   (Apple Watch ケース),メタルな色合いて&#12441;高級感のあるホ&#12442;リカーホ&#12441;ネートケース,"<br> <!-- 関連分類リンク--><a href=""http://item.rakuten.co.jp/kitcut/c/""><img src=""http://image.rakuten.co.jp/kitcut/cabinet/banner/kitcut/suggest-film.jpg""></a><br><!-- 関連分類リンクここまで--><!-- ブックマーク --><br><p class=""add_bookmark""><a href=""https://my.bookmark.rakuten.co.jp/?func=reg&svid=101&shop_bid=206376&iid=10063148&itype=1""><img src=""https://image.rakuten.co.jp/kitcut/cabinet/banner/kitcut/imgrc0067948711.jpg"" alt=""Last Update : 2017/06/04 0:00:05""></a></p><!-- ブックマークここまで --><hr><!-- バリエーション -->【バリエーション】 <div class=""variation2""><a href=""https://item.rakuten.co.jp/kitcut/299494/""><img width=""100"" border=""0"" src=""https://image.rakuten.co.jp/kitcut/cabinet/item/14/prod-pict-299494.jpg""></a><a href=""https://item.rakuten.co.jp/kitcut/299495/""><img width=""100"" border=""0"" src=""https://image.rakuten.co.jp/kitcut/cabinet/item/14/prod-pict-299495.jpg""></a><br><font color=""gray"">[family] <a href=""http://search.rakuten.co.jp/search/inshop-mall/29949481511/-/f.1-p.1-s.2-sf.0-sid.206376-st.A-v.3"">29949481511</a></font></div><!-- バリエーションここまで --><!-- ネコポス文言 --><br><img src=http://image.rakuten.co.jp/kitcut/cabinet/nekopos.jpg><br><!-- ネコポス文言ここまで --><br><!-- 商品詳細 --><table class=item_explain border=0 cellspacing=0 cellpadding=0><tr><td>Apple Watchのデザイン性を損なわない、メタルな色合いで高級感のあるポリカーボネート製ケース<br><br>・ 硬くて丈夫なポリカーボネート素材<br>・ 傷つきにくい、UVコーティング<br>・ 高品質なゴールド・シルバーの塗装で、高級感を演出<br><br><br>[仕様情報]<br>素材 : ポリカーボネート<br>表面加工 : UVクリアコーティング<br>製品寸法(mm) : 38mm : 36mm(高さ)x39mm(幅)x9mm(厚み)<br>付属品 : なし<br><br>?※ 製品改良などのために仕様は予告なく変更することがあります。予めご了承下さい。<br><br>[メーカー]ルプラス LEPLUS<br>[商品型番] LP-AW38MCGD<br>[バーコード] 4562398659636<br> <font color=""gray"">[材質] ハードケース<br>[材質] ポリカーボネート製<br>[色] ゴールド<br>[対応] Apple Watch 38mm Series 1 </font><br></td></tr></table><br><br><!-- 商品詳細ここまで --><!--共通説明文（大）ここから-->

<table width=""800"" border=""0"" align=""center"">
  <tr>
    <td> <img src=""https://image.rakuten.co.jp/kitcut/cabinet/banner/05298098/imgrc0080334562.jpg"" width=""800px"" /></td>
  </tr>
</table>
<table width=""800"" border=""0"" align=""center"">
  <tr>
    <td> <img src=""https://image.rakuten.co.jp/kitcut/cabinet/banner/05298098/imgrc0080411111.jpg"" width=""800px"" /></td>
  </tr>
</table>

<!--横2列-->

<table width=""800"" border=""0"" align=""center"">
  <tr>
    <td> <img src=""https://image.rakuten.co.jp/kitcut/cabinet/top/05006737/imgrc0080402120.jpg"" width=""399"" /></td>
    
    <!--kickflip-->
    <td> <img src=""https://image.rakuten.co.jp/kitcut/cabinet/top/05006737/imgrc0080402031.jpg"" width=""399"" /></td>
  </tr>
</table>

<!--横2列-->

<table width=""800"" border=""0"" align=""center"">
  <tr>
    <td> <img src=""https://image.rakuten.co.jp/kitcut/cabinet/banner/05298098/imgrc0081316114.jpg"" width=""399"" /></td>
    <td> <img src=""https://image.rakuten.co.jp/kitcut/cabinet/banner/05298098/imgrc0080355902.jpg"" width=""399"" /></td>
  </tr>
</table>

<!--25周年の告知-->
<table width=""800"" border=""0"" align=""center"">
  <tr>
    <td> <img src=""http://image.rakuten.co.jp/kitcut/cabinet/banner/04802908/imgrc0073840290.jpg"" width=""399"" /></td>
    <td> <img src=""http://image.rakuten.co.jp/kitcut/cabinet/banner/04802908/imgrc0073840291.jpg"" width=""399"" /></td>
  </tr>
</table>

<!--6月5日(月)9:59まで　DEAL-->
<table width=""800"" border=""0"" align=""center"">
  <tr>
    <td> <img src=""https://image.rakuten.co.jp/kitcut/cabinet/special/imgrc0081361413.jpg"" width=""800px"" /> </td>
  </tr>
</table>

<!--6月5日(月)9:59まで　フラッシュセール-->


<table width=""800"" border=""0""align=""center"" style=""background-color:#444444; color:#F4D406; text-align: center; font-size:18px; border-radius: 5px;"" >
 <tr >
    <td colspan=""5"" ><img src=""https://image.rakuten.co.jp/kitcut/cabinet/special/imgrc0081361616.jpg"" alt="""" width=""99%"" /></td>
  </tr>
  <tr>
    <td><img src=""https://image.rakuten.co.jp/kitcut/cabinet/special/imgrc0081361618.jpg"" width=""97%"" /></td>
    <td><img src=""https://image.rakuten.co.jp/kitcut/cabinet/special/imgrc0081361617.jpg"" width=""97%"" /></td>
    <td><img src=""https://image.rakuten.co.jp/kitcut/cabinet/special/imgrc0081361619.jpg"" width=""97%"" /></td>
    <td><img src=""https://image.rakuten.co.jp/kitcut/cabinet/special/imgrc0081361620.jpg"" width=""97%"" /></td>
  </tr>
  <tr>
    <td colspan=""5"" >2017年6月1日（木）10:00～2017年6月6日（火）9:59迄</td>
  </tr>
</table>






<style type=""text/css"">

#item_attention_area {
  border: #D00 solid 2px;
}

#item_attention_area p{
  margin: 0;
  padding: 2px 5px;
  color: white;
  background-color: #D00;
}

#item_attention_area ul{
  margin:0;
  padding: 10px 15px 5px 15px;
  list-style: none;
}

#item_attention_area ul>li{
  margin-bottom: 5px;
}

@media (max-width:481px){
section table   { width: 100%; }

.item th  { width: 30%; text-align: left; }
.item td  { 
margin-bottom:10px;
display:table;
}    

@media only screen and (min-width:480px){
    .item { margin: 0 auto; }
   .item tr{
        display: block;
}
    .item th,
    .item td{
        max-width: 100%;
       display: block;
        border-top: none;
		margin-bottom:10px;	

}

</style>",[1200円OFFクーポン有][ネコポス可] [メーカー在庫限り] LEPLUS Apple Watch 38mm ハードケース「METAL HARD」 ゴールド # LP-AW38MCGD  ルプラス   (Apple Watch ケース)：Apple専門店 キットカット,iPhone6 ケースiPhone 6 Plus ケースiPad Air 2 ケースiPad mini ケースAppleMacBook Pro ケースMacBook Air ケースbeats by dr.dreCatalystTHULEクラフトホリックiPad Pro ケースBOSEmoecoGILD designJBLヘッドホンイヤホンbluetoothスピーカー[1200円OFFクーポン有][ネコポス可] [メーカー在庫限り] LEPLUS Apple Watch 38mm ハードケース「METAL HARD」 ゴールド # LP-AW38MCGD  ルプラス   (Apple Watch ケース),メタルな色合いて&#12441;高級感のあるホ&#12442;リカーホ&#12441;ネートケース。[1200円OFFクーポン有][ネコポス可] [メーカー在庫限り] LEPLUS Apple Watch 38mm ハードケース「METAL HARD」 ゴールド # LP-AW38MCGD  ルプラス   (Apple Watch ケース)[rn]
32-93134,http://tshop.r10s.jp/kitcut/cabinet/item/30/prod-pict-299531.jpg?fitin=700:700,576.0000,,スマートフォン・タブレット > スマートフォンアクセサリー > その他,[1200円OFFクーポン有][ネコポス可] [メーカー在庫限り] LEPLUS Apple Watch 38mm 極薄フルカバーハードケース 「ZERO HARD」 クリアブルー # LP-AW38HTCBL  ルプラス (Apple Watch ケース),Apple Watchの液晶画面まて&#12441;守る,"<br>

<!-- 関連分類リンク-->
<a href=""http://item.rakuten.co.jp/kitcut/c/""><img src=""http://image.rakuten.co.jp/kitcut/cabinet/banner/kitcut/suggest-film.jpg""></a><br>
<!-- 関連分類リンクここまで--><!-- ブックマーク -->
<br><p class=""add_bookmark""><a href=""https://my.bookmark.rakuten.co.jp/?func=reg&svid=101&shop_bid=206376&iid=10064492&itype=1""><img src=""https://image.rakuten.co.jp/kitcut/cabinet/banner/kitcut/imgrc0067948711.jpg"" alt=""Last Update : 2017/05/25 9:25:16""></a></p>
<!-- ブックマークここまで --><hr>
<!-- バリエーション -->
【バリエーション】
<div class=""variation2"">
<a href=""https://item.rakuten.co.jp/kitcut/299530/""><img width=""100"" border=""0"" src=""https://image.rakuten.co.jp/kitcut/cabinet/item/30/prod-pict-299530.jpg""></a>
<a href=""https://item.rakuten.co.jp/kitcut/299531/""><img width=""100"" border=""0"" src=""https://image.rakuten.co.jp/kitcut/cabinet/item/30/prod-pict-299531.jpg""></a>
<a href=""https://item.rakuten.co.jp/kitcut/299532/""><img width=""100"" border=""0"" src=""https://image.rakuten.co.jp/kitcut/cabinet/item/30/prod-pict-299532.jpg""></a><br>
<font color=""gray"">[family] <a href=""http://search.rakuten.co.jp/search/inshop-mall/2995298911/-/f.1-p.1-s.2-sf.0-sid.206376-st.A-v.3"">2995298911</a></font></div>
<!-- バリエーションここまで -->
<!-- ネコポス文言 --><br>
<img src='http://image.rakuten.co.jp/kitcut/cabinet/nekopos.jpg'><br>
<!-- ネコポス文言ここまで --><br><!-- 商品詳細 -->
<table class='item_explain' border='0' cellspacing='0' cellpadding='0'>
<tr>
<td>
Apple Watchの液晶画面まで守る、超薄型0.4mmハードケース<br>
<br>
・ 超薄型0.4mmのポリカーボネート素材<br>
・ 液晶画面まで保護する、フルカバータイプ<br>
・ Apple Watch純正バンド色に合わせた5色展開<br>
[仕様情報]<br>
素材 : ポリカーボネート<br>
製品寸法(mm) : 38mm : 36mm(高さ)x39mm(幅)x9mm(厚み)<br>
付属品 : なし<br><br>
[メーカー]ルプラス LEPLUS<br>
[商品型番] LP-AW38HTCBL<br>
[バーコード] 4562398659681<br>

<font color=""gray"">
[材質] ハードケース<br>[材質] ポリカーボネート製<br>[色] ブルー<br>[対応] Apple Watch 38mm Series 1
</font><br>
</td>
</tr>
</table><br><br>
<!-- 商品詳細ここまで --><!--共通説明文（大）ここから-->

<table width=""800"" border=""0"" align=""center"">
  <tr>
    <td> <img src=""https://image.rakuten.co.jp/kitcut/cabinet/banner/05298098/imgrc0080334562.jpg"" width=""800px"" /></td>
  </tr>
</table>
<table width=""800"" border=""0"" align=""center"">
  <tr>
    <td> <img src=""https://image.rakuten.co.jp/kitcut/cabinet/banner/05298098/imgrc0080411111.jpg"" width=""800px"" /></td>
  </tr>
</table>

<!--横2列-->

<table width=""800"" border=""0"" align=""center"">
  <tr>
    <td> <img src=""https://image.rakuten.co.jp/kitcut/cabinet/top/05006737/imgrc0080402120.jpg"" width=""399"" /></td>
    
    <!--kickflip-->
    <td> <img src=""https://image.rakuten.co.jp/kitcut/cabinet/top/05006737/imgrc0080402031.jpg"" width=""399"" /></td>
  </tr>
</table>

<!--横2列-->

<table width=""800"" border=""0"" align=""center"">
  <tr>
    <td> <img src=""https://image.rakuten.co.jp/kitcut/cabinet/banner/05298098/imgrc0081316114.jpg"" width=""399"" /></td>
    <td> <img src=""https://image.rakuten.co.jp/kitcut/cabinet/banner/05298098/imgrc0080355902.jpg"" width=""399"" /></td>
  </tr>
</table>

<!--25周年の告知-->
<table width=""800"" border=""0"" align=""center"">
  <tr>
    <td> <img src=""http://image.rakuten.co.jp/kitcut/cabinet/banner/04802908/imgrc0073840290.jpg"" width=""399"" /></td>
    <td> <img src=""http://image.rakuten.co.jp/kitcut/cabinet/banner/04802908/imgrc0073840291.jpg"" width=""399"" /></td>
  </tr>
</table>

<!--6月5日(月)9:59まで　DEAL-->
<table width=""800"" border=""0"" align=""center"">
  <tr>
    <td> <img src=""https://image.rakuten.co.jp/kitcut/cabinet/special/imgrc0081361413.jpg"" width=""800px"" /> </td>
  </tr>
</table>

<!--6月5日(月)9:59まで　フラッシュセール-->


<table width=""800"" border=""0""align=""center"" style=""background-color:#444444; color:#F4D406; text-align: center; font-size:18px; border-radius: 5px;"" >
 <tr >
    <td colspan=""5"" ><img src=""https://image.rakuten.co.jp/kitcut/cabinet/special/imgrc0081361616.jpg"" alt="""" width=""99%"" /></td>
  </tr>
  <tr>
    <td><img src=""https://image.rakuten.co.jp/kitcut/cabinet/special/imgrc0081361618.jpg"" width=""97%"" /></td>
    <td><img src=""https://image.rakuten.co.jp/kitcut/cabinet/special/imgrc0081361617.jpg"" width=""97%"" /></td>
    <td><img src=""https://image.rakuten.co.jp/kitcut/cabinet/special/imgrc0081361619.jpg"" width=""97%"" /></td>
    <td><img src=""https://image.rakuten.co.jp/kitcut/cabinet/special/imgrc0081361620.jpg"" width=""97%"" /></td>
  </tr>
  <tr>
    <td colspan=""5"" >2017年6月1日（木）10:00～2017年6月6日（火）9:59迄</td>
  </tr>
</table>






<style type=""text/css"">

#item_attention_area {
  border: #D00 solid 2px;
}

#item_attention_area p{
  margin: 0;
  padding: 2px 5px;
  color: white;
  background-color: #D00;
}

#item_attention_area ul{
  margin:0;
  padding: 10px 15px 5px 15px;
  list-style: none;
}

#item_attention_area ul>li{
  margin-bottom: 5px;
}

@media (max-width:481px){
section table   { width: 100%; }

.item th  { width: 30%; text-align: left; }
.item td  { 
margin-bottom:10px;
display:table;
}    

@media only screen and (min-width:480px){
    .item { margin: 0 auto; }
   .item tr{
        display: block;
}
    .item th,
    .item td{
        max-width: 100%;
       display: block;
        border-top: none;
		margin-bottom:10px;	

}

</style>",[1200円OFFクーポン有][ネコポス可] [メーカー在庫限り] LEPLUS Apple Watch 38mm 極薄フルカバーハードケース 「ZERO HARD」 クリアブルー # LP-AW38HTCBL  ルプラス (Apple Watch ケース)：Apple専門店 キットカット,iPhone6 ケースiPhone 6 Plus ケースiPad Air 2 ケースiPad mini ケースAppleMacBook Pro ケースMacBook Air ケースbeats by dr.dreCatalystTHULEクラフトホリックiPad Pro ケースBOSEmoecoGILD designJBLヘッドホンイヤホンbluetoothスピーカー[1200円OFFクーポン有][ネコポス可] [メーカー在庫限り] LEPLUS Apple Watch 38mm 極薄フルカバーハードケース 「ZERO HARD」 クリアブルー # LP-AW38HTCBL  ルプラス (Apple Watch ケース),Apple Watchの液晶画面まて&#12441;守る。[1200円OFFクーポン有][ネコポス可] [メーカー在庫限り] LEPLUS Apple Watch 38mm 極薄フルカバーハードケース 「ZERO HARD」 クリアブルー # LP-AW38HTCBL  ルプラス (Apple Watch ケース)[rn]
32-93135,http://tshop.r10s.jp/kitcut/cabinet/item/11/prod-pict-283455.jpg?fitin=700:700,1088.8000,,スマートフォン・タブレット > スマートフォンアクセサリー > その他,[1200円OFFクーポン有][ネコポス可] Simplism Shock Absorption Film Set for iPhone 5s / 5c / SE Crystal Clear (すべてのiPhone 5に対応) (衝撃吸収) # TR-PFIP13-SKCC  シンプリズム (Apple製品関連アクセサリ),向かってくる衝撃に強い耐性をもつ鉄壁の防御,"<!-- リコメンド --><br>
<div id=""recommend_area"">
<h3>Simplism Shock Absorption Film Set for iPhone 5s / 5c / SE Crystal Clear (すべてのiPhone 5に対応) (衝撃吸収) # TR-PFIP13-SKCC  シンプリズム</h3>
<div class=""staff_recommend""><h3>多層構造フィルムで衝撃を吸収</h3><div class=""recom_showcase""><p class=""recom_img""><img src=""http://image.rakuten.co.jp/kitcut/cabinet/recom19/rec-283455-9634.jpg"" alt=""多層構造フィルムで衝撃を吸収の画像""></p></div><p>わずか0.29mmの薄さのフィルムながら、290gの鉄球を2mの高さから垂直に落とす耐久テストをクリアしています。</p></div>
<div class=""staff_recommend""><h3>衝撃吸収の耐久テストを実施</h3><div class=""recom_showcase""><p class=""recom_img""><img src=""http://image.rakuten.co.jp/kitcut/cabinet/recom19/rec-283455-9635.jpg"" alt=""衝撃吸収の耐久テストを実施の画像""></p></div><p>※テスト条件により変動します。</p></div>
</div>
<!-- リコメンドここまで -->

<br>

<!-- 関連分類リンク-->
<a href=""http://item.rakuten.co.jp/kitcut/c/""><img src=""http://image.rakuten.co.jp/kitcut/cabinet/banner/kitcut/suggest-case.jpg""></a><br>
<!-- 関連分類リンクここまで--><!-- ブックマーク -->
<br><p class=""add_bookmark""><a href=""https://my.bookmark.rakuten.co.jp/?func=reg&svid=101&shop_bid=206376&iid=10040069&itype=1""><img src=""https://image.rakuten.co.jp/kitcut/cabinet/banner/kitcut/imgrc0067948711.jpg"" alt=""Last Update : 2017/05/25 9:23:10""></a></p>
<!-- ブックマークここまで -->
<!-- フレンド -->
<div class=""variation3"">
<p>【合わせて買いたい商品】</p>
<img width=""100"" border=""0"" src=""http://image.rakuten.co.jp/kitcut/cabinet/item/11/prod-pict-283453.jpg"">
            <br>
</div>
<hr>
<!-- フレンドここまで --><br>

<!-- ネコポス文言 --><br>
<img src='http://image.rakuten.co.jp/kitcut/cabinet/nekopos.jpg'><br>
<!-- ネコポス文言ここまで --><br><!-- 商品詳細 -->
<table class='item_explain' border='0' cellspacing='0' cellpadding='0'>
<tr>
<td>
向かってくる衝撃に強い耐性をもつ<br>
鉄壁の防御力<br>
<br>
・ディスプレイへの強い衝撃から保護する特殊フィルム<br>
・多層構造で衝撃を拡散、吸収<br>
・290gの鉄球を2mの高さから垂直に落としてもガラス面を保護<br>
・透明度が高く画面の表示品質を落とさない、クリスタルクリア<br>
・タッチ操作を妨げない、薄さ0.29mm<br>
・指紋や汚れを拭き取る、マイクロファイバークロス付属<br>
・気泡を押し出す、フィルム貼付補助カード付属<br>
・フィルム貼付時に気泡の原因となる埃を吸着し取り除く、埃取りテープ付属<br>
<br>
■ディスプレイのガラス面を強い衝撃から保護<br>
Simplism Shock Absorption Film Set for iPhone Crystal Clear(iPhone用 衝撃吸収フィルムセット(クリスタルクリア))は、iPhoneのディスプレイ面を強い衝撃から守る保護フィルムです。<br>
<br>
■存在を忘れる透明感<br>
液晶光度とコントラストを落とさない「クリスタルクリア(光沢)タイプ」のため、透明度が高く、貼ってあることを意識させずに、まさにiPhoneを裸で使っているような感覚です。高い透過率を誇るため、フィルムの貼付によりディスプレイの輝きを損ねることはありません。PET素材でできた適度な厚みのフィルムはディスプレイへの貼付を容易にしてくれます。<br>
<br>
■傷付けようとしても無駄です<br>
ハイレベルアンチスクラッチガードにより、たとえ亀の子たわしで擦ったとしても傷付くことはなく、ほとんどのシーンでディスプレイへのダメージを心配する必要はありません。大切なiPhoneを末永く使い続けるために最適な保護フィルムといえます。<br>
※どんな場合でも傷付かないということを保証するものではありません。<br>
※亀のマークと亀の子束子は亀の子束子西尾商店の登録商標です。<br>
<br>
■フィルムの貼付をサポートする3種のアイテム<br>
誰でも簡単にフィルムを貼れるサポートアイテムを付属しました。フィルムの貼付前に、マイクロファイバー素材のクリーニングクロスでディスプレイ上の指紋などの汚れを取り除き、埃取りテープを使い埃を完全に除去、さらに、フィルム貼付後でも微細な気泡は貼付補助カードを使い押し出すだけで抜けます。従来の保護フィルムよりも簡単に美しく貼ることができます。<br>
<br>
【仕様】<br>
　　　　カラー : 光沢(クリスタルクリア)<br>
　　製品サイズ : 55 x 120 x 0.29mm(W x H x D)<br>
　　　製品重量 : 2g<br>
　　　対応製品 : iPhone 5s　※2013年発売モデル<br>
　　　　　　　　iPhone 5c　※2013年発売モデル<br>
　　　　　　　　iPhone 5　 ※2012年発売モデル<br>
パッケージ内容 : 衝撃吸収フィルム(クリスタルクリア)x1<br>
　　　　　　　　マイクロファイバークリーニングクロス x1<br>
　　　　　　　　フィルム貼付補助カード x1<br>
　　　　　　　　埃取りテープ x1 <br>
　　　　　品名 : iPhone用 衝撃吸収フィルムセット(クリスタルクリア)<br>
　　　英語品名 : Shock Absorption Film Set for iPhone Crystal Clear<br>
<br><br>
[メーカー]シンプリズム Simplism<br>
[商品型番] TR-PFIP13-SKCC<br>
[バーコード] 4582269464695<br>

<font color=""gray"">
[性能] 衝撃吸収<br>[性能] 光沢<br>[対応] iPhone 5<br>[対応] iPhone 5s<br>[対応] iPhone 5c<br>[対応] iPhone SE<br>[対応S] アイフォーン アイフォン  アイホーン アイホン iPhone
</font><br>
</td>
</tr>
</table><br><br>
<!-- 商品詳細ここまで --><!--共通説明文（大）ここから-->

<table width=""800"" border=""0"" align=""center"">
  <tr>
    <td> <img src=""https://image.rakuten.co.jp/kitcut/cabinet/banner/05298098/imgrc0080334562.jpg"" width=""800px"" /></td>
  </tr>
</table>
<table width=""800"" border=""0"" align=""center"">
  <tr>
    <td> <img src=""https://image.rakuten.co.jp/kitcut/cabinet/banner/05298098/imgrc0080411111.jpg"" width=""800px"" /></td>
  </tr>
</table>

<!--横2列-->

<table width=""800"" border=""0"" align=""center"">
  <tr>
    <td> <img src=""https://image.rakuten.co.jp/kitcut/cabinet/top/05006737/imgrc0080402120.jpg"" width=""399"" /></td>
    
    <!--kickflip-->
    <td> <img src=""https://image.rakuten.co.jp/kitcut/cabinet/top/05006737/imgrc0080402031.jpg"" width=""399"" /></td>
  </tr>
</table>

<!--横2列-->

<table width=""800"" border=""0"" align=""center"">
  <tr>
    <td> <img src=""https://image.rakuten.co.jp/kitcut/cabinet/banner/05298098/imgrc0081316114.jpg"" width=""399"" /></td>
    <td> <img src=""https://image.rakuten.co.jp/kitcut/cabinet/banner/05298098/imgrc0080355902.jpg"" width=""399"" /></td>
  </tr>
</table>

<!--25周年の告知-->
<table width=""800"" border=""0"" align=""center"">
  <tr>
    <td> <img src=""http://image.rakuten.co.jp/kitcut/cabinet/banner/04802908/imgrc0073840290.jpg"" width=""399"" /></td>
    <td> <img src=""http://image.rakuten.co.jp/kitcut/cabinet/banner/04802908/imgrc0073840291.jpg"" width=""399"" /></td>
  </tr>
</table>

<!--6月5日(月)9:59まで　DEAL-->
<table width=""800"" border=""0"" align=""center"">
  <tr>
    <td> <img src=""https://image.rakuten.co.jp/kitcut/cabinet/special/imgrc0081361413.jpg"" width=""800px"" /> </td>
  </tr>
</table>

<!--6月5日(月)9:59まで　フラッシュセール-->


<table width=""800"" border=""0""align=""center"" style=""background-color:#444444; color:#F4D406; text-align: center; font-size:18px; border-radius: 5px;"" >
 <tr >
    <td colspan=""5"" ><img src=""https://image.rakuten.co.jp/kitcut/cabinet/special/imgrc0081361616.jpg"" alt="""" width=""99%"" /></td>
  </tr>
  <tr>
    <td><img src=""https://image.rakuten.co.jp/kitcut/cabinet/special/imgrc0081361618.jpg"" width=""97%"" /></td>
    <td><img src=""https://image.rakuten.co.jp/kitcut/cabinet/special/imgrc0081361617.jpg"" width=""97%"" /></td>
    <td><img src=""https://image.rakuten.co.jp/kitcut/cabinet/special/imgrc0081361619.jpg"" width=""97%"" /></td>
    <td><img src=""https://image.rakuten.co.jp/kitcut/cabinet/special/imgrc0081361620.jpg"" width=""97%"" /></td>
  </tr>
  <tr>
    <td colspan=""5"" >2017年6月1日（木）10:00～2017年6月6日（火）9:59迄</td>
  </tr>
</table>






<style type=""text/css"">

#item_attention_area {
  border: #D00 solid 2px;
}

#item_attention_area p{
  margin: 0;
  padding: 2px 5px;
  color: white;
  background-color: #D00;
}

#item_attention_area ul{
  margin:0;
  padding: 10px 15px 5px 15px;
  list-style: none;
}

#item_attention_area ul>li{
  margin-bottom: 5px;
}

@media (max-width:481px){
section table   { width: 100%; }

.item th  { width: 30%; text-align: left; }
.item td  { 
margin-bottom:10px;
display:table;
}    

@media only screen and (min-width:480px){
    .item { margin: 0 auto; }
   .item tr{
        display: block;
}
    .item th,
    .item td{
        max-width: 100%;
       display: block;
        border-top: none;
		margin-bottom:10px;	

}

</style>",[1200円OFFクーポン有][ネコポス可] Simplism Shock Absorption Film Set for iPhone 5s / 5c / SE Crystal Clear (すべてのiPhone 5に対応) (衝撃吸収) # TR-PFIP13-SKCC  シンプリズム (Apple製品関連アクセサリ)：Apple専門店 キットカット,iPhone6 ケースiPhone 6 Plus ケースiPad Air 2 ケースiPad mini ケースAppleMacBook Pro ケースMacBook Air ケースbeats by dr.dreCatalystTHULEクラフトホリックiPad Pro ケースBOSEmoecoGILD designJBLヘッドホンイヤホンbluetoothスピーカー[1200円OFFクーポン有][ネコポス可] Simplism Shock Absorption Film Set for iPhone 5s / 5c / SE Crystal Clear (すべてのiPhone 5に対応) (衝撃吸収) # TR-PFIP13-SKCC  シンプリズム (Apple製品関連アクセサリ),向かってくる衝撃に強い耐性をもつ鉄壁の防御。[1200円OFFクーポン有][ネコポス可] Simplism Shock Absorption Film Set for iPhone 5s / 5c / SE Crystal Clear (すべてのiPhone 5に対応) (衝撃吸収) # TR-PFIP13-SKCC  シンプリズム (Apple製品関連アクセサリ)[rn]
32-93136,http://tshop.r10s.jp/kitcut/cabinet/item/30/prod-pict-299530.jpg?fitin=700:700,576.0000,,スマートフォン・タブレット > スマートフォンアクセサリー > その他,[1200円OFFクーポン有][ネコポス可] [メーカー在庫限り] LEPLUS Apple Watch 38mm 極薄フルカバーハードケース 「ZERO HARD」 クリアピンク # LP-AW38HTCPK  ルプラス   (Apple Watch ケース),Apple Watchの液晶画面まて&#12441;守る,"<br> <!-- 関連分類リンク--><a href=""http://item.rakuten.co.jp/kitcut/c/""><img src=""http://image.rakuten.co.jp/kitcut/cabinet/banner/kitcut/suggest-film.jpg""></a><br><!-- 関連分類リンクここまで--><!-- ブックマーク --><br><p class=""add_bookmark""><a href=""https://my.bookmark.rakuten.co.jp/?func=reg&svid=101&shop_bid=206376&iid=10064491&itype=1""><img src=""https://image.rakuten.co.jp/kitcut/cabinet/banner/kitcut/imgrc0067948711.jpg"" alt=""Last Update : 2017/06/01 11:20:29""></a></p><!-- ブックマークここまで --><hr><!-- バリエーション -->【バリエーション】 <div class=""variation2""><a href=""https://item.rakuten.co.jp/kitcut/299530/""><img width=""100"" border=""0"" src=""https://image.rakuten.co.jp/kitcut/cabinet/item/30/prod-pict-299530.jpg""></a><a href=""https://item.rakuten.co.jp/kitcut/299531/""><img width=""100"" border=""0"" src=""https://image.rakuten.co.jp/kitcut/cabinet/item/30/prod-pict-299531.jpg""></a><a href=""https://item.rakuten.co.jp/kitcut/299532/""><img width=""100"" border=""0"" src=""https://image.rakuten.co.jp/kitcut/cabinet/item/30/prod-pict-299532.jpg""></a><br><font color=""gray"">[family] <a href=""http://search.rakuten.co.jp/search/inshop-mall/2995298911/-/f.1-p.1-s.2-sf.0-sid.206376-st.A-v.3"">2995298911</a></font></div><!-- バリエーションここまで --><!-- ネコポス文言 --><br><img src=http://image.rakuten.co.jp/kitcut/cabinet/nekopos.jpg><br><!-- ネコポス文言ここまで --><br><!-- 商品詳細 --><table class=item_explain border=0 cellspacing=0 cellpadding=0><tr><td>Apple Watchの液晶画面まで守る、超薄型0.4mmハードケース<br><br>・ 超薄型0.4mmのポリカーボネート素材<br>・ 液晶画面まで保護する、フルカバータイプ<br>・ Apple Watch純正バンド色に合わせた5色展開<br><br><br>[仕様情報]<br>素材 : ポリカーボネート<br>製品寸法(mm) : 38mm : 36mm(高さ)x39mm(幅)x9mm(厚み)<br>付属品 : なし<br><br>[メーカー]ルプラス LEPLUS<br>[商品型番] LP-AW38HTCPK<br>[バーコード] 4562398659674<br> <font color=""gray"">[材質] ハードケース<br>[材質] ポリカーボネート製<br>[色] ピンク<br>[対応] Apple Watch 38mm Series 1 </font><br></td></tr></table><br><br><!-- 商品詳細ここまで --><!--共通説明文（大）ここから-->

<table width=""800"" border=""0"" align=""center"">
  <tr>
    <td> <img src=""https://image.rakuten.co.jp/kitcut/cabinet/banner/05298098/imgrc0080334562.jpg"" width=""800px"" /></td>
  </tr>
</table>
<table width=""800"" border=""0"" align=""center"">
  <tr>
    <td> <img src=""https://image.rakuten.co.jp/kitcut/cabinet/banner/05298098/imgrc0080411111.jpg"" width=""800px"" /></td>
  </tr>
</table>

<!--横2列-->

<table width=""800"" border=""0"" align=""center"">
  <tr>
    <td> <img src=""https://image.rakuten.co.jp/kitcut/cabinet/top/05006737/imgrc0080402120.jpg"" width=""399"" /></td>
    
    <!--kickflip-->
    <td> <img src=""https://image.rakuten.co.jp/kitcut/cabinet/top/05006737/imgrc0080402031.jpg"" width=""399"" /></td>
  </tr>
</table>

<!--横2列-->

<table width=""800"" border=""0"" align=""center"">
  <tr>
    <td> <img src=""https://image.rakuten.co.jp/kitcut/cabinet/banner/05298098/imgrc0081316114.jpg"" width=""399"" /></td>
    <td> <img src=""https://image.rakuten.co.jp/kitcut/cabinet/banner/05298098/imgrc0080355902.jpg"" width=""399"" /></td>
  </tr>
</table>

<!--25周年の告知-->
<table width=""800"" border=""0"" align=""center"">
  <tr>
    <td> <img src=""http://image.rakuten.co.jp/kitcut/cabinet/banner/04802908/imgrc0073840290.jpg"" width=""399"" /></td>
    <td> <img src=""http://image.rakuten.co.jp/kitcut/cabinet/banner/04802908/imgrc0073840291.jpg"" width=""399"" /></td>
  </tr>
</table>

<!--6月5日(月)9:59まで　DEAL-->
<table width=""800"" border=""0"" align=""center"">
  <tr>
    <td> <img src=""https://image.rakuten.co.jp/kitcut/cabinet/special/imgrc0081361413.jpg"" width=""800px"" /> </td>
  </tr>
</table>

<!--6月5日(月)9:59まで　フラッシュセール-->


<table width=""800"" border=""0""align=""center"" style=""background-color:#444444; color:#F4D406; text-align: center; font-size:18px; border-radius: 5px;"" >
 <tr >
    <td colspan=""5"" ><img src=""https://image.rakuten.co.jp/kitcut/cabinet/special/imgrc0081361616.jpg"" alt="""" width=""99%"" /></td>
  </tr>
  <tr>
    <td><img src=""https://image.rakuten.co.jp/kitcut/cabinet/special/imgrc0081361618.jpg"" width=""97%"" /></td>
    <td><img src=""https://image.rakuten.co.jp/kitcut/cabinet/special/imgrc0081361617.jpg"" width=""97%"" /></td>
    <td><img src=""https://image.rakuten.co.jp/kitcut/cabinet/special/imgrc0081361619.jpg"" width=""97%"" /></td>
    <td><img src=""https://image.rakuten.co.jp/kitcut/cabinet/special/imgrc0081361620.jpg"" width=""97%"" /></td>
  </tr>
  <tr>
    <td colspan=""5"" >2017年6月1日（木）10:00～2017年6月6日（火）9:59迄</td>
  </tr>
</table>






<style type=""text/css"">

#item_attention_area {
  border: #D00 solid 2px;
}

#item_attention_area p{
  margin: 0;
  padding: 2px 5px;
  color: white;
  background-color: #D00;
}

#item_attention_area ul{
  margin:0;
  padding: 10px 15px 5px 15px;
  list-style: none;
}

#item_attention_area ul>li{
  margin-bottom: 5px;
}

@media (max-width:481px){
section table   { width: 100%; }

.item th  { width: 30%; text-align: left; }
.item td  { 
margin-bottom:10px;
display:table;
}    

@media only screen and (min-width:480px){
    .item { margin: 0 auto; }
   .item tr{
        display: block;
}
    .item th,
    .item td{
        max-width: 100%;
       display: block;
        border-top: none;
		margin-bottom:10px;	

}

</style>",[1200円OFFクーポン有][ネコポス可] [メーカー在庫限り] LEPLUS Apple Watch 38mm 極薄フルカバーハードケース 「ZERO HARD」 クリアピンク # LP-AW38HTCPK  ルプラス   (Apple Watch ケース)：Apple専門店 キットカット,iPhone6 ケースiPhone 6 Plus ケースiPad Air 2 ケースiPad mini ケースAppleMacBook Pro ケースMacBook Air ケースbeats by dr.dreCatalystTHULEクラフトホリックiPad Pro ケースBOSEmoecoGILD designJBLヘッドホンイヤホンbluetoothスピーカー[1200円OFFクーポン有][ネコポス可] [メーカー在庫限り] LEPLUS Apple Watch 38mm 極薄フルカバーハードケース 「ZERO HARD」 クリアピンク # LP-AW38HTCPK  ルプラス   (Apple Watch ケース),Apple Watchの液晶画面まて&#12441;守る。[1200円OFFクーポン有][ネコポス可] [メーカー在庫限り] LEPLUS Apple Watch 38mm 極薄フルカバーハードケース 「ZERO HARD」 クリアピンク # LP-AW38HTCPK  ルプラス   (Apple Watch ケース)[rn]
32-93137,http://tshop.r10s.jp/kitcut/cabinet/item/27/prod-pict-296575.jpg?fitin=700:700,1048.0000,,スマートフォン・タブレット > スマートフォンアクセサリー > その他,[1200円OFFクーポン有][ネコポス可] SANWA 9.7インチ iPad Pro / Air 2 用液晶保護反射防止フィルム # LCD-IPAD6  サンワサプライ (タブレット保護フィルム),iPad Air 2の表面をキズやホコリから守る保護フィルム,"<br>

<!-- 関連分類リンク-->
<a href=""http://item.rakuten.co.jp/kitcut/c/""><img src=""http://image.rakuten.co.jp/kitcut/cabinet/banner/kitcut/suggest-case.jpg""></a><br>
<!-- 関連分類リンクここまで--><!-- ブックマーク -->
<br><p class=""add_bookmark""><a href=""https://my.bookmark.rakuten.co.jp/?func=reg&svid=101&shop_bid=206376&iid=10058481&itype=1""><img src=""https://image.rakuten.co.jp/kitcut/cabinet/banner/kitcut/imgrc0067948711.jpg"" alt=""Last Update : 2017/05/25 9:24:39""></a></p>
<!-- ブックマークここまで --><hr>
<!-- バリエーション -->
【バリエーション】
<div class=""variation2"">
<a href=""https://item.rakuten.co.jp/kitcut/296575/""><img width=""100"" border=""0"" src=""https://image.rakuten.co.jp/kitcut/cabinet/item/27/prod-pict-296575.jpg""></a>
<a href=""https://item.rakuten.co.jp/kitcut/296576/""><img width=""100"" border=""0"" src=""https://image.rakuten.co.jp/kitcut/cabinet/item/27/prod-pict-296576.jpg""></a>
<a href=""https://item.rakuten.co.jp/kitcut/296577/""><img width=""100"" border=""0"" src=""https://image.rakuten.co.jp/kitcut/cabinet/item/27/prod-pict-296577.jpg""></a>
<a href=""https://item.rakuten.co.jp/kitcut/296578/""><img width=""100"" border=""0"" src=""https://image.rakuten.co.jp/kitcut/cabinet/item/27/prod-pict-296578.jpg""></a><br>
<font color=""gray"">[family] <a href=""http://search.rakuten.co.jp/search/inshop-mall/29657875821/-/f.1-p.1-s.2-sf.0-sid.206376-st.A-v.3"">29657875821</a></font></div>
<!-- バリエーションここまで -->
<!-- ネコポス文言 --><br>
<img src='http://image.rakuten.co.jp/kitcut/cabinet/nekopos.jpg'><br>
<!-- ネコポス文言ここまで --><br><!-- 商品詳細 -->
<table class='item_explain' border='0' cellspacing='0' cellpadding='0'>
<tr>
<td>
iPad Air 2の表面をキズやホコリから守る液晶保護フィルム。反射防止タイプ。<br>
[仕様情報]<br>
材質 : 接着面/シリコン膜、外側/PET(ポリエチレンテレフタレート)<br>
入り数 : 1枚<br><br>
[メーカー]サンワサプライ SANWA SUPPLY (SANWA)<br>
[商品型番] LCD-IPAD6<br>
[バーコード] 4969887892084<br>

<font color=""gray"">
[性能] 非光沢<br>[対応] iPad Air 2<br>[対応] 9.7インチ iPad Pro<br>[対応S] 非光沢 アンチグレア ノングレア つや消し マット 反射防止 艶無しタイプ つやなし つや無し
</font><br>
</td>
</tr>
</table><br><br>
<!-- 商品詳細ここまで --><!--共通説明文（大）ここから-->

<table width=""800"" border=""0"" align=""center"">
  <tr>
    <td> <img src=""https://image.rakuten.co.jp/kitcut/cabinet/banner/05298098/imgrc0080334562.jpg"" width=""800px"" /></td>
  </tr>
</table>
<table width=""800"" border=""0"" align=""center"">
  <tr>
    <td> <img src=""https://image.rakuten.co.jp/kitcut/cabinet/banner/05298098/imgrc0080411111.jpg"" width=""800px"" /></td>
  </tr>
</table>

<!--横2列-->

<table width=""800"" border=""0"" align=""center"">
  <tr>
    <td> <img src=""https://image.rakuten.co.jp/kitcut/cabinet/top/05006737/imgrc0080402120.jpg"" width=""399"" /></td>
    
    <!--kickflip-->
    <td> <img src=""https://image.rakuten.co.jp/kitcut/cabinet/top/05006737/imgrc0080402031.jpg"" width=""399"" /></td>
  </tr>
</table>

<!--横2列-->

<table width=""800"" border=""0"" align=""center"">
  <tr>
    <td> <img src=""https://image.rakuten.co.jp/kitcut/cabinet/banner/05298098/imgrc0081316114.jpg"" width=""399"" /></td>
    <td> <img src=""https://image.rakuten.co.jp/kitcut/cabinet/banner/05298098/imgrc0080355902.jpg"" width=""399"" /></td>
  </tr>
</table>

<!--25周年の告知-->
<table width=""800"" border=""0"" align=""center"">
  <tr>
    <td> <img src=""http://image.rakuten.co.jp/kitcut/cabinet/banner/04802908/imgrc0073840290.jpg"" width=""399"" /></td>
    <td> <img src=""http://image.rakuten.co.jp/kitcut/cabinet/banner/04802908/imgrc0073840291.jpg"" width=""399"" /></td>
  </tr>
</table>

<!--6月5日(月)9:59まで　DEAL-->
<table width=""800"" border=""0"" align=""center"">
  <tr>
    <td> <img src=""https://image.rakuten.co.jp/kitcut/cabinet/special/imgrc0081361413.jpg"" width=""800px"" /> </td>
  </tr>
</table>

<!--6月5日(月)9:59まで　フラッシュセール-->


<table width=""800"" border=""0""align=""center"" style=""background-color:#444444; color:#F4D406; text-align: center; font-size:18px; border-radius: 5px;"" >
 <tr >
    <td colspan=""5"" ><img src=""https://image.rakuten.co.jp/kitcut/cabinet/special/imgrc0081361616.jpg"" alt="""" width=""99%"" /></td>
  </tr>
  <tr>
    <td><img src=""https://image.rakuten.co.jp/kitcut/cabinet/special/imgrc0081361618.jpg"" width=""97%"" /></td>
    <td><img src=""https://image.rakuten.co.jp/kitcut/cabinet/special/imgrc0081361617.jpg"" width=""97%"" /></td>
    <td><img src=""https://image.rakuten.co.jp/kitcut/cabinet/special/imgrc0081361619.jpg"" width=""97%"" /></td>
    <td><img src=""https://image.rakuten.co.jp/kitcut/cabinet/special/imgrc0081361620.jpg"" width=""97%"" /></td>
  </tr>
  <tr>
    <td colspan=""5"" >2017年6月1日（木）10:00～2017年6月6日（火）9:59迄</td>
  </tr>
</table>






<style type=""text/css"">

#item_attention_area {
  border: #D00 solid 2px;
}

#item_attention_area p{
  margin: 0;
  padding: 2px 5px;
  color: white;
  background-color: #D00;
}

#item_attention_area ul{
  margin:0;
  padding: 10px 15px 5px 15px;
  list-style: none;
}

#item_attention_area ul>li{
  margin-bottom: 5px;
}

@media (max-width:481px){
section table   { width: 100%; }

.item th  { width: 30%; text-align: left; }
.item td  { 
margin-bottom:10px;
display:table;
}    

@media only screen and (min-width:480px){
    .item { margin: 0 auto; }
   .item tr{
        display: block;
}
    .item th,
    .item td{
        max-width: 100%;
       display: block;
        border-top: none;
		margin-bottom:10px;	

}

</style>",[1200円OFFクーポン有][ネコポス可] SANWA 9.7インチ iPad Pro / Air 2 用液晶保護反射防止フィルム # LCD-IPAD6  サンワサプライ (タブレット保護フィルム)：Apple専門店 キットカット,iPhone6 ケースiPhone 6 Plus ケースiPad Air 2 ケースiPad mini ケースAppleMacBook Pro ケースMacBook Air ケースbeats by dr.dreCatalystTHULEクラフトホリックiPad Pro ケースBOSEmoecoGILD designJBLヘッドホンイヤホンbluetoothスピーカー[1200円OFFクーポン有][ネコポス可] SANWA 9.7インチ iPad Pro / Air 2 用液晶保護反射防止フィルム # LCD-IPAD6  サンワサプライ (タブレット保護フィルム),iPad Air 2の表面をキズやホコリから守る保護フィルム。[1200円OFFクーポン有][ネコポス可] SANWA 9.7インチ iPad Pro / Air 2 用液晶保護反射防止フィルム # LCD-IPAD6  サンワサプライ (タブレット保護フィルム)[rn]
32-93138,http://tshop.r10s.jp/kitcut/cabinet/item/14/prod-pict-299485.jpg?fitin=700:700,576.0000,,スマートフォン・タブレット > スマートフォンアクセサリー > その他,[1200円OFFクーポン有][ネコポス可] [メーカー在庫限り] LEPLUS Apple Watch 38mm ハードケース 「CLEAR HARD」 クリアブラック # LP-AW38HGCBK  ルプラス (Apple Watch ケース),Apple Watchを保護するホ&#12442;リカーホ&#12441;ネートケース,"<br>

<!-- 関連分類リンク-->
<a href=""http://item.rakuten.co.jp/kitcut/c/""><img src=""http://image.rakuten.co.jp/kitcut/cabinet/banner/kitcut/suggest-film.jpg""></a><br>
<!-- 関連分類リンクここまで--><!-- ブックマーク -->
<br><p class=""add_bookmark""><a href=""https://my.bookmark.rakuten.co.jp/?func=reg&svid=101&shop_bid=206376&iid=10063139&itype=1""><img src=""https://image.rakuten.co.jp/kitcut/cabinet/banner/kitcut/imgrc0067948711.jpg"" alt=""Last Update : 2017/05/25 9:25:11""></a></p>
<!-- ブックマークここまで --><hr>
<!-- バリエーション -->
【バリエーション】
<div class=""variation2"">
<a href=""https://item.rakuten.co.jp/kitcut/299484/""><img width=""100"" border=""0"" src=""https://image.rakuten.co.jp/kitcut/cabinet/item/14/prod-pict-299484.jpg""></a>
<a href=""https://item.rakuten.co.jp/kitcut/299485/""><img width=""100"" border=""0"" src=""https://image.rakuten.co.jp/kitcut/cabinet/item/14/prod-pict-299485.jpg""></a>
<a href=""https://item.rakuten.co.jp/kitcut/299486/""><img width=""100"" border=""0"" src=""https://image.rakuten.co.jp/kitcut/cabinet/item/14/prod-pict-299486.jpg""></a>
<a href=""https://item.rakuten.co.jp/kitcut/299487/""><img width=""100"" border=""0"" src=""https://image.rakuten.co.jp/kitcut/cabinet/item/14/prod-pict-299487.jpg""></a>
<a href=""https://item.rakuten.co.jp/kitcut/299488/""><img width=""100"" border=""0"" src=""https://image.rakuten.co.jp/kitcut/cabinet/item/14/prod-pict-299488.jpg""></a><br>
<font color=""gray"">[family] <a href=""http://search.rakuten.co.jp/search/inshop-mall/29948546701/-/f.1-p.1-s.2-sf.0-sid.206376-st.A-v.3"">29948546701</a></font></div>
<!-- バリエーションここまで -->
<!-- ネコポス文言 --><br><img src=http://image.rakuten.co.jp/kitcut/cabinet/nekopos.jpg><br><!-- ネコポス文言ここまで --><br><!-- 商品詳細 --><table class=item_explain border=0 cellspacing=0 cellpadding=0><tr><td>Apple Watchをしっかりと保護する、ポリカーボネート製ケース<br><br>・ 硬くて丈夫なポリカーボネート素材<br>・ 傷つきにくい、UVコーティング<br>・ Apple Watch純正バンド色に合わせた5色展開<br><br><br><br><br>[仕様情報]<br>素材 : ポリカーボネート<br>表面加工 : UVクリアコーティング<br>製品寸法(mm) : 38mm : 36mm(高さ)x39mm(幅)x9mm(厚み)<br>付属品 : なし<br><br>※ 製品改良などのために仕様は予告なく変更することがあります。予めご了承下さい。<br><br><br>[メーカー]ルプラス LEPLUS<br>[商品型番] LP-AW38HGCBK<br>[バーコード] 4562398659544<br> <font color=""gray"">[材質] ポリカーボネート製<br>[材質] ハードケース<br>[色] ブラック<br>[対応] Apple Watch 38mm Series 1 </font><br></td></tr></table><br><br><!-- 商品詳細ここまで --><!--共通説明文（大）ここから-->

<table width=""800"" border=""0"" align=""center"">
  <tr>
    <td> <img src=""https://image.rakuten.co.jp/kitcut/cabinet/banner/05298098/imgrc0080334562.jpg"" width=""800px"" /></td>
  </tr>
</table>
<table width=""800"" border=""0"" align=""center"">
  <tr>
    <td> <img src=""https://image.rakuten.co.jp/kitcut/cabinet/banner/05298098/imgrc0080411111.jpg"" width=""800px"" /></td>
  </tr>
</table>

<!--横2列-->

<table width=""800"" border=""0"" align=""center"">
  <tr>
    <td> <img src=""https://image.rakuten.co.jp/kitcut/cabinet/top/05006737/imgrc0080402120.jpg"" width=""399"" /></td>
    
    <!--kickflip-->
    <td> <img src=""https://image.rakuten.co.jp/kitcut/cabinet/top/05006737/imgrc0080402031.jpg"" width=""399"" /></td>
  </tr>
</table>

<!--横2列-->

<table width=""800"" border=""0"" align=""center"">
  <tr>
    <td> <img src=""https://image.rakuten.co.jp/kitcut/cabinet/banner/05298098/imgrc0081316114.jpg"" width=""399"" /></td>
    <td> <img src=""https://image.rakuten.co.jp/kitcut/cabinet/banner/05298098/imgrc0080355902.jpg"" width=""399"" /></td>
  </tr>
</table>

<!--25周年の告知-->
<table width=""800"" border=""0"" align=""center"">
  <tr>
    <td> <img src=""http://image.rakuten.co.jp/kitcut/cabinet/banner/04802908/imgrc0073840290.jpg"" width=""399"" /></td>
    <td> <img src=""http://image.rakuten.co.jp/kitcut/cabinet/banner/04802908/imgrc0073840291.jpg"" width=""399"" /></td>
  </tr>
</table>

<!--6月5日(月)9:59まで　DEAL-->
<table width=""800"" border=""0"" align=""center"">
  <tr>
    <td> <img src=""https://image.rakuten.co.jp/kitcut/cabinet/special/imgrc0081361413.jpg"" width=""800px"" /> </td>
  </tr>
</table>

<!--6月5日(月)9:59まで　フラッシュセール-->


<table width=""800"" border=""0""align=""center"" style=""background-color:#444444; color:#F4D406; text-align: center; font-size:18px; border-radius: 5px;"" >
 <tr >
    <td colspan=""5"" ><img src=""https://image.rakuten.co.jp/kitcut/cabinet/special/imgrc0081361616.jpg"" alt="""" width=""99%"" /></td>
  </tr>
  <tr>
    <td><img src=""https://image.rakuten.co.jp/kitcut/cabinet/special/imgrc0081361618.jpg"" width=""97%"" /></td>
    <td><img src=""https://image.rakuten.co.jp/kitcut/cabinet/special/imgrc0081361617.jpg"" width=""97%"" /></td>
    <td><img src=""https://image.rakuten.co.jp/kitcut/cabinet/special/imgrc0081361619.jpg"" width=""97%"" /></td>
    <td><img src=""https://image.rakuten.co.jp/kitcut/cabinet/special/imgrc0081361620.jpg"" width=""97%"" /></td>
  </tr>
  <tr>
    <td colspan=""5"" >2017年6月1日（木）10:00～2017年6月6日（火）9:59迄</td>
  </tr>
</table>






<style type=""text/css"">

#item_attention_area {
  border: #D00 solid 2px;
}

#item_attention_area p{
  margin: 0;
  padding: 2px 5px;
  color: white;
  background-color: #D00;
}

#item_attention_area ul{
  margin:0;
  padding: 10px 15px 5px 15px;
  list-style: none;
}

#item_attention_area ul>li{
  margin-bottom: 5px;
}

@media (max-width:481px){
section table   { width: 100%; }

.item th  { width: 30%; text-align: left; }
.item td  { 
margin-bottom:10px;
display:table;
}    

@media only screen and (min-width:480px){
    .item { margin: 0 auto; }
   .item tr{
        display: block;
}
    .item th,
    .item td{
        max-width: 100%;
       display: block;
        border-top: none;
		margin-bottom:10px;	

}

</style>",[1200円OFFクーポン有][ネコポス可] [メーカー在庫限り] LEPLUS Apple Watch 38mm ハードケース 「CLEAR HARD」 クリアブラック # LP-AW38HGCBK  ルプラス (Apple Watch ケース)：Apple専門店 キットカット,iPhone6 ケースiPhone 6 Plus ケースiPad Air 2 ケースiPad mini ケースAppleMacBook Pro ケースMacBook Air ケースbeats by dr.dreCatalystTHULEクラフトホリックiPad Pro ケースBOSEmoecoGILD designJBLヘッドホンイヤホンbluetoothスピーカー[1200円OFFクーポン有][ネコポス可] [メーカー在庫限り] LEPLUS Apple Watch 38mm ハードケース 「CLEAR HARD」 クリアブラック # LP-AW38HGCBK  ルプラス (Apple Watch ケース),Apple Watchを保護するホ&#12442;リカーホ&#12441;ネートケース。[1200円OFFクーポン有][ネコポス可] [メーカー在庫限り] LEPLUS Apple Watch 38mm ハードケース 「CLEAR HARD」 クリアブラック # LP-AW38HGCBK  ルプラス (Apple Watch ケース)[rn]
32-93139,http://tshop.r10s.jp/kitcut/cabinet/item/38/prod-pict-447681.jpg?fitin=700:700,2144.0000,,スマートフォン・タブレット > スマートフォンアクセサリー > その他,[1200円OFFクーポン有][ネコポス可] LEPLUS iPad 5th / 9.7インチ iPad Pro / iPad Air 2 保護フィルム 「SHIELD・G HIGH SPEC FILM」 反射防止・スタイラスに最適 # LP-IPP9FLMTP  ルプラス (Apple製品関連アクセサリ),,"<!-- リコメンド --><br>
<div id=""recommend_area"">
<h3>LEPLUS iPad 5th / 9.7インチ iPad Pro / iPad Air 2 保護フィルム 「SHIELD・G HIGH SPEC FILM」 反射防止・スタイラスに最適 # LP-IPP9FLMTP  ルプラス</h3>
<div class=""staff_recommend""><h3>***</h3><div class=""recom_showcase""><p class=""recom_img""><img src=""http://image.rakuten.co.jp/kitcut/cabinet/recom43/rec-447681-52367.jpg"" alt=""***の画像""></p></div><p></p></div>
</div>
<!-- リコメンドここまで -->

<br>

<!-- 関連分類リンク-->
<a href=""http://item.rakuten.co.jp/kitcut/c/""><img src=""http://image.rakuten.co.jp/kitcut/cabinet/banner/kitcut/suggest-case.jpg""></a><br>
<!-- 関連分類リンクここまで--><!-- ブックマーク -->
<br><p class=""add_bookmark""><a href=""https://my.bookmark.rakuten.co.jp/?func=reg&svid=101&shop_bid=206376&iid=10085695&itype=1""><img src=""https://image.rakuten.co.jp/kitcut/cabinet/banner/kitcut/imgrc0067948711.jpg"" alt=""Last Update : 2017/05/25 9:29:28""></a></p>
<!-- ブックマークここまで --><hr>
<!-- バリエーション -->
【バリエーション】
<div class=""variation2"">
<a href=""https://item.rakuten.co.jp/kitcut/447680/""><img width=""100"" border=""0"" src=""https://image.rakuten.co.jp/kitcut/cabinet/item/38/prod-pict-447680.jpg""></a>
<a href=""https://item.rakuten.co.jp/kitcut/447681/""><img width=""100"" border=""0"" src=""https://image.rakuten.co.jp/kitcut/cabinet/item/38/prod-pict-447681.jpg""></a>
<a href=""https://item.rakuten.co.jp/kitcut/447682/""><img width=""100"" border=""0"" src=""https://image.rakuten.co.jp/kitcut/cabinet/item/38/prod-pict-447682.jpg""></a>
<a href=""https://item.rakuten.co.jp/kitcut/447705/""><img width=""100"" border=""0"" src=""https://image.rakuten.co.jp/kitcut/cabinet/item/38/prod-pict-447705.jpg""></a>
<a href=""https://item.rakuten.co.jp/kitcut/447706/""><img width=""100"" border=""0"" src=""https://image.rakuten.co.jp/kitcut/cabinet/item/38/prod-pict-447706.jpg""></a><br>
<font color=""gray"">[family] <a href=""http://search.rakuten.co.jp/search/inshop-mall/44768091091/-/f.1-p.1-s.2-sf.0-sid.206376-st.A-v.3"">44768091091</a></font></div>
<!-- バリエーションここまで -->
<!-- ネコポス文言 --><br><img src=http://image.rakuten.co.jp/kitcut/cabinet/nekopos.jpg><br><!-- ネコポス文言ここまで --><br><!-- 商品詳細 --><table class=item_explain border=0 cellspacing=0 cellpadding=0><tr><td>iPad 2017 9.7inch 保護フィルム 「SHIELD・G HIGH SPEC FILM」 反射防止・スタイラス<br><br>低反射で映り込みを軽減/指すべり抜群!タッチペンに最適!/スムースタッチ/気泡が消える/指紋防止/<br><br>■ マット処理でスムーズな書き心地を実現<br>■ 細かい突起物が均一に並ぶことで摩擦を軽減<br><br><br><br>[仕様情報]<br>付属品 : ホコリ除去ラベル・クリーニングクロス<br><br>[メーカー]ルプラス LEPLUS<br>[商品型番] LP-IPP9FLMTP<br>[バーコード] 4589762252262<br> <font color=""gray"">[性能] サラサラ<br>[性能] 非光沢<br>[性能] ゲーム向け<br>[対応] iPad Air<br>[対応] 9.7インチ iPad Pro<br>[対応] iPad 5th </font><br></td></tr></table><br><br><!-- 商品詳細ここまで --><!--共通説明文（大）ここから-->

<table width=""800"" border=""0"" align=""center"">
  <tr>
    <td> <img src=""https://image.rakuten.co.jp/kitcut/cabinet/banner/05298098/imgrc0080334562.jpg"" width=""800px"" /></td>
  </tr>
</table>
<table width=""800"" border=""0"" align=""center"">
  <tr>
    <td> <img src=""https://image.rakuten.co.jp/kitcut/cabinet/banner/05298098/imgrc0080411111.jpg"" width=""800px"" /></td>
  </tr>
</table>

<!--横2列-->

<table width=""800"" border=""0"" align=""center"">
  <tr>
    <td> <img src=""https://image.rakuten.co.jp/kitcut/cabinet/top/05006737/imgrc0080402120.jpg"" width=""399"" /></td>
    
    <!--kickflip-->
    <td> <img src=""https://image.rakuten.co.jp/kitcut/cabinet/top/05006737/imgrc0080402031.jpg"" width=""399"" /></td>
  </tr>
</table>

<!--横2列-->

<table width=""800"" border=""0"" align=""center"">
  <tr>
    <td> <img src=""https://image.rakuten.co.jp/kitcut/cabinet/banner/05298098/imgrc0081316114.jpg"" width=""399"" /></td>
    <td> <img src=""https://image.rakuten.co.jp/kitcut/cabinet/banner/05298098/imgrc0080355902.jpg"" width=""399"" /></td>
  </tr>
</table>

<!--25周年の告知-->
<table width=""800"" border=""0"" align=""center"">
  <tr>
    <td> <img src=""http://image.rakuten.co.jp/kitcut/cabinet/banner/04802908/imgrc0073840290.jpg"" width=""399"" /></td>
    <td> <img src=""http://image.rakuten.co.jp/kitcut/cabinet/banner/04802908/imgrc0073840291.jpg"" width=""399"" /></td>
  </tr>
</table>

<!--6月5日(月)9:59まで　DEAL-->
<table width=""800"" border=""0"" align=""center"">
  <tr>
    <td> <img src=""https://image.rakuten.co.jp/kitcut/cabinet/special/imgrc0081361413.jpg"" width=""800px"" /> </td>
  </tr>
</table>

<!--6月5日(月)9:59まで　フラッシュセール-->


<table width=""800"" border=""0""align=""center"" style=""background-color:#444444; color:#F4D406; text-align: center; font-size:18px; border-radius: 5px;"" >
 <tr >
    <td colspan=""5"" ><img src=""https://image.rakuten.co.jp/kitcut/cabinet/special/imgrc0081361616.jpg"" alt="""" width=""99%"" /></td>
  </tr>
  <tr>
    <td><img src=""https://image.rakuten.co.jp/kitcut/cabinet/special/imgrc0081361618.jpg"" width=""97%"" /></td>
    <td><img src=""https://image.rakuten.co.jp/kitcut/cabinet/special/imgrc0081361617.jpg"" width=""97%"" /></td>
    <td><img src=""https://image.rakuten.co.jp/kitcut/cabinet/special/imgrc0081361619.jpg"" width=""97%"" /></td>
    <td><img src=""https://image.rakuten.co.jp/kitcut/cabinet/special/imgrc0081361620.jpg"" width=""97%"" /></td>
  </tr>
  <tr>
    <td colspan=""5"" >2017年6月1日（木）10:00～2017年6月6日（火）9:59迄</td>
  </tr>
</table>






<style type=""text/css"">

#item_attention_area {
  border: #D00 solid 2px;
}

#item_attention_area p{
  margin: 0;
  padding: 2px 5px;
  color: white;
  background-color: #D00;
}

#item_attention_area ul{
  margin:0;
  padding: 10px 15px 5px 15px;
  list-style: none;
}

#item_attention_area ul>li{
  margin-bottom: 5px;
}

@media (max-width:481px){
section table   { width: 100%; }

.item th  { width: 30%; text-align: left; }
.item td  { 
margin-bottom:10px;
display:table;
}    

@media only screen and (min-width:480px){
    .item { margin: 0 auto; }
   .item tr{
        display: block;
}
    .item th,
    .item td{
        max-width: 100%;
       display: block;
        border-top: none;
		margin-bottom:10px;	

}

</style>",[1200円OFFクーポン有][ネコポス可] LEPLUS iPad 5th / 9.7インチ iPad Pro / iPad Air 2 保護フィルム 「SHIELD・G HIGH SPEC FILM」 反射防止・スタイラスに最適 # LP-IPP9FLMTP  ルプラス (Apple製品関連アクセサリ)：Apple専門店 キットカット,iPhone6 ケースiPhone 6 Plus ケースiPad Air 2 ケースiPad mini ケースAppleMacBook Pro ケースMacBook Air ケースbeats by dr.dreCatalystTHULEクラフトホリックiPad Pro ケースBOSEmoecoGILD designJBLヘッドホンイヤホンbluetoothスピーカー[1200円OFFクーポン有][ネコポス可] LEPLUS iPad 5th / 9.7インチ iPad Pro / iPad Air 2 保護フィルム 「SHIELD・G HIGH SPEC FILM」 反射防止・スタイラスに最適 # LP-IPP9FLMTP  ルプラス (Apple製品関連アクセサリ),[1200円OFFクーポン有][ネコポス可] LEPLUS iPad 5th / 9.7インチ iPad Pro / iPad Air 2 保護フィルム 「SHIELD・G HIGH SPEC FILM」 反射防止・スタイラスに最適 # LP-IPP9FLMTP  ルプラス (Apple製品関連アクセサリ)[rn]
32-93140,http://tshop.r10s.jp/kitcut/cabinet/item/27/prod-pict-297115.jpg?fitin=700:700,2332.8000,,スマートフォン・タブレット > スマートフォンアクセサリー > その他,[1200円OFFクーポン有][ネコポス可] Deff iPhone 6 Plus / 6s Plus High Grade Glass Screen Protector カモフラージュ (Woodland) 背面プレート # DG-IP6PG3BCFGN  ディーフ (iPhone6Plus 保護フィルム) 【楽ギフト】,iPhone 6 Plus 背面ガラスプレート,"<!-- リコメンド --><br>
<div id=""recommend_area"">
<h3>Deff iPhone 6 Plus / 6s Plus High Grade Glass Screen Protector カモフラージュ (Woodland) 背面プレート # DG-IP6PG3BCFGN  ディーフ</h3>
<div class=""staff_recommend""><h3>装着例</h3><div class=""recom_showcase""><p class=""recom_img""><img src=""http://image.rakuten.co.jp/kitcut/cabinet/recom30/rec-297115-29253.jpg"" alt=""装着例の画像""></p></div><p>ウッドランド+CLEAVE HYBRID Bumper(ブルー)</p></div>
<div class=""staff_recommend""><h3>装着例</h3><div class=""recom_showcase""><p class=""recom_img""><img src=""http://image.rakuten.co.jp/kitcut/cabinet/recom30/rec-297115-29254.jpg"" alt=""装着例の画像""></p></div><p>ウッドランド+CLEAVE Bumper(ゴールド)</p></div>
<div class=""staff_recommend""><h3>装着例</h3><div class=""recom_showcase""><p class=""recom_img""><img src=""http://image.rakuten.co.jp/kitcut/cabinet/recom30/rec-297115-29255.jpg"" alt=""装着例の画像""></p></div><p>ウッドランド+CLEAVE HYBRID Bumper(ブラック)</p></div>
</div>
<!-- リコメンドここまで -->

<br>

<!-- 関連分類リンク-->
<a href=""http://item.rakuten.co.jp/kitcut/c/""><img src=""http://image.rakuten.co.jp/kitcut/cabinet/banner/kitcut/suggest-film.jpg""></a><br>
<!-- 関連分類リンクここまで--><!-- ブックマーク -->
<br><p class=""add_bookmark""><a href=""https://my.bookmark.rakuten.co.jp/?func=reg&svid=101&shop_bid=206376&iid=10059110&itype=1""><img src=""https://image.rakuten.co.jp/kitcut/cabinet/banner/kitcut/imgrc0067948711.jpg"" alt=""Last Update : 2017/05/25 9:24:44""></a></p>
<!-- ブックマークここまで --><hr>
<!-- バリエーション -->
【バリエーション】
<div class=""variation2"">
<a href=""https://item.rakuten.co.jp/kitcut/297115/""><img width=""100"" border=""0"" src=""https://image.rakuten.co.jp/kitcut/cabinet/item/27/prod-pict-297115.jpg""></a>
<a href=""https://item.rakuten.co.jp/kitcut/297116/""><img width=""100"" border=""0"" src=""https://image.rakuten.co.jp/kitcut/cabinet/item/27/prod-pict-297116.jpg""></a><br>
<font color=""gray"">[family] <a href=""http://search.rakuten.co.jp/search/inshop-mall/29711576061/-/f.1-p.1-s.2-sf.0-sid.206376-st.A-v.3"">29711576061</a></font></div>
<!-- バリエーションここまで -->
<!--- ギフト文言 --->
<table border=""0"" cellspacing=""0"" cellpadding=""2"">
<tr valign=""top"">
<td nowrap><img src=""http://image.rakuten.co.jp/kitcut/cabinet/banner/kitcut/imgrc0069339198.jpg""></td>
</tr>
</table><br>

<img src=""http://image.rakuten.co.jp/kitcut/cabinet/banner/kitcut/imgrc0067297021.jpg""><br><hr><br>

<!-- フレンド -->
<div class=""variation3"">
<p>【気になる商品】</p>
<img width=""100"" border=""0"" src=""http://image.rakuten.co.jp/kitcut/cabinet/item/27/prod-pict-297112.jpg"">
<img width=""100"" border=""0"" src=""http://image.rakuten.co.jp/kitcut/cabinet/item/27/prod-pict-297113.jpg"">
<img width=""100"" border=""0"" src=""http://image.rakuten.co.jp/kitcut/cabinet/item/34/prod-pict-443108.jpg"">
<img width=""100"" border=""0"" src=""http://image.rakuten.co.jp/kitcut/cabinet/item/34/prod-pict-443186.jpg"">
<img width=""100"" border=""0"" src=""http://image.rakuten.co.jp/kitcut/cabinet/item/38/prod-pict-447874.jpg"">
<img width=""100"" border=""0"" src=""http://image.rakuten.co.jp/kitcut/cabinet/item/38/prod-pict-447875.jpg"">
<img width=""100"" border=""0"" src=""http://image.rakuten.co.jp/kitcut/cabinet/item/32/p43532688331_5039.jpg"">
<img width=""100"" border=""0"" src=""http://image.rakuten.co.jp/kitcut/cabinet/item/32/p43532958771_5050.jpg"">
<img width=""100"" border=""0"" src=""http://image.rakuten.co.jp/kitcut/cabinet/item/32/p4353458261_5037.jpg"">
<img width=""100"" border=""0"" src=""http://image.rakuten.co.jp/kitcut/cabinet/item/32/p43533280231_5047.jpg"">
<img width=""100"" border=""0"" src=""http://image.rakuten.co.jp/kitcut/cabinet/item/32/p43534957851_5051.jpg"">
<img width=""100"" border=""0"" src=""http://image.rakuten.co.jp/kitcut/cabinet/item/32/p43535327731_5038.jpg"">
            <br>
</div>
<hr>
<!-- フレンドここまで --><br>

<!-- ネコポス文言 --><br>
<img src='http://image.rakuten.co.jp/kitcut/cabinet/nekopos.jpg'><br>
<!-- ネコポス文言ここまで --><br><!-- 商品詳細 -->
<table class='item_explain' border='0' cellspacing='0' cellpadding='0'>
<tr>
<td>
iPhone 6 Plus用 背面ガラスプレート(カモフラージュカラー)<br>
<br>
ガラスのカットデザインはiPhone 6シリーズのラウンド形状に出来るだけ沿うよう大きなカーブを有したエッジ加工を施しました。構造上背面の縁まで保護ガラスを貼ることができないiPhone 6シリーズですが、可能な限り違和感を無くすよう工夫された形状です。カメラ周辺やロゴ周りもCNCによる精密切削加工の後に、丁寧に端面加工を施してあります。<br>
<br>
保護ガラスプレートに採用したガラスの厚みは、基材部で0.33mm (総厚0.55mm)で、厚さと強度のバランスの取れたものです。表面処理には独自の防汚コーディングで驚くほど滑らかな指滑りと、軽く拭き取れる防汚性能を誇ります。粘着層も気泡が残りにくく、万が一保護ガラスプレートが割れてしまった際の飛散防止シリコン粘着シートを採用しています。<br>
<br>
保護ガラスプレートは、日本 旭硝子社製と信頼できる素材を使用しています。設計は全て日本国内で行い、精密切削加工が可能な工場で生産しています <br>
<br>
・ 超硬質のガラスプレートを使用<br>
ガラス基材部厚み0.33mmで9H(※1)の超硬質のガラスプレートを使用した液晶保護用アクセサリーです。iPhone 6シリーズの液晶面を保護しながら、操作感を向上します。<br>
<br>
・ 貼りやすく、触り心地の良い表面処理<br>
ガラスプレートは適度な硬さがあるため、フィルムと比較して初めてでも貼りやすくなっています。貼った後も気泡抜けの良い構造ですので、簡単かつ綺麗に仕上げることができます(※2)。<br>
角は全て指触りのラウンドエッジ加工が施されており安心してお使い頂けます。<br>
<br>
・ 安心してご利用いただけます<br>
表面処理は多層コーティングが施されており、気持ちの良い指滑りを実現しました。格別の操作感を実感できます。また、汚れにも強く、指の脂や化粧品などが付着しても軽くひと拭きで綺麗に拭き取れます。万が一割れても、破片が飛散したり指に刺さることのないよう、特殊なフィルムで飛散防止処理が施されています。<br>
<br>
※1 JISで決められた鉛筆のHを基準とした硬度試験の単位。数値が多ければ多いほど固いことになります<br>
※2 気泡が残った場合は、ガラス面上から押すか、プラスチックヘラで押さえれば消えます<br>
<br>
<br><br>
[メーカー]ディーフ Deff<br>
[商品型番] DG-IP6PG3BCFGN<br>
[バーコード] 4571395837633<br>

<font color=""gray"">
[材質] ガラス<br>[色] 柄物<br>[色] グリーン<br>[性能] ラウンド処理<br>[対応] iPhone 6 Plus<br>[対応] iPhone 6s Plus<br>[対応S] アイフォーン アイフォン  アイホーン アイホン iPhone<br>[柄] 迷彩
</font><br>
</td>
</tr>
</table><br><br>
<!-- 商品詳細ここまで --><!--共通説明文（大）ここから-->

<table width=""800"" border=""0"" align=""center"">
  <tr>
    <td> <img src=""https://image.rakuten.co.jp/kitcut/cabinet/banner/05298098/imgrc0080334562.jpg"" width=""800px"" /></td>
  </tr>
</table>
<table width=""800"" border=""0"" align=""center"">
  <tr>
    <td> <img src=""https://image.rakuten.co.jp/kitcut/cabinet/banner/05298098/imgrc0080411111.jpg"" width=""800px"" /></td>
  </tr>
</table>

<!--横2列-->

<table width=""800"" border=""0"" align=""center"">
  <tr>
    <td> <img src=""https://image.rakuten.co.jp/kitcut/cabinet/top/05006737/imgrc0080402120.jpg"" width=""399"" /></td>
    
    <!--kickflip-->
    <td> <img src=""https://image.rakuten.co.jp/kitcut/cabinet/top/05006737/imgrc0080402031.jpg"" width=""399"" /></td>
  </tr>
</table>

<!--横2列-->

<table width=""800"" border=""0"" align=""center"">
  <tr>
    <td> <img src=""https://image.rakuten.co.jp/kitcut/cabinet/banner/05298098/imgrc0081316114.jpg"" width=""399"" /></td>
    <td> <img src=""https://image.rakuten.co.jp/kitcut/cabinet/banner/05298098/imgrc0080355902.jpg"" width=""399"" /></td>
  </tr>
</table>

<!--25周年の告知-->
<table width=""800"" border=""0"" align=""center"">
  <tr>
    <td> <img src=""http://image.rakuten.co.jp/kitcut/cabinet/banner/04802908/imgrc0073840290.jpg"" width=""399"" /></td>
    <td> <img src=""http://image.rakuten.co.jp/kitcut/cabinet/banner/04802908/imgrc0073840291.jpg"" width=""399"" /></td>
  </tr>
</table>

<!--6月5日(月)9:59まで　DEAL-->
<table width=""800"" border=""0"" align=""center"">
  <tr>
    <td> <img src=""https://image.rakuten.co.jp/kitcut/cabinet/special/imgrc0081361413.jpg"" width=""800px"" /> </td>
  </tr>
</table>

<!--6月5日(月)9:59まで　フラッシュセール-->


<table width=""800"" border=""0""align=""center"" style=""background-color:#444444; color:#F4D406; text-align: center; font-size:18px; border-radius: 5px;"" >
 <tr >
    <td colspan=""5"" ><img src=""https://image.rakuten.co.jp/kitcut/cabinet/special/imgrc0081361616.jpg"" alt="""" width=""99%"" /></td>
  </tr>
  <tr>
    <td><img src=""https://image.rakuten.co.jp/kitcut/cabinet/special/imgrc0081361618.jpg"" width=""97%"" /></td>
    <td><img src=""https://image.rakuten.co.jp/kitcut/cabinet/special/imgrc0081361617.jpg"" width=""97%"" /></td>
    <td><img src=""https://image.rakuten.co.jp/kitcut/cabinet/special/imgrc0081361619.jpg"" width=""97%"" /></td>
    <td><img src=""https://image.rakuten.co.jp/kitcut/cabinet/special/imgrc0081361620.jpg"" width=""97%"" /></td>
  </tr>
  <tr>
    <td colspan=""5"" >2017年6月1日（木）10:00～2017年6月6日（火）9:59迄</td>
  </tr>
</table>






<style type=""text/css"">

#item_attention_area {
  border: #D00 solid 2px;
}

#item_attention_area p{
  margin: 0;
  padding: 2px 5px;
  color: white;
  background-color: #D00;
}

#item_attention_area ul{
  margin:0;
  padding: 10px 15px 5px 15px;
  list-style: none;
}

#item_attention_area ul>li{
  margin-bottom: 5px;
}

@media (max-width:481px){
section table   { width: 100%; }

.item th  { width: 30%; text-align: left; }
.item td  { 
margin-bottom:10px;
display:table;
}    

@media only screen and (min-width:480px){
    .item { margin: 0 auto; }
   .item tr{
        display: block;
}
    .item th,
    .item td{
        max-width: 100%;
       display: block;
        border-top: none;
		margin-bottom:10px;	

}

</style>",[1200円OFFクーポン有][ネコポス可] Deff iPhone 6 Plus / 6s Plus High Grade Glass Screen Protector カモフラージュ (Woodland) 背面プレート # DG-IP6PG3BCFGN  ディーフ (iPhone6Plus 保護フィルム) 【楽ギフト】：Apple専門店 キットカット,iPhone6 ケースiPhone 6 Plus ケースiPad Air 2 ケースiPad mini ケースAppleMacBook Pro ケースMacBook Air ケースbeats by dr.dreCatalystTHULEクラフトホリックiPad Pro ケースBOSEmoecoGILD designJBLヘッドホンイヤホンbluetoothスピーカー[1200円OFFクーポン有][ネコポス可] Deff iPhone 6 Plus / 6s Plus High Grade Glass Screen Protector カモフラージュ (Woodland) 背面プレート # DG-IP6PG3BCFGN  ディーフ (iPhone6Plus 保護フィルム) 【楽ギフト】,iPhone 6 Plus 背面ガラスプレート。[1200円OFFクーポン有][ネコポス可] Deff iPhone 6 Plus / 6s Plus High Grade Glass Screen Protector カモフラージュ (Woodland) 背面プレート # DG-IP6PG3BCFGN  ディーフ (iPhone6Plus 保護フィルム) 【楽ギフト】[rn]
32-93141,http://tshop.r10s.jp/kitcut/cabinet/item/32/prod-pict-434577.jpg?fitin=700:700,1278.4000,,スマートフォン・タブレット > スマートフォンアクセサリー > その他,[1200円OFFクーポン有] エレコム iPhone 6 Plus / 6s Plus 手作り背面ステッカー ホワイトx光沢 # PM-A15LRPGWH  エレコム (iPhone6Plus 保護フィルム) 【楽ギフト】,背面をオリジナルデザインで彩る,"<br>

<!-- 関連分類リンク-->
<a href=""http://item.rakuten.co.jp/kitcut/c/""><img src=""http://image.rakuten.co.jp/kitcut/cabinet/banner/kitcut/suggest-film.jpg""></a><br>
<!-- 関連分類リンクここまで--><!-- ブックマーク -->
<br><p class=""add_bookmark""><a href=""https://my.bookmark.rakuten.co.jp/?func=reg&svid=101&shop_bid=206376&iid=10071360&itype=1""><img src=""https://image.rakuten.co.jp/kitcut/cabinet/banner/kitcut/imgrc0067948711.jpg"" alt=""Last Update : 2017/05/25 9:26:19""></a></p>
<!-- ブックマークここまで --><hr>
<!-- バリエーション -->
【バリエーション】
<div class=""variation2"">
<a href=""https://item.rakuten.co.jp/kitcut/434577/""><img width=""100"" border=""0"" src=""https://image.rakuten.co.jp/kitcut/cabinet/item/32/prod-pict-434577.jpg""></a>
<a href=""https://item.rakuten.co.jp/kitcut/434578/""><img width=""100"" border=""0"" src=""https://image.rakuten.co.jp/kitcut/cabinet/item/32/prod-pict-434578.jpg""></a><br>
<font color=""gray"">[family] <a href=""http://search.rakuten.co.jp/search/inshop-mall/43457730051/-/f.1-p.1-s.2-sf.0-sid.206376-st.A-v.3"">43457730051</a></font></div>
<!-- バリエーションここまで -->
<!--- ギフト文言 --->
<table border=""0"" cellspacing=""0"" cellpadding=""2"">
<tr valign=""top"">
<td nowrap><img src=""http://image.rakuten.co.jp/kitcut/cabinet/banner/kitcut/imgrc0069339198.jpg""></td>
</tr>
</table><br>

<img src=""http://image.rakuten.co.jp/kitcut/cabinet/banner/kitcut/imgrc0067297021.jpg""><br><hr><br>

<!-- ネコポス文言 --><br>
<img src='http://image.rakuten.co.jp/kitcut/cabinet/nekopos.jpg'><br>
<!-- ネコポス文言ここまで --><br><!-- 商品詳細 -->
<table class='item_explain' border='0' cellspacing='0' cellpadding='0'>
<tr>
<td>
iPhone 6s Plus/6 Plusの背面をオリジナルデザインで彩る!<br>
インクジェットプリンタで印刷できるiPhone 6s Plus/6 Plus用 背面ステッカー<br>
くっきりきれいな光沢保護フィルム付き<br>
<br>
・ インクジェットプリンターでオリジナルデザインのiPhoneステッカーが簡単に作れるiPhone 6s Plus / 6Plus用背面ステッカーです。<br>
・ しっかりとした厚みのステッカーを採用しているので、貼りやすく、高品位な仕上がりを実現しています。<br>
・ iPhone 6s Plus / 6 Plus専用サイズにカット済みなので、美しく仕上がります。<br>
・ きれいにプリントできるホワイトタイプのステッカーと、くっきりきれいな光沢保護フィルムが入ったセットです。<br>
・ ステッカーはノリを残さず剥がすことができる再剥離タイプです。 ※貼り直しはできません。<br>
・ 保護フィルムは貼り付け面にシリコン皮膜をコーティングし、接着剤や両面テープを使わずに貼り付け可能な自己吸着タイプです。貼りやすく、貼り直しも可能です。<br>
<br>
[仕様情報]<br>
セット内容 : ステッカーx2枚、保護フィルムx2枚、印刷テスト用紙x2枚<br>
<br>
※ 仕様は予告なく変更する事がありますので、あらかじめご了承ください。<br>
<br><br>
[メーカー]エレコム ELECOM (エレコム)<br>
[商品型番] PM-A15LRPGWH<br>
[バーコード] 4953103487277<br>

<font color=""gray"">
[性能] 光沢<br>[性能] フィルム付き<br>[対応] iPhone 6s Plus<br>[対応] iPhone 6 Plus<br>[対応S] アイフォーン アイフォン  アイホーン アイホン iPhone
</font><br>
</td>
</tr>
</table><br><br>
<!-- 商品詳細ここまで --><!--共通説明文（大）ここから-->

<table width=""800"" border=""0"" align=""center"">
  <tr>
    <td> <img src=""https://image.rakuten.co.jp/kitcut/cabinet/banner/05298098/imgrc0080334562.jpg"" width=""800px"" /></td>
  </tr>
</table>
<table width=""800"" border=""0"" align=""center"">
  <tr>
    <td> <img src=""https://image.rakuten.co.jp/kitcut/cabinet/banner/05298098/imgrc0080411111.jpg"" width=""800px"" /></td>
  </tr>
</table>

<!--横2列-->

<table width=""800"" border=""0"" align=""center"">
  <tr>
    <td> <img src=""https://image.rakuten.co.jp/kitcut/cabinet/top/05006737/imgrc0080402120.jpg"" width=""399"" /></td>
    
    <!--kickflip-->
    <td> <img src=""https://image.rakuten.co.jp/kitcut/cabinet/top/05006737/imgrc0080402031.jpg"" width=""399"" /></td>
  </tr>
</table>

<!--横2列-->

<table width=""800"" border=""0"" align=""center"">
  <tr>
    <td> <img src=""https://image.rakuten.co.jp/kitcut/cabinet/banner/05298098/imgrc0081316114.jpg"" width=""399"" /></td>
    <td> <img src=""https://image.rakuten.co.jp/kitcut/cabinet/banner/05298098/imgrc0080355902.jpg"" width=""399"" /></td>
  </tr>
</table>

<!--25周年の告知-->
<table width=""800"" border=""0"" align=""center"">
  <tr>
    <td> <img src=""http://image.rakuten.co.jp/kitcut/cabinet/banner/04802908/imgrc0073840290.jpg"" width=""399"" /></td>
    <td> <img src=""http://image.rakuten.co.jp/kitcut/cabinet/banner/04802908/imgrc0073840291.jpg"" width=""399"" /></td>
  </tr>
</table>

<!--6月5日(月)9:59まで　DEAL-->
<table width=""800"" border=""0"" align=""center"">
  <tr>
    <td> <img src=""https://image.rakuten.co.jp/kitcut/cabinet/special/imgrc0081361413.jpg"" width=""800px"" /> </td>
  </tr>
</table>

<!--6月5日(月)9:59まで　フラッシュセール-->


<table width=""800"" border=""0""align=""center"" style=""background-color:#444444; color:#F4D406; text-align: center; font-size:18px; border-radius: 5px;"" >
 <tr >
    <td colspan=""5"" ><img src=""https://image.rakuten.co.jp/kitcut/cabinet/special/imgrc0081361616.jpg"" alt="""" width=""99%"" /></td>
  </tr>
  <tr>
    <td><img src=""https://image.rakuten.co.jp/kitcut/cabinet/special/imgrc0081361618.jpg"" width=""97%"" /></td>
    <td><img src=""https://image.rakuten.co.jp/kitcut/cabinet/special/imgrc0081361617.jpg"" width=""97%"" /></td>
    <td><img src=""https://image.rakuten.co.jp/kitcut/cabinet/special/imgrc0081361619.jpg"" width=""97%"" /></td>
    <td><img src=""https://image.rakuten.co.jp/kitcut/cabinet/special/imgrc0081361620.jpg"" width=""97%"" /></td>
  </tr>
  <tr>
    <td colspan=""5"" >2017年6月1日（木）10:00～2017年6月6日（火）9:59迄</td>
  </tr>
</table>






<style type=""text/css"">

#item_attention_area {
  border: #D00 solid 2px;
}

#item_attention_area p{
  margin: 0;
  padding: 2px 5px;
  color: white;
  background-color: #D00;
}

#item_attention_area ul{
  margin:0;
  padding: 10px 15px 5px 15px;
  list-style: none;
}

#item_attention_area ul>li{
  margin-bottom: 5px;
}

@media (max-width:481px){
section table   { width: 100%; }

.item th  { width: 30%; text-align: left; }
.item td  { 
margin-bottom:10px;
display:table;
}    

@media only screen and (min-width:480px){
    .item { margin: 0 auto; }
   .item tr{
        display: block;
}
    .item th,
    .item td{
        max-width: 100%;
       display: block;
        border-top: none;
		margin-bottom:10px;	

}

</style>",[1200円OFFクーポン有] エレコム iPhone 6 Plus / 6s Plus 手作り背面ステッカー ホワイトx光沢 # PM-A15LRPGWH  エレコム (iPhone6Plus 保護フィルム) 【楽ギフト】：Apple専門店 キットカット,iPhone6 ケースiPhone 6 Plus ケースiPad Air 2 ケースiPad mini ケースAppleMacBook Pro ケースMacBook Air ケースbeats by dr.dreCatalystTHULEクラフトホリックiPad Pro ケースBOSEmoecoGILD designJBLヘッドホンイヤホンbluetoothスピーカー[1200円OFFクーポン有] エレコム iPhone 6 Plus / 6s Plus 手作り背面ステッカー ホワイトx光沢 # PM-A15LRPGWH  エレコム (iPhone6Plus 保護フィルム) 【楽ギフト】,背面をオリジナルデザインで彩る。[1200円OFFクーポン有] エレコム iPhone 6 Plus / 6s Plus 手作り背面ステッカー ホワイトx光沢 # PM-A15LRPGWH  エレコム (iPhone6Plus 保護フィルム) 【楽ギフト】[rn]
32-93142,http://tshop.r10s.jp/kitcut/cabinet/item/32/prod-pict-434578.jpg?fitin=700:700,1278.4000,,スマートフォン・タブレット > スマートフォンアクセサリー > その他,[1200円OFFクーポン有] エレコム iPhone 6 Plus / 6s Plus 手作り背面ステッカー ホワイトxマット # PM-A15LRPWH  エレコム (iPhone6Plus 保護フィルム) 【楽ギフト】,背面をオリジナルデザインで彩る,"<br>

<!-- 関連分類リンク-->
<a href=""http://item.rakuten.co.jp/kitcut/c/""><img src=""http://image.rakuten.co.jp/kitcut/cabinet/banner/kitcut/suggest-film.jpg""></a><br>
<!-- 関連分類リンクここまで--><!-- ブックマーク -->
<br><p class=""add_bookmark""><a href=""https://my.bookmark.rakuten.co.jp/?func=reg&svid=101&shop_bid=206376&iid=10071361&itype=1""><img src=""https://image.rakuten.co.jp/kitcut/cabinet/banner/kitcut/imgrc0067948711.jpg"" alt=""Last Update : 2017/05/25 9:26:19""></a></p>
<!-- ブックマークここまで --><hr>
<!-- バリエーション -->
【バリエーション】
<div class=""variation2"">
<a href=""https://item.rakuten.co.jp/kitcut/434577/""><img width=""100"" border=""0"" src=""https://image.rakuten.co.jp/kitcut/cabinet/item/32/prod-pict-434577.jpg""></a>
<a href=""https://item.rakuten.co.jp/kitcut/434578/""><img width=""100"" border=""0"" src=""https://image.rakuten.co.jp/kitcut/cabinet/item/32/prod-pict-434578.jpg""></a><br>
<font color=""gray"">[family] <a href=""http://search.rakuten.co.jp/search/inshop-mall/43457730051/-/f.1-p.1-s.2-sf.0-sid.206376-st.A-v.3"">43457730051</a></font></div>
<!-- バリエーションここまで -->
<!--- ギフト文言 --->
<table border=""0"" cellspacing=""0"" cellpadding=""2"">
<tr valign=""top"">
<td nowrap><img src=""http://image.rakuten.co.jp/kitcut/cabinet/banner/kitcut/imgrc0069339198.jpg""></td>
</tr>
</table><br>

<img src=""http://image.rakuten.co.jp/kitcut/cabinet/banner/kitcut/imgrc0067297021.jpg""><br><hr><br>

<!-- ネコポス文言 --><br>
<img src='http://image.rakuten.co.jp/kitcut/cabinet/nekopos.jpg'><br>
<!-- ネコポス文言ここまで --><br><!-- 商品詳細 -->
<table class='item_explain' border='0' cellspacing='0' cellpadding='0'>
<tr>
<td>
iPhone 6s Plus/6 Plus の背面をオリジナルデザインで彩る!<br>
インクジェットプリンタで印刷できる iPhone6s Plus / 6 Plus用 背面ステッカー<br>
落ち着いた印象に仕上がるマット保護フィルム付き<br>
<br>
・ インクジェットプリンターでオリジナルデザインのiPhoneステッカーが簡単に作れるiPhone6SPlus/6Plus用背面ステッカーです。<br>
・ しっかりとした厚みのステッカーを採用しているので、貼りやすく、高品位な仕上がりを実現しています。<br>
・ iPhone6SPlus/6Plus専用サイズにカット済みなので、美しく仕上がります。<br>
・ きれいにプリントできるホワイトタイプのステッカーと、上質な仕上がりになるマット保護フィルムが入ったセットです。<br>
・ ステッカーはノリを残さず剥がすことができる再剥離タイプです。 ※貼り直しはできません。<br>
・ 保護フィルムは貼り付け面にシリコン皮膜をコーティングし、接着剤や両面テープを使わずに貼り付け可能な自己吸着タイプです。貼りやすく、貼り直しも可能です。<br>
[仕様情報]<br>
セット内容 : ステッカーx2枚、保護フィルムx2枚、印刷テスト用紙x2枚<br>
<br>
※ 仕様は予告なく変更する事がありますので、あらかじめご了承ください。<br>
<br><br>
[メーカー]エレコム ELECOM (エレコム)<br>
[商品型番] PM-A15LRPWH<br>
[バーコード] 4953103487284<br>

<font color=""gray"">
[性能] 非光沢<br>[性能] フィルム付き<br>[対応] iPhone 6s Plus<br>[対応] iPhone 6 Plus<br>[対応S] アイフォーン アイフォン  アイホーン アイホン iPhone<br>[対応S] 非光沢 アンチグレア ノングレア つや消し マット 反射防止 艶無しタイプ つやなし つや無し
</font><br>
</td>
</tr>
</table><br><br>
<!-- 商品詳細ここまで --><!--共通説明文（大）ここから-->

<table width=""800"" border=""0"" align=""center"">
  <tr>
    <td> <img src=""https://image.rakuten.co.jp/kitcut/cabinet/banner/05298098/imgrc0080334562.jpg"" width=""800px"" /></td>
  </tr>
</table>
<table width=""800"" border=""0"" align=""center"">
  <tr>
    <td> <img src=""https://image.rakuten.co.jp/kitcut/cabinet/banner/05298098/imgrc0080411111.jpg"" width=""800px"" /></td>
  </tr>
</table>

<!--横2列-->

<table width=""800"" border=""0"" align=""center"">
  <tr>
    <td> <img src=""https://image.rakuten.co.jp/kitcut/cabinet/top/05006737/imgrc0080402120.jpg"" width=""399"" /></td>
    
    <!--kickflip-->
    <td> <img src=""https://image.rakuten.co.jp/kitcut/cabinet/top/05006737/imgrc0080402031.jpg"" width=""399"" /></td>
  </tr>
</table>

<!--横2列-->

<table width=""800"" border=""0"" align=""center"">
  <tr>
    <td> <img src=""https://image.rakuten.co.jp/kitcut/cabinet/banner/05298098/imgrc0081316114.jpg"" width=""399"" /></td>
    <td> <img src=""https://image.rakuten.co.jp/kitcut/cabinet/banner/05298098/imgrc0080355902.jpg"" width=""399"" /></td>
  </tr>
</table>

<!--25周年の告知-->
<table width=""800"" border=""0"" align=""center"">
  <tr>
    <td> <img src=""http://image.rakuten.co.jp/kitcut/cabinet/banner/04802908/imgrc0073840290.jpg"" width=""399"" /></td>
    <td> <img src=""http://image.rakuten.co.jp/kitcut/cabinet/banner/04802908/imgrc0073840291.jpg"" width=""399"" /></td>
  </tr>
</table>

<!--6月5日(月)9:59まで　DEAL-->
<table width=""800"" border=""0"" align=""center"">
  <tr>
    <td> <img src=""https://image.rakuten.co.jp/kitcut/cabinet/special/imgrc0081361413.jpg"" width=""800px"" /> </td>
  </tr>
</table>

<!--6月5日(月)9:59まで　フラッシュセール-->


<table width=""800"" border=""0""align=""center"" style=""background-color:#444444; color:#F4D406; text-align: center; font-size:18px; border-radius: 5px;"" >
 <tr >
    <td colspan=""5"" ><img src=""https://image.rakuten.co.jp/kitcut/cabinet/special/imgrc0081361616.jpg"" alt="""" width=""99%"" /></td>
  </tr>
  <tr>
    <td><img src=""https://image.rakuten.co.jp/kitcut/cabinet/special/imgrc0081361618.jpg"" width=""97%"" /></td>
    <td><img src=""https://image.rakuten.co.jp/kitcut/cabinet/special/imgrc0081361617.jpg"" width=""97%"" /></td>
    <td><img src=""https://image.rakuten.co.jp/kitcut/cabinet/special/imgrc0081361619.jpg"" width=""97%"" /></td>
    <td><img src=""https://image.rakuten.co.jp/kitcut/cabinet/special/imgrc0081361620.jpg"" width=""97%"" /></td>
  </tr>
  <tr>
    <td colspan=""5"" >2017年6月1日（木）10:00～2017年6月6日（火）9:59迄</td>
  </tr>
</table>






<style type=""text/css"">

#item_attention_area {
  border: #D00 solid 2px;
}

#item_attention_area p{
  margin: 0;
  padding: 2px 5px;
  color: white;
  background-color: #D00;
}

#item_attention_area ul{
  margin:0;
  padding: 10px 15px 5px 15px;
  list-style: none;
}

#item_attention_area ul>li{
  margin-bottom: 5px;
}

@media (max-width:481px){
section table   { width: 100%; }

.item th  { width: 30%; text-align: left; }
.item td  { 
margin-bottom:10px;
display:table;
}    

@media only screen and (min-width:480px){
    .item { margin: 0 auto; }
   .item tr{
        display: block;
}
    .item th,
    .item td{
        max-width: 100%;
       display: block;
        border-top: none;
		margin-bottom:10px;	

}

</style>",[1200円OFFクーポン有] エレコム iPhone 6 Plus / 6s Plus 手作り背面ステッカー ホワイトxマット # PM-A15LRPWH  エレコム (iPhone6Plus 保護フィルム) 【楽ギフト】：Apple専門店 キットカット,iPhone6 ケースiPhone 6 Plus ケースiPad Air 2 ケースiPad mini ケースAppleMacBook Pro ケースMacBook Air ケースbeats by dr.dreCatalystTHULEクラフトホリックiPad Pro ケースBOSEmoecoGILD designJBLヘッドホンイヤホンbluetoothスピーカー[1200円OFFクーポン有] エレコム iPhone 6 Plus / 6s Plus 手作り背面ステッカー ホワイトxマット # PM-A15LRPWH  エレコム (iPhone6Plus 保護フィルム) 【楽ギフト】,背面をオリジナルデザインで彩る。[1200円OFFクーポン有] エレコム iPhone 6 Plus / 6s Plus 手作り背面ステッカー ホワイトxマット # PM-A15LRPWH  エレコム (iPhone6Plus 保護フィルム) 【楽ギフト】[rn]
32-93143,http://tshop.r10s.jp/kitcut/cabinet/item/27/prod-pict-297116.jpg?fitin=700:700,2332.8000,,スマートフォン・タブレット > スマートフォンアクセサリー > その他,[1200円OFFクーポン有][ネコポス可] Deff iPhone 6 Plus / 6s Plus High Grade Glass Screen Protector カモフラージュ (Snow) 背面プレート # DG-IP6PG3BCFWH  ディーフ (iPhone6Plus 保護フィルム) 【楽ギフト】,iPhone 6 Plus 背面ガラスプレート,"<!-- リコメンド --><br>
<div id=""recommend_area"">
<h3>Deff iPhone 6 Plus / 6s Plus High Grade Glass Screen Protector カモフラージュ (Snow) 背面プレート # DG-IP6PG3BCFWH  ディーフ</h3>
<div class=""staff_recommend""><h3>装着例</h3><div class=""recom_showcase""><p class=""recom_img""><img src=""http://image.rakuten.co.jp/kitcut/cabinet/recom30/rec-297116-29251.jpg"" alt=""装着例の画像""></p></div><p>スノー + CLEAVE HYBRID Bumper(ブラック)</p></div>
<div class=""staff_recommend""><h3>装着例</h3><div class=""recom_showcase""><p class=""recom_img""><img src=""http://image.rakuten.co.jp/kitcut/cabinet/recom30/rec-297116-29252.jpg"" alt=""装着例の画像""></p></div><p>スノー + CLEAVE HYBRID Bumper(ブラック)</p></div>
</div>
<!-- リコメンドここまで -->

<br>

<!-- 関連分類リンク-->
<a href=""http://item.rakuten.co.jp/kitcut/c/""><img src=""http://image.rakuten.co.jp/kitcut/cabinet/banner/kitcut/suggest-film.jpg""></a><br>
<!-- 関連分類リンクここまで--><!-- ブックマーク -->
<br><p class=""add_bookmark""><a href=""https://my.bookmark.rakuten.co.jp/?func=reg&svid=101&shop_bid=206376&iid=10059111&itype=1""><img src=""https://image.rakuten.co.jp/kitcut/cabinet/banner/kitcut/imgrc0067948711.jpg"" alt=""Last Update : 2017/05/25 9:24:44""></a></p>
<!-- ブックマークここまで --><hr>
<!-- バリエーション -->
【バリエーション】
<div class=""variation2"">
<a href=""https://item.rakuten.co.jp/kitcut/297115/""><img width=""100"" border=""0"" src=""https://image.rakuten.co.jp/kitcut/cabinet/item/27/prod-pict-297115.jpg""></a>
<a href=""https://item.rakuten.co.jp/kitcut/297116/""><img width=""100"" border=""0"" src=""https://image.rakuten.co.jp/kitcut/cabinet/item/27/prod-pict-297116.jpg""></a><br>
<font color=""gray"">[family] <a href=""http://search.rakuten.co.jp/search/inshop-mall/29711576061/-/f.1-p.1-s.2-sf.0-sid.206376-st.A-v.3"">29711576061</a></font></div>
<!-- バリエーションここまで -->
<!--- ギフト文言 ---><table border=""0"" cellspacing=""0"" cellpadding=""2""><tr valign=""top""><td nowrap><img src=""http://image.rakuten.co.jp/kitcut/cabinet/banner/kitcut/imgrc0069339198.jpg""></td></tr></table><br> <img src=""http://image.rakuten.co.jp/kitcut/cabinet/banner/kitcut/imgrc0067297021.jpg""><br><hr><br> <!-- フレンド --><div class=""variation3""><p>【気になる商品】</p><img width=""100"" border=""0"" src=""http://image.rakuten.co.jp/kitcut/cabinet/item/27/prod-pict-297112.jpg""><img width=""100"" border=""0"" src=""http://image.rakuten.co.jp/kitcut/cabinet/item/27/prod-pict-297113.jpg""><img width=""100"" border=""0"" src=""http://image.rakuten.co.jp/kitcut/cabinet/item/34/prod-pict-443108.jpg""><img width=""100"" border=""0"" src=""http://image.rakuten.co.jp/kitcut/cabinet/item/34/prod-pict-443186.jpg""><img width=""100"" border=""0"" src=""http://image.rakuten.co.jp/kitcut/cabinet/item/38/prod-pict-447874.jpg""><img width=""100"" border=""0"" src=""http://image.rakuten.co.jp/kitcut/cabinet/item/38/prod-pict-447875.jpg""><img width=""100"" border=""0"" src=""http://image.rakuten.co.jp/kitcut/cabinet/item/32/p43532688331_5039.jpg""><img width=""100"" border=""0"" src=""http://image.rakuten.co.jp/kitcut/cabinet/item/32/p43532958771_5050.jpg""><img width=""100"" border=""0"" src=""http://image.rakuten.co.jp/kitcut/cabinet/item/32/p4353458261_5037.jpg""><img width=""100"" border=""0"" src=""http://image.rakuten.co.jp/kitcut/cabinet/item/32/p43533280231_5047.jpg""><img width=""100"" border=""0"" src=""http://image.rakuten.co.jp/kitcut/cabinet/item/32/p43534957851_5051.jpg""><img width=""100"" border=""0"" src=""http://image.rakuten.co.jp/kitcut/cabinet/item/32/p43535327731_5038.jpg"">            <br></div><hr><!-- フレンドここまで --><br> <!-- ネコポス文言 --><br><img src=http://image.rakuten.co.jp/kitcut/cabinet/nekopos.jpg><br><!-- ネコポス文言ここまで --><br><!-- 商品詳細 --><table class=item_explain border=0 cellspacing=0 cellpadding=0><tr><td>iPhone 6 Plus用 背面ガラスプレート(カモフラージュカラー)<br><br>ガラスのカットデザインはiPhone 6シリーズのラウンド形状に出来るだけ沿うよう大きなカーブを有したエッジ加工を施しました。構造上背面の縁まで保護ガラスを貼ることができないiPhone 6シリーズですが、可能な限り違和感を無くすよう工夫された形状です。カメラ周辺やロゴ周りもCNCによる精密切削加工の後に、丁寧に端面加工を施してあります。<br><br>保護ガラスプレートに採用したガラスの厚みは、基材部で0.33mm (総厚0.55mm)で、厚さと強度のバランスの取れたものです。表面処理には独自の防汚コーディングで驚くほど滑らかな指滑りと、軽く拭き取れる防汚性能を誇ります。粘着層も気泡が残りにくく、万が一保護ガラスプレートが割れてしまった際の飛散防止シリコン粘着シートを採用しています。<br><br>保護ガラスプレートは、日本 旭硝子社製と信頼できる素材を使用しています。設計は全て日本国内で行い、精密切削加工が可能な工場で生産しています <br><br>・ 超硬質のガラスプレートを使用<br>ガラス基材部厚み0.33mmで9H(※1)の超硬質のガラスプレートを使用した液晶保護用アクセサリーです。iPhone 6シリーズの液晶面を保護しながら、操作感を向上します。<br><br>・ 貼りやすく、触り心地の良い表面処理<br>ガラスプレートは適度な硬さがあるため、フィルムと比較して初めてでも貼りやすくなっています。貼った後も気泡抜けの良い構造ですので、簡単かつ綺麗に仕上げることができます(※2)。<br>角は全て指触りのラウンドエッジ加工が施されており安心してお使い頂けます。<br><br>・ 安心してご利用いただけます<br>表面処理は多層コーティングが施されており、気持ちの良い指滑りを実現しました。格別の操作感を実感できます。また、汚れにも強く、指の脂や化粧品などが付着しても軽くひと拭きで綺麗に拭き取れます。万が一割れても、破片が飛散したり指に刺さることのないよう、特殊なフィルムで飛散防止処理が施されています。<br><br>※1 JISで決められた鉛筆のHを基準とした硬度試験の単位。数値が多ければ多いほど固いことになります<br>※2 気泡が残った場合は、ガラス面上から押すか、プラスチックヘラで押さえれば消えます<br><br><br><br><br><br>[メーカー]ディーフ Deff<br>[商品型番] DG-IP6PG3BCFWH<br>[バーコード] 4571395837640<br> <font color=""gray"">[材質] ガラス<br>[色] 柄物<br>[色] グレー<br>[性能] ラウンド処理<br>[対応] iPhone 6 Plus<br>[対応] iPhone 6s Plus<br>[対応S] アイフォーン アイフォン  アイホーン アイホン iPhone<br>[雰囲気] 秋<br>[雰囲気] 冬<br>[柄] 迷彩 </font><br></td></tr></table><br><br><!-- 商品詳細ここまで --><!--共通説明文（大）ここから-->

<table width=""800"" border=""0"" align=""center"">
  <tr>
    <td> <img src=""https://image.rakuten.co.jp/kitcut/cabinet/banner/05298098/imgrc0080334562.jpg"" width=""800px"" /></td>
  </tr>
</table>
<table width=""800"" border=""0"" align=""center"">
  <tr>
    <td> <img src=""https://image.rakuten.co.jp/kitcut/cabinet/banner/05298098/imgrc0080411111.jpg"" width=""800px"" /></td>
  </tr>
</table>

<!--横2列-->

<table width=""800"" border=""0"" align=""center"">
  <tr>
    <td> <img src=""https://image.rakuten.co.jp/kitcut/cabinet/top/05006737/imgrc0080402120.jpg"" width=""399"" /></td>
    
    <!--kickflip-->
    <td> <img src=""https://image.rakuten.co.jp/kitcut/cabinet/top/05006737/imgrc0080402031.jpg"" width=""399"" /></td>
  </tr>
</table>

<!--横2列-->

<table width=""800"" border=""0"" align=""center"">
  <tr>
    <td> <img src=""https://image.rakuten.co.jp/kitcut/cabinet/banner/05298098/imgrc0081316114.jpg"" width=""399"" /></td>
    <td> <img src=""https://image.rakuten.co.jp/kitcut/cabinet/banner/05298098/imgrc0080355902.jpg"" width=""399"" /></td>
  </tr>
</table>

<!--25周年の告知-->
<table width=""800"" border=""0"" align=""center"">
  <tr>
    <td> <img src=""http://image.rakuten.co.jp/kitcut/cabinet/banner/04802908/imgrc0073840290.jpg"" width=""399"" /></td>
    <td> <img src=""http://image.rakuten.co.jp/kitcut/cabinet/banner/04802908/imgrc0073840291.jpg"" width=""399"" /></td>
  </tr>
</table>

<!--6月5日(月)9:59まで　DEAL-->
<table width=""800"" border=""0"" align=""center"">
  <tr>
    <td> <img src=""https://image.rakuten.co.jp/kitcut/cabinet/special/imgrc0081361413.jpg"" width=""800px"" /> </td>
  </tr>
</table>

<!--6月5日(月)9:59まで　フラッシュセール-->


<table width=""800"" border=""0""align=""center"" style=""background-color:#444444; color:#F4D406; text-align: center; font-size:18px; border-radius: 5px;"" >
 <tr >
    <td colspan=""5"" ><img src=""https://image.rakuten.co.jp/kitcut/cabinet/special/imgrc0081361616.jpg"" alt="""" width=""99%"" /></td>
  </tr>
  <tr>
    <td><img src=""https://image.rakuten.co.jp/kitcut/cabinet/special/imgrc0081361618.jpg"" width=""97%"" /></td>
    <td><img src=""https://image.rakuten.co.jp/kitcut/cabinet/special/imgrc0081361617.jpg"" width=""97%"" /></td>
    <td><img src=""https://image.rakuten.co.jp/kitcut/cabinet/special/imgrc0081361619.jpg"" width=""97%"" /></td>
    <td><img src=""https://image.rakuten.co.jp/kitcut/cabinet/special/imgrc0081361620.jpg"" width=""97%"" /></td>
  </tr>
  <tr>
    <td colspan=""5"" >2017年6月1日（木）10:00～2017年6月6日（火）9:59迄</td>
  </tr>
</table>






<style type=""text/css"">

#item_attention_area {
  border: #D00 solid 2px;
}

#item_attention_area p{
  margin: 0;
  padding: 2px 5px;
  color: white;
  background-color: #D00;
}

#item_attention_area ul{
  margin:0;
  padding: 10px 15px 5px 15px;
  list-style: none;
}

#item_attention_area ul>li{
  margin-bottom: 5px;
}

@media (max-width:481px){
section table   { width: 100%; }

.item th  { width: 30%; text-align: left; }
.item td  { 
margin-bottom:10px;
display:table;
}    

@media only screen and (min-width:480px){
    .item { margin: 0 auto; }
   .item tr{
        display: block;
}
    .item th,
    .item td{
        max-width: 100%;
       display: block;
        border-top: none;
		margin-bottom:10px;	

}

</style>",[1200円OFFクーポン有][ネコポス可] Deff iPhone 6 Plus / 6s Plus High Grade Glass Screen Protector カモフラージュ (Snow) 背面プレート # DG-IP6PG3BCFWH  ディーフ (iPhone6Plus 保護フィルム) 【楽ギフト】：Apple専門店 キットカット,iPhone6 ケースiPhone 6 Plus ケースiPad Air 2 ケースiPad mini ケースAppleMacBook Pro ケースMacBook Air ケースbeats by dr.dreCatalystTHULEクラフトホリックiPad Pro ケースBOSEmoecoGILD designJBLヘッドホンイヤホンbluetoothスピーカー[1200円OFFクーポン有][ネコポス可] Deff iPhone 6 Plus / 6s Plus High Grade Glass Screen Protector カモフラージュ (Snow) 背面プレート # DG-IP6PG3BCFWH  ディーフ (iPhone6Plus 保護フィルム) 【楽ギフト】,iPhone 6 Plus 背面ガラスプレート。[1200円OFFクーポン有][ネコポス可] Deff iPhone 6 Plus / 6s Plus High Grade Glass Screen Protector カモフラージュ (Snow) 背面プレート # DG-IP6PG3BCFWH  ディーフ (iPhone6Plus 保護フィルム) 【楽ギフト】[rn]
32-93144,http://tshop.r10s.jp/kitcut/cabinet/item/14/prod-pict-299484.jpg?fitin=700:700,576.0000,,スマートフォン・タブレット > スマートフォンアクセサリー > その他,[1200円OFFクーポン有][ネコポス可] [メーカー在庫限り] LEPLUS Apple Watch 38mm ハードケース 「CLEAR HARD」 クリア # LP-AW38HGCL  ルプラス   (Apple Watch ケース),Apple Watchを保護するホ&#12442;リカーホ&#12441;ネートケース,"<br>

<!-- 関連分類リンク-->
<a href=""http://item.rakuten.co.jp/kitcut/c/""><img src=""http://image.rakuten.co.jp/kitcut/cabinet/banner/kitcut/suggest-film.jpg""></a><br>
<!-- 関連分類リンクここまで--><!-- ブックマーク -->
<br><p class=""add_bookmark""><a href=""https://my.bookmark.rakuten.co.jp/?func=reg&svid=101&shop_bid=206376&iid=10063138&itype=1""><img src=""https://image.rakuten.co.jp/kitcut/cabinet/banner/kitcut/imgrc0067948711.jpg"" alt=""Last Update : 2017/05/25 9:25:11""></a></p>
<!-- ブックマークここまで --><hr>
<!-- バリエーション -->
【バリエーション】
<div class=""variation2"">
<a href=""https://item.rakuten.co.jp/kitcut/299484/""><img width=""100"" border=""0"" src=""https://image.rakuten.co.jp/kitcut/cabinet/item/14/prod-pict-299484.jpg""></a>
<a href=""https://item.rakuten.co.jp/kitcut/299485/""><img width=""100"" border=""0"" src=""https://image.rakuten.co.jp/kitcut/cabinet/item/14/prod-pict-299485.jpg""></a>
<a href=""https://item.rakuten.co.jp/kitcut/299486/""><img width=""100"" border=""0"" src=""https://image.rakuten.co.jp/kitcut/cabinet/item/14/prod-pict-299486.jpg""></a>
<a href=""https://item.rakuten.co.jp/kitcut/299487/""><img width=""100"" border=""0"" src=""https://image.rakuten.co.jp/kitcut/cabinet/item/14/prod-pict-299487.jpg""></a>
<a href=""https://item.rakuten.co.jp/kitcut/299488/""><img width=""100"" border=""0"" src=""https://image.rakuten.co.jp/kitcut/cabinet/item/14/prod-pict-299488.jpg""></a><br>
<font color=""gray"">[family] <a href=""http://search.rakuten.co.jp/search/inshop-mall/29948546701/-/f.1-p.1-s.2-sf.0-sid.206376-st.A-v.3"">29948546701</a></font></div>
<!-- バリエーションここまで -->
<!-- フレンド --><div class=""variation3""><p>【気になる商品】</p><img width=""100"" border=""0"" src=""http://image.rakuten.co.jp/kitcut/cabinet/item/14/prod-pict-299496.jpg""><img width=""100"" border=""0"" src=""http://image.rakuten.co.jp/kitcut/cabinet/item/14/prod-pict-299497.jpg""><img width=""100"" border=""0"" src=""http://image.rakuten.co.jp/kitcut/cabinet/item/14/prod-pict-299498.jpg""><img width=""100"" border=""0"" src=""http://image.rakuten.co.jp/kitcut/cabinet/item/14/prod-pict-299499.jpg""><img width=""100"" border=""0"" src=""http://image.rakuten.co.jp/kitcut/cabinet/item/14/prod-pict-299500.jpg"">            <br></div><hr><!-- フレンドここまで --><br> <!-- ネコポス文言 --><br><img src=http://image.rakuten.co.jp/kitcut/cabinet/nekopos.jpg><br><!-- ネコポス文言ここまで --><br><!-- 商品詳細 --><table class=item_explain border=0 cellspacing=0 cellpadding=0><tr><td>Apple Watchをしっかりと保護する、ポリカーボネート製ケース<br><br>・ 硬くて丈夫なポリカーボネート素材<br>・ 傷つきにくい、UVコーティング<br>・ Apple Watch純正バンド色に合わせた5色展開<br><br><br><br><br>[仕様情報]<br>素材 : ポリカーボネート<br>表面加工 : UVクリアコーティング<br>製品寸法(mm) : 38mm : 36mm(高さ)x39mm(幅)x9mm(厚み)<br>付属品 : なし<br><br>※ 製品改良などのために仕様は予告なく変更することがあります。予めご了承下さい。<br>?<br><br>[メーカー]ルプラス LEPLUS<br>[商品型番] LP-AW38HGCL<br>[バーコード] 4562398659537<br> <font color=""gray"">[材質] ポリカーボネート製<br>[材質] ハードケース<br>[色] クリア<br>[対応] Apple Watch 38mm Series 1 </font><br></td></tr></table><br><br><!-- 商品詳細ここまで --><!--共通説明文（大）ここから-->

<table width=""800"" border=""0"" align=""center"">
  <tr>
    <td> <img src=""https://image.rakuten.co.jp/kitcut/cabinet/banner/05298098/imgrc0080334562.jpg"" width=""800px"" /></td>
  </tr>
</table>
<table width=""800"" border=""0"" align=""center"">
  <tr>
    <td> <img src=""https://image.rakuten.co.jp/kitcut/cabinet/banner/05298098/imgrc0080411111.jpg"" width=""800px"" /></td>
  </tr>
</table>

<!--横2列-->

<table width=""800"" border=""0"" align=""center"">
  <tr>
    <td> <img src=""https://image.rakuten.co.jp/kitcut/cabinet/top/05006737/imgrc0080402120.jpg"" width=""399"" /></td>
    
    <!--kickflip-->
    <td> <img src=""https://image.rakuten.co.jp/kitcut/cabinet/top/05006737/imgrc0080402031.jpg"" width=""399"" /></td>
  </tr>
</table>

<!--横2列-->

<table width=""800"" border=""0"" align=""center"">
  <tr>
    <td> <img src=""https://image.rakuten.co.jp/kitcut/cabinet/banner/05298098/imgrc0081316114.jpg"" width=""399"" /></td>
    <td> <img src=""https://image.rakuten.co.jp/kitcut/cabinet/banner/05298098/imgrc0080355902.jpg"" width=""399"" /></td>
  </tr>
</table>

<!--25周年の告知-->
<table width=""800"" border=""0"" align=""center"">
  <tr>
    <td> <img src=""http://image.rakuten.co.jp/kitcut/cabinet/banner/04802908/imgrc0073840290.jpg"" width=""399"" /></td>
    <td> <img src=""http://image.rakuten.co.jp/kitcut/cabinet/banner/04802908/imgrc0073840291.jpg"" width=""399"" /></td>
  </tr>
</table>

<!--6月5日(月)9:59まで　DEAL-->
<table width=""800"" border=""0"" align=""center"">
  <tr>
    <td> <img src=""https://image.rakuten.co.jp/kitcut/cabinet/special/imgrc0081361413.jpg"" width=""800px"" /> </td>
  </tr>
</table>

<!--6月5日(月)9:59まで　フラッシュセール-->


<table width=""800"" border=""0""align=""center"" style=""background-color:#444444; color:#F4D406; text-align: center; font-size:18px; border-radius: 5px;"" >
 <tr >
    <td colspan=""5"" ><img src=""https://image.rakuten.co.jp/kitcut/cabinet/special/imgrc0081361616.jpg"" alt="""" width=""99%"" /></td>
  </tr>
  <tr>
    <td><img src=""https://image.rakuten.co.jp/kitcut/cabinet/special/imgrc0081361618.jpg"" width=""97%"" /></td>
    <td><img src=""https://image.rakuten.co.jp/kitcut/cabinet/special/imgrc0081361617.jpg"" width=""97%"" /></td>
    <td><img src=""https://image.rakuten.co.jp/kitcut/cabinet/special/imgrc0081361619.jpg"" width=""97%"" /></td>
    <td><img src=""https://image.rakuten.co.jp/kitcut/cabinet/special/imgrc0081361620.jpg"" width=""97%"" /></td>
  </tr>
  <tr>
    <td colspan=""5"" >2017年6月1日（木）10:00～2017年6月6日（火）9:59迄</td>
  </tr>
</table>






<style type=""text/css"">

#item_attention_area {
  border: #D00 solid 2px;
}

#item_attention_area p{
  margin: 0;
  padding: 2px 5px;
  color: white;
  background-color: #D00;
}

#item_attention_area ul{
  margin:0;
  padding: 10px 15px 5px 15px;
  list-style: none;
}

#item_attention_area ul>li{
  margin-bottom: 5px;
}

@media (max-width:481px){
section table   { width: 100%; }

.item th  { width: 30%; text-align: left; }
.item td  { 
margin-bottom:10px;
display:table;
}    

@media only screen and (min-width:480px){
    .item { margin: 0 auto; }
   .item tr{
        display: block;
}
    .item th,
    .item td{
        max-width: 100%;
       display: block;
        border-top: none;
		margin-bottom:10px;	

}

</style>",[1200円OFFクーポン有][ネコポス可] [メーカー在庫限り] LEPLUS Apple Watch 38mm ハードケース 「CLEAR HARD」 クリア # LP-AW38HGCL  ルプラス   (Apple Watch ケース)：Apple専門店 キットカット,iPhone6 ケースiPhone 6 Plus ケースiPad Air 2 ケースiPad mini ケースAppleMacBook Pro ケースMacBook Air ケースbeats by dr.dreCatalystTHULEクラフトホリックiPad Pro ケースBOSEmoecoGILD designJBLヘッドホンイヤホンbluetoothスピーカー[1200円OFFクーポン有][ネコポス可] [メーカー在庫限り] LEPLUS Apple Watch 38mm ハードケース 「CLEAR HARD」 クリア # LP-AW38HGCL  ルプラス   (Apple Watch ケース),Apple Watchを保護するホ&#12442;リカーホ&#12441;ネートケース。[1200円OFFクーポン有][ネコポス可] [メーカー在庫限り] LEPLUS Apple Watch 38mm ハードケース 「CLEAR HARD」 クリア # LP-AW38HGCL  ルプラス   (Apple Watch ケース)[rn]
32-93145,http://tshop.r10s.jp/kitcut/cabinet/item/30/prod-pict-299532.jpg?fitin=700:700,576.0000,,スマートフォン・タブレット > スマートフォンアクセサリー > その他,[1200円OFFクーポン有][ネコポス可] [メーカー在庫限り] LEPLUS Apple Watch 38mm 極薄フルカバーハードケース 「ZERO HARD」 クリアグリーン # LP-AW38HTCGR  ルプラス (Apple Watch ケース),Apple Watchの液晶画面まて&#12441;守る,"<br>

<!-- 関連分類リンク-->
<a href=""http://item.rakuten.co.jp/kitcut/c/""><img src=""http://image.rakuten.co.jp/kitcut/cabinet/banner/kitcut/suggest-film.jpg""></a><br>
<!-- 関連分類リンクここまで--><!-- ブックマーク -->
<br><p class=""add_bookmark""><a href=""https://my.bookmark.rakuten.co.jp/?func=reg&svid=101&shop_bid=206376&iid=10064493&itype=1""><img src=""https://image.rakuten.co.jp/kitcut/cabinet/banner/kitcut/imgrc0067948711.jpg"" alt=""Last Update : 2017/05/25 9:25:16""></a></p>
<!-- ブックマークここまで --><hr>
<!-- バリエーション -->
【バリエーション】
<div class=""variation2"">
<a href=""https://item.rakuten.co.jp/kitcut/299530/""><img width=""100"" border=""0"" src=""https://image.rakuten.co.jp/kitcut/cabinet/item/30/prod-pict-299530.jpg""></a>
<a href=""https://item.rakuten.co.jp/kitcut/299531/""><img width=""100"" border=""0"" src=""https://image.rakuten.co.jp/kitcut/cabinet/item/30/prod-pict-299531.jpg""></a>
<a href=""https://item.rakuten.co.jp/kitcut/299532/""><img width=""100"" border=""0"" src=""https://image.rakuten.co.jp/kitcut/cabinet/item/30/prod-pict-299532.jpg""></a><br>
<font color=""gray"">[family] <a href=""http://search.rakuten.co.jp/search/inshop-mall/2995298911/-/f.1-p.1-s.2-sf.0-sid.206376-st.A-v.3"">2995298911</a></font></div>
<!-- バリエーションここまで -->
<!-- ネコポス文言 --><br>
<img src='http://image.rakuten.co.jp/kitcut/cabinet/nekopos.jpg'><br>
<!-- ネコポス文言ここまで --><br><!-- 商品詳細 -->
<table class='item_explain' border='0' cellspacing='0' cellpadding='0'>
<tr>
<td>
Apple Watchの液晶画面まで守る、超薄型0.4mmハードケース<br>
<br>
・ 超薄型0.4mmのポリカーボネート素材<br>
・ 液晶画面まで保護する、フルカバータイプ<br>
・ Apple Watch純正バンド色に合わせた5色展開<br>
[仕様情報]<br>
素材 : ポリカーボネート<br>
製品寸法(mm) : 38mm : 36mm(高さ)x39mm(幅)x9mm(厚み)<br>
付属品 : なし<br><br>
[メーカー]ルプラス LEPLUS<br>
[商品型番] LP-AW38HTCGR<br>
[バーコード] 4562398659698<br>

<font color=""gray"">
[材質] ハードケース<br>[材質] ポリカーボネート製<br>[色] グリーン<br>[対応] Apple Watch 38mm Series 1
</font><br>
</td>
</tr>
</table><br><br>
<!-- 商品詳細ここまで --><!--共通説明文（大）ここから-->

<table width=""800"" border=""0"" align=""center"">
  <tr>
    <td> <img src=""https://image.rakuten.co.jp/kitcut/cabinet/banner/05298098/imgrc0080334562.jpg"" width=""800px"" /></td>
  </tr>
</table>
<table width=""800"" border=""0"" align=""center"">
  <tr>
    <td> <img src=""https://image.rakuten.co.jp/kitcut/cabinet/banner/05298098/imgrc0080411111.jpg"" width=""800px"" /></td>
  </tr>
</table>

<!--横2列-->

<table width=""800"" border=""0"" align=""center"">
  <tr>
    <td> <img src=""https://image.rakuten.co.jp/kitcut/cabinet/top/05006737/imgrc0080402120.jpg"" width=""399"" /></td>
    
    <!--kickflip-->
    <td> <img src=""https://image.rakuten.co.jp/kitcut/cabinet/top/05006737/imgrc0080402031.jpg"" width=""399"" /></td>
  </tr>
</table>

<!--横2列-->

<table width=""800"" border=""0"" align=""center"">
  <tr>
    <td> <img src=""https://image.rakuten.co.jp/kitcut/cabinet/banner/05298098/imgrc0081316114.jpg"" width=""399"" /></td>
    <td> <img src=""https://image.rakuten.co.jp/kitcut/cabinet/banner/05298098/imgrc0080355902.jpg"" width=""399"" /></td>
  </tr>
</table>

<!--25周年の告知-->
<table width=""800"" border=""0"" align=""center"">
  <tr>
    <td> <img src=""http://image.rakuten.co.jp/kitcut/cabinet/banner/04802908/imgrc0073840290.jpg"" width=""399"" /></td>
    <td> <img src=""http://image.rakuten.co.jp/kitcut/cabinet/banner/04802908/imgrc0073840291.jpg"" width=""399"" /></td>
  </tr>
</table>

<!--6月5日(月)9:59まで　DEAL-->
<table width=""800"" border=""0"" align=""center"">
  <tr>
    <td> <img src=""https://image.rakuten.co.jp/kitcut/cabinet/special/imgrc0081361413.jpg"" width=""800px"" /> </td>
  </tr>
</table>

<!--6月5日(月)9:59まで　フラッシュセール-->


<table width=""800"" border=""0""align=""center"" style=""background-color:#444444; color:#F4D406; text-align: center; font-size:18px; border-radius: 5px;"" >
 <tr >
    <td colspan=""5"" ><img src=""https://image.rakuten.co.jp/kitcut/cabinet/special/imgrc0081361616.jpg"" alt="""" width=""99%"" /></td>
  </tr>
  <tr>
    <td><img src=""https://image.rakuten.co.jp/kitcut/cabinet/special/imgrc0081361618.jpg"" width=""97%"" /></td>
    <td><img src=""https://image.rakuten.co.jp/kitcut/cabinet/special/imgrc0081361617.jpg"" width=""97%"" /></td>
    <td><img src=""https://image.rakuten.co.jp/kitcut/cabinet/special/imgrc0081361619.jpg"" width=""97%"" /></td>
    <td><img src=""https://image.rakuten.co.jp/kitcut/cabinet/special/imgrc0081361620.jpg"" width=""97%"" /></td>
  </tr>
  <tr>
    <td colspan=""5"" >2017年6月1日（木）10:00～2017年6月6日（火）9:59迄</td>
  </tr>
</table>






<style type=""text/css"">

#item_attention_area {
  border: #D00 solid 2px;
}

#item_attention_area p{
  margin: 0;
  padding: 2px 5px;
  color: white;
  background-color: #D00;
}

#item_attention_area ul{
  margin:0;
  padding: 10px 15px 5px 15px;
  list-style: none;
}

#item_attention_area ul>li{
  margin-bottom: 5px;
}

@media (max-width:481px){
section table   { width: 100%; }

.item th  { width: 30%; text-align: left; }
.item td  { 
margin-bottom:10px;
display:table;
}    

@media only screen and (min-width:480px){
    .item { margin: 0 auto; }
   .item tr{
        display: block;
}
    .item th,
    .item td{
        max-width: 100%;
       display: block;
        border-top: none;
		margin-bottom:10px;	

}

</style>",[1200円OFFクーポン有][ネコポス可] [メーカー在庫限り] LEPLUS Apple Watch 38mm 極薄フルカバーハードケース 「ZERO HARD」 クリアグリーン # LP-AW38HTCGR  ルプラス (Apple Watch ケース)：Apple専門店 キットカット,iPhone6 ケースiPhone 6 Plus ケースiPad Air 2 ケースiPad mini ケースAppleMacBook Pro ケースMacBook Air ケースbeats by dr.dreCatalystTHULEクラフトホリックiPad Pro ケースBOSEmoecoGILD designJBLヘッドホンイヤホンbluetoothスピーカー[1200円OFFクーポン有][ネコポス可] [メーカー在庫限り] LEPLUS Apple Watch 38mm 極薄フルカバーハードケース 「ZERO HARD」 クリアグリーン # LP-AW38HTCGR  ルプラス (Apple Watch ケース),Apple Watchの液晶画面まて&#12441;守る。[1200円OFFクーポン有][ネコポス可] [メーカー在庫限り] LEPLUS Apple Watch 38mm 極薄フルカバーハードケース 「ZERO HARD」 クリアグリーン # LP-AW38HTCGR  ルプラス (Apple Watch ケース)[rn]
32-93146,http://tshop.r10s.jp/kitcut/cabinet/item/38/prod-pict-447712.jpg?fitin=700:700,2864.0000,,スマートフォン・タブレット > スマートフォンアクセサリー > その他,[1200円OFFクーポン有][ネコポス可] LEPLUS iPad 5th / 9.7インチ iPad Pro / iPad Air 2 ガラスフィルム 「GLASS PREMIUM FILM」 マット 0.33mm # LP-IPP9FGM  ルプラス   (Apple製品関連アクセサリ),,"<!-- リコメンド --><br>
<div id=""recommend_area"">
<h3>LEPLUS iPad 5th / 9.7インチ iPad Pro / iPad Air 2 ガラスフィルム 「GLASS PREMIUM FILM」 マット 0.33mm # LP-IPP9FGM  ルプラス  </h3>
<div class=""staff_recommend""><h3>***</h3><div class=""recom_showcase""><p class=""recom_img""><img src=""http://image.rakuten.co.jp/kitcut/cabinet/recom43/rec-447712-52376.jpg"" alt=""***の画像""></p></div><p></p></div>
</div>
<!-- リコメンドここまで -->

<br>

<!-- 関連分類リンク-->
<a href=""http://item.rakuten.co.jp/kitcut/c/""><img src=""http://image.rakuten.co.jp/kitcut/cabinet/banner/kitcut/suggest-case.jpg""></a><br>
<!-- 関連分類リンクここまで--><!-- ブックマーク -->
<br><p class=""add_bookmark""><a href=""https://my.bookmark.rakuten.co.jp/?func=reg&svid=101&shop_bid=206376&iid=10085682&itype=1""><img src=""https://image.rakuten.co.jp/kitcut/cabinet/banner/kitcut/imgrc0067948711.jpg"" alt=""Last Update : 2017/05/25 9:29:28""></a></p>
<!-- ブックマークここまで --><hr>
<!-- バリエーション -->
【バリエーション】
<div class=""variation2"">
<a href=""https://item.rakuten.co.jp/kitcut/447711/""><img width=""100"" border=""0"" src=""https://image.rakuten.co.jp/kitcut/cabinet/item/38/prod-pict-447711.jpg""></a>
<a href=""https://item.rakuten.co.jp/kitcut/447712/""><img width=""100"" border=""0"" src=""https://image.rakuten.co.jp/kitcut/cabinet/item/38/prod-pict-447712.jpg""></a>
<a href=""https://item.rakuten.co.jp/kitcut/447713/""><img width=""100"" border=""0"" src=""https://image.rakuten.co.jp/kitcut/cabinet/item/38/prod-pict-447713.jpg""></a><br>
<font color=""gray"">[family] <a href=""http://search.rakuten.co.jp/search/inshop-mall/44771175951/-/f.1-p.1-s.2-sf.0-sid.206376-st.A-v.3"">44771175951</a></font></div>
<!-- バリエーションここまで -->
<!-- ネコポス文言 --><br><img src=http://image.rakuten.co.jp/kitcut/cabinet/nekopos.jpg><br><!-- ネコポス文言ここまで --><br><!-- 商品詳細 --><table class=item_explain border=0 cellspacing=0 cellpadding=0><tr><td>iPad 2017 9.7inch ガラスフィルム 「GLASS PREMIUM FILM」 マット 0.33mm<br><br>硬度9H表面強化ガラスのマット。指滑りがなめらかで、ゲームに最適。反射防止!清浄布・埃除去シール・クロス付属<br><br>■ 日本メーカー製表面硬度「9H」強化ガラス<br>■ 反射・指紋を防止するマットな質感<br>■ スマートフォン本来の滑らかな指すべり<br><br><br><br>[仕様情報]<br>本体素材 : 旭硝子製ソーダライムガラス<br>ガラス厚 : 0.33mm<br>表面硬度 : 9H以上<br>接着面素材 : シリコン膜<br>付属品 : クリーニングクロス/アルコール清浄布/ホコリ除去ラベル<br><br>[メーカー]ルプラス LEPLUS<br>[商品型番] LP-IPP9FGM<br>[バーコード] 4589762252217<br> <font color=""gray"">[材質] ガラス<br>[性能] 非光沢<br>[性能] ガラスフィルム<br>[性能] 指紋防止<br>[対応] iPad Air<br>[対応] 9.7インチ iPad Pro<br>[対応] iPad 5th </font><br></td></tr></table><br><br><!-- 商品詳細ここまで --><!--共通説明文（大）ここから-->

<table width=""800"" border=""0"" align=""center"">
  <tr>
    <td> <img src=""https://image.rakuten.co.jp/kitcut/cabinet/banner/05298098/imgrc0080334562.jpg"" width=""800px"" /></td>
  </tr>
</table>
<table width=""800"" border=""0"" align=""center"">
  <tr>
    <td> <img src=""https://image.rakuten.co.jp/kitcut/cabinet/banner/05298098/imgrc0080411111.jpg"" width=""800px"" /></td>
  </tr>
</table>

<!--横2列-->

<table width=""800"" border=""0"" align=""center"">
  <tr>
    <td> <img src=""https://image.rakuten.co.jp/kitcut/cabinet/top/05006737/imgrc0080402120.jpg"" width=""399"" /></td>
    
    <!--kickflip-->
    <td> <img src=""https://image.rakuten.co.jp/kitcut/cabinet/top/05006737/imgrc0080402031.jpg"" width=""399"" /></td>
  </tr>
</table>

<!--横2列-->

<table width=""800"" border=""0"" align=""center"">
  <tr>
    <td> <img src=""https://image.rakuten.co.jp/kitcut/cabinet/banner/05298098/imgrc0081316114.jpg"" width=""399"" /></td>
    <td> <img src=""https://image.rakuten.co.jp/kitcut/cabinet/banner/05298098/imgrc0080355902.jpg"" width=""399"" /></td>
  </tr>
</table>

<!--25周年の告知-->
<table width=""800"" border=""0"" align=""center"">
  <tr>
    <td> <img src=""http://image.rakuten.co.jp/kitcut/cabinet/banner/04802908/imgrc0073840290.jpg"" width=""399"" /></td>
    <td> <img src=""http://image.rakuten.co.jp/kitcut/cabinet/banner/04802908/imgrc0073840291.jpg"" width=""399"" /></td>
  </tr>
</table>

<!--6月5日(月)9:59まで　DEAL-->
<table width=""800"" border=""0"" align=""center"">
  <tr>
    <td> <img src=""https://image.rakuten.co.jp/kitcut/cabinet/special/imgrc0081361413.jpg"" width=""800px"" /> </td>
  </tr>
</table>

<!--6月5日(月)9:59まで　フラッシュセール-->


<table width=""800"" border=""0""align=""center"" style=""background-color:#444444; color:#F4D406; text-align: center; font-size:18px; border-radius: 5px;"" >
 <tr >
    <td colspan=""5"" ><img src=""https://image.rakuten.co.jp/kitcut/cabinet/special/imgrc0081361616.jpg"" alt="""" width=""99%"" /></td>
  </tr>
  <tr>
    <td><img src=""https://image.rakuten.co.jp/kitcut/cabinet/special/imgrc0081361618.jpg"" width=""97%"" /></td>
    <td><img src=""https://image.rakuten.co.jp/kitcut/cabinet/special/imgrc0081361617.jpg"" width=""97%"" /></td>
    <td><img src=""https://image.rakuten.co.jp/kitcut/cabinet/special/imgrc0081361619.jpg"" width=""97%"" /></td>
    <td><img src=""https://image.rakuten.co.jp/kitcut/cabinet/special/imgrc0081361620.jpg"" width=""97%"" /></td>
  </tr>
  <tr>
    <td colspan=""5"" >2017年6月1日（木）10:00～2017年6月6日（火）9:59迄</td>
  </tr>
</table>






<style type=""text/css"">

#item_attention_area {
  border: #D00 solid 2px;
}

#item_attention_area p{
  margin: 0;
  padding: 2px 5px;
  color: white;
  background-color: #D00;
}

#item_attention_area ul{
  margin:0;
  padding: 10px 15px 5px 15px;
  list-style: none;
}

#item_attention_area ul>li{
  margin-bottom: 5px;
}

@media (max-width:481px){
section table   { width: 100%; }

.item th  { width: 30%; text-align: left; }
.item td  { 
margin-bottom:10px;
display:table;
}    

@media only screen and (min-width:480px){
    .item { margin: 0 auto; }
   .item tr{
        display: block;
}
    .item th,
    .item td{
        max-width: 100%;
       display: block;
        border-top: none;
		margin-bottom:10px;	

}

</style>",[1200円OFFクーポン有][ネコポス可] LEPLUS iPad 5th / 9.7インチ iPad Pro / iPad Air 2 ガラスフィルム 「GLASS PREMIUM FILM」 マット 0.33mm # LP-IPP9FGM  ルプラス   (Apple製品関連アクセサリ)：Apple専門店 キットカット,iPhone6 ケースiPhone 6 Plus ケースiPad Air 2 ケースiPad mini ケースAppleMacBook Pro ケースMacBook Air ケースbeats by dr.dreCatalystTHULEクラフトホリックiPad Pro ケースBOSEmoecoGILD designJBLヘッドホンイヤホンbluetoothスピーカー[1200円OFFクーポン有][ネコポス可] LEPLUS iPad 5th / 9.7インチ iPad Pro / iPad Air 2 ガラスフィルム 「GLASS PREMIUM FILM」 マット 0.33mm # LP-IPP9FGM  ルプラス   (Apple製品関連アクセサリ),[1200円OFFクーポン有][ネコポス可] LEPLUS iPad 5th / 9.7インチ iPad Pro / iPad Air 2 ガラスフィルム 「GLASS PREMIUM FILM」 マット 0.33mm # LP-IPP9FGM  ルプラス   (Apple製品関連アクセサリ)[rn]
32-93147,http://tshop.r10s.jp/kitcut/cabinet/item/35/prod-pict-436905.jpg?fitin=700:700,1496.0000,,スマートフォン・タブレット > スマートフォンアクセサリー > その他,[1200円OFFクーポン有][ネコポス可] LEPLUS iPad 5th / 9.7インチ iPad Pro / Air 2 / Air 保護フィルム 「SHIELD・G HIGH SPEC FILM」 ブルーライトカット(高透明) # LP-IPA3FLGSPBC  ルプラス (Apple製品関連アクセサリ),様々な機能性で液晶面をしっかり保護。,"<!-- リコメンド --><br>
<div id=""recommend_area"">
<h3>LEPLUS iPad 5th / 9.7インチ iPad Pro / Air 2 / Air 保護フィルム 「SHIELD・G HIGH SPEC FILM」 ブルーライトカット(高透明) # LP-IPA3FLGSPBC  ルプラス</h3>
<div class=""staff_recommend""><h3>***</h3><div class=""recom_showcase""><p class=""recom_img""><img src=""http://image.rakuten.co.jp/kitcut/cabinet/recom36/rec-436905-40614.jpg"" alt=""***の画像""></p></div><p></p></div>
</div>
<!-- リコメンドここまで -->

<br>

<!-- 関連分類リンク-->
<a href=""http://item.rakuten.co.jp/kitcut/c/""><img src=""http://image.rakuten.co.jp/kitcut/cabinet/banner/kitcut/suggest-case.jpg""></a><br>
<!-- 関連分類リンクここまで--><!-- ブックマーク -->
<br><p class=""add_bookmark""><a href=""https://my.bookmark.rakuten.co.jp/?func=reg&svid=101&shop_bid=206376&iid=10075527&itype=1""><img src=""https://image.rakuten.co.jp/kitcut/cabinet/banner/kitcut/imgrc0067948711.jpg"" alt=""Last Update : 2017/05/25 9:26:52""></a></p>
<!-- ブックマークここまで --><hr>
<!-- バリエーション -->
【バリエーション】
<div class=""variation2"">
<a href=""https://item.rakuten.co.jp/kitcut/436903/""><img width=""100"" border=""0"" src=""https://image.rakuten.co.jp/kitcut/cabinet/item/35/prod-pict-436903.jpg""></a>
<a href=""https://item.rakuten.co.jp/kitcut/436904/""><img width=""100"" border=""0"" src=""https://image.rakuten.co.jp/kitcut/cabinet/item/35/prod-pict-436904.jpg""></a>
<a href=""https://item.rakuten.co.jp/kitcut/436905/""><img width=""100"" border=""0"" src=""https://image.rakuten.co.jp/kitcut/cabinet/item/35/prod-pict-436905.jpg""></a><br>
<font color=""gray"">[family] <a href=""http://search.rakuten.co.jp/search/inshop-mall/43690364531/-/f.1-p.1-s.2-sf.0-sid.206376-st.A-v.3"">43690364531</a></font></div>
<!-- バリエーションここまで -->
<!-- 注意事項 --><div id=""item_attention_area"">  <p>ご注意ください</p>  <ul>    <li>※ デザイン・仕様は変更になる場合がございます。   </li>  </ul></div><!-- 注意事項ここまで --> <!-- ネコポス文言 --><br><img src=http://image.rakuten.co.jp/kitcut/cabinet/nekopos.jpg><br><!-- ネコポス文言ここまで --><br><!-- 商品詳細 --><table class=item_explain border=0 cellspacing=0 cellpadding=0><tr><td>様々な機能性で液晶面をしっかり保護。<br><br>・透過率91.3%の高透明を実現!<br>・ブルーライトを約26%カットし、目の疲れを軽減<br>・高透明だから写真閲覧、動画鑑賞に最適<br><br>※画像はイメージです。<br><br><br>[仕様情報]<br>　　素材 : PET<br>　付属品 : 埃除去シール/クロス付属<br><br>[メーカー]ルプラス LEPLUS<br>[商品型番] LP-IPA3FLGSPBC<br>[バーコード] 4573267210452<br> <font color=""gray"">[性能] 光沢<br>[性能] ブルーライトカット<br>[対応] 9.7インチ iPad Pro<br>[対応] iPad Air<br>[対応] iPad Air 2<br>[対応] iPad 5th </font><br></td></tr></table><br><br><!-- 商品詳細ここまで --><!--共通説明文（大）ここから-->

<table width=""800"" border=""0"" align=""center"">
  <tr>
    <td> <img src=""https://image.rakuten.co.jp/kitcut/cabinet/banner/05298098/imgrc0080334562.jpg"" width=""800px"" /></td>
  </tr>
</table>
<table width=""800"" border=""0"" align=""center"">
  <tr>
    <td> <img src=""https://image.rakuten.co.jp/kitcut/cabinet/banner/05298098/imgrc0080411111.jpg"" width=""800px"" /></td>
  </tr>
</table>

<!--横2列-->

<table width=""800"" border=""0"" align=""center"">
  <tr>
    <td> <img src=""https://image.rakuten.co.jp/kitcut/cabinet/top/05006737/imgrc0080402120.jpg"" width=""399"" /></td>
    
    <!--kickflip-->
    <td> <img src=""https://image.rakuten.co.jp/kitcut/cabinet/top/05006737/imgrc0080402031.jpg"" width=""399"" /></td>
  </tr>
</table>

<!--横2列-->

<table width=""800"" border=""0"" align=""center"">
  <tr>
    <td> <img src=""https://image.rakuten.co.jp/kitcut/cabinet/banner/05298098/imgrc0081316114.jpg"" width=""399"" /></td>
    <td> <img src=""https://image.rakuten.co.jp/kitcut/cabinet/banner/05298098/imgrc0080355902.jpg"" width=""399"" /></td>
  </tr>
</table>

<!--25周年の告知-->
<table width=""800"" border=""0"" align=""center"">
  <tr>
    <td> <img src=""http://image.rakuten.co.jp/kitcut/cabinet/banner/04802908/imgrc0073840290.jpg"" width=""399"" /></td>
    <td> <img src=""http://image.rakuten.co.jp/kitcut/cabinet/banner/04802908/imgrc0073840291.jpg"" width=""399"" /></td>
  </tr>
</table>

<!--6月5日(月)9:59まで　DEAL-->
<table width=""800"" border=""0"" align=""center"">
  <tr>
    <td> <img src=""https://image.rakuten.co.jp/kitcut/cabinet/special/imgrc0081361413.jpg"" width=""800px"" /> </td>
  </tr>
</table>

<!--6月5日(月)9:59まで　フラッシュセール-->


<table width=""800"" border=""0""align=""center"" style=""background-color:#444444; color:#F4D406; text-align: center; font-size:18px; border-radius: 5px;"" >
 <tr >
    <td colspan=""5"" ><img src=""https://image.rakuten.co.jp/kitcut/cabinet/special/imgrc0081361616.jpg"" alt="""" width=""99%"" /></td>
  </tr>
  <tr>
    <td><img src=""https://image.rakuten.co.jp/kitcut/cabinet/special/imgrc0081361618.jpg"" width=""97%"" /></td>
    <td><img src=""https://image.rakuten.co.jp/kitcut/cabinet/special/imgrc0081361617.jpg"" width=""97%"" /></td>
    <td><img src=""https://image.rakuten.co.jp/kitcut/cabinet/special/imgrc0081361619.jpg"" width=""97%"" /></td>
    <td><img src=""https://image.rakuten.co.jp/kitcut/cabinet/special/imgrc0081361620.jpg"" width=""97%"" /></td>
  </tr>
  <tr>
    <td colspan=""5"" >2017年6月1日（木）10:00～2017年6月6日（火）9:59迄</td>
  </tr>
</table>






<style type=""text/css"">

#item_attention_area {
  border: #D00 solid 2px;
}

#item_attention_area p{
  margin: 0;
  padding: 2px 5px;
  color: white;
  background-color: #D00;
}

#item_attention_area ul{
  margin:0;
  padding: 10px 15px 5px 15px;
  list-style: none;
}

#item_attention_area ul>li{
  margin-bottom: 5px;
}

@media (max-width:481px){
section table   { width: 100%; }

.item th  { width: 30%; text-align: left; }
.item td  { 
margin-bottom:10px;
display:table;
}    

@media only screen and (min-width:480px){
    .item { margin: 0 auto; }
   .item tr{
        display: block;
}
    .item th,
    .item td{
        max-width: 100%;
       display: block;
        border-top: none;
		margin-bottom:10px;	

}

</style>",[1200円OFFクーポン有][ネコポス可] LEPLUS iPad 5th / 9.7インチ iPad Pro / Air 2 / Air 保護フィルム 「SHIELD・G HIGH SPEC FILM」 ブルーライトカット(高透明) # LP-IPA3FLGSPBC  ルプラス (Apple製品関連アクセサリ)：Apple専門店 キットカット,iPhone6 ケースiPhone 6 Plus ケースiPad Air 2 ケースiPad mini ケースAppleMacBook Pro ケースMacBook Air ケースbeats by dr.dreCatalystTHULEクラフトホリックiPad Pro ケースBOSEmoecoGILD designJBLヘッドホンイヤホンbluetoothスピーカー[1200円OFFクーポン有][ネコポス可] LEPLUS iPad 5th / 9.7インチ iPad Pro / Air 2 / Air 保護フィルム 「SHIELD・G HIGH SPEC FILM」 ブルーライトカット(高透明) # LP-IPA3FLGSPBC  ルプラス (Apple製品関連アクセサリ),様々な機能性で液晶面をしっかり保護。。[1200円OFFクーポン有][ネコポス可] LEPLUS iPad 5th / 9.7インチ iPad Pro / Air 2 / Air 保護フィルム 「SHIELD・G HIGH SPEC FILM」 ブルーライトカット(高透明) # LP-IPA3FLGSPBC  ルプラス (Apple製品関連アクセサリ)[rn]
32-93148,http://tshop.r10s.jp/kitcut/cabinet/item/35/prod-pict-436901.jpg?fitin=700:700,3928.0000,,スマートフォン・タブレット > スマートフォンアクセサリー > その他,[1200円OFFクーポン有] LEPLUS iPad 5th / 9.7インチ iPad Pro / Air 2 / Air ガラスフィルム 「GLASS PREMIUM FILM」 通常 0.33mm # LP-IPA3FG  ルプラス   (Apple製品関連アクセサリ),液晶面をしっかり保護。ガラスならではの高級感と滑らかさ。,"<br> <!-- 関連分類リンク--><a href=""http://item.rakuten.co.jp/kitcut/c/""><img src=""http://image.rakuten.co.jp/kitcut/cabinet/banner/kitcut/suggest-case.jpg""></a><br><!-- 関連分類リンクここまで--><!-- ブックマーク --><br><p class=""add_bookmark""><a href=""https://my.bookmark.rakuten.co.jp/?func=reg&svid=101&shop_bid=206376&iid=10075523&itype=1""><img src=""https://image.rakuten.co.jp/kitcut/cabinet/banner/kitcut/imgrc0067948711.jpg"" alt=""Last Update : 2017/05/29 9:40:23""></a></p><!-- ブックマークここまで --><hr><!-- バリエーション -->【バリエーション】 <div class=""variation2""><a href=""https://item.rakuten.co.jp/kitcut/436901/""><img width=""100"" border=""0"" src=""https://image.rakuten.co.jp/kitcut/cabinet/item/35/prod-pict-436901.jpg""></a><a href=""https://item.rakuten.co.jp/kitcut/436902/""><img width=""100"" border=""0"" src=""https://image.rakuten.co.jp/kitcut/cabinet/item/35/prod-pict-436902.jpg""></a><br><font color=""gray"">[family] <a href=""http://search.rakuten.co.jp/search/inshop-mall/43690182231/-/f.1-p.1-s.2-sf.0-sid.206376-st.A-v.3"">43690182231</a></font></div><!-- バリエーションここまで --><!-- 注意事項 --><div id=""item_attention_area"">  <p>ご注意ください</p>  <ul>    <li>※ デザイン・仕様は変更になる場合がございます。   </li>  </ul></div><!-- 注意事項ここまで --> <!-- ネコポス文言 --><br><img src=http://image.rakuten.co.jp/kitcut/cabinet/nekopos.jpg><br><!-- ネコポス文言ここまで --><br><!-- 商品詳細 --><table class=item_explain border=0 cellspacing=0 cellpadding=0><tr><td>様々な機能性で液晶面をしっかり保護。ガラスならではの高級感と滑らかさ<br>【GLASS PREMIUM FILM 通常 0.33mm】 for iPad Pro 9.7inch / Air / Air 2 <br><br>・表面硬度「9H」超硬度強化ガラス採用。<br>・存在を感じさせない驚異的な透明度。<br>・iPad Pro 9.7inch / Air / Air 2 本来の滑らかな触り心地を実現。<br>・高級感を演出するラウンドエッジ加工。<br>・指紋・気泡・飛散防止加工。<br><br>※画像はイメージです。<br><br><br>[仕様情報]<br>　　素材 : ガラス<br>表面硬度 : 9H<br>ガラス厚 : 0.33mm<br>　付属品 : 浄布/埃除去シール/クロス付属<br><br>[メーカー]ルプラス LEPLUS<br>[商品型番] LP-IPA3FG<br>[バーコード] 4573267210414<br> <font color=""gray"">[材質] ガラス<br>[性能] ガラスフィルム<br>[性能] ラウンド処理<br>[性能] 光沢<br>[対応] 9.7インチ iPad Pro<br>[対応] iPad Air<br>[対応] iPad Air 2<br>[対応] iPad 5th </font><br></td></tr></table><br><br><!-- 商品詳細ここまで --><!--共通説明文（大）ここから-->

<table width=""800"" border=""0"" align=""center"">
  <tr>
    <td> <img src=""https://image.rakuten.co.jp/kitcut/cabinet/banner/05298098/imgrc0080334562.jpg"" width=""800px"" /></td>
  </tr>
</table>
<table width=""800"" border=""0"" align=""center"">
  <tr>
    <td> <img src=""https://image.rakuten.co.jp/kitcut/cabinet/banner/05298098/imgrc0080411111.jpg"" width=""800px"" /></td>
  </tr>
</table>

<!--横2列-->

<table width=""800"" border=""0"" align=""center"">
  <tr>
    <td> <img src=""https://image.rakuten.co.jp/kitcut/cabinet/top/05006737/imgrc0080402120.jpg"" width=""399"" /></td>
    
    <!--kickflip-->
    <td> <img src=""https://image.rakuten.co.jp/kitcut/cabinet/top/05006737/imgrc0080402031.jpg"" width=""399"" /></td>
  </tr>
</table>

<!--横2列-->

<table width=""800"" border=""0"" align=""center"">
  <tr>
    <td> <img src=""https://image.rakuten.co.jp/kitcut/cabinet/banner/05298098/imgrc0081316114.jpg"" width=""399"" /></td>
    <td> <img src=""https://image.rakuten.co.jp/kitcut/cabinet/banner/05298098/imgrc0080355902.jpg"" width=""399"" /></td>
  </tr>
</table>

<!--25周年の告知-->
<table width=""800"" border=""0"" align=""center"">
  <tr>
    <td> <img src=""http://image.rakuten.co.jp/kitcut/cabinet/banner/04802908/imgrc0073840290.jpg"" width=""399"" /></td>
    <td> <img src=""http://image.rakuten.co.jp/kitcut/cabinet/banner/04802908/imgrc0073840291.jpg"" width=""399"" /></td>
  </tr>
</table>

<!--6月5日(月)9:59まで　DEAL-->
<table width=""800"" border=""0"" align=""center"">
  <tr>
    <td> <img src=""https://image.rakuten.co.jp/kitcut/cabinet/special/imgrc0081361413.jpg"" width=""800px"" /> </td>
  </tr>
</table>

<!--6月5日(月)9:59まで　フラッシュセール-->


<table width=""800"" border=""0""align=""center"" style=""background-color:#444444; color:#F4D406; text-align: center; font-size:18px; border-radius: 5px;"" >
 <tr >
    <td colspan=""5"" ><img src=""https://image.rakuten.co.jp/kitcut/cabinet/special/imgrc0081361616.jpg"" alt="""" width=""99%"" /></td>
  </tr>
  <tr>
    <td><img src=""https://image.rakuten.co.jp/kitcut/cabinet/special/imgrc0081361618.jpg"" width=""97%"" /></td>
    <td><img src=""https://image.rakuten.co.jp/kitcut/cabinet/special/imgrc0081361617.jpg"" width=""97%"" /></td>
    <td><img src=""https://image.rakuten.co.jp/kitcut/cabinet/special/imgrc0081361619.jpg"" width=""97%"" /></td>
    <td><img src=""https://image.rakuten.co.jp/kitcut/cabinet/special/imgrc0081361620.jpg"" width=""97%"" /></td>
  </tr>
  <tr>
    <td colspan=""5"" >2017年6月1日（木）10:00～2017年6月6日（火）9:59迄</td>
  </tr>
</table>






<style type=""text/css"">

#item_attention_area {
  border: #D00 solid 2px;
}

#item_attention_area p{
  margin: 0;
  padding: 2px 5px;
  color: white;
  background-color: #D00;
}

#item_attention_area ul{
  margin:0;
  padding: 10px 15px 5px 15px;
  list-style: none;
}

#item_attention_area ul>li{
  margin-bottom: 5px;
}

@media (max-width:481px){
section table   { width: 100%; }

.item th  { width: 30%; text-align: left; }
.item td  { 
margin-bottom:10px;
display:table;
}    

@media only screen and (min-width:480px){
    .item { margin: 0 auto; }
   .item tr{
        display: block;
}
    .item th,
    .item td{
        max-width: 100%;
       display: block;
        border-top: none;
		margin-bottom:10px;	

}

</style>",[1200円OFFクーポン有] LEPLUS iPad 5th / 9.7インチ iPad Pro / Air 2 / Air ガラスフィルム 「GLASS PREMIUM FILM」 通常 0.33mm # LP-IPA3FG  ルプラス   (Apple製品関連アクセサリ)：Apple専門店 キットカット,iPhone6 ケースiPhone 6 Plus ケースiPad Air 2 ケースiPad mini ケースAppleMacBook Pro ケースMacBook Air ケースbeats by dr.dreCatalystTHULEクラフトホリックiPad Pro ケースBOSEmoecoGILD designJBLヘッドホンイヤホンbluetoothスピーカー[1200円OFFクーポン有] LEPLUS iPad 5th / 9.7インチ iPad Pro / Air 2 / Air ガラスフィルム 「GLASS PREMIUM FILM」 通常 0.33mm # LP-IPA3FG  ルプラス   (Apple製品関連アクセサリ),液晶面をしっかり保護。ガラスならではの高級感と滑らかさ。。[1200円OFFクーポン有] LEPLUS iPad 5th / 9.7インチ iPad Pro / Air 2 / Air ガラスフィルム 「GLASS PREMIUM FILM」 通常 0.33mm # LP-IPA3FG  ルプラス   (Apple製品関連アクセサリ)[rn]
32-93149,http://tshop.r10s.jp/kitcut/cabinet/item/27/prod-pict-296578.jpg?fitin=700:700,1104.0000,,スマートフォン・タブレット > スマートフォンアクセサリー > その他,[1200円OFFクーポン有][ネコポス可] SANWA 9.7インチ iPad Pro / Air 2 用液晶保護指紋防止光沢フィルム # LCD-IPAD6FP  サンワサプライ (タブレット保護フィルム),iPad Air 2の表面をキズやホコリから守る保護フィルム,"<br>

<!-- 関連分類リンク-->
<a href=""http://item.rakuten.co.jp/kitcut/c/""><img src=""http://image.rakuten.co.jp/kitcut/cabinet/banner/kitcut/suggest-case.jpg""></a><br>
<!-- 関連分類リンクここまで--><!-- ブックマーク -->
<br><p class=""add_bookmark""><a href=""https://my.bookmark.rakuten.co.jp/?func=reg&svid=101&shop_bid=206376&iid=10058484&itype=1""><img src=""https://image.rakuten.co.jp/kitcut/cabinet/banner/kitcut/imgrc0067948711.jpg"" alt=""Last Update : 2017/05/25 9:24:40""></a></p>
<!-- ブックマークここまで --><hr>
<!-- バリエーション -->
【バリエーション】
<div class=""variation2"">
<a href=""https://item.rakuten.co.jp/kitcut/296575/""><img width=""100"" border=""0"" src=""https://image.rakuten.co.jp/kitcut/cabinet/item/27/prod-pict-296575.jpg""></a>
<a href=""https://item.rakuten.co.jp/kitcut/296576/""><img width=""100"" border=""0"" src=""https://image.rakuten.co.jp/kitcut/cabinet/item/27/prod-pict-296576.jpg""></a>
<a href=""https://item.rakuten.co.jp/kitcut/296577/""><img width=""100"" border=""0"" src=""https://image.rakuten.co.jp/kitcut/cabinet/item/27/prod-pict-296577.jpg""></a>
<a href=""https://item.rakuten.co.jp/kitcut/296578/""><img width=""100"" border=""0"" src=""https://image.rakuten.co.jp/kitcut/cabinet/item/27/prod-pict-296578.jpg""></a><br>
<font color=""gray"">[family] <a href=""http://search.rakuten.co.jp/search/inshop-mall/29657875821/-/f.1-p.1-s.2-sf.0-sid.206376-st.A-v.3"">29657875821</a></font></div>
<!-- バリエーションここまで -->
<!-- ネコポス文言 --><br><img src=http://image.rakuten.co.jp/kitcut/cabinet/nekopos.jpg><br><!-- ネコポス文言ここまで --><br><!-- 商品詳細 --><table class=item_explain border=0 cellspacing=0 cellpadding=0><tr><td>iPad Air 2の表面をキズやホコリから守る液晶保護フィルム。指紋防止表面光沢タイプ。<br><br><br>[仕様情報]<br>材質 : 接着面/シリコン膜、外側/PET(ポリエチレンテレフタレート)<br>入り数 : 1枚<br><br>[メーカー]サンワサプライ SANWA SUPPLY (SANWA)<br>[商品型番] LCD-IPAD6FP<br>[バーコード] 4969887892077<br> <font color=""gray"">[性能] 光沢<br>[対応] iPad Air 2<br>[対応] 9.7インチ iPad Pro </font><br></td></tr></table><br><br><!-- 商品詳細ここまで --><!--共通説明文（大）ここから-->

<table width=""800"" border=""0"" align=""center"">
  <tr>
    <td> <img src=""https://image.rakuten.co.jp/kitcut/cabinet/banner/05298098/imgrc0080334562.jpg"" width=""800px"" /></td>
  </tr>
</table>
<table width=""800"" border=""0"" align=""center"">
  <tr>
    <td> <img src=""https://image.rakuten.co.jp/kitcut/cabinet/banner/05298098/imgrc0080411111.jpg"" width=""800px"" /></td>
  </tr>
</table>

<!--横2列-->

<table width=""800"" border=""0"" align=""center"">
  <tr>
    <td> <img src=""https://image.rakuten.co.jp/kitcut/cabinet/top/05006737/imgrc0080402120.jpg"" width=""399"" /></td>
    
    <!--kickflip-->
    <td> <img src=""https://image.rakuten.co.jp/kitcut/cabinet/top/05006737/imgrc0080402031.jpg"" width=""399"" /></td>
  </tr>
</table>

<!--横2列-->

<table width=""800"" border=""0"" align=""center"">
  <tr>
    <td> <img src=""https://image.rakuten.co.jp/kitcut/cabinet/banner/05298098/imgrc0081316114.jpg"" width=""399"" /></td>
    <td> <img src=""https://image.rakuten.co.jp/kitcut/cabinet/banner/05298098/imgrc0080355902.jpg"" width=""399"" /></td>
  </tr>
</table>

<!--25周年の告知-->
<table width=""800"" border=""0"" align=""center"">
  <tr>
    <td> <img src=""http://image.rakuten.co.jp/kitcut/cabinet/banner/04802908/imgrc0073840290.jpg"" width=""399"" /></td>
    <td> <img src=""http://image.rakuten.co.jp/kitcut/cabinet/banner/04802908/imgrc0073840291.jpg"" width=""399"" /></td>
  </tr>
</table>

<!--6月5日(月)9:59まで　DEAL-->
<table width=""800"" border=""0"" align=""center"">
  <tr>
    <td> <img src=""https://image.rakuten.co.jp/kitcut/cabinet/special/imgrc0081361413.jpg"" width=""800px"" /> </td>
  </tr>
</table>

<!--6月5日(月)9:59まで　フラッシュセール-->


<table width=""800"" border=""0""align=""center"" style=""background-color:#444444; color:#F4D406; text-align: center; font-size:18px; border-radius: 5px;"" >
 <tr >
    <td colspan=""5"" ><img src=""https://image.rakuten.co.jp/kitcut/cabinet/special/imgrc0081361616.jpg"" alt="""" width=""99%"" /></td>
  </tr>
  <tr>
    <td><img src=""https://image.rakuten.co.jp/kitcut/cabinet/special/imgrc0081361618.jpg"" width=""97%"" /></td>
    <td><img src=""https://image.rakuten.co.jp/kitcut/cabinet/special/imgrc0081361617.jpg"" width=""97%"" /></td>
    <td><img src=""https://image.rakuten.co.jp/kitcut/cabinet/special/imgrc0081361619.jpg"" width=""97%"" /></td>
    <td><img src=""https://image.rakuten.co.jp/kitcut/cabinet/special/imgrc0081361620.jpg"" width=""97%"" /></td>
  </tr>
  <tr>
    <td colspan=""5"" >2017年6月1日（木）10:00～2017年6月6日（火）9:59迄</td>
  </tr>
</table>






<style type=""text/css"">

#item_attention_area {
  border: #D00 solid 2px;
}

#item_attention_area p{
  margin: 0;
  padding: 2px 5px;
  color: white;
  background-color: #D00;
}

#item_attention_area ul{
  margin:0;
  padding: 10px 15px 5px 15px;
  list-style: none;
}

#item_attention_area ul>li{
  margin-bottom: 5px;
}

@media (max-width:481px){
section table   { width: 100%; }

.item th  { width: 30%; text-align: left; }
.item td  { 
margin-bottom:10px;
display:table;
}    

@media only screen and (min-width:480px){
    .item { margin: 0 auto; }
   .item tr{
        display: block;
}
    .item th,
    .item td{
        max-width: 100%;
       display: block;
        border-top: none;
		margin-bottom:10px;	

}

</style>",[1200円OFFクーポン有][ネコポス可] SANWA 9.7インチ iPad Pro / Air 2 用液晶保護指紋防止光沢フィルム # LCD-IPAD6FP  サンワサプライ (タブレット保護フィルム)：Apple専門店 キットカット,iPhone6 ケースiPhone 6 Plus ケースiPad Air 2 ケースiPad mini ケースAppleMacBook Pro ケースMacBook Air ケースbeats by dr.dreCatalystTHULEクラフトホリックiPad Pro ケースBOSEmoecoGILD designJBLヘッドホンイヤホンbluetoothスピーカー[1200円OFFクーポン有][ネコポス可] SANWA 9.7インチ iPad Pro / Air 2 用液晶保護指紋防止光沢フィルム # LCD-IPAD6FP  サンワサプライ (タブレット保護フィルム),iPad Air 2の表面をキズやホコリから守る保護フィルム。[1200円OFFクーポン有][ネコポス可] SANWA 9.7インチ iPad Pro / Air 2 用液晶保護指紋防止光沢フィルム # LCD-IPAD6FP  サンワサプライ (タブレット保護フィルム)[rn]
32-93150,http://tshop.r10s.jp/kitcut/cabinet/item/35/prod-pict-434864.jpg?fitin=700:700,1047.2000,,スマートフォン・タブレット > スマートフォンアクセサリー > その他,[1200円OFFクーポン有][あす楽対応]  ◎ エレコム 12.9インチ iPad Pro 液晶保護ガラス(ブルーライトカット) # TB-A15LFLGGBL  エレコム   (タブレット用液晶保護フィルム),目に優しいブルーライトカットのガラスフィルム,"<br> <!-- 関連分類リンク--><a href=""http://item.rakuten.co.jp/kitcut/c/""><img src=""http://image.rakuten.co.jp/kitcut/cabinet/banner/kitcut/suggest-case.jpg""></a><br><!-- 関連分類リンクここまで--><!--　あす楽バナー --><a href=""http://event.rakuten.co.jp/asuraku/about/""><img src=""http://image.rakuten.co.jp/com/img/rms/cabinet/recommend_new/img00000410.jpg"" border=""0""></a><!--　あす楽バナーここまで --><br><!-- ブックマーク --><br><p class=""add_bookmark""><a href=""https://my.bookmark.rakuten.co.jp/?func=reg&svid=101&shop_bid=206376&iid=10071493&itype=1""><img src=""https://image.rakuten.co.jp/kitcut/cabinet/banner/kitcut/imgrc0067948711.jpg"" alt=""Last Update : 2017/06/02 16:21:41""></a></p><!-- ブックマークここまで --><hr><!-- バリエーション -->【バリエーション】 <div class=""variation2""><a href=""https://item.rakuten.co.jp/kitcut/434863/""><img width=""100"" border=""0"" src=""https://image.rakuten.co.jp/kitcut/cabinet/item/35/prod-pict-434863.jpg""></a><a href=""https://item.rakuten.co.jp/kitcut/434864/""><img width=""100"" border=""0"" src=""https://image.rakuten.co.jp/kitcut/cabinet/item/35/prod-pict-434864.jpg""></a><br><font color=""gray"">[family] <a href=""http://search.rakuten.co.jp/search/inshop-mall/43486356731/-/f.1-p.1-s.2-sf.0-sid.206376-st.A-v.3"">43486356731</a></font></div><!-- バリエーションここまで --><!-- 注意事項 --><div id=""item_attention_area"">  <p>ご注意ください</p>  <ul>    <li>※ 上部左右2箇所の開口箇所は環境光センサー部分となり、感度が下がらないよう念の為、覆わない設計となっております。   </li>  </ul></div><!-- 注意事項ここまで --> <!-- ネコポス文言 --><br><img src=http://image.rakuten.co.jp/kitcut/cabinet/nekopos.jpg><br><!-- ネコポス文言ここまで --><br><!-- 商品詳細 --><table class=item_explain border=0 cellspacing=0 cellpadding=0><tr><td>なめらかな指滑りを実現するリアルガラスを採用。<br>iPad Proの液晶画面をキズや汚れから守る、ブルーライトカットタイプの液晶保護ガラス。<br><br>・ ガラス特有のなめらかな指滑りを実現するiPad Pro用液晶保護ガラスです。<br>・ 表面硬度9Hの強化ガラス採用により、保護ガラス表面のキズを防止します。※表面硬度は実力値です<br>・ 握ったときやカバンからの取り出し時にも引っかかりがないラウンドエッジ加工を施しています。<br>・ LED液晶ディスプレイが発する光の中の青い部分「ブルーライト」を約41%カットします。<br>※ ブルーライトは目の角膜や水晶体で吸収されずに網膜まで到達し、網膜の機能低下を引き起こす場合があると言われています。<br>・ ブルーライトを効率的にカットするだけでなく、色調をできるだけ変えずに自然に見えるようフィルムを設計しています。<br>・ 指紋汚れを付きにくくする指紋防止コーティングを施しています。<br>・ 貼り付け面にシリコン皮膜をコーティングし、接着剤や両面テープを使わずに貼り付け可能な自己吸着タイプです。貼りやすく、貼り直しも可能です。吸着力は水洗いで回復します。<br>・ iPad Proの形状に合わせたサイズにカット済みなので、パッケージから取り出してすぐに使用可能です。<br>・ フィルムを貼ったままでも本体操作ができるタッチスクリーン入力に対応しています。<br>・ 万一割れてしまった場合も飛散しにくい安全設計です。<br><br><br>[仕様情報]<br>セット内容 : 液晶保護フィルム(ブルーライトカットガラス仕様)x1<br>　　　　　　ホコリ取りシールx1<br>　　　　　　クリーニングクロスx1<br>厚み : 約0.2mm(当社調べ)<br><br>※ 仕様は予告なく変更する事がありますので、あらかじめご了承ください。<br><br><br>[メーカー]エレコム ELECOM (エレコム)<br>[商品型番] TB-A15LFLGGBL<br>[バーコード] 4953103479173<br> <font color=""gray"">[材質] ガラス<br>[性能] ガラスフィルム<br>[性能] ラウンド処理<br>[性能] 光沢<br>[性能] 指紋防止<br>[性能] ブルーライトカット<br>[対応] 12.9インチ iPad Pro </font><br></td></tr></table><br><br><!-- 商品詳細ここまで --> <!-- あす楽文言 --><img src=http://image.rakuten.co.jp/kitcut/cabinet/001/imgrc0065249015.jpg width=480><!-- あす楽文言ここまで --><br><!--共通説明文（大）ここから-->

<table width=""800"" border=""0"" align=""center"">
  <tr>
    <td> <img src=""https://image.rakuten.co.jp/kitcut/cabinet/banner/05298098/imgrc0080334562.jpg"" width=""800px"" /></td>
  </tr>
</table>
<table width=""800"" border=""0"" align=""center"">
  <tr>
    <td> <img src=""https://image.rakuten.co.jp/kitcut/cabinet/banner/05298098/imgrc0080411111.jpg"" width=""800px"" /></td>
  </tr>
</table>

<!--横2列-->

<table width=""800"" border=""0"" align=""center"">
  <tr>
    <td> <img src=""https://image.rakuten.co.jp/kitcut/cabinet/top/05006737/imgrc0080402120.jpg"" width=""399"" /></td>
    
    <!--kickflip-->
    <td> <img src=""https://image.rakuten.co.jp/kitcut/cabinet/top/05006737/imgrc0080402031.jpg"" width=""399"" /></td>
  </tr>
</table>

<!--横2列-->

<table width=""800"" border=""0"" align=""center"">
  <tr>
    <td> <img src=""https://image.rakuten.co.jp/kitcut/cabinet/banner/05298098/imgrc0081316114.jpg"" width=""399"" /></td>
    <td> <img src=""https://image.rakuten.co.jp/kitcut/cabinet/banner/05298098/imgrc0080355902.jpg"" width=""399"" /></td>
  </tr>
</table>

<!--25周年の告知-->
<table width=""800"" border=""0"" align=""center"">
  <tr>
    <td> <img src=""http://image.rakuten.co.jp/kitcut/cabinet/banner/04802908/imgrc0073840290.jpg"" width=""399"" /></td>
    <td> <img src=""http://image.rakuten.co.jp/kitcut/cabinet/banner/04802908/imgrc0073840291.jpg"" width=""399"" /></td>
  </tr>
</table>

<!--6月5日(月)9:59まで　DEAL-->
<table width=""800"" border=""0"" align=""center"">
  <tr>
    <td> <img src=""https://image.rakuten.co.jp/kitcut/cabinet/special/imgrc0081361413.jpg"" width=""800px"" /> </td>
  </tr>
</table>

<!--6月5日(月)9:59まで　フラッシュセール-->


<table width=""800"" border=""0""align=""center"" style=""background-color:#444444; color:#F4D406; text-align: center; font-size:18px; border-radius: 5px;"" >
 <tr >
    <td colspan=""5"" ><img src=""https://image.rakuten.co.jp/kitcut/cabinet/special/imgrc0081361616.jpg"" alt="""" width=""99%"" /></td>
  </tr>
  <tr>
    <td><img src=""https://image.rakuten.co.jp/kitcut/cabinet/special/imgrc0081361618.jpg"" width=""97%"" /></td>
    <td><img src=""https://image.rakuten.co.jp/kitcut/cabinet/special/imgrc0081361617.jpg"" width=""97%"" /></td>
    <td><img src=""https://image.rakuten.co.jp/kitcut/cabinet/special/imgrc0081361619.jpg"" width=""97%"" /></td>
    <td><img src=""https://image.rakuten.co.jp/kitcut/cabinet/special/imgrc0081361620.jpg"" width=""97%"" /></td>
  </tr>
  <tr>
    <td colspan=""5"" >2017年6月1日（木）10:00～2017年6月6日（火）9:59迄</td>
  </tr>
</table>






<style type=""text/css"">

#item_attention_area {
  border: #D00 solid 2px;
}

#item_attention_area p{
  margin: 0;
  padding: 2px 5px;
  color: white;
  background-color: #D00;
}

#item_attention_area ul{
  margin:0;
  padding: 10px 15px 5px 15px;
  list-style: none;
}

#item_attention_area ul>li{
  margin-bottom: 5px;
}

@media (max-width:481px){
section table   { width: 100%; }

.item th  { width: 30%; text-align: left; }
.item td  { 
margin-bottom:10px;
display:table;
}    

@media only screen and (min-width:480px){
    .item { margin: 0 auto; }
   .item tr{
        display: block;
}
    .item th,
    .item td{
        max-width: 100%;
       display: block;
        border-top: none;
		margin-bottom:10px;	

}

</style>",[1200円OFFクーポン有][あす楽対応]  ◎ エレコム 12.9インチ iPad Pro 液晶保護ガラス(ブルーライトカット) # TB-A15LFLGGBL  エレコム   (タブレット用液晶保護フィルム)：Apple専門店 キットカット,iPhone6 ケースiPhone 6 Plus ケースiPad Air 2 ケースiPad mini ケースAppleMacBook Pro ケースMacBook Air ケースbeats by dr.dreCatalystTHULEクラフトホリックiPad Pro ケースBOSEmoecoGILD designJBLヘッドホンイヤホンbluetoothスピーカー[1200円OFFクーポン有][あす楽対応]  ◎ エレコム 12.9インチ iPad Pro 液晶保護ガラス(ブルーライトカット) # TB-A15LFLGGBL  エレコム   (タブレット用液晶保護フィルム),目に優しいブルーライトカットのガラスフィルム。[1200円OFFクーポン有][あす楽対応]  ◎ エレコム 12.9インチ iPad Pro 液晶保護ガラス(ブルーライトカット) # TB-A15LFLGGBL  エレコム   (タブレット用液晶保護フィルム)[rn]
32-93151,http://tshop.r10s.jp/kitcut/cabinet/item/32/prod-pict-433896.jpg?fitin=700:700,2728.0000,,スマートフォン・タブレット > スマートフォンアクセサリー > その他,[1200円OFFクーポン有][ネコポス可] LEPLUS iPad mini 4 ガラスフィルム 通常 0.33mm 「GLASS PREMIUM FILM」 # LP-IPM4FG  ルプラス   (タブレット用液晶保護フィルム),硬度9H表面強化ガラス。驚異的透明度ガラスフィルム,"<br> <!-- 関連分類リンク--><a href=""http://item.rakuten.co.jp/kitcut/c/""><img src=""http://image.rakuten.co.jp/kitcut/cabinet/banner/kitcut/suggest-case.jpg""></a><br><!-- 関連分類リンクここまで--><!-- ブックマーク --><br><p class=""add_bookmark""><a href=""https://my.bookmark.rakuten.co.jp/?func=reg&svid=101&shop_bid=206376&iid=10071043&itype=1""><img src=""https://image.rakuten.co.jp/kitcut/cabinet/banner/kitcut/imgrc0067948711.jpg"" alt=""Last Update : 2017/06/04 1:40:05""></a></p><!-- ブックマークここまで --><hr><!-- バリエーション -->【バリエーション】 <div class=""variation2""><a href=""https://item.rakuten.co.jp/kitcut/433896/""><img width=""100"" border=""0"" src=""https://image.rakuten.co.jp/kitcut/cabinet/item/32/prod-pict-433896.jpg""></a><a href=""https://item.rakuten.co.jp/kitcut/433900/""><img width=""100"" border=""0"" src=""https://image.rakuten.co.jp/kitcut/cabinet/item/32/prod-pict-433900.jpg""></a><br><font color=""gray"">[family] <a href=""http://search.rakuten.co.jp/search/inshop-mall/43389651851/-/f.1-p.1-s.2-sf.0-sid.206376-st.A-v.3"">43389651851</a></font></div><!-- バリエーションここまで --><!-- ネコポス文言 --><br><img src=http://image.rakuten.co.jp/kitcut/cabinet/nekopos.jpg><br><!-- ネコポス文言ここまで --><br><!-- 商品詳細 --><table class=item_explain border=0 cellspacing=0 cellpadding=0><tr><td>存在を感じさせない驚異的な透明度。旭硝子製の表面硬度9H 超硬度強化ガラス。<br><br>・ 端末本来の滑らかな触り心地を表現<br>・ スムーズに貼れる気泡防止加工<br>・ 油分や汚れを防ぐ指紋防止加工<br>・ 高級感を演出するラウンドエッジ処理<br><br><br><br>[仕様情報]<br>本体素材 : ガラス<br>表面硬度 : 9H<br>ガラス : 0.33mm<br>付属品 : クリーニングクロス<br>　　　　アルコール清浄布<br>　　　　ホコリ除去ラベル<br><br>[メーカー]ルプラス LEPLUS<br>[商品型番] LP-IPM4FG<br>[バーコード] 4562397184108<br> <font color=""gray"">[材質] ガラス<br>[性能] ガラスフィルム<br>[性能] 指紋防止<br>[性能] 光沢<br>[性能] ラウンド処理<br>[対応] iPad mini 4 </font><br></td></tr></table><br><br><!-- 商品詳細ここまで --><!--共通説明文（大）ここから-->

<table width=""800"" border=""0"" align=""center"">
  <tr>
    <td> <img src=""https://image.rakuten.co.jp/kitcut/cabinet/banner/05298098/imgrc0080334562.jpg"" width=""800px"" /></td>
  </tr>
</table>
<table width=""800"" border=""0"" align=""center"">
  <tr>
    <td> <img src=""https://image.rakuten.co.jp/kitcut/cabinet/banner/05298098/imgrc0080411111.jpg"" width=""800px"" /></td>
  </tr>
</table>

<!--横2列-->

<table width=""800"" border=""0"" align=""center"">
  <tr>
    <td> <img src=""https://image.rakuten.co.jp/kitcut/cabinet/top/05006737/imgrc0080402120.jpg"" width=""399"" /></td>
    
    <!--kickflip-->
    <td> <img src=""https://image.rakuten.co.jp/kitcut/cabinet/top/05006737/imgrc0080402031.jpg"" width=""399"" /></td>
  </tr>
</table>

<!--横2列-->

<table width=""800"" border=""0"" align=""center"">
  <tr>
    <td> <img src=""https://image.rakuten.co.jp/kitcut/cabinet/banner/05298098/imgrc0081316114.jpg"" width=""399"" /></td>
    <td> <img src=""https://image.rakuten.co.jp/kitcut/cabinet/banner/05298098/imgrc0080355902.jpg"" width=""399"" /></td>
  </tr>
</table>

<!--25周年の告知-->
<table width=""800"" border=""0"" align=""center"">
  <tr>
    <td> <img src=""http://image.rakuten.co.jp/kitcut/cabinet/banner/04802908/imgrc0073840290.jpg"" width=""399"" /></td>
    <td> <img src=""http://image.rakuten.co.jp/kitcut/cabinet/banner/04802908/imgrc0073840291.jpg"" width=""399"" /></td>
  </tr>
</table>

<!--6月5日(月)9:59まで　DEAL-->
<table width=""800"" border=""0"" align=""center"">
  <tr>
    <td> <img src=""https://image.rakuten.co.jp/kitcut/cabinet/special/imgrc0081361413.jpg"" width=""800px"" /> </td>
  </tr>
</table>

<!--6月5日(月)9:59まで　フラッシュセール-->


<table width=""800"" border=""0""align=""center"" style=""background-color:#444444; color:#F4D406; text-align: center; font-size:18px; border-radius: 5px;"" >
 <tr >
    <td colspan=""5"" ><img src=""https://image.rakuten.co.jp/kitcut/cabinet/special/imgrc0081361616.jpg"" alt="""" width=""99%"" /></td>
  </tr>
  <tr>
    <td><img src=""https://image.rakuten.co.jp/kitcut/cabinet/special/imgrc0081361618.jpg"" width=""97%"" /></td>
    <td><img src=""https://image.rakuten.co.jp/kitcut/cabinet/special/imgrc0081361617.jpg"" width=""97%"" /></td>
    <td><img src=""https://image.rakuten.co.jp/kitcut/cabinet/special/imgrc0081361619.jpg"" width=""97%"" /></td>
    <td><img src=""https://image.rakuten.co.jp/kitcut/cabinet/special/imgrc0081361620.jpg"" width=""97%"" /></td>
  </tr>
  <tr>
    <td colspan=""5"" >2017年6月1日（木）10:00～2017年6月6日（火）9:59迄</td>
  </tr>
</table>






<style type=""text/css"">

#item_attention_area {
  border: #D00 solid 2px;
}

#item_attention_area p{
  margin: 0;
  padding: 2px 5px;
  color: white;
  background-color: #D00;
}

#item_attention_area ul{
  margin:0;
  padding: 10px 15px 5px 15px;
  list-style: none;
}

#item_attention_area ul>li{
  margin-bottom: 5px;
}

@media (max-width:481px){
section table   { width: 100%; }

.item th  { width: 30%; text-align: left; }
.item td  { 
margin-bottom:10px;
display:table;
}    

@media only screen and (min-width:480px){
    .item { margin: 0 auto; }
   .item tr{
        display: block;
}
    .item th,
    .item td{
        max-width: 100%;
       display: block;
        border-top: none;
		margin-bottom:10px;	

}

</style>",[1200円OFFクーポン有][ネコポス可] LEPLUS iPad mini 4 ガラスフィルム 通常 0.33mm 「GLASS PREMIUM FILM」 # LP-IPM4FG  ルプラス   (タブレット用液晶保護フィルム)：Apple専門店 キットカット,iPhone6 ケースiPhone 6 Plus ケースiPad Air 2 ケースiPad mini ケースAppleMacBook Pro ケースMacBook Air ケースbeats by dr.dreCatalystTHULEクラフトホリックiPad Pro ケースBOSEmoecoGILD designJBLヘッドホンイヤホンbluetoothスピーカー[1200円OFFクーポン有][ネコポス可] LEPLUS iPad mini 4 ガラスフィルム 通常 0.33mm 「GLASS PREMIUM FILM」 # LP-IPM4FG  ルプラス   (タブレット用液晶保護フィルム),硬度9H表面強化ガラス。驚異的透明度ガラスフィルム。[1200円OFFクーポン有][ネコポス可] LEPLUS iPad mini 4 ガラスフィルム 通常 0.33mm 「GLASS PREMIUM FILM」 # LP-IPM4FG  ルプラス   (タブレット用液晶保護フィルム)[rn]
32-93152,http://tshop.r10s.jp/kitcut/cabinet/item/38/prod-pict-447711.jpg?fitin=700:700,2144.0000,,スマートフォン・タブレット > スマートフォンアクセサリー > その他,[1200円OFFクーポン有][ネコポス可] LEPLUS iPad 5th / 9.7インチ iPad Pro / iPad Air 2 ガラスフィルム 「GLASS PREMIUM FILM」 光沢 0.33mm # LP-IPP9FG  ルプラス   (Apple製品関連アクセサリ),,"<!-- リコメンド --><br><div id=""recommend_area""><h3>LEPLUS iPad 5th / 9.7インチ iPad Pro / iPad Air 2 ガラスフィルム 「GLASS PREMIUM FILM」 光沢 0.33mm # LP-IPP9FG  ルプラス  </h3><div class=""staff_recommend""><h3>***</h3><div class=""recom_showcase""><p class=""recom_img""><img src=""http://image.rakuten.co.jp/kitcut/cabinet/recom43/rec-447711-52375.jpg"" alt=""***の画像""></p></div><p></p></div></div><!-- リコメンドここまで --> <br> <!-- 関連分類リンク--><a href=""http://item.rakuten.co.jp/kitcut/c/""><img src=""http://image.rakuten.co.jp/kitcut/cabinet/banner/kitcut/suggest-case.jpg""></a><br><!-- 関連分類リンクここまで--><!-- ブックマーク --><br><p class=""add_bookmark""><a href=""https://my.bookmark.rakuten.co.jp/?func=reg&svid=101&shop_bid=206376&iid=10085683&itype=1""><img src=""https://image.rakuten.co.jp/kitcut/cabinet/banner/kitcut/imgrc0067948711.jpg"" alt=""Last Update : 2017/06/02 11:50:49""></a></p><!-- ブックマークここまで --><hr><!-- バリエーション -->【バリエーション】 <div class=""variation2""><a href=""https://item.rakuten.co.jp/kitcut/447711/""><img width=""100"" border=""0"" src=""https://image.rakuten.co.jp/kitcut/cabinet/item/38/prod-pict-447711.jpg""></a><a href=""https://item.rakuten.co.jp/kitcut/447712/""><img width=""100"" border=""0"" src=""https://image.rakuten.co.jp/kitcut/cabinet/item/38/prod-pict-447712.jpg""></a><a href=""https://item.rakuten.co.jp/kitcut/447713/""><img width=""100"" border=""0"" src=""https://image.rakuten.co.jp/kitcut/cabinet/item/38/prod-pict-447713.jpg""></a><br><font color=""gray"">[family] <a href=""http://search.rakuten.co.jp/search/inshop-mall/44771175951/-/f.1-p.1-s.2-sf.0-sid.206376-st.A-v.3"">44771175951</a></font></div><!-- バリエーションここまで --><!-- ネコポス文言 --><br><img src=http://image.rakuten.co.jp/kitcut/cabinet/nekopos.jpg><br><!-- ネコポス文言ここまで --><br><!-- 商品詳細 --><table class=item_explain border=0 cellspacing=0 cellpadding=0><tr><td>iPad 2017 9.7inch ガラスフィルム 「GLASS PREMIUM FILM」 光沢 0.33mm<br>硬度9H表面強化ガラス。驚異的透明度。清浄布・埃除去シール・クロス付属<br><br>■ 日本メーカー製表面硬度「9H」強化ガラス<br>■ 存在を感じさせない驚異的な透明度<br>■ スマートフォン本来の滑らかな指すべり<br><br><br><br>[仕様情報]<br>本体素材 : 旭硝子製ソーダライムガラス<br>ガラス厚 : 0.33mm<br>表面硬度 : 9H以上<br>接着面素材 : シリコン膜<br>付属品 : クリーニングクロス/アルコール清浄布/ホコリ除去ラベル<br><br>[メーカー]ルプラス LEPLUS<br>[商品型番] LP-IPP9FG<br>[バーコード] 4589762252200<br> <font color=""gray"">[材質] ガラス<br>[性能] 光沢<br>[性能] ラウンド処理<br>[性能] ガラスフィルム<br>[性能] 指紋防止<br>[対応] iPad Air<br>[対応] 9.7インチ iPad Pro<br>[対応] iPad 5th </font><br></td></tr></table><br><br><!-- 商品詳細ここまで --><!--共通説明文（大）ここから-->

<table width=""800"" border=""0"" align=""center"">
  <tr>
    <td> <img src=""https://image.rakuten.co.jp/kitcut/cabinet/banner/05298098/imgrc0080334562.jpg"" width=""800px"" /></td>
  </tr>
</table>
<table width=""800"" border=""0"" align=""center"">
  <tr>
    <td> <img src=""https://image.rakuten.co.jp/kitcut/cabinet/banner/05298098/imgrc0080411111.jpg"" width=""800px"" /></td>
  </tr>
</table>

<!--横2列-->

<table width=""800"" border=""0"" align=""center"">
  <tr>
    <td> <img src=""https://image.rakuten.co.jp/kitcut/cabinet/top/05006737/imgrc0080402120.jpg"" width=""399"" /></td>
    
    <!--kickflip-->
    <td> <img src=""https://image.rakuten.co.jp/kitcut/cabinet/top/05006737/imgrc0080402031.jpg"" width=""399"" /></td>
  </tr>
</table>

<!--横2列-->

<table width=""800"" border=""0"" align=""center"">
  <tr>
    <td> <img src=""https://image.rakuten.co.jp/kitcut/cabinet/banner/05298098/imgrc0081316114.jpg"" width=""399"" /></td>
    <td> <img src=""https://image.rakuten.co.jp/kitcut/cabinet/banner/05298098/imgrc0080355902.jpg"" width=""399"" /></td>
  </tr>
</table>

<!--25周年の告知-->
<table width=""800"" border=""0"" align=""center"">
  <tr>
    <td> <img src=""http://image.rakuten.co.jp/kitcut/cabinet/banner/04802908/imgrc0073840290.jpg"" width=""399"" /></td>
    <td> <img src=""http://image.rakuten.co.jp/kitcut/cabinet/banner/04802908/imgrc0073840291.jpg"" width=""399"" /></td>
  </tr>
</table>

<!--6月5日(月)9:59まで　DEAL-->
<table width=""800"" border=""0"" align=""center"">
  <tr>
    <td> <img src=""https://image.rakuten.co.jp/kitcut/cabinet/special/imgrc0081361413.jpg"" width=""800px"" /> </td>
  </tr>
</table>

<!--6月5日(月)9:59まで　フラッシュセール-->


<table width=""800"" border=""0""align=""center"" style=""background-color:#444444; color:#F4D406; text-align: center; font-size:18px; border-radius: 5px;"" >
 <tr >
    <td colspan=""5"" ><img src=""https://image.rakuten.co.jp/kitcut/cabinet/special/imgrc0081361616.jpg"" alt="""" width=""99%"" /></td>
  </tr>
  <tr>
    <td><img src=""https://image.rakuten.co.jp/kitcut/cabinet/special/imgrc0081361618.jpg"" width=""97%"" /></td>
    <td><img src=""https://image.rakuten.co.jp/kitcut/cabinet/special/imgrc0081361617.jpg"" width=""97%"" /></td>
    <td><img src=""https://image.rakuten.co.jp/kitcut/cabinet/special/imgrc0081361619.jpg"" width=""97%"" /></td>
    <td><img src=""https://image.rakuten.co.jp/kitcut/cabinet/special/imgrc0081361620.jpg"" width=""97%"" /></td>
  </tr>
  <tr>
    <td colspan=""5"" >2017年6月1日（木）10:00～2017年6月6日（火）9:59迄</td>
  </tr>
</table>






<style type=""text/css"">

#item_attention_area {
  border: #D00 solid 2px;
}

#item_attention_area p{
  margin: 0;
  padding: 2px 5px;
  color: white;
  background-color: #D00;
}

#item_attention_area ul{
  margin:0;
  padding: 10px 15px 5px 15px;
  list-style: none;
}

#item_attention_area ul>li{
  margin-bottom: 5px;
}

@media (max-width:481px){
section table   { width: 100%; }

.item th  { width: 30%; text-align: left; }
.item td  { 
margin-bottom:10px;
display:table;
}    

@media only screen and (min-width:480px){
    .item { margin: 0 auto; }
   .item tr{
        display: block;
}
    .item th,
    .item td{
        max-width: 100%;
       display: block;
        border-top: none;
		margin-bottom:10px;	

}

</style>",[1200円OFFクーポン有][ネコポス可] LEPLUS iPad 5th / 9.7インチ iPad Pro / iPad Air 2 ガラスフィルム 「GLASS PREMIUM FILM」 光沢 0.33mm # LP-IPP9FG  ルプラス   (Apple製品関連アクセサリ)：Apple専門店 キットカット,iPhone6 ケースiPhone 6 Plus ケースiPad Air 2 ケースiPad mini ケースAppleMacBook Pro ケースMacBook Air ケースbeats by dr.dreCatalystTHULEクラフトホリックiPad Pro ケースBOSEmoecoGILD designJBLヘッドホンイヤホンbluetoothスピーカー[1200円OFFクーポン有][ネコポス可] LEPLUS iPad 5th / 9.7インチ iPad Pro / iPad Air 2 ガラスフィルム 「GLASS PREMIUM FILM」 光沢 0.33mm # LP-IPP9FG  ルプラス   (Apple製品関連アクセサリ),[1200円OFFクーポン有][ネコポス可] LEPLUS iPad 5th / 9.7インチ iPad Pro / iPad Air 2 ガラスフィルム 「GLASS PREMIUM FILM」 光沢 0.33mm # LP-IPP9FG  ルプラス   (Apple製品関連アクセサリ)[rn]
32-93153,http://tshop.r10s.jp/kitcut/cabinet/item/11/prod-pict-283441.jpg?fitin=700:700,941.6000,,スマートフォン・タブレット > スマートフォンアクセサリー > その他,[1200円OFFクーポン有][ネコポス可] Simplism Blue Light Reduction & Bubble-less Film Set for iPhone 5 / 5s / SE Anti-glare (すべてのiPhone 5に対応) (非光沢/抗菌/ブルーライトカット)  シンプリズム (Apple製品関連アクセサリ),目に優しいブルーライトカットつや消し保護フィルム,"<!-- リコメンド --><br>
<div id=""recommend_area"">
<h3>Simplism Blue Light Reduction & Bubble-less Film Set for iPhone 5 / 5s / SE Anti-glare (すべてのiPhone 5に対応) (非光沢/抗菌/ブルーライトカット)  シンプリズム</h3>
<div class=""staff_recommend""><h3>フィルムをまっすぐに貼り付ける、魔法のサポートツール付属</h3><div class=""recom_showcase""><p class=""recom_img""><img src=""http://image.rakuten.co.jp/kitcut/cabinet/recom19/rec-283441-9351.jpg"" alt=""フィルムをまっすぐに貼り付ける、魔法のサポートツール付属の画像""></p></div><p>機器本体の受話口にはめ込み、そこにフィルム穴を合わせて貼り付けができる「魔法のツール(フィルム貼り付け補助ツール)」が付属しています。</p></div>
<div class=""staff_recommend""><h3>便利な「フィルム貼り付け補助ツール」</h3><div class=""recom_showcase""><p class=""recom_img""><img src=""http://image.rakuten.co.jp/kitcut/cabinet/recom19/rec-283441-9364.jpg"" alt=""便利な「フィルム貼り付け補助ツール」の画像""></p></div><p>フィルムがズレないよう上部で固定できるため、スムーズに貼り付けることが可能です。</p></div>
</div>
<!-- リコメンドここまで -->

<br>

<!-- 関連分類リンク-->
<a href=""http://item.rakuten.co.jp/kitcut/c/""><img src=""http://image.rakuten.co.jp/kitcut/cabinet/banner/kitcut/suggest-case.jpg""></a><br>
<!-- 関連分類リンクここまで--><!-- ブックマーク -->
<br><p class=""add_bookmark""><a href=""https://my.bookmark.rakuten.co.jp/?func=reg&svid=101&shop_bid=206376&iid=10039472&itype=1""><img src=""https://image.rakuten.co.jp/kitcut/cabinet/banner/kitcut/imgrc0067948711.jpg"" alt=""Last Update : 2017/05/25 9:23:07""></a></p>
<!-- ブックマークここまで --><hr>
<!-- バリエーション -->
【バリエーション】
<div class=""variation2"">
<a href=""https://item.rakuten.co.jp/kitcut/283440/""><img width=""100"" border=""0"" src=""https://image.rakuten.co.jp/kitcut/cabinet/item/11/prod-pict-283440.jpg""></a>
<a href=""https://item.rakuten.co.jp/kitcut/283441/""><img width=""100"" border=""0"" src=""https://image.rakuten.co.jp/kitcut/cabinet/item/11/prod-pict-283441.jpg""></a><br>
<font color=""gray"">[family] <a href=""http://search.rakuten.co.jp/search/inshop-mall/28343865501/-/f.1-p.1-s.2-sf.0-sid.206376-st.A-v.3"">28343865501</a></font></div>
<!-- バリエーションここまで -->
<!-- フレンド -->
<div class=""variation3"">
<p>【合わせて買いたい商品】</p>
<img width=""100"" border=""0"" src=""http://image.rakuten.co.jp/kitcut/cabinet/item/11/prod-pict-283453.jpg"">
            <br>
</div>
<hr>
<!-- フレンドここまで --><br>

<!-- ネコポス文言 --><br>
<img src='http://image.rakuten.co.jp/kitcut/cabinet/nekopos.jpg'><br>
<!-- ネコポス文言ここまで --><br><!-- 商品詳細 -->
<table class='item_explain' border='0' cellspacing='0' cellpadding='0'>
<tr>
<td>
ブルーライトを32％カット<br>
目に優しく、黄色や黒色にならないつや消し保護フィルム<br>
<br>
・iPhone用ブルーライト低減＆バブルレス保護フィルム<br>
・LEDディスプレイが発するブルーライトを最大32%カット<br>
・ディスプレイが黄色や黒にならない、最新フィルム素材<br>
・高品質な日本製素材を使用<br>
・マット加工で指滑りなめらか<br>
・タッチ画面をいつまでも清潔に保つ抗菌加工<br>
・接着剤を使わず、何度でも貼り直し可能<br>
・指紋や汚れを拭き取る、マイクロファイバークロス付属<br>
・気泡を押し出す、フィルム貼付補助カード付属<br>
・フィルム貼付時に気泡の原因となる埃を吸着し取り除く、埃取りテープ付属<br>
・フィルムをまっすぐに貼り付ける、魔法のサポートツール付属<br>
<br>
■デバイスと目を守る<br>
Simplism Blue Light Reduction & Bubble-less Film Set for iPhone Anti-glare(iPhone用 ブルーライト低減&バブルレス抗菌保護フィルムセット(アンチグレア))は、iPod touchのLEDディスプレイが発するブルーライトを低減し目の疲労を抑える液晶保護フィルムです。接着剤を使わない自己吸着タイプのため、剥がした後に接着剤が残ることがありません。何度でも貼り直しが可能なので、安心して使用できます。<br>
<br>
■目に優しいブルーライト低減<br>
LEDディスプレイが発する、紫外線に近い380 495nmのブルーライト(青色光線)は網膜に対して強いエネルギーを持ち、近年の研究により長時間直視し続けることで眼精疲労や睡眠不足、集中力の低下の原因になると指摘されています。<br>
ブルーライト低減&バブルレス保護フィルムは450nm付近のブルーライト成分を最大32%カット。デバイスを長時間使用していても目が疲れにくくなり、ストレスから解放します。<br>
<br>
■色味を抑えたフィルム<br>
また従来のブルーライト低減フィルムでは、青色光線を低減させるために黄色いフィルムが主流でしたが、表示画像も黄ばんでしまっていました。最新の「黄色くない」日本製素材を採用し、表示画像の色調変化を最大限抑えられているため、違和感なくお使いいただけます。さらに、黄味を抑えると発生する「黒み」も抑え、限りなく透明に近いフィルムです。<br>
※ブルーライト低減の効果は使用環境や感じ方に個人差があります<br>
<br>
■ストレスからの解放<br>
マイクロレベルの微細な凹凸を付けたアンチグレア仕様。光源の映り込みを防ぎ、指滑りが非常に良く操作性が向上します、また、指紋が目立ちません。さらに、従来のブルーライト低減フィルムに見られた、画面全体の反射による視認性の低下も発生しません。<br>
<br>
■誰でもフィルム貼り付けを簡単に美しく<br>
ディスプレイに保護フィルムを貼り付けるときに一番難しいのは、ディスプレイとフィルムの間に埃が入り発生する気泡を防ぐことです。ほんの少しの埃が入るだけで気泡となり、これは押し出そうとしても除去することができません。この気泡が原因で保護フィルムの貼付を諦めた人も多くいました。<br>
Simplism「バブルレスシリーズ」のフィルムは、フィルムとディスプレイの間にあるシリコン吸着面に特殊加工を施すことによって、微細な埃であれば巻き込み気泡を発生させずにフィルムを貼付することを可能にしました。<br>
気泡が残りにくい特殊フィルムとはいえ、一切の汚れや埃を混入させずに貼るのは少々困難です。そこで、誰でも簡単にフィルムを貼れるサポートアイテムを3種類同梱しました。<br>
フィルムの貼付前に、マイクロファイバー素材のクリーニングクロスでディスプレイ上の指紋などの汚れを取り除き、埃取りテープを使い埃を完全に除去、さらに、フィルム貼付後でも微細な気泡は貼付補助カードを使い押し出すだけで抜けます。従来の保護フィルムよりも簡単に美しく貼ることができます。<br>
※大きな埃の場合には気泡ができてしまうことがあります。基本的には埃はフィルム貼付前に除去してください。それでも入ってしまった微細な埃はフィルム側で吸収します。<br>
※埃が抜ける構造ではありません。埃のサイズによっては視認できることがあります。<br>
<br>
■スムーズな貼り付けを可能とする「魔法のツール」を付属<br>
機器本体の受話口にはめ込み、そこにフィルム穴を合わせて貼り付けができる「魔法のツール(フィルム貼り付け補助ツール)」が付属しています。フィルムがズレないよう上部で固定できるため、スムーズに貼り付けることが可能です。<br>
<br>
[ 製品名 ]<br>
ブランド名 : Simplism<br>
英語品名 : Blue Light Reduction & Bubble-less Film Set for iPhone Anti-glare<br>
日本語品名 : iPhone用 ブルーライト低減&バブルレス抗菌保護フィルムセット(アンチグレア)<br>
<br>
[ カラー・型番・JANコード ]<br>
アンチグレア : TR-PFIP13-BCAG : 4582269464190<br>
発売時期 : 2013年9月<br>
<br>
<br>
<br>
[仕様情報]<br>
[ サイズ・重量 ]<br>
製品サイズ : 55 x 120 x 0.3mm(W x H x D)<br>
製品重量 : 3g<br>
クリーニングクロスサイズ : 100 x 100mm(W x H)<br>
パッケージサイズ : 77 x 166 x 3mm(W x H x D)<br>
パッケージ重量 : 21g<br>
<br>
[ 対応製品 ] <br>
・iPhone 5S ※2013発売モデル<br>
・iPhone 5C ※2013発売モデル<br>
・iPhone 5 ※2012年発売モデル<br>
<br>
[ パッケージ内容 ] <br>
・ブルーライト低減＆バブルレス抗菌保護フィルム x1<br>
・マイクロファイバークリーニングクロス x1<br>
・フィルム貼付補助カード x1<br>
・埃取りテープ x1<br>
・魔法のツール x1<br><br>
[メーカー]シンプリズム Simplism<br>
[商品型番] TR-PFIP13-BCAG<br>
[バーコード] 4582269464190<br>

<font color=""gray"">
[性能] 非光沢<br>[性能] 抗菌<br>[性能] ブルーライトカット<br>[対応] iPhone 5<br>[対応] iPhone 5S<br>[対応] iPhone 5C<br>[対応] iPhone SE<br>[対応S] アイフォーン アイフォン  アイホーン アイホン iPhone<br>[対応S] 非光沢 アンチグレア ノングレア つや消し マット 反射防止 艶無しタイプ つやなし つや無し<br>[略称] バブルレス
</font><br>
</td>
</tr>
</table><br><br>
<!-- 商品詳細ここまで --><!--共通説明文（大）ここから-->

<table width=""800"" border=""0"" align=""center"">
  <tr>
    <td> <img src=""https://image.rakuten.co.jp/kitcut/cabinet/banner/05298098/imgrc0080334562.jpg"" width=""800px"" /></td>
  </tr>
</table>
<table width=""800"" border=""0"" align=""center"">
  <tr>
    <td> <img src=""https://image.rakuten.co.jp/kitcut/cabinet/banner/05298098/imgrc0080411111.jpg"" width=""800px"" /></td>
  </tr>
</table>

<!--横2列-->

<table width=""800"" border=""0"" align=""center"">
  <tr>
    <td> <img src=""https://image.rakuten.co.jp/kitcut/cabinet/top/05006737/imgrc0080402120.jpg"" width=""399"" /></td>
    
    <!--kickflip-->
    <td> <img src=""https://image.rakuten.co.jp/kitcut/cabinet/top/05006737/imgrc0080402031.jpg"" width=""399"" /></td>
  </tr>
</table>

<!--横2列-->

<table width=""800"" border=""0"" align=""center"">
  <tr>
    <td> <img src=""https://image.rakuten.co.jp/kitcut/cabinet/banner/05298098/imgrc0081316114.jpg"" width=""399"" /></td>
    <td> <img src=""https://image.rakuten.co.jp/kitcut/cabinet/banner/05298098/imgrc0080355902.jpg"" width=""399"" /></td>
  </tr>
</table>

<!--25周年の告知-->
<table width=""800"" border=""0"" align=""center"">
  <tr>
    <td> <img src=""http://image.rakuten.co.jp/kitcut/cabinet/banner/04802908/imgrc0073840290.jpg"" width=""399"" /></td>
    <td> <img src=""http://image.rakuten.co.jp/kitcut/cabinet/banner/04802908/imgrc0073840291.jpg"" width=""399"" /></td>
  </tr>
</table>

<!--6月5日(月)9:59まで　DEAL-->
<table width=""800"" border=""0"" align=""center"">
  <tr>
    <td> <img src=""https://image.rakuten.co.jp/kitcut/cabinet/special/imgrc0081361413.jpg"" width=""800px"" /> </td>
  </tr>
</table>

<!--6月5日(月)9:59まで　フラッシュセール-->


<table width=""800"" border=""0""align=""center"" style=""background-color:#444444; color:#F4D406; text-align: center; font-size:18px; border-radius: 5px;"" >
 <tr >
    <td colspan=""5"" ><img src=""https://image.rakuten.co.jp/kitcut/cabinet/special/imgrc0081361616.jpg"" alt="""" width=""99%"" /></td>
  </tr>
  <tr>
    <td><img src=""https://image.rakuten.co.jp/kitcut/cabinet/special/imgrc0081361618.jpg"" width=""97%"" /></td>
    <td><img src=""https://image.rakuten.co.jp/kitcut/cabinet/special/imgrc0081361617.jpg"" width=""97%"" /></td>
    <td><img src=""https://image.rakuten.co.jp/kitcut/cabinet/special/imgrc0081361619.jpg"" width=""97%"" /></td>
    <td><img src=""https://image.rakuten.co.jp/kitcut/cabinet/special/imgrc0081361620.jpg"" width=""97%"" /></td>
  </tr>
  <tr>
    <td colspan=""5"" >2017年6月1日（木）10:00～2017年6月6日（火）9:59迄</td>
  </tr>
</table>






<style type=""text/css"">

#item_attention_area {
  border: #D00 solid 2px;
}

#item_attention_area p{
  margin: 0;
  padding: 2px 5px;
  color: white;
  background-color: #D00;
}

#item_attention_area ul{
  margin:0;
  padding: 10px 15px 5px 15px;
  list-style: none;
}

#item_attention_area ul>li{
  margin-bottom: 5px;
}

@media (max-width:481px){
section table   { width: 100%; }

.item th  { width: 30%; text-align: left; }
.item td  { 
margin-bottom:10px;
display:table;
}    

@media only screen and (min-width:480px){
    .item { margin: 0 auto; }
   .item tr{
        display: block;
}
    .item th,
    .item td{
        max-width: 100%;
       display: block;
        border-top: none;
		margin-bottom:10px;	

}

</style>",[1200円OFFクーポン有][ネコポス可] Simplism Blue Light Reduction &amp; Bubble-less Film Set for iPhone 5 / 5s / SE Anti-glare (すべてのiPhone 5に対応) (非光沢/抗菌/ブルーライトカット)  シンプリズム (Apple製品関連アクセサリ)：Apple専門店 キットカット,iPhone6 ケースiPhone 6 Plus ケースiPad Air 2 ケースiPad mini ケースAppleMacBook Pro ケースMacBook Air ケースbeats by dr.dreCatalystTHULEクラフトホリックiPad Pro ケースBOSEmoecoGILD designJBLヘッドホンイヤホンbluetoothスピーカー[1200円OFFクーポン有][ネコポス可] Simplism Blue Light Reduction &amp; Bubble-less Film Set for iPhone 5 / 5s / SE Anti-glare (すべてのiPhone 5に対応) (非光沢/抗菌/ブルーライトカット)  シンプリズム (Apple製品関連アクセサリ),目に優しいブルーライトカットつや消し保護フィルム。[1200円OFFクーポン有][ネコポス可] Simplism Blue Light Reduction &amp; Bubble-less Film Set for iPhone 5 / 5s / SE Anti-glare (すべてのiPhone 5に対応) (非光沢/抗菌/ブルーライトカット)  シンプリズム (Apple製品関連アクセサリ)[rn]
32-93154,http://tshop.r10s.jp/kitcut/cabinet/item/35/prod-pict-436903.jpg?fitin=700:700,1496.0000,,スマートフォン・タブレット > スマートフォンアクセサリー > その他,[1200円OFFクーポン有][ネコポス可] LEPLUS iPad 5th / 9.7インチ iPad Pro / Air 2 / Air 保護フィルム 「SHIELD・G HIGH SPEC FILM」 高光沢・超高光沢 # LP-IPA3FLGSSP  ルプラス (Apple製品関連アクセサリ),様々な機能性で液晶面をしっかり保護。,"<!-- リコメンド --><br>
<div id=""recommend_area"">
<h3>LEPLUS iPad 5th / 9.7インチ iPad Pro / Air 2 / Air 保護フィルム 「SHIELD・G HIGH SPEC FILM」 高光沢・超高光沢 # LP-IPA3FLGSSP  ルプラス</h3>
<div class=""staff_recommend""><h3>***</h3><div class=""recom_showcase""><p class=""recom_img""><img src=""http://image.rakuten.co.jp/kitcut/cabinet/recom36/rec-436903-40609.jpg"" alt=""***の画像""></p></div><p></p></div>
</div>
<!-- リコメンドここまで -->

<br>

<!-- 関連分類リンク-->
<a href=""http://item.rakuten.co.jp/kitcut/c/""><img src=""http://image.rakuten.co.jp/kitcut/cabinet/banner/kitcut/suggest-case.jpg""></a><br>
<!-- 関連分類リンクここまで--><!-- ブックマーク -->
<br><p class=""add_bookmark""><a href=""https://my.bookmark.rakuten.co.jp/?func=reg&svid=101&shop_bid=206376&iid=10075525&itype=1""><img src=""https://image.rakuten.co.jp/kitcut/cabinet/banner/kitcut/imgrc0067948711.jpg"" alt=""Last Update : 2017/05/25 9:26:52""></a></p>
<!-- ブックマークここまで --><hr>
<!-- バリエーション -->
【バリエーション】
<div class=""variation2"">
<a href=""https://item.rakuten.co.jp/kitcut/436903/""><img width=""100"" border=""0"" src=""https://image.rakuten.co.jp/kitcut/cabinet/item/35/prod-pict-436903.jpg""></a>
<a href=""https://item.rakuten.co.jp/kitcut/436904/""><img width=""100"" border=""0"" src=""https://image.rakuten.co.jp/kitcut/cabinet/item/35/prod-pict-436904.jpg""></a>
<a href=""https://item.rakuten.co.jp/kitcut/436905/""><img width=""100"" border=""0"" src=""https://image.rakuten.co.jp/kitcut/cabinet/item/35/prod-pict-436905.jpg""></a><br>
<font color=""gray"">[family] <a href=""http://search.rakuten.co.jp/search/inshop-mall/43690364531/-/f.1-p.1-s.2-sf.0-sid.206376-st.A-v.3"">43690364531</a></font></div>
<!-- バリエーションここまで -->
<!-- 注意事項 --><div id=""item_attention_area"">  <p>ご注意ください</p>  <ul>    <li>※ デザイン・仕様は変更になる場合がございます。   </li>  </ul></div><!-- 注意事項ここまで --> <!-- ネコポス文言 --><br><img src=http://image.rakuten.co.jp/kitcut/cabinet/nekopos.jpg><br><!-- ネコポス文言ここまで --><br><!-- 商品詳細 --><table class=item_explain border=0 cellspacing=0 cellpadding=0><tr><td>様々な機能性で液晶面をしっかり保護。<br><br>・液晶本来の色の再現性を追求し、写真閲覧や動画鑑賞に最適化<br>・反射光を低減し、液晶画面を見やすく表示する高い透明感<br>・フッ素コーティングを行い、指すべり滑らかな操作性を実現<br>・菌が付着しにくい抗菌加工済み<br><br>※画像はイメージです。<br><br><br>[仕様情報]<br>　　素材 : PET<br>　付属品 : 埃除去シール/クロス付属<br><br><br>[メーカー]ルプラス LEPLUS<br>[商品型番] LP-IPA3FLGSSP<br>[バーコード] 4573267210438<br> <font color=""gray"">[性能] 光沢<br>[性能] 指紋防止<br>[性能] 抗菌<br>[対応] 9.7インチ iPad Pro<br>[対応] iPad Air<br>[対応] iPad Air 2<br>[対応] iPad 5th </font><br></td></tr></table><br><br><!-- 商品詳細ここまで --><!--共通説明文（大）ここから-->

<table width=""800"" border=""0"" align=""center"">
  <tr>
    <td> <img src=""https://image.rakuten.co.jp/kitcut/cabinet/banner/05298098/imgrc0080334562.jpg"" width=""800px"" /></td>
  </tr>
</table>
<table width=""800"" border=""0"" align=""center"">
  <tr>
    <td> <img src=""https://image.rakuten.co.jp/kitcut/cabinet/banner/05298098/imgrc0080411111.jpg"" width=""800px"" /></td>
  </tr>
</table>

<!--横2列-->

<table width=""800"" border=""0"" align=""center"">
  <tr>
    <td> <img src=""https://image.rakuten.co.jp/kitcut/cabinet/top/05006737/imgrc0080402120.jpg"" width=""399"" /></td>
    
    <!--kickflip-->
    <td> <img src=""https://image.rakuten.co.jp/kitcut/cabinet/top/05006737/imgrc0080402031.jpg"" width=""399"" /></td>
  </tr>
</table>

<!--横2列-->

<table width=""800"" border=""0"" align=""center"">
  <tr>
    <td> <img src=""https://image.rakuten.co.jp/kitcut/cabinet/banner/05298098/imgrc0081316114.jpg"" width=""399"" /></td>
    <td> <img src=""https://image.rakuten.co.jp/kitcut/cabinet/banner/05298098/imgrc0080355902.jpg"" width=""399"" /></td>
  </tr>
</table>

<!--25周年の告知-->
<table width=""800"" border=""0"" align=""center"">
  <tr>
    <td> <img src=""http://image.rakuten.co.jp/kitcut/cabinet/banner/04802908/imgrc0073840290.jpg"" width=""399"" /></td>
    <td> <img src=""http://image.rakuten.co.jp/kitcut/cabinet/banner/04802908/imgrc0073840291.jpg"" width=""399"" /></td>
  </tr>
</table>

<!--6月5日(月)9:59まで　DEAL-->
<table width=""800"" border=""0"" align=""center"">
  <tr>
    <td> <img src=""https://image.rakuten.co.jp/kitcut/cabinet/special/imgrc0081361413.jpg"" width=""800px"" /> </td>
  </tr>
</table>

<!--6月5日(月)9:59まで　フラッシュセール-->


<table width=""800"" border=""0""align=""center"" style=""background-color:#444444; color:#F4D406; text-align: center; font-size:18px; border-radius: 5px;"" >
 <tr >
    <td colspan=""5"" ><img src=""https://image.rakuten.co.jp/kitcut/cabinet/special/imgrc0081361616.jpg"" alt="""" width=""99%"" /></td>
  </tr>
  <tr>
    <td><img src=""https://image.rakuten.co.jp/kitcut/cabinet/special/imgrc0081361618.jpg"" width=""97%"" /></td>
    <td><img src=""https://image.rakuten.co.jp/kitcut/cabinet/special/imgrc0081361617.jpg"" width=""97%"" /></td>
    <td><img src=""https://image.rakuten.co.jp/kitcut/cabinet/special/imgrc0081361619.jpg"" width=""97%"" /></td>
    <td><img src=""https://image.rakuten.co.jp/kitcut/cabinet/special/imgrc0081361620.jpg"" width=""97%"" /></td>
  </tr>
  <tr>
    <td colspan=""5"" >2017年6月1日（木）10:00～2017年6月6日（火）9:59迄</td>
  </tr>
</table>






<style type=""text/css"">

#item_attention_area {
  border: #D00 solid 2px;
}

#item_attention_area p{
  margin: 0;
  padding: 2px 5px;
  color: white;
  background-color: #D00;
}

#item_attention_area ul{
  margin:0;
  padding: 10px 15px 5px 15px;
  list-style: none;
}

#item_attention_area ul>li{
  margin-bottom: 5px;
}

@media (max-width:481px){
section table   { width: 100%; }

.item th  { width: 30%; text-align: left; }
.item td  { 
margin-bottom:10px;
display:table;
}    

@media only screen and (min-width:480px){
    .item { margin: 0 auto; }
   .item tr{
        display: block;
}
    .item th,
    .item td{
        max-width: 100%;
       display: block;
        border-top: none;
		margin-bottom:10px;	

}

</style>",[1200円OFFクーポン有][ネコポス可] LEPLUS iPad 5th / 9.7インチ iPad Pro / Air 2 / Air 保護フィルム 「SHIELD・G HIGH SPEC FILM」 高光沢・超高光沢 # LP-IPA3FLGSSP  ルプラス (Apple製品関連アクセサリ)：Apple専門店 キットカット,iPhone6 ケースiPhone 6 Plus ケースiPad Air 2 ケースiPad mini ケースAppleMacBook Pro ケースMacBook Air ケースbeats by dr.dreCatalystTHULEクラフトホリックiPad Pro ケースBOSEmoecoGILD designJBLヘッドホンイヤホンbluetoothスピーカー[1200円OFFクーポン有][ネコポス可] LEPLUS iPad 5th / 9.7インチ iPad Pro / Air 2 / Air 保護フィルム 「SHIELD・G HIGH SPEC FILM」 高光沢・超高光沢 # LP-IPA3FLGSSP  ルプラス (Apple製品関連アクセサリ),様々な機能性で液晶面をしっかり保護。。[1200円OFFクーポン有][ネコポス可] LEPLUS iPad 5th / 9.7インチ iPad Pro / Air 2 / Air 保護フィルム 「SHIELD・G HIGH SPEC FILM」 高光沢・超高光沢 # LP-IPA3FLGSSP  ルプラス (Apple製品関連アクセサリ)[rn]
32-93155,http://tshop.r10s.jp/kitcut/cabinet/item/11/prod-pict-282888.jpg?fitin=700:700,528.0000,,スマートフォン・タブレット > スマートフォンアクセサリー > その他,[1200円OFFクーポン有][ネコポス可] TUNEWEAR TUNEFILM Pro for iPhone SE / 5s / 5c / 5 アンチグレア(非光沢)・抗菌・防指紋タイプ (すべてのiPhone 5に対応)  チューンウェア (Apple製品関連アクセサリ),iPhone 5C/5S/5用の抗菌・防指紋フィルムです。,"<br>

<!-- 関連分類リンク-->
<a href=""http://item.rakuten.co.jp/kitcut/c/""><img src=""http://image.rakuten.co.jp/kitcut/cabinet/banner/kitcut/suggest-case.jpg""></a><br>
<!-- 関連分類リンクここまで--><!-- ブックマーク -->
<br><p class=""add_bookmark""><a href=""https://my.bookmark.rakuten.co.jp/?func=reg&svid=101&shop_bid=206376&iid=10040031&itype=1""><img src=""https://image.rakuten.co.jp/kitcut/cabinet/banner/kitcut/imgrc0067948711.jpg"" alt=""Last Update : 2017/05/25 9:23:09""></a></p>
<!-- ブックマークここまで --><hr>
<!-- バリエーション -->
【バリエーション】
<div class=""variation2"">
<a href=""https://item.rakuten.co.jp/kitcut/282887/""><img width=""100"" border=""0"" src=""https://image.rakuten.co.jp/kitcut/cabinet/item/11/prod-pict-282887.jpg""></a>
<a href=""https://item.rakuten.co.jp/kitcut/282888/""><img width=""100"" border=""0"" src=""https://image.rakuten.co.jp/kitcut/cabinet/item/11/prod-pict-282888.jpg""></a><br>
<font color=""gray"">[family] <a href=""http://search.rakuten.co.jp/search/inshop-mall/28288852861/-/f.1-p.1-s.2-sf.0-sid.206376-st.A-v.3"">28288852861</a></font></div>
<!-- バリエーションここまで -->
<!-- ネコポス文言 --><br>
<img src='http://image.rakuten.co.jp/kitcut/cabinet/nekopos.jpg'><br>
<!-- ネコポス文言ここまで --><br><!-- 商品詳細 -->
<table class='item_explain' border='0' cellspacing='0' cellpadding='0'>
<tr>
<td>
TUNEFILM Pro for iPhone 5s/5c/5　抗菌・防指紋タイプは、透過率90%以上の高透明度で液晶本来の解像感を妨げないiPhone 5C/5S/5用の抗菌・防指紋フィルムです。<br>
フィルムには抗菌加工、小傷に強いハードコート、防指紋加工、気泡を軽減するアンチバブル加工を施しています。<br>
<br>
<br>
【仕様】<br>
・透過率90%以上の高透明度で解像感を妨げない抗菌・防指紋フィルム<br>
・抗菌加工で菌の増殖を抑制して衛生的な状態を維持<br>
・小傷に強いハードコート仕様<br>
・防指紋加工により指紋を目立たせない<br>
・装着時の気泡が自然と消えやすくなるアンチバブル加工<br>
・貼り直しが可能な自己吸着型<br>
・アンチグレア(非光沢)タイプ<br>
・ホコリ取りシール、貼付用コテ、クリーニングクロスが付属<br>
・高品質で安心の日本製<br>
<br>
【対応機種】<br>
iPhone 5s<br>
iPhone 5c<br>
iPhone 5<br>
<br><br>
[メーカー]チューンウェア TUNEWEAR (チューンウェア)<br>
[商品型番] TUN-PH-000232<br>
[バーコード] 4512223666711<br>

<font color=""gray"">
[性能] 非光沢<br>[性能] 指紋防止<br>[性能] 抗菌<br>[性能] MADE IN JAPAN<br>[対応] iPhone 5<br>[対応] iPhone 5s<br>[対応] iPhone 5c<br>[対応] iPhone SE<br>[対応S] アイフォーン アイフォン  アイホーン アイホン iPhone<br>[対応S] 非光沢 アンチグレア ノングレア つや消し マット 反射防止 艶無しタイプ つやなし つや無し
</font><br>
</td>
</tr>
</table><br><br>
<!-- 商品詳細ここまで --><!--共通説明文（大）ここから-->

<table width=""800"" border=""0"" align=""center"">
  <tr>
    <td> <img src=""https://image.rakuten.co.jp/kitcut/cabinet/banner/05298098/imgrc0080334562.jpg"" width=""800px"" /></td>
  </tr>
</table>
<table width=""800"" border=""0"" align=""center"">
  <tr>
    <td> <img src=""https://image.rakuten.co.jp/kitcut/cabinet/banner/05298098/imgrc0080411111.jpg"" width=""800px"" /></td>
  </tr>
</table>

<!--横2列-->

<table width=""800"" border=""0"" align=""center"">
  <tr>
    <td> <img src=""https://image.rakuten.co.jp/kitcut/cabinet/top/05006737/imgrc0080402120.jpg"" width=""399"" /></td>
    
    <!--kickflip-->
    <td> <img src=""https://image.rakuten.co.jp/kitcut/cabinet/top/05006737/imgrc0080402031.jpg"" width=""399"" /></td>
  </tr>
</table>

<!--横2列-->

<table width=""800"" border=""0"" align=""center"">
  <tr>
    <td> <img src=""https://image.rakuten.co.jp/kitcut/cabinet/banner/05298098/imgrc0081316114.jpg"" width=""399"" /></td>
    <td> <img src=""https://image.rakuten.co.jp/kitcut/cabinet/banner/05298098/imgrc0080355902.jpg"" width=""399"" /></td>
  </tr>
</table>

<!--25周年の告知-->
<table width=""800"" border=""0"" align=""center"">
  <tr>
    <td> <img src=""http://image.rakuten.co.jp/kitcut/cabinet/banner/04802908/imgrc0073840290.jpg"" width=""399"" /></td>
    <td> <img src=""http://image.rakuten.co.jp/kitcut/cabinet/banner/04802908/imgrc0073840291.jpg"" width=""399"" /></td>
  </tr>
</table>

<!--6月5日(月)9:59まで　DEAL-->
<table width=""800"" border=""0"" align=""center"">
  <tr>
    <td> <img src=""https://image.rakuten.co.jp/kitcut/cabinet/special/imgrc0081361413.jpg"" width=""800px"" /> </td>
  </tr>
</table>

<!--6月5日(月)9:59まで　フラッシュセール-->


<table width=""800"" border=""0""align=""center"" style=""background-color:#444444; color:#F4D406; text-align: center; font-size:18px; border-radius: 5px;"" >
 <tr >
    <td colspan=""5"" ><img src=""https://image.rakuten.co.jp/kitcut/cabinet/special/imgrc0081361616.jpg"" alt="""" width=""99%"" /></td>
  </tr>
  <tr>
    <td><img src=""https://image.rakuten.co.jp/kitcut/cabinet/special/imgrc0081361618.jpg"" width=""97%"" /></td>
    <td><img src=""https://image.rakuten.co.jp/kitcut/cabinet/special/imgrc0081361617.jpg"" width=""97%"" /></td>
    <td><img src=""https://image.rakuten.co.jp/kitcut/cabinet/special/imgrc0081361619.jpg"" width=""97%"" /></td>
    <td><img src=""https://image.rakuten.co.jp/kitcut/cabinet/special/imgrc0081361620.jpg"" width=""97%"" /></td>
  </tr>
  <tr>
    <td colspan=""5"" >2017年6月1日（木）10:00～2017年6月6日（火）9:59迄</td>
  </tr>
</table>






<style type=""text/css"">

#item_attention_area {
  border: #D00 solid 2px;
}

#item_attention_area p{
  margin: 0;
  padding: 2px 5px;
  color: white;
  background-color: #D00;
}

#item_attention_area ul{
  margin:0;
  padding: 10px 15px 5px 15px;
  list-style: none;
}

#item_attention_area ul>li{
  margin-bottom: 5px;
}

@media (max-width:481px){
section table   { width: 100%; }

.item th  { width: 30%; text-align: left; }
.item td  { 
margin-bottom:10px;
display:table;
}    

@media only screen and (min-width:480px){
    .item { margin: 0 auto; }
   .item tr{
        display: block;
}
    .item th,
    .item td{
        max-width: 100%;
       display: block;
        border-top: none;
		margin-bottom:10px;	

}

</style>",[1200円OFFクーポン有][ネコポス可] TUNEWEAR TUNEFILM Pro for iPhone SE / 5s / 5c / 5 アンチグレア(非光沢)・抗菌・防指紋タイプ (すべてのiPhone 5に対応)  チューンウェア (Apple製品関連アクセサリ)：Apple専門店 キットカット,iPhone6 ケースiPhone 6 Plus ケースiPad Air 2 ケースiPad mini ケースAppleMacBook Pro ケースMacBook Air ケースbeats by dr.dreCatalystTHULEクラフトホリックiPad Pro ケースBOSEmoecoGILD designJBLヘッドホンイヤホンbluetoothスピーカー[1200円OFFクーポン有][ネコポス可] TUNEWEAR TUNEFILM Pro for iPhone SE / 5s / 5c / 5 アンチグレア(非光沢)・抗菌・防指紋タイプ (すべてのiPhone 5に対応)  チューンウェア (Apple製品関連アクセサリ),iPhone 5C/5S/5用の抗菌・防指紋フィルムです。。[1200円OFFクーポン有][ネコポス可] TUNEWEAR TUNEFILM Pro for iPhone SE / 5s / 5c / 5 アンチグレア(非光沢)・抗菌・防指紋タイプ (すべてのiPhone 5に対応)  チューンウェア (Apple製品関連アクセサリ)[rn]
32-93156,http://tshop.r10s.jp/kitcut/cabinet/item/27/prod-pict-296576.jpg?fitin=700:700,1232.0000,,スマートフォン・タブレット > スマートフォンアクセサリー > その他,[1200円OFFクーポン有][ネコポス可] SANWA 9.7インチ iPad Pro / Air 2 用ブルーライトカット液晶保護指紋防止光沢フィルム # LCD-IPAD6BC  サンワサプライ   (タブレット保護フィルム),iPad Air 2の表面をキズやホコリから守る保護フィルム,"<br>

<!-- 関連分類リンク-->
<a href=""http://item.rakuten.co.jp/kitcut/c/""><img src=""http://image.rakuten.co.jp/kitcut/cabinet/banner/kitcut/suggest-case.jpg""></a><br>
<!-- 関連分類リンクここまで--><!-- ブックマーク -->
<br><p class=""add_bookmark""><a href=""https://my.bookmark.rakuten.co.jp/?func=reg&svid=101&shop_bid=206376&iid=10058482&itype=1""><img src=""https://image.rakuten.co.jp/kitcut/cabinet/banner/kitcut/imgrc0067948711.jpg"" alt=""Last Update : 2017/05/25 9:24:40""></a></p>
<!-- ブックマークここまで --><hr>
<!-- バリエーション -->
【バリエーション】
<div class=""variation2"">
<a href=""https://item.rakuten.co.jp/kitcut/296575/""><img width=""100"" border=""0"" src=""https://image.rakuten.co.jp/kitcut/cabinet/item/27/prod-pict-296575.jpg""></a>
<a href=""https://item.rakuten.co.jp/kitcut/296576/""><img width=""100"" border=""0"" src=""https://image.rakuten.co.jp/kitcut/cabinet/item/27/prod-pict-296576.jpg""></a>
<a href=""https://item.rakuten.co.jp/kitcut/296577/""><img width=""100"" border=""0"" src=""https://image.rakuten.co.jp/kitcut/cabinet/item/27/prod-pict-296577.jpg""></a>
<a href=""https://item.rakuten.co.jp/kitcut/296578/""><img width=""100"" border=""0"" src=""https://image.rakuten.co.jp/kitcut/cabinet/item/27/prod-pict-296578.jpg""></a><br>
<font color=""gray"">[family] <a href=""http://search.rakuten.co.jp/search/inshop-mall/29657875821/-/f.1-p.1-s.2-sf.0-sid.206376-st.A-v.3"">29657875821</a></font></div>
<!-- バリエーションここまで -->
<!-- ネコポス文言 --><br><img src=http://image.rakuten.co.jp/kitcut/cabinet/nekopos.jpg><br><!-- ネコポス文言ここまで --><br><!-- 商品詳細 --><table class=item_explain border=0 cellspacing=0 cellpadding=0><tr><td>iPad Air 2の表面をキズやホコリから守る液晶保護フィルム。ブルーライトカット指紋防止表面光沢タイプ。<br><br><br>[仕様情報]<br>材質 : 接着面/シリコン膜、外側/PET(ポリエチレンテレフタレート)<br>入り数 : 1枚<br><br>[メーカー]サンワサプライ SANWA SUPPLY (SANWA)<br>[商品型番] LCD-IPAD6BC<br>[バーコード] 4969887892091<br> <font color=""gray"">[性能] 光沢<br>[対応] iPad Air 2<br>[対応] 9.7インチ iPad Pro </font><br></td></tr></table><br><br><!-- 商品詳細ここまで --><!--共通説明文（大）ここから-->

<table width=""800"" border=""0"" align=""center"">
  <tr>
    <td> <img src=""https://image.rakuten.co.jp/kitcut/cabinet/banner/05298098/imgrc0080334562.jpg"" width=""800px"" /></td>
  </tr>
</table>
<table width=""800"" border=""0"" align=""center"">
  <tr>
    <td> <img src=""https://image.rakuten.co.jp/kitcut/cabinet/banner/05298098/imgrc0080411111.jpg"" width=""800px"" /></td>
  </tr>
</table>

<!--横2列-->

<table width=""800"" border=""0"" align=""center"">
  <tr>
    <td> <img src=""https://image.rakuten.co.jp/kitcut/cabinet/top/05006737/imgrc0080402120.jpg"" width=""399"" /></td>
    
    <!--kickflip-->
    <td> <img src=""https://image.rakuten.co.jp/kitcut/cabinet/top/05006737/imgrc0080402031.jpg"" width=""399"" /></td>
  </tr>
</table>

<!--横2列-->

<table width=""800"" border=""0"" align=""center"">
  <tr>
    <td> <img src=""https://image.rakuten.co.jp/kitcut/cabinet/banner/05298098/imgrc0081316114.jpg"" width=""399"" /></td>
    <td> <img src=""https://image.rakuten.co.jp/kitcut/cabinet/banner/05298098/imgrc0080355902.jpg"" width=""399"" /></td>
  </tr>
</table>

<!--25周年の告知-->
<table width=""800"" border=""0"" align=""center"">
  <tr>
    <td> <img src=""http://image.rakuten.co.jp/kitcut/cabinet/banner/04802908/imgrc0073840290.jpg"" width=""399"" /></td>
    <td> <img src=""http://image.rakuten.co.jp/kitcut/cabinet/banner/04802908/imgrc0073840291.jpg"" width=""399"" /></td>
  </tr>
</table>

<!--6月5日(月)9:59まで　DEAL-->
<table width=""800"" border=""0"" align=""center"">
  <tr>
    <td> <img src=""https://image.rakuten.co.jp/kitcut/cabinet/special/imgrc0081361413.jpg"" width=""800px"" /> </td>
  </tr>
</table>

<!--6月5日(月)9:59まで　フラッシュセール-->


<table width=""800"" border=""0""align=""center"" style=""background-color:#444444; color:#F4D406; text-align: center; font-size:18px; border-radius: 5px;"" >
 <tr >
    <td colspan=""5"" ><img src=""https://image.rakuten.co.jp/kitcut/cabinet/special/imgrc0081361616.jpg"" alt="""" width=""99%"" /></td>
  </tr>
  <tr>
    <td><img src=""https://image.rakuten.co.jp/kitcut/cabinet/special/imgrc0081361618.jpg"" width=""97%"" /></td>
    <td><img src=""https://image.rakuten.co.jp/kitcut/cabinet/special/imgrc0081361617.jpg"" width=""97%"" /></td>
    <td><img src=""https://image.rakuten.co.jp/kitcut/cabinet/special/imgrc0081361619.jpg"" width=""97%"" /></td>
    <td><img src=""https://image.rakuten.co.jp/kitcut/cabinet/special/imgrc0081361620.jpg"" width=""97%"" /></td>
  </tr>
  <tr>
    <td colspan=""5"" >2017年6月1日（木）10:00～2017年6月6日（火）9:59迄</td>
  </tr>
</table>






<style type=""text/css"">

#item_attention_area {
  border: #D00 solid 2px;
}

#item_attention_area p{
  margin: 0;
  padding: 2px 5px;
  color: white;
  background-color: #D00;
}

#item_attention_area ul{
  margin:0;
  padding: 10px 15px 5px 15px;
  list-style: none;
}

#item_attention_area ul>li{
  margin-bottom: 5px;
}

@media (max-width:481px){
section table   { width: 100%; }

.item th  { width: 30%; text-align: left; }
.item td  { 
margin-bottom:10px;
display:table;
}    

@media only screen and (min-width:480px){
    .item { margin: 0 auto; }
   .item tr{
        display: block;
}
    .item th,
    .item td{
        max-width: 100%;
       display: block;
        border-top: none;
		margin-bottom:10px;	

}

</style>",[1200円OFFクーポン有][ネコポス可] SANWA 9.7インチ iPad Pro / Air 2 用ブルーライトカット液晶保護指紋防止光沢フィルム # LCD-IPAD6BC  サンワサプライ   (タブレット保護フィルム)：Apple専門店 キットカット,iPhone6 ケースiPhone 6 Plus ケースiPad Air 2 ケースiPad mini ケースAppleMacBook Pro ケースMacBook Air ケースbeats by dr.dreCatalystTHULEクラフトホリックiPad Pro ケースBOSEmoecoGILD designJBLヘッドホンイヤホンbluetoothスピーカー[1200円OFFクーポン有][ネコポス可] SANWA 9.7インチ iPad Pro / Air 2 用ブルーライトカット液晶保護指紋防止光沢フィルム # LCD-IPAD6BC  サンワサプライ   (タブレット保護フィルム),iPad Air 2の表面をキズやホコリから守る保護フィルム。[1200円OFFクーポン有][ネコポス可] SANWA 9.7インチ iPad Pro / Air 2 用ブルーライトカット液晶保護指紋防止光沢フィルム # LCD-IPAD6BC  サンワサプライ   (タブレット保護フィルム)[rn]
32-93157,http://tshop.r10s.jp/kitcut/cabinet/item/35/prod-pict-434863.jpg?fitin=700:700,1641.6000,,スマートフォン・タブレット > スマートフォンアクセサリー > その他,[1200円OFFクーポン有] ◎ エレコム 12.9インチ iPad Pro 液晶保護ガラス(0.3mm) # TB-A15LFLGG03  エレコム   (タブレット用液晶保護フィルム),なめらかな指滑りを実現するリアルガラスフィルム,"<br> <!-- 関連分類リンク--><a href=""http://item.rakuten.co.jp/kitcut/c/""><img src=""http://image.rakuten.co.jp/kitcut/cabinet/banner/kitcut/suggest-case.jpg""></a><br><!-- 関連分類リンクここまで--><!-- ブックマーク --><br><p class=""add_bookmark""><a href=""https://my.bookmark.rakuten.co.jp/?func=reg&svid=101&shop_bid=206376&iid=10071492&itype=1""><img src=""https://image.rakuten.co.jp/kitcut/cabinet/banner/kitcut/imgrc0067948711.jpg"" alt=""Last Update : 2017/06/04 1:40:12""></a></p><!-- ブックマークここまで --><hr><!-- バリエーション -->【バリエーション】 <div class=""variation2""><a href=""https://item.rakuten.co.jp/kitcut/434863/""><img width=""100"" border=""0"" src=""https://image.rakuten.co.jp/kitcut/cabinet/item/35/prod-pict-434863.jpg""></a><a href=""https://item.rakuten.co.jp/kitcut/434864/""><img width=""100"" border=""0"" src=""https://image.rakuten.co.jp/kitcut/cabinet/item/35/prod-pict-434864.jpg""></a><br><font color=""gray"">[family] <a href=""http://search.rakuten.co.jp/search/inshop-mall/43486356731/-/f.1-p.1-s.2-sf.0-sid.206376-st.A-v.3"">43486356731</a></font></div><!-- バリエーションここまで --><!-- 注意事項 --><div id=""item_attention_area"">  <p>ご注意ください</p>  <ul>    <li>※ 上部左右2箇所の開口箇所は環境光センサー部分となり、感度が下がらないよう念の為、覆わない設計となっております。   </li>  </ul></div><!-- 注意事項ここまで --> <!-- ネコポス文言 --><br><img src=http://image.rakuten.co.jp/kitcut/cabinet/nekopos.jpg><br><!-- ネコポス文言ここまで --><br><!-- 商品詳細 --><table class=item_explain border=0 cellspacing=0 cellpadding=0><tr><td>なめらかな指滑りを実現するリアルガラスを採用。<br>iPad Proの液晶画面をキズや汚れから守る、スタンダードタイプの液晶保護ガラス。<br><br>・ ガラス特有のなめらかな指滑りを実現するiPad Pro用液晶保護ガラスです。<br>・ 表面硬度9Hの強化ガラス採用により、保護ガラス表面のキズを防止します。※表面硬度は実力値です<br>・ 握ったときやカバンからの取り出し時にも引っかかりがないラウンドエッジ加工を施しています。<br>・ 指紋汚れを付きにくくする指紋防止コーティングを施しています。<br>・ 貼り付け面にシリコン皮膜をコーティングし、接着剤や両面テープを使わずに貼り付け可能な自己吸着タイプです。貼りやすく、貼り直しも可能です。吸着力は水洗いで回復します。<br>・ iPad Proの形状に合わせたサイズにカット済みなので、パッケージから取り出してすぐに使用可能です。<br>・ フィルムを貼ったままでも本体操作ができるタッチスクリーン入力に対応しています。<br>・ 万一割れてしまった場合も飛散しにくい安全設計です。<br><br><br>[仕様情報]<br>セット内容 : 液晶保護フィルム(ガラス厚0.33mm仕様)x1、ホコリ取りシールx1、クリーニングクロスx1<br>　　　　　　ホコリ取りシールx1<br>　　　　　　クリーニングクロスx1<br><br>※ 仕様は予告なく変更する事がありますので、あらかじめご了承ください。<br><br><br>[メーカー]エレコム ELECOM (エレコム)<br>[商品型番] TB-A15LFLGG03<br>[バーコード] 4953103479166<br> <font color=""gray"">[材質] ガラス<br>[性能] ガラスフィルム<br>[性能] ラウンド処理<br>[性能] 光沢<br>[性能] 指紋防止<br>[対応] 12.9インチ iPad Pro </font><br></td></tr></table><br><br><!-- 商品詳細ここまで --><!--共通説明文（大）ここから-->

<table width=""800"" border=""0"" align=""center"">
  <tr>
    <td> <img src=""https://image.rakuten.co.jp/kitcut/cabinet/banner/05298098/imgrc0080334562.jpg"" width=""800px"" /></td>
  </tr>
</table>
<table width=""800"" border=""0"" align=""center"">
  <tr>
    <td> <img src=""https://image.rakuten.co.jp/kitcut/cabinet/banner/05298098/imgrc0080411111.jpg"" width=""800px"" /></td>
  </tr>
</table>

<!--横2列-->

<table width=""800"" border=""0"" align=""center"">
  <tr>
    <td> <img src=""https://image.rakuten.co.jp/kitcut/cabinet/top/05006737/imgrc0080402120.jpg"" width=""399"" /></td>
    
    <!--kickflip-->
    <td> <img src=""https://image.rakuten.co.jp/kitcut/cabinet/top/05006737/imgrc0080402031.jpg"" width=""399"" /></td>
  </tr>
</table>

<!--横2列-->

<table width=""800"" border=""0"" align=""center"">
  <tr>
    <td> <img src=""https://image.rakuten.co.jp/kitcut/cabinet/banner/05298098/imgrc0081316114.jpg"" width=""399"" /></td>
    <td> <img src=""https://image.rakuten.co.jp/kitcut/cabinet/banner/05298098/imgrc0080355902.jpg"" width=""399"" /></td>
  </tr>
</table>

<!--25周年の告知-->
<table width=""800"" border=""0"" align=""center"">
  <tr>
    <td> <img src=""http://image.rakuten.co.jp/kitcut/cabinet/banner/04802908/imgrc0073840290.jpg"" width=""399"" /></td>
    <td> <img src=""http://image.rakuten.co.jp/kitcut/cabinet/banner/04802908/imgrc0073840291.jpg"" width=""399"" /></td>
  </tr>
</table>

<!--6月5日(月)9:59まで　DEAL-->
<table width=""800"" border=""0"" align=""center"">
  <tr>
    <td> <img src=""https://image.rakuten.co.jp/kitcut/cabinet/special/imgrc0081361413.jpg"" width=""800px"" /> </td>
  </tr>
</table>

<!--6月5日(月)9:59まで　フラッシュセール-->


<table width=""800"" border=""0""align=""center"" style=""background-color:#444444; color:#F4D406; text-align: center; font-size:18px; border-radius: 5px;"" >
 <tr >
    <td colspan=""5"" ><img src=""https://image.rakuten.co.jp/kitcut/cabinet/special/imgrc0081361616.jpg"" alt="""" width=""99%"" /></td>
  </tr>
  <tr>
    <td><img src=""https://image.rakuten.co.jp/kitcut/cabinet/special/imgrc0081361618.jpg"" width=""97%"" /></td>
    <td><img src=""https://image.rakuten.co.jp/kitcut/cabinet/special/imgrc0081361617.jpg"" width=""97%"" /></td>
    <td><img src=""https://image.rakuten.co.jp/kitcut/cabinet/special/imgrc0081361619.jpg"" width=""97%"" /></td>
    <td><img src=""https://image.rakuten.co.jp/kitcut/cabinet/special/imgrc0081361620.jpg"" width=""97%"" /></td>
  </tr>
  <tr>
    <td colspan=""5"" >2017年6月1日（木）10:00～2017年6月6日（火）9:59迄</td>
  </tr>
</table>






<style type=""text/css"">

#item_attention_area {
  border: #D00 solid 2px;
}

#item_attention_area p{
  margin: 0;
  padding: 2px 5px;
  color: white;
  background-color: #D00;
}

#item_attention_area ul{
  margin:0;
  padding: 10px 15px 5px 15px;
  list-style: none;
}

#item_attention_area ul>li{
  margin-bottom: 5px;
}

@media (max-width:481px){
section table   { width: 100%; }

.item th  { width: 30%; text-align: left; }
.item td  { 
margin-bottom:10px;
display:table;
}    

@media only screen and (min-width:480px){
    .item { margin: 0 auto; }
   .item tr{
        display: block;
}
    .item th,
    .item td{
        max-width: 100%;
       display: block;
        border-top: none;
		margin-bottom:10px;	

}

</style>",[1200円OFFクーポン有] ◎ エレコム 12.9インチ iPad Pro 液晶保護ガラス(0.3mm) # TB-A15LFLGG03  エレコム   (タブレット用液晶保護フィルム)：Apple専門店 キットカット,iPhone6 ケースiPhone 6 Plus ケースiPad Air 2 ケースiPad mini ケースAppleMacBook Pro ケースMacBook Air ケースbeats by dr.dreCatalystTHULEクラフトホリックiPad Pro ケースBOSEmoecoGILD designJBLヘッドホンイヤホンbluetoothスピーカー[1200円OFFクーポン有] ◎ エレコム 12.9インチ iPad Pro 液晶保護ガラス(0.3mm) # TB-A15LFLGG03  エレコム   (タブレット用液晶保護フィルム),なめらかな指滑りを実現するリアルガラスフィルム。[1200円OFFクーポン有] ◎ エレコム 12.9インチ iPad Pro 液晶保護ガラス(0.3mm) # TB-A15LFLGG03  エレコム   (タブレット用液晶保護フィルム)[rn]
32-93158,http://tshop.r10s.jp/kitcut/cabinet/item/35/prod-pict-436904.jpg?fitin=700:700,1496.0000,,スマートフォン・タブレット > スマートフォンアクセサリー > その他,[1200円OFFクーポン有][ネコポス可] LEPLUS iPad 5th / 9.7インチ iPad Pro / Air 2 / Air 保護フィルム 「SHIELD・G HIGH SPEC FILM」 反射防止・超高精細 # LP-IPA3FLMSSP  ルプラス (Apple製品関連アクセサリ),様々な機能性で液晶面をしっかり保護。,"<!-- リコメンド --><br>
<div id=""recommend_area"">
<h3>LEPLUS iPad 5th / 9.7インチ iPad Pro / Air 2 / Air 保護フィルム 「SHIELD・G HIGH SPEC FILM」 反射防止・超高精細 # LP-IPA3FLMSSP  ルプラス</h3>
<div class=""staff_recommend""><h3>***</h3><div class=""recom_showcase""><p class=""recom_img""><img src=""http://image.rakuten.co.jp/kitcut/cabinet/recom36/rec-436904-40613.jpg"" alt=""***の画像""></p></div><p></p></div>
</div>
<!-- リコメンドここまで -->

<br>

<!-- 関連分類リンク-->
<a href=""http://item.rakuten.co.jp/kitcut/c/""><img src=""http://image.rakuten.co.jp/kitcut/cabinet/banner/kitcut/suggest-case.jpg""></a><br>
<!-- 関連分類リンクここまで--><!-- ブックマーク -->
<br><p class=""add_bookmark""><a href=""https://my.bookmark.rakuten.co.jp/?func=reg&svid=101&shop_bid=206376&iid=10075526&itype=1""><img src=""https://image.rakuten.co.jp/kitcut/cabinet/banner/kitcut/imgrc0067948711.jpg"" alt=""Last Update : 2017/05/25 9:26:52""></a></p>
<!-- ブックマークここまで --><hr>
<!-- バリエーション -->
【バリエーション】
<div class=""variation2"">
<a href=""https://item.rakuten.co.jp/kitcut/436903/""><img width=""100"" border=""0"" src=""https://image.rakuten.co.jp/kitcut/cabinet/item/35/prod-pict-436903.jpg""></a>
<a href=""https://item.rakuten.co.jp/kitcut/436904/""><img width=""100"" border=""0"" src=""https://image.rakuten.co.jp/kitcut/cabinet/item/35/prod-pict-436904.jpg""></a>
<a href=""https://item.rakuten.co.jp/kitcut/436905/""><img width=""100"" border=""0"" src=""https://image.rakuten.co.jp/kitcut/cabinet/item/35/prod-pict-436905.jpg""></a><br>
<font color=""gray"">[family] <a href=""http://search.rakuten.co.jp/search/inshop-mall/43690364531/-/f.1-p.1-s.2-sf.0-sid.206376-st.A-v.3"">43690364531</a></font></div>
<!-- バリエーションここまで -->
<!-- 注意事項 --><div id=""item_attention_area"">  <p>ご注意ください</p>  <ul>    <li>※ デザイン・仕様は変更になる場合がございます。   </li>  </ul></div><!-- 注意事項ここまで --> <!-- ネコポス文言 --><br><img src=http://image.rakuten.co.jp/kitcut/cabinet/nekopos.jpg><br><!-- ネコポス文言ここまで --><br><!-- 商品詳細 --><table class=item_explain border=0 cellspacing=0 cellpadding=0><tr><td>様々な機能性で液晶面をしっかり保護。<br><br>・マット特有のギラつきを低減、美しい発色<br>・フッ素コーティングを行い、指すべり滑らかな操作性を実現<br>・菌が付着しにくい抗菌加工済み<br><br>※画像はイメージです。<br><br><br>[仕様情報]<br>　　素材 : PET<br>　付属品 : 埃除去シール/クロス付属<br><br>[メーカー]ルプラス LEPLUS<br>[商品型番] LP-IPA3FLMSSP<br>[バーコード] 4573267210445<br> <font color=""gray"">[性能] 非光沢<br>[対応] 9.7インチ iPad Pro<br>[対応] iPad Air<br>[対応] iPad Air 2<br>[対応] iPad 5th<br>[対応S] 非光沢 アンチグレア ノングレア つや消し マット 反射防止 艶無しタイプ つやなし つや無し </font><br></td></tr></table><br><br><!-- 商品詳細ここまで --><!--共通説明文（大）ここから-->

<table width=""800"" border=""0"" align=""center"">
  <tr>
    <td> <img src=""https://image.rakuten.co.jp/kitcut/cabinet/banner/05298098/imgrc0080334562.jpg"" width=""800px"" /></td>
  </tr>
</table>
<table width=""800"" border=""0"" align=""center"">
  <tr>
    <td> <img src=""https://image.rakuten.co.jp/kitcut/cabinet/banner/05298098/imgrc0080411111.jpg"" width=""800px"" /></td>
  </tr>
</table>

<!--横2列-->

<table width=""800"" border=""0"" align=""center"">
  <tr>
    <td> <img src=""https://image.rakuten.co.jp/kitcut/cabinet/top/05006737/imgrc0080402120.jpg"" width=""399"" /></td>
    
    <!--kickflip-->
    <td> <img src=""https://image.rakuten.co.jp/kitcut/cabinet/top/05006737/imgrc0080402031.jpg"" width=""399"" /></td>
  </tr>
</table>

<!--横2列-->

<table width=""800"" border=""0"" align=""center"">
  <tr>
    <td> <img src=""https://image.rakuten.co.jp/kitcut/cabinet/banner/05298098/imgrc0081316114.jpg"" width=""399"" /></td>
    <td> <img src=""https://image.rakuten.co.jp/kitcut/cabinet/banner/05298098/imgrc0080355902.jpg"" width=""399"" /></td>
  </tr>
</table>

<!--25周年の告知-->
<table width=""800"" border=""0"" align=""center"">
  <tr>
    <td> <img src=""http://image.rakuten.co.jp/kitcut/cabinet/banner/04802908/imgrc0073840290.jpg"" width=""399"" /></td>
    <td> <img src=""http://image.rakuten.co.jp/kitcut/cabinet/banner/04802908/imgrc0073840291.jpg"" width=""399"" /></td>
  </tr>
</table>

<!--6月5日(月)9:59まで　DEAL-->
<table width=""800"" border=""0"" align=""center"">
  <tr>
    <td> <img src=""https://image.rakuten.co.jp/kitcut/cabinet/special/imgrc0081361413.jpg"" width=""800px"" /> </td>
  </tr>
</table>

<!--6月5日(月)9:59まで　フラッシュセール-->


<table width=""800"" border=""0""align=""center"" style=""background-color:#444444; color:#F4D406; text-align: center; font-size:18px; border-radius: 5px;"" >
 <tr >
    <td colspan=""5"" ><img src=""https://image.rakuten.co.jp/kitcut/cabinet/special/imgrc0081361616.jpg"" alt="""" width=""99%"" /></td>
  </tr>
  <tr>
    <td><img src=""https://image.rakuten.co.jp/kitcut/cabinet/special/imgrc0081361618.jpg"" width=""97%"" /></td>
    <td><img src=""https://image.rakuten.co.jp/kitcut/cabinet/special/imgrc0081361617.jpg"" width=""97%"" /></td>
    <td><img src=""https://image.rakuten.co.jp/kitcut/cabinet/special/imgrc0081361619.jpg"" width=""97%"" /></td>
    <td><img src=""https://image.rakuten.co.jp/kitcut/cabinet/special/imgrc0081361620.jpg"" width=""97%"" /></td>
  </tr>
  <tr>
    <td colspan=""5"" >2017年6月1日（木）10:00～2017年6月6日（火）9:59迄</td>
  </tr>
</table>






<style type=""text/css"">

#item_attention_area {
  border: #D00 solid 2px;
}

#item_attention_area p{
  margin: 0;
  padding: 2px 5px;
  color: white;
  background-color: #D00;
}

#item_attention_area ul{
  margin:0;
  padding: 10px 15px 5px 15px;
  list-style: none;
}

#item_attention_area ul>li{
  margin-bottom: 5px;
}

@media (max-width:481px){
section table   { width: 100%; }

.item th  { width: 30%; text-align: left; }
.item td  { 
margin-bottom:10px;
display:table;
}    

@media only screen and (min-width:480px){
    .item { margin: 0 auto; }
   .item tr{
        display: block;
}
    .item th,
    .item td{
        max-width: 100%;
       display: block;
        border-top: none;
		margin-bottom:10px;	

}

</style>",[1200円OFFクーポン有][ネコポス可] LEPLUS iPad 5th / 9.7インチ iPad Pro / Air 2 / Air 保護フィルム 「SHIELD・G HIGH SPEC FILM」 反射防止・超高精細 # LP-IPA3FLMSSP  ルプラス (Apple製品関連アクセサリ)：Apple専門店 キットカット,iPhone6 ケースiPhone 6 Plus ケースiPad Air 2 ケースiPad mini ケースAppleMacBook Pro ケースMacBook Air ケースbeats by dr.dreCatalystTHULEクラフトホリックiPad Pro ケースBOSEmoecoGILD designJBLヘッドホンイヤホンbluetoothスピーカー[1200円OFFクーポン有][ネコポス可] LEPLUS iPad 5th / 9.7インチ iPad Pro / Air 2 / Air 保護フィルム 「SHIELD・G HIGH SPEC FILM」 反射防止・超高精細 # LP-IPA3FLMSSP  ルプラス (Apple製品関連アクセサリ),様々な機能性で液晶面をしっかり保護。。[1200円OFFクーポン有][ネコポス可] LEPLUS iPad 5th / 9.7インチ iPad Pro / Air 2 / Air 保護フィルム 「SHIELD・G HIGH SPEC FILM」 反射防止・超高精細 # LP-IPA3FLMSSP  ルプラス (Apple製品関連アクセサリ)[rn]
32-93159,http://tshop.r10s.jp/kitcut/cabinet/item/35/prod-pict-437172.jpg?fitin=700:700,2072.0000,,スマートフォン・タブレット > スマートフォンアクセサリー > その他,[1200円OFFクーポン有][ネコポス可] Ray Out iPhone SE / 5s / 5c / 5 液晶保護フィルム 9H 耐衝撃 覗き見防止 ハイブリッド # RT-P11SFT/P1  レイアウト (Apple製品関連アクセサリ),正面からは見えても左右からは見えにくい!耐衝撃フィルム,"<br>

<!-- 関連分類リンク-->
<a href=""http://item.rakuten.co.jp/kitcut/c/""><img src=""http://image.rakuten.co.jp/kitcut/cabinet/banner/kitcut/suggest-case.jpg""></a><br>
<!-- 関連分類リンクここまで--><!-- ブックマーク -->
<br><p class=""add_bookmark""><a href=""https://my.bookmark.rakuten.co.jp/?func=reg&svid=101&shop_bid=206376&iid=10075515&itype=1""><img src=""https://image.rakuten.co.jp/kitcut/cabinet/banner/kitcut/imgrc0067948711.jpg"" alt=""Last Update : 2017/05/25 9:26:53""></a></p>
<!-- ブックマークここまで --><hr>
<!-- バリエーション -->
【バリエーション】
<div class=""variation2"">
<a href=""https://item.rakuten.co.jp/kitcut/437169/""><img width=""100"" border=""0"" src=""https://image.rakuten.co.jp/kitcut/cabinet/item/35/prod-pict-437169.jpg""></a>
<a href=""https://item.rakuten.co.jp/kitcut/437170/""><img width=""100"" border=""0"" src=""https://image.rakuten.co.jp/kitcut/cabinet/item/35/prod-pict-437170.jpg""></a>
<a href=""https://item.rakuten.co.jp/kitcut/437171/""><img width=""100"" border=""0"" src=""https://image.rakuten.co.jp/kitcut/cabinet/item/35/prod-pict-437171.jpg""></a>
<a href=""https://item.rakuten.co.jp/kitcut/437172/""><img width=""100"" border=""0"" src=""https://image.rakuten.co.jp/kitcut/cabinet/item/35/prod-pict-437172.jpg""></a><br>
<font color=""gray"">[family] <a href=""http://search.rakuten.co.jp/search/inshop-mall/43716960271/-/f.1-p.1-s.2-sf.0-sid.206376-st.A-v.3"">43716960271</a></font></div>
<!-- バリエーションここまで -->
<!-- ネコポス文言 --><br>
<img src='http://image.rakuten.co.jp/kitcut/cabinet/nekopos.jpg'><br>
<!-- ネコポス文言ここまで --><br><!-- 商品詳細 -->
<table class='item_explain' border='0' cellspacing='0' cellpadding='0'>
<tr>
<td>
正面からは見えても左右からは見えにくい!超高硬度9Hの耐衝撃・覗き見防止でプライバシーを保護!<br>
<br>
・ フレキシブルなのにガラス並の超高硬度9Ｈ!<br>
高級車のボディーコーティングにも使用されるハイブリッドガラスコーティングにより高硬度9Hを実現。<br>
ガラスフィルムよりも優れた柔軟性が特徴で、貼り直しの際にフィルムを割る心配がありません。<br>
<br>
・ 超タフなフィルム!<br>
フィルムを3倍厚くすることで端末への衝撃を軽減。本体画面をがっちりガードします!<br>
<br>
・ 180°左右覗き見防止でプライバシー保護!<br>
満員電車などでの他人の覗き見は気になるものです。本製品は特殊加工により180°左右からの覗き見を防止し、あなたのプライバシーをしっかり守ります。<br>
<br>
・ 指紋や皮脂が付きにくい<br>
指紋や皮脂が付きにくく画面のべたつきを抑えます。<br>
[仕様情報]<br>
材質 : シリコン膜(液晶保護フィルム吸着面)<br>
　　　アクリル系樹脂＋PET(液晶保護フィルム表面)<br>
製品内容 : 液晶保護フィルム 9H 耐衝撃 覗き見防止 ハイブリッドガラスコート<br>
　　　　　クロス<br><br>
[メーカー]レイアウト Ray Out<br>
[商品型番] RT-P11SFT/P1<br>
[バーコード] 4562356997299<br>

<font color=""gray"">
[性能] 衝撃吸収<br>[性能] のぞき見防止<br>[対応] iPhone 5<br>[対応] iPhone 5s<br>[対応] iPhone 5c<br>[対応] iPhone SE<br>[対応S] アイフォーン アイフォン  アイホーン アイホン iPhone
</font><br>
</td>
</tr>
</table><br><br>
<!-- 商品詳細ここまで --><!--共通説明文（大）ここから-->

<table width=""800"" border=""0"" align=""center"">
  <tr>
    <td> <img src=""https://image.rakuten.co.jp/kitcut/cabinet/banner/05298098/imgrc0080334562.jpg"" width=""800px"" /></td>
  </tr>
</table>
<table width=""800"" border=""0"" align=""center"">
  <tr>
    <td> <img src=""https://image.rakuten.co.jp/kitcut/cabinet/banner/05298098/imgrc0080411111.jpg"" width=""800px"" /></td>
  </tr>
</table>

<!--横2列-->

<table width=""800"" border=""0"" align=""center"">
  <tr>
    <td> <img src=""https://image.rakuten.co.jp/kitcut/cabinet/top/05006737/imgrc0080402120.jpg"" width=""399"" /></td>
    
    <!--kickflip-->
    <td> <img src=""https://image.rakuten.co.jp/kitcut/cabinet/top/05006737/imgrc0080402031.jpg"" width=""399"" /></td>
  </tr>
</table>

<!--横2列-->

<table width=""800"" border=""0"" align=""center"">
  <tr>
    <td> <img src=""https://image.rakuten.co.jp/kitcut/cabinet/banner/05298098/imgrc0081316114.jpg"" width=""399"" /></td>
    <td> <img src=""https://image.rakuten.co.jp/kitcut/cabinet/banner/05298098/imgrc0080355902.jpg"" width=""399"" /></td>
  </tr>
</table>

<!--25周年の告知-->
<table width=""800"" border=""0"" align=""center"">
  <tr>
    <td> <img src=""http://image.rakuten.co.jp/kitcut/cabinet/banner/04802908/imgrc0073840290.jpg"" width=""399"" /></td>
    <td> <img src=""http://image.rakuten.co.jp/kitcut/cabinet/banner/04802908/imgrc0073840291.jpg"" width=""399"" /></td>
  </tr>
</table>

<!--6月5日(月)9:59まで　DEAL-->
<table width=""800"" border=""0"" align=""center"">
  <tr>
    <td> <img src=""https://image.rakuten.co.jp/kitcut/cabinet/special/imgrc0081361413.jpg"" width=""800px"" /> </td>
  </tr>
</table>

<!--6月5日(月)9:59まで　フラッシュセール-->


<table width=""800"" border=""0""align=""center"" style=""background-color:#444444; color:#F4D406; text-align: center; font-size:18px; border-radius: 5px;"" >
 <tr >
    <td colspan=""5"" ><img src=""https://image.rakuten.co.jp/kitcut/cabinet/special/imgrc0081361616.jpg"" alt="""" width=""99%"" /></td>
  </tr>
  <tr>
    <td><img src=""https://image.rakuten.co.jp/kitcut/cabinet/special/imgrc0081361618.jpg"" width=""97%"" /></td>
    <td><img src=""https://image.rakuten.co.jp/kitcut/cabinet/special/imgrc0081361617.jpg"" width=""97%"" /></td>
    <td><img src=""https://image.rakuten.co.jp/kitcut/cabinet/special/imgrc0081361619.jpg"" width=""97%"" /></td>
    <td><img src=""https://image.rakuten.co.jp/kitcut/cabinet/special/imgrc0081361620.jpg"" width=""97%"" /></td>
  </tr>
  <tr>
    <td colspan=""5"" >2017年6月1日（木）10:00～2017年6月6日（火）9:59迄</td>
  </tr>
</table>






<style type=""text/css"">

#item_attention_area {
  border: #D00 solid 2px;
}

#item_attention_area p{
  margin: 0;
  padding: 2px 5px;
  color: white;
  background-color: #D00;
}

#item_attention_area ul{
  margin:0;
  padding: 10px 15px 5px 15px;
  list-style: none;
}

#item_attention_area ul>li{
  margin-bottom: 5px;
}

@media (max-width:481px){
section table   { width: 100%; }

.item th  { width: 30%; text-align: left; }
.item td  { 
margin-bottom:10px;
display:table;
}    

@media only screen and (min-width:480px){
    .item { margin: 0 auto; }
   .item tr{
        display: block;
}
    .item th,
    .item td{
        max-width: 100%;
       display: block;
        border-top: none;
		margin-bottom:10px;	

}

</style>",[1200円OFFクーポン有][ネコポス可] Ray Out iPhone SE / 5s / 5c / 5 液晶保護フィルム 9H 耐衝撃 覗き見防止 ハイブリッド # RT-P11SFT/P1  レイアウト (Apple製品関連アクセサリ)：Apple専門店 キットカット,iPhone6 ケースiPhone 6 Plus ケースiPad Air 2 ケースiPad mini ケースAppleMacBook Pro ケースMacBook Air ケースbeats by dr.dreCatalystTHULEクラフトホリックiPad Pro ケースBOSEmoecoGILD designJBLヘッドホンイヤホンbluetoothスピーカー[1200円OFFクーポン有][ネコポス可] Ray Out iPhone SE / 5s / 5c / 5 液晶保護フィルム 9H 耐衝撃 覗き見防止 ハイブリッド # RT-P11SFT/P1  レイアウト (Apple製品関連アクセサリ),正面からは見えても左右からは見えにくい!耐衝撃フィルム。[1200円OFFクーポン有][ネコポス可] Ray Out iPhone SE / 5s / 5c / 5 液晶保護フィルム 9H 耐衝撃 覗き見防止 ハイブリッド # RT-P11SFT/P1  レイアウト (Apple製品関連アクセサリ)[rn]
32-93160,http://tshop.r10s.jp/kitcut/cabinet/item/38/p44761469781_57380.jpg?fitin=700:700,950.4000,,スマートフォン・タブレット > スマートフォンアクセサリー > その他,[1200円OFFクーポン有] elago CARD POCKET iPhone / スマートフォン対応 背面カード収納ポケット エラゴ (Apple製品関連アクセサリ),背面カード収納ポケット,"<!-- リコメンド --><br>
<div id=""recommend_area"">
<h3>elago CARD POCKET iPhone / スマートフォン対応 背面カード収納ポケット エラゴ</h3>
<div class=""staff_recommend""><h3>*</h3><div class=""recom_showcase""><p class=""recom_img""><img src=""http://image.rakuten.co.jp/kitcut/cabinet/recom43/rec-447614-51488.jpg"" alt=""*の画像""></p></div><p></p></div>
<div class=""staff_recommend""><h3>*</h3><div class=""recom_showcase""><p class=""recom_img""><img src=""http://image.rakuten.co.jp/kitcut/cabinet/recom43/rec-447614-51489.jpg"" alt=""*の画像""></p></div><p></p></div>
<div class=""staff_recommend""><h3>*</h3><div class=""recom_showcase""><p class=""recom_img""><img src=""http://image.rakuten.co.jp/kitcut/cabinet/recom43/rec-447614-51490.jpg"" alt=""*の画像""></p></div><p></p></div>
<div class=""staff_recommend""><h3>*</h3><div class=""recom_showcase""><p class=""recom_img""><img src=""http://image.rakuten.co.jp/kitcut/cabinet/recom43/rec-447614-51491.jpg"" alt=""*の画像""></p></div><p></p></div>
</div>
<!-- リコメンドここまで -->

<br>

<!-- ブックマーク -->
<br><p class=""add_bookmark""><a href=""https://my.bookmark.rakuten.co.jp/?func=reg&svid=101&shop_bid=206376&iid=10085430&itype=1""><img src=""https://image.rakuten.co.jp/kitcut/cabinet/banner/kitcut/imgrc0067948711.jpg"" alt=""Last Update : 2017/05/25 9:29:18""></a></p>
<!-- ブックマークここまで -->
<!-- ネコポス文言 --><br>
<img src='http://image.rakuten.co.jp/kitcut/cabinet/nekopos.jpg'><br>
<!-- ネコポス文言ここまで --><br><!-- 商品詳細 -->
<table class='item_explain' border='0' cellspacing='0' cellpadding='0'>
<tr>
<td>
各種iPhone / スマートホン対応の、elago製背面カード収納ポケットです。<br>
<br>
ご利用のスマートフォンやスマホケースに貼り付けるだけで、便利なカードポケットになるアイテムです。<br>
<br>
<br>
[仕様情報]<br>
素材 : シリコン<br><br>
[メーカー]エラゴ elago<br>
  <table width='300px' bgcolor='#6C87B5' cellspacing='1' cellpadding='0'>
    <tr bgcolor='#ffffff'>
      <th align='center'><font size='2' color='#5F7192'></font></th>
      <th align='center'><font size='2' color='#5F7192'>型番</font></th>
      <th align='center'><font size='2' color='#5F7192'>JAN</font></th>
    </tr>

    <tr bgcolor='#ffffff' valign='center'>
      <td height='20' align='center'><font size='1' color='#4164A6'>Black</font></td>
      <td height='20' align='center'><font size='1'>EL_SPACPSCCP_BK</font></td>
  <td height='20' align='center'><font size='1'>8809461765730</font></td>
    </tr>
    <tr bgcolor='F3F6F7' valign='center'>
      <td height='20' align='center'><font size='1' color='#4164A6'>Italian Rose</font></td>
      <td height='20' align='center'><font size='1'>EL_SPACPSCCP_IR</font></td>
  <td height='20' align='center'><font size='1'>8809461765754</font></td>
    </tr>
    <tr bgcolor='#ffffff' valign='center'>
      <td height='20' align='center'><font size='1' color='#4164A6'>Jean Indigo</font></td>
      <td height='20' align='center'><font size='1'>EL_SPACPSCCP_JI</font></td>
  <td height='20' align='center'><font size='1'>8809461765747</font></td>
    </tr>
  </table><br>

<font color=""gray"">
[] イタリアンローズ<br>[] ジーンインディゴ<br>[材質] Silicone<br>[色] ネイビー<br>[色] ブラック<br>[色] レッド
</font><br>
</td>
</tr>
</table><br><br>
<!-- 商品詳細ここまで --><!--共通説明文（大）ここから-->

<table width=""800"" border=""0"" align=""center"">
  <tr>
    <td> <img src=""https://image.rakuten.co.jp/kitcut/cabinet/banner/05298098/imgrc0080334562.jpg"" width=""800px"" /></td>
  </tr>
</table>
<table width=""800"" border=""0"" align=""center"">
  <tr>
    <td> <img src=""https://image.rakuten.co.jp/kitcut/cabinet/banner/05298098/imgrc0080411111.jpg"" width=""800px"" /></td>
  </tr>
</table>

<!--横2列-->

<table width=""800"" border=""0"" align=""center"">
  <tr>
    <td> <img src=""https://image.rakuten.co.jp/kitcut/cabinet/top/05006737/imgrc0080402120.jpg"" width=""399"" /></td>
    
    <!--kickflip-->
    <td> <img src=""https://image.rakuten.co.jp/kitcut/cabinet/top/05006737/imgrc0080402031.jpg"" width=""399"" /></td>
  </tr>
</table>

<!--横2列-->

<table width=""800"" border=""0"" align=""center"">
  <tr>
    <td> <img src=""https://image.rakuten.co.jp/kitcut/cabinet/banner/05298098/imgrc0081316114.jpg"" width=""399"" /></td>
    <td> <img src=""https://image.rakuten.co.jp/kitcut/cabinet/banner/05298098/imgrc0080355902.jpg"" width=""399"" /></td>
  </tr>
</table>

<!--25周年の告知-->
<table width=""800"" border=""0"" align=""center"">
  <tr>
    <td> <img src=""http://image.rakuten.co.jp/kitcut/cabinet/banner/04802908/imgrc0073840290.jpg"" width=""399"" /></td>
    <td> <img src=""http://image.rakuten.co.jp/kitcut/cabinet/banner/04802908/imgrc0073840291.jpg"" width=""399"" /></td>
  </tr>
</table>

<!--6月5日(月)9:59まで　DEAL-->
<table width=""800"" border=""0"" align=""center"">
  <tr>
    <td> <img src=""https://image.rakuten.co.jp/kitcut/cabinet/special/imgrc0081361413.jpg"" width=""800px"" /> </td>
  </tr>
</table>

<!--6月5日(月)9:59まで　フラッシュセール-->


<table width=""800"" border=""0""align=""center"" style=""background-color:#444444; color:#F4D406; text-align: center; font-size:18px; border-radius: 5px;"" >
 <tr >
    <td colspan=""5"" ><img src=""https://image.rakuten.co.jp/kitcut/cabinet/special/imgrc0081361616.jpg"" alt="""" width=""99%"" /></td>
  </tr>
  <tr>
    <td><img src=""https://image.rakuten.co.jp/kitcut/cabinet/special/imgrc0081361618.jpg"" width=""97%"" /></td>
    <td><img src=""https://image.rakuten.co.jp/kitcut/cabinet/special/imgrc0081361617.jpg"" width=""97%"" /></td>
    <td><img src=""https://image.rakuten.co.jp/kitcut/cabinet/special/imgrc0081361619.jpg"" width=""97%"" /></td>
    <td><img src=""https://image.rakuten.co.jp/kitcut/cabinet/special/imgrc0081361620.jpg"" width=""97%"" /></td>
  </tr>
  <tr>
    <td colspan=""5"" >2017年6月1日（木）10:00～2017年6月6日（火）9:59迄</td>
  </tr>
</table>






<style type=""text/css"">

#item_attention_area {
  border: #D00 solid 2px;
}

#item_attention_area p{
  margin: 0;
  padding: 2px 5px;
  color: white;
  background-color: #D00;
}

#item_attention_area ul{
  margin:0;
  padding: 10px 15px 5px 15px;
  list-style: none;
}

#item_attention_area ul>li{
  margin-bottom: 5px;
}

@media (max-width:481px){
section table   { width: 100%; }

.item th  { width: 30%; text-align: left; }
.item td  { 
margin-bottom:10px;
display:table;
}    

@media only screen and (min-width:480px){
    .item { margin: 0 auto; }
   .item tr{
        display: block;
}
    .item th,
    .item td{
        max-width: 100%;
       display: block;
        border-top: none;
		margin-bottom:10px;	

}

</style>",[1200円OFFクーポン有] elago CARD POCKET iPhone / スマートフォン対応 背面カード収納ポケット エラゴ (Apple製品関連アクセサリ)：Apple専門店 キットカット,iPhone6 ケースiPhone 6 Plus ケースiPad Air 2 ケースiPad mini ケースAppleMacBook Pro ケースMacBook Air ケースbeats by dr.dreCatalystTHULEクラフトホリックiPad Pro ケースBOSEmoecoGILD designJBLヘッドホンイヤホンbluetoothスピーカー[1200円OFFクーポン有] elago CARD POCKET iPhone / スマートフォン対応 背面カード収納ポケット エラゴ (Apple製品関連アクセサリ),背面カード収納ポケット。[1200円OFFクーポン有] elago CARD POCKET iPhone / スマートフォン対応 背面カード収納ポケット エラゴ (Apple製品関連アクセサリ)[rn]
32-93161,http://tshop.r10s.jp/kitcut/cabinet/item/21/prod-pict-287962.jpg?fitin=700:700,3603.2000,,スマートフォン・タブレット > スマートフォンアクセサリー > その他,[1200円OFFクーポン有] Deff iPad mini / mini 2 / mini 3 High Grade Glass Screen Protector / 0.2mm # DG-IPDM2G210  ディーフ (タブレット用液晶保護フィルム),iPad mini /mini Retina用 0.2mm厚の極薄強化ガラス,"<!-- リコメンド --><br>
<div id=""recommend_area"">
<h3>Deff iPad mini / mini 2 / mini 3 High Grade Glass Screen Protector / 0.2mm # DG-IPDM2G210  ディーフ</h3>
<div class=""staff_recommend""><h3>注目ポイント</h3><div class=""recom_showcase""><p class=""recom_img""><img src=""http://image.rakuten.co.jp/kitcut/cabinet/recom21/rec-287962-13558.jpg"" alt=""の画像""></p></div><p>ガラスでありながら、薄く、高い柔軟性と硬度を持ち合わせ、耐久性に優れるドイツ「SCHOTT AG」社製ガラスを採用。</p></div>
<div class=""staff_recommend""><h3>注目ポイント</h3><div class=""recom_showcase""><p class=""recom_img""><img src=""http://image.rakuten.co.jp/kitcut/cabinet/recom21/rec-287962-13559.jpg"" alt=""の画像""></p></div><p>鍵やナイフなどの先の尖った物でも簡単には傷が付きいません。9Hの表面硬度であなたの iPad の液晶画面を守ります。</p></div>
<div class=""staff_recommend""><h3>注目ポイント</h3><div class=""recom_showcase""><p class=""recom_img""><img src=""http://image.rakuten.co.jp/kitcut/cabinet/recom21/rec-287962-13566.jpg"" alt=""の画像""></p></div><p>ファンデーションなどの汚れがすぐに拭き取れる。特殊な表面コーティング加工を施しています。</p></div>
<div class=""staff_recommend""><h3>注目ポイント</h3><div class=""recom_showcase""><p class=""recom_img""><img src=""http://image.rakuten.co.jp/kitcut/cabinet/recom21/rec-287962-13569.jpg"" alt=""の画像""></p></div><p>なめらかな指すべりと、指紋や油分などの汚れが付きにくい特殊コーティング処理。</p></div>
<div class=""staff_recommend""><h3>注目ポイント</h3><div class=""recom_showcase""><p class=""recom_img""><img src=""http://image.rakuten.co.jp/kitcut/cabinet/recom21/rec-287962-13570.jpg"" alt=""の画像""></p></div><p>なめらかな指すべりと、指紋や油分などの汚れが付きにくい特殊コーティング処理。</p></div>
<div class=""staff_recommend""><h3>注目ポイント</h3><div class=""recom_showcase""><p class=""recom_img""><img src=""http://image.rakuten.co.jp/kitcut/cabinet/recom21/rec-287962-13571.jpg"" alt=""の画像""></p></div><p></p></div>
</div>
<!-- リコメンドここまで -->

<br>

<!-- 関連分類リンク-->
<a href=""http://item.rakuten.co.jp/kitcut/c/""><img src=""http://image.rakuten.co.jp/kitcut/cabinet/banner/kitcut/suggest-case.jpg""></a><br>
<!-- 関連分類リンクここまで--><!-- ブックマーク -->
<br><p class=""add_bookmark""><a href=""https://my.bookmark.rakuten.co.jp/?func=reg&svid=101&shop_bid=206376&iid=10044699&itype=1""><img src=""https://image.rakuten.co.jp/kitcut/cabinet/banner/kitcut/imgrc0067948711.jpg"" alt=""Last Update : 2017/05/25 9:23:26""></a></p>
<!-- ブックマークここまで --><hr>
<!-- バリエーション -->
【バリエーション】
<div class=""variation2"">
<a href=""https://item.rakuten.co.jp/kitcut/287962/""><img width=""100"" border=""0"" src=""https://image.rakuten.co.jp/kitcut/cabinet/item/21/prod-pict-287962.jpg""></a>
<a href=""https://item.rakuten.co.jp/kitcut/287963/""><img width=""100"" border=""0"" src=""https://image.rakuten.co.jp/kitcut/cabinet/item/21/prod-pict-287963.jpg""></a><br>
<font color=""gray"">[family] <a href=""http://search.rakuten.co.jp/search/inshop-mall/28796338131/-/f.1-p.1-s.2-sf.0-sid.206376-st.A-v.3"">28796338131</a></font></div>
<!-- バリエーションここまで -->
<!-- ネコポス文言 --><br>
<img src='http://image.rakuten.co.jp/kitcut/cabinet/nekopos.jpg'><br>
<!-- ネコポス文言ここまで --><br><!-- 商品詳細 -->
<table class='item_explain' border='0' cellspacing='0' cellpadding='0'>
<tr>
<td>
一般的に使われている液晶保護ガラスフィルムのガラス基材の厚みは0.33 0.4mmですが、本製品はさらに薄い0.2mm厚の物を採用しています。<br>
<br>
タブレットサイズでは特に高度な製造技術を必要としますが、まるで何も貼り付けていないような一体感と、指滑りの良い操作感を得るためにこの厚みにこだわりました。<br>
表面には特殊な防汚コーティングを複数回施し、9Hの硬度と93%以上の透過率、万が一割れた際の飛散防止処理と贅沢な仕上がりです。<br>
日本国内で設計し、技術と信頼のある工場にて生産しています。<br>
ホームボタンホールは高度なCNC加工でピッタリと位置ズレ無く貼り付けることができます。<br>
しかも、それだけのクオリティを持ちながら、驚きの低価格を実現しました。<br>
<br>
● どなたにでもカンタンに貼れて、綺麗な仕上がりに<br>
ガラスフィルムは初めてでも貼りやすく気泡抜けの良い構造で、簡単綺麗に仕上げることができます(※2)。角は全てラウンド処理されており、指触りが良く安心してお使い頂けます。<br>
<br>
● 操作性や機能性、安全面にも気を配っています<br>
多層コーティングによる表面処理で、気持ちの良い指滑りを実現しました。格別の操作感を実感できます。また、汚れにも強く、指の脂や化粧品などが付着してもサッと綺麗に拭き取れます。万が一割れても、破片が飛散したり指に刺さったりしないよう、特殊なフィルムで飛散防止処理されております。<br>
<br>
● 老舗のドイツ、ショット社製のガラス素材を採用<br>
万が一割れてしまっても、ガラスの破片が飛散したり指に刺さったりしないよう、特殊なフィルムで飛散防止処理されております。ガラス基材は独ショット社の強化ガラスを使用しています。ショット社は創業1884年と大変古く、望遠鏡やレンズメーカーへも供給するトップレベルの企業です。<br>
<br>
※1 JISで決められた鉛筆のHを基準とした硬度試験の単位。数値が多ければ多いほど固いことになります<br>
※2 気泡が残った場合は、ガラス面上から軽く押すか、プラスチックヘラで押さえれば消えます。<br>
<br>
【仕様】<br>
対応機種 : iPad mini <br>
　　　　　iPad mini 2<br>
　　　　　iPad mini 3<br>
製品素材 : ガラス(基材)、フィルム(飛散防止処理、粘着部)<br>
<br><br>
[メーカー]ディーフ Deff<br>
[商品型番] DG-IPDM2G210<br>
[バーコード] 4571395835486<br>

<font color=""gray"">
[材質] ガラス<br>[性能] ガラスフィルム<br>[性能] 光沢<br>[性能] 指紋防止<br>[対応] iPad mini 2<br>[対応] iPad mini<br>[対応] iPad mini 3
</font><br>
</td>
</tr>
</table><br><br>
<!-- 商品詳細ここまで --><!--共通説明文（大）ここから-->

<table width=""800"" border=""0"" align=""center"">
  <tr>
    <td> <img src=""https://image.rakuten.co.jp/kitcut/cabinet/banner/05298098/imgrc0080334562.jpg"" width=""800px"" /></td>
  </tr>
</table>
<table width=""800"" border=""0"" align=""center"">
  <tr>
    <td> <img src=""https://image.rakuten.co.jp/kitcut/cabinet/banner/05298098/imgrc0080411111.jpg"" width=""800px"" /></td>
  </tr>
</table>

<!--横2列-->

<table width=""800"" border=""0"" align=""center"">
  <tr>
    <td> <img src=""https://image.rakuten.co.jp/kitcut/cabinet/top/05006737/imgrc0080402120.jpg"" width=""399"" /></td>
    
    <!--kickflip-->
    <td> <img src=""https://image.rakuten.co.jp/kitcut/cabinet/top/05006737/imgrc0080402031.jpg"" width=""399"" /></td>
  </tr>
</table>

<!--横2列-->

<table width=""800"" border=""0"" align=""center"">
  <tr>
    <td> <img src=""https://image.rakuten.co.jp/kitcut/cabinet/banner/05298098/imgrc0081316114.jpg"" width=""399"" /></td>
    <td> <img src=""https://image.rakuten.co.jp/kitcut/cabinet/banner/05298098/imgrc0080355902.jpg"" width=""399"" /></td>
  </tr>
</table>

<!--25周年の告知-->
<table width=""800"" border=""0"" align=""center"">
  <tr>
    <td> <img src=""http://image.rakuten.co.jp/kitcut/cabinet/banner/04802908/imgrc0073840290.jpg"" width=""399"" /></td>
    <td> <img src=""http://image.rakuten.co.jp/kitcut/cabinet/banner/04802908/imgrc0073840291.jpg"" width=""399"" /></td>
  </tr>
</table>

<!--6月5日(月)9:59まで　DEAL-->
<table width=""800"" border=""0"" align=""center"">
  <tr>
    <td> <img src=""https://image.rakuten.co.jp/kitcut/cabinet/special/imgrc0081361413.jpg"" width=""800px"" /> </td>
  </tr>
</table>

<!--6月5日(月)9:59まで　フラッシュセール-->


<table width=""800"" border=""0""align=""center"" style=""background-color:#444444; color:#F4D406; text-align: center; font-size:18px; border-radius: 5px;"" >
 <tr >
    <td colspan=""5"" ><img src=""https://image.rakuten.co.jp/kitcut/cabinet/special/imgrc0081361616.jpg"" alt="""" width=""99%"" /></td>
  </tr>
  <tr>
    <td><img src=""https://image.rakuten.co.jp/kitcut/cabinet/special/imgrc0081361618.jpg"" width=""97%"" /></td>
    <td><img src=""https://image.rakuten.co.jp/kitcut/cabinet/special/imgrc0081361617.jpg"" width=""97%"" /></td>
    <td><img src=""https://image.rakuten.co.jp/kitcut/cabinet/special/imgrc0081361619.jpg"" width=""97%"" /></td>
    <td><img src=""https://image.rakuten.co.jp/kitcut/cabinet/special/imgrc0081361620.jpg"" width=""97%"" /></td>
  </tr>
  <tr>
    <td colspan=""5"" >2017年6月1日（木）10:00～2017年6月6日（火）9:59迄</td>
  </tr>
</table>






<style type=""text/css"">

#item_attention_area {
  border: #D00 solid 2px;
}

#item_attention_area p{
  margin: 0;
  padding: 2px 5px;
  color: white;
  background-color: #D00;
}

#item_attention_area ul{
  margin:0;
  padding: 10px 15px 5px 15px;
  list-style: none;
}

#item_attention_area ul>li{
  margin-bottom: 5px;
}

@media (max-width:481px){
section table   { width: 100%; }

.item th  { width: 30%; text-align: left; }
.item td  { 
margin-bottom:10px;
display:table;
}    

@media only screen and (min-width:480px){
    .item { margin: 0 auto; }
   .item tr{
        display: block;
}
    .item th,
    .item td{
        max-width: 100%;
       display: block;
        border-top: none;
		margin-bottom:10px;	

}

</style>",[1200円OFFクーポン有] Deff iPad mini / mini 2 / mini 3 High Grade Glass Screen Protector / 0.2mm # DG-IPDM2G210  ディーフ (タブレット用液晶保護フィルム)：Apple専門店 キットカット,iPhone6 ケースiPhone 6 Plus ケースiPad Air 2 ケースiPad mini ケースAppleMacBook Pro ケースMacBook Air ケースbeats by dr.dreCatalystTHULEクラフトホリックiPad Pro ケースBOSEmoecoGILD designJBLヘッドホンイヤホンbluetoothスピーカー[1200円OFFクーポン有] Deff iPad mini / mini 2 / mini 3 High Grade Glass Screen Protector / 0.2mm # DG-IPDM2G210  ディーフ (タブレット用液晶保護フィルム),iPad mini /mini Retina用 0.2mm厚の極薄強化ガラス。[1200円OFFクーポン有] Deff iPad mini / mini 2 / mini 3 High Grade Glass Screen Protector / 0.2mm # DG-IPDM2G210  ディーフ (タブレット用液晶保護フィルム)[rn]
32-93162,http://tshop.r10s.jp/kitcut/cabinet/item/35/prod-pict-437159.jpg?fitin=700:700,648.0000,,スマートフォン・タブレット > スマートフォンアクセサリー > その他,[1200円OFFクーポン有][ネコポス可] Ray Out iPhone SE / 5s / 5c / 5 液晶保護フィルム ブルーライトカット 高光沢 # RT-P11SF/M1  レイアウト (Apple製品関連アクセサリ),ブルーライトカット。クリアホワイトカラーだから見やすい,"<br>

<!-- 関連分類リンク-->
<a href=""http://item.rakuten.co.jp/kitcut/c/""><img src=""http://image.rakuten.co.jp/kitcut/cabinet/banner/kitcut/suggest-case.jpg""></a><br>
<!-- 関連分類リンクここまで--><!-- ブックマーク -->
<br><p class=""add_bookmark""><a href=""https://my.bookmark.rakuten.co.jp/?func=reg&svid=101&shop_bid=206376&iid=10075491&itype=1""><img src=""https://image.rakuten.co.jp/kitcut/cabinet/banner/kitcut/imgrc0067948711.jpg"" alt=""Last Update : 2017/05/25 9:26:52""></a></p>
<!-- ブックマークここまで --><hr>
<!-- バリエーション -->
【バリエーション】
<div class=""variation2"">
<a href=""https://item.rakuten.co.jp/kitcut/437154/""><img width=""100"" border=""0"" src=""https://image.rakuten.co.jp/kitcut/cabinet/item/35/prod-pict-437154.jpg""></a>
<a href=""https://item.rakuten.co.jp/kitcut/437155/""><img width=""100"" border=""0"" src=""https://image.rakuten.co.jp/kitcut/cabinet/item/35/prod-pict-437155.jpg""></a>
<a href=""https://item.rakuten.co.jp/kitcut/437156/""><img width=""100"" border=""0"" src=""https://image.rakuten.co.jp/kitcut/cabinet/item/35/prod-pict-437156.jpg""></a>
<a href=""https://item.rakuten.co.jp/kitcut/437157/""><img width=""100"" border=""0"" src=""https://image.rakuten.co.jp/kitcut/cabinet/item/35/prod-pict-437157.jpg""></a>
<a href=""https://item.rakuten.co.jp/kitcut/437158/""><img width=""100"" border=""0"" src=""https://image.rakuten.co.jp/kitcut/cabinet/item/35/prod-pict-437158.jpg""></a>
<a href=""https://item.rakuten.co.jp/kitcut/437159/""><img width=""100"" border=""0"" src=""https://image.rakuten.co.jp/kitcut/cabinet/item/35/prod-pict-437159.jpg""></a><br>
<font color=""gray"">[family] <a href=""http://search.rakuten.co.jp/search/inshop-mall/43715910201/-/f.1-p.1-s.2-sf.0-sid.206376-st.A-v.3"">43715910201</a></font></div>
<!-- バリエーションここまで -->
<!-- ネコポス文言 --><br>
<img src='http://image.rakuten.co.jp/kitcut/cabinet/nekopos.jpg'><br>
<!-- ネコポス文言ここまで --><br><!-- 商品詳細 -->
<table class='item_explain' border='0' cellspacing='0' cellpadding='0'>
<tr>
<td>
ブルーライトカット。クリアホワイトカラーだから見やすい<br>
<br>
・ ブルーライトカット<br>
「ブルーライト」を約32％低減し、目への負担を軽減します。<br>
ブルーライトは可視光線の中で最もエネルギーが強く、目の奥の網膜まで届いてしまう青色光のことです。ブルーライトを多く発する液晶ディスプレイを長時間見続けると、知らず知らずのうちに目に負担がかかってしまいます。<br>
<br>
・ 写真や動画鑑賞に最適<br>
ヘイズ(光散乱)を抑えることで画面が白くボケることを抑えくっきり鮮やか。<br>
<br>
・ 気泡ゼロ加工<br>
特殊なシリコン膜が貼り付け時に入ってしまう小さなホコリを時間とともに巻き込むため気泡が消えやすい。<br>
<br>
・ クリアホワイトカラー<br>
従来のブルーライト低減フィルムと異なり、貼付面が黄色やグレーに変色しません。<br>
<br>
・ 簡単貼りつけ「Quick Scope」付き!<br>
ぴったり貼れる!新開発貼り付けキット「Quick Scope」付き! 狙った場所は外さない!液晶フィルム貼り付けがとても楽に行えます。 (特許申請中)<br>
[仕様情報]<br>
材質 : シリコン膜(液晶保護フィルム吸着面)<br>
　　　PET(液晶保護フィルム表面)<br>
製品内容 : 液晶保護フィルム ブルーライトカット 高光沢<br>
　　　　　クロス<br><br>
[メーカー]レイアウト Ray Out<br>
[商品型番] RT-P11SF/M1<br>
[バーコード] 4562356997176<br>

<font color=""gray"">
[性能] ブルーライトカット<br>[性能] 光沢<br>[対応] iPhone 5<br>[対応] iPhone 5c<br>[対応] iPhone 5s<br>[対応] iPhone SE<br>[対応S] アイフォーン アイフォン  アイホーン アイホン iPhone
</font><br>
</td>
</tr>
</table><br><br>
<!-- 商品詳細ここまで --><!--共通説明文（大）ここから-->

<table width=""800"" border=""0"" align=""center"">
  <tr>
    <td> <img src=""https://image.rakuten.co.jp/kitcut/cabinet/banner/05298098/imgrc0080334562.jpg"" width=""800px"" /></td>
  </tr>
</table>
<table width=""800"" border=""0"" align=""center"">
  <tr>
    <td> <img src=""https://image.rakuten.co.jp/kitcut/cabinet/banner/05298098/imgrc0080411111.jpg"" width=""800px"" /></td>
  </tr>
</table>

<!--横2列-->

<table width=""800"" border=""0"" align=""center"">
  <tr>
    <td> <img src=""https://image.rakuten.co.jp/kitcut/cabinet/top/05006737/imgrc0080402120.jpg"" width=""399"" /></td>
    
    <!--kickflip-->
    <td> <img src=""https://image.rakuten.co.jp/kitcut/cabinet/top/05006737/imgrc0080402031.jpg"" width=""399"" /></td>
  </tr>
</table>

<!--横2列-->

<table width=""800"" border=""0"" align=""center"">
  <tr>
    <td> <img src=""https://image.rakuten.co.jp/kitcut/cabinet/banner/05298098/imgrc0081316114.jpg"" width=""399"" /></td>
    <td> <img src=""https://image.rakuten.co.jp/kitcut/cabinet/banner/05298098/imgrc0080355902.jpg"" width=""399"" /></td>
  </tr>
</table>

<!--25周年の告知-->
<table width=""800"" border=""0"" align=""center"">
  <tr>
    <td> <img src=""http://image.rakuten.co.jp/kitcut/cabinet/banner/04802908/imgrc0073840290.jpg"" width=""399"" /></td>
    <td> <img src=""http://image.rakuten.co.jp/kitcut/cabinet/banner/04802908/imgrc0073840291.jpg"" width=""399"" /></td>
  </tr>
</table>

<!--6月5日(月)9:59まで　DEAL-->
<table width=""800"" border=""0"" align=""center"">
  <tr>
    <td> <img src=""https://image.rakuten.co.jp/kitcut/cabinet/special/imgrc0081361413.jpg"" width=""800px"" /> </td>
  </tr>
</table>

<!--6月5日(月)9:59まで　フラッシュセール-->


<table width=""800"" border=""0""align=""center"" style=""background-color:#444444; color:#F4D406; text-align: center; font-size:18px; border-radius: 5px;"" >
 <tr >
    <td colspan=""5"" ><img src=""https://image.rakuten.co.jp/kitcut/cabinet/special/imgrc0081361616.jpg"" alt="""" width=""99%"" /></td>
  </tr>
  <tr>
    <td><img src=""https://image.rakuten.co.jp/kitcut/cabinet/special/imgrc0081361618.jpg"" width=""97%"" /></td>
    <td><img src=""https://image.rakuten.co.jp/kitcut/cabinet/special/imgrc0081361617.jpg"" width=""97%"" /></td>
    <td><img src=""https://image.rakuten.co.jp/kitcut/cabinet/special/imgrc0081361619.jpg"" width=""97%"" /></td>
    <td><img src=""https://image.rakuten.co.jp/kitcut/cabinet/special/imgrc0081361620.jpg"" width=""97%"" /></td>
  </tr>
  <tr>
    <td colspan=""5"" >2017年6月1日（木）10:00～2017年6月6日（火）9:59迄</td>
  </tr>
</table>






<style type=""text/css"">

#item_attention_area {
  border: #D00 solid 2px;
}

#item_attention_area p{
  margin: 0;
  padding: 2px 5px;
  color: white;
  background-color: #D00;
}

#item_attention_area ul{
  margin:0;
  padding: 10px 15px 5px 15px;
  list-style: none;
}

#item_attention_area ul>li{
  margin-bottom: 5px;
}

@media (max-width:481px){
section table   { width: 100%; }

.item th  { width: 30%; text-align: left; }
.item td  { 
margin-bottom:10px;
display:table;
}    

@media only screen and (min-width:480px){
    .item { margin: 0 auto; }
   .item tr{
        display: block;
}
    .item th,
    .item td{
        max-width: 100%;
       display: block;
        border-top: none;
		margin-bottom:10px;	

}

</style>",[1200円OFFクーポン有][ネコポス可] Ray Out iPhone SE / 5s / 5c / 5 液晶保護フィルム ブルーライトカット 高光沢 # RT-P11SF/M1  レイアウト (Apple製品関連アクセサリ)：Apple専門店 キットカット,iPhone6 ケースiPhone 6 Plus ケースiPad Air 2 ケースiPad mini ケースAppleMacBook Pro ケースMacBook Air ケースbeats by dr.dreCatalystTHULEクラフトホリックiPad Pro ケースBOSEmoecoGILD designJBLヘッドホンイヤホンbluetoothスピーカー[1200円OFFクーポン有][ネコポス可] Ray Out iPhone SE / 5s / 5c / 5 液晶保護フィルム ブルーライトカット 高光沢 # RT-P11SF/M1  レイアウト (Apple製品関連アクセサリ),ブルーライトカット。クリアホワイトカラーだから見やすい。[1200円OFFクーポン有][ネコポス可] Ray Out iPhone SE / 5s / 5c / 5 液晶保護フィルム ブルーライトカット 高光沢 # RT-P11SF/M1  レイアウト (Apple製品関連アクセサリ)[rn]
32-93163,http://tshop.r10s.jp/kitcut/cabinet/item/35/prod-pict-437164.jpg?fitin=700:700,1072.0000,,スマートフォン・タブレット > スマートフォンアクセサリー > その他,[1200円OFFクーポン有][ネコポス可] Ray Out iPhone SE / 5s / 5c / 5 液晶保護フィルム 耐衝撃 ブルーライト 高光沢 # RT-P11SFT/ALC  レイアウト (Apple製品関連アクセサリ),耐衝撃 ブルーライトカットの多機能光沢クリアフィルム,"<br>

<!-- 関連分類リンク-->
<a href=""http://item.rakuten.co.jp/kitcut/c/""><img src=""http://image.rakuten.co.jp/kitcut/cabinet/banner/kitcut/suggest-case.jpg""></a><br>
<!-- 関連分類リンクここまで--><!-- ブックマーク -->
<br><p class=""add_bookmark""><a href=""https://my.bookmark.rakuten.co.jp/?func=reg&svid=101&shop_bid=206376&iid=10075497&itype=1""><img src=""https://image.rakuten.co.jp/kitcut/cabinet/banner/kitcut/imgrc0067948711.jpg"" alt=""Last Update : 2017/05/25 9:26:52""></a></p>
<!-- ブックマークここまで --><hr>
<!-- バリエーション -->
【バリエーション】
<div class=""variation2"">
<a href=""https://item.rakuten.co.jp/kitcut/437160/""><img width=""100"" border=""0"" src=""https://image.rakuten.co.jp/kitcut/cabinet/item/35/prod-pict-437160.jpg""></a>
<a href=""https://item.rakuten.co.jp/kitcut/437161/""><img width=""100"" border=""0"" src=""https://image.rakuten.co.jp/kitcut/cabinet/item/35/prod-pict-437161.jpg""></a>
<a href=""https://item.rakuten.co.jp/kitcut/437162/""><img width=""100"" border=""0"" src=""https://image.rakuten.co.jp/kitcut/cabinet/item/35/prod-pict-437162.jpg""></a>
<a href=""https://item.rakuten.co.jp/kitcut/437164/""><img width=""100"" border=""0"" src=""https://image.rakuten.co.jp/kitcut/cabinet/item/35/prod-pict-437164.jpg""></a>
<a href=""https://item.rakuten.co.jp/kitcut/437165/""><img width=""100"" border=""0"" src=""https://image.rakuten.co.jp/kitcut/cabinet/item/35/prod-pict-437165.jpg""></a><br>
<font color=""gray"">[family] <a href=""http://search.rakuten.co.jp/search/inshop-mall/43716529531/-/f.1-p.1-s.2-sf.0-sid.206376-st.A-v.3"">43716529531</a></font></div>
<!-- バリエーションここまで -->
<!-- ネコポス文言 --><br><img src=http://image.rakuten.co.jp/kitcut/cabinet/nekopos.jpg><br><!-- ネコポス文言ここまで --><br><!-- 商品詳細 --><table class=item_explain border=0 cellspacing=0 cellpadding=0><tr><td>耐衝撃 ブルーライトカットの多機能クリアフィルム<br>ブルーライトは可視光線の中で最もエネルギーが強く、目の奥の網膜まで届いてしまう青色光のことです。ブルーライトを多く発する液晶ディスプレイを長時間見続けると、知らず知らずのうちに目に負担がかかってしまいます。<br><br>・ 耐衝撃<br>「割れない」という安心感。弊社鋼球落下テストでは229gの鉄球を180cmの高さから落としても割れませんでした。<br><br>・ ブルーライト低減<br>「ブルーライト」を約31％低減し、目への負担を軽減します。<br><br>・ 写真や動画鑑賞に最適<br>ヘイズ(光散乱)を抑えることで画面が白くボケることを抑えくっきり鮮やか。<br><br>・ クリアホワイトカラー<br>従来のブルーライト低減フィルムと異なり、貼付面が黄色やグレーに変色しません。<br><br>・ 簡単貼りつけ「Quick Scope」付き!<br>ぴったり貼れる!新開発貼り付けキット「Quick Scope」付き! 狙った場所は外さない!液晶フィルム貼り付けがとても楽に行えます。 (特許申請中)<br><br><br>[仕様情報]<br>材質 : シリコン膜(液晶保護フィルム吸着面)<br>　　　PET(液晶保護フィルム表面)<br>製品内容 : 液晶保護フィルム 耐衝撃 ブルーライトカット 高光沢<br>　　　　　クロス<br><br>[メーカー]レイアウト Ray Out<br>[商品型番] RT-P11SFT/ALC<br>[バーコード] 4562356997213<br> <font color=""gray"">[性能] 衝撃吸収<br>[性能] 光沢<br>[性能] ブルーライトカット<br>[対応] iPhone 5<br>[対応] iPhone 5s<br>[対応] iPhone 5c<br>[対応] iPhone SE<br>[対応S] アイフォーン アイフォン  アイホーン アイホン iPhone </font><br></td></tr></table><br><br><!-- 商品詳細ここまで --><!--共通説明文（大）ここから-->

<table width=""800"" border=""0"" align=""center"">
  <tr>
    <td> <img src=""https://image.rakuten.co.jp/kitcut/cabinet/banner/05298098/imgrc0080334562.jpg"" width=""800px"" /></td>
  </tr>
</table>
<table width=""800"" border=""0"" align=""center"">
  <tr>
    <td> <img src=""https://image.rakuten.co.jp/kitcut/cabinet/banner/05298098/imgrc0080411111.jpg"" width=""800px"" /></td>
  </tr>
</table>

<!--横2列-->

<table width=""800"" border=""0"" align=""center"">
  <tr>
    <td> <img src=""https://image.rakuten.co.jp/kitcut/cabinet/top/05006737/imgrc0080402120.jpg"" width=""399"" /></td>
    
    <!--kickflip-->
    <td> <img src=""https://image.rakuten.co.jp/kitcut/cabinet/top/05006737/imgrc0080402031.jpg"" width=""399"" /></td>
  </tr>
</table>

<!--横2列-->

<table width=""800"" border=""0"" align=""center"">
  <tr>
    <td> <img src=""https://image.rakuten.co.jp/kitcut/cabinet/banner/05298098/imgrc0081316114.jpg"" width=""399"" /></td>
    <td> <img src=""https://image.rakuten.co.jp/kitcut/cabinet/banner/05298098/imgrc0080355902.jpg"" width=""399"" /></td>
  </tr>
</table>

<!--25周年の告知-->
<table width=""800"" border=""0"" align=""center"">
  <tr>
    <td> <img src=""http://image.rakuten.co.jp/kitcut/cabinet/banner/04802908/imgrc0073840290.jpg"" width=""399"" /></td>
    <td> <img src=""http://image.rakuten.co.jp/kitcut/cabinet/banner/04802908/imgrc0073840291.jpg"" width=""399"" /></td>
  </tr>
</table>

<!--6月5日(月)9:59まで　DEAL-->
<table width=""800"" border=""0"" align=""center"">
  <tr>
    <td> <img src=""https://image.rakuten.co.jp/kitcut/cabinet/special/imgrc0081361413.jpg"" width=""800px"" /> </td>
  </tr>
</table>

<!--6月5日(月)9:59まで　フラッシュセール-->


<table width=""800"" border=""0""align=""center"" style=""background-color:#444444; color:#F4D406; text-align: center; font-size:18px; border-radius: 5px;"" >
 <tr >
    <td colspan=""5"" ><img src=""https://image.rakuten.co.jp/kitcut/cabinet/special/imgrc0081361616.jpg"" alt="""" width=""99%"" /></td>
  </tr>
  <tr>
    <td><img src=""https://image.rakuten.co.jp/kitcut/cabinet/special/imgrc0081361618.jpg"" width=""97%"" /></td>
    <td><img src=""https://image.rakuten.co.jp/kitcut/cabinet/special/imgrc0081361617.jpg"" width=""97%"" /></td>
    <td><img src=""https://image.rakuten.co.jp/kitcut/cabinet/special/imgrc0081361619.jpg"" width=""97%"" /></td>
    <td><img src=""https://image.rakuten.co.jp/kitcut/cabinet/special/imgrc0081361620.jpg"" width=""97%"" /></td>
  </tr>
  <tr>
    <td colspan=""5"" >2017年6月1日（木）10:00～2017年6月6日（火）9:59迄</td>
  </tr>
</table>






<style type=""text/css"">

#item_attention_area {
  border: #D00 solid 2px;
}

#item_attention_area p{
  margin: 0;
  padding: 2px 5px;
  color: white;
  background-color: #D00;
}

#item_attention_area ul{
  margin:0;
  padding: 10px 15px 5px 15px;
  list-style: none;
}

#item_attention_area ul>li{
  margin-bottom: 5px;
}

@media (max-width:481px){
section table   { width: 100%; }

.item th  { width: 30%; text-align: left; }
.item td  { 
margin-bottom:10px;
display:table;
}    

@media only screen and (min-width:480px){
    .item { margin: 0 auto; }
   .item tr{
        display: block;
}
    .item th,
    .item td{
        max-width: 100%;
       display: block;
        border-top: none;
		margin-bottom:10px;	

}

</style>",[1200円OFFクーポン有][ネコポス可] Ray Out iPhone SE / 5s / 5c / 5 液晶保護フィルム 耐衝撃 ブルーライト 高光沢 # RT-P11SFT/ALC  レイアウト (Apple製品関連アクセサリ)：Apple専門店 キットカット,iPhone6 ケースiPhone 6 Plus ケースiPad Air 2 ケースiPad mini ケースAppleMacBook Pro ケースMacBook Air ケースbeats by dr.dreCatalystTHULEクラフトホリックiPad Pro ケースBOSEmoecoGILD designJBLヘッドホンイヤホンbluetoothスピーカー[1200円OFFクーポン有][ネコポス可] Ray Out iPhone SE / 5s / 5c / 5 液晶保護フィルム 耐衝撃 ブルーライト 高光沢 # RT-P11SFT/ALC  レイアウト (Apple製品関連アクセサリ),耐衝撃 ブルーライトカットの多機能光沢クリアフィルム。[1200円OFFクーポン有][ネコポス可] Ray Out iPhone SE / 5s / 5c / 5 液晶保護フィルム 耐衝撃 ブルーライト 高光沢 # RT-P11SFT/ALC  レイアウト (Apple製品関連アクセサリ)[rn]
32-93164,http://tshop.r10s.jp/kitcut/cabinet/item/35/prod-pict-437162.jpg?fitin=700:700,1240.0000,,スマートフォン・タブレット > スマートフォンアクセサリー > その他,[1200円OFFクーポン有][ネコポス可] Ray Out iPhone SE / 5s / 5c / 5 液晶保護フィルム TPU 耐衝撃 光沢 # RT-P11SF/DE  レイアウト (Apple製品関連アクセサリ),最強クラスの耐衝撃!TPU素材を使用した光沢フィルム,"<br>

<!-- 関連分類リンク-->
<a href=""http://item.rakuten.co.jp/kitcut/c/""><img src=""http://image.rakuten.co.jp/kitcut/cabinet/banner/kitcut/suggest-case.jpg""></a><br>
<!-- 関連分類リンクここまで--><!-- ブックマーク -->
<br><p class=""add_bookmark""><a href=""https://my.bookmark.rakuten.co.jp/?func=reg&svid=101&shop_bid=206376&iid=10075495&itype=1""><img src=""https://image.rakuten.co.jp/kitcut/cabinet/banner/kitcut/imgrc0067948711.jpg"" alt=""Last Update : 2017/05/25 9:26:52""></a></p>
<!-- ブックマークここまで --><hr>
<!-- バリエーション -->
【バリエーション】
<div class=""variation2"">
<a href=""https://item.rakuten.co.jp/kitcut/437160/""><img width=""100"" border=""0"" src=""https://image.rakuten.co.jp/kitcut/cabinet/item/35/prod-pict-437160.jpg""></a>
<a href=""https://item.rakuten.co.jp/kitcut/437161/""><img width=""100"" border=""0"" src=""https://image.rakuten.co.jp/kitcut/cabinet/item/35/prod-pict-437161.jpg""></a>
<a href=""https://item.rakuten.co.jp/kitcut/437162/""><img width=""100"" border=""0"" src=""https://image.rakuten.co.jp/kitcut/cabinet/item/35/prod-pict-437162.jpg""></a>
<a href=""https://item.rakuten.co.jp/kitcut/437164/""><img width=""100"" border=""0"" src=""https://image.rakuten.co.jp/kitcut/cabinet/item/35/prod-pict-437164.jpg""></a>
<a href=""https://item.rakuten.co.jp/kitcut/437165/""><img width=""100"" border=""0"" src=""https://image.rakuten.co.jp/kitcut/cabinet/item/35/prod-pict-437165.jpg""></a><br>
<font color=""gray"">[family] <a href=""http://search.rakuten.co.jp/search/inshop-mall/43716529531/-/f.1-p.1-s.2-sf.0-sid.206376-st.A-v.3"">43716529531</a></font></div>
<!-- バリエーションここまで -->
<!-- ネコポス文言 --><br>
<img src='http://image.rakuten.co.jp/kitcut/cabinet/nekopos.jpg'><br>
<!-- ネコポス文言ここまで --><br><!-- 商品詳細 -->
<table class='item_explain' border='0' cellspacing='0' cellpadding='0'>
<tr>
<td>
最強クラスの耐衝撃!<br>
<br>
・ なめらかな指すべり<br>
フッ素コートでなめらかな指すべりを実現。指紋や皮脂が付きにくく画面のべたつきを抑えます。<br>
<br>
・ 写真や動画鑑賞に最適<br>
ヘイズ(光散乱)を抑えることで画面が白くボケることを抑えくっきり鮮やか。<br>
<br>
・ 簡単貼りつけ「Quick Scope」付き!<br>
ぴったり貼れる!新開発貼り付けキット「Quick Scope」付き! 狙った場所は外さない!液晶フィルム貼り付けがとても楽に行えます。 (特許申請中)<br>
[仕様情報]<br>
材質 : シリコン膜(液晶保護フィルム吸着面)<br>
　　　TPU(液晶保護フィルム表面)<br>
製品内容 : 液晶保護フィルム TPU 耐衝撃 光沢<br>
　　　　　クロス<br><br>
[メーカー]レイアウト Ray Out<br>
[商品型番] RT-P11SF/DE<br>
[バーコード] 4562356997206<br>

<font color=""gray"">
[性能] 衝撃吸収<br>[性能] 光沢<br>[対応] iPhone 5<br>[対応] iPhone 5s<br>[対応] iPhone 5c<br>[対応] iPhone SE<br>[対応S] アイフォーン アイフォン  アイホーン アイホン iPhone
</font><br>
</td>
</tr>
</table><br><br>
<!-- 商品詳細ここまで --><!--共通説明文（大）ここから-->

<table width=""800"" border=""0"" align=""center"">
  <tr>
    <td> <img src=""https://image.rakuten.co.jp/kitcut/cabinet/banner/05298098/imgrc0080334562.jpg"" width=""800px"" /></td>
  </tr>
</table>
<table width=""800"" border=""0"" align=""center"">
  <tr>
    <td> <img src=""https://image.rakuten.co.jp/kitcut/cabinet/banner/05298098/imgrc0080411111.jpg"" width=""800px"" /></td>
  </tr>
</table>

<!--横2列-->

<table width=""800"" border=""0"" align=""center"">
  <tr>
    <td> <img src=""https://image.rakuten.co.jp/kitcut/cabinet/top/05006737/imgrc0080402120.jpg"" width=""399"" /></td>
    
    <!--kickflip-->
    <td> <img src=""https://image.rakuten.co.jp/kitcut/cabinet/top/05006737/imgrc0080402031.jpg"" width=""399"" /></td>
  </tr>
</table>

<!--横2列-->

<table width=""800"" border=""0"" align=""center"">
  <tr>
    <td> <img src=""https://image.rakuten.co.jp/kitcut/cabinet/banner/05298098/imgrc0081316114.jpg"" width=""399"" /></td>
    <td> <img src=""https://image.rakuten.co.jp/kitcut/cabinet/banner/05298098/imgrc0080355902.jpg"" width=""399"" /></td>
  </tr>
</table>

<!--25周年の告知-->
<table width=""800"" border=""0"" align=""center"">
  <tr>
    <td> <img src=""http://image.rakuten.co.jp/kitcut/cabinet/banner/04802908/imgrc0073840290.jpg"" width=""399"" /></td>
    <td> <img src=""http://image.rakuten.co.jp/kitcut/cabinet/banner/04802908/imgrc0073840291.jpg"" width=""399"" /></td>
  </tr>
</table>

<!--6月5日(月)9:59まで　DEAL-->
<table width=""800"" border=""0"" align=""center"">
  <tr>
    <td> <img src=""https://image.rakuten.co.jp/kitcut/cabinet/special/imgrc0081361413.jpg"" width=""800px"" /> </td>
  </tr>
</table>

<!--6月5日(月)9:59まで　フラッシュセール-->


<table width=""800"" border=""0""align=""center"" style=""background-color:#444444; color:#F4D406; text-align: center; font-size:18px; border-radius: 5px;"" >
 <tr >
    <td colspan=""5"" ><img src=""https://image.rakuten.co.jp/kitcut/cabinet/special/imgrc0081361616.jpg"" alt="""" width=""99%"" /></td>
  </tr>
  <tr>
    <td><img src=""https://image.rakuten.co.jp/kitcut/cabinet/special/imgrc0081361618.jpg"" width=""97%"" /></td>
    <td><img src=""https://image.rakuten.co.jp/kitcut/cabinet/special/imgrc0081361617.jpg"" width=""97%"" /></td>
    <td><img src=""https://image.rakuten.co.jp/kitcut/cabinet/special/imgrc0081361619.jpg"" width=""97%"" /></td>
    <td><img src=""https://image.rakuten.co.jp/kitcut/cabinet/special/imgrc0081361620.jpg"" width=""97%"" /></td>
  </tr>
  <tr>
    <td colspan=""5"" >2017年6月1日（木）10:00～2017年6月6日（火）9:59迄</td>
  </tr>
</table>






<style type=""text/css"">

#item_attention_area {
  border: #D00 solid 2px;
}

#item_attention_area p{
  margin: 0;
  padding: 2px 5px;
  color: white;
  background-color: #D00;
}

#item_attention_area ul{
  margin:0;
  padding: 10px 15px 5px 15px;
  list-style: none;
}

#item_attention_area ul>li{
  margin-bottom: 5px;
}

@media (max-width:481px){
section table   { width: 100%; }

.item th  { width: 30%; text-align: left; }
.item td  { 
margin-bottom:10px;
display:table;
}    

@media only screen and (min-width:480px){
    .item { margin: 0 auto; }
   .item tr{
        display: block;
}
    .item th,
    .item td{
        max-width: 100%;
       display: block;
        border-top: none;
		margin-bottom:10px;	

}

</style>",[1200円OFFクーポン有][ネコポス可] Ray Out iPhone SE / 5s / 5c / 5 液晶保護フィルム TPU 耐衝撃 光沢 # RT-P11SF/DE  レイアウト (Apple製品関連アクセサリ)：Apple専門店 キットカット,iPhone6 ケースiPhone 6 Plus ケースiPad Air 2 ケースiPad mini ケースAppleMacBook Pro ケースMacBook Air ケースbeats by dr.dreCatalystTHULEクラフトホリックiPad Pro ケースBOSEmoecoGILD designJBLヘッドホンイヤホンbluetoothスピーカー[1200円OFFクーポン有][ネコポス可] Ray Out iPhone SE / 5s / 5c / 5 液晶保護フィルム TPU 耐衝撃 光沢 # RT-P11SF/DE  レイアウト (Apple製品関連アクセサリ),最強クラスの耐衝撃!TPU素材を使用した光沢フィルム。[1200円OFFクーポン有][ネコポス可] Ray Out iPhone SE / 5s / 5c / 5 液晶保護フィルム TPU 耐衝撃 光沢 # RT-P11SF/DE  レイアウト (Apple製品関連アクセサリ)[rn]
32-93165,http://tshop.r10s.jp/kitcut/cabinet/item/35/prod-pict-437160.jpg?fitin=700:700,816.0000,,スマートフォン・タブレット > スマートフォンアクセサリー > その他,[1200円OFFクーポン有][ネコポス可] Ray Out iPhone SE / 5s / 5c / 5 液晶保護フィルム 耐衝撃 光沢 # RT-P11SF/DA  レイアウト (Apple製品関連アクセサリ),「衝撃」から端末をしっかり保護する光沢液晶保護フィルム,"<br>

<!-- 関連分類リンク-->
<a href=""http://item.rakuten.co.jp/kitcut/c/""><img src=""http://image.rakuten.co.jp/kitcut/cabinet/banner/kitcut/suggest-case.jpg""></a><br>
<!-- 関連分類リンクここまで--><!-- ブックマーク -->
<br><p class=""add_bookmark""><a href=""https://my.bookmark.rakuten.co.jp/?func=reg&svid=101&shop_bid=206376&iid=10075493&itype=1""><img src=""https://image.rakuten.co.jp/kitcut/cabinet/banner/kitcut/imgrc0067948711.jpg"" alt=""Last Update : 2017/05/25 9:26:52""></a></p>
<!-- ブックマークここまで --><hr>
<!-- バリエーション -->
【バリエーション】
<div class=""variation2"">
<a href=""https://item.rakuten.co.jp/kitcut/437160/""><img width=""100"" border=""0"" src=""https://image.rakuten.co.jp/kitcut/cabinet/item/35/prod-pict-437160.jpg""></a>
<a href=""https://item.rakuten.co.jp/kitcut/437161/""><img width=""100"" border=""0"" src=""https://image.rakuten.co.jp/kitcut/cabinet/item/35/prod-pict-437161.jpg""></a>
<a href=""https://item.rakuten.co.jp/kitcut/437162/""><img width=""100"" border=""0"" src=""https://image.rakuten.co.jp/kitcut/cabinet/item/35/prod-pict-437162.jpg""></a>
<a href=""https://item.rakuten.co.jp/kitcut/437164/""><img width=""100"" border=""0"" src=""https://image.rakuten.co.jp/kitcut/cabinet/item/35/prod-pict-437164.jpg""></a>
<a href=""https://item.rakuten.co.jp/kitcut/437165/""><img width=""100"" border=""0"" src=""https://image.rakuten.co.jp/kitcut/cabinet/item/35/prod-pict-437165.jpg""></a><br>
<font color=""gray"">[family] <a href=""http://search.rakuten.co.jp/search/inshop-mall/43716529531/-/f.1-p.1-s.2-sf.0-sid.206376-st.A-v.3"">43716529531</a></font></div>
<!-- バリエーションここまで -->
<!-- ネコポス文言 --><br>
<img src='http://image.rakuten.co.jp/kitcut/cabinet/nekopos.jpg'><br>
<!-- ネコポス文言ここまで --><br><!-- 商品詳細 -->
<table class='item_explain' border='0' cellspacing='0' cellpadding='0'>
<tr>
<td>
「衝撃」から端末をしっかり保護<br>
・ 耐衝撃<br>
「割れない」という安心感。弊社鋼球落下テストでは229gの鉄球を180cmの高さから落としても割れませんでした。特殊衝撃吸収層が端末への衝撃を軽減。<br>
<br>
・ 写真や動画鑑賞に最適<br>
ヘイズ(光散乱)を抑えることで画面が白くボケることを抑えくっきり鮮やか。<br>
<br>
・ 気泡ゼロ加工<br>
特殊なシリコン膜が貼り付け時に入ってしまう小さなホコリを時間とともに巻き込むため気泡が消えやすい。<br>
<br>
・ 傷に強い<br>
表面のハードコートにより傷や擦れに強いフィルムです。(表面鉛筆硬度 : 3H)<br>
<br>
・ 簡単貼りつけ「Quick Scope」付き!<br>
ぴったり貼れる!新開発貼り付けキット「Quick Scope」付き! 狙った場所は外さない!液晶フィルム貼り付けがとても楽に行えます。 (特許申請中)<br>
[仕様情報]<br>
材質 : シリコン膜(液晶保護フィルム吸着面)<br>
　　　PET(液晶保護フィルム表面)<br>
製品内容 : 液晶保護フィルム 耐衝撃 光沢<br>
　　　　　クロス<br><br>
[メーカー]レイアウト Ray Out<br>
[商品型番] RT-P11SF/DA<br>
[バーコード] 4562356997183<br>

<font color=""gray"">
[性能] 衝撃吸収<br>[性能] 光沢<br>[対応] iPhone 5<br>[対応] iPhone 5s<br>[対応] iPhone 5c<br>[対応] iPhone SE<br>[対応S] アイフォーン アイフォン  アイホーン アイホン iPhone
</font><br>
</td>
</tr>
</table><br><br>
<!-- 商品詳細ここまで --><!--共通説明文（大）ここから-->

<table width=""800"" border=""0"" align=""center"">
  <tr>
    <td> <img src=""https://image.rakuten.co.jp/kitcut/cabinet/banner/05298098/imgrc0080334562.jpg"" width=""800px"" /></td>
  </tr>
</table>
<table width=""800"" border=""0"" align=""center"">
  <tr>
    <td> <img src=""https://image.rakuten.co.jp/kitcut/cabinet/banner/05298098/imgrc0080411111.jpg"" width=""800px"" /></td>
  </tr>
</table>

<!--横2列-->

<table width=""800"" border=""0"" align=""center"">
  <tr>
    <td> <img src=""https://image.rakuten.co.jp/kitcut/cabinet/top/05006737/imgrc0080402120.jpg"" width=""399"" /></td>
    
    <!--kickflip-->
    <td> <img src=""https://image.rakuten.co.jp/kitcut/cabinet/top/05006737/imgrc0080402031.jpg"" width=""399"" /></td>
  </tr>
</table>

<!--横2列-->

<table width=""800"" border=""0"" align=""center"">
  <tr>
    <td> <img src=""https://image.rakuten.co.jp/kitcut/cabinet/banner/05298098/imgrc0081316114.jpg"" width=""399"" /></td>
    <td> <img src=""https://image.rakuten.co.jp/kitcut/cabinet/banner/05298098/imgrc0080355902.jpg"" width=""399"" /></td>
  </tr>
</table>

<!--25周年の告知-->
<table width=""800"" border=""0"" align=""center"">
  <tr>
    <td> <img src=""http://image.rakuten.co.jp/kitcut/cabinet/banner/04802908/imgrc0073840290.jpg"" width=""399"" /></td>
    <td> <img src=""http://image.rakuten.co.jp/kitcut/cabinet/banner/04802908/imgrc0073840291.jpg"" width=""399"" /></td>
  </tr>
</table>

<!--6月5日(月)9:59まで　DEAL-->
<table width=""800"" border=""0"" align=""center"">
  <tr>
    <td> <img src=""https://image.rakuten.co.jp/kitcut/cabinet/special/imgrc0081361413.jpg"" width=""800px"" /> </td>
  </tr>
</table>

<!--6月5日(月)9:59まで　フラッシュセール-->


<table width=""800"" border=""0""align=""center"" style=""background-color:#444444; color:#F4D406; text-align: center; font-size:18px; border-radius: 5px;"" >
 <tr >
    <td colspan=""5"" ><img src=""https://image.rakuten.co.jp/kitcut/cabinet/special/imgrc0081361616.jpg"" alt="""" width=""99%"" /></td>
  </tr>
  <tr>
    <td><img src=""https://image.rakuten.co.jp/kitcut/cabinet/special/imgrc0081361618.jpg"" width=""97%"" /></td>
    <td><img src=""https://image.rakuten.co.jp/kitcut/cabinet/special/imgrc0081361617.jpg"" width=""97%"" /></td>
    <td><img src=""https://image.rakuten.co.jp/kitcut/cabinet/special/imgrc0081361619.jpg"" width=""97%"" /></td>
    <td><img src=""https://image.rakuten.co.jp/kitcut/cabinet/special/imgrc0081361620.jpg"" width=""97%"" /></td>
  </tr>
  <tr>
    <td colspan=""5"" >2017年6月1日（木）10:00～2017年6月6日（火）9:59迄</td>
  </tr>
</table>






<style type=""text/css"">

#item_attention_area {
  border: #D00 solid 2px;
}

#item_attention_area p{
  margin: 0;
  padding: 2px 5px;
  color: white;
  background-color: #D00;
}

#item_attention_area ul{
  margin:0;
  padding: 10px 15px 5px 15px;
  list-style: none;
}

#item_attention_area ul>li{
  margin-bottom: 5px;
}

@media (max-width:481px){
section table   { width: 100%; }

.item th  { width: 30%; text-align: left; }
.item td  { 
margin-bottom:10px;
display:table;
}    

@media only screen and (min-width:480px){
    .item { margin: 0 auto; }
   .item tr{
        display: block;
}
    .item th,
    .item td{
        max-width: 100%;
       display: block;
        border-top: none;
		margin-bottom:10px;	

}

</style>",[1200円OFFクーポン有][ネコポス可] Ray Out iPhone SE / 5s / 5c / 5 液晶保護フィルム 耐衝撃 光沢 # RT-P11SF/DA  レイアウト (Apple製品関連アクセサリ)：Apple専門店 キットカット,iPhone6 ケースiPhone 6 Plus ケースiPad Air 2 ケースiPad mini ケースAppleMacBook Pro ケースMacBook Air ケースbeats by dr.dreCatalystTHULEクラフトホリックiPad Pro ケースBOSEmoecoGILD designJBLヘッドホンイヤホンbluetoothスピーカー[1200円OFFクーポン有][ネコポス可] Ray Out iPhone SE / 5s / 5c / 5 液晶保護フィルム 耐衝撃 光沢 # RT-P11SF/DA  レイアウト (Apple製品関連アクセサリ),「衝撃」から端末をしっかり保護する光沢液晶保護フィルム。[1200円OFFクーポン有][ネコポス可] Ray Out iPhone SE / 5s / 5c / 5 液晶保護フィルム 耐衝撃 光沢 # RT-P11SF/DA  レイアウト (Apple製品関連アクセサリ)[rn]
32-93166,http://tshop.r10s.jp/kitcut/cabinet/item/7/prod-pict-272892.jpg?fitin=700:700,354.4000,,スマートフォン・タブレット > スマートフォンアクセサリー > その他,[1200円OFFクーポン有][ネコポス可] ELECOM iPhone 5 / 5s / 5c / SE 用 フィルム(光沢) (すべてのiPhone 5に対応) # PS-A12FLAG  エレコム (Apple製品関連アクセサリ),気泡がキレイに抜けるエアレスタイプの液晶保護フィルム,"<br>

<!-- 関連分類リンク-->
<a href=""http://item.rakuten.co.jp/kitcut/c/""><img src=""http://image.rakuten.co.jp/kitcut/cabinet/banner/kitcut/suggest-case.jpg""></a><br>
<!-- 関連分類リンクここまで--><!-- ブックマーク -->
<br><p class=""add_bookmark""><a href=""https://my.bookmark.rakuten.co.jp/?func=reg&svid=101&shop_bid=206376&iid=10029654&itype=1""><img src=""https://image.rakuten.co.jp/kitcut/cabinet/banner/kitcut/imgrc0067948711.jpg"" alt=""Last Update : 2017/05/25 9:22:40""></a></p>
<!-- ブックマークここまで --><hr>
<!-- バリエーション -->
【バリエーション】
<div class=""variation2"">
<a href=""https://item.rakuten.co.jp/kitcut/272890/""><img width=""100"" border=""0"" src=""https://image.rakuten.co.jp/kitcut/cabinet/item/7/prod-pict-272890.jpg""></a>
<a href=""https://item.rakuten.co.jp/kitcut/272892/""><img width=""100"" border=""0"" src=""https://image.rakuten.co.jp/kitcut/cabinet/item/7/prod-pict-272892.jpg""></a>
<a href=""https://item.rakuten.co.jp/kitcut/272894/""><img width=""100"" border=""0"" src=""https://image.rakuten.co.jp/kitcut/cabinet/item/7/prod-pict-272894.jpg""></a>
<a href=""https://item.rakuten.co.jp/kitcut/272897/""><img width=""100"" border=""0"" src=""https://image.rakuten.co.jp/kitcut/cabinet/item/8/prod-pict-272897.jpg""></a>
<a href=""https://item.rakuten.co.jp/kitcut/272900/""><img width=""100"" border=""0"" src=""https://image.rakuten.co.jp/kitcut/cabinet/item/7/prod-pict-272900.jpg""></a>
<a href=""https://item.rakuten.co.jp/kitcut/272903/""><img width=""100"" border=""0"" src=""https://image.rakuten.co.jp/kitcut/cabinet/item/7/prod-pict-272903.jpg""></a><br>
<font color=""gray"">[family] <a href=""http://search.rakuten.co.jp/search/inshop-mall/272905833/-/f.1-p.1-s.2-sf.0-sid.206376-st.A-v.3"">272905833</a></font></div>
<!-- バリエーションここまで -->
<!-- ネコポス文言 --><br><img src=http://image.rakuten.co.jp/kitcut/cabinet/nekopos.jpg><br><!-- ネコポス文言ここまで --><br><!-- 商品詳細 --><table class=item_explain border=0 cellspacing=0 cellpadding=0><tr><td>気泡がきれいに抜けるエアレスタイプ!<br>iPhone 5 / 5s の液晶画面をキズや汚れから守る、光沢タイプの液晶保護フィルム。<br><br>・ iPhone 5 / 5s の液晶画面をキズや汚れから守る、光沢タイプの液晶保護フィルムです。<br>・ 時間の経過とともに気泡が目立たなくなる特殊吸着層を採用したエアレスタイプです。<br>・ 小さな気泡ができたときには、指などで押し出すことで気泡を抜くことができます。<br>・ 硬度の高いハードタイプのフィルムで、液晶画面をキズや汚れからしっかり保護します。<br>・ フィルムを貼ったままでも本体操作ができるタッチスクリーン入力に対応しています。<br>・ 表面に AR(アンチリフレクション)加工を施し、光りのチラツキや映り込みを軽減します。<br>・ 貼り付け面にシリコン皮膜をコーティングし、接着剤や両面テープを使わずに貼り付け可能な自己吸着タイプです。<br>・ 貼りやすく、貼り直しも可能です。吸着力は水洗いで回復します。<br>・ iPhone 5 / 5s にぴったりのサイズにカット済みなので、パッケージから取り出してすぐに使用可能です。<br><br>【仕様】<br>　対応機種 : iPhone 5 / 5s / 5c<br>セット内容 : 液晶保護フィルム(エアーレス光沢仕様)x1、ホコリ取りシールx1、クリーニングクロスx1<br>　　　材質 : 接合面:シリコン、外側:PET<br><br><br><br><br>[メーカー]エレコム ELECOM (エレコム)<br>[商品型番] PS-A12FLAG<br>[バーコード] 4953103965379<br> <font color=""gray"">[性能] 光沢<br>[製品] 保護フィルム<br>[対応] iPhone5<br>[対応] iPhone 5s<br>[対応] iPhone 5c<br>[対応] iPhone SE<br>[対応S] アイフォーン アイフォン  アイホーン アイホン iPhone </font><br></td></tr></table><br><br><!-- 商品詳細ここまで --><!--共通説明文（大）ここから-->

<table width=""800"" border=""0"" align=""center"">
  <tr>
    <td> <img src=""https://image.rakuten.co.jp/kitcut/cabinet/banner/05298098/imgrc0080334562.jpg"" width=""800px"" /></td>
  </tr>
</table>
<table width=""800"" border=""0"" align=""center"">
  <tr>
    <td> <img src=""https://image.rakuten.co.jp/kitcut/cabinet/banner/05298098/imgrc0080411111.jpg"" width=""800px"" /></td>
  </tr>
</table>

<!--横2列-->

<table width=""800"" border=""0"" align=""center"">
  <tr>
    <td> <img src=""https://image.rakuten.co.jp/kitcut/cabinet/top/05006737/imgrc0080402120.jpg"" width=""399"" /></td>
    
    <!--kickflip-->
    <td> <img src=""https://image.rakuten.co.jp/kitcut/cabinet/top/05006737/imgrc0080402031.jpg"" width=""399"" /></td>
  </tr>
</table>

<!--横2列-->

<table width=""800"" border=""0"" align=""center"">
  <tr>
    <td> <img src=""https://image.rakuten.co.jp/kitcut/cabinet/banner/05298098/imgrc0081316114.jpg"" width=""399"" /></td>
    <td> <img src=""https://image.rakuten.co.jp/kitcut/cabinet/banner/05298098/imgrc0080355902.jpg"" width=""399"" /></td>
  </tr>
</table>

<!--25周年の告知-->
<table width=""800"" border=""0"" align=""center"">
  <tr>
    <td> <img src=""http://image.rakuten.co.jp/kitcut/cabinet/banner/04802908/imgrc0073840290.jpg"" width=""399"" /></td>
    <td> <img src=""http://image.rakuten.co.jp/kitcut/cabinet/banner/04802908/imgrc0073840291.jpg"" width=""399"" /></td>
  </tr>
</table>

<!--6月5日(月)9:59まで　DEAL-->
<table width=""800"" border=""0"" align=""center"">
  <tr>
    <td> <img src=""https://image.rakuten.co.jp/kitcut/cabinet/special/imgrc0081361413.jpg"" width=""800px"" /> </td>
  </tr>
</table>

<!--6月5日(月)9:59まで　フラッシュセール-->


<table width=""800"" border=""0""align=""center"" style=""background-color:#444444; color:#F4D406; text-align: center; font-size:18px; border-radius: 5px;"" >
 <tr >
    <td colspan=""5"" ><img src=""https://image.rakuten.co.jp/kitcut/cabinet/special/imgrc0081361616.jpg"" alt="""" width=""99%"" /></td>
  </tr>
  <tr>
    <td><img src=""https://image.rakuten.co.jp/kitcut/cabinet/special/imgrc0081361618.jpg"" width=""97%"" /></td>
    <td><img src=""https://image.rakuten.co.jp/kitcut/cabinet/special/imgrc0081361617.jpg"" width=""97%"" /></td>
    <td><img src=""https://image.rakuten.co.jp/kitcut/cabinet/special/imgrc0081361619.jpg"" width=""97%"" /></td>
    <td><img src=""https://image.rakuten.co.jp/kitcut/cabinet/special/imgrc0081361620.jpg"" width=""97%"" /></td>
  </tr>
  <tr>
    <td colspan=""5"" >2017年6月1日（木）10:00～2017年6月6日（火）9:59迄</td>
  </tr>
</table>






<style type=""text/css"">

#item_attention_area {
  border: #D00 solid 2px;
}

#item_attention_area p{
  margin: 0;
  padding: 2px 5px;
  color: white;
  background-color: #D00;
}

#item_attention_area ul{
  margin:0;
  padding: 10px 15px 5px 15px;
  list-style: none;
}

#item_attention_area ul>li{
  margin-bottom: 5px;
}

@media (max-width:481px){
section table   { width: 100%; }

.item th  { width: 30%; text-align: left; }
.item td  { 
margin-bottom:10px;
display:table;
}    

@media only screen and (min-width:480px){
    .item { margin: 0 auto; }
   .item tr{
        display: block;
}
    .item th,
    .item td{
        max-width: 100%;
       display: block;
        border-top: none;
		margin-bottom:10px;	

}

</style>",[1200円OFFクーポン有][ネコポス可] ELECOM iPhone 5 / 5s / 5c / SE 用 フィルム(光沢) (すべてのiPhone 5に対応) # PS-A12FLAG  エレコム (Apple製品関連アクセサリ)：Apple専門店 キットカット,iPhone6 ケースiPhone 6 Plus ケースiPad Air 2 ケースiPad mini ケースAppleMacBook Pro ケースMacBook Air ケースbeats by dr.dreCatalystTHULEクラフトホリックiPad Pro ケースBOSEmoecoGILD designJBLヘッドホンイヤホンbluetoothスピーカー[1200円OFFクーポン有][ネコポス可] ELECOM iPhone 5 / 5s / 5c / SE 用 フィルム(光沢) (すべてのiPhone 5に対応) # PS-A12FLAG  エレコム (Apple製品関連アクセサリ),気泡がキレイに抜けるエアレスタイプの液晶保護フィルム。[1200円OFFクーポン有][ネコポス可] ELECOM iPhone 5 / 5s / 5c / SE 用 フィルム(光沢) (すべてのiPhone 5に対応) # PS-A12FLAG  エレコム (Apple製品関連アクセサリ)[rn]
32-93167,http://tshop.r10s.jp/kitcut/cabinet/item/35/prod-pict-437024.jpg?fitin=700:700,734.4000,,スマートフォン・タブレット > スマートフォンアクセサリー > その他,[1200円OFFクーポン有][あす楽対応] [ネコポス可] Simplism iPhone SE / 5s / 5c / 5 光沢 液晶保護フィルム # TR-PFIP16E-BLCC  シンプリズム (Apple製品関連アクセサリ) iPhoense,気泡が残りにくい「バブルレス」仕様の光沢タイプ,"<!-- リコメンド --><br>
<div id=""recommend_area"">
<h3>Simplism iPhone SE / 5s / 5c / 5 光沢 液晶保護フィルム # TR-PFIP16E-BLCC  シンプリズム</h3>
<div class=""staff_recommend""><h3>傷からしっかりと守る</h3><div class=""recom_showcase""><p class=""recom_img""><img src=""http://image.rakuten.co.jp/kitcut/cabinet/recom35/rec-437024-40356.jpg"" alt=""傷からしっかりと守るの画像""></p></div><p>デバイスを傷や埃からしっかりと守る、バブルレスタイプの光沢保護フィルムです。</p></div>
<div class=""staff_recommend""><h3>*</h3><div class=""recom_showcase""><p class=""recom_img""><img src=""http://image.rakuten.co.jp/kitcut/cabinet/recom35/rec-437024-40357.jpg"" alt=""*の画像""></p></div><p>大切なディスプレイを守るフィルムは、操作感はそのままに、美しさを保ちます。<br>
接着剤を使わない自己吸着タイプのため、剥がした後に接着剤が残ることがありません。また、貼り直しが可能となっています。</p></div>
<div class=""staff_recommend""><h3>色彩鮮やか、光沢仕様</h3><div class=""recom_showcase""><p class=""recom_img""><img src=""http://image.rakuten.co.jp/kitcut/cabinet/recom35/rec-437024-40358.jpg"" alt=""色彩鮮やか、光沢仕様の画像""></p></div><p></p></div>
<div class=""staff_recommend""><h3>指滑りが良く汚れにくいフッ素加工</h3><div class=""recom_showcase""><p class=""recom_img""><img src=""http://image.rakuten.co.jp/kitcut/cabinet/recom35/rec-437024-40359.jpg"" alt=""指滑りが良く汚れにくいフッ素加工の画像""></p></div><p></p></div>
<div class=""staff_recommend""><h3>気泡が入りにくい「バブルレス」</h3><div class=""recom_showcase""><p class=""recom_img""><img src=""http://image.rakuten.co.jp/kitcut/cabinet/recom35/rec-437024-40360.jpg"" alt=""気泡が入りにくい「バブルレス」の画像""></p></div><p></p></div>
<div class=""staff_recommend""><h3>キレイをキープする抗菌仕様</h3><div class=""recom_showcase""><p class=""recom_img""><img src=""http://image.rakuten.co.jp/kitcut/cabinet/recom35/rec-437024-40361.jpg"" alt=""キレイをキープする抗菌仕様の画像""></p></div><p></p></div>
<div class=""staff_recommend""><h3>まっすぐ簡単に貼れる「魔法のツールV3」</h3><div class=""recom_showcase""><p class=""recom_img""><img src=""http://image.rakuten.co.jp/kitcut/cabinet/recom35/rec-437024-40362.jpg"" alt=""まっすぐ簡単に貼れる「魔法のツールV3」の画像""></p></div><p></p></div>
<div class=""staff_recommend""><h3>3種の神器同梱</h3><div class=""recom_showcase""><p class=""recom_img""><img src=""http://image.rakuten.co.jp/kitcut/cabinet/recom35/rec-437024-40363.jpg"" alt=""3種の神器同梱の画像""></p></div><p></p></div>
</div>
<!-- リコメンドここまで -->

<br>

<!-- 関連分類リンク-->
<a href=""http://item.rakuten.co.jp/kitcut/c/""><img src=""http://image.rakuten.co.jp/kitcut/cabinet/banner/kitcut/suggest-case.jpg""></a><br>
<!-- 関連分類リンクここまで--><!--　あす楽バナー -->
<a href=""http://event.rakuten.co.jp/asuraku/about/""><img src=""http://image.rakuten.co.jp/com/img/rms/cabinet/recommend_new/img00000410.jpg"" border=""0""></a>
<!--　あす楽バナーここまで --><br>
<!-- ブックマーク -->
<br><p class=""add_bookmark""><a href=""https://my.bookmark.rakuten.co.jp/?func=reg&svid=101&shop_bid=206376&iid=10075417&itype=1""><img src=""https://image.rakuten.co.jp/kitcut/cabinet/banner/kitcut/imgrc0067948711.jpg"" alt=""Last Update : 2017/05/25 9:26:49""></a></p>
<!-- ブックマークここまで --><hr>
<!-- バリエーション -->
【バリエーション】
<div class=""variation2"">
<a href=""https://item.rakuten.co.jp/kitcut/437024/""><img width=""100"" border=""0"" src=""https://image.rakuten.co.jp/kitcut/cabinet/item/35/prod-pict-437024.jpg""></a>
<a href=""https://item.rakuten.co.jp/kitcut/437025/""><img width=""100"" border=""0"" src=""https://image.rakuten.co.jp/kitcut/cabinet/item/35/prod-pict-437025.jpg""></a>
<a href=""https://item.rakuten.co.jp/kitcut/437026/""><img width=""100"" border=""0"" src=""https://image.rakuten.co.jp/kitcut/cabinet/item/35/prod-pict-437026.jpg""></a>
<a href=""https://item.rakuten.co.jp/kitcut/437027/""><img width=""100"" border=""0"" src=""https://image.rakuten.co.jp/kitcut/cabinet/item/35/prod-pict-437027.jpg""></a>
<a href=""https://item.rakuten.co.jp/kitcut/437028/""><img width=""100"" border=""0"" src=""https://image.rakuten.co.jp/kitcut/cabinet/item/35/prod-pict-437028.jpg""></a>
<a href=""https://item.rakuten.co.jp/kitcut/437029/""><img width=""100"" border=""0"" src=""https://image.rakuten.co.jp/kitcut/cabinet/item/35/prod-pict-437029.jpg""></a>
<a href=""https://item.rakuten.co.jp/kitcut/437030/""><img width=""100"" border=""0"" src=""https://image.rakuten.co.jp/kitcut/cabinet/item/35/prod-pict-437030.jpg""></a>
<a href=""https://item.rakuten.co.jp/kitcut/437031/""><img width=""100"" border=""0"" src=""https://image.rakuten.co.jp/kitcut/cabinet/item/35/prod-pict-437031.jpg""></a><br>
<font color=""gray"">[family] <a href=""http://search.rakuten.co.jp/search/inshop-mall/43703180191/-/f.1-p.1-s.2-sf.0-sid.206376-st.A-v.3"">43703180191</a></font></div>
<!-- バリエーションここまで -->
<!-- フレンド -->
<div class=""variation3"">
<p>【気になる商品】</p>
<img width=""100"" border=""0"" src=""http://image.rakuten.co.jp/kitcut/cabinet/item/35/prod-pict-437032.jpg"">
<img width=""100"" border=""0"" src=""http://image.rakuten.co.jp/kitcut/cabinet/item/35/prod-pict-437033.jpg"">
<img width=""100"" border=""0"" src=""http://image.rakuten.co.jp/kitcut/cabinet/item/35/prod-pict-437034.jpg"">
<img width=""100"" border=""0"" src=""http://image.rakuten.co.jp/kitcut/cabinet/item/35/prod-pict-438426.jpg"">
<img width=""100"" border=""0"" src=""http://image.rakuten.co.jp/kitcut/cabinet/item/35/prod-pict-438696.jpg"">
<img width=""100"" border=""0"" src=""http://image.rakuten.co.jp/kitcut/cabinet/item/35/p43869281371_7015.jpg"">
<img width=""100"" border=""0"" src=""http://image.rakuten.co.jp/kitcut/cabinet/item/35/p438695329_7017.jpg"">
            <br>
<p>【合わせて買いたい商品】</p>
<img width=""100"" border=""0"" src=""http://image.rakuten.co.jp/kitcut/cabinet/item/11/prod-pict-283453.jpg"">
            <br>
</div>
<hr>
<!-- フレンドここまで --><br>

<!-- ネコポス文言 --><br>
<img src='http://image.rakuten.co.jp/kitcut/cabinet/nekopos.jpg'><br>
<!-- ネコポス文言ここまで --><br><!-- 商品詳細 -->
<table class='item_explain' border='0' cellspacing='0' cellpadding='0'>
<tr>
<td>
指紋や皮脂が目立ちにくく、指滑りなめらか<br>
魔法のツールでまっすぐ貼れる、気泡が残りにくい「バブルレス」仕様の光沢タイプ<br>
<br>
・誰でも簡単に貼れる、気泡が残りにくいバブルレス加工<br>
・指滑りが良く汚れにくい、フッ素加工<br>
・指紋が残りにくく、拭き取りやすい防指紋加工<br>
・画面の輝度を保つ光沢仕様<br>
・キレイをキープする抗菌仕様<br>
・接着剤を使わず、貼り直し可能<br>
・安心の日本製素材使用<br>
・皮脂が良く落ちる、マイクロファイバークロス付属<br>
・一気に埃を取り除く、大型埃取りシート付属<br>
・気泡を除く、貼付補助カード付属<br>
・まっすぐ貼れるフィルム貼りサポート、魔法のツールV3付属<br>
・魔法のツールはイヤフォンケーブルマネージメントとしても使用可能<br>
<br>
■傷からしっかりと守る<br>
SimplismのProtector Film for iPhone SE/5s/5c/5 Crystal Clear(液晶保護フィルム)は、デバイスを傷や埃からしっかりと守る、バブルレスタイプの光沢保護フィルムです。<br>
大切なディスプレイを守るフィルムは、操作感はそのままに、美しさを保ちます。<br>
接着剤を使わない自己吸着タイプのため、剥がした後に接着剤が残ることがありません。<br>
また、貼り直しが可能となっています。<br>
<br>
■色彩鮮やか、光沢仕様<br>
コントラストを保つ光沢(クリスタルクリア)仕様で、色彩鮮やかにくっきりと見えます。<br>
透明度が高く、元々の画面の美しさを損ねません。<br>
<br>
■指滑りが良く汚れにくいフッ素加工(撥油系の防指紋 : 指紋をはじき、拭き取りやすいタイプ)<br>
従来の光沢フィルムでは、タッチパネルを使っているうちに指紋が大量に残り、汚く見えてしまうという欠点がありました。<br>
これはフィルムのハードコート層が、指の油分と接着し目立つことが原因です。<br>
また、一度指紋がつくとマイクロファイバークロスなどでゴシゴシと強く拭かないとなかなか拭き取ることができませんでした。<br>
これを解消するために、本製品にはフッ素加工を施しています。<br>
これにより表面に付く汚れや油分をはじき、高精細なままディスプレイを保つことができます。<br>
また、従来のフィルムよりも指滑りが良く、汚れても簡単に拭き取ることができるようになりました。<br>
※防指紋の効果は、指紋を目立たなくするものであり、完全に付着しないというものではありません。<br>
<br>
■気泡が入りにくいバブルレス<br>
ディスプレイに保護フィルムを貼り付けるときに一番難しいのは、ディスプレイとフィルムの間に埃が入り発生する気泡を防ぐことです。<br>
ほんの少しの埃が入るだけで気泡となり、これは押し出そうとしても除去することができません。この気泡が原因で保護フィルムの貼付を諦めた人も多くいました。<br>
Simplism「バブルレスシリーズ」のフィルムは、フィルムとディスプレイの間にあるシリコン吸着面に特殊加工を施すことによって、微細な埃であれば巻き込んでしまうことにより気泡を発生させずに貼付することを可能にしました。<br>
※大きな埃の場合には気泡ができてしまうことがあります。基本的には埃はフィルム貼付前に除去してください。それでも入ってしまった微細な埃はフィルム側で吸収します。<br>
※埃が抜ける構造ではありません。埃のサイズによっては視認できることがあります。<br>
<br>
■キレイをキープする抗菌仕様<br>
毎日持ち歩き、肌身離さず使うものだから、清潔に保っておきたい。<br>
常に気持ちよく清潔に使うために、保護フィルムに抗菌加工を施しています。<br>
この抗菌加工により、時間経過と共に自然と増える目に見えない雑菌の繁殖を抑え、清潔なまま保つことができます。<br>
<br>
■まっすぐ簡単に貼れる「魔法のツールV3」<br>
パッケージのフック部分となっている、魔法のツールV3は、保護フィルムの位置合わせを劇的に簡単にする、貼付補助ツールです。<br>
コネクターに魔法のツールを挿し込むことでフィルムをズレないように固定できるため、誰でも魔法のように真っ直ぐと貼ることができます。<br>
さらに、フィルム貼り付け後は不要部分を折り取ることでイヤフォンや充電ケーブルをまとめるケーブルマネージメントとして再利用できます。<br>
<br>
■3種の神器同梱<br>
誰でも簡単に貼れるサポートアイテムを付属しました。<br>
貼付前に、マイクロファイバー素材のクリーニングクロスでディスプレイ上の指紋などの汚れを取り除き、埃取りテープを使い埃を完全に除去、気泡は貼付補助カードを使い押し出します。<br>
<br>
[仕様情報]<br>
タイプ : 光沢(クリスタルクリア)<br>
製品サイズ : 54.8 x 120 x 0.175mm(W x H x D)<br>
製品重量 : 3g<br>
パッケージサイズ : 85 x 197 x 7.6mm(W x H x D)<br>
パッケージ重量 : 18g<br>
付属品 : フィルム<br>
　　　　マイクロファイバークリーニングクロス<br>
　　　　貼付補助カード<br>
　　　　埃取りテープ<br>
　　　　魔法のツールV3<br>
<br><br>
[メーカー]シンプリズム Simplism<br>
[商品型番] TR-PFIP16E-BLCC<br>
[バーコード] 4582269479910<br>

<font color=""gray"">
[性能] 光沢<br>[性能] 指紋防止<br>[性能] 抗菌<br>[対応] iPhone 5<br>[対応] iPhone 5s<br>[対応] iPhone 5c<br>[対応] iPhone SE<br>[対応S] アイフォーン アイフォン  アイホーン アイホン iPhone
</font><br>
</td>
</tr>
</table><br><br>
<!-- 商品詳細ここまで -->

<!-- あす楽文言 -->
<img src='http://image.rakuten.co.jp/kitcut/cabinet/001/imgrc0065249015.jpg' width='480'>
<!-- あす楽文言ここまで --><br><!--共通説明文（大）ここから-->

<table width=""800"" border=""0"" align=""center"">
  <tr>
    <td> <img src=""https://image.rakuten.co.jp/kitcut/cabinet/banner/05298098/imgrc0080334562.jpg"" width=""800px"" /></td>
  </tr>
</table>
<table width=""800"" border=""0"" align=""center"">
  <tr>
    <td> <img src=""https://image.rakuten.co.jp/kitcut/cabinet/banner/05298098/imgrc0080411111.jpg"" width=""800px"" /></td>
  </tr>
</table>

<!--横2列-->

<table width=""800"" border=""0"" align=""center"">
  <tr>
    <td> <img src=""https://image.rakuten.co.jp/kitcut/cabinet/top/05006737/imgrc0080402120.jpg"" width=""399"" /></td>
    
    <!--kickflip-->
    <td> <img src=""https://image.rakuten.co.jp/kitcut/cabinet/top/05006737/imgrc0080402031.jpg"" width=""399"" /></td>
  </tr>
</table>

<!--横2列-->

<table width=""800"" border=""0"" align=""center"">
  <tr>
    <td> <img src=""https://image.rakuten.co.jp/kitcut/cabinet/banner/05298098/imgrc0081316114.jpg"" width=""399"" /></td>
    <td> <img src=""https://image.rakuten.co.jp/kitcut/cabinet/banner/05298098/imgrc0080355902.jpg"" width=""399"" /></td>
  </tr>
</table>

<!--25周年の告知-->
<table width=""800"" border=""0"" align=""center"">
  <tr>
    <td> <img src=""http://image.rakuten.co.jp/kitcut/cabinet/banner/04802908/imgrc0073840290.jpg"" width=""399"" /></td>
    <td> <img src=""http://image.rakuten.co.jp/kitcut/cabinet/banner/04802908/imgrc0073840291.jpg"" width=""399"" /></td>
  </tr>
</table>

<!--6月5日(月)9:59まで　DEAL-->
<table width=""800"" border=""0"" align=""center"">
  <tr>
    <td> <img src=""https://image.rakuten.co.jp/kitcut/cabinet/special/imgrc0081361413.jpg"" width=""800px"" /> </td>
  </tr>
</table>

<!--6月5日(月)9:59まで　フラッシュセール-->


<table width=""800"" border=""0""align=""center"" style=""background-color:#444444; color:#F4D406; text-align: center; font-size:18px; border-radius: 5px;"" >
 <tr >
    <td colspan=""5"" ><img src=""https://image.rakuten.co.jp/kitcut/cabinet/special/imgrc0081361616.jpg"" alt="""" width=""99%"" /></td>
  </tr>
  <tr>
    <td><img src=""https://image.rakuten.co.jp/kitcut/cabinet/special/imgrc0081361618.jpg"" width=""97%"" /></td>
    <td><img src=""https://image.rakuten.co.jp/kitcut/cabinet/special/imgrc0081361617.jpg"" width=""97%"" /></td>
    <td><img src=""https://image.rakuten.co.jp/kitcut/cabinet/special/imgrc0081361619.jpg"" width=""97%"" /></td>
    <td><img src=""https://image.rakuten.co.jp/kitcut/cabinet/special/imgrc0081361620.jpg"" width=""97%"" /></td>
  </tr>
  <tr>
    <td colspan=""5"" >2017年6月1日（木）10:00～2017年6月6日（火）9:59迄</td>
  </tr>
</table>






<style type=""text/css"">

#item_attention_area {
  border: #D00 solid 2px;
}

#item_attention_area p{
  margin: 0;
  padding: 2px 5px;
  color: white;
  background-color: #D00;
}

#item_attention_area ul{
  margin:0;
  padding: 10px 15px 5px 15px;
  list-style: none;
}

#item_attention_area ul>li{
  margin-bottom: 5px;
}

@media (max-width:481px){
section table   { width: 100%; }

.item th  { width: 30%; text-align: left; }
.item td  { 
margin-bottom:10px;
display:table;
}    

@media only screen and (min-width:480px){
    .item { margin: 0 auto; }
   .item tr{
        display: block;
}
    .item th,
    .item td{
        max-width: 100%;
       display: block;
        border-top: none;
		margin-bottom:10px;	

}

</style>",[1200円OFFクーポン有][あす楽対応] [ネコポス可] Simplism iPhone SE / 5s / 5c / 5 光沢 液晶保護フィルム # TR-PFIP16E-BLCC  シンプリズム (Apple製品関連アクセサリ) iPhoense：Apple専門店 キットカット,iPhone6 ケースiPhone 6 Plus ケースiPad Air 2 ケースiPad mini ケースAppleMacBook Pro ケースMacBook Air ケースbeats by dr.dreCatalystTHULEクラフトホリックiPad Pro ケースBOSEmoecoGILD designJBLヘッドホンイヤホンbluetoothスピーカー[1200円OFFクーポン有][あす楽対応] [ネコポス可] Simplism iPhone SE / 5s / 5c / 5 光沢 液晶保護フィルム # TR-PFIP16E-BLCC  シンプリズム (Apple製品関連アクセサリ) iPhoense,気泡が残りにくい「バブルレス」仕様の光沢タイプ。[1200円OFFクーポン有][あす楽対応] [ネコポス可] Simplism iPhone SE / 5s / 5c / 5 光沢 液晶保護フィルム # TR-PFIP16E-BLCC  シンプリズム (Apple製品関連アクセサリ) iPhoense[rn]
32-93168,http://tshop.r10s.jp/kitcut/cabinet/item/33/prod-pict-439884.jpg?fitin=700:700,1392.0000,,スマートフォン・タブレット > スマートフォンアクセサリー > その他,[1200円OFFクーポン有][ネコポス可] Simplism iPhone SE / 5s / 5 カードポケット背面テクスチャーシート ダークウッド # TR-PFIP16E-TDW  シンプリズム (Apple製品関連アクセサリ),デザインと機能を兼ね備えたテクスチャーシート,"<!-- リコメンド --><br>
<div id=""recommend_area"">
<h3>Simplism iPhone SE / 5s / 5 カードポケット背面テクスチャーシート ダークウッド # TR-PFIP16E-TDW  シンプリズム</h3>
<div class=""staff_recommend""><h3>*</h3><div class=""recom_showcase""><p class=""recom_img""><img src=""http://image.rakuten.co.jp/kitcut/cabinet/recom37/rec-439878-43235.jpg"" alt=""*の画像""></p></div><p></p></div>
<div class=""staff_recommend""><h3>*</h3><div class=""recom_showcase""><p class=""recom_img""><img src=""http://image.rakuten.co.jp/kitcut/cabinet/recom37/rec-439878-43236.jpg"" alt=""*の画像""></p></div><p></p></div>
<div class=""staff_recommend""><h3>*</h3><div class=""recom_showcase""><p class=""recom_img""><img src=""http://image.rakuten.co.jp/kitcut/cabinet/recom37/rec-439878-43237.jpg"" alt=""*の画像""></p></div><p></p></div>
<div class=""staff_recommend""><h3>*</h3><div class=""recom_showcase""><p class=""recom_img""><img src=""http://image.rakuten.co.jp/kitcut/cabinet/recom37/rec-439878-43238.jpg"" alt=""*の画像""></p></div><p></p></div>
<div class=""staff_recommend""><h3>*</h3><div class=""recom_showcase""><p class=""recom_img""><img src=""http://image.rakuten.co.jp/kitcut/cabinet/recom37/rec-439878-43239.jpg"" alt=""*の画像""></p></div><p></p></div>
<div class=""staff_recommend""><h3>*</h3><div class=""recom_showcase""><p class=""recom_img""><img src=""http://image.rakuten.co.jp/kitcut/cabinet/recom37/rec-439878-43240.jpg"" alt=""*の画像""></p></div><p></p></div>
</div>
<!-- リコメンドここまで -->

<br>

<!-- 関連分類リンク-->
<a href=""http://item.rakuten.co.jp/kitcut/c/""><img src=""http://image.rakuten.co.jp/kitcut/cabinet/banner/kitcut/suggest-film.jpg""></a><br>
<!-- 関連分類リンクここまで--><!-- ブックマーク -->
<br><p class=""add_bookmark""><a href=""https://my.bookmark.rakuten.co.jp/?func=reg&svid=101&shop_bid=206376&iid=10077458&itype=1""><img src=""https://image.rakuten.co.jp/kitcut/cabinet/banner/kitcut/imgrc0067948711.jpg"" alt=""Last Update : 2017/05/25 9:27:28""></a></p>
<!-- ブックマークここまで --><hr>
<!-- バリエーション -->
【バリエーション】
<div class=""variation2"">
<a href=""https://item.rakuten.co.jp/kitcut/439878/""><img width=""100"" border=""0"" src=""https://image.rakuten.co.jp/kitcut/cabinet/item/33/prod-pict-439878.jpg""></a>
<a href=""https://item.rakuten.co.jp/kitcut/439879/""><img width=""100"" border=""0"" src=""https://image.rakuten.co.jp/kitcut/cabinet/item/33/prod-pict-439879.jpg""></a>
<a href=""https://item.rakuten.co.jp/kitcut/439880/""><img width=""100"" border=""0"" src=""https://image.rakuten.co.jp/kitcut/cabinet/item/33/prod-pict-439880.jpg""></a>
<a href=""https://item.rakuten.co.jp/kitcut/439881/""><img width=""100"" border=""0"" src=""https://image.rakuten.co.jp/kitcut/cabinet/item/33/prod-pict-439881.jpg""></a>
<a href=""https://item.rakuten.co.jp/kitcut/439882/""><img width=""100"" border=""0"" src=""https://image.rakuten.co.jp/kitcut/cabinet/item/33/prod-pict-439882.jpg""></a>
<a href=""https://item.rakuten.co.jp/kitcut/439883/""><img width=""100"" border=""0"" src=""https://image.rakuten.co.jp/kitcut/cabinet/item/33/prod-pict-439883.jpg""></a>
<a href=""https://item.rakuten.co.jp/kitcut/439884/""><img width=""100"" border=""0"" src=""https://image.rakuten.co.jp/kitcut/cabinet/item/33/prod-pict-439884.jpg""></a>
<a href=""https://item.rakuten.co.jp/kitcut/439885/""><img width=""100"" border=""0"" src=""https://image.rakuten.co.jp/kitcut/cabinet/item/33/prod-pict-439885.jpg""></a><br>
<font color=""gray"">[family] <a href=""http://search.rakuten.co.jp/search/inshop-mall/43988577231/-/f.1-p.1-s.2-sf.0-sid.206376-st.A-v.3"">43988577231</a></font></div>
<!-- バリエーションここまで -->
<!-- 注意事項 -->
<div id=""item_attention_area"">
  <p>ご注意ください</p>
  <ul>
    <li>※ 繰り返し使用することはできません。中のパーツが折れてしまう可能性があります。   </li>
    <li>   </li>
  </ul>
</div>
<!-- 注意事項ここまで -->

<!-- ネコポス文言 --><br>
<img src='http://image.rakuten.co.jp/kitcut/cabinet/nekopos.jpg'><br>
<!-- ネコポス文言ここまで --><br><!-- 商品詳細 -->
<table class='item_explain' border='0' cellspacing='0' cellpadding='0'>
<tr>
<td>
IC カードが1枚入る背面テクスチャーシート<br>
傷や汚れから iPhone を守り、手軽にドレスアップ<br>
<br>
・ カードが1枚入るカードポケット<br>
・ 防磁シート内蔵で IC カードを入れたまま改札を通過可能<br>
・ IC カードを置くだけでチャージするタイプの券売機に対応<br>
・ 3 種類のこだわりテクスチャー素材<br>
・ iPhone 背面を傷や汚れから守りながらドレスアップ<br>
<br>
【特徴】<br>
■ デザインと機能を兼ね備えたテクスチャーシート<br>
Simplism Rear Card Pocket Texture Sheet for iPhone SE / 5s / 5 (カードポケット背面テクスチャーシート) は、こだわりのテクスチャー生地を使用した背面シートです。<br>
貼ることで iPhone の背面を傷や汚れから守りつつ、気軽にドレスアップできます。<br>
<br>
カードポケットがついており、IC カードやクレジットカードを1枚挿入可能です。<br>
カードポケットにカードを入れないときは、付属の紙カードを挿入しておけば、ポケットが凹むことなく背面をフラットに保つことができます。<br>
<br>
■ IC カードを入れたまま改札を通過可能<br>
カードポケットには防磁シートが内蔵されているので IC カードを取り出さずにそのまま改札を通過することができます。<br>
また、IC カードを置くだけでチャージするタイプの券売機にも対応します。<br>
※ IC カード読み取り端末により、読み取り強度が異なる場合があります。<br>
IC カードの読み取りが適切に行なわれない場合は、カードポケットから IC カードを取り出してご使用ください。<br>
<br>
■ 選べる3種類のこだわりテクスチャー生地<br>
・Premium Skin (TM) (プレミアムスキン)<br>
質感と色味を追求した Simplism オリジナルの PU 生地です。<br>
染色の濃淡による奥行きや自然なシボ感、絶妙な色合いを表現しています。<br>
<br>
・Ultrasuede (R) (ウルトラスエード)<br>
東レの最先端繊維技術で作られた、水性の液体や汚れに強いウルトラスエード。<br>
上質のスエードのようなやわらかな風合と手触りを感じる仕上げです。<br>
<br>
・Tennage (R) (テナージュ)<br>
本物の木を薄くスライスして特殊な強化加工を施したテナージュ。<br>
木目の美しさとぬくもりを感じる仕上げです。<br>
<br>
※ 関西地方などの一部改札では読み取り強度が異なるため、IC カードの取り出しが必要となる場合があります。<br>
　カードの読み取りが適切に行なわれない場合は、一度カードポケットからカードを取り出してご使用ください。<br>
<br>
[仕様情報]<br>
製品サイズ : 56.7 x 121 x 2.4 ～ 2.9 mm (W x H x D)<br>
製品重量 : 13 ～ 14g<br>
パッケージサイズ : 85 x 196 x 3 mm (W x H x D)<br>
パッケージ重量 : 27 ～ 28 g<br>
<br><br>
[メーカー]シンプリズム Simplism<br>
[商品型番] TR-PFIP16E-TDW<br>
[バーコード] 4582269481838<br>

<font color=""gray"">
[材質] 木製<br>[色] ブラウン<br>[性能] デザインフィルム<br>[性能] ICカード対応<br>[性能] カードホルダー<br>[対応] iPhone 5<br>[対応] iPhone 5s<br>[対応] iPhone SE<br>[対応S] アイフォーン アイフォン  アイホーン アイホン iPhone
</font><br>
</td>
</tr>
</table><br><br>
<!-- 商品詳細ここまで --><!--共通説明文（大）ここから-->

<table width=""800"" border=""0"" align=""center"">
  <tr>
    <td> <img src=""https://image.rakuten.co.jp/kitcut/cabinet/banner/05298098/imgrc0080334562.jpg"" width=""800px"" /></td>
  </tr>
</table>
<table width=""800"" border=""0"" align=""center"">
  <tr>
    <td> <img src=""https://image.rakuten.co.jp/kitcut/cabinet/banner/05298098/imgrc0080411111.jpg"" width=""800px"" /></td>
  </tr>
</table>

<!--横2列-->

<table width=""800"" border=""0"" align=""center"">
  <tr>
    <td> <img src=""https://image.rakuten.co.jp/kitcut/cabinet/top/05006737/imgrc0080402120.jpg"" width=""399"" /></td>
    
    <!--kickflip-->
    <td> <img src=""https://image.rakuten.co.jp/kitcut/cabinet/top/05006737/imgrc0080402031.jpg"" width=""399"" /></td>
  </tr>
</table>

<!--横2列-->

<table width=""800"" border=""0"" align=""center"">
  <tr>
    <td> <img src=""https://image.rakuten.co.jp/kitcut/cabinet/banner/05298098/imgrc0081316114.jpg"" width=""399"" /></td>
    <td> <img src=""https://image.rakuten.co.jp/kitcut/cabinet/banner/05298098/imgrc0080355902.jpg"" width=""399"" /></td>
  </tr>
</table>

<!--25周年の告知-->
<table width=""800"" border=""0"" align=""center"">
  <tr>
    <td> <img src=""http://image.rakuten.co.jp/kitcut/cabinet/banner/04802908/imgrc0073840290.jpg"" width=""399"" /></td>
    <td> <img src=""http://image.rakuten.co.jp/kitcut/cabinet/banner/04802908/imgrc0073840291.jpg"" width=""399"" /></td>
  </tr>
</table>

<!--6月5日(月)9:59まで　DEAL-->
<table width=""800"" border=""0"" align=""center"">
  <tr>
    <td> <img src=""https://image.rakuten.co.jp/kitcut/cabinet/special/imgrc0081361413.jpg"" width=""800px"" /> </td>
  </tr>
</table>

<!--6月5日(月)9:59まで　フラッシュセール-->


<table width=""800"" border=""0""align=""center"" style=""background-color:#444444; color:#F4D406; text-align: center; font-size:18px; border-radius: 5px;"" >
 <tr >
    <td colspan=""5"" ><img src=""https://image.rakuten.co.jp/kitcut/cabinet/special/imgrc0081361616.jpg"" alt="""" width=""99%"" /></td>
  </tr>
  <tr>
    <td><img src=""https://image.rakuten.co.jp/kitcut/cabinet/special/imgrc0081361618.jpg"" width=""97%"" /></td>
    <td><img src=""https://image.rakuten.co.jp/kitcut/cabinet/special/imgrc0081361617.jpg"" width=""97%"" /></td>
    <td><img src=""https://image.rakuten.co.jp/kitcut/cabinet/special/imgrc0081361619.jpg"" width=""97%"" /></td>
    <td><img src=""https://image.rakuten.co.jp/kitcut/cabinet/special/imgrc0081361620.jpg"" width=""97%"" /></td>
  </tr>
  <tr>
    <td colspan=""5"" >2017年6月1日（木）10:00～2017年6月6日（火）9:59迄</td>
  </tr>
</table>






<style type=""text/css"">

#item_attention_area {
  border: #D00 solid 2px;
}

#item_attention_area p{
  margin: 0;
  padding: 2px 5px;
  color: white;
  background-color: #D00;
}

#item_attention_area ul{
  margin:0;
  padding: 10px 15px 5px 15px;
  list-style: none;
}

#item_attention_area ul>li{
  margin-bottom: 5px;
}

@media (max-width:481px){
section table   { width: 100%; }

.item th  { width: 30%; text-align: left; }
.item td  { 
margin-bottom:10px;
display:table;
}    

@media only screen and (min-width:480px){
    .item { margin: 0 auto; }
   .item tr{
        display: block;
}
    .item th,
    .item td{
        max-width: 100%;
       display: block;
        border-top: none;
		margin-bottom:10px;	

}

</style>",[1200円OFFクーポン有][ネコポス可] Simplism iPhone SE / 5s / 5 カードポケット背面テクスチャーシート ダークウッド # TR-PFIP16E-TDW  シンプリズム (Apple製品関連アクセサリ)：Apple専門店 キットカット,iPhone6 ケースiPhone 6 Plus ケースiPad Air 2 ケースiPad mini ケースAppleMacBook Pro ケースMacBook Air ケースbeats by dr.dreCatalystTHULEクラフトホリックiPad Pro ケースBOSEmoecoGILD designJBLヘッドホンイヤホンbluetoothスピーカー[1200円OFFクーポン有][ネコポス可] Simplism iPhone SE / 5s / 5 カードポケット背面テクスチャーシート ダークウッド # TR-PFIP16E-TDW  シンプリズム (Apple製品関連アクセサリ),デザインと機能を兼ね備えたテクスチャーシート。[1200円OFFクーポン有][ネコポス可] Simplism iPhone SE / 5s / 5 カードポケット背面テクスチャーシート ダークウッド # TR-PFIP16E-TDW  シンプリズム (Apple製品関連アクセサリ)[rn]
32-93169,http://tshop.r10s.jp/kitcut/cabinet/item/33/prod-pict-440064.jpg?fitin=700:700,2550.4000,,スマートフォン・タブレット > スマートフォンアクセサリー > その他,[1200円OFFクーポン有][ネコポス可] UAG iPhone 5 / 5s / SE 用 ガラスフィルム # UAG-IPHSESP  ユーエージー (Apple製品関連アクセサリ),iPhone 5/5s/SE 用スクリーンプロテクター,"<!-- リコメンド --><br>
<div id=""recommend_area"">
<h3>UAG iPhone 5 / 5s / SE 用 ガラスフィルム # UAG-IPHSESP  ユーエージー</h3>
<div class=""staff_recommend""><h3>*</h3><div class=""recom_showcase""><p class=""recom_img""><img src=""http://image.rakuten.co.jp/kitcut/cabinet/recom37/rec-440064-43484.jpg"" alt=""*の画像""></p></div><p></p></div>
</div>
<!-- リコメンドここまで -->

<br>

<!-- 関連分類リンク-->
<a href=""http://item.rakuten.co.jp/kitcut/c/""><img src=""http://image.rakuten.co.jp/kitcut/cabinet/banner/kitcut/suggest-case.jpg""></a><br>
<!-- 関連分類リンクここまで--><!-- ブックマーク -->
<br><p class=""add_bookmark""><a href=""https://my.bookmark.rakuten.co.jp/?func=reg&svid=101&shop_bid=206376&iid=10077564&itype=1""><img src=""https://image.rakuten.co.jp/kitcut/cabinet/banner/kitcut/imgrc0067948711.jpg"" alt=""Last Update : 2017/05/25 9:27:32""></a></p>
<!-- ブックマークここまで -->
<!-- ネコポス文言 --><br><img src=http://image.rakuten.co.jp/kitcut/cabinet/nekopos.jpg><br><!-- ネコポス文言ここまで --><br><!-- 商品詳細 --><table class=item_explain border=0 cellspacing=0 cellpadding=0><tr><td>URBAN ARMOR GEAR (UAG)<br>iPhone SE / 5s / 5用スクリーンプロテクター<br><br>UAG独自の耐衝撃設計が、あらゆる方向からの衝撃を緩和。<br>都市と自然に生きるアクティブなライフスタイルをさらに楽しもう!<br><br>■ URBAN ARMOR GEAR (UAG) について<br>URBAN ARMOR GEAR (UAG) は南カリフォルニアで設立された、耐衝撃機能を持った独特なデザインのモバイルケースをメインとして開発しているブランドです。<br>デザイン性と耐衝撃性、使いやすさを兼ね備えた製品は、全世界で高い評価を受けています。<br><br>【スマートフォンを安全快適に。スクリーンプロテクターの特長】<br>■ 撥油性抗指紋コーティング<br>撥油性抗指紋コーティングにより、指紋がガラスに残りにくくなっています。<br><br>■ ブルーライトカット<br>目を疲れやすくするといわれているブルーライトをカットします。<br><br>■ 日本製の 9H 高硬度ガラス<br>硬いものでこすっても傷がつきにくい硬度になります。<br><br>■ 0.2mm の極薄ガラス<br>薄く作られているのでタッチ操作に影響を与えません。<br><br><br>[仕様情報]<br>対応機種 : iPhone SE / 5s / 5<br>材質 : ガラス<br>外形寸法 (mm) : 約 (W)54 x (D)0.48 x (H)120<br>質量 (g) : 約 7<br>同梱品 : 製品本体<br>　　　　画面クリーナー<br>　　　　ホコリ除去 / 位置調整用シール<br>　　　　マニュアル (英語)<br>保証期間 : 初期不良のみ<br><br>[メーカー]ユーエージー UAG<br>[商品型番] UAG-IPHSESP<br>[バーコード] 4988481759852<br> <font color=""gray"">[材質] ガラス<br>[性能] ガラスフィルム<br>[性能] ブルーライトカット<br>[対応] iPhone SE<br>[対応] iPhone 5<br>[対応] iPhone 5s<br>[対応S] アイフォーン アイフォン  アイホーン アイホン iPhone </font><br></td></tr></table><br><br><!-- 商品詳細ここまで --><!--共通説明文（大）ここから-->

<table width=""800"" border=""0"" align=""center"">
  <tr>
    <td> <img src=""https://image.rakuten.co.jp/kitcut/cabinet/banner/05298098/imgrc0080334562.jpg"" width=""800px"" /></td>
  </tr>
</table>
<table width=""800"" border=""0"" align=""center"">
  <tr>
    <td> <img src=""https://image.rakuten.co.jp/kitcut/cabinet/banner/05298098/imgrc0080411111.jpg"" width=""800px"" /></td>
  </tr>
</table>

<!--横2列-->

<table width=""800"" border=""0"" align=""center"">
  <tr>
    <td> <img src=""https://image.rakuten.co.jp/kitcut/cabinet/top/05006737/imgrc0080402120.jpg"" width=""399"" /></td>
    
    <!--kickflip-->
    <td> <img src=""https://image.rakuten.co.jp/kitcut/cabinet/top/05006737/imgrc0080402031.jpg"" width=""399"" /></td>
  </tr>
</table>

<!--横2列-->

<table width=""800"" border=""0"" align=""center"">
  <tr>
    <td> <img src=""https://image.rakuten.co.jp/kitcut/cabinet/banner/05298098/imgrc0081316114.jpg"" width=""399"" /></td>
    <td> <img src=""https://image.rakuten.co.jp/kitcut/cabinet/banner/05298098/imgrc0080355902.jpg"" width=""399"" /></td>
  </tr>
</table>

<!--25周年の告知-->
<table width=""800"" border=""0"" align=""center"">
  <tr>
    <td> <img src=""http://image.rakuten.co.jp/kitcut/cabinet/banner/04802908/imgrc0073840290.jpg"" width=""399"" /></td>
    <td> <img src=""http://image.rakuten.co.jp/kitcut/cabinet/banner/04802908/imgrc0073840291.jpg"" width=""399"" /></td>
  </tr>
</table>

<!--6月5日(月)9:59まで　DEAL-->
<table width=""800"" border=""0"" align=""center"">
  <tr>
    <td> <img src=""https://image.rakuten.co.jp/kitcut/cabinet/special/imgrc0081361413.jpg"" width=""800px"" /> </td>
  </tr>
</table>

<!--6月5日(月)9:59まで　フラッシュセール-->


<table width=""800"" border=""0""align=""center"" style=""background-color:#444444; color:#F4D406; text-align: center; font-size:18px; border-radius: 5px;"" >
 <tr >
    <td colspan=""5"" ><img src=""https://image.rakuten.co.jp/kitcut/cabinet/special/imgrc0081361616.jpg"" alt="""" width=""99%"" /></td>
  </tr>
  <tr>
    <td><img src=""https://image.rakuten.co.jp/kitcut/cabinet/special/imgrc0081361618.jpg"" width=""97%"" /></td>
    <td><img src=""https://image.rakuten.co.jp/kitcut/cabinet/special/imgrc0081361617.jpg"" width=""97%"" /></td>
    <td><img src=""https://image.rakuten.co.jp/kitcut/cabinet/special/imgrc0081361619.jpg"" width=""97%"" /></td>
    <td><img src=""https://image.rakuten.co.jp/kitcut/cabinet/special/imgrc0081361620.jpg"" width=""97%"" /></td>
  </tr>
  <tr>
    <td colspan=""5"" >2017年6月1日（木）10:00～2017年6月6日（火）9:59迄</td>
  </tr>
</table>






<style type=""text/css"">

#item_attention_area {
  border: #D00 solid 2px;
}

#item_attention_area p{
  margin: 0;
  padding: 2px 5px;
  color: white;
  background-color: #D00;
}

#item_attention_area ul{
  margin:0;
  padding: 10px 15px 5px 15px;
  list-style: none;
}

#item_attention_area ul>li{
  margin-bottom: 5px;
}

@media (max-width:481px){
section table   { width: 100%; }

.item th  { width: 30%; text-align: left; }
.item td  { 
margin-bottom:10px;
display:table;
}    

@media only screen and (min-width:480px){
    .item { margin: 0 auto; }
   .item tr{
        display: block;
}
    .item th,
    .item td{
        max-width: 100%;
       display: block;
        border-top: none;
		margin-bottom:10px;	

}

</style>",[1200円OFFクーポン有][ネコポス可] UAG iPhone 5 / 5s / SE 用 ガラスフィルム # UAG-IPHSESP  ユーエージー (Apple製品関連アクセサリ)：Apple専門店 キットカット,iPhone6 ケースiPhone 6 Plus ケースiPad Air 2 ケースiPad mini ケースAppleMacBook Pro ケースMacBook Air ケースbeats by dr.dreCatalystTHULEクラフトホリックiPad Pro ケースBOSEmoecoGILD designJBLヘッドホンイヤホンbluetoothスピーカー[1200円OFFクーポン有][ネコポス可] UAG iPhone 5 / 5s / SE 用 ガラスフィルム # UAG-IPHSESP  ユーエージー (Apple製品関連アクセサリ),iPhone 5/5s/SE 用スクリーンプロテクター。[1200円OFFクーポン有][ネコポス可] UAG iPhone 5 / 5s / SE 用 ガラスフィルム # UAG-IPHSESP  ユーエージー (Apple製品関連アクセサリ)[rn]
32-93170,http://tshop.r10s.jp/kitcut/cabinet/item/35/prod-pict-438268.jpg?fitin=700:700,824.0000,,スマートフォン・タブレット > スマートフォンアクセサリー > その他,[1200円OFFクーポン有][ネコポス可] PATCHWORKS クリアフィルム for iPhone SE / 5s / 5 前面1枚 & 裏面1枚 # P-4473  パッチワークス (iPhone5/5s/SE 保護フィルム),傷がつきにくく長持ちするクリアフィルム,"<!-- リコメンド --><br>
<div id=""recommend_area"">
<h3>PATCHWORKS クリアフィルム for iPhone SE / 5s / 5 前面1枚 & 裏面1枚 # P-4473  パッチワークス</h3>
<div class=""staff_recommend""><h3>*</h3><div class=""recom_showcase""><p class=""recom_img""><img src=""http://image.rakuten.co.jp/kitcut/cabinet/recom36/rec-438268-41118.jpg"" alt=""*の画像""></p></div><p></p></div>
<div class=""staff_recommend""><h3>*</h3><div class=""recom_showcase""><p class=""recom_img""><img src=""http://image.rakuten.co.jp/kitcut/cabinet/recom36/rec-438268-41119.jpg"" alt=""*の画像""></p></div><p></p></div>
<div class=""staff_recommend""><h3>*</h3><div class=""recom_showcase""><p class=""recom_img""><img src=""http://image.rakuten.co.jp/kitcut/cabinet/recom36/rec-438268-41121.jpg"" alt=""*の画像""></p></div><p></p></div>
</div>
<!-- リコメンドここまで -->

<br>

<!-- 関連分類リンク-->
<a href=""http://item.rakuten.co.jp/kitcut/c/""><img src=""http://image.rakuten.co.jp/kitcut/cabinet/banner/kitcut/suggest-case.jpg""></a><br>
<!-- 関連分類リンクここまで--><!-- ブックマーク -->
<br><p class=""add_bookmark""><a href=""https://my.bookmark.rakuten.co.jp/?func=reg&svid=101&shop_bid=206376&iid=10075734&itype=1""><img src=""https://image.rakuten.co.jp/kitcut/cabinet/banner/kitcut/imgrc0067948711.jpg"" alt=""Last Update : 2017/05/25 9:26:59""></a></p>
<!-- ブックマークここまで --><hr>
<!-- バリエーション -->
【バリエーション】
<div class=""variation2"">
<a href=""https://item.rakuten.co.jp/kitcut/438267/""><img width=""100"" border=""0"" src=""https://image.rakuten.co.jp/kitcut/cabinet/item/35/prod-pict-438267.jpg""></a>
<a href=""https://item.rakuten.co.jp/kitcut/438268/""><img width=""100"" border=""0"" src=""https://image.rakuten.co.jp/kitcut/cabinet/item/35/prod-pict-438268.jpg""></a>
<a href=""https://item.rakuten.co.jp/kitcut/438269/""><img width=""100"" border=""0"" src=""https://image.rakuten.co.jp/kitcut/cabinet/item/35/prod-pict-438269.jpg""></a>
<a href=""https://item.rakuten.co.jp/kitcut/438270/""><img width=""100"" border=""0"" src=""https://image.rakuten.co.jp/kitcut/cabinet/item/35/prod-pict-438270.jpg""></a><br>
<font color=""gray"">[family] <a href=""http://search.rakuten.co.jp/search/inshop-mall/43826911041/-/f.1-p.1-s.2-sf.0-sid.206376-st.A-v.3"">43826911041</a></font></div>
<!-- バリエーションここまで -->
<!-- フレンド --><div class=""variation3""><p>【気になる商品】</p><img width=""100"" border=""0"" src=""http://image.rakuten.co.jp/kitcut/cabinet/item/24/prod-pict-291375.jpg""><img width=""100"" border=""0"" src=""http://image.rakuten.co.jp/kitcut/cabinet/item/31/prod-pict-431372.jpg""><img width=""100"" border=""0"" src=""http://image.rakuten.co.jp/kitcut/cabinet/item/31/prod-pict-431373.jpg""><img width=""100"" border=""0"" src=""http://image.rakuten.co.jp/kitcut/cabinet/item/31/prod-pict-431374.jpg""><img width=""100"" border=""0"" src=""http://image.rakuten.co.jp/kitcut/cabinet/item/31/prod-pict-431375.jpg""><img width=""100"" border=""0"" src=""http://image.rakuten.co.jp/kitcut/cabinet/item/31/prod-pict-431379.jpg""><img width=""100"" border=""0"" src=""http://image.rakuten.co.jp/kitcut/cabinet/item/31/prod-pict-443079.jpg""><img width=""100"" border=""0"" src=""http://image.rakuten.co.jp/kitcut/cabinet/item/31/prod-pict-443080.jpg""><img width=""100"" border=""0"" src=""http://image.rakuten.co.jp/kitcut/cabinet/item/31/prod-pict-443081.jpg""><img width=""100"" border=""0"" src=""http://image.rakuten.co.jp/kitcut/cabinet/item/31/prod-pict-443082.jpg"">            <br></div><hr><!-- フレンドここまで --><br> <!-- ネコポス文言 --><br><img src=http://image.rakuten.co.jp/kitcut/cabinet/nekopos.jpg><br><!-- ネコポス文言ここまで --><br><!-- 商品詳細 --><table class=item_explain border=0 cellspacing=0 cellpadding=0><tr><td>傷がつきにくく長持ちするクリアフィルム<br>このクリアフィルムは、125ミクロン(0.125mm)の超薄型でフィルムを貼っていることを感じさせません。日常生活では充分すぎるほど傷防止コーティング等の表面コーティングが施され、高機能で長持ちする最高品質液晶保護フィルムです。<br><br>クリスタルクリア(98-99%)の透過度で、Retinaディスプレイ本体の鮮明な映像を楽しめます。<br><br>指紋や汚れが付きにくく拭き取りやすいです。<br><br>紫外線ブロック機能と虹見現象(にじみ)防止機能により、目に優しいです。iPhone特有のRetinaディスプレイの鮮明な画質を楽しめます。<br><br>他社のフィルムより厚く、協力な4H表面硬度のハードコーティング処理により、傷や衝撃から液晶を保護し、フィルムの平均寿命を2倍以上向上させました。<br><br>背面保護フィルムは背面の上、下段の強化ガラス部分の質感をそのまま生かし、さらっとした感じのクリアフィルムを使用。<br><br><br>[仕様情報]<br>パッケージ内容<br>PET前面フィルムx1<br>背面フィルムx1<br>ほこり除去シートx1<br>クリーニングワイプx1<br>スクイージx1説明書x1<br><br>[メーカー]パッチワークス PATCHWORKS<br>[商品型番] P-4473<br>[バーコード] 8809453315486<br> <font color=""gray"">[性能] 光沢<br>[対応] iPhone 5<br>[対応] iPhone 5s<br>[対応] iPhone SE<br>[対応S] アイフォーン アイフォン  アイホーン アイホン iPhone </font><br></td></tr></table><br><br><!-- 商品詳細ここまで --><!--共通説明文（大）ここから-->

<table width=""800"" border=""0"" align=""center"">
  <tr>
    <td> <img src=""https://image.rakuten.co.jp/kitcut/cabinet/banner/05298098/imgrc0080334562.jpg"" width=""800px"" /></td>
  </tr>
</table>
<table width=""800"" border=""0"" align=""center"">
  <tr>
    <td> <img src=""https://image.rakuten.co.jp/kitcut/cabinet/banner/05298098/imgrc0080411111.jpg"" width=""800px"" /></td>
  </tr>
</table>

<!--横2列-->

<table width=""800"" border=""0"" align=""center"">
  <tr>
    <td> <img src=""https://image.rakuten.co.jp/kitcut/cabinet/top/05006737/imgrc0080402120.jpg"" width=""399"" /></td>
    
    <!--kickflip-->
    <td> <img src=""https://image.rakuten.co.jp/kitcut/cabinet/top/05006737/imgrc0080402031.jpg"" width=""399"" /></td>
  </tr>
</table>

<!--横2列-->

<table width=""800"" border=""0"" align=""center"">
  <tr>
    <td> <img src=""https://image.rakuten.co.jp/kitcut/cabinet/banner/05298098/imgrc0081316114.jpg"" width=""399"" /></td>
    <td> <img src=""https://image.rakuten.co.jp/kitcut/cabinet/banner/05298098/imgrc0080355902.jpg"" width=""399"" /></td>
  </tr>
</table>

<!--25周年の告知-->
<table width=""800"" border=""0"" align=""center"">
  <tr>
    <td> <img src=""http://image.rakuten.co.jp/kitcut/cabinet/banner/04802908/imgrc0073840290.jpg"" width=""399"" /></td>
    <td> <img src=""http://image.rakuten.co.jp/kitcut/cabinet/banner/04802908/imgrc0073840291.jpg"" width=""399"" /></td>
  </tr>
</table>

<!--6月5日(月)9:59まで　DEAL-->
<table width=""800"" border=""0"" align=""center"">
  <tr>
    <td> <img src=""https://image.rakuten.co.jp/kitcut/cabinet/special/imgrc0081361413.jpg"" width=""800px"" /> </td>
  </tr>
</table>

<!--6月5日(月)9:59まで　フラッシュセール-->


<table width=""800"" border=""0""align=""center"" style=""background-color:#444444; color:#F4D406; text-align: center; font-size:18px; border-radius: 5px;"" >
 <tr >
    <td colspan=""5"" ><img src=""https://image.rakuten.co.jp/kitcut/cabinet/special/imgrc0081361616.jpg"" alt="""" width=""99%"" /></td>
  </tr>
  <tr>
    <td><img src=""https://image.rakuten.co.jp/kitcut/cabinet/special/imgrc0081361618.jpg"" width=""97%"" /></td>
    <td><img src=""https://image.rakuten.co.jp/kitcut/cabinet/special/imgrc0081361617.jpg"" width=""97%"" /></td>
    <td><img src=""https://image.rakuten.co.jp/kitcut/cabinet/special/imgrc0081361619.jpg"" width=""97%"" /></td>
    <td><img src=""https://image.rakuten.co.jp/kitcut/cabinet/special/imgrc0081361620.jpg"" width=""97%"" /></td>
  </tr>
  <tr>
    <td colspan=""5"" >2017年6月1日（木）10:00～2017年6月6日（火）9:59迄</td>
  </tr>
</table>






<style type=""text/css"">

#item_attention_area {
  border: #D00 solid 2px;
}

#item_attention_area p{
  margin: 0;
  padding: 2px 5px;
  color: white;
  background-color: #D00;
}

#item_attention_area ul{
  margin:0;
  padding: 10px 15px 5px 15px;
  list-style: none;
}

#item_attention_area ul>li{
  margin-bottom: 5px;
}

@media (max-width:481px){
section table   { width: 100%; }

.item th  { width: 30%; text-align: left; }
.item td  { 
margin-bottom:10px;
display:table;
}    

@media only screen and (min-width:480px){
    .item { margin: 0 auto; }
   .item tr{
        display: block;
}
    .item th,
    .item td{
        max-width: 100%;
       display: block;
        border-top: none;
		margin-bottom:10px;	

}

</style>",[1200円OFFクーポン有][ネコポス可] PATCHWORKS クリアフィルム for iPhone SE / 5s / 5 前面1枚 &amp; 裏面1枚 # P-4473  パッチワークス (iPhone5/5s/SE 保護フィルム)：Apple専門店 キットカット,iPhone6 ケースiPhone 6 Plus ケースiPad Air 2 ケースiPad mini ケースAppleMacBook Pro ケースMacBook Air ケースbeats by dr.dreCatalystTHULEクラフトホリックiPad Pro ケースBOSEmoecoGILD designJBLヘッドホンイヤホンbluetoothスピーカー[1200円OFFクーポン有][ネコポス可] PATCHWORKS クリアフィルム for iPhone SE / 5s / 5 前面1枚 &amp; 裏面1枚 # P-4473  パッチワークス (iPhone5/5s/SE 保護フィルム),傷がつきにくく長持ちするクリアフィルム。[1200円OFFクーポン有][ネコポス可] PATCHWORKS クリアフィルム for iPhone SE / 5s / 5 前面1枚 &amp; 裏面1枚 # P-4473  パッチワークス (iPhone5/5s/SE 保護フィルム)[rn]
32-93171,http://tshop.r10s.jp/kitcut/cabinet/item/33/prod-pict-439883.jpg?fitin=700:700,1240.0000,,スマートフォン・タブレット > スマートフォンアクセサリー > その他,[1200円OFFクーポン有][ネコポス可] Simplism iPhone SE / 5s / 5 カードポケット背面テクスチャーシート スエードグレイ # TR-PFIP16E-TSG  シンプリズム (Apple製品関連アクセサリ),デザインと機能を兼ね備えたテクスチャーシート,"<!-- リコメンド --><br>
<div id=""recommend_area"">
<h3>Simplism iPhone SE / 5s / 5 カードポケット背面テクスチャーシート スエードグレイ # TR-PFIP16E-TSG  シンプリズム</h3>
<div class=""staff_recommend""><h3>*</h3><div class=""recom_showcase""><p class=""recom_img""><img src=""http://image.rakuten.co.jp/kitcut/cabinet/recom37/rec-439878-43235.jpg"" alt=""*の画像""></p></div><p></p></div>
<div class=""staff_recommend""><h3>*</h3><div class=""recom_showcase""><p class=""recom_img""><img src=""http://image.rakuten.co.jp/kitcut/cabinet/recom37/rec-439878-43236.jpg"" alt=""*の画像""></p></div><p></p></div>
<div class=""staff_recommend""><h3>*</h3><div class=""recom_showcase""><p class=""recom_img""><img src=""http://image.rakuten.co.jp/kitcut/cabinet/recom37/rec-439878-43237.jpg"" alt=""*の画像""></p></div><p></p></div>
<div class=""staff_recommend""><h3>*</h3><div class=""recom_showcase""><p class=""recom_img""><img src=""http://image.rakuten.co.jp/kitcut/cabinet/recom37/rec-439878-43238.jpg"" alt=""*の画像""></p></div><p></p></div>
<div class=""staff_recommend""><h3>*</h3><div class=""recom_showcase""><p class=""recom_img""><img src=""http://image.rakuten.co.jp/kitcut/cabinet/recom37/rec-439878-43239.jpg"" alt=""*の画像""></p></div><p></p></div>
<div class=""staff_recommend""><h3>*</h3><div class=""recom_showcase""><p class=""recom_img""><img src=""http://image.rakuten.co.jp/kitcut/cabinet/recom37/rec-439878-43240.jpg"" alt=""*の画像""></p></div><p></p></div>
</div>
<!-- リコメンドここまで -->

<br>

<!-- 関連分類リンク-->
<a href=""http://item.rakuten.co.jp/kitcut/c/""><img src=""http://image.rakuten.co.jp/kitcut/cabinet/banner/kitcut/suggest-film.jpg""></a><br>
<!-- 関連分類リンクここまで--><!-- ブックマーク -->
<br><p class=""add_bookmark""><a href=""https://my.bookmark.rakuten.co.jp/?func=reg&svid=101&shop_bid=206376&iid=10077457&itype=1""><img src=""https://image.rakuten.co.jp/kitcut/cabinet/banner/kitcut/imgrc0067948711.jpg"" alt=""Last Update : 2017/05/25 9:27:28""></a></p>
<!-- ブックマークここまで --><hr>
<!-- バリエーション -->
【バリエーション】
<div class=""variation2"">
<a href=""https://item.rakuten.co.jp/kitcut/439878/""><img width=""100"" border=""0"" src=""https://image.rakuten.co.jp/kitcut/cabinet/item/33/prod-pict-439878.jpg""></a>
<a href=""https://item.rakuten.co.jp/kitcut/439879/""><img width=""100"" border=""0"" src=""https://image.rakuten.co.jp/kitcut/cabinet/item/33/prod-pict-439879.jpg""></a>
<a href=""https://item.rakuten.co.jp/kitcut/439880/""><img width=""100"" border=""0"" src=""https://image.rakuten.co.jp/kitcut/cabinet/item/33/prod-pict-439880.jpg""></a>
<a href=""https://item.rakuten.co.jp/kitcut/439881/""><img width=""100"" border=""0"" src=""https://image.rakuten.co.jp/kitcut/cabinet/item/33/prod-pict-439881.jpg""></a>
<a href=""https://item.rakuten.co.jp/kitcut/439882/""><img width=""100"" border=""0"" src=""https://image.rakuten.co.jp/kitcut/cabinet/item/33/prod-pict-439882.jpg""></a>
<a href=""https://item.rakuten.co.jp/kitcut/439883/""><img width=""100"" border=""0"" src=""https://image.rakuten.co.jp/kitcut/cabinet/item/33/prod-pict-439883.jpg""></a>
<a href=""https://item.rakuten.co.jp/kitcut/439884/""><img width=""100"" border=""0"" src=""https://image.rakuten.co.jp/kitcut/cabinet/item/33/prod-pict-439884.jpg""></a>
<a href=""https://item.rakuten.co.jp/kitcut/439885/""><img width=""100"" border=""0"" src=""https://image.rakuten.co.jp/kitcut/cabinet/item/33/prod-pict-439885.jpg""></a><br>
<font color=""gray"">[family] <a href=""http://search.rakuten.co.jp/search/inshop-mall/43988577231/-/f.1-p.1-s.2-sf.0-sid.206376-st.A-v.3"">43988577231</a></font></div>
<!-- バリエーションここまで -->
<!-- 注意事項 --><div id=""item_attention_area"">  <p>ご注意ください</p>  <ul>    <li>※ 繰り返し使用することはできません。中のパーツが折れてしまう可能性があります。   </li>    <li>   </li>  </ul></div><!-- 注意事項ここまで --> <!-- ネコポス文言 --><br><img src=http://image.rakuten.co.jp/kitcut/cabinet/nekopos.jpg><br><!-- ネコポス文言ここまで --><br><!-- 商品詳細 --><table class=item_explain border=0 cellspacing=0 cellpadding=0><tr><td>IC カードが1枚入る背面テクスチャーシート<br>傷や汚れから iPhone を守り、手軽にドレスアップ<br><br>・ カードが1枚入るカードポケット<br>・ 防磁シート内蔵で IC カードを入れたまま改札を通過可能<br>・ IC カードを置くだけでチャージするタイプの券売機に対応<br>・ 3 種類のこだわりテクスチャー素材<br>・ iPhone 背面を傷や汚れから守りながらドレスアップ<br><br>【特徴】<br>■ デザインと機能を兼ね備えたテクスチャーシート<br>Simplism Rear Card Pocket Texture Sheet for iPhone SE / 5s / 5 (カードポケット背面テクスチャーシート) は、こだわりのテクスチャー生地を使用した背面シートです。<br>貼ることで iPhone の背面を傷や汚れから守りつつ、気軽にドレスアップできます。<br><br>カードポケットがついており、IC カードやクレジットカードを1枚挿入可能です。<br>カードポケットにカードを入れないときは、付属の紙カードを挿入しておけば、ポケットが凹むことなく背面をフラットに保つことができます。<br><br>■ IC カードを入れたまま改札を通過可能<br>カードポケットには防磁シートが内蔵されているので IC カードを取り出さずにそのまま改札を通過することができます。<br>また、IC カードを置くだけでチャージするタイプの券売機にも対応します。<br>※ IC カード読み取り端末により、読み取り強度が異なる場合があります。<br>IC カードの読み取りが適切に行なわれない場合は、カードポケットから IC カードを取り出してご使用ください。<br><br>■ 選べる3種類のこだわりテクスチャー生地<br>・Premium Skin (TM) (プレミアムスキン)<br>質感と色味を追求した Simplism オリジナルの PU 生地です。<br>染色の濃淡による奥行きや自然なシボ感、絶妙な色合いを表現しています。<br><br>・Ultrasuede (R) (ウルトラスエード)<br>東レの最先端繊維技術で作られた、水性の液体や汚れに強いウルトラスエード。<br>上質のスエードのようなやわらかな風合と手触りを感じる仕上げです。<br><br>・Tennage (R) (テナージュ)<br>本物の木を薄くスライスして特殊な強化加工を施したテナージュ。<br>木目の美しさとぬくもりを感じる仕上げです。<br><br>※ 関西地方などの一部改札では読み取り強度が異なるため、IC カードの取り出しが必要となる場合があります。<br>　カードの読み取りが適切に行なわれない場合は、一度カードポケットからカードを取り出してご使用ください。<br><br><br><br>[仕様情報]<br>製品サイズ : 56.7 x 121 x 2.4 ～ 2.9 mm (W x H x D)<br>製品重量 : 13 ～ 14g<br>パッケージサイズ : 85 x 196 x 3 mm (W x H x D)<br>パッケージ重量 : 27 ～ 28 g<br><br><br>[メーカー]シンプリズム Simplism<br>[商品型番] TR-PFIP16E-TSG<br>[バーコード] 4582269481821<br> <font color=""gray"">[材質] スエード<br>[材質] 合成皮革<br>[色] グレー<br>[性能] デザインフィルム<br>[性能] ICカード対応<br>[性能] カードホルダー<br>[対応] iPhone 5<br>[対応] iPhone 5s<br>[対応] iPhone SE<br>[対応S] アイフォーン アイフォン  アイホーン アイホン iPhone </font><br></td></tr></table><br><br><!-- 商品詳細ここまで --><!--共通説明文（大）ここから-->

<table width=""800"" border=""0"" align=""center"">
  <tr>
    <td> <img src=""https://image.rakuten.co.jp/kitcut/cabinet/banner/05298098/imgrc0080334562.jpg"" width=""800px"" /></td>
  </tr>
</table>
<table width=""800"" border=""0"" align=""center"">
  <tr>
    <td> <img src=""https://image.rakuten.co.jp/kitcut/cabinet/banner/05298098/imgrc0080411111.jpg"" width=""800px"" /></td>
  </tr>
</table>

<!--横2列-->

<table width=""800"" border=""0"" align=""center"">
  <tr>
    <td> <img src=""https://image.rakuten.co.jp/kitcut/cabinet/top/05006737/imgrc0080402120.jpg"" width=""399"" /></td>
    
    <!--kickflip-->
    <td> <img src=""https://image.rakuten.co.jp/kitcut/cabinet/top/05006737/imgrc0080402031.jpg"" width=""399"" /></td>
  </tr>
</table>

<!--横2列-->

<table width=""800"" border=""0"" align=""center"">
  <tr>
    <td> <img src=""https://image.rakuten.co.jp/kitcut/cabinet/banner/05298098/imgrc0081316114.jpg"" width=""399"" /></td>
    <td> <img src=""https://image.rakuten.co.jp/kitcut/cabinet/banner/05298098/imgrc0080355902.jpg"" width=""399"" /></td>
  </tr>
</table>

<!--25周年の告知-->
<table width=""800"" border=""0"" align=""center"">
  <tr>
    <td> <img src=""http://image.rakuten.co.jp/kitcut/cabinet/banner/04802908/imgrc0073840290.jpg"" width=""399"" /></td>
    <td> <img src=""http://image.rakuten.co.jp/kitcut/cabinet/banner/04802908/imgrc0073840291.jpg"" width=""399"" /></td>
  </tr>
</table>

<!--6月5日(月)9:59まで　DEAL-->
<table width=""800"" border=""0"" align=""center"">
  <tr>
    <td> <img src=""https://image.rakuten.co.jp/kitcut/cabinet/special/imgrc0081361413.jpg"" width=""800px"" /> </td>
  </tr>
</table>

<!--6月5日(月)9:59まで　フラッシュセール-->


<table width=""800"" border=""0""align=""center"" style=""background-color:#444444; color:#F4D406; text-align: center; font-size:18px; border-radius: 5px;"" >
 <tr >
    <td colspan=""5"" ><img src=""https://image.rakuten.co.jp/kitcut/cabinet/special/imgrc0081361616.jpg"" alt="""" width=""99%"" /></td>
  </tr>
  <tr>
    <td><img src=""https://image.rakuten.co.jp/kitcut/cabinet/special/imgrc0081361618.jpg"" width=""97%"" /></td>
    <td><img src=""https://image.rakuten.co.jp/kitcut/cabinet/special/imgrc0081361617.jpg"" width=""97%"" /></td>
    <td><img src=""https://image.rakuten.co.jp/kitcut/cabinet/special/imgrc0081361619.jpg"" width=""97%"" /></td>
    <td><img src=""https://image.rakuten.co.jp/kitcut/cabinet/special/imgrc0081361620.jpg"" width=""97%"" /></td>
  </tr>
  <tr>
    <td colspan=""5"" >2017年6月1日（木）10:00～2017年6月6日（火）9:59迄</td>
  </tr>
</table>






<style type=""text/css"">

#item_attention_area {
  border: #D00 solid 2px;
}

#item_attention_area p{
  margin: 0;
  padding: 2px 5px;
  color: white;
  background-color: #D00;
}

#item_attention_area ul{
  margin:0;
  padding: 10px 15px 5px 15px;
  list-style: none;
}

#item_attention_area ul>li{
  margin-bottom: 5px;
}

@media (max-width:481px){
section table   { width: 100%; }

.item th  { width: 30%; text-align: left; }
.item td  { 
margin-bottom:10px;
display:table;
}    

@media only screen and (min-width:480px){
    .item { margin: 0 auto; }
   .item tr{
        display: block;
}
    .item th,
    .item td{
        max-width: 100%;
       display: block;
        border-top: none;
		margin-bottom:10px;	

}

</style>",[1200円OFFクーポン有][ネコポス可] Simplism iPhone SE / 5s / 5 カードポケット背面テクスチャーシート スエードグレイ # TR-PFIP16E-TSG  シンプリズム (Apple製品関連アクセサリ)：Apple専門店 キットカット,iPhone6 ケースiPhone 6 Plus ケースiPad Air 2 ケースiPad mini ケースAppleMacBook Pro ケースMacBook Air ケースbeats by dr.dreCatalystTHULEクラフトホリックiPad Pro ケースBOSEmoecoGILD designJBLヘッドホンイヤホンbluetoothスピーカー[1200円OFFクーポン有][ネコポス可] Simplism iPhone SE / 5s / 5 カードポケット背面テクスチャーシート スエードグレイ # TR-PFIP16E-TSG  シンプリズム (Apple製品関連アクセサリ),デザインと機能を兼ね備えたテクスチャーシート。[1200円OFFクーポン有][ネコポス可] Simplism iPhone SE / 5s / 5 カードポケット背面テクスチャーシート スエードグレイ # TR-PFIP16E-TSG  シンプリズム (Apple製品関連アクセサリ)[rn]
32-93172,http://tshop.r10s.jp/kitcut/cabinet/item/33/prod-pict-439879.jpg?fitin=700:700,1088.0000,,スマートフォン・タブレット > スマートフォンアクセサリー > その他,[1200円OFFクーポン有][ネコポス可] Simplism iPhone SE / 5s / 5 カードポケット背面テクスチャーシート ブルー # TR-PFIP16E-NBL  シンプリズム (Apple製品関連アクセサリ),デザインと機能を兼ね備えたテクスチャーシート,"<!-- リコメンド --><br>
<div id=""recommend_area"">
<h3>Simplism iPhone SE / 5s / 5 カードポケット背面テクスチャーシート ブルー # TR-PFIP16E-NBL  シンプリズム</h3>
<div class=""staff_recommend""><h3>*</h3><div class=""recom_showcase""><p class=""recom_img""><img src=""http://image.rakuten.co.jp/kitcut/cabinet/recom37/rec-439878-43235.jpg"" alt=""*の画像""></p></div><p></p></div>
<div class=""staff_recommend""><h3>*</h3><div class=""recom_showcase""><p class=""recom_img""><img src=""http://image.rakuten.co.jp/kitcut/cabinet/recom37/rec-439878-43236.jpg"" alt=""*の画像""></p></div><p></p></div>
<div class=""staff_recommend""><h3>*</h3><div class=""recom_showcase""><p class=""recom_img""><img src=""http://image.rakuten.co.jp/kitcut/cabinet/recom37/rec-439878-43237.jpg"" alt=""*の画像""></p></div><p></p></div>
<div class=""staff_recommend""><h3>*</h3><div class=""recom_showcase""><p class=""recom_img""><img src=""http://image.rakuten.co.jp/kitcut/cabinet/recom37/rec-439878-43238.jpg"" alt=""*の画像""></p></div><p></p></div>
<div class=""staff_recommend""><h3>*</h3><div class=""recom_showcase""><p class=""recom_img""><img src=""http://image.rakuten.co.jp/kitcut/cabinet/recom37/rec-439878-43239.jpg"" alt=""*の画像""></p></div><p></p></div>
<div class=""staff_recommend""><h3>*</h3><div class=""recom_showcase""><p class=""recom_img""><img src=""http://image.rakuten.co.jp/kitcut/cabinet/recom37/rec-439878-43240.jpg"" alt=""*の画像""></p></div><p></p></div>
</div>
<!-- リコメンドここまで -->

<br>

<!-- 関連分類リンク-->
<a href=""http://item.rakuten.co.jp/kitcut/c/""><img src=""http://image.rakuten.co.jp/kitcut/cabinet/banner/kitcut/suggest-film.jpg""></a><br>
<!-- 関連分類リンクここまで--><!-- ブックマーク -->
<br><p class=""add_bookmark""><a href=""https://my.bookmark.rakuten.co.jp/?func=reg&svid=101&shop_bid=206376&iid=10077453&itype=1""><img src=""https://image.rakuten.co.jp/kitcut/cabinet/banner/kitcut/imgrc0067948711.jpg"" alt=""Last Update : 2017/05/25 9:27:28""></a></p>
<!-- ブックマークここまで --><hr>
<!-- バリエーション -->
【バリエーション】
<div class=""variation2"">
<a href=""https://item.rakuten.co.jp/kitcut/439878/""><img width=""100"" border=""0"" src=""https://image.rakuten.co.jp/kitcut/cabinet/item/33/prod-pict-439878.jpg""></a>
<a href=""https://item.rakuten.co.jp/kitcut/439879/""><img width=""100"" border=""0"" src=""https://image.rakuten.co.jp/kitcut/cabinet/item/33/prod-pict-439879.jpg""></a>
<a href=""https://item.rakuten.co.jp/kitcut/439880/""><img width=""100"" border=""0"" src=""https://image.rakuten.co.jp/kitcut/cabinet/item/33/prod-pict-439880.jpg""></a>
<a href=""https://item.rakuten.co.jp/kitcut/439881/""><img width=""100"" border=""0"" src=""https://image.rakuten.co.jp/kitcut/cabinet/item/33/prod-pict-439881.jpg""></a>
<a href=""https://item.rakuten.co.jp/kitcut/439882/""><img width=""100"" border=""0"" src=""https://image.rakuten.co.jp/kitcut/cabinet/item/33/prod-pict-439882.jpg""></a>
<a href=""https://item.rakuten.co.jp/kitcut/439883/""><img width=""100"" border=""0"" src=""https://image.rakuten.co.jp/kitcut/cabinet/item/33/prod-pict-439883.jpg""></a>
<a href=""https://item.rakuten.co.jp/kitcut/439884/""><img width=""100"" border=""0"" src=""https://image.rakuten.co.jp/kitcut/cabinet/item/33/prod-pict-439884.jpg""></a>
<a href=""https://item.rakuten.co.jp/kitcut/439885/""><img width=""100"" border=""0"" src=""https://image.rakuten.co.jp/kitcut/cabinet/item/33/prod-pict-439885.jpg""></a><br>
<font color=""gray"">[family] <a href=""http://search.rakuten.co.jp/search/inshop-mall/43988577231/-/f.1-p.1-s.2-sf.0-sid.206376-st.A-v.3"">43988577231</a></font></div>
<!-- バリエーションここまで -->
<!-- 注意事項 -->
<div id=""item_attention_area"">
  <p>ご注意ください</p>
  <ul>
    <li>※ 繰り返し使用することはできません。中のパーツが折れてしまう可能性があります。   </li>
    <li>   </li>
  </ul>
</div>
<!-- 注意事項ここまで -->

<!-- ネコポス文言 --><br>
<img src='http://image.rakuten.co.jp/kitcut/cabinet/nekopos.jpg'><br>
<!-- ネコポス文言ここまで --><br><!-- 商品詳細 -->
<table class='item_explain' border='0' cellspacing='0' cellpadding='0'>
<tr>
<td>
IC カードが1枚入る背面テクスチャーシート<br>
傷や汚れから iPhone を守り、手軽にドレスアップ<br>
<br>
・ カードが1枚入るカードポケット<br>
・ 防磁シート内蔵で IC カードを入れたまま改札を通過可能<br>
・ IC カードを置くだけでチャージするタイプの券売機に対応<br>
・ 3 種類のこだわりテクスチャー素材<br>
・ iPhone 背面を傷や汚れから守りながらドレスアップ<br>
<br>
【特徴】<br>
■ デザインと機能を兼ね備えたテクスチャーシート<br>
Simplism Rear Card Pocket Texture Sheet for iPhone SE / 5s / 5 (カードポケット背面テクスチャーシート) は、こだわりのテクスチャー生地を使用した背面シートです。<br>
貼ることで iPhone の背面を傷や汚れから守りつつ、気軽にドレスアップできます。<br>
<br>
カードポケットがついており、IC カードやクレジットカードを1枚挿入可能です。<br>
カードポケットにカードを入れないときは、付属の紙カードを挿入しておけば、ポケットが凹むことなく背面をフラットに保つことができます。<br>
<br>
■ IC カードを入れたまま改札を通過可能<br>
カードポケットには防磁シートが内蔵されているので IC カードを取り出さずにそのまま改札を通過することができます。<br>
また、IC カードを置くだけでチャージするタイプの券売機にも対応します。<br>
※ IC カード読み取り端末により、読み取り強度が異なる場合があります。<br>
IC カードの読み取りが適切に行なわれない場合は、カードポケットから IC カードを取り出してご使用ください。<br>
<br>
■ 選べる3種類のこだわりテクスチャー生地<br>
・Premium Skin (TM) (プレミアムスキン)<br>
質感と色味を追求した Simplism オリジナルの PU 生地です。<br>
染色の濃淡による奥行きや自然なシボ感、絶妙な色合いを表現しています。<br>
<br>
・Ultrasuede (R) (ウルトラスエード)<br>
東レの最先端繊維技術で作られた、水性の液体や汚れに強いウルトラスエード。<br>
上質のスエードのようなやわらかな風合と手触りを感じる仕上げです。<br>
<br>
・Tennage (R) (テナージュ)<br>
本物の木を薄くスライスして特殊な強化加工を施したテナージュ。<br>
木目の美しさとぬくもりを感じる仕上げです。<br>
<br>
※ 関西地方などの一部改札では読み取り強度が異なるため、IC カードの取り出しが必要となる場合があります。<br>
　カードの読み取りが適切に行なわれない場合は、一度カードポケットからカードを取り出してご使用ください。<br>
<br>
[仕様情報]<br>
製品サイズ : 56.7 x 121 x 2.4 ～ 2.9 mm (W x H x D)<br>
製品重量 : 13 ～ 14g<br>
パッケージサイズ : 85 x 196 x 3 mm (W x H x D)<br>
パッケージ重量 : 27 ～ 28 g<br>
<br><br>
[メーカー]シンプリズム Simplism<br>
[商品型番] TR-PFIP16E-NBL<br>
[バーコード] 4582269481975<br>

<font color=""gray"">
[材質] PUレザー<br>[材質] 合成皮革<br>[色] ブルー<br>[性能] デザインフィルム<br>[性能] ICカード対応<br>[性能] カードホルダー<br>[対応] iPhone 5<br>[対応] iPhone 5s<br>[対応] iPhone SE<br>[対応S] アイフォーン アイフォン  アイホーン アイホン iPhone
</font><br>
</td>
</tr>
</table><br><br>
<!-- 商品詳細ここまで --><!--共通説明文（大）ここから-->

<table width=""800"" border=""0"" align=""center"">
  <tr>
    <td> <img src=""https://image.rakuten.co.jp/kitcut/cabinet/banner/05298098/imgrc0080334562.jpg"" width=""800px"" /></td>
  </tr>
</table>
<table width=""800"" border=""0"" align=""center"">
  <tr>
    <td> <img src=""https://image.rakuten.co.jp/kitcut/cabinet/banner/05298098/imgrc0080411111.jpg"" width=""800px"" /></td>
  </tr>
</table>

<!--横2列-->

<table width=""800"" border=""0"" align=""center"">
  <tr>
    <td> <img src=""https://image.rakuten.co.jp/kitcut/cabinet/top/05006737/imgrc0080402120.jpg"" width=""399"" /></td>
    
    <!--kickflip-->
    <td> <img src=""https://image.rakuten.co.jp/kitcut/cabinet/top/05006737/imgrc0080402031.jpg"" width=""399"" /></td>
  </tr>
</table>

<!--横2列-->

<table width=""800"" border=""0"" align=""center"">
  <tr>
    <td> <img src=""https://image.rakuten.co.jp/kitcut/cabinet/banner/05298098/imgrc0081316114.jpg"" width=""399"" /></td>
    <td> <img src=""https://image.rakuten.co.jp/kitcut/cabinet/banner/05298098/imgrc0080355902.jpg"" width=""399"" /></td>
  </tr>
</table>

<!--25周年の告知-->
<table width=""800"" border=""0"" align=""center"">
  <tr>
    <td> <img src=""http://image.rakuten.co.jp/kitcut/cabinet/banner/04802908/imgrc0073840290.jpg"" width=""399"" /></td>
    <td> <img src=""http://image.rakuten.co.jp/kitcut/cabinet/banner/04802908/imgrc0073840291.jpg"" width=""399"" /></td>
  </tr>
</table>

<!--6月5日(月)9:59まで　DEAL-->
<table width=""800"" border=""0"" align=""center"">
  <tr>
    <td> <img src=""https://image.rakuten.co.jp/kitcut/cabinet/special/imgrc0081361413.jpg"" width=""800px"" /> </td>
  </tr>
</table>

<!--6月5日(月)9:59まで　フラッシュセール-->


<table width=""800"" border=""0""align=""center"" style=""background-color:#444444; color:#F4D406; text-align: center; font-size:18px; border-radius: 5px;"" >
 <tr >
    <td colspan=""5"" ><img src=""https://image.rakuten.co.jp/kitcut/cabinet/special/imgrc0081361616.jpg"" alt="""" width=""99%"" /></td>
  </tr>
  <tr>
    <td><img src=""https://image.rakuten.co.jp/kitcut/cabinet/special/imgrc0081361618.jpg"" width=""97%"" /></td>
    <td><img src=""https://image.rakuten.co.jp/kitcut/cabinet/special/imgrc0081361617.jpg"" width=""97%"" /></td>
    <td><img src=""https://image.rakuten.co.jp/kitcut/cabinet/special/imgrc0081361619.jpg"" width=""97%"" /></td>
    <td><img src=""https://image.rakuten.co.jp/kitcut/cabinet/special/imgrc0081361620.jpg"" width=""97%"" /></td>
  </tr>
  <tr>
    <td colspan=""5"" >2017年6月1日（木）10:00～2017年6月6日（火）9:59迄</td>
  </tr>
</table>






<style type=""text/css"">

#item_attention_area {
  border: #D00 solid 2px;
}

#item_attention_area p{
  margin: 0;
  padding: 2px 5px;
  color: white;
  background-color: #D00;
}

#item_attention_area ul{
  margin:0;
  padding: 10px 15px 5px 15px;
  list-style: none;
}

#item_attention_area ul>li{
  margin-bottom: 5px;
}

@media (max-width:481px){
section table   { width: 100%; }

.item th  { width: 30%; text-align: left; }
.item td  { 
margin-bottom:10px;
display:table;
}    

@media only screen and (min-width:480px){
    .item { margin: 0 auto; }
   .item tr{
        display: block;
}
    .item th,
    .item td{
        max-width: 100%;
       display: block;
        border-top: none;
		margin-bottom:10px;	

}

</style>",[1200円OFFクーポン有][ネコポス可] Simplism iPhone SE / 5s / 5 カードポケット背面テクスチャーシート ブルー # TR-PFIP16E-NBL  シンプリズム (Apple製品関連アクセサリ)：Apple専門店 キットカット,iPhone6 ケースiPhone 6 Plus ケースiPad Air 2 ケースiPad mini ケースAppleMacBook Pro ケースMacBook Air ケースbeats by dr.dreCatalystTHULEクラフトホリックiPad Pro ケースBOSEmoecoGILD designJBLヘッドホンイヤホンbluetoothスピーカー[1200円OFFクーポン有][ネコポス可] Simplism iPhone SE / 5s / 5 カードポケット背面テクスチャーシート ブルー # TR-PFIP16E-NBL  シンプリズム (Apple製品関連アクセサリ),デザインと機能を兼ね備えたテクスチャーシート。[1200円OFFクーポン有][ネコポス可] Simplism iPhone SE / 5s / 5 カードポケット背面テクスチャーシート ブルー # TR-PFIP16E-NBL  シンプリズム (Apple製品関連アクセサリ)[rn]
32-93173,http://tshop.r10s.jp/kitcut/cabinet/item/35/prod-pict-438345.jpg?fitin=700:700,725.6000,,スマートフォン・タブレット > スマートフォンアクセサリー > その他,[1200円OFFクーポン有][ネコポス可] SANWA iPhone SE用 ブルーライトカット液晶保護指紋防止光沢フィルム # PDA-FIP61BC  サンワサプライ (iPhone5/5s/SE 保護フィルム),ブルーライトを集中カットします。眼精疲労対策にオススメです。,"<br>

<!-- 関連分類リンク-->
<a href=""http://item.rakuten.co.jp/kitcut/c/""><img src=""http://image.rakuten.co.jp/kitcut/cabinet/banner/kitcut/suggest-case.jpg""></a><br>
<!-- 関連分類リンクここまで--><!-- ブックマーク -->
<br><p class=""add_bookmark""><a href=""https://my.bookmark.rakuten.co.jp/?func=reg&svid=101&shop_bid=206376&iid=10075762&itype=1""><img src=""https://image.rakuten.co.jp/kitcut/cabinet/banner/kitcut/imgrc0067948711.jpg"" alt=""Last Update : 2017/05/25 9:27""></a></p>
<!-- ブックマークここまで --><hr>
<!-- バリエーション -->
【バリエーション】
<div class=""variation2"">
<a href=""https://item.rakuten.co.jp/kitcut/438344/""><img width=""100"" border=""0"" src=""https://image.rakuten.co.jp/kitcut/cabinet/item/35/prod-pict-438344.jpg""></a>
<a href=""https://item.rakuten.co.jp/kitcut/438345/""><img width=""100"" border=""0"" src=""https://image.rakuten.co.jp/kitcut/cabinet/item/35/prod-pict-438345.jpg""></a>
<a href=""https://item.rakuten.co.jp/kitcut/438346/""><img width=""100"" border=""0"" src=""https://image.rakuten.co.jp/kitcut/cabinet/item/35/prod-pict-438346.jpg""></a><br>
<font color=""gray"">[family] <a href=""http://search.rakuten.co.jp/search/inshop-mall/43834635341/-/f.1-p.1-s.2-sf.0-sid.206376-st.A-v.3"">43834635341</a></font></div>
<!-- バリエーションここまで -->
<!-- フレンド -->
<div class=""variation3"">
<p>【気になる商品】</p>
<img width=""100"" border=""0"" src=""http://image.rakuten.co.jp/kitcut/cabinet/item/35/p4383413121_6770.jpg"">
<img width=""100"" border=""0"" src=""http://image.rakuten.co.jp/kitcut/cabinet/item/35/p43834350011_6784.jpg"">
            <br>
</div>
<hr>
<!-- フレンドここまで --><br>

<!-- ネコポス文言 --><br>
<img src='http://image.rakuten.co.jp/kitcut/cabinet/nekopos.jpg'><br>
<!-- ネコポス文言ここまで --><br><!-- 商品詳細 -->
<table class='item_explain' border='0' cellspacing='0' cellpadding='0'>
<tr>
<td>
・LEDバックモニターのブルーライトメイン波長(450nm)の光を、約26％もカットすることができます。<br>
・目の水晶体で吸収されにくく、網膜を傷つける恐れがあるブルーライトを集中カットします。眼精疲労対策にオススメです。<br>
・外光に含まれるブルーライトを反射することなく吸収するため、目への影響を最小限に抑えることができます。<br>
・接着面にシリコン素材を使用しているので、液晶画面を含め表全体にぴったり貼り付きます。(受話口、ホームボタン部などを除く)<br>
・両面テープなどは不要です。<br>
・専用タイプなので、切らずにそのまま使えます。<br>
・タッチパネルに対応しています。<br>
・ホコリ、指紋、キズなどから、液晶画面を守ります。指紋防止加工により、フィルムへの指紋の付着を防ぎます。また、光沢タイプで液晶画面をくっきり鮮やかにします。<br>
[仕様情報]<br>
厚み : 0.2mm<br>
材質 : 接着面/シリコン膜<br>
　　　外側/PET(ポリエチレンテレフタレート)<br>
入数 : 1枚<br>
反射率 : 5％<br>
透過率 : 81％<br>
紫外線カット : 99.9％<br>
表面硬度 : 2 3H<br>
※上記は測定値であり、保証値ではありません。<br><br>
[メーカー]サンワサプライ SANWA SUPPLY (SANWA)<br>
[商品型番] PDA-FIP61BC<br>
[バーコード] 4969887893722<br>

<font color=""gray"">
[性能] ブルーライトカット<br>[性能] 光沢<br>[対応] iPhone SE<br>[対応] iPhone 5s<br>[対応] iPhone 5<br>[対応S] アイフォーン アイフォン  アイホーン アイホン iPhone
</font><br>
</td>
</tr>
</table><br><br>
<!-- 商品詳細ここまで --><!--共通説明文（大）ここから-->

<table width=""800"" border=""0"" align=""center"">
  <tr>
    <td> <img src=""https://image.rakuten.co.jp/kitcut/cabinet/banner/05298098/imgrc0080334562.jpg"" width=""800px"" /></td>
  </tr>
</table>
<table width=""800"" border=""0"" align=""center"">
  <tr>
    <td> <img src=""https://image.rakuten.co.jp/kitcut/cabinet/banner/05298098/imgrc0080411111.jpg"" width=""800px"" /></td>
  </tr>
</table>

<!--横2列-->

<table width=""800"" border=""0"" align=""center"">
  <tr>
    <td> <img src=""https://image.rakuten.co.jp/kitcut/cabinet/top/05006737/imgrc0080402120.jpg"" width=""399"" /></td>
    
    <!--kickflip-->
    <td> <img src=""https://image.rakuten.co.jp/kitcut/cabinet/top/05006737/imgrc0080402031.jpg"" width=""399"" /></td>
  </tr>
</table>

<!--横2列-->

<table width=""800"" border=""0"" align=""center"">
  <tr>
    <td> <img src=""https://image.rakuten.co.jp/kitcut/cabinet/banner/05298098/imgrc0081316114.jpg"" width=""399"" /></td>
    <td> <img src=""https://image.rakuten.co.jp/kitcut/cabinet/banner/05298098/imgrc0080355902.jpg"" width=""399"" /></td>
  </tr>
</table>

<!--25周年の告知-->
<table width=""800"" border=""0"" align=""center"">
  <tr>
    <td> <img src=""http://image.rakuten.co.jp/kitcut/cabinet/banner/04802908/imgrc0073840290.jpg"" width=""399"" /></td>
    <td> <img src=""http://image.rakuten.co.jp/kitcut/cabinet/banner/04802908/imgrc0073840291.jpg"" width=""399"" /></td>
  </tr>
</table>

<!--6月5日(月)9:59まで　DEAL-->
<table width=""800"" border=""0"" align=""center"">
  <tr>
    <td> <img src=""https://image.rakuten.co.jp/kitcut/cabinet/special/imgrc0081361413.jpg"" width=""800px"" /> </td>
  </tr>
</table>

<!--6月5日(月)9:59まで　フラッシュセール-->


<table width=""800"" border=""0""align=""center"" style=""background-color:#444444; color:#F4D406; text-align: center; font-size:18px; border-radius: 5px;"" >
 <tr >
    <td colspan=""5"" ><img src=""https://image.rakuten.co.jp/kitcut/cabinet/special/imgrc0081361616.jpg"" alt="""" width=""99%"" /></td>
  </tr>
  <tr>
    <td><img src=""https://image.rakuten.co.jp/kitcut/cabinet/special/imgrc0081361618.jpg"" width=""97%"" /></td>
    <td><img src=""https://image.rakuten.co.jp/kitcut/cabinet/special/imgrc0081361617.jpg"" width=""97%"" /></td>
    <td><img src=""https://image.rakuten.co.jp/kitcut/cabinet/special/imgrc0081361619.jpg"" width=""97%"" /></td>
    <td><img src=""https://image.rakuten.co.jp/kitcut/cabinet/special/imgrc0081361620.jpg"" width=""97%"" /></td>
  </tr>
  <tr>
    <td colspan=""5"" >2017年6月1日（木）10:00～2017年6月6日（火）9:59迄</td>
  </tr>
</table>






<style type=""text/css"">

#item_attention_area {
  border: #D00 solid 2px;
}

#item_attention_area p{
  margin: 0;
  padding: 2px 5px;
  color: white;
  background-color: #D00;
}

#item_attention_area ul{
  margin:0;
  padding: 10px 15px 5px 15px;
  list-style: none;
}

#item_attention_area ul>li{
  margin-bottom: 5px;
}

@media (max-width:481px){
section table   { width: 100%; }

.item th  { width: 30%; text-align: left; }
.item td  { 
margin-bottom:10px;
display:table;
}    

@media only screen and (min-width:480px){
    .item { margin: 0 auto; }
   .item tr{
        display: block;
}
    .item th,
    .item td{
        max-width: 100%;
       display: block;
        border-top: none;
		margin-bottom:10px;	

}

</style>",[1200円OFFクーポン有][ネコポス可] SANWA iPhone SE用 ブルーライトカット液晶保護指紋防止光沢フィルム # PDA-FIP61BC  サンワサプライ (iPhone5/5s/SE 保護フィルム)：Apple専門店 キットカット,iPhone6 ケースiPhone 6 Plus ケースiPad Air 2 ケースiPad mini ケースAppleMacBook Pro ケースMacBook Air ケースbeats by dr.dreCatalystTHULEクラフトホリックiPad Pro ケースBOSEmoecoGILD designJBLヘッドホンイヤホンbluetoothスピーカー[1200円OFFクーポン有][ネコポス可] SANWA iPhone SE用 ブルーライトカット液晶保護指紋防止光沢フィルム # PDA-FIP61BC  サンワサプライ (iPhone5/5s/SE 保護フィルム),ブルーライトを集中カットします。眼精疲労対策にオススメです。。[1200円OFFクーポン有][ネコポス可] SANWA iPhone SE用 ブルーライトカット液晶保護指紋防止光沢フィルム # PDA-FIP61BC  サンワサプライ (iPhone5/5s/SE 保護フィルム)[rn]
32-93174,http://tshop.r10s.jp/kitcut/cabinet/item/35/prod-pict-438346.jpg?fitin=700:700,579.2000,,スマートフォン・タブレット > スマートフォンアクセサリー > その他,[1200円OFFクーポン有][ネコポス可] SANWA iPhone SE用 液晶保護反射防止フィルム # PDA-FIP60  サンワサプライ (iPhone5/5s/SE 保護フィルム),反射防止フィルムを採用しており周囲からの反射を防止します。,"<br>

<!-- 関連分類リンク-->
<a href=""http://item.rakuten.co.jp/kitcut/c/""><img src=""http://image.rakuten.co.jp/kitcut/cabinet/banner/kitcut/suggest-case.jpg""></a><br>
<!-- 関連分類リンクここまで--><!-- ブックマーク -->
<br><p class=""add_bookmark""><a href=""https://my.bookmark.rakuten.co.jp/?func=reg&svid=101&shop_bid=206376&iid=10075763&itype=1""><img src=""https://image.rakuten.co.jp/kitcut/cabinet/banner/kitcut/imgrc0067948711.jpg"" alt=""Last Update : 2017/05/25 9:27""></a></p>
<!-- ブックマークここまで --><hr>
<!-- バリエーション -->
【バリエーション】
<div class=""variation2"">
<a href=""https://item.rakuten.co.jp/kitcut/438344/""><img width=""100"" border=""0"" src=""https://image.rakuten.co.jp/kitcut/cabinet/item/35/prod-pict-438344.jpg""></a>
<a href=""https://item.rakuten.co.jp/kitcut/438345/""><img width=""100"" border=""0"" src=""https://image.rakuten.co.jp/kitcut/cabinet/item/35/prod-pict-438345.jpg""></a>
<a href=""https://item.rakuten.co.jp/kitcut/438346/""><img width=""100"" border=""0"" src=""https://image.rakuten.co.jp/kitcut/cabinet/item/35/prod-pict-438346.jpg""></a><br>
<font color=""gray"">[family] <a href=""http://search.rakuten.co.jp/search/inshop-mall/43834635341/-/f.1-p.1-s.2-sf.0-sid.206376-st.A-v.3"">43834635341</a></font></div>
<!-- バリエーションここまで -->
<!-- ネコポス文言 --><br>
<img src='http://image.rakuten.co.jp/kitcut/cabinet/nekopos.jpg'><br>
<!-- ネコポス文言ここまで --><br><!-- 商品詳細 -->
<table class='item_explain' border='0' cellspacing='0' cellpadding='0'>
<tr>
<td>
・反射防止フィルムを採用しており周囲からの反射を防止します。<br>
・接着面にシリコン素材を使用しているので、液晶画面を含め表全体にぴったり貼り付きます。(受話口、ホームボタン部などを除く)<br>
・両面テープなどは不要です。<br>
・専用タイプなので、切らずにそのまま使えます。<br>
・タッチパネルに対応しています。<br>
・ホコリ、指紋、キズなどから、液晶画面を守ります。<br>
[仕様情報]<br>
厚み : 0.2mm<br>
材質 : 接着面/シリコン膜<br>
　　　外側/PET(ポリエチレンテレフタレート)<br>
入数 : 1枚<br>
反射率 : 2.02％<br>
透過率 : 90％<br>
紫外線カット : 99.9％<br>
表面硬度 : 2 3H<br>
※上記は測定値であり、保証値ではありません。<br><br>
[メーカー]サンワサプライ SANWA SUPPLY (SANWA)<br>
[商品型番] PDA-FIP60<br>
[バーコード] 4969887893715<br>

<font color=""gray"">
[性能] 非光沢<br>[対応] iPhone SE<br>[対応] iPhone 5s<br>[対応] iPhone 5<br>[対応S] アイフォーン アイフォン  アイホーン アイホン iPhone<br>[対応S] 非光沢 アンチグレア ノングレア つや消し マット 反射防止 艶無しタイプ つやなし つや無し
</font><br>
</td>
</tr>
</table><br><br>
<!-- 商品詳細ここまで --><!--共通説明文（大）ここから-->

<table width=""800"" border=""0"" align=""center"">
  <tr>
    <td> <img src=""https://image.rakuten.co.jp/kitcut/cabinet/banner/05298098/imgrc0080334562.jpg"" width=""800px"" /></td>
  </tr>
</table>
<table width=""800"" border=""0"" align=""center"">
  <tr>
    <td> <img src=""https://image.rakuten.co.jp/kitcut/cabinet/banner/05298098/imgrc0080411111.jpg"" width=""800px"" /></td>
  </tr>
</table>

<!--横2列-->

<table width=""800"" border=""0"" align=""center"">
  <tr>
    <td> <img src=""https://image.rakuten.co.jp/kitcut/cabinet/top/05006737/imgrc0080402120.jpg"" width=""399"" /></td>
    
    <!--kickflip-->
    <td> <img src=""https://image.rakuten.co.jp/kitcut/cabinet/top/05006737/imgrc0080402031.jpg"" width=""399"" /></td>
  </tr>
</table>

<!--横2列-->

<table width=""800"" border=""0"" align=""center"">
  <tr>
    <td> <img src=""https://image.rakuten.co.jp/kitcut/cabinet/banner/05298098/imgrc0081316114.jpg"" width=""399"" /></td>
    <td> <img src=""https://image.rakuten.co.jp/kitcut/cabinet/banner/05298098/imgrc0080355902.jpg"" width=""399"" /></td>
  </tr>
</table>

<!--25周年の告知-->
<table width=""800"" border=""0"" align=""center"">
  <tr>
    <td> <img src=""http://image.rakuten.co.jp/kitcut/cabinet/banner/04802908/imgrc0073840290.jpg"" width=""399"" /></td>
    <td> <img src=""http://image.rakuten.co.jp/kitcut/cabinet/banner/04802908/imgrc0073840291.jpg"" width=""399"" /></td>
  </tr>
</table>

<!--6月5日(月)9:59まで　DEAL-->
<table width=""800"" border=""0"" align=""center"">
  <tr>
    <td> <img src=""https://image.rakuten.co.jp/kitcut/cabinet/special/imgrc0081361413.jpg"" width=""800px"" /> </td>
  </tr>
</table>

<!--6月5日(月)9:59まで　フラッシュセール-->


<table width=""800"" border=""0""align=""center"" style=""background-color:#444444; color:#F4D406; text-align: center; font-size:18px; border-radius: 5px;"" >
 <tr >
    <td colspan=""5"" ><img src=""https://image.rakuten.co.jp/kitcut/cabinet/special/imgrc0081361616.jpg"" alt="""" width=""99%"" /></td>
  </tr>
  <tr>
    <td><img src=""https://image.rakuten.co.jp/kitcut/cabinet/special/imgrc0081361618.jpg"" width=""97%"" /></td>
    <td><img src=""https://image.rakuten.co.jp/kitcut/cabinet/special/imgrc0081361617.jpg"" width=""97%"" /></td>
    <td><img src=""https://image.rakuten.co.jp/kitcut/cabinet/special/imgrc0081361619.jpg"" width=""97%"" /></td>
    <td><img src=""https://image.rakuten.co.jp/kitcut/cabinet/special/imgrc0081361620.jpg"" width=""97%"" /></td>
  </tr>
  <tr>
    <td colspan=""5"" >2017年6月1日（木）10:00～2017年6月6日（火）9:59迄</td>
  </tr>
</table>






<style type=""text/css"">

#item_attention_area {
  border: #D00 solid 2px;
}

#item_attention_area p{
  margin: 0;
  padding: 2px 5px;
  color: white;
  background-color: #D00;
}

#item_attention_area ul{
  margin:0;
  padding: 10px 15px 5px 15px;
  list-style: none;
}

#item_attention_area ul>li{
  margin-bottom: 5px;
}

@media (max-width:481px){
section table   { width: 100%; }

.item th  { width: 30%; text-align: left; }
.item td  { 
margin-bottom:10px;
display:table;
}    

@media only screen and (min-width:480px){
    .item { margin: 0 auto; }
   .item tr{
        display: block;
}
    .item th,
    .item td{
        max-width: 100%;
       display: block;
        border-top: none;
		margin-bottom:10px;	

}

</style>",[1200円OFFクーポン有][ネコポス可] SANWA iPhone SE用 液晶保護反射防止フィルム # PDA-FIP60  サンワサプライ (iPhone5/5s/SE 保護フィルム)：Apple専門店 キットカット,iPhone6 ケースiPhone 6 Plus ケースiPad Air 2 ケースiPad mini ケースAppleMacBook Pro ケースMacBook Air ケースbeats by dr.dreCatalystTHULEクラフトホリックiPad Pro ケースBOSEmoecoGILD designJBLヘッドホンイヤホンbluetoothスピーカー[1200円OFFクーポン有][ネコポス可] SANWA iPhone SE用 液晶保護反射防止フィルム # PDA-FIP60  サンワサプライ (iPhone5/5s/SE 保護フィルム),反射防止フィルムを採用しており周囲からの反射を防止します。。[1200円OFFクーポン有][ネコポス可] SANWA iPhone SE用 液晶保護反射防止フィルム # PDA-FIP60  サンワサプライ (iPhone5/5s/SE 保護フィルム)[rn]
32-93175,http://tshop.r10s.jp/kitcut/cabinet/item/33/prod-pict-439881.jpg?fitin=700:700,1088.0000,,スマートフォン・タブレット > スマートフォンアクセサリー > その他,[1200円OFFクーポン有][ネコポス可] Simplism iPhone SE / 5s / 5 カードポケット背面テクスチャーシート グリーン # TR-PFIP16E-NGR  シンプリズム (Apple製品関連アクセサリ),デザインと機能を兼ね備えたテクスチャーシート,"<!-- リコメンド --><br>
<div id=""recommend_area"">
<h3>Simplism iPhone SE / 5s / 5 カードポケット背面テクスチャーシート グリーン # TR-PFIP16E-NGR  シンプリズム</h3>
<div class=""staff_recommend""><h3>*</h3><div class=""recom_showcase""><p class=""recom_img""><img src=""http://image.rakuten.co.jp/kitcut/cabinet/recom37/rec-439878-43235.jpg"" alt=""*の画像""></p></div><p></p></div>
<div class=""staff_recommend""><h3>*</h3><div class=""recom_showcase""><p class=""recom_img""><img src=""http://image.rakuten.co.jp/kitcut/cabinet/recom37/rec-439878-43236.jpg"" alt=""*の画像""></p></div><p></p></div>
<div class=""staff_recommend""><h3>*</h3><div class=""recom_showcase""><p class=""recom_img""><img src=""http://image.rakuten.co.jp/kitcut/cabinet/recom37/rec-439878-43237.jpg"" alt=""*の画像""></p></div><p></p></div>
<div class=""staff_recommend""><h3>*</h3><div class=""recom_showcase""><p class=""recom_img""><img src=""http://image.rakuten.co.jp/kitcut/cabinet/recom37/rec-439878-43238.jpg"" alt=""*の画像""></p></div><p></p></div>
<div class=""staff_recommend""><h3>*</h3><div class=""recom_showcase""><p class=""recom_img""><img src=""http://image.rakuten.co.jp/kitcut/cabinet/recom37/rec-439878-43239.jpg"" alt=""*の画像""></p></div><p></p></div>
<div class=""staff_recommend""><h3>*</h3><div class=""recom_showcase""><p class=""recom_img""><img src=""http://image.rakuten.co.jp/kitcut/cabinet/recom37/rec-439878-43240.jpg"" alt=""*の画像""></p></div><p></p></div>
</div>
<!-- リコメンドここまで -->

<br>

<!-- 関連分類リンク-->
<a href=""http://item.rakuten.co.jp/kitcut/c/""><img src=""http://image.rakuten.co.jp/kitcut/cabinet/banner/kitcut/suggest-film.jpg""></a><br>
<!-- 関連分類リンクここまで--><!-- ブックマーク -->
<br><p class=""add_bookmark""><a href=""https://my.bookmark.rakuten.co.jp/?func=reg&svid=101&shop_bid=206376&iid=10077455&itype=1""><img src=""https://image.rakuten.co.jp/kitcut/cabinet/banner/kitcut/imgrc0067948711.jpg"" alt=""Last Update : 2017/05/25 9:27:28""></a></p>
<!-- ブックマークここまで --><hr>
<!-- バリエーション -->
【バリエーション】
<div class=""variation2"">
<a href=""https://item.rakuten.co.jp/kitcut/439878/""><img width=""100"" border=""0"" src=""https://image.rakuten.co.jp/kitcut/cabinet/item/33/prod-pict-439878.jpg""></a>
<a href=""https://item.rakuten.co.jp/kitcut/439879/""><img width=""100"" border=""0"" src=""https://image.rakuten.co.jp/kitcut/cabinet/item/33/prod-pict-439879.jpg""></a>
<a href=""https://item.rakuten.co.jp/kitcut/439880/""><img width=""100"" border=""0"" src=""https://image.rakuten.co.jp/kitcut/cabinet/item/33/prod-pict-439880.jpg""></a>
<a href=""https://item.rakuten.co.jp/kitcut/439881/""><img width=""100"" border=""0"" src=""https://image.rakuten.co.jp/kitcut/cabinet/item/33/prod-pict-439881.jpg""></a>
<a href=""https://item.rakuten.co.jp/kitcut/439882/""><img width=""100"" border=""0"" src=""https://image.rakuten.co.jp/kitcut/cabinet/item/33/prod-pict-439882.jpg""></a>
<a href=""https://item.rakuten.co.jp/kitcut/439883/""><img width=""100"" border=""0"" src=""https://image.rakuten.co.jp/kitcut/cabinet/item/33/prod-pict-439883.jpg""></a>
<a href=""https://item.rakuten.co.jp/kitcut/439884/""><img width=""100"" border=""0"" src=""https://image.rakuten.co.jp/kitcut/cabinet/item/33/prod-pict-439884.jpg""></a>
<a href=""https://item.rakuten.co.jp/kitcut/439885/""><img width=""100"" border=""0"" src=""https://image.rakuten.co.jp/kitcut/cabinet/item/33/prod-pict-439885.jpg""></a><br>
<font color=""gray"">[family] <a href=""http://search.rakuten.co.jp/search/inshop-mall/43988577231/-/f.1-p.1-s.2-sf.0-sid.206376-st.A-v.3"">43988577231</a></font></div>
<!-- バリエーションここまで -->
<!-- 注意事項 -->
<div id=""item_attention_area"">
  <p>ご注意ください</p>
  <ul>
    <li>※ 繰り返し使用することはできません。中のパーツが折れてしまう可能性があります。   </li>
    <li>   </li>
  </ul>
</div>
<!-- 注意事項ここまで -->

<!-- ネコポス文言 --><br>
<img src='http://image.rakuten.co.jp/kitcut/cabinet/nekopos.jpg'><br>
<!-- ネコポス文言ここまで --><br><!-- 商品詳細 -->
<table class='item_explain' border='0' cellspacing='0' cellpadding='0'>
<tr>
<td>
IC カードが1枚入る背面テクスチャーシート<br>
傷や汚れから iPhone を守り、手軽にドレスアップ<br>
<br>
・ カードが1枚入るカードポケット<br>
・ 防磁シート内蔵で IC カードを入れたまま改札を通過可能<br>
・ IC カードを置くだけでチャージするタイプの券売機に対応<br>
・ 3 種類のこだわりテクスチャー素材<br>
・ iPhone 背面を傷や汚れから守りながらドレスアップ<br>
<br>
【特徴】<br>
■ デザインと機能を兼ね備えたテクスチャーシート<br>
Simplism Rear Card Pocket Texture Sheet for iPhone SE / 5s / 5 (カードポケット背面テクスチャーシート) は、こだわりのテクスチャー生地を使用した背面シートです。<br>
貼ることで iPhone の背面を傷や汚れから守りつつ、気軽にドレスアップできます。<br>
<br>
カードポケットがついており、IC カードやクレジットカードを1枚挿入可能です。<br>
カードポケットにカードを入れないときは、付属の紙カードを挿入しておけば、ポケットが凹むことなく背面をフラットに保つことができます。<br>
<br>
■ IC カードを入れたまま改札を通過可能<br>
カードポケットには防磁シートが内蔵されているので IC カードを取り出さずにそのまま改札を通過することができます。<br>
また、IC カードを置くだけでチャージするタイプの券売機にも対応します。<br>
※ IC カード読み取り端末により、読み取り強度が異なる場合があります。<br>
IC カードの読み取りが適切に行なわれない場合は、カードポケットから IC カードを取り出してご使用ください。<br>
<br>
■ 選べる3種類のこだわりテクスチャー生地<br>
・Premium Skin (TM) (プレミアムスキン)<br>
質感と色味を追求した Simplism オリジナルの PU 生地です。<br>
染色の濃淡による奥行きや自然なシボ感、絶妙な色合いを表現しています。<br>
<br>
・Ultrasuede (R) (ウルトラスエード)<br>
東レの最先端繊維技術で作られた、水性の液体や汚れに強いウルトラスエード。<br>
上質のスエードのようなやわらかな風合と手触りを感じる仕上げです。<br>
<br>
・Tennage (R) (テナージュ)<br>
本物の木を薄くスライスして特殊な強化加工を施したテナージュ。<br>
木目の美しさとぬくもりを感じる仕上げです。<br>
<br>
※ 関西地方などの一部改札では読み取り強度が異なるため、IC カードの取り出しが必要となる場合があります。<br>
　カードの読み取りが適切に行なわれない場合は、一度カードポケットからカードを取り出してご使用ください。<br>
<br>
[仕様情報]<br>
製品サイズ : 56.7 x 121 x 2.4 ～ 2.9 mm (W x H x D)<br>
製品重量 : 13 ～ 14g<br>
パッケージサイズ : 85 x 196 x 3 mm (W x H x D)<br>
パッケージ重量 : 27 ～ 28 g<br>
<br><br>
[メーカー]シンプリズム Simplism<br>
[商品型番] TR-PFIP16E-NGR<br>
[バーコード] 4582269481807<br>

<font color=""gray"">
[材質] PUレザー<br>[材質] 合成皮革<br>[色] グリーン<br>[性能] デザインフィルム<br>[性能] ICカード対応<br>[性能] カードホルダー<br>[対応] iPhone 5<br>[対応] iPhone 5s<br>[対応] iPhone SE<br>[対応S] アイフォーン アイフォン  アイホーン アイホン iPhone
</font><br>
</td>
</tr>
</table><br><br>
<!-- 商品詳細ここまで --><!--共通説明文（大）ここから-->

<table width=""800"" border=""0"" align=""center"">
  <tr>
    <td> <img src=""https://image.rakuten.co.jp/kitcut/cabinet/banner/05298098/imgrc0080334562.jpg"" width=""800px"" /></td>
  </tr>
</table>
<table width=""800"" border=""0"" align=""center"">
  <tr>
    <td> <img src=""https://image.rakuten.co.jp/kitcut/cabinet/banner/05298098/imgrc0080411111.jpg"" width=""800px"" /></td>
  </tr>
</table>

<!--横2列-->

<table width=""800"" border=""0"" align=""center"">
  <tr>
    <td> <img src=""https://image.rakuten.co.jp/kitcut/cabinet/top/05006737/imgrc0080402120.jpg"" width=""399"" /></td>
    
    <!--kickflip-->
    <td> <img src=""https://image.rakuten.co.jp/kitcut/cabinet/top/05006737/imgrc0080402031.jpg"" width=""399"" /></td>
  </tr>
</table>

<!--横2列-->

<table width=""800"" border=""0"" align=""center"">
  <tr>
    <td> <img src=""https://image.rakuten.co.jp/kitcut/cabinet/banner/05298098/imgrc0081316114.jpg"" width=""399"" /></td>
    <td> <img src=""https://image.rakuten.co.jp/kitcut/cabinet/banner/05298098/imgrc0080355902.jpg"" width=""399"" /></td>
  </tr>
</table>

<!--25周年の告知-->
<table width=""800"" border=""0"" align=""center"">
  <tr>
    <td> <img src=""http://image.rakuten.co.jp/kitcut/cabinet/banner/04802908/imgrc0073840290.jpg"" width=""399"" /></td>
    <td> <img src=""http://image.rakuten.co.jp/kitcut/cabinet/banner/04802908/imgrc0073840291.jpg"" width=""399"" /></td>
  </tr>
</table>

<!--6月5日(月)9:59まで　DEAL-->
<table width=""800"" border=""0"" align=""center"">
  <tr>
    <td> <img src=""https://image.rakuten.co.jp/kitcut/cabinet/special/imgrc0081361413.jpg"" width=""800px"" /> </td>
  </tr>
</table>

<!--6月5日(月)9:59まで　フラッシュセール-->


<table width=""800"" border=""0""align=""center"" style=""background-color:#444444; color:#F4D406; text-align: center; font-size:18px; border-radius: 5px;"" >
 <tr >
    <td colspan=""5"" ><img src=""https://image.rakuten.co.jp/kitcut/cabinet/special/imgrc0081361616.jpg"" alt="""" width=""99%"" /></td>
  </tr>
  <tr>
    <td><img src=""https://image.rakuten.co.jp/kitcut/cabinet/special/imgrc0081361618.jpg"" width=""97%"" /></td>
    <td><img src=""https://image.rakuten.co.jp/kitcut/cabinet/special/imgrc0081361617.jpg"" width=""97%"" /></td>
    <td><img src=""https://image.rakuten.co.jp/kitcut/cabinet/special/imgrc0081361619.jpg"" width=""97%"" /></td>
    <td><img src=""https://image.rakuten.co.jp/kitcut/cabinet/special/imgrc0081361620.jpg"" width=""97%"" /></td>
  </tr>
  <tr>
    <td colspan=""5"" >2017年6月1日（木）10:00～2017年6月6日（火）9:59迄</td>
  </tr>
</table>






<style type=""text/css"">

#item_attention_area {
  border: #D00 solid 2px;
}

#item_attention_area p{
  margin: 0;
  padding: 2px 5px;
  color: white;
  background-color: #D00;
}

#item_attention_area ul{
  margin:0;
  padding: 10px 15px 5px 15px;
  list-style: none;
}

#item_attention_area ul>li{
  margin-bottom: 5px;
}

@media (max-width:481px){
section table   { width: 100%; }

.item th  { width: 30%; text-align: left; }
.item td  { 
margin-bottom:10px;
display:table;
}    

@media only screen and (min-width:480px){
    .item { margin: 0 auto; }
   .item tr{
        display: block;
}
    .item th,
    .item td{
        max-width: 100%;
       display: block;
        border-top: none;
		margin-bottom:10px;	

}

</style>",[1200円OFFクーポン有][ネコポス可] Simplism iPhone SE / 5s / 5 カードポケット背面テクスチャーシート グリーン # TR-PFIP16E-NGR  シンプリズム (Apple製品関連アクセサリ)：Apple専門店 キットカット,iPhone6 ケースiPhone 6 Plus ケースiPad Air 2 ケースiPad mini ケースAppleMacBook Pro ケースMacBook Air ケースbeats by dr.dreCatalystTHULEクラフトホリックiPad Pro ケースBOSEmoecoGILD designJBLヘッドホンイヤホンbluetoothスピーカー[1200円OFFクーポン有][ネコポス可] Simplism iPhone SE / 5s / 5 カードポケット背面テクスチャーシート グリーン # TR-PFIP16E-NGR  シンプリズム (Apple製品関連アクセサリ),デザインと機能を兼ね備えたテクスチャーシート。[1200円OFFクーポン有][ネコポス可] Simplism iPhone SE / 5s / 5 カードポケット背面テクスチャーシート グリーン # TR-PFIP16E-NGR  シンプリズム (Apple製品関連アクセサリ)[rn]
32-93176,http://tshop.r10s.jp/kitcut/cabinet/item/33/prod-pict-439880.jpg?fitin=700:700,1088.0000,,スマートフォン・タブレット > スマートフォンアクセサリー > その他,[1200円OFFクーポン有][ネコポス可] Simplism iPhone SE / 5s / 5 カードポケット背面テクスチャーシート ネイビー # TR-PFIP16E-NNV  シンプリズム (Apple製品関連アクセサリ),デザインと機能を兼ね備えたテクスチャーシート,"<!-- リコメンド --><br>
<div id=""recommend_area"">
<h3>Simplism iPhone SE / 5s / 5 カードポケット背面テクスチャーシート ネイビー # TR-PFIP16E-NNV  シンプリズム</h3>
<div class=""staff_recommend""><h3>*</h3><div class=""recom_showcase""><p class=""recom_img""><img src=""http://image.rakuten.co.jp/kitcut/cabinet/recom37/rec-439878-43235.jpg"" alt=""*の画像""></p></div><p></p></div>
<div class=""staff_recommend""><h3>*</h3><div class=""recom_showcase""><p class=""recom_img""><img src=""http://image.rakuten.co.jp/kitcut/cabinet/recom37/rec-439878-43236.jpg"" alt=""*の画像""></p></div><p></p></div>
<div class=""staff_recommend""><h3>*</h3><div class=""recom_showcase""><p class=""recom_img""><img src=""http://image.rakuten.co.jp/kitcut/cabinet/recom37/rec-439878-43237.jpg"" alt=""*の画像""></p></div><p></p></div>
<div class=""staff_recommend""><h3>*</h3><div class=""recom_showcase""><p class=""recom_img""><img src=""http://image.rakuten.co.jp/kitcut/cabinet/recom37/rec-439878-43238.jpg"" alt=""*の画像""></p></div><p></p></div>
<div class=""staff_recommend""><h3>*</h3><div class=""recom_showcase""><p class=""recom_img""><img src=""http://image.rakuten.co.jp/kitcut/cabinet/recom37/rec-439878-43239.jpg"" alt=""*の画像""></p></div><p></p></div>
<div class=""staff_recommend""><h3>*</h3><div class=""recom_showcase""><p class=""recom_img""><img src=""http://image.rakuten.co.jp/kitcut/cabinet/recom37/rec-439878-43240.jpg"" alt=""*の画像""></p></div><p></p></div>
</div>
<!-- リコメンドここまで -->

<br>

<!-- 関連分類リンク-->
<a href=""http://item.rakuten.co.jp/kitcut/c/""><img src=""http://image.rakuten.co.jp/kitcut/cabinet/banner/kitcut/suggest-film.jpg""></a><br>
<!-- 関連分類リンクここまで--><!-- ブックマーク -->
<br><p class=""add_bookmark""><a href=""https://my.bookmark.rakuten.co.jp/?func=reg&svid=101&shop_bid=206376&iid=10077454&itype=1""><img src=""https://image.rakuten.co.jp/kitcut/cabinet/banner/kitcut/imgrc0067948711.jpg"" alt=""Last Update : 2017/05/25 9:27:28""></a></p>
<!-- ブックマークここまで --><hr>
<!-- バリエーション -->
【バリエーション】
<div class=""variation2"">
<a href=""https://item.rakuten.co.jp/kitcut/439878/""><img width=""100"" border=""0"" src=""https://image.rakuten.co.jp/kitcut/cabinet/item/33/prod-pict-439878.jpg""></a>
<a href=""https://item.rakuten.co.jp/kitcut/439879/""><img width=""100"" border=""0"" src=""https://image.rakuten.co.jp/kitcut/cabinet/item/33/prod-pict-439879.jpg""></a>
<a href=""https://item.rakuten.co.jp/kitcut/439880/""><img width=""100"" border=""0"" src=""https://image.rakuten.co.jp/kitcut/cabinet/item/33/prod-pict-439880.jpg""></a>
<a href=""https://item.rakuten.co.jp/kitcut/439881/""><img width=""100"" border=""0"" src=""https://image.rakuten.co.jp/kitcut/cabinet/item/33/prod-pict-439881.jpg""></a>
<a href=""https://item.rakuten.co.jp/kitcut/439882/""><img width=""100"" border=""0"" src=""https://image.rakuten.co.jp/kitcut/cabinet/item/33/prod-pict-439882.jpg""></a>
<a href=""https://item.rakuten.co.jp/kitcut/439883/""><img width=""100"" border=""0"" src=""https://image.rakuten.co.jp/kitcut/cabinet/item/33/prod-pict-439883.jpg""></a>
<a href=""https://item.rakuten.co.jp/kitcut/439884/""><img width=""100"" border=""0"" src=""https://image.rakuten.co.jp/kitcut/cabinet/item/33/prod-pict-439884.jpg""></a>
<a href=""https://item.rakuten.co.jp/kitcut/439885/""><img width=""100"" border=""0"" src=""https://image.rakuten.co.jp/kitcut/cabinet/item/33/prod-pict-439885.jpg""></a><br>
<font color=""gray"">[family] <a href=""http://search.rakuten.co.jp/search/inshop-mall/43988577231/-/f.1-p.1-s.2-sf.0-sid.206376-st.A-v.3"">43988577231</a></font></div>
<!-- バリエーションここまで -->
<!-- 注意事項 --><div id=""item_attention_area"">  <p>ご注意ください</p>  <ul>    <li>※ 繰り返し使用することはできません。中のパーツが折れてしまう可能性があります。   </li>    <li>   </li>  </ul></div><!-- 注意事項ここまで --> <!-- ネコポス文言 --><br><img src=http://image.rakuten.co.jp/kitcut/cabinet/nekopos.jpg><br><!-- ネコポス文言ここまで --><br><!-- 商品詳細 --><table class=item_explain border=0 cellspacing=0 cellpadding=0><tr><td>IC カードが1枚入る背面テクスチャーシート<br>傷や汚れから iPhone を守り、手軽にドレスアップ<br><br>・ カードが1枚入るカードポケット<br>・ 防磁シート内蔵で IC カードを入れたまま改札を通過可能<br>・ IC カードを置くだけでチャージするタイプの券売機に対応<br>・ 3 種類のこだわりテクスチャー素材<br>・ iPhone 背面を傷や汚れから守りながらドレスアップ<br><br>【特徴】<br>■ デザインと機能を兼ね備えたテクスチャーシート<br>Simplism Rear Card Pocket Texture Sheet for iPhone SE / 5s / 5 (カードポケット背面テクスチャーシート) は、こだわりのテクスチャー生地を使用した背面シートです。<br>貼ることで iPhone の背面を傷や汚れから守りつつ、気軽にドレスアップできます。<br><br>カードポケットがついており、IC カードやクレジットカードを1枚挿入可能です。<br>カードポケットにカードを入れないときは、付属の紙カードを挿入しておけば、ポケットが凹むことなく背面をフラットに保つことができます。<br><br>■ IC カードを入れたまま改札を通過可能<br>カードポケットには防磁シートが内蔵されているので IC カードを取り出さずにそのまま改札を通過することができます。<br>また、IC カードを置くだけでチャージするタイプの券売機にも対応します。<br>※ IC カード読み取り端末により、読み取り強度が異なる場合があります。<br>IC カードの読み取りが適切に行なわれない場合は、カードポケットから IC カードを取り出してご使用ください。<br><br>■ 選べる3種類のこだわりテクスチャー生地<br>・Premium Skin (TM) (プレミアムスキン)<br>質感と色味を追求した Simplism オリジナルの PU 生地です。<br>染色の濃淡による奥行きや自然なシボ感、絶妙な色合いを表現しています。<br><br>・Ultrasuede (R) (ウルトラスエード)<br>東レの最先端繊維技術で作られた、水性の液体や汚れに強いウルトラスエード。<br>上質のスエードのようなやわらかな風合と手触りを感じる仕上げです。<br><br>・Tennage (R) (テナージュ)<br>本物の木を薄くスライスして特殊な強化加工を施したテナージュ。<br>木目の美しさとぬくもりを感じる仕上げです。<br><br>※ 関西地方などの一部改札では読み取り強度が異なるため、IC カードの取り出しが必要となる場合があります。<br>　カードの読み取りが適切に行なわれない場合は、一度カードポケットからカードを取り出してご使用ください。<br><br><br><br>[仕様情報]<br>製品サイズ : 56.7 x 121 x 2.4 ～ 2.9 mm (W x H x D)<br>製品重量 : 13 ～ 14g<br>パッケージサイズ : 85 x 196 x 3 mm (W x H x D)<br>パッケージ重量 : 27 ～ 28 g<br><br><br>[メーカー]シンプリズム Simplism<br>[商品型番] TR-PFIP16E-NNV<br>[バーコード] 4582269481982<br> <font color=""gray"">[材質] PUレザー<br>[材質] 合成皮革<br>[色] ネイビー<br>[色] ブルー<br>[性能] デザインフィルム<br>[性能] ICカード対応<br>[性能] カードホルダー<br>[対応] iPhone 5<br>[対応] iPhone 5s<br>[対応] iPhone SE<br>[対応S] アイフォーン アイフォン  アイホーン アイホン iPhone </font><br></td></tr></table><br><br><!-- 商品詳細ここまで --><!--共通説明文（大）ここから-->

<table width=""800"" border=""0"" align=""center"">
  <tr>
    <td> <img src=""https://image.rakuten.co.jp/kitcut/cabinet/banner/05298098/imgrc0080334562.jpg"" width=""800px"" /></td>
  </tr>
</table>
<table width=""800"" border=""0"" align=""center"">
  <tr>
    <td> <img src=""https://image.rakuten.co.jp/kitcut/cabinet/banner/05298098/imgrc0080411111.jpg"" width=""800px"" /></td>
  </tr>
</table>

<!--横2列-->

<table width=""800"" border=""0"" align=""center"">
  <tr>
    <td> <img src=""https://image.rakuten.co.jp/kitcut/cabinet/top/05006737/imgrc0080402120.jpg"" width=""399"" /></td>
    
    <!--kickflip-->
    <td> <img src=""https://image.rakuten.co.jp/kitcut/cabinet/top/05006737/imgrc0080402031.jpg"" width=""399"" /></td>
  </tr>
</table>

<!--横2列-->

<table width=""800"" border=""0"" align=""center"">
  <tr>
    <td> <img src=""https://image.rakuten.co.jp/kitcut/cabinet/banner/05298098/imgrc0081316114.jpg"" width=""399"" /></td>
    <td> <img src=""https://image.rakuten.co.jp/kitcut/cabinet/banner/05298098/imgrc0080355902.jpg"" width=""399"" /></td>
  </tr>
</table>

<!--25周年の告知-->
<table width=""800"" border=""0"" align=""center"">
  <tr>
    <td> <img src=""http://image.rakuten.co.jp/kitcut/cabinet/banner/04802908/imgrc0073840290.jpg"" width=""399"" /></td>
    <td> <img src=""http://image.rakuten.co.jp/kitcut/cabinet/banner/04802908/imgrc0073840291.jpg"" width=""399"" /></td>
  </tr>
</table>

<!--6月5日(月)9:59まで　DEAL-->
<table width=""800"" border=""0"" align=""center"">
  <tr>
    <td> <img src=""https://image.rakuten.co.jp/kitcut/cabinet/special/imgrc0081361413.jpg"" width=""800px"" /> </td>
  </tr>
</table>

<!--6月5日(月)9:59まで　フラッシュセール-->


<table width=""800"" border=""0""align=""center"" style=""background-color:#444444; color:#F4D406; text-align: center; font-size:18px; border-radius: 5px;"" >
 <tr >
    <td colspan=""5"" ><img src=""https://image.rakuten.co.jp/kitcut/cabinet/special/imgrc0081361616.jpg"" alt="""" width=""99%"" /></td>
  </tr>
  <tr>
    <td><img src=""https://image.rakuten.co.jp/kitcut/cabinet/special/imgrc0081361618.jpg"" width=""97%"" /></td>
    <td><img src=""https://image.rakuten.co.jp/kitcut/cabinet/special/imgrc0081361617.jpg"" width=""97%"" /></td>
    <td><img src=""https://image.rakuten.co.jp/kitcut/cabinet/special/imgrc0081361619.jpg"" width=""97%"" /></td>
    <td><img src=""https://image.rakuten.co.jp/kitcut/cabinet/special/imgrc0081361620.jpg"" width=""97%"" /></td>
  </tr>
  <tr>
    <td colspan=""5"" >2017年6月1日（木）10:00～2017年6月6日（火）9:59迄</td>
  </tr>
</table>






<style type=""text/css"">

#item_attention_area {
  border: #D00 solid 2px;
}

#item_attention_area p{
  margin: 0;
  padding: 2px 5px;
  color: white;
  background-color: #D00;
}

#item_attention_area ul{
  margin:0;
  padding: 10px 15px 5px 15px;
  list-style: none;
}

#item_attention_area ul>li{
  margin-bottom: 5px;
}

@media (max-width:481px){
section table   { width: 100%; }

.item th  { width: 30%; text-align: left; }
.item td  { 
margin-bottom:10px;
display:table;
}    

@media only screen and (min-width:480px){
    .item { margin: 0 auto; }
   .item tr{
        display: block;
}
    .item th,
    .item td{
        max-width: 100%;
       display: block;
        border-top: none;
		margin-bottom:10px;	

}

</style>",[1200円OFFクーポン有][ネコポス可] Simplism iPhone SE / 5s / 5 カードポケット背面テクスチャーシート ネイビー # TR-PFIP16E-NNV  シンプリズム (Apple製品関連アクセサリ)：Apple専門店 キットカット,iPhone6 ケースiPhone 6 Plus ケースiPad Air 2 ケースiPad mini ケースAppleMacBook Pro ケースMacBook Air ケースbeats by dr.dreCatalystTHULEクラフトホリックiPad Pro ケースBOSEmoecoGILD designJBLヘッドホンイヤホンbluetoothスピーカー[1200円OFFクーポン有][ネコポス可] Simplism iPhone SE / 5s / 5 カードポケット背面テクスチャーシート ネイビー # TR-PFIP16E-NNV  シンプリズム (Apple製品関連アクセサリ),デザインと機能を兼ね備えたテクスチャーシート。[1200円OFFクーポン有][ネコポス可] Simplism iPhone SE / 5s / 5 カードポケット背面テクスチャーシート ネイビー # TR-PFIP16E-NNV  シンプリズム (Apple製品関連アクセサリ)[rn]
32-93177,http://tshop.r10s.jp/kitcut/cabinet/item/35/prod-pict-438270.jpg?fitin=700:700,824.0000,,スマートフォン・タブレット > スマートフォンアクセサリー > その他,[1200円OFFクーポン有][ネコポス可] PATCHWORKS 反射防止フィルム Protector for iPhone SE / 5s / 5 前面1枚&  裏面1枚 # P-4475  パッチワークス (iPhone5/5s/SE 保護フィルム),傷がつきにくく長持ちするアンチグレアフィルム,"<!-- リコメンド --><br>
<div id=""recommend_area"">
<h3>PATCHWORKS 反射防止フィルム Protector for iPhone SE / 5s / 5 前面1枚&  裏面1枚 # P-4475  パッチワークス</h3>
<div class=""staff_recommend""><h3>*</h3><div class=""recom_showcase""><p class=""recom_img""><img src=""http://image.rakuten.co.jp/kitcut/cabinet/recom36/rec-438270-41125.jpg"" alt=""*の画像""></p></div><p></p></div>
<div class=""staff_recommend""><h3>*</h3><div class=""recom_showcase""><p class=""recom_img""><img src=""http://image.rakuten.co.jp/kitcut/cabinet/recom36/rec-438270-41126.jpg"" alt=""*の画像""></p></div><p></p></div>
<div class=""staff_recommend""><h3>*</h3><div class=""recom_showcase""><p class=""recom_img""><img src=""http://image.rakuten.co.jp/kitcut/cabinet/recom36/rec-438270-41127.jpg"" alt=""*の画像""></p></div><p></p></div>
</div>
<!-- リコメンドここまで -->

<br>

<!-- 関連分類リンク-->
<a href=""http://item.rakuten.co.jp/kitcut/c/""><img src=""http://image.rakuten.co.jp/kitcut/cabinet/banner/kitcut/suggest-case.jpg""></a><br>
<!-- 関連分類リンクここまで--><!-- ブックマーク -->
<br><p class=""add_bookmark""><a href=""https://my.bookmark.rakuten.co.jp/?func=reg&svid=101&shop_bid=206376&iid=10075736&itype=1""><img src=""https://image.rakuten.co.jp/kitcut/cabinet/banner/kitcut/imgrc0067948711.jpg"" alt=""Last Update : 2017/05/25 9:26:59""></a></p>
<!-- ブックマークここまで --><hr>
<!-- バリエーション -->
【バリエーション】
<div class=""variation2"">
<a href=""https://item.rakuten.co.jp/kitcut/438267/""><img width=""100"" border=""0"" src=""https://image.rakuten.co.jp/kitcut/cabinet/item/35/prod-pict-438267.jpg""></a>
<a href=""https://item.rakuten.co.jp/kitcut/438268/""><img width=""100"" border=""0"" src=""https://image.rakuten.co.jp/kitcut/cabinet/item/35/prod-pict-438268.jpg""></a>
<a href=""https://item.rakuten.co.jp/kitcut/438269/""><img width=""100"" border=""0"" src=""https://image.rakuten.co.jp/kitcut/cabinet/item/35/prod-pict-438269.jpg""></a>
<a href=""https://item.rakuten.co.jp/kitcut/438270/""><img width=""100"" border=""0"" src=""https://image.rakuten.co.jp/kitcut/cabinet/item/35/prod-pict-438270.jpg""></a><br>
<font color=""gray"">[family] <a href=""http://search.rakuten.co.jp/search/inshop-mall/43826911041/-/f.1-p.1-s.2-sf.0-sid.206376-st.A-v.3"">43826911041</a></font></div>
<!-- バリエーションここまで -->
<!-- フレンド --><div class=""variation3""><p>【気になる商品】</p><img width=""100"" border=""0"" src=""http://image.rakuten.co.jp/kitcut/cabinet/item/24/prod-pict-291375.jpg""><img width=""100"" border=""0"" src=""http://image.rakuten.co.jp/kitcut/cabinet/item/31/prod-pict-431372.jpg""><img width=""100"" border=""0"" src=""http://image.rakuten.co.jp/kitcut/cabinet/item/31/prod-pict-431373.jpg""><img width=""100"" border=""0"" src=""http://image.rakuten.co.jp/kitcut/cabinet/item/31/prod-pict-431374.jpg""><img width=""100"" border=""0"" src=""http://image.rakuten.co.jp/kitcut/cabinet/item/31/prod-pict-431375.jpg""><img width=""100"" border=""0"" src=""http://image.rakuten.co.jp/kitcut/cabinet/item/31/prod-pict-431379.jpg""><img width=""100"" border=""0"" src=""http://image.rakuten.co.jp/kitcut/cabinet/item/31/prod-pict-443079.jpg""><img width=""100"" border=""0"" src=""http://image.rakuten.co.jp/kitcut/cabinet/item/31/prod-pict-443080.jpg""><img width=""100"" border=""0"" src=""http://image.rakuten.co.jp/kitcut/cabinet/item/31/prod-pict-443081.jpg""><img width=""100"" border=""0"" src=""http://image.rakuten.co.jp/kitcut/cabinet/item/31/prod-pict-443082.jpg"">            <br></div><hr><!-- フレンドここまで --><br> <!-- ネコポス文言 --><br><img src=http://image.rakuten.co.jp/kitcut/cabinet/nekopos.jpg><br><!-- ネコポス文言ここまで --><br><!-- 商品詳細 --><table class=item_explain border=0 cellspacing=0 cellpadding=0><tr><td>傷がつきにくく長持ちするアンチグレアフィルム<br>この反射防止フィルムは、マットな質感で指滑りが抜群のアンチグレアフィルムです。日常生活では充分すぎるほど傷防止コーティング等の表面コーティングが施され、高機能で長持ちする最高品質液晶保護フィルムです。<br><br>反射する光を減少させ、目に優しく疲労を抑えます。<br><br>強力な指紋防止機能、指紋防止用光学用フィルムで製作され、指紋や汚れが付きにくく拭き取りやすいです。<br><br>サラサラしたマットな質感で、抜群の指すべり具合です。<br><br>表面硬度4Hの強さで傷や衝撃から液晶を完璧に保護します。<br><br>背面保護フィルムは中央部分のアルミニウム質感を生かしたマットなフィルムを使用。<br><br><br>[仕様情報]<br>パッケージ内容<br>PET前面フィルムx1<br>背面フィルムx1<br>ほこり除去シートx1<br>クリーニングワイプx1<br>スクイージx1説明書x1<br><br>[メーカー]パッチワークス PATCHWORKS<br>[商品型番] P-4475<br>[バーコード] 8809453315509<br> <font color=""gray"">[性能] 非光沢<br>[対応] iPhone 5<br>[対応] iPhone 5s<br>[対応] iPhone SE<br>[対応S] アイフォーン アイフォン  アイホーン アイホン iPhone<br>[対応S] 非光沢 アンチグレア ノングレア つや消し マット 反射防止 艶無しタイプ つやなし つや無し </font><br></td></tr></table><br><br><!-- 商品詳細ここまで --><!--共通説明文（大）ここから-->

<table width=""800"" border=""0"" align=""center"">
  <tr>
    <td> <img src=""https://image.rakuten.co.jp/kitcut/cabinet/banner/05298098/imgrc0080334562.jpg"" width=""800px"" /></td>
  </tr>
</table>
<table width=""800"" border=""0"" align=""center"">
  <tr>
    <td> <img src=""https://image.rakuten.co.jp/kitcut/cabinet/banner/05298098/imgrc0080411111.jpg"" width=""800px"" /></td>
  </tr>
</table>

<!--横2列-->

<table width=""800"" border=""0"" align=""center"">
  <tr>
    <td> <img src=""https://image.rakuten.co.jp/kitcut/cabinet/top/05006737/imgrc0080402120.jpg"" width=""399"" /></td>
    
    <!--kickflip-->
    <td> <img src=""https://image.rakuten.co.jp/kitcut/cabinet/top/05006737/imgrc0080402031.jpg"" width=""399"" /></td>
  </tr>
</table>

<!--横2列-->

<table width=""800"" border=""0"" align=""center"">
  <tr>
    <td> <img src=""https://image.rakuten.co.jp/kitcut/cabinet/banner/05298098/imgrc0081316114.jpg"" width=""399"" /></td>
    <td> <img src=""https://image.rakuten.co.jp/kitcut/cabinet/banner/05298098/imgrc0080355902.jpg"" width=""399"" /></td>
  </tr>
</table>

<!--25周年の告知-->
<table width=""800"" border=""0"" align=""center"">
  <tr>
    <td> <img src=""http://image.rakuten.co.jp/kitcut/cabinet/banner/04802908/imgrc0073840290.jpg"" width=""399"" /></td>
    <td> <img src=""http://image.rakuten.co.jp/kitcut/cabinet/banner/04802908/imgrc0073840291.jpg"" width=""399"" /></td>
  </tr>
</table>

<!--6月5日(月)9:59まで　DEAL-->
<table width=""800"" border=""0"" align=""center"">
  <tr>
    <td> <img src=""https://image.rakuten.co.jp/kitcut/cabinet/special/imgrc0081361413.jpg"" width=""800px"" /> </td>
  </tr>
</table>

<!--6月5日(月)9:59まで　フラッシュセール-->


<table width=""800"" border=""0""align=""center"" style=""background-color:#444444; color:#F4D406; text-align: center; font-size:18px; border-radius: 5px;"" >
 <tr >
    <td colspan=""5"" ><img src=""https://image.rakuten.co.jp/kitcut/cabinet/special/imgrc0081361616.jpg"" alt="""" width=""99%"" /></td>
  </tr>
  <tr>
    <td><img src=""https://image.rakuten.co.jp/kitcut/cabinet/special/imgrc0081361618.jpg"" width=""97%"" /></td>
    <td><img src=""https://image.rakuten.co.jp/kitcut/cabinet/special/imgrc0081361617.jpg"" width=""97%"" /></td>
    <td><img src=""https://image.rakuten.co.jp/kitcut/cabinet/special/imgrc0081361619.jpg"" width=""97%"" /></td>
    <td><img src=""https://image.rakuten.co.jp/kitcut/cabinet/special/imgrc0081361620.jpg"" width=""97%"" /></td>
  </tr>
  <tr>
    <td colspan=""5"" >2017年6月1日（木）10:00～2017年6月6日（火）9:59迄</td>
  </tr>
</table>






<style type=""text/css"">

#item_attention_area {
  border: #D00 solid 2px;
}

#item_attention_area p{
  margin: 0;
  padding: 2px 5px;
  color: white;
  background-color: #D00;
}

#item_attention_area ul{
  margin:0;
  padding: 10px 15px 5px 15px;
  list-style: none;
}

#item_attention_area ul>li{
  margin-bottom: 5px;
}

@media (max-width:481px){
section table   { width: 100%; }

.item th  { width: 30%; text-align: left; }
.item td  { 
margin-bottom:10px;
display:table;
}    

@media only screen and (min-width:480px){
    .item { margin: 0 auto; }
   .item tr{
        display: block;
}
    .item th,
    .item td{
        max-width: 100%;
       display: block;
        border-top: none;
		margin-bottom:10px;	

}

</style>",[1200円OFFクーポン有][ネコポス可] PATCHWORKS 反射防止フィルム Protector for iPhone SE / 5s / 5 前面1枚&amp;  裏面1枚 # P-4475  パッチワークス (iPhone5/5s/SE 保護フィルム)：Apple専門店 キットカット,iPhone6 ケースiPhone 6 Plus ケースiPad Air 2 ケースiPad mini ケースAppleMacBook Pro ケースMacBook Air ケースbeats by dr.dreCatalystTHULEクラフトホリックiPad Pro ケースBOSEmoecoGILD designJBLヘッドホンイヤホンbluetoothスピーカー[1200円OFFクーポン有][ネコポス可] PATCHWORKS 反射防止フィルム Protector for iPhone SE / 5s / 5 前面1枚&amp;  裏面1枚 # P-4475  パッチワークス (iPhone5/5s/SE 保護フィルム),傷がつきにくく長持ちするアンチグレアフィルム。[1200円OFFクーポン有][ネコポス可] PATCHWORKS 反射防止フィルム Protector for iPhone SE / 5s / 5 前面1枚&amp;  裏面1枚 # P-4475  パッチワークス (iPhone5/5s/SE 保護フィルム)[rn]
32-93178,http://tshop.r10s.jp/kitcut/cabinet/item/35/prod-pict-438835.jpg?fitin=700:700,2574.4000,,スマートフォン・タブレット > スマートフォンアクセサリー > その他,[1200円OFFクーポン有][ネコポス可] BELKIN iPhone SE / 5s / 5 対応 強化ガラスフィルム (貼り付けキット付) # F8W719QE  ベルキン (Apple製品関連アクセサリ),日本製ガラス素材を採用した高品質強化ガラスフィルム,"<br>

<!-- 関連分類リンク-->
<a href=""http://item.rakuten.co.jp/kitcut/c/""><img src=""http://image.rakuten.co.jp/kitcut/cabinet/banner/kitcut/suggest-case.jpg""></a><br>
<!-- 関連分類リンクここまで--><!-- ブックマーク -->
<br><p class=""add_bookmark""><a href=""https://my.bookmark.rakuten.co.jp/?func=reg&svid=101&shop_bid=206376&iid=10076039&itype=1""><img src=""https://image.rakuten.co.jp/kitcut/cabinet/banner/kitcut/imgrc0067948711.jpg"" alt=""Last Update : 2017/05/25 9:27:15""></a></p>
<!-- ブックマークここまで -->
<!-- ネコポス文言 --><br>
<img src='http://image.rakuten.co.jp/kitcut/cabinet/nekopos.jpg'><br>
<!-- ネコポス文言ここまで --><br><!-- 商品詳細 -->
<table class='item_explain' border='0' cellspacing='0' cellpadding='0'>
<tr>
<td>
ベルキンより、日本製ガラス素材を採用した高品質強化ガラスフィルムが新登場。<br>
<br>
・高品質、日本製ガラス素材を採用。<br>
・表面には汚れや油分を防ぐコーティング済み。<br>
・ガラスフィルムの破損時に、ガラスの飛散を防ぐ飛散防止フィルムを内蔵。<br>
<br><br>
[メーカー]ベルキン BELKIN<br>
[商品型番] F8W719QE<br>
[バーコード] 0745883718313<br>

<font color=""gray"">
[材質] ガラス<br>[性能] ガラスフィルム<br>[性能] 光沢<br>[対応] iPhone 5s<br>[対応] iPhone 5<br>[対応] iPhone SE<br>[対応S] アイフォーン アイフォン  アイホーン アイホン iPhone
</font><br>
</td>
</tr>
</table><br><br>
<!-- 商品詳細ここまで --><!--共通説明文（大）ここから-->

<table width=""800"" border=""0"" align=""center"">
  <tr>
    <td> <img src=""https://image.rakuten.co.jp/kitcut/cabinet/banner/05298098/imgrc0080334562.jpg"" width=""800px"" /></td>
  </tr>
</table>
<table width=""800"" border=""0"" align=""center"">
  <tr>
    <td> <img src=""https://image.rakuten.co.jp/kitcut/cabinet/banner/05298098/imgrc0080411111.jpg"" width=""800px"" /></td>
  </tr>
</table>

<!--横2列-->

<table width=""800"" border=""0"" align=""center"">
  <tr>
    <td> <img src=""https://image.rakuten.co.jp/kitcut/cabinet/top/05006737/imgrc0080402120.jpg"" width=""399"" /></td>
    
    <!--kickflip-->
    <td> <img src=""https://image.rakuten.co.jp/kitcut/cabinet/top/05006737/imgrc0080402031.jpg"" width=""399"" /></td>
  </tr>
</table>

<!--横2列-->

<table width=""800"" border=""0"" align=""center"">
  <tr>
    <td> <img src=""https://image.rakuten.co.jp/kitcut/cabinet/banner/05298098/imgrc0081316114.jpg"" width=""399"" /></td>
    <td> <img src=""https://image.rakuten.co.jp/kitcut/cabinet/banner/05298098/imgrc0080355902.jpg"" width=""399"" /></td>
  </tr>
</table>

<!--25周年の告知-->
<table width=""800"" border=""0"" align=""center"">
  <tr>
    <td> <img src=""http://image.rakuten.co.jp/kitcut/cabinet/banner/04802908/imgrc0073840290.jpg"" width=""399"" /></td>
    <td> <img src=""http://image.rakuten.co.jp/kitcut/cabinet/banner/04802908/imgrc0073840291.jpg"" width=""399"" /></td>
  </tr>
</table>

<!--6月5日(月)9:59まで　DEAL-->
<table width=""800"" border=""0"" align=""center"">
  <tr>
    <td> <img src=""https://image.rakuten.co.jp/kitcut/cabinet/special/imgrc0081361413.jpg"" width=""800px"" /> </td>
  </tr>
</table>

<!--6月5日(月)9:59まで　フラッシュセール-->


<table width=""800"" border=""0""align=""center"" style=""background-color:#444444; color:#F4D406; text-align: center; font-size:18px; border-radius: 5px;"" >
 <tr >
    <td colspan=""5"" ><img src=""https://image.rakuten.co.jp/kitcut/cabinet/special/imgrc0081361616.jpg"" alt="""" width=""99%"" /></td>
  </tr>
  <tr>
    <td><img src=""https://image.rakuten.co.jp/kitcut/cabinet/special/imgrc0081361618.jpg"" width=""97%"" /></td>
    <td><img src=""https://image.rakuten.co.jp/kitcut/cabinet/special/imgrc0081361617.jpg"" width=""97%"" /></td>
    <td><img src=""https://image.rakuten.co.jp/kitcut/cabinet/special/imgrc0081361619.jpg"" width=""97%"" /></td>
    <td><img src=""https://image.rakuten.co.jp/kitcut/cabinet/special/imgrc0081361620.jpg"" width=""97%"" /></td>
  </tr>
  <tr>
    <td colspan=""5"" >2017年6月1日（木）10:00～2017年6月6日（火）9:59迄</td>
  </tr>
</table>






<style type=""text/css"">

#item_attention_area {
  border: #D00 solid 2px;
}

#item_attention_area p{
  margin: 0;
  padding: 2px 5px;
  color: white;
  background-color: #D00;
}

#item_attention_area ul{
  margin:0;
  padding: 10px 15px 5px 15px;
  list-style: none;
}

#item_attention_area ul>li{
  margin-bottom: 5px;
}

@media (max-width:481px){
section table   { width: 100%; }

.item th  { width: 30%; text-align: left; }
.item td  { 
margin-bottom:10px;
display:table;
}    

@media only screen and (min-width:480px){
    .item { margin: 0 auto; }
   .item tr{
        display: block;
}
    .item th,
    .item td{
        max-width: 100%;
       display: block;
        border-top: none;
		margin-bottom:10px;	

}

</style>",[1200円OFFクーポン有][ネコポス可] BELKIN iPhone SE / 5s / 5 対応 強化ガラスフィルム (貼り付けキット付) # F8W719QE  ベルキン (Apple製品関連アクセサリ)：Apple専門店 キットカット,iPhone6 ケースiPhone 6 Plus ケースiPad Air 2 ケースiPad mini ケースAppleMacBook Pro ケースMacBook Air ケースbeats by dr.dreCatalystTHULEクラフトホリックiPad Pro ケースBOSEmoecoGILD designJBLヘッドホンイヤホンbluetoothスピーカー[1200円OFFクーポン有][ネコポス可] BELKIN iPhone SE / 5s / 5 対応 強化ガラスフィルム (貼り付けキット付) # F8W719QE  ベルキン (Apple製品関連アクセサリ),日本製ガラス素材を採用した高品質強化ガラスフィルム。[1200円OFFクーポン有][ネコポス可] BELKIN iPhone SE / 5s / 5 対応 強化ガラスフィルム (貼り付けキット付) # F8W719QE  ベルキン (Apple製品関連アクセサリ)[rn]
32-93179,http://tshop.r10s.jp/kitcut/cabinet/item/33/prod-pict-439885.jpg?fitin=700:700,1392.0000,,スマートフォン・タブレット > スマートフォンアクセサリー > その他,[1200円OFFクーポン有][ネコポス可] Simplism iPhone SE / 5s / 5 カードポケット背面テクスチャーシート ナチュラルウッド # TR-PFIP16E-TNW  シンプリズム (Apple製品関連アクセサリ),デザインと機能を兼ね備えたテクスチャーシート,"<!-- リコメンド --><br>
<div id=""recommend_area"">
<h3>Simplism iPhone SE / 5s / 5 カードポケット背面テクスチャーシート ナチュラルウッド # TR-PFIP16E-TNW  シンプリズム</h3>
<div class=""staff_recommend""><h3>*</h3><div class=""recom_showcase""><p class=""recom_img""><img src=""http://image.rakuten.co.jp/kitcut/cabinet/recom37/rec-439878-43235.jpg"" alt=""*の画像""></p></div><p></p></div>
<div class=""staff_recommend""><h3>*</h3><div class=""recom_showcase""><p class=""recom_img""><img src=""http://image.rakuten.co.jp/kitcut/cabinet/recom37/rec-439878-43236.jpg"" alt=""*の画像""></p></div><p></p></div>
<div class=""staff_recommend""><h3>*</h3><div class=""recom_showcase""><p class=""recom_img""><img src=""http://image.rakuten.co.jp/kitcut/cabinet/recom37/rec-439878-43237.jpg"" alt=""*の画像""></p></div><p></p></div>
<div class=""staff_recommend""><h3>*</h3><div class=""recom_showcase""><p class=""recom_img""><img src=""http://image.rakuten.co.jp/kitcut/cabinet/recom37/rec-439878-43238.jpg"" alt=""*の画像""></p></div><p></p></div>
<div class=""staff_recommend""><h3>*</h3><div class=""recom_showcase""><p class=""recom_img""><img src=""http://image.rakuten.co.jp/kitcut/cabinet/recom37/rec-439878-43239.jpg"" alt=""*の画像""></p></div><p></p></div>
<div class=""staff_recommend""><h3>*</h3><div class=""recom_showcase""><p class=""recom_img""><img src=""http://image.rakuten.co.jp/kitcut/cabinet/recom37/rec-439878-43240.jpg"" alt=""*の画像""></p></div><p></p></div>
</div>
<!-- リコメンドここまで -->

<br>

<!-- 関連分類リンク-->
<a href=""http://item.rakuten.co.jp/kitcut/c/""><img src=""http://image.rakuten.co.jp/kitcut/cabinet/banner/kitcut/suggest-film.jpg""></a><br>
<!-- 関連分類リンクここまで--><!-- ブックマーク -->
<br><p class=""add_bookmark""><a href=""https://my.bookmark.rakuten.co.jp/?func=reg&svid=101&shop_bid=206376&iid=10077459&itype=1""><img src=""https://image.rakuten.co.jp/kitcut/cabinet/banner/kitcut/imgrc0067948711.jpg"" alt=""Last Update : 2017/05/25 9:27:28""></a></p>
<!-- ブックマークここまで --><hr>
<!-- バリエーション -->
【バリエーション】
<div class=""variation2"">
<a href=""https://item.rakuten.co.jp/kitcut/439878/""><img width=""100"" border=""0"" src=""https://image.rakuten.co.jp/kitcut/cabinet/item/33/prod-pict-439878.jpg""></a>
<a href=""https://item.rakuten.co.jp/kitcut/439879/""><img width=""100"" border=""0"" src=""https://image.rakuten.co.jp/kitcut/cabinet/item/33/prod-pict-439879.jpg""></a>
<a href=""https://item.rakuten.co.jp/kitcut/439880/""><img width=""100"" border=""0"" src=""https://image.rakuten.co.jp/kitcut/cabinet/item/33/prod-pict-439880.jpg""></a>
<a href=""https://item.rakuten.co.jp/kitcut/439881/""><img width=""100"" border=""0"" src=""https://image.rakuten.co.jp/kitcut/cabinet/item/33/prod-pict-439881.jpg""></a>
<a href=""https://item.rakuten.co.jp/kitcut/439882/""><img width=""100"" border=""0"" src=""https://image.rakuten.co.jp/kitcut/cabinet/item/33/prod-pict-439882.jpg""></a>
<a href=""https://item.rakuten.co.jp/kitcut/439883/""><img width=""100"" border=""0"" src=""https://image.rakuten.co.jp/kitcut/cabinet/item/33/prod-pict-439883.jpg""></a>
<a href=""https://item.rakuten.co.jp/kitcut/439884/""><img width=""100"" border=""0"" src=""https://image.rakuten.co.jp/kitcut/cabinet/item/33/prod-pict-439884.jpg""></a>
<a href=""https://item.rakuten.co.jp/kitcut/439885/""><img width=""100"" border=""0"" src=""https://image.rakuten.co.jp/kitcut/cabinet/item/33/prod-pict-439885.jpg""></a><br>
<font color=""gray"">[family] <a href=""http://search.rakuten.co.jp/search/inshop-mall/43988577231/-/f.1-p.1-s.2-sf.0-sid.206376-st.A-v.3"">43988577231</a></font></div>
<!-- バリエーションここまで -->
<!-- 注意事項 -->
<div id=""item_attention_area"">
  <p>ご注意ください</p>
  <ul>
    <li>※ 繰り返し使用することはできません。中のパーツが折れてしまう可能性があります。   </li>
    <li>   </li>
  </ul>
</div>
<!-- 注意事項ここまで -->

<!-- ネコポス文言 --><br>
<img src='http://image.rakuten.co.jp/kitcut/cabinet/nekopos.jpg'><br>
<!-- ネコポス文言ここまで --><br><!-- 商品詳細 -->
<table class='item_explain' border='0' cellspacing='0' cellpadding='0'>
<tr>
<td>
IC カードが1枚入る背面テクスチャーシート<br>
傷や汚れから iPhone を守り、手軽にドレスアップ<br>
<br>
・ カードが1枚入るカードポケット<br>
・ 防磁シート内蔵で IC カードを入れたまま改札を通過可能<br>
・ IC カードを置くだけでチャージするタイプの券売機に対応<br>
・ 3 種類のこだわりテクスチャー素材<br>
・ iPhone 背面を傷や汚れから守りながらドレスアップ<br>
<br>
【特徴】<br>
■ デザインと機能を兼ね備えたテクスチャーシート<br>
Simplism Rear Card Pocket Texture Sheet for iPhone SE / 5s / 5 (カードポケット背面テクスチャーシート) は、こだわりのテクスチャー生地を使用した背面シートです。<br>
貼ることで iPhone の背面を傷や汚れから守りつつ、気軽にドレスアップできます。<br>
<br>
カードポケットがついており、IC カードやクレジットカードを1枚挿入可能です。<br>
カードポケットにカードを入れないときは、付属の紙カードを挿入しておけば、ポケットが凹むことなく背面をフラットに保つことができます。<br>
<br>
■ IC カードを入れたまま改札を通過可能<br>
カードポケットには防磁シートが内蔵されているので IC カードを取り出さずにそのまま改札を通過することができます。<br>
また、IC カードを置くだけでチャージするタイプの券売機にも対応します。<br>
※ IC カード読み取り端末により、読み取り強度が異なる場合があります。<br>
IC カードの読み取りが適切に行なわれない場合は、カードポケットから IC カードを取り出してご使用ください。<br>
<br>
■ 選べる3種類のこだわりテクスチャー生地<br>
・Premium Skin (TM) (プレミアムスキン)<br>
質感と色味を追求した Simplism オリジナルの PU 生地です。<br>
染色の濃淡による奥行きや自然なシボ感、絶妙な色合いを表現しています。<br>
<br>
・Ultrasuede (R) (ウルトラスエード)<br>
東レの最先端繊維技術で作られた、水性の液体や汚れに強いウルトラスエード。<br>
上質のスエードのようなやわらかな風合と手触りを感じる仕上げです。<br>
<br>
・Tennage (R) (テナージュ)<br>
本物の木を薄くスライスして特殊な強化加工を施したテナージュ。<br>
木目の美しさとぬくもりを感じる仕上げです。<br>
<br>
※ 関西地方などの一部改札では読み取り強度が異なるため、IC カードの取り出しが必要となる場合があります。<br>
　カードの読み取りが適切に行なわれない場合は、一度カードポケットからカードを取り出してご使用ください。<br>
<br>
[仕様情報]<br>
製品サイズ : 56.7 x 121 x 2.4 ～ 2.9 mm (W x H x D)<br>
製品重量 : 13 ～ 14g<br>
パッケージサイズ : 85 x 196 x 3 mm (W x H x D)<br>
パッケージ重量 : 27 ～ 28 g<br>
<br><br>
[メーカー]シンプリズム Simplism<br>
[商品型番] TR-PFIP16E-TNW<br>
[バーコード] 4582269481845<br>

<font color=""gray"">
[材質] 木製<br>[色] ベージュ<br>[性能] デザインフィルム<br>[性能] ICカード対応<br>[性能] カードホルダー<br>[対応] iPhone 5<br>[対応] iPhone 5s<br>[対応] iPhone SE<br>[対応S] アイフォーン アイフォン  アイホーン アイホン iPhone
</font><br>
</td>
</tr>
</table><br><br>
<!-- 商品詳細ここまで --><!--共通説明文（大）ここから-->

<table width=""800"" border=""0"" align=""center"">
  <tr>
    <td> <img src=""https://image.rakuten.co.jp/kitcut/cabinet/banner/05298098/imgrc0080334562.jpg"" width=""800px"" /></td>
  </tr>
</table>
<table width=""800"" border=""0"" align=""center"">
  <tr>
    <td> <img src=""https://image.rakuten.co.jp/kitcut/cabinet/banner/05298098/imgrc0080411111.jpg"" width=""800px"" /></td>
  </tr>
</table>

<!--横2列-->

<table width=""800"" border=""0"" align=""center"">
  <tr>
    <td> <img src=""https://image.rakuten.co.jp/kitcut/cabinet/top/05006737/imgrc0080402120.jpg"" width=""399"" /></td>
    
    <!--kickflip-->
    <td> <img src=""https://image.rakuten.co.jp/kitcut/cabinet/top/05006737/imgrc0080402031.jpg"" width=""399"" /></td>
  </tr>
</table>

<!--横2列-->

<table width=""800"" border=""0"" align=""center"">
  <tr>
    <td> <img src=""https://image.rakuten.co.jp/kitcut/cabinet/banner/05298098/imgrc0081316114.jpg"" width=""399"" /></td>
    <td> <img src=""https://image.rakuten.co.jp/kitcut/cabinet/banner/05298098/imgrc0080355902.jpg"" width=""399"" /></td>
  </tr>
</table>

<!--25周年の告知-->
<table width=""800"" border=""0"" align=""center"">
  <tr>
    <td> <img src=""http://image.rakuten.co.jp/kitcut/cabinet/banner/04802908/imgrc0073840290.jpg"" width=""399"" /></td>
    <td> <img src=""http://image.rakuten.co.jp/kitcut/cabinet/banner/04802908/imgrc0073840291.jpg"" width=""399"" /></td>
  </tr>
</table>

<!--6月5日(月)9:59まで　DEAL-->
<table width=""800"" border=""0"" align=""center"">
  <tr>
    <td> <img src=""https://image.rakuten.co.jp/kitcut/cabinet/special/imgrc0081361413.jpg"" width=""800px"" /> </td>
  </tr>
</table>

<!--6月5日(月)9:59まで　フラッシュセール-->


<table width=""800"" border=""0""align=""center"" style=""background-color:#444444; color:#F4D406; text-align: center; font-size:18px; border-radius: 5px;"" >
 <tr >
    <td colspan=""5"" ><img src=""https://image.rakuten.co.jp/kitcut/cabinet/special/imgrc0081361616.jpg"" alt="""" width=""99%"" /></td>
  </tr>
  <tr>
    <td><img src=""https://image.rakuten.co.jp/kitcut/cabinet/special/imgrc0081361618.jpg"" width=""97%"" /></td>
    <td><img src=""https://image.rakuten.co.jp/kitcut/cabinet/special/imgrc0081361617.jpg"" width=""97%"" /></td>
    <td><img src=""https://image.rakuten.co.jp/kitcut/cabinet/special/imgrc0081361619.jpg"" width=""97%"" /></td>
    <td><img src=""https://image.rakuten.co.jp/kitcut/cabinet/special/imgrc0081361620.jpg"" width=""97%"" /></td>
  </tr>
  <tr>
    <td colspan=""5"" >2017年6月1日（木）10:00～2017年6月6日（火）9:59迄</td>
  </tr>
</table>






<style type=""text/css"">

#item_attention_area {
  border: #D00 solid 2px;
}

#item_attention_area p{
  margin: 0;
  padding: 2px 5px;
  color: white;
  background-color: #D00;
}

#item_attention_area ul{
  margin:0;
  padding: 10px 15px 5px 15px;
  list-style: none;
}

#item_attention_area ul>li{
  margin-bottom: 5px;
}

@media (max-width:481px){
section table   { width: 100%; }

.item th  { width: 30%; text-align: left; }
.item td  { 
margin-bottom:10px;
display:table;
}    

@media only screen and (min-width:480px){
    .item { margin: 0 auto; }
   .item tr{
        display: block;
}
    .item th,
    .item td{
        max-width: 100%;
       display: block;
        border-top: none;
		margin-bottom:10px;	

}

</style>",[1200円OFFクーポン有][ネコポス可] Simplism iPhone SE / 5s / 5 カードポケット背面テクスチャーシート ナチュラルウッド # TR-PFIP16E-TNW  シンプリズム (Apple製品関連アクセサリ)：Apple専門店 キットカット,iPhone6 ケースiPhone 6 Plus ケースiPad Air 2 ケースiPad mini ケースAppleMacBook Pro ケースMacBook Air ケースbeats by dr.dreCatalystTHULEクラフトホリックiPad Pro ケースBOSEmoecoGILD designJBLヘッドホンイヤホンbluetoothスピーカー[1200円OFFクーポン有][ネコポス可] Simplism iPhone SE / 5s / 5 カードポケット背面テクスチャーシート ナチュラルウッド # TR-PFIP16E-TNW  シンプリズム (Apple製品関連アクセサリ),デザインと機能を兼ね備えたテクスチャーシート。[1200円OFFクーポン有][ネコポス可] Simplism iPhone SE / 5s / 5 カードポケット背面テクスチャーシート ナチュラルウッド # TR-PFIP16E-TNW  シンプリズム (Apple製品関連アクセサリ)[rn]
32-93180,http://tshop.r10s.jp/kitcut/cabinet/item/35/prod-pict-437163.jpg?fitin=700:700,648.0000,,スマートフォン・タブレット > スマートフォンアクセサリー > その他,[1200円OFFクーポン有][ネコポス可] Ray Out iPhone SE / 5s / 5 背面保護フィルム TPU 光沢 # RT-P11SF/WB1  レイアウト (iPhone5/5s/SE 保護フィルム),背面をしっかり保護!TPU素材で分割なしの１枚ものフィルム,"<br>

<!-- 関連分類リンク-->
<a href=""http://item.rakuten.co.jp/kitcut/c/""><img src=""http://image.rakuten.co.jp/kitcut/cabinet/banner/kitcut/suggest-case.jpg""></a><br>
<!-- 関連分類リンクここまで--><!-- ブックマーク -->
<br><p class=""add_bookmark""><a href=""https://my.bookmark.rakuten.co.jp/?func=reg&svid=101&shop_bid=206376&iid=10075496&itype=1""><img src=""https://image.rakuten.co.jp/kitcut/cabinet/banner/kitcut/imgrc0067948711.jpg"" alt=""Last Update : 2017/05/25 9:26:52""></a></p>
<!-- ブックマークここまで -->
<!-- ネコポス文言 --><br><img src=http://image.rakuten.co.jp/kitcut/cabinet/nekopos.jpg><br><!-- ネコポス文言ここまで --><br><!-- 商品詳細 --><table class=item_explain border=0 cellspacing=0 cellpadding=0><tr><td>背面をしっかり保護!TPU素材で分割なしの１枚ものフィルム<br><br>・ TPU素材<br>TPU素材特有の弾力性で端末背面をしっかり保護します。PET素材のように分割してフィルムを作る必要がないので、貼付の際の煩わしさや位置ズレの心配もありません。<br><br>・ 高い透明度<br>透過度がとても高く背面保護フィルムを貼っていることを感じさせないほどです。<br><br>・ 簡単貼りつけ「Quick Scope」付き!<br>ぴったり貼れる!新開発貼り付けキット「Quick Scope」付き! 狙った場所は外さない!液晶フィルム貼り付けがとても楽に行えます。 (特許申請中)<br><br><br>[仕様情報]<br>材質 : シリコン膜(液晶保護フィルム吸着面)<br>　　　PET(液晶保護フィルム表面)<br>製品内容 : 背面保護フィルム TPU 光沢<br>　　　　　クロス<br><br>[メーカー]レイアウト Ray Out<br>[商品型番] RT-P11SF/WB1<br>[バーコード] 4562356992997<br> <font color=""gray"">[性能] 光沢<br>[対応] iPhone 5<br>[対応] iPhone 5s<br>[対応] iPhone SE<br>[対応S] アイフォーン アイフォン  アイホーン アイホン iPhone </font><br></td></tr></table><br><br><!-- 商品詳細ここまで --><!--共通説明文（大）ここから-->

<table width=""800"" border=""0"" align=""center"">
  <tr>
    <td> <img src=""https://image.rakuten.co.jp/kitcut/cabinet/banner/05298098/imgrc0080334562.jpg"" width=""800px"" /></td>
  </tr>
</table>
<table width=""800"" border=""0"" align=""center"">
  <tr>
    <td> <img src=""https://image.rakuten.co.jp/kitcut/cabinet/banner/05298098/imgrc0080411111.jpg"" width=""800px"" /></td>
  </tr>
</table>

<!--横2列-->

<table width=""800"" border=""0"" align=""center"">
  <tr>
    <td> <img src=""https://image.rakuten.co.jp/kitcut/cabinet/top/05006737/imgrc0080402120.jpg"" width=""399"" /></td>
    
    <!--kickflip-->
    <td> <img src=""https://image.rakuten.co.jp/kitcut/cabinet/top/05006737/imgrc0080402031.jpg"" width=""399"" /></td>
  </tr>
</table>

<!--横2列-->

<table width=""800"" border=""0"" align=""center"">
  <tr>
    <td> <img src=""https://image.rakuten.co.jp/kitcut/cabinet/banner/05298098/imgrc0081316114.jpg"" width=""399"" /></td>
    <td> <img src=""https://image.rakuten.co.jp/kitcut/cabinet/banner/05298098/imgrc0080355902.jpg"" width=""399"" /></td>
  </tr>
</table>

<!--25周年の告知-->
<table width=""800"" border=""0"" align=""center"">
  <tr>
    <td> <img src=""http://image.rakuten.co.jp/kitcut/cabinet/banner/04802908/imgrc0073840290.jpg"" width=""399"" /></td>
    <td> <img src=""http://image.rakuten.co.jp/kitcut/cabinet/banner/04802908/imgrc0073840291.jpg"" width=""399"" /></td>
  </tr>
</table>

<!--6月5日(月)9:59まで　DEAL-->
<table width=""800"" border=""0"" align=""center"">
  <tr>
    <td> <img src=""https://image.rakuten.co.jp/kitcut/cabinet/special/imgrc0081361413.jpg"" width=""800px"" /> </td>
  </tr>
</table>

<!--6月5日(月)9:59まで　フラッシュセール-->


<table width=""800"" border=""0""align=""center"" style=""background-color:#444444; color:#F4D406; text-align: center; font-size:18px; border-radius: 5px;"" >
 <tr >
    <td colspan=""5"" ><img src=""https://image.rakuten.co.jp/kitcut/cabinet/special/imgrc0081361616.jpg"" alt="""" width=""99%"" /></td>
  </tr>
  <tr>
    <td><img src=""https://image.rakuten.co.jp/kitcut/cabinet/special/imgrc0081361618.jpg"" width=""97%"" /></td>
    <td><img src=""https://image.rakuten.co.jp/kitcut/cabinet/special/imgrc0081361617.jpg"" width=""97%"" /></td>
    <td><img src=""https://image.rakuten.co.jp/kitcut/cabinet/special/imgrc0081361619.jpg"" width=""97%"" /></td>
    <td><img src=""https://image.rakuten.co.jp/kitcut/cabinet/special/imgrc0081361620.jpg"" width=""97%"" /></td>
  </tr>
  <tr>
    <td colspan=""5"" >2017年6月1日（木）10:00～2017年6月6日（火）9:59迄</td>
  </tr>
</table>






<style type=""text/css"">

#item_attention_area {
  border: #D00 solid 2px;
}

#item_attention_area p{
  margin: 0;
  padding: 2px 5px;
  color: white;
  background-color: #D00;
}

#item_attention_area ul{
  margin:0;
  padding: 10px 15px 5px 15px;
  list-style: none;
}

#item_attention_area ul>li{
  margin-bottom: 5px;
}

@media (max-width:481px){
section table   { width: 100%; }

.item th  { width: 30%; text-align: left; }
.item td  { 
margin-bottom:10px;
display:table;
}    

@media only screen and (min-width:480px){
    .item { margin: 0 auto; }
   .item tr{
        display: block;
}
    .item th,
    .item td{
        max-width: 100%;
       display: block;
        border-top: none;
		margin-bottom:10px;	

}

</style>",[1200円OFFクーポン有][ネコポス可] Ray Out iPhone SE / 5s / 5 背面保護フィルム TPU 光沢 # RT-P11SF/WB1  レイアウト (iPhone5/5s/SE 保護フィルム)：Apple専門店 キットカット,iPhone6 ケースiPhone 6 Plus ケースiPad Air 2 ケースiPad mini ケースAppleMacBook Pro ケースMacBook Air ケースbeats by dr.dreCatalystTHULEクラフトホリックiPad Pro ケースBOSEmoecoGILD designJBLヘッドホンイヤホンbluetoothスピーカー[1200円OFFクーポン有][ネコポス可] Ray Out iPhone SE / 5s / 5 背面保護フィルム TPU 光沢 # RT-P11SF/WB1  レイアウト (iPhone5/5s/SE 保護フィルム),背面をしっかり保護!TPU素材で分割なしの１枚ものフィルム。[1200円OFFクーポン有][ネコポス可] Ray Out iPhone SE / 5s / 5 背面保護フィルム TPU 光沢 # RT-P11SF/WB1  レイアウト (iPhone5/5s/SE 保護フィルム)[rn]
32-93181,http://tshop.r10s.jp/kitcut/cabinet/item/33/prod-pict-439882.jpg?fitin=700:700,1240.0000,,スマートフォン・タブレット > スマートフォンアクセサリー > その他,[1200円OFFクーポン有][ネコポス可] Simplism iPhone SE / 5s / 5 カードポケット背面テクスチャーシート スエードホワイト # TR-PFIP16E-TSW  シンプリズム (Apple製品関連アクセサリ),デザインと機能を兼ね備えたテクスチャーシート,"<!-- リコメンド --><br>
<div id=""recommend_area"">
<h3>Simplism iPhone SE / 5s / 5 カードポケット背面テクスチャーシート スエードホワイト # TR-PFIP16E-TSW  シンプリズム</h3>
<div class=""staff_recommend""><h3>*</h3><div class=""recom_showcase""><p class=""recom_img""><img src=""http://image.rakuten.co.jp/kitcut/cabinet/recom37/rec-439878-43235.jpg"" alt=""*の画像""></p></div><p></p></div>
<div class=""staff_recommend""><h3>*</h3><div class=""recom_showcase""><p class=""recom_img""><img src=""http://image.rakuten.co.jp/kitcut/cabinet/recom37/rec-439878-43236.jpg"" alt=""*の画像""></p></div><p></p></div>
<div class=""staff_recommend""><h3>*</h3><div class=""recom_showcase""><p class=""recom_img""><img src=""http://image.rakuten.co.jp/kitcut/cabinet/recom37/rec-439878-43237.jpg"" alt=""*の画像""></p></div><p></p></div>
<div class=""staff_recommend""><h3>*</h3><div class=""recom_showcase""><p class=""recom_img""><img src=""http://image.rakuten.co.jp/kitcut/cabinet/recom37/rec-439878-43238.jpg"" alt=""*の画像""></p></div><p></p></div>
<div class=""staff_recommend""><h3>*</h3><div class=""recom_showcase""><p class=""recom_img""><img src=""http://image.rakuten.co.jp/kitcut/cabinet/recom37/rec-439878-43239.jpg"" alt=""*の画像""></p></div><p></p></div>
<div class=""staff_recommend""><h3>*</h3><div class=""recom_showcase""><p class=""recom_img""><img src=""http://image.rakuten.co.jp/kitcut/cabinet/recom37/rec-439878-43240.jpg"" alt=""*の画像""></p></div><p></p></div>
</div>
<!-- リコメンドここまで -->

<br>

<!-- 関連分類リンク-->
<a href=""http://item.rakuten.co.jp/kitcut/c/""><img src=""http://image.rakuten.co.jp/kitcut/cabinet/banner/kitcut/suggest-film.jpg""></a><br>
<!-- 関連分類リンクここまで--><!-- ブックマーク -->
<br><p class=""add_bookmark""><a href=""https://my.bookmark.rakuten.co.jp/?func=reg&svid=101&shop_bid=206376&iid=10077456&itype=1""><img src=""https://image.rakuten.co.jp/kitcut/cabinet/banner/kitcut/imgrc0067948711.jpg"" alt=""Last Update : 2017/05/25 9:27:28""></a></p>
<!-- ブックマークここまで --><hr>
<!-- バリエーション -->
【バリエーション】
<div class=""variation2"">
<a href=""https://item.rakuten.co.jp/kitcut/439878/""><img width=""100"" border=""0"" src=""https://image.rakuten.co.jp/kitcut/cabinet/item/33/prod-pict-439878.jpg""></a>
<a href=""https://item.rakuten.co.jp/kitcut/439879/""><img width=""100"" border=""0"" src=""https://image.rakuten.co.jp/kitcut/cabinet/item/33/prod-pict-439879.jpg""></a>
<a href=""https://item.rakuten.co.jp/kitcut/439880/""><img width=""100"" border=""0"" src=""https://image.rakuten.co.jp/kitcut/cabinet/item/33/prod-pict-439880.jpg""></a>
<a href=""https://item.rakuten.co.jp/kitcut/439881/""><img width=""100"" border=""0"" src=""https://image.rakuten.co.jp/kitcut/cabinet/item/33/prod-pict-439881.jpg""></a>
<a href=""https://item.rakuten.co.jp/kitcut/439882/""><img width=""100"" border=""0"" src=""https://image.rakuten.co.jp/kitcut/cabinet/item/33/prod-pict-439882.jpg""></a>
<a href=""https://item.rakuten.co.jp/kitcut/439883/""><img width=""100"" border=""0"" src=""https://image.rakuten.co.jp/kitcut/cabinet/item/33/prod-pict-439883.jpg""></a>
<a href=""https://item.rakuten.co.jp/kitcut/439884/""><img width=""100"" border=""0"" src=""https://image.rakuten.co.jp/kitcut/cabinet/item/33/prod-pict-439884.jpg""></a>
<a href=""https://item.rakuten.co.jp/kitcut/439885/""><img width=""100"" border=""0"" src=""https://image.rakuten.co.jp/kitcut/cabinet/item/33/prod-pict-439885.jpg""></a><br>
<font color=""gray"">[family] <a href=""http://search.rakuten.co.jp/search/inshop-mall/43988577231/-/f.1-p.1-s.2-sf.0-sid.206376-st.A-v.3"">43988577231</a></font></div>
<!-- バリエーションここまで -->
<!-- 注意事項 -->
<div id=""item_attention_area"">
  <p>ご注意ください</p>
  <ul>
    <li>※ 繰り返し使用することはできません。中のパーツが折れてしまう可能性があります。   </li>
    <li>   </li>
  </ul>
</div>
<!-- 注意事項ここまで -->

<!-- ネコポス文言 --><br>
<img src='http://image.rakuten.co.jp/kitcut/cabinet/nekopos.jpg'><br>
<!-- ネコポス文言ここまで --><br><!-- 商品詳細 -->
<table class='item_explain' border='0' cellspacing='0' cellpadding='0'>
<tr>
<td>
IC カードが1枚入る背面テクスチャーシート<br>
傷や汚れから iPhone を守り、手軽にドレスアップ<br>
<br>
・ カードが1枚入るカードポケット<br>
・ 防磁シート内蔵で IC カードを入れたまま改札を通過可能<br>
・ IC カードを置くだけでチャージするタイプの券売機に対応<br>
・ 3 種類のこだわりテクスチャー素材<br>
・ iPhone 背面を傷や汚れから守りながらドレスアップ<br>
<br>
【特徴】<br>
■ デザインと機能を兼ね備えたテクスチャーシート<br>
Simplism Rear Card Pocket Texture Sheet for iPhone SE / 5s / 5 (カードポケット背面テクスチャーシート) は、こだわりのテクスチャー生地を使用した背面シートです。<br>
貼ることで iPhone の背面を傷や汚れから守りつつ、気軽にドレスアップできます。<br>
<br>
カードポケットがついており、IC カードやクレジットカードを1枚挿入可能です。<br>
カードポケットにカードを入れないときは、付属の紙カードを挿入しておけば、ポケットが凹むことなく背面をフラットに保つことができます。<br>
<br>
■ IC カードを入れたまま改札を通過可能<br>
カードポケットには防磁シートが内蔵されているので IC カードを取り出さずにそのまま改札を通過することができます。<br>
また、IC カードを置くだけでチャージするタイプの券売機にも対応します。<br>
※ IC カード読み取り端末により、読み取り強度が異なる場合があります。<br>
IC カードの読み取りが適切に行なわれない場合は、カードポケットから IC カードを取り出してご使用ください。<br>
<br>
■ 選べる3種類のこだわりテクスチャー生地<br>
・Premium Skin (TM) (プレミアムスキン)<br>
質感と色味を追求した Simplism オリジナルの PU 生地です。<br>
染色の濃淡による奥行きや自然なシボ感、絶妙な色合いを表現しています。<br>
<br>
・Ultrasuede (R) (ウルトラスエード)<br>
東レの最先端繊維技術で作られた、水性の液体や汚れに強いウルトラスエード。<br>
上質のスエードのようなやわらかな風合と手触りを感じる仕上げです。<br>
<br>
・Tennage (R) (テナージュ)<br>
本物の木を薄くスライスして特殊な強化加工を施したテナージュ。<br>
木目の美しさとぬくもりを感じる仕上げです。<br>
<br>
※ 関西地方などの一部改札では読み取り強度が異なるため、IC カードの取り出しが必要となる場合があります。<br>
　カードの読み取りが適切に行なわれない場合は、一度カードポケットからカードを取り出してご使用ください。<br>
<br>
[仕様情報]<br>
製品サイズ : 56.7 x 121 x 2.4 ～ 2.9 mm (W x H x D)<br>
製品重量 : 13 ～ 14g<br>
パッケージサイズ : 85 x 196 x 3 mm (W x H x D)<br>
パッケージ重量 : 27 ～ 28 g<br>
<br><br>
[メーカー]シンプリズム Simplism<br>
[商品型番] TR-PFIP16E-TSW<br>
[バーコード] 4582269481814<br>

<font color=""gray"">
[材質] スエード<br>[材質] 合成皮革<br>[色] ホワイト<br>[性能] デザインフィルム<br>[性能] ICカード対応<br>[性能] カードホルダー<br>[対応] iPhone 5<br>[対応] iPhone 5s<br>[対応] iPhone SE<br>[対応S] アイフォーン アイフォン  アイホーン アイホン iPhone
</font><br>
</td>
</tr>
</table><br><br>
<!-- 商品詳細ここまで --><!--共通説明文（大）ここから-->

<table width=""800"" border=""0"" align=""center"">
  <tr>
    <td> <img src=""https://image.rakuten.co.jp/kitcut/cabinet/banner/05298098/imgrc0080334562.jpg"" width=""800px"" /></td>
  </tr>
</table>
<table width=""800"" border=""0"" align=""center"">
  <tr>
    <td> <img src=""https://image.rakuten.co.jp/kitcut/cabinet/banner/05298098/imgrc0080411111.jpg"" width=""800px"" /></td>
  </tr>
</table>

<!--横2列-->

<table width=""800"" border=""0"" align=""center"">
  <tr>
    <td> <img src=""https://image.rakuten.co.jp/kitcut/cabinet/top/05006737/imgrc0080402120.jpg"" width=""399"" /></td>
    
    <!--kickflip-->
    <td> <img src=""https://image.rakuten.co.jp/kitcut/cabinet/top/05006737/imgrc0080402031.jpg"" width=""399"" /></td>
  </tr>
</table>

<!--横2列-->

<table width=""800"" border=""0"" align=""center"">
  <tr>
    <td> <img src=""https://image.rakuten.co.jp/kitcut/cabinet/banner/05298098/imgrc0081316114.jpg"" width=""399"" /></td>
    <td> <img src=""https://image.rakuten.co.jp/kitcut/cabinet/banner/05298098/imgrc0080355902.jpg"" width=""399"" /></td>
  </tr>
</table>

<!--25周年の告知-->
<table width=""800"" border=""0"" align=""center"">
  <tr>
    <td> <img src=""http://image.rakuten.co.jp/kitcut/cabinet/banner/04802908/imgrc0073840290.jpg"" width=""399"" /></td>
    <td> <img src=""http://image.rakuten.co.jp/kitcut/cabinet/banner/04802908/imgrc0073840291.jpg"" width=""399"" /></td>
  </tr>
</table>

<!--6月5日(月)9:59まで　DEAL-->
<table width=""800"" border=""0"" align=""center"">
  <tr>
    <td> <img src=""https://image.rakuten.co.jp/kitcut/cabinet/special/imgrc0081361413.jpg"" width=""800px"" /> </td>
  </tr>
</table>

<!--6月5日(月)9:59まで　フラッシュセール-->


<table width=""800"" border=""0""align=""center"" style=""background-color:#444444; color:#F4D406; text-align: center; font-size:18px; border-radius: 5px;"" >
 <tr >
    <td colspan=""5"" ><img src=""https://image.rakuten.co.jp/kitcut/cabinet/special/imgrc0081361616.jpg"" alt="""" width=""99%"" /></td>
  </tr>
  <tr>
    <td><img src=""https://image.rakuten.co.jp/kitcut/cabinet/special/imgrc0081361618.jpg"" width=""97%"" /></td>
    <td><img src=""https://image.rakuten.co.jp/kitcut/cabinet/special/imgrc0081361617.jpg"" width=""97%"" /></td>
    <td><img src=""https://image.rakuten.co.jp/kitcut/cabinet/special/imgrc0081361619.jpg"" width=""97%"" /></td>
    <td><img src=""https://image.rakuten.co.jp/kitcut/cabinet/special/imgrc0081361620.jpg"" width=""97%"" /></td>
  </tr>
  <tr>
    <td colspan=""5"" >2017年6月1日（木）10:00～2017年6月6日（火）9:59迄</td>
  </tr>
</table>






<style type=""text/css"">

#item_attention_area {
  border: #D00 solid 2px;
}

#item_attention_area p{
  margin: 0;
  padding: 2px 5px;
  color: white;
  background-color: #D00;
}

#item_attention_area ul{
  margin:0;
  padding: 10px 15px 5px 15px;
  list-style: none;
}

#item_attention_area ul>li{
  margin-bottom: 5px;
}

@media (max-width:481px){
section table   { width: 100%; }

.item th  { width: 30%; text-align: left; }
.item td  { 
margin-bottom:10px;
display:table;
}    

@media only screen and (min-width:480px){
    .item { margin: 0 auto; }
   .item tr{
        display: block;
}
    .item th,
    .item td{
        max-width: 100%;
       display: block;
        border-top: none;
		margin-bottom:10px;	

}

</style>",[1200円OFFクーポン有][ネコポス可] Simplism iPhone SE / 5s / 5 カードポケット背面テクスチャーシート スエードホワイト # TR-PFIP16E-TSW  シンプリズム (Apple製品関連アクセサリ)：Apple専門店 キットカット,iPhone6 ケースiPhone 6 Plus ケースiPad Air 2 ケースiPad mini ケースAppleMacBook Pro ケースMacBook Air ケースbeats by dr.dreCatalystTHULEクラフトホリックiPad Pro ケースBOSEmoecoGILD designJBLヘッドホンイヤホンbluetoothスピーカー[1200円OFFクーポン有][ネコポス可] Simplism iPhone SE / 5s / 5 カードポケット背面テクスチャーシート スエードホワイト # TR-PFIP16E-TSW  シンプリズム (Apple製品関連アクセサリ),デザインと機能を兼ね備えたテクスチャーシート。[1200円OFFクーポン有][ネコポス可] Simplism iPhone SE / 5s / 5 カードポケット背面テクスチャーシート スエードホワイト # TR-PFIP16E-TSW  シンプリズム (Apple製品関連アクセサリ)[rn]
32-93182,http://tshop.r10s.jp/kitcut/cabinet/item/32/prod-pict-432852.jpg?fitin=700:700,840.0000,,スマートフォン・タブレット > スマートフォンアクセサリー > その他,[1200円OFFクーポン有][ネコポス可] Ray Out 高光沢タイプ/5H耐衝撃・光沢・防指紋アクリルコートフィルム 1枚入 for iPhone 5 / 5s / 5c / SE # RT-P5SFT/Q1  レイアウト (Apple製品関連アクセサリ),通常のフィルムの約2倍近い鉛筆硬度5H,"<br>

<!-- 関連分類リンク-->
<a href=""http://item.rakuten.co.jp/kitcut/c/""><img src=""http://image.rakuten.co.jp/kitcut/cabinet/banner/kitcut/suggest-case.jpg""></a><br>
<!-- 関連分類リンクここまで--><!-- ブックマーク -->
<br><p class=""add_bookmark""><a href=""https://my.bookmark.rakuten.co.jp/?func=reg&svid=101&shop_bid=206376&iid=10070146&itype=1""><img src=""https://image.rakuten.co.jp/kitcut/cabinet/banner/kitcut/imgrc0067948711.jpg"" alt=""Last Update : 2017/05/25 9:25:40""></a></p>
<!-- ブックマークここまで --><hr>
<!-- バリエーション -->
【バリエーション】
<div class=""variation2"">
<a href=""https://item.rakuten.co.jp/kitcut/432851/""><img width=""100"" border=""0"" src=""https://image.rakuten.co.jp/kitcut/cabinet/item/32/prod-pict-432851.jpg""></a>
<a href=""https://item.rakuten.co.jp/kitcut/432852/""><img width=""100"" border=""0"" src=""https://image.rakuten.co.jp/kitcut/cabinet/item/32/prod-pict-432852.jpg""></a>
<a href=""https://item.rakuten.co.jp/kitcut/432853/""><img width=""100"" border=""0"" src=""https://image.rakuten.co.jp/kitcut/cabinet/item/32/prod-pict-432853.jpg""></a><br>
<font color=""gray"">[family] <a href=""http://search.rakuten.co.jp/search/inshop-mall/43285120511/-/f.1-p.1-s.2-sf.0-sid.206376-st.A-v.3"">43285120511</a></font></div>
<!-- バリエーションここまで -->
<!-- ネコポス文言 --><br>
<img src='http://image.rakuten.co.jp/kitcut/cabinet/nekopos.jpg'><br>
<!-- ネコポス文言ここまで --><br><!-- 商品詳細 -->
<table class='item_explain' border='0' cellspacing='0' cellpadding='0'>
<tr>
<td>
iPhone 5/5s 用液晶保護フィルム<br>
<br>
・通常のフィルムの約2倍近い鉛筆硬度5Hをほこるアクリルコートの液晶保護フィルムです。ガラスフィルムよりも優れた柔軟性が特徴で、貼り直しの際、フィルムを割る心配がありません。<br>
<br>
・耐衝撃加工で端末への衝撃を軽減。本体画面をがっちりガードします!<br>
<br>
・フッ素コートで超防指紋効果!なめらかな指すべりを実現。乾拭きで画面のヨゴレが落ちやすい!<br>
<br>
・ヘイズ(光散乱)を抑えることで画面が白くボケることを抑えくっきり鮮やか。高画質な液晶の機種に最適です。<br>
<br>
・指紋や皮脂が付きにくく画面のべたつきを抑えます。<br>
<br>
・ぴったり貼れる!新開発貼り付けキット「Quick Scope」付き! 狙った場所は外さない!液晶フィルム貼り付けがとても楽に行えます。 (特許申請中)<br>
<br>
<br>
製品内容<br>
<br>
・高光沢タイプ/5H耐衝撃・光沢・防指紋アクリルコートフィルム 1枚入<br>
・クロス<br>
<br><br>
[メーカー]レイアウト Ray Out<br>
[商品型番] RT-P5SFT/Q1<br>
[バーコード] 4562356979073<br>

<font color=""gray"">
[性能] 光沢<br>[性能] 指紋防止<br>[対応] iPhone 5s<br>[対応] iPhone 5<br>[対応] iPhone SE<br>[対応] iPhone 5c<br>[対応S] アイフォーン アイフォン  アイホーン アイホン iPhone
</font><br>
</td>
</tr>
</table><br><br>
<!-- 商品詳細ここまで --><!--共通説明文（大）ここから-->

<table width=""800"" border=""0"" align=""center"">
  <tr>
    <td> <img src=""https://image.rakuten.co.jp/kitcut/cabinet/banner/05298098/imgrc0080334562.jpg"" width=""800px"" /></td>
  </tr>
</table>
<table width=""800"" border=""0"" align=""center"">
  <tr>
    <td> <img src=""https://image.rakuten.co.jp/kitcut/cabinet/banner/05298098/imgrc0080411111.jpg"" width=""800px"" /></td>
  </tr>
</table>

<!--横2列-->

<table width=""800"" border=""0"" align=""center"">
  <tr>
    <td> <img src=""https://image.rakuten.co.jp/kitcut/cabinet/top/05006737/imgrc0080402120.jpg"" width=""399"" /></td>
    
    <!--kickflip-->
    <td> <img src=""https://image.rakuten.co.jp/kitcut/cabinet/top/05006737/imgrc0080402031.jpg"" width=""399"" /></td>
  </tr>
</table>

<!--横2列-->

<table width=""800"" border=""0"" align=""center"">
  <tr>
    <td> <img src=""https://image.rakuten.co.jp/kitcut/cabinet/banner/05298098/imgrc0081316114.jpg"" width=""399"" /></td>
    <td> <img src=""https://image.rakuten.co.jp/kitcut/cabinet/banner/05298098/imgrc0080355902.jpg"" width=""399"" /></td>
  </tr>
</table>

<!--25周年の告知-->
<table width=""800"" border=""0"" align=""center"">
  <tr>
    <td> <img src=""http://image.rakuten.co.jp/kitcut/cabinet/banner/04802908/imgrc0073840290.jpg"" width=""399"" /></td>
    <td> <img src=""http://image.rakuten.co.jp/kitcut/cabinet/banner/04802908/imgrc0073840291.jpg"" width=""399"" /></td>
  </tr>
</table>

<!--6月5日(月)9:59まで　DEAL-->
<table width=""800"" border=""0"" align=""center"">
  <tr>
    <td> <img src=""https://image.rakuten.co.jp/kitcut/cabinet/special/imgrc0081361413.jpg"" width=""800px"" /> </td>
  </tr>
</table>

<!--6月5日(月)9:59まで　フラッシュセール-->


<table width=""800"" border=""0""align=""center"" style=""background-color:#444444; color:#F4D406; text-align: center; font-size:18px; border-radius: 5px;"" >
 <tr >
    <td colspan=""5"" ><img src=""https://image.rakuten.co.jp/kitcut/cabinet/special/imgrc0081361616.jpg"" alt="""" width=""99%"" /></td>
  </tr>
  <tr>
    <td><img src=""https://image.rakuten.co.jp/kitcut/cabinet/special/imgrc0081361618.jpg"" width=""97%"" /></td>
    <td><img src=""https://image.rakuten.co.jp/kitcut/cabinet/special/imgrc0081361617.jpg"" width=""97%"" /></td>
    <td><img src=""https://image.rakuten.co.jp/kitcut/cabinet/special/imgrc0081361619.jpg"" width=""97%"" /></td>
    <td><img src=""https://image.rakuten.co.jp/kitcut/cabinet/special/imgrc0081361620.jpg"" width=""97%"" /></td>
  </tr>
  <tr>
    <td colspan=""5"" >2017年6月1日（木）10:00～2017年6月6日（火）9:59迄</td>
  </tr>
</table>






<style type=""text/css"">

#item_attention_area {
  border: #D00 solid 2px;
}

#item_attention_area p{
  margin: 0;
  padding: 2px 5px;
  color: white;
  background-color: #D00;
}

#item_attention_area ul{
  margin:0;
  padding: 10px 15px 5px 15px;
  list-style: none;
}

#item_attention_area ul>li{
  margin-bottom: 5px;
}

@media (max-width:481px){
section table   { width: 100%; }

.item th  { width: 30%; text-align: left; }
.item td  { 
margin-bottom:10px;
display:table;
}    

@media only screen and (min-width:480px){
    .item { margin: 0 auto; }
   .item tr{
        display: block;
}
    .item th,
    .item td{
        max-width: 100%;
       display: block;
        border-top: none;
		margin-bottom:10px;	

}

</style>",[1200円OFFクーポン有][ネコポス可] Ray Out 高光沢タイプ/5H耐衝撃・光沢・防指紋アクリルコートフィルム 1枚入 for iPhone 5 / 5s / 5c / SE # RT-P5SFT/Q1  レイアウト (Apple製品関連アクセサリ)：Apple専門店 キットカット,iPhone6 ケースiPhone 6 Plus ケースiPad Air 2 ケースiPad mini ケースAppleMacBook Pro ケースMacBook Air ケースbeats by dr.dreCatalystTHULEクラフトホリックiPad Pro ケースBOSEmoecoGILD designJBLヘッドホンイヤホンbluetoothスピーカー[1200円OFFクーポン有][ネコポス可] Ray Out 高光沢タイプ/5H耐衝撃・光沢・防指紋アクリルコートフィルム 1枚入 for iPhone 5 / 5s / 5c / SE # RT-P5SFT/Q1  レイアウト (Apple製品関連アクセサリ),通常のフィルムの約2倍近い鉛筆硬度5H。[1200円OFFクーポン有][ネコポス可] Ray Out 高光沢タイプ/5H耐衝撃・光沢・防指紋アクリルコートフィルム 1枚入 for iPhone 5 / 5s / 5c / SE # RT-P5SFT/Q1  レイアウト (Apple製品関連アクセサリ)[rn]
32-93183,http://tshop.r10s.jp/kitcut/cabinet/item/32/prod-pict-432853.jpg?fitin=700:700,1016.0000,,スマートフォン・タブレット > スマートフォンアクセサリー > その他,[1200円OFFクーポン有][ネコポス可] Ray Out 高光沢タイプ/5H耐衝撃・ブルーライト・光沢・防指紋アクリルコートフィルム 1枚入 for iPhone 5 / 5s / 5c / SE # RT-P5SFT/S1  レイアウト (Apple製品関連アクセサリ),通常のフィルムの約2倍近い鉛筆硬度5H,"<br>

<!-- 関連分類リンク-->
<a href=""http://item.rakuten.co.jp/kitcut/c/""><img src=""http://image.rakuten.co.jp/kitcut/cabinet/banner/kitcut/suggest-case.jpg""></a><br>
<!-- 関連分類リンクここまで--><!-- ブックマーク -->
<br><p class=""add_bookmark""><a href=""https://my.bookmark.rakuten.co.jp/?func=reg&svid=101&shop_bid=206376&iid=10070147&itype=1""><img src=""https://image.rakuten.co.jp/kitcut/cabinet/banner/kitcut/imgrc0067948711.jpg"" alt=""Last Update : 2017/05/25 9:25:40""></a></p>
<!-- ブックマークここまで --><hr>
<!-- バリエーション -->
【バリエーション】
<div class=""variation2"">
<a href=""https://item.rakuten.co.jp/kitcut/432851/""><img width=""100"" border=""0"" src=""https://image.rakuten.co.jp/kitcut/cabinet/item/32/prod-pict-432851.jpg""></a>
<a href=""https://item.rakuten.co.jp/kitcut/432852/""><img width=""100"" border=""0"" src=""https://image.rakuten.co.jp/kitcut/cabinet/item/32/prod-pict-432852.jpg""></a>
<a href=""https://item.rakuten.co.jp/kitcut/432853/""><img width=""100"" border=""0"" src=""https://image.rakuten.co.jp/kitcut/cabinet/item/32/prod-pict-432853.jpg""></a><br>
<font color=""gray"">[family] <a href=""http://search.rakuten.co.jp/search/inshop-mall/43285120511/-/f.1-p.1-s.2-sf.0-sid.206376-st.A-v.3"">43285120511</a></font></div>
<!-- バリエーションここまで -->
<!-- ネコポス文言 --><br>
<img src='http://image.rakuten.co.jp/kitcut/cabinet/nekopos.jpg'><br>
<!-- ネコポス文言ここまで --><br><!-- 商品詳細 -->
<table class='item_explain' border='0' cellspacing='0' cellpadding='0'>
<tr>
<td>
iPhone 5/5s 用液晶保護フィルム<br>
<br>
・通常のフィルムの約2倍近い鉛筆硬度5Hをほこるアクリルコートの液晶保護フィルムです。ガラスフィルムよりも優れた柔軟性が特徴で、貼り直しの際、フィルムを割る心配がありません。<br>
<br>
・耐衝撃加工で端末への衝撃を軽減。本体画面をがっちりガードします!<br>
<br>
・スマートフォンのLCDパネルからは目に負担のかかる「ブルーライト」が多く出ています。本製品は「ブルーライト」を約35％低減し、目への負担を軽減します。<br>
<br>
・フッ素コートで超防指紋効果!なめらかな指すべりを実現。乾拭きで画面のヨゴレが落ちやすい!<br>
<br>
・ヘイズ(光散乱)を抑えることで画面が白くボケることを抑えくっきり鮮やか。高画質な液晶の機種に最適です。<br>
<br>
・ぴったり貼れる!新開発貼り付けキット「Quick Scope」付き! 狙った場所は外さない!液晶フィルム貼り付けがとても楽に行えます。 (特許申請中)<br>
<br>
<br>
製品内容<br>
<br>
・高光沢タイプ/5H耐衝撃・ブルーライト・光沢・防指紋アクリルコートフィルム 1枚入<br>
・クロス<br>
<br><br>
[メーカー]レイアウト Ray Out<br>
[商品型番] RT-P5SFT/S1<br>
[バーコード] 4562356979080<br>

<font color=""gray"">
[性能] 光沢<br>[性能] ブルーライトカット<br>[性能] 指紋防止<br>[対応] iPhone 5s<br>[対応] iPhone 5<br>[対応] iPhone SE<br>[対応] iPhone 5c<br>[対応S] アイフォーン アイフォン  アイホーン アイホン iPhone
</font><br>
</td>
</tr>
</table><br><br>
<!-- 商品詳細ここまで --><!--共通説明文（大）ここから-->

<table width=""800"" border=""0"" align=""center"">
  <tr>
    <td> <img src=""https://image.rakuten.co.jp/kitcut/cabinet/banner/05298098/imgrc0080334562.jpg"" width=""800px"" /></td>
  </tr>
</table>
<table width=""800"" border=""0"" align=""center"">
  <tr>
    <td> <img src=""https://image.rakuten.co.jp/kitcut/cabinet/banner/05298098/imgrc0080411111.jpg"" width=""800px"" /></td>
  </tr>
</table>

<!--横2列-->

<table width=""800"" border=""0"" align=""center"">
  <tr>
    <td> <img src=""https://image.rakuten.co.jp/kitcut/cabinet/top/05006737/imgrc0080402120.jpg"" width=""399"" /></td>
    
    <!--kickflip-->
    <td> <img src=""https://image.rakuten.co.jp/kitcut/cabinet/top/05006737/imgrc0080402031.jpg"" width=""399"" /></td>
  </tr>
</table>

<!--横2列-->

<table width=""800"" border=""0"" align=""center"">
  <tr>
    <td> <img src=""https://image.rakuten.co.jp/kitcut/cabinet/banner/05298098/imgrc0081316114.jpg"" width=""399"" /></td>
    <td> <img src=""https://image.rakuten.co.jp/kitcut/cabinet/banner/05298098/imgrc0080355902.jpg"" width=""399"" /></td>
  </tr>
</table>

<!--25周年の告知-->
<table width=""800"" border=""0"" align=""center"">
  <tr>
    <td> <img src=""http://image.rakuten.co.jp/kitcut/cabinet/banner/04802908/imgrc0073840290.jpg"" width=""399"" /></td>
    <td> <img src=""http://image.rakuten.co.jp/kitcut/cabinet/banner/04802908/imgrc0073840291.jpg"" width=""399"" /></td>
  </tr>
</table>

<!--6月5日(月)9:59まで　DEAL-->
<table width=""800"" border=""0"" align=""center"">
  <tr>
    <td> <img src=""https://image.rakuten.co.jp/kitcut/cabinet/special/imgrc0081361413.jpg"" width=""800px"" /> </td>
  </tr>
</table>

<!--6月5日(月)9:59まで　フラッシュセール-->


<table width=""800"" border=""0""align=""center"" style=""background-color:#444444; color:#F4D406; text-align: center; font-size:18px; border-radius: 5px;"" >
 <tr >
    <td colspan=""5"" ><img src=""https://image.rakuten.co.jp/kitcut/cabinet/special/imgrc0081361616.jpg"" alt="""" width=""99%"" /></td>
  </tr>
  <tr>
    <td><img src=""https://image.rakuten.co.jp/kitcut/cabinet/special/imgrc0081361618.jpg"" width=""97%"" /></td>
    <td><img src=""https://image.rakuten.co.jp/kitcut/cabinet/special/imgrc0081361617.jpg"" width=""97%"" /></td>
    <td><img src=""https://image.rakuten.co.jp/kitcut/cabinet/special/imgrc0081361619.jpg"" width=""97%"" /></td>
    <td><img src=""https://image.rakuten.co.jp/kitcut/cabinet/special/imgrc0081361620.jpg"" width=""97%"" /></td>
  </tr>
  <tr>
    <td colspan=""5"" >2017年6月1日（木）10:00～2017年6月6日（火）9:59迄</td>
  </tr>
</table>






<style type=""text/css"">

#item_attention_area {
  border: #D00 solid 2px;
}

#item_attention_area p{
  margin: 0;
  padding: 2px 5px;
  color: white;
  background-color: #D00;
}

#item_attention_area ul{
  margin:0;
  padding: 10px 15px 5px 15px;
  list-style: none;
}

#item_attention_area ul>li{
  margin-bottom: 5px;
}

@media (max-width:481px){
section table   { width: 100%; }

.item th  { width: 30%; text-align: left; }
.item td  { 
margin-bottom:10px;
display:table;
}    

@media only screen and (min-width:480px){
    .item { margin: 0 auto; }
   .item tr{
        display: block;
}
    .item th,
    .item td{
        max-width: 100%;
       display: block;
        border-top: none;
		margin-bottom:10px;	

}

</style>",[1200円OFFクーポン有][ネコポス可] Ray Out 高光沢タイプ/5H耐衝撃・ブルーライト・光沢・防指紋アクリルコートフィルム 1枚入 for iPhone 5 / 5s / 5c / SE # RT-P5SFT/S1  レイアウト (Apple製品関連アクセサリ)：Apple専門店 キットカット,iPhone6 ケースiPhone 6 Plus ケースiPad Air 2 ケースiPad mini ケースAppleMacBook Pro ケースMacBook Air ケースbeats by dr.dreCatalystTHULEクラフトホリックiPad Pro ケースBOSEmoecoGILD designJBLヘッドホンイヤホンbluetoothスピーカー[1200円OFFクーポン有][ネコポス可] Ray Out 高光沢タイプ/5H耐衝撃・ブルーライト・光沢・防指紋アクリルコートフィルム 1枚入 for iPhone 5 / 5s / 5c / SE # RT-P5SFT/S1  レイアウト (Apple製品関連アクセサリ),通常のフィルムの約2倍近い鉛筆硬度5H。[1200円OFFクーポン有][ネコポス可] Ray Out 高光沢タイプ/5H耐衝撃・ブルーライト・光沢・防指紋アクリルコートフィルム 1枚入 for iPhone 5 / 5s / 5c / SE # RT-P5SFT/S1  レイアウト (Apple製品関連アクセサリ)[rn]
32-93184,http://tshop.r10s.jp/kitcut/cabinet/item/35/prod-pict-438344.jpg?fitin=700:700,795.2000,,スマートフォン・タブレット > スマートフォンアクセサリー > その他,[1200円OFFクーポン有][ネコポス可] SANWA iPhone SE用 ブルーライトカット液晶保護指紋反射防止フィルム # PDA-FIP62BCAR  サンワサプライ (iPhone5/5s/SE 保護フィルム),ブルーライトを集中カットします。眼精疲労対策にオススメです。,"<br>

<!-- 関連分類リンク-->
<a href=""http://item.rakuten.co.jp/kitcut/c/""><img src=""http://image.rakuten.co.jp/kitcut/cabinet/banner/kitcut/suggest-case.jpg""></a><br>
<!-- 関連分類リンクここまで--><!-- ブックマーク -->
<br><p class=""add_bookmark""><a href=""https://my.bookmark.rakuten.co.jp/?func=reg&svid=101&shop_bid=206376&iid=10075761&itype=1""><img src=""https://image.rakuten.co.jp/kitcut/cabinet/banner/kitcut/imgrc0067948711.jpg"" alt=""Last Update : 2017/05/25 9:27""></a></p>
<!-- ブックマークここまで --><hr>
<!-- バリエーション -->
【バリエーション】
<div class=""variation2"">
<a href=""https://item.rakuten.co.jp/kitcut/438344/""><img width=""100"" border=""0"" src=""https://image.rakuten.co.jp/kitcut/cabinet/item/35/prod-pict-438344.jpg""></a>
<a href=""https://item.rakuten.co.jp/kitcut/438345/""><img width=""100"" border=""0"" src=""https://image.rakuten.co.jp/kitcut/cabinet/item/35/prod-pict-438345.jpg""></a>
<a href=""https://item.rakuten.co.jp/kitcut/438346/""><img width=""100"" border=""0"" src=""https://image.rakuten.co.jp/kitcut/cabinet/item/35/prod-pict-438346.jpg""></a><br>
<font color=""gray"">[family] <a href=""http://search.rakuten.co.jp/search/inshop-mall/43834635341/-/f.1-p.1-s.2-sf.0-sid.206376-st.A-v.3"">43834635341</a></font></div>
<!-- バリエーションここまで -->
<!-- ネコポス文言 --><br>
<img src='http://image.rakuten.co.jp/kitcut/cabinet/nekopos.jpg'><br>
<!-- ネコポス文言ここまで --><br><!-- 商品詳細 -->
<table class='item_explain' border='0' cellspacing='0' cellpadding='0'>
<tr>
<td>
・LEDバックモニターのブルーライトメイン波長(450nm)の光を、約26％もカットすることができます。<br>
・目の水晶体で吸収されにくく、網膜を傷つける恐れがあるブルーライトを集中カットします。眼精疲労対策にオススメです。<br>
・外光に含まれるブルーライトを反射することなく吸収するため、目への影響を最小限に抑えることができます。<br>
・画面への反射を防ぎパソコン作業を快適にします。<br>
・接着面にシリコン素材を使用しているので、液晶画面を含め表全体にぴったり貼り付きます。(受話口、ホームボタン部などを除く)<br>
・両面テープなどは不要です。<br>
・専用タイプなので、切らずにそのまま使えます。<br>
・タッチパネルに対応しています。<br>
・ホコリ、指紋、キズなどから、液晶画面を守ります。指紋防止加工により、フィルムへの指紋の付着を防ぎます。<br>
[仕様情報]<br>
厚み : 0.2mm<br>
材質 : 接着面/シリコン膜<br>
　　　外側/PET(ポリエチレンテレフタレート)<br>
入数 : 1枚<br>
反射率 : 4.7％<br>
透過率 : 80.1％<br>
紫外線カット : 99.9％<br>
表面硬度 : 2 3H<br>
※上記は測定値であり、保証値ではありません。<br><br>
[メーカー]サンワサプライ SANWA SUPPLY (SANWA)<br>
[商品型番] PDA-FIP62BCAR<br>
[バーコード] 4969887893739<br>

<font color=""gray"">
[性能] ブルーライトカット<br>[性能] 非光沢<br>[対応] iPhone SE<br>[対応] iPhone 5s<br>[対応] iPhone 5<br>[対応S] アイフォーン アイフォン  アイホーン アイホン iPhone<br>[対応S] 非光沢 アンチグレア ノングレア つや消し マット 反射防止 艶無しタイプ つやなし つや無し
</font><br>
</td>
</tr>
</table><br><br>
<!-- 商品詳細ここまで --><!--共通説明文（大）ここから-->

<table width=""800"" border=""0"" align=""center"">
  <tr>
    <td> <img src=""https://image.rakuten.co.jp/kitcut/cabinet/banner/05298098/imgrc0080334562.jpg"" width=""800px"" /></td>
  </tr>
</table>
<table width=""800"" border=""0"" align=""center"">
  <tr>
    <td> <img src=""https://image.rakuten.co.jp/kitcut/cabinet/banner/05298098/imgrc0080411111.jpg"" width=""800px"" /></td>
  </tr>
</table>

<!--横2列-->

<table width=""800"" border=""0"" align=""center"">
  <tr>
    <td> <img src=""https://image.rakuten.co.jp/kitcut/cabinet/top/05006737/imgrc0080402120.jpg"" width=""399"" /></td>
    
    <!--kickflip-->
    <td> <img src=""https://image.rakuten.co.jp/kitcut/cabinet/top/05006737/imgrc0080402031.jpg"" width=""399"" /></td>
  </tr>
</table>

<!--横2列-->

<table width=""800"" border=""0"" align=""center"">
  <tr>
    <td> <img src=""https://image.rakuten.co.jp/kitcut/cabinet/banner/05298098/imgrc0081316114.jpg"" width=""399"" /></td>
    <td> <img src=""https://image.rakuten.co.jp/kitcut/cabinet/banner/05298098/imgrc0080355902.jpg"" width=""399"" /></td>
  </tr>
</table>

<!--25周年の告知-->
<table width=""800"" border=""0"" align=""center"">
  <tr>
    <td> <img src=""http://image.rakuten.co.jp/kitcut/cabinet/banner/04802908/imgrc0073840290.jpg"" width=""399"" /></td>
    <td> <img src=""http://image.rakuten.co.jp/kitcut/cabinet/banner/04802908/imgrc0073840291.jpg"" width=""399"" /></td>
  </tr>
</table>

<!--6月5日(月)9:59まで　DEAL-->
<table width=""800"" border=""0"" align=""center"">
  <tr>
    <td> <img src=""https://image.rakuten.co.jp/kitcut/cabinet/special/imgrc0081361413.jpg"" width=""800px"" /> </td>
  </tr>
</table>

<!--6月5日(月)9:59まで　フラッシュセール-->


<table width=""800"" border=""0""align=""center"" style=""background-color:#444444; color:#F4D406; text-align: center; font-size:18px; border-radius: 5px;"" >
 <tr >
    <td colspan=""5"" ><img src=""https://image.rakuten.co.jp/kitcut/cabinet/special/imgrc0081361616.jpg"" alt="""" width=""99%"" /></td>
  </tr>
  <tr>
    <td><img src=""https://image.rakuten.co.jp/kitcut/cabinet/special/imgrc0081361618.jpg"" width=""97%"" /></td>
    <td><img src=""https://image.rakuten.co.jp/kitcut/cabinet/special/imgrc0081361617.jpg"" width=""97%"" /></td>
    <td><img src=""https://image.rakuten.co.jp/kitcut/cabinet/special/imgrc0081361619.jpg"" width=""97%"" /></td>
    <td><img src=""https://image.rakuten.co.jp/kitcut/cabinet/special/imgrc0081361620.jpg"" width=""97%"" /></td>
  </tr>
  <tr>
    <td colspan=""5"" >2017年6月1日（木）10:00～2017年6月6日（火）9:59迄</td>
  </tr>
</table>






<style type=""text/css"">

#item_attention_area {
  border: #D00 solid 2px;
}

#item_attention_area p{
  margin: 0;
  padding: 2px 5px;
  color: white;
  background-color: #D00;
}

#item_attention_area ul{
  margin:0;
  padding: 10px 15px 5px 15px;
  list-style: none;
}

#item_attention_area ul>li{
  margin-bottom: 5px;
}

@media (max-width:481px){
section table   { width: 100%; }

.item th  { width: 30%; text-align: left; }
.item td  { 
margin-bottom:10px;
display:table;
}    

@media only screen and (min-width:480px){
    .item { margin: 0 auto; }
   .item tr{
        display: block;
}
    .item th,
    .item td{
        max-width: 100%;
       display: block;
        border-top: none;
		margin-bottom:10px;	

}

</style>",[1200円OFFクーポン有][ネコポス可] SANWA iPhone SE用 ブルーライトカット液晶保護指紋反射防止フィルム # PDA-FIP62BCAR  サンワサプライ (iPhone5/5s/SE 保護フィルム)：Apple専門店 キットカット,iPhone6 ケースiPhone 6 Plus ケースiPad Air 2 ケースiPad mini ケースAppleMacBook Pro ケースMacBook Air ケースbeats by dr.dreCatalystTHULEクラフトホリックiPad Pro ケースBOSEmoecoGILD designJBLヘッドホンイヤホンbluetoothスピーカー[1200円OFFクーポン有][ネコポス可] SANWA iPhone SE用 ブルーライトカット液晶保護指紋反射防止フィルム # PDA-FIP62BCAR  サンワサプライ (iPhone5/5s/SE 保護フィルム),ブルーライトを集中カットします。眼精疲労対策にオススメです。。[1200円OFFクーポン有][ネコポス可] SANWA iPhone SE用 ブルーライトカット液晶保護指紋反射防止フィルム # PDA-FIP62BCAR  サンワサプライ (iPhone5/5s/SE 保護フィルム)[rn]
32-93185,http://tshop.r10s.jp/kitcut/cabinet/item/19/prod-pict-285920.jpg?fitin=700:700,3283.2000,,スマートフォン・タブレット > スマートフォンアクセサリー > その他,[1200円OFFクーポン有][ネコポス可] TESLA 楽ピタフィルム iPhone5 / 5s 強化ガラスフィルム フィルムサポーター付き ９H 指紋防止 0.4mm # TE2760i5  テスラ (iPhone5 / 5s 保護フィルム),わずらわしい位置決めをする必要がないガラスフィルムキット,"<!-- リコメンド --><br>
<div id=""recommend_area"">
<h3>TESLA 楽ピタフィルム iPhone5 / 5s 強化ガラスフィルム フィルムサポーター付き ９H 指紋防止 0.4mm # TE2760i5  テスラ</h3>
<div class=""staff_recommend""><h3>注目ポイント</h3><div class=""recom_showcase""><p class=""recom_img""><img src=""http://image.rakuten.co.jp/kitcut/cabinet/recom20/rec-285920-11410.jpg"" alt=""の画像""></p></div><p>パネルの全ての角部分にラウンディング処理をし、完璧なグリップ感と角部分への衝撃にも耐えうる強い保護力を持っています。</p></div>
<div class=""staff_recommend""><h3>注目ポイント</h3><div class=""recom_showcase""><p class=""recom_img""><img src=""http://image.rakuten.co.jp/kitcut/cabinet/recom20/rec-285920-11411.jpg"" alt=""の画像""></p></div><p>透明度が高く、高級感のあるガラスフィルムです。<br>
Retinaディスプレイの美しい発色を鮮やかに表現します。</p></div>
<div class=""staff_recommend""><h3>注目ポイント</h3><div class=""recom_showcase""><p class=""recom_img""><img src=""http://image.rakuten.co.jp/kitcut/cabinet/recom20/rec-285920-11412.jpg"" alt=""の画像""></p></div><p>一般的に使用しているPET素材のフィルム(2H)より3倍以上強い9Hのハードコーティング処理で、スクラッチに強いです。※ 限界数値が9Hであるため9Hと表記されていますが、実際は10～13Hの表面硬度を持っている最高のフィルムです。</p></div>
<div class=""staff_recommend""><h3>注目ポイント</h3><div class=""recom_showcase""><p class=""recom_img""><img src=""http://image.rakuten.co.jp/kitcut/cabinet/recom20/rec-285920-11413.jpg"" alt=""の画像""></p></div><p>Oleophobic コーティングになっており指紋や油分、化粧品などが付いても、簡単にふき取れるようになっています。</p></div>
<div class=""staff_recommend""><h3>注目ポイント</h3><div class=""recom_showcase""><p class=""recom_img""><img src=""http://image.rakuten.co.jp/kitcut/cabinet/recom20/rec-285920-11414.jpg"" alt=""の画像""></p></div><p>0.4mの日本製強化ガラスで製造されました。</p></div>
<div class=""staff_recommend""><h3>注目ポイント</h3><div class=""recom_showcase""><p class=""recom_img""><img src=""http://image.rakuten.co.jp/kitcut/cabinet/recom20/rec-285920-11415.jpg"" alt=""の画像""></p></div><p>万が一フィルムが破損された場合でも、ガラスの破片が飛び散らないように、飛散防止処理がされており、安心してご利用頂けます。</p></div>
<div class=""staff_recommend""><h3>製品構成</h3><div class=""recom_showcase""><p class=""recom_img""><img src=""http://image.rakuten.co.jp/kitcut/cabinet/recom20/rec-285920-11416.jpg"" alt=""製品構成の画像""></p></div><p></p></div>
</div>
<!-- リコメンドここまで -->

<br>

<!-- 関連分類リンク-->
<a href=""http://item.rakuten.co.jp/kitcut/c/""><img src=""http://image.rakuten.co.jp/kitcut/cabinet/banner/kitcut/suggest-case.jpg""></a><br>
<!-- 関連分類リンクここまで--><!-- ブックマーク -->
<br><p class=""add_bookmark""><a href=""https://my.bookmark.rakuten.co.jp/?func=reg&svid=101&shop_bid=206376&iid=10042121&itype=1""><img src=""https://image.rakuten.co.jp/kitcut/cabinet/banner/kitcut/imgrc0067948711.jpg"" alt=""Last Update : 2017/05/25 9:23:18""></a></p>
<!-- ブックマークここまで -->
<!-- ネコポス文言 --><br>
<img src='http://image.rakuten.co.jp/kitcut/cabinet/nekopos.jpg'><br>
<!-- ネコポス文言ここまで --><br><!-- 商品詳細 -->
<table class='item_explain' border='0' cellspacing='0' cellpadding='0'>
<tr>
<td>
フィルムの張りつけが楽ちん!<br>
サポーター付きガラスフィルム。<br>
<br>
ガラスフィルムを端末の正確な位置に貼りつけるのは非常に困難な作業です。<br>
位置決めは自分の目で見て行わなければならず、どうしても微妙なズレが発生してしまいます。<br>
しかし、楽ピタフィルムの『サポーター』を使えば、わずらわしい位置決めをする必要がありませんサポーターを端末に重ね合わせた瞬間、位置決めは完了しています。<br>
そのままフィルムを上から指で押さえ、サポーターを外せばフィルムを正確な位置に貼りつけることができます。<br>
<br>
【仕様】<br>
対応機種 : iPhone 5 /5s<br>
商品構成 : 強化ガラスフィルム1枚、サポーター 1個、クリーニングクロス1枚、ほこり除去テープ 2枚、アルコールシート1個、スクイージー(気泡除去)1個<br>
<br><br>
[メーカー]テスラ TESLA<br>
[商品型番] TE2760i5<br>
[バーコード] 4562357607609<br>

<font color=""gray"">
[材質] ガラス<br>[性能] ガラスフィルム<br>[性能] 指紋防止<br>[性能] 光沢<br>[対応] iPhone 5s<br>[対応] iPhone 5<br>[対応S] アイフォーン アイフォン  アイホーン アイホン iPhone
</font><br>
</td>
</tr>
</table><br><br>
<!-- 商品詳細ここまで --><!--共通説明文（大）ここから-->

<table width=""800"" border=""0"" align=""center"">
  <tr>
    <td> <img src=""https://image.rakuten.co.jp/kitcut/cabinet/banner/05298098/imgrc0080334562.jpg"" width=""800px"" /></td>
  </tr>
</table>
<table width=""800"" border=""0"" align=""center"">
  <tr>
    <td> <img src=""https://image.rakuten.co.jp/kitcut/cabinet/banner/05298098/imgrc0080411111.jpg"" width=""800px"" /></td>
  </tr>
</table>

<!--横2列-->

<table width=""800"" border=""0"" align=""center"">
  <tr>
    <td> <img src=""https://image.rakuten.co.jp/kitcut/cabinet/top/05006737/imgrc0080402120.jpg"" width=""399"" /></td>
    
    <!--kickflip-->
    <td> <img src=""https://image.rakuten.co.jp/kitcut/cabinet/top/05006737/imgrc0080402031.jpg"" width=""399"" /></td>
  </tr>
</table>

<!--横2列-->

<table width=""800"" border=""0"" align=""center"">
  <tr>
    <td> <img src=""https://image.rakuten.co.jp/kitcut/cabinet/banner/05298098/imgrc0081316114.jpg"" width=""399"" /></td>
    <td> <img src=""https://image.rakuten.co.jp/kitcut/cabinet/banner/05298098/imgrc0080355902.jpg"" width=""399"" /></td>
  </tr>
</table>

<!--25周年の告知-->
<table width=""800"" border=""0"" align=""center"">
  <tr>
    <td> <img src=""http://image.rakuten.co.jp/kitcut/cabinet/banner/04802908/imgrc0073840290.jpg"" width=""399"" /></td>
    <td> <img src=""http://image.rakuten.co.jp/kitcut/cabinet/banner/04802908/imgrc0073840291.jpg"" width=""399"" /></td>
  </tr>
</table>

<!--6月5日(月)9:59まで　DEAL-->
<table width=""800"" border=""0"" align=""center"">
  <tr>
    <td> <img src=""https://image.rakuten.co.jp/kitcut/cabinet/special/imgrc0081361413.jpg"" width=""800px"" /> </td>
  </tr>
</table>

<!--6月5日(月)9:59まで　フラッシュセール-->


<table width=""800"" border=""0""align=""center"" style=""background-color:#444444; color:#F4D406; text-align: center; font-size:18px; border-radius: 5px;"" >
 <tr >
    <td colspan=""5"" ><img src=""https://image.rakuten.co.jp/kitcut/cabinet/special/imgrc0081361616.jpg"" alt="""" width=""99%"" /></td>
  </tr>
  <tr>
    <td><img src=""https://image.rakuten.co.jp/kitcut/cabinet/special/imgrc0081361618.jpg"" width=""97%"" /></td>
    <td><img src=""https://image.rakuten.co.jp/kitcut/cabinet/special/imgrc0081361617.jpg"" width=""97%"" /></td>
    <td><img src=""https://image.rakuten.co.jp/kitcut/cabinet/special/imgrc0081361619.jpg"" width=""97%"" /></td>
    <td><img src=""https://image.rakuten.co.jp/kitcut/cabinet/special/imgrc0081361620.jpg"" width=""97%"" /></td>
  </tr>
  <tr>
    <td colspan=""5"" >2017年6月1日（木）10:00～2017年6月6日（火）9:59迄</td>
  </tr>
</table>






<style type=""text/css"">

#item_attention_area {
  border: #D00 solid 2px;
}

#item_attention_area p{
  margin: 0;
  padding: 2px 5px;
  color: white;
  background-color: #D00;
}

#item_attention_area ul{
  margin:0;
  padding: 10px 15px 5px 15px;
  list-style: none;
}

#item_attention_area ul>li{
  margin-bottom: 5px;
}

@media (max-width:481px){
section table   { width: 100%; }

.item th  { width: 30%; text-align: left; }
.item td  { 
margin-bottom:10px;
display:table;
}    

@media only screen and (min-width:480px){
    .item { margin: 0 auto; }
   .item tr{
        display: block;
}
    .item th,
    .item td{
        max-width: 100%;
       display: block;
        border-top: none;
		margin-bottom:10px;	

}

</style>",[1200円OFFクーポン有][ネコポス可] TESLA 楽ピタフィルム iPhone5 / 5s 強化ガラスフィルム フィルムサポーター付き ９H 指紋防止 0.4mm # TE2760i5  テスラ (iPhone5 / 5s 保護フィルム)：Apple専門店 キットカット,iPhone6 ケースiPhone 6 Plus ケースiPad Air 2 ケースiPad mini ケースAppleMacBook Pro ケースMacBook Air ケースbeats by dr.dreCatalystTHULEクラフトホリックiPad Pro ケースBOSEmoecoGILD designJBLヘッドホンイヤホンbluetoothスピーカー[1200円OFFクーポン有][ネコポス可] TESLA 楽ピタフィルム iPhone5 / 5s 強化ガラスフィルム フィルムサポーター付き ９H 指紋防止 0.4mm # TE2760i5  テスラ (iPhone5 / 5s 保護フィルム),わずらわしい位置決めをする必要がないガラスフィルムキット。[1200円OFFクーポン有][ネコポス可] TESLA 楽ピタフィルム iPhone5 / 5s 強化ガラスフィルム フィルムサポーター付き ９H 指紋防止 0.4mm # TE2760i5  テスラ (iPhone5 / 5s 保護フィルム)[rn]
32-93186,http://tshop.r10s.jp/kitcut/cabinet/item/19/prod-pict-285134.jpg?fitin=700:700,1480.0000,,スマートフォン・タブレット > スマートフォンアクセサリー > その他,[1200円OFFクーポン有][ネコポス可] [在庫限り終了] Ray Out iPad 5th / 9.7インチ iPad Pro / iPad Air 2 / Air ブルーライト低減・つやつや気泡軽減フィルム(クリアホワイトカラータイプ) 1枚入[高光沢タイプ] # RT-PA5F/M1  レイアウト (Apple製品関連アクセサリ),約32%ブルーライト低減で目に優しく長時間使用でも目が疲れない,"<!-- リコメンド --><br>
<div id=""recommend_area"">
<h3>Ray Out iPad 5th / 9.7インチ iPad Pro / iPad Air 2 / Air ブルーライト低減・つやつや気泡軽減フィルム(クリアホワイトカラータイプ) 1枚入[高光沢タイプ] # RT-PA5F/M1  レイアウト</h3>
<div class=""staff_recommend""><h3>ブルーライトとは</h3><div class=""recom_showcase""><p class=""recom_img""><img src=""http://image.rakuten.co.jp/kitcut/cabinet/recom20/rec-285134-10558.jpg"" alt=""ブルーライトとはの画像""></p></div><p>ブルーライトは可視光線の中で最もエネルギーが強く、目の奥の網膜まで届いてしまう青色光のことです。ブルーライトを多く発する液晶ディスプレイを長時間見続けると、知らず知らずのうちに目に負担がかかってしまいます。</p></div>
<div class=""staff_recommend""><h3>注目ポイント</h3><div class=""recom_showcase""><p class=""recom_img""><img src=""http://image.rakuten.co.jp/kitcut/cabinet/recom20/rec-285134-10561.jpg"" alt=""の画像""></p></div><p>とても便利なスマートフォン!ついつい長時間使用していませんか?スマートフォンのLCDパネルからは目に負担のかかる「ブルーライト」が多く出ています。本製品は「ブルーライト」を約32％低減し、目への負担を軽減します。</p></div>
<div class=""staff_recommend""><h3>注目ポイント</h3><div class=""recom_showcase""><p class=""recom_img""><img src=""http://image.rakuten.co.jp/kitcut/cabinet/recom20/rec-285134-10565.jpg"" alt=""の画像""></p></div><p>特殊なシリコン膜が貼り付け時に入ってしまう小さなホコリを時間とともに巻き込むため気泡が消えやすく、仕上がりがとってもきれいです。</p></div>
<div class=""staff_recommend""><h3>注目ポイント</h3><div class=""recom_showcase""><p class=""recom_img""><img src=""http://image.rakuten.co.jp/kitcut/cabinet/recom20/rec-285134-10566.jpg"" alt=""の画像""></p></div><p>抗菌処理を施した高光沢防指紋フィルム。黄色ブドウ球菌が24時間後に99.9%死滅します。</p></div>
</div>
<!-- リコメンドここまで -->

<br>

<!-- 関連分類リンク-->
<a href=""http://item.rakuten.co.jp/kitcut/c/""><img src=""http://image.rakuten.co.jp/kitcut/cabinet/banner/kitcut/suggest-case.jpg""></a><br>
<!-- 関連分類リンクここまで--><!-- ブックマーク -->
<br><p class=""add_bookmark""><a href=""https://my.bookmark.rakuten.co.jp/?func=reg&svid=101&shop_bid=206376&iid=10040986&itype=1""><img src=""https://image.rakuten.co.jp/kitcut/cabinet/banner/kitcut/imgrc0067948711.jpg"" alt=""Last Update : 2017/05/25 9:23:16""></a></p>
<!-- ブックマークここまで --><hr>
<!-- バリエーション -->
【バリエーション】
<div class=""variation2"">
<a href=""https://item.rakuten.co.jp/kitcut/285134/""><img width=""100"" border=""0"" src=""https://image.rakuten.co.jp/kitcut/cabinet/item/19/prod-pict-285134.jpg""></a><br>
<font color=""gray"">[family] <a href=""http://search.rakuten.co.jp/search/inshop-mall/28513396901/-/f.1-p.1-s.2-sf.0-sid.206376-st.A-v.3"">28513396901</a></font></div>
<!-- バリエーションここまで -->
<!-- ネコポス文言 --><br><img src=http://image.rakuten.co.jp/kitcut/cabinet/nekopos.jpg><br><!-- ネコポス文言ここまで --><br><!-- 商品詳細 --><table class=item_explain border=0 cellspacing=0 cellpadding=0><tr><td>約32%ブルーライト低減で目に優しく、長時間使用でも目が疲れない。<br>端末色に影響のないクリアホワイトカラーだから、パステルカラーやホワイトのスマホをお持ちの方に。<br><br>・フッ素加工済み!<br>・ブルーライト低減<br>・気泡が消えやすい<br>・クリアホワイトカラー<br>・抗菌処理<br>・安心と信頼のMADE IN JAPAN<br>・クリーニングクロス付属<br><br>【仕様】<br>対応機種 : iPad Air<br>　　　　　iPad Air 2<br>材質 : シリコン膜(保護フィルム吸着面)<br>　　　PET(保護フィルム表面)<br>内容物 : ブルーライト低減・つやつや気泡軽減フィルム(クリアホワイトカラータイプ) 1枚入[高光沢タイプ]<br>　　　　クリーニングクロス付属<br><br><br><br><br>[メーカー]レイアウト Ray Out<br>[商品型番] RT-PA5F/M1<br>[バーコード] 4562356927166<br> <font color=""gray"">[性能] 光沢<br>[性能] ブルーライトカット<br>[性能] MADE IN JAPAN<br>[対応] iPad Air<br>[対応] iPad Air 2<br>[対応] 9.7インチ iPad Pro<br>[対応] iPad 5th </font><br></td></tr></table><br><br><!-- 商品詳細ここまで --><!--共通説明文（大）ここから-->

<table width=""800"" border=""0"" align=""center"">
  <tr>
    <td> <img src=""https://image.rakuten.co.jp/kitcut/cabinet/banner/05298098/imgrc0080334562.jpg"" width=""800px"" /></td>
  </tr>
</table>
<table width=""800"" border=""0"" align=""center"">
  <tr>
    <td> <img src=""https://image.rakuten.co.jp/kitcut/cabinet/banner/05298098/imgrc0080411111.jpg"" width=""800px"" /></td>
  </tr>
</table>

<!--横2列-->

<table width=""800"" border=""0"" align=""center"">
  <tr>
    <td> <img src=""https://image.rakuten.co.jp/kitcut/cabinet/top/05006737/imgrc0080402120.jpg"" width=""399"" /></td>
    
    <!--kickflip-->
    <td> <img src=""https://image.rakuten.co.jp/kitcut/cabinet/top/05006737/imgrc0080402031.jpg"" width=""399"" /></td>
  </tr>
</table>

<!--横2列-->

<table width=""800"" border=""0"" align=""center"">
  <tr>
    <td> <img src=""https://image.rakuten.co.jp/kitcut/cabinet/banner/05298098/imgrc0081316114.jpg"" width=""399"" /></td>
    <td> <img src=""https://image.rakuten.co.jp/kitcut/cabinet/banner/05298098/imgrc0080355902.jpg"" width=""399"" /></td>
  </tr>
</table>

<!--25周年の告知-->
<table width=""800"" border=""0"" align=""center"">
  <tr>
    <td> <img src=""http://image.rakuten.co.jp/kitcut/cabinet/banner/04802908/imgrc0073840290.jpg"" width=""399"" /></td>
    <td> <img src=""http://image.rakuten.co.jp/kitcut/cabinet/banner/04802908/imgrc0073840291.jpg"" width=""399"" /></td>
  </tr>
</table>

<!--6月5日(月)9:59まで　DEAL-->
<table width=""800"" border=""0"" align=""center"">
  <tr>
    <td> <img src=""https://image.rakuten.co.jp/kitcut/cabinet/special/imgrc0081361413.jpg"" width=""800px"" /> </td>
  </tr>
</table>

<!--6月5日(月)9:59まで　フラッシュセール-->


<table width=""800"" border=""0""align=""center"" style=""background-color:#444444; color:#F4D406; text-align: center; font-size:18px; border-radius: 5px;"" >
 <tr >
    <td colspan=""5"" ><img src=""https://image.rakuten.co.jp/kitcut/cabinet/special/imgrc0081361616.jpg"" alt="""" width=""99%"" /></td>
  </tr>
  <tr>
    <td><img src=""https://image.rakuten.co.jp/kitcut/cabinet/special/imgrc0081361618.jpg"" width=""97%"" /></td>
    <td><img src=""https://image.rakuten.co.jp/kitcut/cabinet/special/imgrc0081361617.jpg"" width=""97%"" /></td>
    <td><img src=""https://image.rakuten.co.jp/kitcut/cabinet/special/imgrc0081361619.jpg"" width=""97%"" /></td>
    <td><img src=""https://image.rakuten.co.jp/kitcut/cabinet/special/imgrc0081361620.jpg"" width=""97%"" /></td>
  </tr>
  <tr>
    <td colspan=""5"" >2017年6月1日（木）10:00～2017年6月6日（火）9:59迄</td>
  </tr>
</table>






<style type=""text/css"">

#item_attention_area {
  border: #D00 solid 2px;
}

#item_attention_area p{
  margin: 0;
  padding: 2px 5px;
  color: white;
  background-color: #D00;
}

#item_attention_area ul{
  margin:0;
  padding: 10px 15px 5px 15px;
  list-style: none;
}

#item_attention_area ul>li{
  margin-bottom: 5px;
}

@media (max-width:481px){
section table   { width: 100%; }

.item th  { width: 30%; text-align: left; }
.item td  { 
margin-bottom:10px;
display:table;
}    

@media only screen and (min-width:480px){
    .item { margin: 0 auto; }
   .item tr{
        display: block;
}
    .item th,
    .item td{
        max-width: 100%;
       display: block;
        border-top: none;
		margin-bottom:10px;	

}

</style>",[1200円OFFクーポン有][ネコポス可] [在庫限り終了] Ray Out iPad 5th / 9.7インチ iPad Pro / iPad Air 2 / Air ブルーライト低減・つやつや気泡軽減フィルム(クリアホワイトカラータイプ) 1枚入[高光沢タイプ] # RT-PA5F/M1  レイアウト (Apple製品関連アクセサリ)：Apple専門店 キットカット,iPhone6 ケースiPhone 6 Plus ケースiPad Air 2 ケースiPad mini ケースAppleMacBook Pro ケースMacBook Air ケースbeats by dr.dreCatalystTHULEクラフトホリックiPad Pro ケースBOSEmoecoGILD designJBLヘッドホンイヤホンbluetoothスピーカー[1200円OFFクーポン有][ネコポス可] [在庫限り終了] Ray Out iPad 5th / 9.7インチ iPad Pro / iPad Air 2 / Air ブルーライト低減・つやつや気泡軽減フィルム(クリアホワイトカラータイプ) 1枚入[高光沢タイプ] # RT-PA5F/M1  レイアウト (Apple製品関連アクセサリ),約32%ブルーライト低減で目に優しく長時間使用でも目が疲れない。[1200円OFFクーポン有][ネコポス可] [在庫限り終了] Ray Out iPad 5th / 9.7インチ iPad Pro / iPad Air 2 / Air ブルーライト低減・つやつや気泡軽減フィルム(クリアホワイトカラータイプ) 1枚入[高光沢タイプ] # RT-PA5F/M1  レイアウト (Apple製品関連アクセサリ)[rn]
32-93187,http://tshop.r10s.jp/kitcut/cabinet/item/35/prod-pict-438648.jpg?fitin=700:700,2016.0000,,スマートフォン・タブレット > スマートフォンアクセサリー > その他,[1200円OFFクーポン有][ネコポス可] araree iPhone SE / 5s / 5 液晶保護フィルム Pure Diamond 9H # AR8336i5se  アラリー (iPhone5/5s/SE 保護フィルム),ガラスフィルムような優れたタッチ感が特徴の液晶保護フィルム,"<!-- リコメンド --><br>
<div id=""recommend_area"">
<h3>araree iPhone SE / 5s / 5 液晶保護フィルム Pure Diamond 9H # AR8336i5se  アラリー</h3>
<div class=""staff_recommend""><h3>*</h3><div class=""recom_showcase""><p class=""recom_img""><img src=""http://image.rakuten.co.jp/kitcut/cabinet/recom36/rec-438648-41900.jpg"" alt=""*の画像""></p></div><p></p></div>
<div class=""staff_recommend""><h3>*</h3><div class=""recom_showcase""><p class=""recom_img""><img src=""http://image.rakuten.co.jp/kitcut/cabinet/recom36/rec-438648-41902.jpg"" alt=""*の画像""></p></div><p></p></div>
<div class=""staff_recommend""><h3>*</h3><div class=""recom_showcase""><p class=""recom_img""><img src=""http://image.rakuten.co.jp/kitcut/cabinet/recom36/rec-438648-41903.jpg"" alt=""*の画像""></p></div><p></p></div>
<div class=""staff_recommend""><h3>*</h3><div class=""recom_showcase""><p class=""recom_img""><img src=""http://image.rakuten.co.jp/kitcut/cabinet/recom36/rec-438648-41905.jpg"" alt=""*の画像""></p></div><p></p></div>
<div class=""staff_recommend""><h3>*</h3><div class=""recom_showcase""><p class=""recom_img""><img src=""http://image.rakuten.co.jp/kitcut/cabinet/recom36/rec-438648-41906.jpg"" alt=""*の画像""></p></div><p></p></div>
<div class=""staff_recommend""><h3>*</h3><div class=""recom_showcase""><p class=""recom_img""><img src=""http://image.rakuten.co.jp/kitcut/cabinet/recom36/rec-438648-41907.jpg"" alt=""*の画像""></p></div><p></p></div>
<div class=""staff_recommend""><h3>*</h3><div class=""recom_showcase""><p class=""recom_img""><img src=""http://image.rakuten.co.jp/kitcut/cabinet/recom36/rec-438648-41909.jpg"" alt=""*の画像""></p></div><p></p></div>
<div class=""staff_recommend""><h3>*</h3><div class=""recom_showcase""><p class=""recom_img""><img src=""http://image.rakuten.co.jp/kitcut/cabinet/recom36/rec-438648-41910.jpg"" alt=""*の画像""></p></div><p></p></div>
</div>
<!-- リコメンドここまで -->

<br>

<!-- 関連分類リンク-->
<a href=""http://item.rakuten.co.jp/kitcut/c/""><img src=""http://image.rakuten.co.jp/kitcut/cabinet/banner/kitcut/suggest-case.jpg""></a><br>
<!-- 関連分類リンクここまで--><!-- ブックマーク -->
<br><p class=""add_bookmark""><a href=""https://my.bookmark.rakuten.co.jp/?func=reg&svid=101&shop_bid=206376&iid=10075940&itype=1""><img src=""https://image.rakuten.co.jp/kitcut/cabinet/banner/kitcut/imgrc0067948711.jpg"" alt=""Last Update : 2017/05/25 9:27:12""></a></p>
<!-- ブックマークここまで -->
<!-- ネコポス文言 --><br><img src=http://image.rakuten.co.jp/kitcut/cabinet/nekopos.jpg><br><!-- ネコポス文言ここまで --><br><!-- 商品詳細 --><table class=item_explain border=0 cellspacing=0 cellpadding=0><tr><td>araree(アラリー)の「ピュアダイアモンド」は、強化ガラスと同じ表面硬度9Hのフィルムです。タッチ感が優れた液晶に最適化されたフィルムです。<br><br>・ 強化ガラスと同様の表面強度9Ｈ<br>PETフィルムの上にスーパーハードコーティングが施されており、強化ガラスと同様の表面硬度9Hに仕上がっています。端末をよりしっかりと衝撃や傷から保護します。<br><br>・ 優れたタッチ感<br>0.18mmのスリムなのに表面はガラスフィルムのような優れたタッチ感。<br>表面のタッチ感がよりソフトですべりが良く使用しやすくなっています。<br><br>・ オレオフォビックコーティング<br>撥油性を高めるコーティング方式で、油分や指紋、化粧品などから付く生活の汚れから液晶画面を保護します。<br><br>・ UV保護<br><br>・ 液晶が見やすい<br>レインボー現象を抑え、液晶が見やすくなっています。<br><br>・ 貼りやすい<br>シリコン粘着剤を使用しており表面に気泡が発生することを防ぐとともに、貼付も簡単です。<br><br><br>[仕様情報]<br>素材 : PET<br><br>[メーカー]アラリー araree<br>[商品型番] AR8336i5se<br>[バーコード] 8809468083363<br> <font color=""gray"">[性能] 光沢<br>[対応] iPhone SE<br>[対応] iPhone 5<br>[対応] iPhone 5s<br>[対応S] アイフォーン アイフォン  アイホーン アイホン iPhone </font><br></td></tr></table><br><br><!-- 商品詳細ここまで --><!--共通説明文（大）ここから-->

<table width=""800"" border=""0"" align=""center"">
  <tr>
    <td> <img src=""https://image.rakuten.co.jp/kitcut/cabinet/banner/05298098/imgrc0080334562.jpg"" width=""800px"" /></td>
  </tr>
</table>
<table width=""800"" border=""0"" align=""center"">
  <tr>
    <td> <img src=""https://image.rakuten.co.jp/kitcut/cabinet/banner/05298098/imgrc0080411111.jpg"" width=""800px"" /></td>
  </tr>
</table>

<!--横2列-->

<table width=""800"" border=""0"" align=""center"">
  <tr>
    <td> <img src=""https://image.rakuten.co.jp/kitcut/cabinet/top/05006737/imgrc0080402120.jpg"" width=""399"" /></td>
    
    <!--kickflip-->
    <td> <img src=""https://image.rakuten.co.jp/kitcut/cabinet/top/05006737/imgrc0080402031.jpg"" width=""399"" /></td>
  </tr>
</table>

<!--横2列-->

<table width=""800"" border=""0"" align=""center"">
  <tr>
    <td> <img src=""https://image.rakuten.co.jp/kitcut/cabinet/banner/05298098/imgrc0081316114.jpg"" width=""399"" /></td>
    <td> <img src=""https://image.rakuten.co.jp/kitcut/cabinet/banner/05298098/imgrc0080355902.jpg"" width=""399"" /></td>
  </tr>
</table>

<!--25周年の告知-->
<table width=""800"" border=""0"" align=""center"">
  <tr>
    <td> <img src=""http://image.rakuten.co.jp/kitcut/cabinet/banner/04802908/imgrc0073840290.jpg"" width=""399"" /></td>
    <td> <img src=""http://image.rakuten.co.jp/kitcut/cabinet/banner/04802908/imgrc0073840291.jpg"" width=""399"" /></td>
  </tr>
</table>

<!--6月5日(月)9:59まで　DEAL-->
<table width=""800"" border=""0"" align=""center"">
  <tr>
    <td> <img src=""https://image.rakuten.co.jp/kitcut/cabinet/special/imgrc0081361413.jpg"" width=""800px"" /> </td>
  </tr>
</table>

<!--6月5日(月)9:59まで　フラッシュセール-->


<table width=""800"" border=""0""align=""center"" style=""background-color:#444444; color:#F4D406; text-align: center; font-size:18px; border-radius: 5px;"" >
 <tr >
    <td colspan=""5"" ><img src=""https://image.rakuten.co.jp/kitcut/cabinet/special/imgrc0081361616.jpg"" alt="""" width=""99%"" /></td>
  </tr>
  <tr>
    <td><img src=""https://image.rakuten.co.jp/kitcut/cabinet/special/imgrc0081361618.jpg"" width=""97%"" /></td>
    <td><img src=""https://image.rakuten.co.jp/kitcut/cabinet/special/imgrc0081361617.jpg"" width=""97%"" /></td>
    <td><img src=""https://image.rakuten.co.jp/kitcut/cabinet/special/imgrc0081361619.jpg"" width=""97%"" /></td>
    <td><img src=""https://image.rakuten.co.jp/kitcut/cabinet/special/imgrc0081361620.jpg"" width=""97%"" /></td>
  </tr>
  <tr>
    <td colspan=""5"" >2017年6月1日（木）10:00～2017年6月6日（火）9:59迄</td>
  </tr>
</table>






<style type=""text/css"">

#item_attention_area {
  border: #D00 solid 2px;
}

#item_attention_area p{
  margin: 0;
  padding: 2px 5px;
  color: white;
  background-color: #D00;
}

#item_attention_area ul{
  margin:0;
  padding: 10px 15px 5px 15px;
  list-style: none;
}

#item_attention_area ul>li{
  margin-bottom: 5px;
}

@media (max-width:481px){
section table   { width: 100%; }

.item th  { width: 30%; text-align: left; }
.item td  { 
margin-bottom:10px;
display:table;
}    

@media only screen and (min-width:480px){
    .item { margin: 0 auto; }
   .item tr{
        display: block;
}
    .item th,
    .item td{
        max-width: 100%;
       display: block;
        border-top: none;
		margin-bottom:10px;	

}

</style>",[1200円OFFクーポン有][ネコポス可] araree iPhone SE / 5s / 5 液晶保護フィルム Pure Diamond 9H # AR8336i5se  アラリー (iPhone5/5s/SE 保護フィルム)：Apple専門店 キットカット,iPhone6 ケースiPhone 6 Plus ケースiPad Air 2 ケースiPad mini ケースAppleMacBook Pro ケースMacBook Air ケースbeats by dr.dreCatalystTHULEクラフトホリックiPad Pro ケースBOSEmoecoGILD designJBLヘッドホンイヤホンbluetoothスピーカー[1200円OFFクーポン有][ネコポス可] araree iPhone SE / 5s / 5 液晶保護フィルム Pure Diamond 9H # AR8336i5se  アラリー (iPhone5/5s/SE 保護フィルム),ガラスフィルムような優れたタッチ感が特徴の液晶保護フィルム。[1200円OFFクーポン有][ネコポス可] araree iPhone SE / 5s / 5 液晶保護フィルム Pure Diamond 9H # AR8336i5se  アラリー (iPhone5/5s/SE 保護フィルム)[rn]
32-93188,http://tshop.r10s.jp/kitcut/cabinet/item/35/prod-pict-436884.jpg?fitin=700:700,288.0000,,スマートフォン・タブレット > スマートフォンアクセサリー > その他,[1200円OFFクーポン有][ネコポス可] LEPLUS iPhone SE / 5s / 5c / 5  保護フィルム マット 「SHIELD・G HIGH SPEC FILM」 # LP-I5SEFLM  ルプラス (Apple製品関連アクセサリ),映り込みを軽減し、サラサラとした指触り,"<br>

<!-- 関連分類リンク-->
<a href=""http://item.rakuten.co.jp/kitcut/c/""><img src=""http://image.rakuten.co.jp/kitcut/cabinet/banner/kitcut/suggest-case.jpg""></a><br>
<!-- 関連分類リンクここまで--><!-- ブックマーク -->
<br><p class=""add_bookmark""><a href=""https://my.bookmark.rakuten.co.jp/?func=reg&svid=101&shop_bid=206376&iid=10075439&itype=1""><img src=""https://image.rakuten.co.jp/kitcut/cabinet/banner/kitcut/imgrc0067948711.jpg"" alt=""Last Update : 2017/05/25 9:26:49""></a></p>
<!-- ブックマークここまで --><hr>
<!-- バリエーション -->
【バリエーション】
<div class=""variation2"">
<a href=""https://item.rakuten.co.jp/kitcut/436883/""><img width=""100"" border=""0"" src=""https://image.rakuten.co.jp/kitcut/cabinet/item/35/prod-pict-436883.jpg""></a>
<a href=""https://item.rakuten.co.jp/kitcut/436884/""><img width=""100"" border=""0"" src=""https://image.rakuten.co.jp/kitcut/cabinet/item/35/prod-pict-436884.jpg""></a>
<a href=""https://item.rakuten.co.jp/kitcut/436885/""><img width=""100"" border=""0"" src=""https://image.rakuten.co.jp/kitcut/cabinet/item/35/prod-pict-436885.jpg""></a>
<a href=""https://item.rakuten.co.jp/kitcut/436886/""><img width=""100"" border=""0"" src=""https://image.rakuten.co.jp/kitcut/cabinet/item/35/prod-pict-436886.jpg""></a>
<a href=""https://item.rakuten.co.jp/kitcut/436887/""><img width=""100"" border=""0"" src=""https://image.rakuten.co.jp/kitcut/cabinet/item/35/prod-pict-436887.jpg""></a>
<a href=""https://item.rakuten.co.jp/kitcut/436888/""><img width=""100"" border=""0"" src=""https://image.rakuten.co.jp/kitcut/cabinet/item/35/prod-pict-436888.jpg""></a>
<a href=""https://item.rakuten.co.jp/kitcut/436889/""><img width=""100"" border=""0"" src=""https://image.rakuten.co.jp/kitcut/cabinet/item/35/prod-pict-436889.jpg""></a>
<a href=""https://item.rakuten.co.jp/kitcut/436890/""><img width=""100"" border=""0"" src=""https://image.rakuten.co.jp/kitcut/cabinet/item/35/prod-pict-436890.jpg""></a><br>
<font color=""gray"">[family] <a href=""http://search.rakuten.co.jp/search/inshop-mall/43688320551/-/f.1-p.1-s.2-sf.0-sid.206376-st.A-v.3"">43688320551</a></font></div>
<!-- バリエーションここまで -->
<!-- 注意事項 --><div id=""item_attention_area"">  <p>ご注意ください</p>  <ul>    <li>※ デザイン・仕様は変更になる場合がございます。   </li>  </ul></div><!-- 注意事項ここまで --> <!-- ネコポス文言 --><br><img src=http://image.rakuten.co.jp/kitcut/cabinet/nekopos.jpg><br><!-- ネコポス文言ここまで --><br><!-- 商品詳細 --><table class=item_explain border=0 cellspacing=0 cellpadding=0><tr><td>・ 低反射で映り込みを軽減し、指紋がつきにくい<br>・ 気泡が入りにくい特殊シリコン吸着面<br>・ 貼りやすい分割剥離フィルムで、位置合わせしやすい<br>・ 指紋軽減<br><br><br>[仕様情報]<br>素材 : PET<br>付属品 : 埃除去シール/クロス付属<br><br>[メーカー]ルプラス LEPLUS<br>[商品型番] LP-I5SEFLM<br>[バーコード] 4573267210551<br> <font color=""gray"">[性能] 非光沢<br>[性能] 指紋防止<br>[対応] iPhone 5s<br>[対応] iPhone 5c<br>[対応] iPhone 5<br>[対応] iPhone SE<br>[対応S] アイフォーン アイフォン  アイホーン アイホン iPhone<br>[対応S] 非光沢 アンチグレア ノングレア つや消し マット 反射防止 艶無しタイプ つやなし つや無し </font><br></td></tr></table><br><br><!-- 商品詳細ここまで --><!--共通説明文（大）ここから-->

<table width=""800"" border=""0"" align=""center"">
  <tr>
    <td> <img src=""https://image.rakuten.co.jp/kitcut/cabinet/banner/05298098/imgrc0080334562.jpg"" width=""800px"" /></td>
  </tr>
</table>
<table width=""800"" border=""0"" align=""center"">
  <tr>
    <td> <img src=""https://image.rakuten.co.jp/kitcut/cabinet/banner/05298098/imgrc0080411111.jpg"" width=""800px"" /></td>
  </tr>
</table>

<!--横2列-->

<table width=""800"" border=""0"" align=""center"">
  <tr>
    <td> <img src=""https://image.rakuten.co.jp/kitcut/cabinet/top/05006737/imgrc0080402120.jpg"" width=""399"" /></td>
    
    <!--kickflip-->
    <td> <img src=""https://image.rakuten.co.jp/kitcut/cabinet/top/05006737/imgrc0080402031.jpg"" width=""399"" /></td>
  </tr>
</table>

<!--横2列-->

<table width=""800"" border=""0"" align=""center"">
  <tr>
    <td> <img src=""https://image.rakuten.co.jp/kitcut/cabinet/banner/05298098/imgrc0081316114.jpg"" width=""399"" /></td>
    <td> <img src=""https://image.rakuten.co.jp/kitcut/cabinet/banner/05298098/imgrc0080355902.jpg"" width=""399"" /></td>
  </tr>
</table>

<!--25周年の告知-->
<table width=""800"" border=""0"" align=""center"">
  <tr>
    <td> <img src=""http://image.rakuten.co.jp/kitcut/cabinet/banner/04802908/imgrc0073840290.jpg"" width=""399"" /></td>
    <td> <img src=""http://image.rakuten.co.jp/kitcut/cabinet/banner/04802908/imgrc0073840291.jpg"" width=""399"" /></td>
  </tr>
</table>

<!--6月5日(月)9:59まで　DEAL-->
<table width=""800"" border=""0"" align=""center"">
  <tr>
    <td> <img src=""https://image.rakuten.co.jp/kitcut/cabinet/special/imgrc0081361413.jpg"" width=""800px"" /> </td>
  </tr>
</table>

<!--6月5日(月)9:59まで　フラッシュセール-->


<table width=""800"" border=""0""align=""center"" style=""background-color:#444444; color:#F4D406; text-align: center; font-size:18px; border-radius: 5px;"" >
 <tr >
    <td colspan=""5"" ><img src=""https://image.rakuten.co.jp/kitcut/cabinet/special/imgrc0081361616.jpg"" alt="""" width=""99%"" /></td>
  </tr>
  <tr>
    <td><img src=""https://image.rakuten.co.jp/kitcut/cabinet/special/imgrc0081361618.jpg"" width=""97%"" /></td>
    <td><img src=""https://image.rakuten.co.jp/kitcut/cabinet/special/imgrc0081361617.jpg"" width=""97%"" /></td>
    <td><img src=""https://image.rakuten.co.jp/kitcut/cabinet/special/imgrc0081361619.jpg"" width=""97%"" /></td>
    <td><img src=""https://image.rakuten.co.jp/kitcut/cabinet/special/imgrc0081361620.jpg"" width=""97%"" /></td>
  </tr>
  <tr>
    <td colspan=""5"" >2017年6月1日（木）10:00～2017年6月6日（火）9:59迄</td>
  </tr>
</table>






<style type=""text/css"">

#item_attention_area {
  border: #D00 solid 2px;
}

#item_attention_area p{
  margin: 0;
  padding: 2px 5px;
  color: white;
  background-color: #D00;
}

#item_attention_area ul{
  margin:0;
  padding: 10px 15px 5px 15px;
  list-style: none;
}

#item_attention_area ul>li{
  margin-bottom: 5px;
}

@media (max-width:481px){
section table   { width: 100%; }

.item th  { width: 30%; text-align: left; }
.item td  { 
margin-bottom:10px;
display:table;
}    

@media only screen and (min-width:480px){
    .item { margin: 0 auto; }
   .item tr{
        display: block;
}
    .item th,
    .item td{
        max-width: 100%;
       display: block;
        border-top: none;
		margin-bottom:10px;	

}

</style>",[1200円OFFクーポン有][ネコポス可] LEPLUS iPhone SE / 5s / 5c / 5  保護フィルム マット 「SHIELD・G HIGH SPEC FILM」 # LP-I5SEFLM  ルプラス (Apple製品関連アクセサリ)：Apple専門店 キットカット,iPhone6 ケースiPhone 6 Plus ケースiPad Air 2 ケースiPad mini ケースAppleMacBook Pro ケースMacBook Air ケースbeats by dr.dreCatalystTHULEクラフトホリックiPad Pro ケースBOSEmoecoGILD designJBLヘッドホンイヤホンbluetoothスピーカー[1200円OFFクーポン有][ネコポス可] LEPLUS iPhone SE / 5s / 5c / 5  保護フィルム マット 「SHIELD・G HIGH SPEC FILM」 # LP-I5SEFLM  ルプラス (Apple製品関連アクセサリ),映り込みを軽減し、サラサラとした指触り。[1200円OFFクーポン有][ネコポス可] LEPLUS iPhone SE / 5s / 5c / 5  保護フィルム マット 「SHIELD・G HIGH SPEC FILM」 # LP-I5SEFLM  ルプラス (Apple製品関連アクセサリ)[rn]
32-93189,http://tshop.r10s.jp/kitcut/cabinet/item/7/prod-pict-272890.jpg?fitin=700:700,354.4000,,スマートフォン・タブレット > スマートフォンアクセサリー > その他,[1200円OFFクーポン有][ネコポス可] ELECOM iPhone 5 / 5s / 5c / SE 用 フィルム(反射防止) (すべてのiPhone 5に対応) (非光沢) # PS-A12FLA  エレコム (Apple製品関連アクセサリ),気泡がキレイに抜けるエアレスタイプの液晶保護フィルム,"<br>

<!-- 関連分類リンク-->
<a href=""http://item.rakuten.co.jp/kitcut/c/""><img src=""http://image.rakuten.co.jp/kitcut/cabinet/banner/kitcut/suggest-case.jpg""></a><br>
<!-- 関連分類リンクここまで--><!-- ブックマーク -->
<br><p class=""add_bookmark""><a href=""https://my.bookmark.rakuten.co.jp/?func=reg&svid=101&shop_bid=206376&iid=10029653&itype=1""><img src=""https://image.rakuten.co.jp/kitcut/cabinet/banner/kitcut/imgrc0067948711.jpg"" alt=""Last Update : 2017/05/25 9:22:40""></a></p>
<!-- ブックマークここまで --><hr>
<!-- バリエーション -->
【バリエーション】
<div class=""variation2"">
<a href=""https://item.rakuten.co.jp/kitcut/272890/""><img width=""100"" border=""0"" src=""https://image.rakuten.co.jp/kitcut/cabinet/item/7/prod-pict-272890.jpg""></a>
<a href=""https://item.rakuten.co.jp/kitcut/272892/""><img width=""100"" border=""0"" src=""https://image.rakuten.co.jp/kitcut/cabinet/item/7/prod-pict-272892.jpg""></a>
<a href=""https://item.rakuten.co.jp/kitcut/272894/""><img width=""100"" border=""0"" src=""https://image.rakuten.co.jp/kitcut/cabinet/item/7/prod-pict-272894.jpg""></a>
<a href=""https://item.rakuten.co.jp/kitcut/272897/""><img width=""100"" border=""0"" src=""https://image.rakuten.co.jp/kitcut/cabinet/item/8/prod-pict-272897.jpg""></a>
<a href=""https://item.rakuten.co.jp/kitcut/272900/""><img width=""100"" border=""0"" src=""https://image.rakuten.co.jp/kitcut/cabinet/item/7/prod-pict-272900.jpg""></a>
<a href=""https://item.rakuten.co.jp/kitcut/272903/""><img width=""100"" border=""0"" src=""https://image.rakuten.co.jp/kitcut/cabinet/item/7/prod-pict-272903.jpg""></a><br>
<font color=""gray"">[family] <a href=""http://search.rakuten.co.jp/search/inshop-mall/272905833/-/f.1-p.1-s.2-sf.0-sid.206376-st.A-v.3"">272905833</a></font></div>
<!-- バリエーションここまで -->
<!-- ネコポス文言 --><br>
<img src='http://image.rakuten.co.jp/kitcut/cabinet/nekopos.jpg'><br>
<!-- ネコポス文言ここまで --><br><!-- 商品詳細 -->
<table class='item_explain' border='0' cellspacing='0' cellpadding='0'>
<tr>
<td>
気泡がきれいに抜けるエアレスタイプ!<br>
iPhone 5 / 5s の液晶画面をキズや汚れから守り、スベスベした快適な操作を実現する、反射防止タイプの液晶保護フィルム。<br>
<br>
・ iPhone 5 / 5s の液晶画面をキズや汚れから守る、反射防止タイプの液晶保護フィルムです。<br>
・ 時間の経過とともに気泡が目立たなくなる特殊吸着層を採用したエアレスタイプです。<br>
・ 小さな気泡ができたときには、指などで押し出すことで気泡を抜くことができます。<br>
・ 硬度の高いハードタイプのフィルムで、液晶画面をキズや汚れからしっかり保護します。<br>
・ フィルムを貼ったままでも本体操作ができるタッチスクリーン入力に対応しており、摩擦を軽減した表面仕上げで、スベスベした快適な操作を実現します。<br>
・ 光の映り込みを抑え見やすい画面を実現する、反射防止仕様です。<br>
・ 貼り付け面にシリコン皮膜をコーティングし、接着剤や両面テープを使わずに貼り付け可能な自己吸着タイプです。貼りやすく、貼り直しも可能です。吸着力は水洗いで回復します。<br>
・ iPhone5 にぴったりのサイズにカット済みなので、パッケージから取り出してすぐに使用可能です。<br>
<br>
【仕様】<br>
　対応機種 : iPhone 5 / 5s / 5c<br>
セット内容 : 液晶保護フィルム(エアーレス反射防止仕様)x1、ホコリ取りシールx1、クリーニングクロスx1<br>
　　　材質 : 接合面:シリコン、外側:PET<br>
<br><br>
[メーカー]エレコム ELECOM (エレコム)<br>
[商品型番] PS-A12FLA<br>
[バーコード] 4953103965355<br>

<font color=""gray"">
[性能] 非光沢<br>[製品] 保護フィルム<br>[対応] iPhone5<br>[対応] iPhone 5s<br>[対応] iPhone 5c<br>[対応] iPhone SE<br>[対応S] アイフォーン アイフォン  アイホーン アイホン iPhone<br>[対応S] 非光沢 アンチグレア ノングレア つや消し マット 反射防止 艶無しタイプ つやなし つや無し
</font><br>
</td>
</tr>
</table><br><br>
<!-- 商品詳細ここまで --><!--共通説明文（大）ここから-->

<table width=""800"" border=""0"" align=""center"">
  <tr>
    <td> <img src=""https://image.rakuten.co.jp/kitcut/cabinet/banner/05298098/imgrc0080334562.jpg"" width=""800px"" /></td>
  </tr>
</table>
<table width=""800"" border=""0"" align=""center"">
  <tr>
    <td> <img src=""https://image.rakuten.co.jp/kitcut/cabinet/banner/05298098/imgrc0080411111.jpg"" width=""800px"" /></td>
  </tr>
</table>

<!--横2列-->

<table width=""800"" border=""0"" align=""center"">
  <tr>
    <td> <img src=""https://image.rakuten.co.jp/kitcut/cabinet/top/05006737/imgrc0080402120.jpg"" width=""399"" /></td>
    
    <!--kickflip-->
    <td> <img src=""https://image.rakuten.co.jp/kitcut/cabinet/top/05006737/imgrc0080402031.jpg"" width=""399"" /></td>
  </tr>
</table>

<!--横2列-->

<table width=""800"" border=""0"" align=""center"">
  <tr>
    <td> <img src=""https://image.rakuten.co.jp/kitcut/cabinet/banner/05298098/imgrc0081316114.jpg"" width=""399"" /></td>
    <td> <img src=""https://image.rakuten.co.jp/kitcut/cabinet/banner/05298098/imgrc0080355902.jpg"" width=""399"" /></td>
  </tr>
</table>

<!--25周年の告知-->
<table width=""800"" border=""0"" align=""center"">
  <tr>
    <td> <img src=""http://image.rakuten.co.jp/kitcut/cabinet/banner/04802908/imgrc0073840290.jpg"" width=""399"" /></td>
    <td> <img src=""http://image.rakuten.co.jp/kitcut/cabinet/banner/04802908/imgrc0073840291.jpg"" width=""399"" /></td>
  </tr>
</table>

<!--6月5日(月)9:59まで　DEAL-->
<table width=""800"" border=""0"" align=""center"">
  <tr>
    <td> <img src=""https://image.rakuten.co.jp/kitcut/cabinet/special/imgrc0081361413.jpg"" width=""800px"" /> </td>
  </tr>
</table>

<!--6月5日(月)9:59まで　フラッシュセール-->


<table width=""800"" border=""0""align=""center"" style=""background-color:#444444; color:#F4D406; text-align: center; font-size:18px; border-radius: 5px;"" >
 <tr >
    <td colspan=""5"" ><img src=""https://image.rakuten.co.jp/kitcut/cabinet/special/imgrc0081361616.jpg"" alt="""" width=""99%"" /></td>
  </tr>
  <tr>
    <td><img src=""https://image.rakuten.co.jp/kitcut/cabinet/special/imgrc0081361618.jpg"" width=""97%"" /></td>
    <td><img src=""https://image.rakuten.co.jp/kitcut/cabinet/special/imgrc0081361617.jpg"" width=""97%"" /></td>
    <td><img src=""https://image.rakuten.co.jp/kitcut/cabinet/special/imgrc0081361619.jpg"" width=""97%"" /></td>
    <td><img src=""https://image.rakuten.co.jp/kitcut/cabinet/special/imgrc0081361620.jpg"" width=""97%"" /></td>
  </tr>
  <tr>
    <td colspan=""5"" >2017年6月1日（木）10:00～2017年6月6日（火）9:59迄</td>
  </tr>
</table>






<style type=""text/css"">

#item_attention_area {
  border: #D00 solid 2px;
}

#item_attention_area p{
  margin: 0;
  padding: 2px 5px;
  color: white;
  background-color: #D00;
}

#item_attention_area ul{
  margin:0;
  padding: 10px 15px 5px 15px;
  list-style: none;
}

#item_attention_area ul>li{
  margin-bottom: 5px;
}

@media (max-width:481px){
section table   { width: 100%; }

.item th  { width: 30%; text-align: left; }
.item td  { 
margin-bottom:10px;
display:table;
}    

@media only screen and (min-width:480px){
    .item { margin: 0 auto; }
   .item tr{
        display: block;
}
    .item th,
    .item td{
        max-width: 100%;
       display: block;
        border-top: none;
		margin-bottom:10px;	

}

</style>",[1200円OFFクーポン有][ネコポス可] ELECOM iPhone 5 / 5s / 5c / SE 用 フィルム(反射防止) (すべてのiPhone 5に対応) (非光沢) # PS-A12FLA  エレコム (Apple製品関連アクセサリ)：Apple専門店 キットカット,iPhone6 ケースiPhone 6 Plus ケースiPad Air 2 ケースiPad mini ケースAppleMacBook Pro ケースMacBook Air ケースbeats by dr.dreCatalystTHULEクラフトホリックiPad Pro ケースBOSEmoecoGILD designJBLヘッドホンイヤホンbluetoothスピーカー[1200円OFFクーポン有][ネコポス可] ELECOM iPhone 5 / 5s / 5c / SE 用 フィルム(反射防止) (すべてのiPhone 5に対応) (非光沢) # PS-A12FLA  エレコム (Apple製品関連アクセサリ),気泡がキレイに抜けるエアレスタイプの液晶保護フィルム。[1200円OFFクーポン有][ネコポス可] ELECOM iPhone 5 / 5s / 5c / SE 用 フィルム(反射防止) (すべてのiPhone 5に対応) (非光沢) # PS-A12FLA  エレコム (Apple製品関連アクセサリ)[rn]
32-93190,http://tshop.r10s.jp/kitcut/cabinet/item/23/prod-pict-290477.jpg?fitin=700:700,472.0000,,スマートフォン・タブレット > スマートフォンアクセサリー > その他,[1200円OFFクーポン有][ネコポス可] ELECOM iPhone 5 / 5s / 5c / SE 用 プレイゲームフィルム(反射防止) # PS-A13FLGM  エレコム (Apple製品関連アクセサリ),なめらかな指すべりで快適にゲームの操作ができる保護フィルム,"<br>

<!-- 関連分類リンク-->
<a href=""http://item.rakuten.co.jp/kitcut/c/""><img src=""http://image.rakuten.co.jp/kitcut/cabinet/banner/kitcut/suggest-case.jpg""></a><br>
<!-- 関連分類リンクここまで--><!-- ブックマーク -->
<br><p class=""add_bookmark""><a href=""https://my.bookmark.rakuten.co.jp/?func=reg&svid=101&shop_bid=206376&iid=10047584&itype=1""><img src=""https://image.rakuten.co.jp/kitcut/cabinet/banner/kitcut/imgrc0067948711.jpg"" alt=""Last Update : 2017/05/25 9:23:44""></a></p>
<!-- ブックマークここまで --><hr>
<!-- バリエーション -->
【バリエーション】
<div class=""variation2"">
<a href=""https://item.rakuten.co.jp/kitcut/290477/""><img width=""100"" border=""0"" src=""https://image.rakuten.co.jp/kitcut/cabinet/item/23/prod-pict-290477.jpg""></a>
<a href=""https://item.rakuten.co.jp/kitcut/290478/""><img width=""100"" border=""0"" src=""https://image.rakuten.co.jp/kitcut/cabinet/item/23/prod-pict-290478.jpg""></a><br>
<font color=""gray"">[family] <a href=""http://search.rakuten.co.jp/search/inshop-mall/29047911151/-/f.1-p.1-s.2-sf.0-sid.206376-st.A-v.3"">29047911151</a></font></div>
<!-- バリエーションここまで -->
<!-- ネコポス文言 --><br>
<img src='http://image.rakuten.co.jp/kitcut/cabinet/nekopos.jpg'><br>
<!-- ネコポス文言ここまで --><br><!-- 商品詳細 -->
<table class='item_explain' border='0' cellspacing='0' cellpadding='0'>
<tr>
<td>
気泡がキレイに抜けるエアレスタイプ!iPhone 5/5s/5cの液晶画面をキズや汚れから守り、なめらかな指すべりで快適にゲームの操作ができるスーパースムースタイプの液晶保護フィルム!<br>
<br>
・ 入った気泡が24時間後に消える<br>
貼る際に気泡が入りにくく、入った場合でも時間の経過とともに気泡が分散され目立たなくなります。また、小さなホコリ等を吸収し画面に気泡が残りません。<br>
<br>
・ 光の反射・映り込みを抑える<br>
画面のチラつきを抑えるAG(アンチグレア)加工により、光の映り込みを防ぎ、目に優しく見やすい画面を保ちます。<br>
<br>
・ 指紋が付きにく簡単に拭き取れる<br>
フィルム表面の指紋防止加工により、指紋が付きにくく残った場合でも簡単に拭き取れます。タッチ操作をしても指紋が目立ちにくくなっています。<br>
<br>
・ 指すべりがなめらかで操作が快適<br>
スーパースムースコート加工により、指すべりがなめらかになり、画面上での操作がスムーズで快適になります。<br>
<br>
・ 傷が付きにくくフィルムをきれいに保つ<br>
爪(硬度２H程度)よりも硬い鉛筆硬度3H(※)のハードコート加工により、傷が付きにくくフィルムをきれいな状態のまま長く保ちます。※鉛筆硬度３Hは実力値です。<br>
<br>
・ 失敗しても貼り直しができる<br>
シリコン素材の吸着面により、フィルムをはがしても吸着力を損ねずに貼り直すことが可能です。<br>
<br>
・ 置くだけで自然に貼り付き貼りやすい<br>
自己吸着加工により、フィルムを置くだけで自然と画面に貼り付きます。<br>
<br>
・ フィルムの貼り付けが簡単<br>
ハーフカットフィルムを採用しているため、フィルムの貼り付けが簡単にできます。<br>
<br>
・ 安心の日本製<br>
日本の徹底した品質管理の下製造されていますので、安心してご使用いただけます。<br>
<br>
・ iPhone 5/5s/5cの液晶画面をキズや汚れから守る、スムースタッチタイプの液晶保護フィルムです。<br>
・ 時間の経過とともに気泡が目立たなくなる特殊吸着層を採用しています。<br>
・ 小さな気泡ができたときには、指などで押し出すことで気泡を抜くことができます。<br>
・ なめらかな指すべりで快適に操作でき、指紋が目立ちにくいスーパースムースコートを施しています。<br>
・ 光の映り込みを抑え見やすい画面を実現する、反射防止タイプです。<br>
・ フィルムを貼ったままでも本体操作ができるタッチスクリーン入力に対応しています。<br>
・ 貼り付け面にシリコン皮膜をコーティングし、接着剤や両面テープを使わずに貼り付け可能な自己吸着タイプです。貼りやすく、貼り直しも可能です。吸着力は水洗いで回復します。<br>
<br>
【仕様】<br>
　対応機種 : iPhone 5 <br>
　　　　　　iPhone 5s<br>
　　　　　　iPhone 5c<br>
セット内容 : 液晶保護フィルム(エアーレススーパースムース反射防止仕様)x1、ホコリ取りシールx1、クリーニングクロスx1<br>
　　　材質 : 接合面:シリコン、外側:PET<br>
<br>
※ 仕様は予告なく変更する事がありますので、あらかじめご了承ください。<br>
<br>
<br><br>
[メーカー]エレコム ELECOM (エレコム)<br>
[商品型番] PS-A13FLGM<br>
[バーコード] 4953103411357<br>

<font color=""gray"">
[性能] 非光沢<br>[性能] MADE IN JAPAN<br>[対応] iPhone 5c<br>[対応] iPhone 5s<br>[対応] iPhone 5<br>[対応] iPhone SE<br>[対応S] アイフォーン アイフォン  アイホーン アイホン iPhone<br>[対応S] 非光沢 アンチグレア ノングレア つや消し マット 反射防止 艶無しタイプ つやなし つや無し
</font><br>
</td>
</tr>
</table><br><br>
<!-- 商品詳細ここまで --><!--共通説明文（大）ここから-->

<table width=""800"" border=""0"" align=""center"">
  <tr>
    <td> <img src=""https://image.rakuten.co.jp/kitcut/cabinet/banner/05298098/imgrc0080334562.jpg"" width=""800px"" /></td>
  </tr>
</table>
<table width=""800"" border=""0"" align=""center"">
  <tr>
    <td> <img src=""https://image.rakuten.co.jp/kitcut/cabinet/banner/05298098/imgrc0080411111.jpg"" width=""800px"" /></td>
  </tr>
</table>

<!--横2列-->

<table width=""800"" border=""0"" align=""center"">
  <tr>
    <td> <img src=""https://image.rakuten.co.jp/kitcut/cabinet/top/05006737/imgrc0080402120.jpg"" width=""399"" /></td>
    
    <!--kickflip-->
    <td> <img src=""https://image.rakuten.co.jp/kitcut/cabinet/top/05006737/imgrc0080402031.jpg"" width=""399"" /></td>
  </tr>
</table>

<!--横2列-->

<table width=""800"" border=""0"" align=""center"">
  <tr>
    <td> <img src=""https://image.rakuten.co.jp/kitcut/cabinet/banner/05298098/imgrc0081316114.jpg"" width=""399"" /></td>
    <td> <img src=""https://image.rakuten.co.jp/kitcut/cabinet/banner/05298098/imgrc0080355902.jpg"" width=""399"" /></td>
  </tr>
</table>

<!--25周年の告知-->
<table width=""800"" border=""0"" align=""center"">
  <tr>
    <td> <img src=""http://image.rakuten.co.jp/kitcut/cabinet/banner/04802908/imgrc0073840290.jpg"" width=""399"" /></td>
    <td> <img src=""http://image.rakuten.co.jp/kitcut/cabinet/banner/04802908/imgrc0073840291.jpg"" width=""399"" /></td>
  </tr>
</table>

<!--6月5日(月)9:59まで　DEAL-->
<table width=""800"" border=""0"" align=""center"">
  <tr>
    <td> <img src=""https://image.rakuten.co.jp/kitcut/cabinet/special/imgrc0081361413.jpg"" width=""800px"" /> </td>
  </tr>
</table>

<!--6月5日(月)9:59まで　フラッシュセール-->


<table width=""800"" border=""0""align=""center"" style=""background-color:#444444; color:#F4D406; text-align: center; font-size:18px; border-radius: 5px;"" >
 <tr >
    <td colspan=""5"" ><img src=""https://image.rakuten.co.jp/kitcut/cabinet/special/imgrc0081361616.jpg"" alt="""" width=""99%"" /></td>
  </tr>
  <tr>
    <td><img src=""https://image.rakuten.co.jp/kitcut/cabinet/special/imgrc0081361618.jpg"" width=""97%"" /></td>
    <td><img src=""https://image.rakuten.co.jp/kitcut/cabinet/special/imgrc0081361617.jpg"" width=""97%"" /></td>
    <td><img src=""https://image.rakuten.co.jp/kitcut/cabinet/special/imgrc0081361619.jpg"" width=""97%"" /></td>
    <td><img src=""https://image.rakuten.co.jp/kitcut/cabinet/special/imgrc0081361620.jpg"" width=""97%"" /></td>
  </tr>
  <tr>
    <td colspan=""5"" >2017年6月1日（木）10:00～2017年6月6日（火）9:59迄</td>
  </tr>
</table>






<style type=""text/css"">

#item_attention_area {
  border: #D00 solid 2px;
}

#item_attention_area p{
  margin: 0;
  padding: 2px 5px;
  color: white;
  background-color: #D00;
}

#item_attention_area ul{
  margin:0;
  padding: 10px 15px 5px 15px;
  list-style: none;
}

#item_attention_area ul>li{
  margin-bottom: 5px;
}

@media (max-width:481px){
section table   { width: 100%; }

.item th  { width: 30%; text-align: left; }
.item td  { 
margin-bottom:10px;
display:table;
}    

@media only screen and (min-width:480px){
    .item { margin: 0 auto; }
   .item tr{
        display: block;
}
    .item th,
    .item td{
        max-width: 100%;
       display: block;
        border-top: none;
		margin-bottom:10px;	

}

</style>",[1200円OFFクーポン有][ネコポス可] ELECOM iPhone 5 / 5s / 5c / SE 用 プレイゲームフィルム(反射防止) # PS-A13FLGM  エレコム (Apple製品関連アクセサリ)：Apple専門店 キットカット,iPhone6 ケースiPhone 6 Plus ケースiPad Air 2 ケースiPad mini ケースAppleMacBook Pro ケースMacBook Air ケースbeats by dr.dreCatalystTHULEクラフトホリックiPad Pro ケースBOSEmoecoGILD designJBLヘッドホンイヤホンbluetoothスピーカー[1200円OFFクーポン有][ネコポス可] ELECOM iPhone 5 / 5s / 5c / SE 用 プレイゲームフィルム(反射防止) # PS-A13FLGM  エレコム (Apple製品関連アクセサリ),なめらかな指すべりで快適にゲームの操作ができる保護フィルム。[1200円OFFクーポン有][ネコポス可] ELECOM iPhone 5 / 5s / 5c / SE 用 プレイゲームフィルム(反射防止) # PS-A13FLGM  エレコム (Apple製品関連アクセサリ)[rn]
32-93191,http://tshop.r10s.jp/kitcut/cabinet/item/35/prod-pict-437155.jpg?fitin=700:700,400.0000,,スマートフォン・タブレット > スマートフォンアクセサリー > その他,[1200円OFFクーポン有][ネコポス可] Ray Out iPhone SE / 5s / 5c / 5 液晶保護フィルム 指紋 反射防止 # RT-P11SF/B1  レイアウト (Apple製品関連アクセサリ),反射と指紋を防ぐ。映り込みが少なく画面が見やすい!,"<br>

<!-- 関連分類リンク-->
<a href=""http://item.rakuten.co.jp/kitcut/c/""><img src=""http://image.rakuten.co.jp/kitcut/cabinet/banner/kitcut/suggest-case.jpg""></a><br>
<!-- 関連分類リンクここまで--><!-- ブックマーク -->
<br><p class=""add_bookmark""><a href=""https://my.bookmark.rakuten.co.jp/?func=reg&svid=101&shop_bid=206376&iid=10075487&itype=1""><img src=""https://image.rakuten.co.jp/kitcut/cabinet/banner/kitcut/imgrc0067948711.jpg"" alt=""Last Update : 2017/05/25 9:26:52""></a></p>
<!-- ブックマークここまで --><hr>
<!-- バリエーション -->
【バリエーション】
<div class=""variation2"">
<a href=""https://item.rakuten.co.jp/kitcut/437154/""><img width=""100"" border=""0"" src=""https://image.rakuten.co.jp/kitcut/cabinet/item/35/prod-pict-437154.jpg""></a>
<a href=""https://item.rakuten.co.jp/kitcut/437155/""><img width=""100"" border=""0"" src=""https://image.rakuten.co.jp/kitcut/cabinet/item/35/prod-pict-437155.jpg""></a>
<a href=""https://item.rakuten.co.jp/kitcut/437156/""><img width=""100"" border=""0"" src=""https://image.rakuten.co.jp/kitcut/cabinet/item/35/prod-pict-437156.jpg""></a>
<a href=""https://item.rakuten.co.jp/kitcut/437157/""><img width=""100"" border=""0"" src=""https://image.rakuten.co.jp/kitcut/cabinet/item/35/prod-pict-437157.jpg""></a>
<a href=""https://item.rakuten.co.jp/kitcut/437158/""><img width=""100"" border=""0"" src=""https://image.rakuten.co.jp/kitcut/cabinet/item/35/prod-pict-437158.jpg""></a>
<a href=""https://item.rakuten.co.jp/kitcut/437159/""><img width=""100"" border=""0"" src=""https://image.rakuten.co.jp/kitcut/cabinet/item/35/prod-pict-437159.jpg""></a><br>
<font color=""gray"">[family] <a href=""http://search.rakuten.co.jp/search/inshop-mall/43715910201/-/f.1-p.1-s.2-sf.0-sid.206376-st.A-v.3"">43715910201</a></font></div>
<!-- バリエーションここまで -->
<!-- ネコポス文言 --><br>
<img src='http://image.rakuten.co.jp/kitcut/cabinet/nekopos.jpg'><br>
<!-- ネコポス文言ここまで --><br><!-- 商品詳細 -->
<table class='item_explain' border='0' cellspacing='0' cellpadding='0'>
<tr>
<td>
反射と指紋を防ぐ。蛍光灯などの映り込みが少なく画面が見やすい!<br>
<br>
・ 反射防止(アンチグレア)<br>
太陽光や蛍光灯の写りこみが少ないのがアンチグレアの特徴。つや消し加工で不快なギラツキを抑えます。<br>
<br>
・ さらさらタッチ<br>
さらさらした質感がタッチ操作をスムーズにします。<br>
<br>
・ 指紋や皮脂が付きにくい<br>
表面に指紋防止加工を施すことで指紋が目立ちにくくなり、ベタつきによる操作性・視認性の低下を軽減します。<br>
<br>
・ 傷に強い<br>
表面のハードコートにより傷や擦れに強いフィルムです。(表面鉛筆硬度 : 2H)<br>
<br>
・ 簡単貼りつけ「Quick Scope」付き!<br>
ぴったり貼れる!新開発貼り付けキット「Quick Scope」付き! 狙った場所は外さない!液晶フィルム貼り付けがとても楽に行えます。 (特許申請中)<br>
[仕様情報]<br>
材質 : シリコン膜(液晶保護フィルム吸着面)<br>
　　　PET(液晶保護フィルム表面)<br>
製品内容 : 液晶保護フィルム 指紋 反射防止<br>
　　　　　クロス<br><br>
[メーカー]レイアウト Ray Out<br>
[商品型番] RT-P11SF/B1<br>
[バーコード] 4562356997138<br>

<font color=""gray"">
[性能] 指紋防止<br>[性能] 非光沢<br>[対応] iPhone 5<br>[対応] iPhone 5c<br>[対応] iPhone 5s<br>[対応] iPhone SE<br>[対応S] アイフォーン アイフォン  アイホーン アイホン iPhone<br>[対応S] 非光沢 アンチグレア ノングレア つや消し マット 反射防止 艶無しタイプ つやなし つや無し
</font><br>
</td>
</tr>
</table><br><br>
<!-- 商品詳細ここまで --><!--共通説明文（大）ここから-->

<table width=""800"" border=""0"" align=""center"">
  <tr>
    <td> <img src=""https://image.rakuten.co.jp/kitcut/cabinet/banner/05298098/imgrc0080334562.jpg"" width=""800px"" /></td>
  </tr>
</table>
<table width=""800"" border=""0"" align=""center"">
  <tr>
    <td> <img src=""https://image.rakuten.co.jp/kitcut/cabinet/banner/05298098/imgrc0080411111.jpg"" width=""800px"" /></td>
  </tr>
</table>

<!--横2列-->

<table width=""800"" border=""0"" align=""center"">
  <tr>
    <td> <img src=""https://image.rakuten.co.jp/kitcut/cabinet/top/05006737/imgrc0080402120.jpg"" width=""399"" /></td>
    
    <!--kickflip-->
    <td> <img src=""https://image.rakuten.co.jp/kitcut/cabinet/top/05006737/imgrc0080402031.jpg"" width=""399"" /></td>
  </tr>
</table>

<!--横2列-->

<table width=""800"" border=""0"" align=""center"">
  <tr>
    <td> <img src=""https://image.rakuten.co.jp/kitcut/cabinet/banner/05298098/imgrc0081316114.jpg"" width=""399"" /></td>
    <td> <img src=""https://image.rakuten.co.jp/kitcut/cabinet/banner/05298098/imgrc0080355902.jpg"" width=""399"" /></td>
  </tr>
</table>

<!--25周年の告知-->
<table width=""800"" border=""0"" align=""center"">
  <tr>
    <td> <img src=""http://image.rakuten.co.jp/kitcut/cabinet/banner/04802908/imgrc0073840290.jpg"" width=""399"" /></td>
    <td> <img src=""http://image.rakuten.co.jp/kitcut/cabinet/banner/04802908/imgrc0073840291.jpg"" width=""399"" /></td>
  </tr>
</table>

<!--6月5日(月)9:59まで　DEAL-->
<table width=""800"" border=""0"" align=""center"">
  <tr>
    <td> <img src=""https://image.rakuten.co.jp/kitcut/cabinet/special/imgrc0081361413.jpg"" width=""800px"" /> </td>
  </tr>
</table>

<!--6月5日(月)9:59まで　フラッシュセール-->


<table width=""800"" border=""0""align=""center"" style=""background-color:#444444; color:#F4D406; text-align: center; font-size:18px; border-radius: 5px;"" >
 <tr >
    <td colspan=""5"" ><img src=""https://image.rakuten.co.jp/kitcut/cabinet/special/imgrc0081361616.jpg"" alt="""" width=""99%"" /></td>
  </tr>
  <tr>
    <td><img src=""https://image.rakuten.co.jp/kitcut/cabinet/special/imgrc0081361618.jpg"" width=""97%"" /></td>
    <td><img src=""https://image.rakuten.co.jp/kitcut/cabinet/special/imgrc0081361617.jpg"" width=""97%"" /></td>
    <td><img src=""https://image.rakuten.co.jp/kitcut/cabinet/special/imgrc0081361619.jpg"" width=""97%"" /></td>
    <td><img src=""https://image.rakuten.co.jp/kitcut/cabinet/special/imgrc0081361620.jpg"" width=""97%"" /></td>
  </tr>
  <tr>
    <td colspan=""5"" >2017年6月1日（木）10:00～2017年6月6日（火）9:59迄</td>
  </tr>
</table>






<style type=""text/css"">

#item_attention_area {
  border: #D00 solid 2px;
}

#item_attention_area p{
  margin: 0;
  padding: 2px 5px;
  color: white;
  background-color: #D00;
}

#item_attention_area ul{
  margin:0;
  padding: 10px 15px 5px 15px;
  list-style: none;
}

#item_attention_area ul>li{
  margin-bottom: 5px;
}

@media (max-width:481px){
section table   { width: 100%; }

.item th  { width: 30%; text-align: left; }
.item td  { 
margin-bottom:10px;
display:table;
}    

@media only screen and (min-width:480px){
    .item { margin: 0 auto; }
   .item tr{
        display: block;
}
    .item th,
    .item td{
        max-width: 100%;
       display: block;
        border-top: none;
		margin-bottom:10px;	

}

</style>",[1200円OFFクーポン有][ネコポス可] Ray Out iPhone SE / 5s / 5c / 5 液晶保護フィルム 指紋 反射防止 # RT-P11SF/B1  レイアウト (Apple製品関連アクセサリ)：Apple専門店 キットカット,iPhone6 ケースiPhone 6 Plus ケースiPad Air 2 ケースiPad mini ケースAppleMacBook Pro ケースMacBook Air ケースbeats by dr.dreCatalystTHULEクラフトホリックiPad Pro ケースBOSEmoecoGILD designJBLヘッドホンイヤホンbluetoothスピーカー[1200円OFFクーポン有][ネコポス可] Ray Out iPhone SE / 5s / 5c / 5 液晶保護フィルム 指紋 反射防止 # RT-P11SF/B1  レイアウト (Apple製品関連アクセサリ),反射と指紋を防ぐ。映り込みが少なく画面が見やすい!。[1200円OFFクーポン有][ネコポス可] Ray Out iPhone SE / 5s / 5c / 5 液晶保護フィルム 指紋 反射防止 # RT-P11SF/B1  レイアウト (Apple製品関連アクセサリ)[rn]
32-93192,http://tshop.r10s.jp/kitcut/cabinet/item/35/prod-pict-438041.jpg?fitin=700:700,872.0000,,スマートフォン・タブレット > スマートフォンアクセサリー > その他,[1200円OFFクーポン有][ネコポス可] PGA iPhone SE / 5s / 5c / 5用 液晶保護フィルム覗き見防止 # PG-I5EMB01  ピージーエー (Apple製品関連アクセサリ),iPhone SE/5s/5c/5用のぞき見防止フィルムです,"<br>

<!-- 関連分類リンク-->
<a href=""http://item.rakuten.co.jp/kitcut/c/""><img src=""http://image.rakuten.co.jp/kitcut/cabinet/banner/kitcut/suggest-case.jpg""></a><br>
<!-- 関連分類リンクここまで--><!-- ブックマーク -->
<br><p class=""add_bookmark""><a href=""https://my.bookmark.rakuten.co.jp/?func=reg&svid=101&shop_bid=206376&iid=10075597&itype=1""><img src=""https://image.rakuten.co.jp/kitcut/cabinet/banner/kitcut/imgrc0067948711.jpg"" alt=""Last Update : 2017/05/25 9:26:55""></a></p>
<!-- ブックマークここまで --><hr>
<!-- バリエーション -->
【バリエーション】
<div class=""variation2"">
<a href=""https://item.rakuten.co.jp/kitcut/438031/""><img width=""100"" border=""0"" src=""https://image.rakuten.co.jp/kitcut/cabinet/item/35/prod-pict-438031.jpg""></a>
<a href=""https://item.rakuten.co.jp/kitcut/438032/""><img width=""100"" border=""0"" src=""https://image.rakuten.co.jp/kitcut/cabinet/item/35/prod-pict-438032.jpg""></a>
<a href=""https://item.rakuten.co.jp/kitcut/438033/""><img width=""100"" border=""0"" src=""https://image.rakuten.co.jp/kitcut/cabinet/item/35/prod-pict-438033.jpg""></a>
<a href=""https://item.rakuten.co.jp/kitcut/438034/""><img width=""100"" border=""0"" src=""https://image.rakuten.co.jp/kitcut/cabinet/item/35/prod-pict-438034.jpg""></a>
<a href=""https://item.rakuten.co.jp/kitcut/438041/""><img width=""100"" border=""0"" src=""https://image.rakuten.co.jp/kitcut/cabinet/item/35/prod-pict-438041.jpg""></a><br>
<font color=""gray"">[family] <a href=""http://search.rakuten.co.jp/search/inshop-mall/43804177511/-/f.1-p.1-s.2-sf.0-sid.206376-st.A-v.3"">43804177511</a></font></div>
<!-- バリエーションここまで -->
<!-- ネコポス文言 --><br><img src=http://image.rakuten.co.jp/kitcut/cabinet/nekopos.jpg><br><!-- ネコポス文言ここまで --><br><!-- 商品詳細 --><table class=item_explain border=0 cellspacing=0 cellpadding=0><tr><td>「PG-I5EMB01」は、360度上下左右からの視線を防ぐiPhone SE/5s/5c/5用のぞき見防止フィルムです。<br>画面サイズに合わせた四角いカットが特長で液晶面が白いiPhoneにも違和感なく使用頂けます。<br><br><br>[仕様情報]<br>付属品 : ヘラ<br>　　　　クリーニングクロス<br>　　　　ほこり取りシール<br><br>[メーカー]ピージーエー PGA<br>[商品型番] PG-I5EMB01<br>[バーコード] 4562358097027<br> <font color=""gray"">[性能] のぞき見防止<br>[性能] 非光沢<br>[対応] iPhone SE<br>[対応] iPhone 5s<br>[対応] iPhone 5c<br>[対応] iPhone 5<br>[対応S] アイフォーン アイフォン  アイホーン アイホン iPhone<br>[対応S] 非光沢 アンチグレア ノングレア つや消し マット 反射防止 艶無しタイプ つやなし つや無し </font><br></td></tr></table><br><br><!-- 商品詳細ここまで --><!--共通説明文（大）ここから-->

<table width=""800"" border=""0"" align=""center"">
  <tr>
    <td> <img src=""https://image.rakuten.co.jp/kitcut/cabinet/banner/05298098/imgrc0080334562.jpg"" width=""800px"" /></td>
  </tr>
</table>
<table width=""800"" border=""0"" align=""center"">
  <tr>
    <td> <img src=""https://image.rakuten.co.jp/kitcut/cabinet/banner/05298098/imgrc0080411111.jpg"" width=""800px"" /></td>
  </tr>
</table>

<!--横2列-->

<table width=""800"" border=""0"" align=""center"">
  <tr>
    <td> <img src=""https://image.rakuten.co.jp/kitcut/cabinet/top/05006737/imgrc0080402120.jpg"" width=""399"" /></td>
    
    <!--kickflip-->
    <td> <img src=""https://image.rakuten.co.jp/kitcut/cabinet/top/05006737/imgrc0080402031.jpg"" width=""399"" /></td>
  </tr>
</table>

<!--横2列-->

<table width=""800"" border=""0"" align=""center"">
  <tr>
    <td> <img src=""https://image.rakuten.co.jp/kitcut/cabinet/banner/05298098/imgrc0081316114.jpg"" width=""399"" /></td>
    <td> <img src=""https://image.rakuten.co.jp/kitcut/cabinet/banner/05298098/imgrc0080355902.jpg"" width=""399"" /></td>
  </tr>
</table>

<!--25周年の告知-->
<table width=""800"" border=""0"" align=""center"">
  <tr>
    <td> <img src=""http://image.rakuten.co.jp/kitcut/cabinet/banner/04802908/imgrc0073840290.jpg"" width=""399"" /></td>
    <td> <img src=""http://image.rakuten.co.jp/kitcut/cabinet/banner/04802908/imgrc0073840291.jpg"" width=""399"" /></td>
  </tr>
</table>

<!--6月5日(月)9:59まで　DEAL-->
<table width=""800"" border=""0"" align=""center"">
  <tr>
    <td> <img src=""https://image.rakuten.co.jp/kitcut/cabinet/special/imgrc0081361413.jpg"" width=""800px"" /> </td>
  </tr>
</table>

<!--6月5日(月)9:59まで　フラッシュセール-->


<table width=""800"" border=""0""align=""center"" style=""background-color:#444444; color:#F4D406; text-align: center; font-size:18px; border-radius: 5px;"" >
 <tr >
    <td colspan=""5"" ><img src=""https://image.rakuten.co.jp/kitcut/cabinet/special/imgrc0081361616.jpg"" alt="""" width=""99%"" /></td>
  </tr>
  <tr>
    <td><img src=""https://image.rakuten.co.jp/kitcut/cabinet/special/imgrc0081361618.jpg"" width=""97%"" /></td>
    <td><img src=""https://image.rakuten.co.jp/kitcut/cabinet/special/imgrc0081361617.jpg"" width=""97%"" /></td>
    <td><img src=""https://image.rakuten.co.jp/kitcut/cabinet/special/imgrc0081361619.jpg"" width=""97%"" /></td>
    <td><img src=""https://image.rakuten.co.jp/kitcut/cabinet/special/imgrc0081361620.jpg"" width=""97%"" /></td>
  </tr>
  <tr>
    <td colspan=""5"" >2017年6月1日（木）10:00～2017年6月6日（火）9:59迄</td>
  </tr>
</table>






<style type=""text/css"">

#item_attention_area {
  border: #D00 solid 2px;
}

#item_attention_area p{
  margin: 0;
  padding: 2px 5px;
  color: white;
  background-color: #D00;
}

#item_attention_area ul{
  margin:0;
  padding: 10px 15px 5px 15px;
  list-style: none;
}

#item_attention_area ul>li{
  margin-bottom: 5px;
}

@media (max-width:481px){
section table   { width: 100%; }

.item th  { width: 30%; text-align: left; }
.item td  { 
margin-bottom:10px;
display:table;
}    

@media only screen and (min-width:480px){
    .item { margin: 0 auto; }
   .item tr{
        display: block;
}
    .item th,
    .item td{
        max-width: 100%;
       display: block;
        border-top: none;
		margin-bottom:10px;	

}

</style>",[1200円OFFクーポン有][ネコポス可] PGA iPhone SE / 5s / 5c / 5用 液晶保護フィルム覗き見防止 # PG-I5EMB01  ピージーエー (Apple製品関連アクセサリ)：Apple専門店 キットカット,iPhone6 ケースiPhone 6 Plus ケースiPad Air 2 ケースiPad mini ケースAppleMacBook Pro ケースMacBook Air ケースbeats by dr.dreCatalystTHULEクラフトホリックiPad Pro ケースBOSEmoecoGILD designJBLヘッドホンイヤホンbluetoothスピーカー[1200円OFFクーポン有][ネコポス可] PGA iPhone SE / 5s / 5c / 5用 液晶保護フィルム覗き見防止 # PG-I5EMB01  ピージーエー (Apple製品関連アクセサリ),iPhone SE/5s/5c/5用のぞき見防止フィルムです。[1200円OFFクーポン有][ネコポス可] PGA iPhone SE / 5s / 5c / 5用 液晶保護フィルム覗き見防止 # PG-I5EMB01  ピージーエー (Apple製品関連アクセサリ)[rn]
32-93193,http://tshop.r10s.jp/kitcut/cabinet/item/35/prod-pict-437031.jpg?fitin=700:700,1468.8000,,スマートフォン・タブレット > スマートフォンアクセサリー > その他,[1200円OFFクーポン有][ネコポス可] Simplism iPhone SE / 5s / 5c / 5 貼って剥がせる覗き見防止シート # TR-PFIP16E-PV  シンプリズム (Apple製品関連アクセサリ) iPhoense,画面を見られたくないときだけ覗き見を防ぐ、プライバシーシート,"<!-- リコメンド --><br>
<div id=""recommend_area"">
<h3>Simplism iPhone SE / 5s / 5c / 5 貼って剥がせる覗き見防止シート # TR-PFIP16E-PV  シンプリズム</h3>
<div class=""staff_recommend""><h3>プライバシーを守る</h3><div class=""recom_showcase""><p class=""recom_img""><img src=""http://image.rakuten.co.jp/kitcut/cabinet/recom35/rec-437031-40414.jpg"" alt=""プライバシーを守るの画像""></p></div><p>表示画面を他人の覗き見から守る、貼って剥がせるプライバシーフィルムです。<br>
表示画面を他人の覗き見から上下左右360度から守ります。</p></div>
<div class=""staff_recommend""><h3>何度でもかんたんに貼って剥がせる</h3><div class=""recom_showcase""><p class=""recom_img""><img src=""http://image.rakuten.co.jp/kitcut/cabinet/recom35/rec-437031-40415.jpg"" alt=""何度でもかんたんに貼って剥がせるの画像""></p></div><p></p></div>
<div class=""staff_recommend""><h3>シートの保管</h3><div class=""recom_showcase""><p class=""recom_img""><img src=""http://image.rakuten.co.jp/kitcut/cabinet/recom36/rec-437031-40416.jpg"" alt=""シートの保管の画像""></p></div><p></p></div>
<div class=""staff_recommend""><h3>お手入れ簡単</h3><div class=""recom_showcase""><p class=""recom_img""><img src=""http://image.rakuten.co.jp/kitcut/cabinet/recom36/rec-437031-40417.jpg"" alt=""お手入れ簡単の画像""></p></div><p></p></div>
</div>
<!-- リコメンドここまで -->

<br>

<!-- 関連分類リンク-->
<a href=""http://item.rakuten.co.jp/kitcut/c/""><img src=""http://image.rakuten.co.jp/kitcut/cabinet/banner/kitcut/suggest-case.jpg""></a><br>
<!-- 関連分類リンクここまで--><!-- ブックマーク -->
<br><p class=""add_bookmark""><a href=""https://my.bookmark.rakuten.co.jp/?func=reg&svid=101&shop_bid=206376&iid=10075411&itype=1""><img src=""https://image.rakuten.co.jp/kitcut/cabinet/banner/kitcut/imgrc0067948711.jpg"" alt=""Last Update : 2017/05/25 9:26:49""></a></p>
<!-- ブックマークここまで --><hr>
<!-- バリエーション -->
【バリエーション】
<div class=""variation2"">
<a href=""https://item.rakuten.co.jp/kitcut/437024/""><img width=""100"" border=""0"" src=""https://image.rakuten.co.jp/kitcut/cabinet/item/35/prod-pict-437024.jpg""></a>
<a href=""https://item.rakuten.co.jp/kitcut/437025/""><img width=""100"" border=""0"" src=""https://image.rakuten.co.jp/kitcut/cabinet/item/35/prod-pict-437025.jpg""></a>
<a href=""https://item.rakuten.co.jp/kitcut/437026/""><img width=""100"" border=""0"" src=""https://image.rakuten.co.jp/kitcut/cabinet/item/35/prod-pict-437026.jpg""></a>
<a href=""https://item.rakuten.co.jp/kitcut/437027/""><img width=""100"" border=""0"" src=""https://image.rakuten.co.jp/kitcut/cabinet/item/35/prod-pict-437027.jpg""></a>
<a href=""https://item.rakuten.co.jp/kitcut/437028/""><img width=""100"" border=""0"" src=""https://image.rakuten.co.jp/kitcut/cabinet/item/35/prod-pict-437028.jpg""></a>
<a href=""https://item.rakuten.co.jp/kitcut/437029/""><img width=""100"" border=""0"" src=""https://image.rakuten.co.jp/kitcut/cabinet/item/35/prod-pict-437029.jpg""></a>
<a href=""https://item.rakuten.co.jp/kitcut/437030/""><img width=""100"" border=""0"" src=""https://image.rakuten.co.jp/kitcut/cabinet/item/35/prod-pict-437030.jpg""></a>
<a href=""https://item.rakuten.co.jp/kitcut/437031/""><img width=""100"" border=""0"" src=""https://image.rakuten.co.jp/kitcut/cabinet/item/35/prod-pict-437031.jpg""></a><br>
<font color=""gray"">[family] <a href=""http://search.rakuten.co.jp/search/inshop-mall/43703180191/-/f.1-p.1-s.2-sf.0-sid.206376-st.A-v.3"">43703180191</a></font></div>
<!-- バリエーションここまで -->
<!-- ネコポス文言 --><br>
<img src='http://image.rakuten.co.jp/kitcut/cabinet/nekopos.jpg'><br>
<!-- ネコポス文言ここまで --><br><!-- 商品詳細 -->
<table class='item_explain' border='0' cellspacing='0' cellpadding='0'>
<tr>
<td>
何度でも貼って剥がせる<br>
画面を見られたくないときだけ覗き見を防ぐ、プライバシーシート<br>
<br>
・貼って剥がせる覗き見防止シート<br>
・360度からの視線をシャットアウト<br>
・何度でも貼って剥がせる特殊吸着パット<br>
・付属の保管用プレートに貼り付けて収納可能<br>
・マット加工により指滑りなめらかで操作しやすい<br>
<br>
■プライバシーを守る<br>
SimplismのPrivacy Film for iPhone SE/5s/5c/5(貼って剥がせる覗き見防止シート)は、表示画面を他人の覗き見から守る、貼って剥がせるプライバシーフィルムです。<br>
表示画面を他人の覗き見から上下左右360度から守ります。<br>
<br>
■何度でもかんたんに貼って剥がせる<br>
電車や人混みの中で、会社のメールを開いたり、ゲームをしたりする際に、ディスプレイを見られていないか周囲の視線が気になることはありませんか。<br>
今までの一般的な覗き見防止フィルムは一度貼り付けてしまうと再度剥がすことが難しく、細かい文字のページをよく読みたいときや、友達や家族と一緒に写真を見たいときにはフィルムが外せず画面が見えにくいままでした。<br>
一般的なフィルムに比べ視野が狭くなる覗き見防止フィルムの特性から、視線は気になるけれども剥がせなくなってしまう覗き見防止フィルムを貼付することにはためらいがある方もいたのではないでしょうか。<br>
<br>
このプライバシーシートは上下のみに特殊吸着パッドが付いていて、何度でも貼って剥がせるため、必要なときにだけシートを貼り付けて覗き見を防ぐことができます。<br>
電車や人混みから抜け出して、家族とゆったり過ごす時間。プライバシーシートをサッと外して、今日のできごとを写した写真を周囲の人と一緒に眺めることができます。<br>
<br>
■シートの保管<br>
プライバシーシートを取り外した際はiPhoneの背面に貼り付けたり、付属の保管用プレートに貼ってポケットやバッグに収納して埃を付けずに持ち歩けます。<br>
<br>
■フィルムの併用<br>
他の保護フィルムとの併用が可能です。プライバシーシートを外している際の傷や汚れが心配な場合、本製品以外の保護フィルムを貼った上からでもプライバシーシートを貼り付けることができます。<br>
※覗き見防止シートとの併用はいただけません。<br>
<br>
■お手入れ簡単<br>
フィルムの吸着が弱まってきたら、フィルム上下に付いた特殊吸着パッド部分の埃やゴミを粘着テープやメンディングテープで取り除くと吸着力が復活します。ディスプレイを覆う部分には粘着力はないため、埃の吸着を心配する必要はありません。<br>
[仕様情報]<br>
カラー : 反射防止(アンチグレア)<br>
製品サイズ : 54 x 105 x 0.475mm(W x H x D)<br>
製品重量 : 3.5g<br>
保管用プレートサイズ : 55 x 106 x 7mm(W x H x D)<br>
パッケージサイズ : 85 x 197 x 7.6 mm(W x H x D)<br>
パッケージ重量 : 18.5g<br>
付属品 : フィルム<br>
　　　　マイクロファイバークリーニングクロス<br>
　　　　貼付補助カード<br>
　　　　埃取りテープ<br>
　　　　魔法のツールV3<br>
<br><br>
[メーカー]シンプリズム Simplism<br>
[商品型番] TR-PFIP16E-PV<br>
[バーコード] 4582269479989<br>

<font color=""gray"">
[性能] のぞき見防止<br>[性能] 非光沢<br>[対応] iPhone 5<br>[対応] iPhone 5s<br>[対応] iPhone 5c<br>[対応] iPhone SE<br>[対応S] アイフォーン アイフォン  アイホーン アイホン iPhone<br>[対応S] 非光沢 アンチグレア ノングレア つや消し マット 反射防止 艶無しタイプ つやなし つや無し
</font><br>
</td>
</tr>
</table><br><br>
<!-- 商品詳細ここまで --><!--共通説明文（大）ここから-->

<table width=""800"" border=""0"" align=""center"">
  <tr>
    <td> <img src=""https://image.rakuten.co.jp/kitcut/cabinet/banner/05298098/imgrc0080334562.jpg"" width=""800px"" /></td>
  </tr>
</table>
<table width=""800"" border=""0"" align=""center"">
  <tr>
    <td> <img src=""https://image.rakuten.co.jp/kitcut/cabinet/banner/05298098/imgrc0080411111.jpg"" width=""800px"" /></td>
  </tr>
</table>

<!--横2列-->

<table width=""800"" border=""0"" align=""center"">
  <tr>
    <td> <img src=""https://image.rakuten.co.jp/kitcut/cabinet/top/05006737/imgrc0080402120.jpg"" width=""399"" /></td>
    
    <!--kickflip-->
    <td> <img src=""https://image.rakuten.co.jp/kitcut/cabinet/top/05006737/imgrc0080402031.jpg"" width=""399"" /></td>
  </tr>
</table>

<!--横2列-->

<table width=""800"" border=""0"" align=""center"">
  <tr>
    <td> <img src=""https://image.rakuten.co.jp/kitcut/cabinet/banner/05298098/imgrc0081316114.jpg"" width=""399"" /></td>
    <td> <img src=""https://image.rakuten.co.jp/kitcut/cabinet/banner/05298098/imgrc0080355902.jpg"" width=""399"" /></td>
  </tr>
</table>

<!--25周年の告知-->
<table width=""800"" border=""0"" align=""center"">
  <tr>
    <td> <img src=""http://image.rakuten.co.jp/kitcut/cabinet/banner/04802908/imgrc0073840290.jpg"" width=""399"" /></td>
    <td> <img src=""http://image.rakuten.co.jp/kitcut/cabinet/banner/04802908/imgrc0073840291.jpg"" width=""399"" /></td>
  </tr>
</table>

<!--6月5日(月)9:59まで　DEAL-->
<table width=""800"" border=""0"" align=""center"">
  <tr>
    <td> <img src=""https://image.rakuten.co.jp/kitcut/cabinet/special/imgrc0081361413.jpg"" width=""800px"" /> </td>
  </tr>
</table>

<!--6月5日(月)9:59まで　フラッシュセール-->


<table width=""800"" border=""0""align=""center"" style=""background-color:#444444; color:#F4D406; text-align: center; font-size:18px; border-radius: 5px;"" >
 <tr >
    <td colspan=""5"" ><img src=""https://image.rakuten.co.jp/kitcut/cabinet/special/imgrc0081361616.jpg"" alt="""" width=""99%"" /></td>
  </tr>
  <tr>
    <td><img src=""https://image.rakuten.co.jp/kitcut/cabinet/special/imgrc0081361618.jpg"" width=""97%"" /></td>
    <td><img src=""https://image.rakuten.co.jp/kitcut/cabinet/special/imgrc0081361617.jpg"" width=""97%"" /></td>
    <td><img src=""https://image.rakuten.co.jp/kitcut/cabinet/special/imgrc0081361619.jpg"" width=""97%"" /></td>
    <td><img src=""https://image.rakuten.co.jp/kitcut/cabinet/special/imgrc0081361620.jpg"" width=""97%"" /></td>
  </tr>
  <tr>
    <td colspan=""5"" >2017年6月1日（木）10:00～2017年6月6日（火）9:59迄</td>
  </tr>
</table>






<style type=""text/css"">

#item_attention_area {
  border: #D00 solid 2px;
}

#item_attention_area p{
  margin: 0;
  padding: 2px 5px;
  color: white;
  background-color: #D00;
}

#item_attention_area ul{
  margin:0;
  padding: 10px 15px 5px 15px;
  list-style: none;
}

#item_attention_area ul>li{
  margin-bottom: 5px;
}

@media (max-width:481px){
section table   { width: 100%; }

.item th  { width: 30%; text-align: left; }
.item td  { 
margin-bottom:10px;
display:table;
}    

@media only screen and (min-width:480px){
    .item { margin: 0 auto; }
   .item tr{
        display: block;
}
    .item th,
    .item td{
        max-width: 100%;
       display: block;
        border-top: none;
		margin-bottom:10px;	

}

</style>",[1200円OFFクーポン有][ネコポス可] Simplism iPhone SE / 5s / 5c / 5 貼って剥がせる覗き見防止シート # TR-PFIP16E-PV  シンプリズム (Apple製品関連アクセサリ) iPhoense：Apple専門店 キットカット,iPhone6 ケースiPhone 6 Plus ケースiPad Air 2 ケースiPad mini ケースAppleMacBook Pro ケースMacBook Air ケースbeats by dr.dreCatalystTHULEクラフトホリックiPad Pro ケースBOSEmoecoGILD designJBLヘッドホンイヤホンbluetoothスピーカー[1200円OFFクーポン有][ネコポス可] Simplism iPhone SE / 5s / 5c / 5 貼って剥がせる覗き見防止シート # TR-PFIP16E-PV  シンプリズム (Apple製品関連アクセサリ) iPhoense,画面を見られたくないときだけ覗き見を防ぐ、プライバシーシート。[1200円OFFクーポン有][ネコポス可] Simplism iPhone SE / 5s / 5c / 5 貼って剥がせる覗き見防止シート # TR-PFIP16E-PV  シンプリズム (Apple製品関連アクセサリ) iPhoense[rn]
32-93194,http://tshop.r10s.jp/kitcut/cabinet/item/35/prod-pict-437025.jpg?fitin=700:700,734.4000,,スマートフォン・タブレット > スマートフォンアクセサリー > その他,[1200円OFFクーポン有][ネコポス可] Simplism iPhone SE / 5s / 5c / 5 反射防止 液晶保護フィルム # TR-PFIP16E-BLAG  シンプリズム (Apple製品関連アクセサリ) iPhoense,気泡が残りにくい「バブルレス」仕様の反射防止タイプ,"<!-- リコメンド --><br>
<div id=""recommend_area"">
<h3>Simplism iPhone SE / 5s / 5c / 5 反射防止 液晶保護フィルム # TR-PFIP16E-BLAG  シンプリズム</h3>
<div class=""staff_recommend""><h3>傷からしっかりと守る</h3><div class=""recom_showcase""><p class=""recom_img""><img src=""http://image.rakuten.co.jp/kitcut/cabinet/recom35/rec-437025-40364.jpg"" alt=""傷からしっかりと守るの画像""></p></div><p>デバイスを傷や埃からしっかりと守る、バブルレスタイプの反射防止保護フィルムです。</p></div>
<div class=""staff_recommend""><h3>*</h3><div class=""recom_showcase""><p class=""recom_img""><img src=""http://image.rakuten.co.jp/kitcut/cabinet/recom35/rec-437025-40365.jpg"" alt=""*の画像""></p></div><p>大切なディスプレイを守るフィルムは、操作感はそのままに、美しさを保ちます。<br>
接着剤を使わない自己吸着タイプのため、剥がした後に接着剤が残ることがありません。また、貼り直しが可能となっています。</p></div>
<div class=""staff_recommend""><h3>指すべりさらさら、反射防止仕様</h3><div class=""recom_showcase""><p class=""recom_img""><img src=""http://image.rakuten.co.jp/kitcut/cabinet/recom35/rec-437025-40366.jpg"" alt=""指すべりさらさら、反射防止仕様の画像""></p></div><p></p></div>
<div class=""staff_recommend""><h3>気泡が入りにくい「バブルレス」</h3><div class=""recom_showcase""><p class=""recom_img""><img src=""http://image.rakuten.co.jp/kitcut/cabinet/recom35/rec-437025-40367.jpg"" alt=""気泡が入りにくい「バブルレス」の画像""></p></div><p></p></div>
<div class=""staff_recommend""><h3>キレイをキープする抗菌仕様</h3><div class=""recom_showcase""><p class=""recom_img""><img src=""http://image.rakuten.co.jp/kitcut/cabinet/recom35/rec-437025-40368.jpg"" alt=""キレイをキープする抗菌仕様の画像""></p></div><p></p></div>
<div class=""staff_recommend""><h3>まっすぐ簡単に貼れる「魔法のツールV3」</h3><div class=""recom_showcase""><p class=""recom_img""><img src=""http://image.rakuten.co.jp/kitcut/cabinet/recom35/rec-437025-40369.jpg"" alt=""まっすぐ簡単に貼れる「魔法のツールV3」の画像""></p></div><p></p></div>
<div class=""staff_recommend""><h3>3種の神器同梱</h3><div class=""recom_showcase""><p class=""recom_img""><img src=""http://image.rakuten.co.jp/kitcut/cabinet/recom35/rec-437025-40370.jpg"" alt=""3種の神器同梱の画像""></p></div><p></p></div>
</div>
<!-- リコメンドここまで -->

<br>

<!-- 関連分類リンク-->
<a href=""http://item.rakuten.co.jp/kitcut/c/""><img src=""http://image.rakuten.co.jp/kitcut/cabinet/banner/kitcut/suggest-case.jpg""></a><br>
<!-- 関連分類リンクここまで--><!-- ブックマーク -->
<br><p class=""add_bookmark""><a href=""https://my.bookmark.rakuten.co.jp/?func=reg&svid=101&shop_bid=206376&iid=10075418&itype=1""><img src=""https://image.rakuten.co.jp/kitcut/cabinet/banner/kitcut/imgrc0067948711.jpg"" alt=""Last Update : 2017/05/25 9:26:49""></a></p>
<!-- ブックマークここまで --><hr>
<!-- バリエーション -->
【バリエーション】
<div class=""variation2"">
<a href=""https://item.rakuten.co.jp/kitcut/437024/""><img width=""100"" border=""0"" src=""https://image.rakuten.co.jp/kitcut/cabinet/item/35/prod-pict-437024.jpg""></a>
<a href=""https://item.rakuten.co.jp/kitcut/437025/""><img width=""100"" border=""0"" src=""https://image.rakuten.co.jp/kitcut/cabinet/item/35/prod-pict-437025.jpg""></a>
<a href=""https://item.rakuten.co.jp/kitcut/437026/""><img width=""100"" border=""0"" src=""https://image.rakuten.co.jp/kitcut/cabinet/item/35/prod-pict-437026.jpg""></a>
<a href=""https://item.rakuten.co.jp/kitcut/437027/""><img width=""100"" border=""0"" src=""https://image.rakuten.co.jp/kitcut/cabinet/item/35/prod-pict-437027.jpg""></a>
<a href=""https://item.rakuten.co.jp/kitcut/437028/""><img width=""100"" border=""0"" src=""https://image.rakuten.co.jp/kitcut/cabinet/item/35/prod-pict-437028.jpg""></a>
<a href=""https://item.rakuten.co.jp/kitcut/437029/""><img width=""100"" border=""0"" src=""https://image.rakuten.co.jp/kitcut/cabinet/item/35/prod-pict-437029.jpg""></a>
<a href=""https://item.rakuten.co.jp/kitcut/437030/""><img width=""100"" border=""0"" src=""https://image.rakuten.co.jp/kitcut/cabinet/item/35/prod-pict-437030.jpg""></a>
<a href=""https://item.rakuten.co.jp/kitcut/437031/""><img width=""100"" border=""0"" src=""https://image.rakuten.co.jp/kitcut/cabinet/item/35/prod-pict-437031.jpg""></a><br>
<font color=""gray"">[family] <a href=""http://search.rakuten.co.jp/search/inshop-mall/43703180191/-/f.1-p.1-s.2-sf.0-sid.206376-st.A-v.3"">43703180191</a></font></div>
<!-- バリエーションここまで -->
<!-- ネコポス文言 --><br>
<img src='http://image.rakuten.co.jp/kitcut/cabinet/nekopos.jpg'><br>
<!-- ネコポス文言ここまで --><br><!-- 商品詳細 -->
<table class='item_explain' border='0' cellspacing='0' cellpadding='0'>
<tr>
<td>
指紋や皮脂が目立ちにくく、指滑りさらさら<br>
魔法のツールでまっすぐ貼れる、気泡が残りにくい「バブルレス」仕様の反射防止タイプ<br>
<br>
・誰でも簡単に貼れる、気泡が残りにくいバブルレス加工<br>
・映り込みを防ぎ、指滑りさらさらな反射防止仕様<br>
・キレイをキープする抗菌仕様<br>
・接着剤を使わず、貼り直し可能<br>
・安心の日本製素材使用<br>
・皮脂が良く落ちる、マイクロファイバークロス付属<br>
・一気に埃を取り除く、大型埃取りシート付属<br>
・気泡を除く、貼付補助カード付属<br>
・まっすぐ貼れるフィルム貼りサポート、魔法のツールV3付属<br>
・魔法のツールはイヤフォンケーブルマネージメントとしても使用可能<br>
<br>
<br>
■傷からしっかりと守る<br>
SimplismのProtector Film for iPhone SE/5s/5c/5 Crystal Clear(液晶保護フィルム)は、デバイスを傷や埃からしっかりと守る、バブルレスタイプの反射防止保護フィルムです。<br>
大切なディスプレイを守るフィルムは、操作感はそのままに、美しさを保ちます。<br>
接着剤を使わない自己吸着タイプのため、剥がした後に接着剤が残ることがありません。<br>
また、貼り直しが可能となっています。<br>
<br>
■指すべりさらさら、反射防止仕様<br>
ギラつきを抑える反射防止(アンチグレア)仕様。指滑りがさらさらしていて、フリック操作がしやすく、指紋も付きにくいタイプです。<br>
<br>
■気泡が入りにくいバブルレス<br>
ディスプレイに保護フィルムを貼り付けるときに一番難しいのは、ディスプレイとフィルムの間に埃が入り発生する気泡を防ぐことです。<br>
ほんの少しの埃が入るだけで気泡となり、これは押し出そうとしても除去することができません。この気泡が原因で保護フィルムの貼付を諦めた人も多くいました。<br>
Simplism「バブルレスシリーズ」のフィルムは、フィルムとディスプレイの間にあるシリコン吸着面に特殊加工を施すことによって、微細な埃であれば巻き込んでしまうことにより気泡を発生させずに貼付することを可能にしました。<br>
※大きな埃の場合には気泡ができてしまうことがあります。基本的には埃はフィルム貼付前に除去してください。それでも入ってしまった微細な埃はフィルム側で吸収します。<br>
※埃が抜ける構造ではありません。埃のサイズによっては視認できることがあります。<br>
<br>
■キレイをキープする抗菌仕様<br>
毎日持ち歩き、肌身離さず使うものだから、清潔に保っておきたい。<br>
常に気持ちよく清潔に使うために、保護フィルムに抗菌加工を施しています。<br>
この抗菌加工により、時間経過と共に自然と増える目に見えない雑菌の繁殖を抑え、清潔なまま保つことができます。<br>
<br>
■まっすぐ簡単に貼れる「魔法のツールV3」<br>
パッケージのフック部分となっている、魔法のツールV3は、保護フィルムの位置合わせを劇的に簡単にする、貼付補助ツールです。<br>
コネクターに魔法のツールを挿し込むことでフィルムをズレないように固定できるため、誰でも魔法のように真っ直ぐと貼ることができます。<br>
さらに、フィルム貼り付け後は不要部分を折り取ることでイヤフォンや充電ケーブルをまとめるケーブルマネージメントとして再利用できます。<br>
<br>
■3種の神器同梱<br>
誰でも簡単に貼れるサポートアイテムを付属しました。<br>
貼付前に、マイクロファイバー素材のクリーニングクロスでディスプレイ上の指紋などの汚れを取り除き、埃取りテープを使い埃を完全に除去、気泡は貼付補助カードを使い押し出します。<br>
<br>
[仕様情報]<br>
タイプ : 反射防止(アンチグレア)<br>
製品サイズ : 54.8 x 120 x 0.15mm(W x H x D)<br>
製品重量 : 3g<br>
パッケージサイズ : 85 x 197 x 7.6mm(W x H x D)<br>
パッケージ重量 : 18g<br>
付属品 : フィルム<br>
　　　　マイクロファイバークリーニングクロス<br>
　　　　貼付補助カード<br>
　　　　埃取りテープ<br>
　　　　魔法のツールV3<br>
<br><br>
[メーカー]シンプリズム Simplism<br>
[商品型番] TR-PFIP16E-BLAG<br>
[バーコード] 4582269479927<br>

<font color=""gray"">
[性能] 非光沢<br>[性能] 抗菌<br>[対応] iPhone 5<br>[対応] iPhone 5s<br>[対応] iPhone 5c<br>[対応] iPhone SE<br>[対応S] アイフォーン アイフォン  アイホーン アイホン iPhone<br>[対応S] 非光沢 アンチグレア ノングレア つや消し マット 反射防止 艶無しタイプ つやなし つや無し
</font><br>
</td>
</tr>
</table><br><br>
<!-- 商品詳細ここまで --><!--共通説明文（大）ここから-->

<table width=""800"" border=""0"" align=""center"">
  <tr>
    <td> <img src=""https://image.rakuten.co.jp/kitcut/cabinet/banner/05298098/imgrc0080334562.jpg"" width=""800px"" /></td>
  </tr>
</table>
<table width=""800"" border=""0"" align=""center"">
  <tr>
    <td> <img src=""https://image.rakuten.co.jp/kitcut/cabinet/banner/05298098/imgrc0080411111.jpg"" width=""800px"" /></td>
  </tr>
</table>

<!--横2列-->

<table width=""800"" border=""0"" align=""center"">
  <tr>
    <td> <img src=""https://image.rakuten.co.jp/kitcut/cabinet/top/05006737/imgrc0080402120.jpg"" width=""399"" /></td>
    
    <!--kickflip-->
    <td> <img src=""https://image.rakuten.co.jp/kitcut/cabinet/top/05006737/imgrc0080402031.jpg"" width=""399"" /></td>
  </tr>
</table>

<!--横2列-->

<table width=""800"" border=""0"" align=""center"">
  <tr>
    <td> <img src=""https://image.rakuten.co.jp/kitcut/cabinet/banner/05298098/imgrc0081316114.jpg"" width=""399"" /></td>
    <td> <img src=""https://image.rakuten.co.jp/kitcut/cabinet/banner/05298098/imgrc0080355902.jpg"" width=""399"" /></td>
  </tr>
</table>

<!--25周年の告知-->
<table width=""800"" border=""0"" align=""center"">
  <tr>
    <td> <img src=""http://image.rakuten.co.jp/kitcut/cabinet/banner/04802908/imgrc0073840290.jpg"" width=""399"" /></td>
    <td> <img src=""http://image.rakuten.co.jp/kitcut/cabinet/banner/04802908/imgrc0073840291.jpg"" width=""399"" /></td>
  </tr>
</table>

<!--6月5日(月)9:59まで　DEAL-->
<table width=""800"" border=""0"" align=""center"">
  <tr>
    <td> <img src=""https://image.rakuten.co.jp/kitcut/cabinet/special/imgrc0081361413.jpg"" width=""800px"" /> </td>
  </tr>
</table>

<!--6月5日(月)9:59まで　フラッシュセール-->


<table width=""800"" border=""0""align=""center"" style=""background-color:#444444; color:#F4D406; text-align: center; font-size:18px; border-radius: 5px;"" >
 <tr >
    <td colspan=""5"" ><img src=""https://image.rakuten.co.jp/kitcut/cabinet/special/imgrc0081361616.jpg"" alt="""" width=""99%"" /></td>
  </tr>
  <tr>
    <td><img src=""https://image.rakuten.co.jp/kitcut/cabinet/special/imgrc0081361618.jpg"" width=""97%"" /></td>
    <td><img src=""https://image.rakuten.co.jp/kitcut/cabinet/special/imgrc0081361617.jpg"" width=""97%"" /></td>
    <td><img src=""https://image.rakuten.co.jp/kitcut/cabinet/special/imgrc0081361619.jpg"" width=""97%"" /></td>
    <td><img src=""https://image.rakuten.co.jp/kitcut/cabinet/special/imgrc0081361620.jpg"" width=""97%"" /></td>
  </tr>
  <tr>
    <td colspan=""5"" >2017年6月1日（木）10:00～2017年6月6日（火）9:59迄</td>
  </tr>
</table>






<style type=""text/css"">

#item_attention_area {
  border: #D00 solid 2px;
}

#item_attention_area p{
  margin: 0;
  padding: 2px 5px;
  color: white;
  background-color: #D00;
}

#item_attention_area ul{
  margin:0;
  padding: 10px 15px 5px 15px;
  list-style: none;
}

#item_attention_area ul>li{
  margin-bottom: 5px;
}

@media (max-width:481px){
section table   { width: 100%; }

.item th  { width: 30%; text-align: left; }
.item td  { 
margin-bottom:10px;
display:table;
}    

@media only screen and (min-width:480px){
    .item { margin: 0 auto; }
   .item tr{
        display: block;
}
    .item th,
    .item td{
        max-width: 100%;
       display: block;
        border-top: none;
		margin-bottom:10px;	

}

</style>",[1200円OFFクーポン有][ネコポス可] Simplism iPhone SE / 5s / 5c / 5 反射防止 液晶保護フィルム # TR-PFIP16E-BLAG  シンプリズム (Apple製品関連アクセサリ) iPhoense：Apple専門店 キットカット,iPhone6 ケースiPhone 6 Plus ケースiPad Air 2 ケースiPad mini ケースAppleMacBook Pro ケースMacBook Air ケースbeats by dr.dreCatalystTHULEクラフトホリックiPad Pro ケースBOSEmoecoGILD designJBLヘッドホンイヤホンbluetoothスピーカー[1200円OFFクーポン有][ネコポス可] Simplism iPhone SE / 5s / 5c / 5 反射防止 液晶保護フィルム # TR-PFIP16E-BLAG  シンプリズム (Apple製品関連アクセサリ) iPhoense,気泡が残りにくい「バブルレス」仕様の反射防止タイプ。[1200円OFFクーポン有][ネコポス可] Simplism iPhone SE / 5s / 5c / 5 反射防止 液晶保護フィルム # TR-PFIP16E-BLAG  シンプリズム (Apple製品関連アクセサリ) iPhoense[rn]
32-93195,http://tshop.r10s.jp/kitcut/cabinet/item/19/prod-pict-285132.jpg?fitin=700:700,1104.0000,,スマートフォン・タブレット > スマートフォンアクセサリー > その他,[1200円OFFクーポン有][ネコポス可] [在庫限り終了] Ray Out iPad 5th / 9.7インチ iPad Pro / iPad Air 2 / Air フッ素コートさらさら気泡軽減超防指紋フィルム 1枚入[反射防止タイプ] # RT-PA5F/H1  レイアウト   (Apple製品関連アクセサリ),フッ素パワーで超防指紋!ベタツキがサッと一拭きすぐ落ちる!,"<!-- リコメンド --><br>
<div id=""recommend_area"">
<h3>Ray Out iPad 5th / 9.7インチ iPad Pro / iPad Air 2 / Air フッ素コートさらさら気泡軽減超防指紋フィルム 1枚入[反射防止タイプ] # RT-PA5F/H1  レイアウト  </h3>
<div class=""staff_recommend""><h3>注目ポイント</h3><div class=""recom_showcase""><p class=""recom_img""><img src=""http://image.rakuten.co.jp/kitcut/cabinet/recom20/rec-285132-10594.jpg"" alt=""の画像""></p></div><p>フッ素コートで超防指紋効果!乾拭きで画面のヨゴレが落ちやすい!</p></div>
<div class=""staff_recommend""><h3>注目ポイント</h3><div class=""recom_showcase""><p class=""recom_img""><img src=""http://image.rakuten.co.jp/kitcut/cabinet/recom20/rec-285132-10595.jpg"" alt=""の画像""></p></div><p>特殊なシリコン膜が貼り付け時に入ってしまう小さなホコリを時間とともに巻き込むため気泡が消えやすく、仕上がりがとってもきれいです。</p></div>
<div class=""staff_recommend""><h3>注目ポイント</h3><div class=""recom_showcase""><p class=""recom_img""><img src=""http://image.rakuten.co.jp/kitcut/cabinet/recom20/rec-285132-10596.jpg"" alt=""の画像""></p></div><p>太陽光や蛍光灯の写りこみが少ないのがアンチグレアの特徴。つや消し加工で不快なギラツキを抑えます。画面のちらつきも極限まで抑えました。</p></div>
<div class=""staff_recommend""><h3>注目ポイント</h3><div class=""recom_showcase""><p class=""recom_img""><img src=""http://image.rakuten.co.jp/kitcut/cabinet/recom20/rec-285132-10597.jpg"" alt=""の画像""></p></div><p>指紋や皮脂が付きにくく画面のべたつきを抑えます。</p></div>
<div class=""staff_recommend""><h3>注目ポイント</h3><div class=""recom_showcase""><p class=""recom_img""><img src=""http://image.rakuten.co.jp/kitcut/cabinet/recom20/rec-285132-10598.jpg"" alt=""の画像""></p></div><p>表面のハードコートにより傷や擦れに強いフィルムです。<br>
(表面鉛筆硬度 : 2H)</p></div>
<div class=""staff_recommend""><h3>注目ポイント</h3><div class=""recom_showcase""><p class=""recom_img""><img src=""http://image.rakuten.co.jp/kitcut/cabinet/recom20/rec-285132-10599.jpg"" alt=""の画像""></p></div><p>従来の保護フィルムに比べ吸着面のシリコン膜を厚くすることで保護フィルムの耐久性がUPしました。</p></div>
</div>
<!-- リコメンドここまで -->

<br>

<!-- 関連分類リンク-->
<a href=""http://item.rakuten.co.jp/kitcut/c/""><img src=""http://image.rakuten.co.jp/kitcut/cabinet/banner/kitcut/suggest-case.jpg""></a><br>
<!-- 関連分類リンクここまで--><!-- ブックマーク -->
<br><p class=""add_bookmark""><a href=""https://my.bookmark.rakuten.co.jp/?func=reg&svid=101&shop_bid=206376&iid=10040984&itype=1""><img src=""https://image.rakuten.co.jp/kitcut/cabinet/banner/kitcut/imgrc0067948711.jpg"" alt=""Last Update : 2017/05/25 9:23:16""></a></p>
<!-- ブックマークここまで --><hr>
<!-- バリエーション -->
【バリエーション】
<div class=""variation2"">
<a href=""https://item.rakuten.co.jp/kitcut/285132/""><img width=""100"" border=""0"" src=""https://image.rakuten.co.jp/kitcut/cabinet/item/19/prod-pict-285132.jpg""></a><br>
<font color=""gray"">[family] <a href=""http://search.rakuten.co.jp/search/inshop-mall/28513283461/-/f.1-p.1-s.2-sf.0-sid.206376-st.A-v.3"">28513283461</a></font></div>
<!-- バリエーションここまで -->
<!-- ネコポス文言 --><br><img src=http://image.rakuten.co.jp/kitcut/cabinet/nekopos.jpg><br><!-- ネコポス文言ここまで --><br><!-- 商品詳細 --><table class=item_explain border=0 cellspacing=0 cellpadding=0><tr><td>フッ素パワーで超さらさら!快適操作の指すべり。<br>スマホゲームなど、スムーズな操作が必要な用途に最適!<br><br>・フッ素加工済み!<br>・気泡が消えやすい<br>・反射防止(アンチグレア)<br>・指紋や皮脂が付きにくい<br>・傷に強い<br>・耐久性抜群<br>・安心と信頼の<br>・MADE IN JAPAN<br>・クリーニングクロス付属<br><br>【仕様】<br>対応機種 : iPad Air<br>　　　　　iPad Air 2<br>材質 : シリコン膜(保護フィルム吸着面)<br>　　　PET(保護フィルム表面)<br>同梱品 : フッ素コートさらさら気泡軽減超防指紋フィルム 1枚入[反射防止タイプ]<br>　　　　クリーニングクロス付属<br><br><br><br><br><br>[メーカー]レイアウト Ray Out<br>[商品型番] RT-PA5F/H1<br>[バーコード] 4562356927135<br> <font color=""gray"">[性能] 非光沢<br>[性能] 指紋防止<br>[性能] MADE IN JAPAN<br>[対応] iPad Air<br>[対応] iPad Air 2<br>[対応] 9.7インチ iPad Pro<br>[対応] iPad 5th<br>[対応S] 非光沢 アンチグレア ノングレア つや消し マット 反射防止 艶無しタイプ つやなし つや無し </font><br></td></tr></table><br><br><!-- 商品詳細ここまで --><!--共通説明文（大）ここから-->

<table width=""800"" border=""0"" align=""center"">
  <tr>
    <td> <img src=""https://image.rakuten.co.jp/kitcut/cabinet/banner/05298098/imgrc0080334562.jpg"" width=""800px"" /></td>
  </tr>
</table>
<table width=""800"" border=""0"" align=""center"">
  <tr>
    <td> <img src=""https://image.rakuten.co.jp/kitcut/cabinet/banner/05298098/imgrc0080411111.jpg"" width=""800px"" /></td>
  </tr>
</table>

<!--横2列-->

<table width=""800"" border=""0"" align=""center"">
  <tr>
    <td> <img src=""https://image.rakuten.co.jp/kitcut/cabinet/top/05006737/imgrc0080402120.jpg"" width=""399"" /></td>
    
    <!--kickflip-->
    <td> <img src=""https://image.rakuten.co.jp/kitcut/cabinet/top/05006737/imgrc0080402031.jpg"" width=""399"" /></td>
  </tr>
</table>

<!--横2列-->

<table width=""800"" border=""0"" align=""center"">
  <tr>
    <td> <img src=""https://image.rakuten.co.jp/kitcut/cabinet/banner/05298098/imgrc0081316114.jpg"" width=""399"" /></td>
    <td> <img src=""https://image.rakuten.co.jp/kitcut/cabinet/banner/05298098/imgrc0080355902.jpg"" width=""399"" /></td>
  </tr>
</table>

<!--25周年の告知-->
<table width=""800"" border=""0"" align=""center"">
  <tr>
    <td> <img src=""http://image.rakuten.co.jp/kitcut/cabinet/banner/04802908/imgrc0073840290.jpg"" width=""399"" /></td>
    <td> <img src=""http://image.rakuten.co.jp/kitcut/cabinet/banner/04802908/imgrc0073840291.jpg"" width=""399"" /></td>
  </tr>
</table>

<!--6月5日(月)9:59まで　DEAL-->
<table width=""800"" border=""0"" align=""center"">
  <tr>
    <td> <img src=""https://image.rakuten.co.jp/kitcut/cabinet/special/imgrc0081361413.jpg"" width=""800px"" /> </td>
  </tr>
</table>

<!--6月5日(月)9:59まで　フラッシュセール-->


<table width=""800"" border=""0""align=""center"" style=""background-color:#444444; color:#F4D406; text-align: center; font-size:18px; border-radius: 5px;"" >
 <tr >
    <td colspan=""5"" ><img src=""https://image.rakuten.co.jp/kitcut/cabinet/special/imgrc0081361616.jpg"" alt="""" width=""99%"" /></td>
  </tr>
  <tr>
    <td><img src=""https://image.rakuten.co.jp/kitcut/cabinet/special/imgrc0081361618.jpg"" width=""97%"" /></td>
    <td><img src=""https://image.rakuten.co.jp/kitcut/cabinet/special/imgrc0081361617.jpg"" width=""97%"" /></td>
    <td><img src=""https://image.rakuten.co.jp/kitcut/cabinet/special/imgrc0081361619.jpg"" width=""97%"" /></td>
    <td><img src=""https://image.rakuten.co.jp/kitcut/cabinet/special/imgrc0081361620.jpg"" width=""97%"" /></td>
  </tr>
  <tr>
    <td colspan=""5"" >2017年6月1日（木）10:00～2017年6月6日（火）9:59迄</td>
  </tr>
</table>






<style type=""text/css"">

#item_attention_area {
  border: #D00 solid 2px;
}

#item_attention_area p{
  margin: 0;
  padding: 2px 5px;
  color: white;
  background-color: #D00;
}

#item_attention_area ul{
  margin:0;
  padding: 10px 15px 5px 15px;
  list-style: none;
}

#item_attention_area ul>li{
  margin-bottom: 5px;
}

@media (max-width:481px){
section table   { width: 100%; }

.item th  { width: 30%; text-align: left; }
.item td  { 
margin-bottom:10px;
display:table;
}    

@media only screen and (min-width:480px){
    .item { margin: 0 auto; }
   .item tr{
        display: block;
}
    .item th,
    .item td{
        max-width: 100%;
       display: block;
        border-top: none;
		margin-bottom:10px;	

}

</style>",[1200円OFFクーポン有][ネコポス可] [在庫限り終了] Ray Out iPad 5th / 9.7インチ iPad Pro / iPad Air 2 / Air フッ素コートさらさら気泡軽減超防指紋フィルム 1枚入[反射防止タイプ] # RT-PA5F/H1  レイアウト   (Apple製品関連アクセサリ)：Apple専門店 キットカット,iPhone6 ケースiPhone 6 Plus ケースiPad Air 2 ケースiPad mini ケースAppleMacBook Pro ケースMacBook Air ケースbeats by dr.dreCatalystTHULEクラフトホリックiPad Pro ケースBOSEmoecoGILD designJBLヘッドホンイヤホンbluetoothスピーカー[1200円OFFクーポン有][ネコポス可] [在庫限り終了] Ray Out iPad 5th / 9.7インチ iPad Pro / iPad Air 2 / Air フッ素コートさらさら気泡軽減超防指紋フィルム 1枚入[反射防止タイプ] # RT-PA5F/H1  レイアウト   (Apple製品関連アクセサリ),フッ素パワーで超防指紋!ベタツキがサッと一拭きすぐ落ちる!。[1200円OFFクーポン有][ネコポス可] [在庫限り終了] Ray Out iPad 5th / 9.7インチ iPad Pro / iPad Air 2 / Air フッ素コートさらさら気泡軽減超防指紋フィルム 1枚入[反射防止タイプ] # RT-PA5F/H1  レイアウト   (Apple製品関連アクセサリ)[rn]
32-93196,http://tshop.r10s.jp/kitcut/cabinet/item/8/prod-pict-272897.jpg?fitin=700:700,475.2000,,スマートフォン・タブレット > スマートフォンアクセサリー > その他,[1200円OFFクーポン有][ネコポス可] ELECOM iPhone 5 / 5s / 5c / SE 用 フィルム(指紋防止光沢) (すべてのiPhone 5に対応) # PS-A12FLFAG  エレコム (Apple製品関連アクセサリ),気泡がキレイに抜けるエアレスタイプの液晶保護フィルム,"<br>

<!-- 関連分類リンク-->
<a href=""http://item.rakuten.co.jp/kitcut/c/""><img src=""http://image.rakuten.co.jp/kitcut/cabinet/banner/kitcut/suggest-case.jpg""></a><br>
<!-- 関連分類リンクここまで--><!-- ブックマーク -->
<br><p class=""add_bookmark""><a href=""https://my.bookmark.rakuten.co.jp/?func=reg&svid=101&shop_bid=206376&iid=10029657&itype=1""><img src=""https://image.rakuten.co.jp/kitcut/cabinet/banner/kitcut/imgrc0067948711.jpg"" alt=""Last Update : 2017/05/25 9:22:40""></a></p>
<!-- ブックマークここまで --><hr>
<!-- バリエーション -->
【バリエーション】
<div class=""variation2"">
<a href=""https://item.rakuten.co.jp/kitcut/272890/""><img width=""100"" border=""0"" src=""https://image.rakuten.co.jp/kitcut/cabinet/item/7/prod-pict-272890.jpg""></a>
<a href=""https://item.rakuten.co.jp/kitcut/272892/""><img width=""100"" border=""0"" src=""https://image.rakuten.co.jp/kitcut/cabinet/item/7/prod-pict-272892.jpg""></a>
<a href=""https://item.rakuten.co.jp/kitcut/272894/""><img width=""100"" border=""0"" src=""https://image.rakuten.co.jp/kitcut/cabinet/item/7/prod-pict-272894.jpg""></a>
<a href=""https://item.rakuten.co.jp/kitcut/272897/""><img width=""100"" border=""0"" src=""https://image.rakuten.co.jp/kitcut/cabinet/item/8/prod-pict-272897.jpg""></a>
<a href=""https://item.rakuten.co.jp/kitcut/272900/""><img width=""100"" border=""0"" src=""https://image.rakuten.co.jp/kitcut/cabinet/item/7/prod-pict-272900.jpg""></a>
<a href=""https://item.rakuten.co.jp/kitcut/272903/""><img width=""100"" border=""0"" src=""https://image.rakuten.co.jp/kitcut/cabinet/item/7/prod-pict-272903.jpg""></a><br>
<font color=""gray"">[family] <a href=""http://search.rakuten.co.jp/search/inshop-mall/272905833/-/f.1-p.1-s.2-sf.0-sid.206376-st.A-v.3"">272905833</a></font></div>
<!-- バリエーションここまで -->
<!-- ネコポス文言 --><br>
<img src='http://image.rakuten.co.jp/kitcut/cabinet/nekopos.jpg'><br>
<!-- ネコポス文言ここまで --><br><!-- 商品詳細 -->
<table class='item_explain' border='0' cellspacing='0' cellpadding='0'>
<tr>
<td>
気泡がキレイに抜けるエアレスタイプ。<br>
iPhone 5 / 5s の液晶画面をキズや汚れから守る、エアレスタイプの液晶保護フィルム。<br>
<br>
・ iPhone 5 / 5s の液晶画面をキズや汚れから守る、エアレスタイプの液晶保護フィルムです。<br>
・ 時間の経過とともに気泡が目立たなくなる特殊吸着層を採用しています。<br>
・ 小さな気泡ができたときには、指などで押し出すことで気泡を抜くことができます。<br>
・ 表面にAR(アンチリフレクション)加工を施し、光のチラツキや映り込みを軽減します。<br>
・ 指紋汚れを付きにくくする指紋防止コーティングを施しています。<br>
・ フィルムを貼ったままでも本体操作ができるタッチスクリーン入力に対応しています。<br>
・ 貼り付け面にシリコン皮膜をコーティングし、接着剤や両面テープを使わずに貼り付け可能な自己吸着タイプです。貼りやすく、貼り直しも可能です。吸着力は水洗いで回復します。<br>
<br>
【仕様】<br>
　対応機種 : iPhone 5 / 5s / 5c<br>
セット内容 : 液晶保護フィルム(エアーレス防指紋光沢仕様))x1、ホコリ取りシールx1、クリーニングクロスx1<br>
　　　材質 : 接合面:シリコン、外側:PET<br>
<br><br>
[メーカー]エレコム ELECOM (エレコム)<br>
[商品型番] PS-A12FLFAG<br>
[バーコード] 4953103965423<br>

<font color=""gray"">
[性能] 光沢<br>[製品] 保護フィルム<br>[対応] iPhone5<br>[対応] iPhone 5s<br>[対応] iPhone 5c<br>[対応] iPhone SE<br>[対応S] アイフォーン アイフォン  アイホーン アイホン iPhone
</font><br>
</td>
</tr>
</table><br><br>
<!-- 商品詳細ここまで --><!--共通説明文（大）ここから-->

<table width=""800"" border=""0"" align=""center"">
  <tr>
    <td> <img src=""https://image.rakuten.co.jp/kitcut/cabinet/banner/05298098/imgrc0080334562.jpg"" width=""800px"" /></td>
  </tr>
</table>
<table width=""800"" border=""0"" align=""center"">
  <tr>
    <td> <img src=""https://image.rakuten.co.jp/kitcut/cabinet/banner/05298098/imgrc0080411111.jpg"" width=""800px"" /></td>
  </tr>
</table>

<!--横2列-->

<table width=""800"" border=""0"" align=""center"">
  <tr>
    <td> <img src=""https://image.rakuten.co.jp/kitcut/cabinet/top/05006737/imgrc0080402120.jpg"" width=""399"" /></td>
    
    <!--kickflip-->
    <td> <img src=""https://image.rakuten.co.jp/kitcut/cabinet/top/05006737/imgrc0080402031.jpg"" width=""399"" /></td>
  </tr>
</table>

<!--横2列-->

<table width=""800"" border=""0"" align=""center"">
  <tr>
    <td> <img src=""https://image.rakuten.co.jp/kitcut/cabinet/banner/05298098/imgrc0081316114.jpg"" width=""399"" /></td>
    <td> <img src=""https://image.rakuten.co.jp/kitcut/cabinet/banner/05298098/imgrc0080355902.jpg"" width=""399"" /></td>
  </tr>
</table>

<!--25周年の告知-->
<table width=""800"" border=""0"" align=""center"">
  <tr>
    <td> <img src=""http://image.rakuten.co.jp/kitcut/cabinet/banner/04802908/imgrc0073840290.jpg"" width=""399"" /></td>
    <td> <img src=""http://image.rakuten.co.jp/kitcut/cabinet/banner/04802908/imgrc0073840291.jpg"" width=""399"" /></td>
  </tr>
</table>

<!--6月5日(月)9:59まで　DEAL-->
<table width=""800"" border=""0"" align=""center"">
  <tr>
    <td> <img src=""https://image.rakuten.co.jp/kitcut/cabinet/special/imgrc0081361413.jpg"" width=""800px"" /> </td>
  </tr>
</table>

<!--6月5日(月)9:59まで　フラッシュセール-->


<table width=""800"" border=""0""align=""center"" style=""background-color:#444444; color:#F4D406; text-align: center; font-size:18px; border-radius: 5px;"" >
 <tr >
    <td colspan=""5"" ><img src=""https://image.rakuten.co.jp/kitcut/cabinet/special/imgrc0081361616.jpg"" alt="""" width=""99%"" /></td>
  </tr>
  <tr>
    <td><img src=""https://image.rakuten.co.jp/kitcut/cabinet/special/imgrc0081361618.jpg"" width=""97%"" /></td>
    <td><img src=""https://image.rakuten.co.jp/kitcut/cabinet/special/imgrc0081361617.jpg"" width=""97%"" /></td>
    <td><img src=""https://image.rakuten.co.jp/kitcut/cabinet/special/imgrc0081361619.jpg"" width=""97%"" /></td>
    <td><img src=""https://image.rakuten.co.jp/kitcut/cabinet/special/imgrc0081361620.jpg"" width=""97%"" /></td>
  </tr>
  <tr>
    <td colspan=""5"" >2017年6月1日（木）10:00～2017年6月6日（火）9:59迄</td>
  </tr>
</table>






<style type=""text/css"">

#item_attention_area {
  border: #D00 solid 2px;
}

#item_attention_area p{
  margin: 0;
  padding: 2px 5px;
  color: white;
  background-color: #D00;
}

#item_attention_area ul{
  margin:0;
  padding: 10px 15px 5px 15px;
  list-style: none;
}

#item_attention_area ul>li{
  margin-bottom: 5px;
}

@media (max-width:481px){
section table   { width: 100%; }

.item th  { width: 30%; text-align: left; }
.item td  { 
margin-bottom:10px;
display:table;
}    

@media only screen and (min-width:480px){
    .item { margin: 0 auto; }
   .item tr{
        display: block;
}
    .item th,
    .item td{
        max-width: 100%;
       display: block;
        border-top: none;
		margin-bottom:10px;	

}

</style>",[1200円OFFクーポン有][ネコポス可] ELECOM iPhone 5 / 5s / 5c / SE 用 フィルム(指紋防止光沢) (すべてのiPhone 5に対応) # PS-A12FLFAG  エレコム (Apple製品関連アクセサリ)：Apple専門店 キットカット,iPhone6 ケースiPhone 6 Plus ケースiPad Air 2 ケースiPad mini ケースAppleMacBook Pro ケースMacBook Air ケースbeats by dr.dreCatalystTHULEクラフトホリックiPad Pro ケースBOSEmoecoGILD designJBLヘッドホンイヤホンbluetoothスピーカー[1200円OFFクーポン有][ネコポス可] ELECOM iPhone 5 / 5s / 5c / SE 用 フィルム(指紋防止光沢) (すべてのiPhone 5に対応) # PS-A12FLFAG  エレコム (Apple製品関連アクセサリ),気泡がキレイに抜けるエアレスタイプの液晶保護フィルム。[1200円OFFクーポン有][ネコポス可] ELECOM iPhone 5 / 5s / 5c / SE 用 フィルム(指紋防止光沢) (すべてのiPhone 5に対応) # PS-A12FLFAG  エレコム (Apple製品関連アクセサリ)[rn]
32-93197,http://tshop.r10s.jp/kitcut/cabinet/item/11/prod-pict-282887.jpg?fitin=700:700,528.0000,,スマートフォン・タブレット > スマートフォンアクセサリー > その他,[1200円OFFクーポン有][ネコポス可] TUNEWEAR TUNEFILM Pro for iPhone SE / 5s / 5c / 5 高光沢・抗菌・防指紋タイプ (すべてのiPhone 5に対応) # TUN-PH-000231  チューンウェア  (すべてのiPhone 5に対応) (Apple製品関連アクセサリ),iPhone 5C/5S/5用の抗菌・防指紋フィルムです。,"<br>

<!-- 関連分類リンク-->
<a href=""http://item.rakuten.co.jp/kitcut/c/""><img src=""http://image.rakuten.co.jp/kitcut/cabinet/banner/kitcut/suggest-case.jpg""></a><br>
<!-- 関連分類リンクここまで--><!-- ブックマーク -->
<br><p class=""add_bookmark""><a href=""https://my.bookmark.rakuten.co.jp/?func=reg&svid=101&shop_bid=206376&iid=10040030&itype=1""><img src=""https://image.rakuten.co.jp/kitcut/cabinet/banner/kitcut/imgrc0067948711.jpg"" alt=""Last Update : 2017/05/25 9:23:09""></a></p>
<!-- ブックマークここまで --><hr>
<!-- バリエーション -->
【バリエーション】
<div class=""variation2"">
<a href=""https://item.rakuten.co.jp/kitcut/282887/""><img width=""100"" border=""0"" src=""https://image.rakuten.co.jp/kitcut/cabinet/item/11/prod-pict-282887.jpg""></a>
<a href=""https://item.rakuten.co.jp/kitcut/282888/""><img width=""100"" border=""0"" src=""https://image.rakuten.co.jp/kitcut/cabinet/item/11/prod-pict-282888.jpg""></a><br>
<font color=""gray"">[family] <a href=""http://search.rakuten.co.jp/search/inshop-mall/28288852861/-/f.1-p.1-s.2-sf.0-sid.206376-st.A-v.3"">28288852861</a></font></div>
<!-- バリエーションここまで -->
<!-- ネコポス文言 --><br><img src=http://image.rakuten.co.jp/kitcut/cabinet/nekopos.jpg><br><!-- ネコポス文言ここまで --><br><!-- 商品詳細 --><table class=item_explain border=0 cellspacing=0 cellpadding=0><tr><td>TUNEFILM Pro for iPhone 5s/5c/5　抗菌・防指紋タイプは、透過率90%以上の高透明度で液晶本来の解像感を妨げないiPhone 5C/5S/5用の抗菌・防指紋フィルムです。<br>フィルムには抗菌加工、小傷に強いハードコート、防指紋加工、気泡を軽減するアンチバブル加工を施しています。<br><br><br>【仕様】<br>・透過率90%以上の高透明度で解像感を妨げない抗菌・防指紋フィルム<br>・抗菌加工で菌の増殖を抑制して衛生的な状態を維持<br>・小傷に強いハードコート仕様<br>・防指紋加工により指紋を目立たせない<br>・装着時の気泡が自然と消えやすくなるアンチバブル加工<br>・貼り直しが可能な自己吸着型<br>・高光沢タイプ<br>・ホコリ取りシール、貼付用コテ、クリーニングクロスが付属<br>・高品質で安心の日本製<br><br>【対応機種】<br>iPhone 5s<br>iPhone 5c<br>iPhone 5<br><br><br><br><br>[メーカー]チューンウェア TUNEWEAR (チューンウェア)<br>[商品型番] TUN-PH-000231<br>[バーコード] 4512223666704<br> <font color=""gray"">[性能] 光沢<br>[性能] 指紋防止<br>[性能] 抗菌<br>[性能] MADE IN JAPAN<br>[対応] iPhone 5<br>[対応] iPhone 5s<br>[対応] iPhone 5c<br>[対応] iPhone SE<br>[対応S] アイフォーン アイフォン  アイホーン アイホン iPhone </font><br></td></tr></table><br><br><!-- 商品詳細ここまで --><!--共通説明文（大）ここから-->

<table width=""800"" border=""0"" align=""center"">
  <tr>
    <td> <img src=""https://image.rakuten.co.jp/kitcut/cabinet/banner/05298098/imgrc0080334562.jpg"" width=""800px"" /></td>
  </tr>
</table>
<table width=""800"" border=""0"" align=""center"">
  <tr>
    <td> <img src=""https://image.rakuten.co.jp/kitcut/cabinet/banner/05298098/imgrc0080411111.jpg"" width=""800px"" /></td>
  </tr>
</table>

<!--横2列-->

<table width=""800"" border=""0"" align=""center"">
  <tr>
    <td> <img src=""https://image.rakuten.co.jp/kitcut/cabinet/top/05006737/imgrc0080402120.jpg"" width=""399"" /></td>
    
    <!--kickflip-->
    <td> <img src=""https://image.rakuten.co.jp/kitcut/cabinet/top/05006737/imgrc0080402031.jpg"" width=""399"" /></td>
  </tr>
</table>

<!--横2列-->

<table width=""800"" border=""0"" align=""center"">
  <tr>
    <td> <img src=""https://image.rakuten.co.jp/kitcut/cabinet/banner/05298098/imgrc0081316114.jpg"" width=""399"" /></td>
    <td> <img src=""https://image.rakuten.co.jp/kitcut/cabinet/banner/05298098/imgrc0080355902.jpg"" width=""399"" /></td>
  </tr>
</table>

<!--25周年の告知-->
<table width=""800"" border=""0"" align=""center"">
  <tr>
    <td> <img src=""http://image.rakuten.co.jp/kitcut/cabinet/banner/04802908/imgrc0073840290.jpg"" width=""399"" /></td>
    <td> <img src=""http://image.rakuten.co.jp/kitcut/cabinet/banner/04802908/imgrc0073840291.jpg"" width=""399"" /></td>
  </tr>
</table>

<!--6月5日(月)9:59まで　DEAL-->
<table width=""800"" border=""0"" align=""center"">
  <tr>
    <td> <img src=""https://image.rakuten.co.jp/kitcut/cabinet/special/imgrc0081361413.jpg"" width=""800px"" /> </td>
  </tr>
</table>

<!--6月5日(月)9:59まで　フラッシュセール-->


<table width=""800"" border=""0""align=""center"" style=""background-color:#444444; color:#F4D406; text-align: center; font-size:18px; border-radius: 5px;"" >
 <tr >
    <td colspan=""5"" ><img src=""https://image.rakuten.co.jp/kitcut/cabinet/special/imgrc0081361616.jpg"" alt="""" width=""99%"" /></td>
  </tr>
  <tr>
    <td><img src=""https://image.rakuten.co.jp/kitcut/cabinet/special/imgrc0081361618.jpg"" width=""97%"" /></td>
    <td><img src=""https://image.rakuten.co.jp/kitcut/cabinet/special/imgrc0081361617.jpg"" width=""97%"" /></td>
    <td><img src=""https://image.rakuten.co.jp/kitcut/cabinet/special/imgrc0081361619.jpg"" width=""97%"" /></td>
    <td><img src=""https://image.rakuten.co.jp/kitcut/cabinet/special/imgrc0081361620.jpg"" width=""97%"" /></td>
  </tr>
  <tr>
    <td colspan=""5"" >2017年6月1日（木）10:00～2017年6月6日（火）9:59迄</td>
  </tr>
</table>






<style type=""text/css"">

#item_attention_area {
  border: #D00 solid 2px;
}

#item_attention_area p{
  margin: 0;
  padding: 2px 5px;
  color: white;
  background-color: #D00;
}

#item_attention_area ul{
  margin:0;
  padding: 10px 15px 5px 15px;
  list-style: none;
}

#item_attention_area ul>li{
  margin-bottom: 5px;
}

@media (max-width:481px){
section table   { width: 100%; }

.item th  { width: 30%; text-align: left; }
.item td  { 
margin-bottom:10px;
display:table;
}    

@media only screen and (min-width:480px){
    .item { margin: 0 auto; }
   .item tr{
        display: block;
}
    .item th,
    .item td{
        max-width: 100%;
       display: block;
        border-top: none;
		margin-bottom:10px;	

}

</style>",[1200円OFFクーポン有][ネコポス可] TUNEWEAR TUNEFILM Pro for iPhone SE / 5s / 5c / 5 高光沢・抗菌・防指紋タイプ (すべてのiPhone 5に対応) # TUN-PH-000231  チューンウェア  (すべてのiPhone 5に対応) (Apple製品関連アクセサリ)：Apple専門店 キットカット,iPhone6 ケースiPhone 6 Plus ケースiPad Air 2 ケースiPad mini ケースAppleMacBook Pro ケースMacBook Air ケースbeats by dr.dreCatalystTHULEクラフトホリックiPad Pro ケースBOSEmoecoGILD designJBLヘッドホンイヤホンbluetoothスピーカー[1200円OFFクーポン有][ネコポス可] TUNEWEAR TUNEFILM Pro for iPhone SE / 5s / 5c / 5 高光沢・抗菌・防指紋タイプ (すべてのiPhone 5に対応) # TUN-PH-000231  チューンウェア  (すべてのiPhone 5に対応) (Apple製品関連アクセサリ),iPhone 5C/5S/5用の抗菌・防指紋フィルムです。。[1200円OFFクーポン有][ネコポス可] TUNEWEAR TUNEFILM Pro for iPhone SE / 5s / 5c / 5 高光沢・抗菌・防指紋タイプ (すべてのiPhone 5に対応) # TUN-PH-000231  チューンウェア  (すべてのiPhone 5に対応) (Apple製品関連アクセサリ)[rn]
32-93198,http://tshop.r10s.jp/kitcut/cabinet/item/7/prod-pict-272894.jpg?fitin=700:700,518.4000,,スマートフォン・タブレット > スマートフォンアクセサリー > その他,[1200円OFFクーポン有][ネコポス可] ELECOM iPhone 5 / 5s / 5c / SE 用 フィルム(指紋防止反射防止) (すべてのiPhone 5に対応) (非光沢) # PS-A12FLFA  エレコム (Apple製品関連アクセサリ),気泡がキレイに抜けるエアレスタイプの液晶保護フィルム,"<br>

<!-- 関連分類リンク-->
<a href=""http://item.rakuten.co.jp/kitcut/c/""><img src=""http://image.rakuten.co.jp/kitcut/cabinet/banner/kitcut/suggest-case.jpg""></a><br>
<!-- 関連分類リンクここまで--><!-- ブックマーク -->
<br><p class=""add_bookmark""><a href=""https://my.bookmark.rakuten.co.jp/?func=reg&svid=101&shop_bid=206376&iid=10029655&itype=1""><img src=""https://image.rakuten.co.jp/kitcut/cabinet/banner/kitcut/imgrc0067948711.jpg"" alt=""Last Update : 2017/05/25 9:22:40""></a></p>
<!-- ブックマークここまで --><hr>
<!-- バリエーション -->
【バリエーション】
<div class=""variation2"">
<a href=""https://item.rakuten.co.jp/kitcut/272890/""><img width=""100"" border=""0"" src=""https://image.rakuten.co.jp/kitcut/cabinet/item/7/prod-pict-272890.jpg""></a>
<a href=""https://item.rakuten.co.jp/kitcut/272892/""><img width=""100"" border=""0"" src=""https://image.rakuten.co.jp/kitcut/cabinet/item/7/prod-pict-272892.jpg""></a>
<a href=""https://item.rakuten.co.jp/kitcut/272894/""><img width=""100"" border=""0"" src=""https://image.rakuten.co.jp/kitcut/cabinet/item/7/prod-pict-272894.jpg""></a>
<a href=""https://item.rakuten.co.jp/kitcut/272897/""><img width=""100"" border=""0"" src=""https://image.rakuten.co.jp/kitcut/cabinet/item/8/prod-pict-272897.jpg""></a>
<a href=""https://item.rakuten.co.jp/kitcut/272900/""><img width=""100"" border=""0"" src=""https://image.rakuten.co.jp/kitcut/cabinet/item/7/prod-pict-272900.jpg""></a>
<a href=""https://item.rakuten.co.jp/kitcut/272903/""><img width=""100"" border=""0"" src=""https://image.rakuten.co.jp/kitcut/cabinet/item/7/prod-pict-272903.jpg""></a><br>
<font color=""gray"">[family] <a href=""http://search.rakuten.co.jp/search/inshop-mall/272905833/-/f.1-p.1-s.2-sf.0-sid.206376-st.A-v.3"">272905833</a></font></div>
<!-- バリエーションここまで -->
<!-- ネコポス文言 --><br>
<img src='http://image.rakuten.co.jp/kitcut/cabinet/nekopos.jpg'><br>
<!-- ネコポス文言ここまで --><br><!-- 商品詳細 -->
<table class='item_explain' border='0' cellspacing='0' cellpadding='0'>
<tr>
<td>
気泡がキレイに抜けるエアレスタイプ。<br>
iPhone 5 / 5s の液晶画面をキズや汚れから守る、エアレスタイプの液晶保護フィルム。<br>
<br>
・ iPhone 5 / 5s の液晶画面をキズや汚れから守る、エアレスタイプの液晶保護フィルムです。<br>
・ 時間の経過とともに気泡が目立たなくなる特殊吸着層を採用しています。<br>
・ 小さな気泡ができたときには、指などで押し出すことで気泡を抜くことができます。<br>
・ 光の映り込みを抑え見やすい画面を実現する、反射防止仕様です。<br>
・ 摩擦を軽減した表面仕上げで、スベスベした快適な操作を実現します。<br>
・ 指紋汚れを付きにくくする指紋防止コーティングを施しています。<br>
・ フィルムを貼ったままでも本体操作ができるタッチスクリーン入力に対応しています。<br>
・ 貼り付け面にシリコン皮膜をコーティングし、接着剤や両面テープを使わずに貼り付け可能な自己吸着タイプです。貼りやすく、貼り直しも可能です。吸着力は水洗いで回復します。<br>
<br>
【仕様】<br>
　対応機種 : iPhone 5 / 5s / 5c<br>
セット内容 : 液晶保護フィルム(エアーレス皮脂汚れ防止仕様)x1、ホコリ取りシールx1、クリーニングクロスx1<br>
　　　材質 : 接合面:シリコン、外側:PET<br>
<br><br>
[メーカー]エレコム ELECOM (エレコム)<br>
[商品型番] PS-A12FLFA<br>
[バーコード] 4953103965393<br>

<font color=""gray"">
[性能] 非光沢<br>[製品] 保護フィルム<br>[対応] iPhone5<br>[対応] iPhone 5s<br>[対応] iPhone 5c<br>[対応] iPhone SE<br>[対応S] アイフォーン アイフォン  アイホーン アイホン iPhone<br>[対応S] 非光沢 アンチグレア ノングレア つや消し マット 反射防止 艶無しタイプ つやなし つや無し
</font><br>
</td>
</tr>
</table><br><br>
<!-- 商品詳細ここまで --><!--共通説明文（大）ここから-->

<table width=""800"" border=""0"" align=""center"">
  <tr>
    <td> <img src=""https://image.rakuten.co.jp/kitcut/cabinet/banner/05298098/imgrc0080334562.jpg"" width=""800px"" /></td>
  </tr>
</table>
<table width=""800"" border=""0"" align=""center"">
  <tr>
    <td> <img src=""https://image.rakuten.co.jp/kitcut/cabinet/banner/05298098/imgrc0080411111.jpg"" width=""800px"" /></td>
  </tr>
</table>

<!--横2列-->

<table width=""800"" border=""0"" align=""center"">
  <tr>
    <td> <img src=""https://image.rakuten.co.jp/kitcut/cabinet/top/05006737/imgrc0080402120.jpg"" width=""399"" /></td>
    
    <!--kickflip-->
    <td> <img src=""https://image.rakuten.co.jp/kitcut/cabinet/top/05006737/imgrc0080402031.jpg"" width=""399"" /></td>
  </tr>
</table>

<!--横2列-->

<table width=""800"" border=""0"" align=""center"">
  <tr>
    <td> <img src=""https://image.rakuten.co.jp/kitcut/cabinet/banner/05298098/imgrc0081316114.jpg"" width=""399"" /></td>
    <td> <img src=""https://image.rakuten.co.jp/kitcut/cabinet/banner/05298098/imgrc0080355902.jpg"" width=""399"" /></td>
  </tr>
</table>

<!--25周年の告知-->
<table width=""800"" border=""0"" align=""center"">
  <tr>
    <td> <img src=""http://image.rakuten.co.jp/kitcut/cabinet/banner/04802908/imgrc0073840290.jpg"" width=""399"" /></td>
    <td> <img src=""http://image.rakuten.co.jp/kitcut/cabinet/banner/04802908/imgrc0073840291.jpg"" width=""399"" /></td>
  </tr>
</table>

<!--6月5日(月)9:59まで　DEAL-->
<table width=""800"" border=""0"" align=""center"">
  <tr>
    <td> <img src=""https://image.rakuten.co.jp/kitcut/cabinet/special/imgrc0081361413.jpg"" width=""800px"" /> </td>
  </tr>
</table>

<!--6月5日(月)9:59まで　フラッシュセール-->


<table width=""800"" border=""0""align=""center"" style=""background-color:#444444; color:#F4D406; text-align: center; font-size:18px; border-radius: 5px;"" >
 <tr >
    <td colspan=""5"" ><img src=""https://image.rakuten.co.jp/kitcut/cabinet/special/imgrc0081361616.jpg"" alt="""" width=""99%"" /></td>
  </tr>
  <tr>
    <td><img src=""https://image.rakuten.co.jp/kitcut/cabinet/special/imgrc0081361618.jpg"" width=""97%"" /></td>
    <td><img src=""https://image.rakuten.co.jp/kitcut/cabinet/special/imgrc0081361617.jpg"" width=""97%"" /></td>
    <td><img src=""https://image.rakuten.co.jp/kitcut/cabinet/special/imgrc0081361619.jpg"" width=""97%"" /></td>
    <td><img src=""https://image.rakuten.co.jp/kitcut/cabinet/special/imgrc0081361620.jpg"" width=""97%"" /></td>
  </tr>
  <tr>
    <td colspan=""5"" >2017年6月1日（木）10:00～2017年6月6日（火）9:59迄</td>
  </tr>
</table>






<style type=""text/css"">

#item_attention_area {
  border: #D00 solid 2px;
}

#item_attention_area p{
  margin: 0;
  padding: 2px 5px;
  color: white;
  background-color: #D00;
}

#item_attention_area ul{
  margin:0;
  padding: 10px 15px 5px 15px;
  list-style: none;
}

#item_attention_area ul>li{
  margin-bottom: 5px;
}

@media (max-width:481px){
section table   { width: 100%; }

.item th  { width: 30%; text-align: left; }
.item td  { 
margin-bottom:10px;
display:table;
}    

@media only screen and (min-width:480px){
    .item { margin: 0 auto; }
   .item tr{
        display: block;
}
    .item th,
    .item td{
        max-width: 100%;
       display: block;
        border-top: none;
		margin-bottom:10px;	

}

</style>",[1200円OFFクーポン有][ネコポス可] ELECOM iPhone 5 / 5s / 5c / SE 用 フィルム(指紋防止反射防止) (すべてのiPhone 5に対応) (非光沢) # PS-A12FLFA  エレコム (Apple製品関連アクセサリ)：Apple専門店 キットカット,iPhone6 ケースiPhone 6 Plus ケースiPad Air 2 ケースiPad mini ケースAppleMacBook Pro ケースMacBook Air ケースbeats by dr.dreCatalystTHULEクラフトホリックiPad Pro ケースBOSEmoecoGILD designJBLヘッドホンイヤホンbluetoothスピーカー[1200円OFFクーポン有][ネコポス可] ELECOM iPhone 5 / 5s / 5c / SE 用 フィルム(指紋防止反射防止) (すべてのiPhone 5に対応) (非光沢) # PS-A12FLFA  エレコム (Apple製品関連アクセサリ),気泡がキレイに抜けるエアレスタイプの液晶保護フィルム。[1200円OFFクーポン有][ネコポス可] ELECOM iPhone 5 / 5s / 5c / SE 用 フィルム(指紋防止反射防止) (すべてのiPhone 5に対応) (非光沢) # PS-A12FLFA  エレコム (Apple製品関連アクセサリ)[rn]
32-93199,http://tshop.r10s.jp/kitcut/cabinet/item/30/prod-pict-430415.jpg?fitin=700:700,6400.0000,,スマートフォン・タブレット > スマートフォンアクセサリー > その他,[1200円OFFクーポン有][ネコポス可] GRAMAS Protection Full Cover Glass for iPhone 6 / 6s White # EXIP6FCW  グラマス (iPhone6 保護フィルム),iPhoneの液晶を高精細なまま表現できます。,"<!-- リコメンド --><br>
<div id=""recommend_area"">
<h3>GRAMAS Protection Full Cover Glass for iPhone 6 / 6s White # EXIP6FCW  グラマス</h3>
<div class=""staff_recommend""><h3>付属品</h3><div class=""recom_showcase""><p class=""recom_img""><img src=""http://image.rakuten.co.jp/kitcut/cabinet/recom32/rec-430415-34143.jpg"" alt=""付属品の画像""></p></div><p>iPhone本体カラーにあわせたホームボタンシール(Black : スペースグレイx2　White : シルバーx1　ゴールドx1)が付属しています。ガラスの段差を埋め、ボタンを操作しやすくなります。</p></div>
<div class=""staff_recommend""><h3>付属品</h3><div class=""recom_showcase""><p class=""recom_img""><img src=""http://image.rakuten.co.jp/kitcut/cabinet/recom32/rec-430415-34144.jpg"" alt=""付属品の画像""></p></div><p></p></div>
<div class=""staff_recommend""><h3>FullCover Glass x GRAMAS社製ケース対応表</h3><div class=""recom_showcase""><p class=""recom_img""><img src=""http://image.rakuten.co.jp/kitcut/cabinet/recom32/rec-430414-34161.jpg"" alt=""FullCover Glass x GRAMAS社製ケース対応表の画像""></p></div><p>※本対応表はFullCover Glassがずれずに真ん中に貼ってあることが前提で検証した結果を基に作成しております。FullCoverGlassがズレたり曲がったりしているとケースと干渉して浮いてしまう場合があります。</p></div>
</div>
<!-- リコメンドここまで -->

<br>

<!-- 関連分類リンク-->
<a href=""http://item.rakuten.co.jp/kitcut/c/0000002732/""><img src=""http://image.rakuten.co.jp/kitcut/cabinet/banner/kitcut/suggest-case.jpg""></a><br>
<!-- 関連分類リンクここまで--><!-- ブックマーク -->
<br><p class=""add_bookmark""><a href=""https://my.bookmark.rakuten.co.jp/?func=reg&svid=101&shop_bid=206376&iid=10065480&itype=1""><img src=""https://image.rakuten.co.jp/kitcut/cabinet/banner/kitcut/imgrc0067948711.jpg"" alt=""Last Update : 2017/05/25 9:25:27""></a></p>
<!-- ブックマークここまで --><hr>
<!-- バリエーション -->
【バリエーション】
<div class=""variation2"">
<a href=""https://item.rakuten.co.jp/kitcut/430414/""><img width=""100"" border=""0"" src=""https://image.rakuten.co.jp/kitcut/cabinet/item/30/prod-pict-430414.jpg""></a>
<a href=""https://item.rakuten.co.jp/kitcut/430415/""><img width=""100"" border=""0"" src=""https://image.rakuten.co.jp/kitcut/cabinet/item/30/prod-pict-430415.jpg""></a><br>
<font color=""gray"">[family] <a href=""http://search.rakuten.co.jp/search/inshop-mall/43041574191/-/f.1-p.1-s.2-sf.0-sid.206376-st.A-v.3"">43041574191</a></font></div>
<!-- バリエーションここまで -->
<img src=""http://image.rakuten.co.jp/kitcut/cabinet/banner/kitcut/imgrc0067297017.jpg""><br><hr><br>

<!-- ネコポス文言 --><br>
<img src='http://image.rakuten.co.jp/kitcut/cabinet/nekopos.jpg'><br>
<!-- ネコポス文言ここまで --><br><p>
<img src='http://image.rakuten.co.jp/kitcut/cabinet/banner/kitcut/imgrc0069266201.jpg' alt='GRAMAS特集'>
</p><hr>

<!-- 商品詳細 -->
<table class='item_explain' border='0' cellspacing='0' cellpadding='0'>
<tr>
<td>
Full Cover Glass単品(iPhone 6用)<br>
<br>
Full Cover Glassは、iPhone 6の液晶のラウンドに合わせてガラスを加工した製品です。しかしiPhoneにもわずかに個体差があるため、ラウンドに合わせただけではガラスとの相性次第で隙間が空く可能性があります。その隙間から埃や空気が混入すると、ガラスの浮きが発生してしまいます。そこでGRAMAS(グラマス)はガラスのフィット感にこだわりました。iPhoneに吸着するシリコン糊に着目し、試行錯誤の末、iPhoneの個体差を吸収して密着できるFull Cover Glassが完成しました。<br>
<br>
素材には靭性が高く割れにくい米コーニング社製ゴリラガラスを採用しています。最強クラスの表面硬度9Hを誇り、スクラッチ傷を防止します。歪みがなく高透過率なため、iPhoneの液晶を高精細なまま表現できます。ガラスの表面に施した防汚コートによって汚れがつきにくく、また汚れた場合も簡単に拭き取れます。<br>
[仕様情報]<br>
付属品 : <br>
ホームボタンシール x2枚<br>
クリーニングクロス x1枚<br>
アルコール清浄布 x1枚<br>
埃除去用シール x1枚<br><br>
[メーカー]グラマス GRAMAS<br>
[商品型番] EXIP6FCW<br>
[バーコード] 4580306876524<br>

<font color=""gray"">
[材質] ガラス<br>[性能] ガラスフィルム<br>[性能] ラウンド処理<br>[性能] 全画面保護<br>[対応] iPhone 6<br>[対応] iPhone 6s<br>[対応S] アイフォーン アイフォン  アイホーン アイホン iPhone
</font><br>
</td>
</tr>
</table><br><br>
<!-- 商品詳細ここまで --><!--共通説明文（大）ここから-->

<table width=""800"" border=""0"" align=""center"">
  <tr>
    <td> <img src=""https://image.rakuten.co.jp/kitcut/cabinet/banner/05298098/imgrc0080334562.jpg"" width=""800px"" /></td>
  </tr>
</table>
<table width=""800"" border=""0"" align=""center"">
  <tr>
    <td> <img src=""https://image.rakuten.co.jp/kitcut/cabinet/banner/05298098/imgrc0080411111.jpg"" width=""800px"" /></td>
  </tr>
</table>

<!--横2列-->

<table width=""800"" border=""0"" align=""center"">
  <tr>
    <td> <img src=""https://image.rakuten.co.jp/kitcut/cabinet/top/05006737/imgrc0080402120.jpg"" width=""399"" /></td>
    
    <!--kickflip-->
    <td> <img src=""https://image.rakuten.co.jp/kitcut/cabinet/top/05006737/imgrc0080402031.jpg"" width=""399"" /></td>
  </tr>
</table>

<!--横2列-->

<table width=""800"" border=""0"" align=""center"">
  <tr>
    <td> <img src=""https://image.rakuten.co.jp/kitcut/cabinet/banner/05298098/imgrc0081316114.jpg"" width=""399"" /></td>
    <td> <img src=""https://image.rakuten.co.jp/kitcut/cabinet/banner/05298098/imgrc0080355902.jpg"" width=""399"" /></td>
  </tr>
</table>

<!--25周年の告知-->
<table width=""800"" border=""0"" align=""center"">
  <tr>
    <td> <img src=""http://image.rakuten.co.jp/kitcut/cabinet/banner/04802908/imgrc0073840290.jpg"" width=""399"" /></td>
    <td> <img src=""http://image.rakuten.co.jp/kitcut/cabinet/banner/04802908/imgrc0073840291.jpg"" width=""399"" /></td>
  </tr>
</table>

<!--6月5日(月)9:59まで　DEAL-->
<table width=""800"" border=""0"" align=""center"">
  <tr>
    <td> <img src=""https://image.rakuten.co.jp/kitcut/cabinet/special/imgrc0081361413.jpg"" width=""800px"" /> </td>
  </tr>
</table>

<!--6月5日(月)9:59まで　フラッシュセール-->


<table width=""800"" border=""0""align=""center"" style=""background-color:#444444; color:#F4D406; text-align: center; font-size:18px; border-radius: 5px;"" >
 <tr >
    <td colspan=""5"" ><img src=""https://image.rakuten.co.jp/kitcut/cabinet/special/imgrc0081361616.jpg"" alt="""" width=""99%"" /></td>
  </tr>
  <tr>
    <td><img src=""https://image.rakuten.co.jp/kitcut/cabinet/special/imgrc0081361618.jpg"" width=""97%"" /></td>
    <td><img src=""https://image.rakuten.co.jp/kitcut/cabinet/special/imgrc0081361617.jpg"" width=""97%"" /></td>
    <td><img src=""https://image.rakuten.co.jp/kitcut/cabinet/special/imgrc0081361619.jpg"" width=""97%"" /></td>
    <td><img src=""https://image.rakuten.co.jp/kitcut/cabinet/special/imgrc0081361620.jpg"" width=""97%"" /></td>
  </tr>
  <tr>
    <td colspan=""5"" >2017年6月1日（木）10:00～2017年6月6日（火）9:59迄</td>
  </tr>
</table>






<style type=""text/css"">

#item_attention_area {
  border: #D00 solid 2px;
}

#item_attention_area p{
  margin: 0;
  padding: 2px 5px;
  color: white;
  background-color: #D00;
}

#item_attention_area ul{
  margin:0;
  padding: 10px 15px 5px 15px;
  list-style: none;
}

#item_attention_area ul>li{
  margin-bottom: 5px;
}

@media (max-width:481px){
section table   { width: 100%; }

.item th  { width: 30%; text-align: left; }
.item td  { 
margin-bottom:10px;
display:table;
}    

@media only screen and (min-width:480px){
    .item { margin: 0 auto; }
   .item tr{
        display: block;
}
    .item th,
    .item td{
        max-width: 100%;
       display: block;
        border-top: none;
		margin-bottom:10px;	

}

</style>",[1200円OFFクーポン有][ネコポス可] GRAMAS Protection Full Cover Glass for iPhone 6 / 6s White # EXIP6FCW  グラマス (iPhone6 保護フィルム)：Apple専門店 キットカット,iPhone6 ケースiPhone 6 Plus ケースiPad Air 2 ケースiPad mini ケースAppleMacBook Pro ケースMacBook Air ケースbeats by dr.dreCatalystTHULEクラフトホリックiPad Pro ケースBOSEmoecoGILD designJBLヘッドホンイヤホンbluetoothスピーカー[1200円OFFクーポン有][ネコポス可] GRAMAS Protection Full Cover Glass for iPhone 6 / 6s White # EXIP6FCW  グラマス (iPhone6 保護フィルム),iPhoneの液晶を高精細なまま表現できます。。[1200円OFFクーポン有][ネコポス可] GRAMAS Protection Full Cover Glass for iPhone 6 / 6s White # EXIP6FCW  グラマス (iPhone6 保護フィルム)[rn]
32-93200,http://tshop.r10s.jp/kitcut/cabinet/item/35/prod-pict-437169.jpg?fitin=700:700,1488.0000,,スマートフォン・タブレット > スマートフォンアクセサリー > その他,[1200円OFFクーポン有][ネコポス可] Ray Out iPhone SE / 5s / 5c / 5 液晶保護フィルム 9H 耐衝撃 ハイブリッド 高光沢 # RT-P11SFT/T1  レイアウト (Apple製品関連アクセサリ),硬度9Hの耐衝撃・高光沢で端末を「傷」と「衝撃」から守る,"<br>

<!-- 関連分類リンク-->
<a href=""http://item.rakuten.co.jp/kitcut/c/""><img src=""http://image.rakuten.co.jp/kitcut/cabinet/banner/kitcut/suggest-case.jpg""></a><br>
<!-- 関連分類リンクここまで--><!-- ブックマーク -->
<br><p class=""add_bookmark""><a href=""https://my.bookmark.rakuten.co.jp/?func=reg&svid=101&shop_bid=206376&iid=10075512&itype=1""><img src=""https://image.rakuten.co.jp/kitcut/cabinet/banner/kitcut/imgrc0067948711.jpg"" alt=""Last Update : 2017/05/25 9:26:52""></a></p>
<!-- ブックマークここまで --><hr>
<!-- バリエーション -->
【バリエーション】
<div class=""variation2"">
<a href=""https://item.rakuten.co.jp/kitcut/437169/""><img width=""100"" border=""0"" src=""https://image.rakuten.co.jp/kitcut/cabinet/item/35/prod-pict-437169.jpg""></a>
<a href=""https://item.rakuten.co.jp/kitcut/437170/""><img width=""100"" border=""0"" src=""https://image.rakuten.co.jp/kitcut/cabinet/item/35/prod-pict-437170.jpg""></a>
<a href=""https://item.rakuten.co.jp/kitcut/437171/""><img width=""100"" border=""0"" src=""https://image.rakuten.co.jp/kitcut/cabinet/item/35/prod-pict-437171.jpg""></a>
<a href=""https://item.rakuten.co.jp/kitcut/437172/""><img width=""100"" border=""0"" src=""https://image.rakuten.co.jp/kitcut/cabinet/item/35/prod-pict-437172.jpg""></a><br>
<font color=""gray"">[family] <a href=""http://search.rakuten.co.jp/search/inshop-mall/43716960271/-/f.1-p.1-s.2-sf.0-sid.206376-st.A-v.3"">43716960271</a></font></div>
<!-- バリエーションここまで -->
<!-- ネコポス文言 --><br>
<img src='http://image.rakuten.co.jp/kitcut/cabinet/nekopos.jpg'><br>
<!-- ネコポス文言ここまで --><br><!-- 商品詳細 -->
<table class='item_explain' border='0' cellspacing='0' cellpadding='0'>
<tr>
<td>
硬度9Hの耐衝撃・高光沢で端末を「傷」と「衝撃」から守る<br>
<br>
・ フレキシブルなのにガラス並の超高硬度9Ｈ!<br>
高級車のボディーコーティングにも使用されるハイブリッドガラスコーティングにより高硬度9Hを実現。<br>
ガラスフィルムよりも優れた柔軟性が特徴で、貼り直しの際にフィルムを割る心配がありません。<br>
<br>
・ 超タフなフィルム!<br>
フィルムを3倍厚くすることで端末への衝撃を軽減。本体画面をがっちりガードします!<br>
<br>
・ なめらかな指すべり<br>
フッ素コートでなめらかな指すべりを実現。指紋や皮脂が付きにくく画面のべたつきを抑えます。<br>
<br>
・ 高画質な液晶にピッタリ<br>
ヘイズ(光散乱)を抑えることで画面が白くボケることを抑えくっきり鮮やか。高画質な液晶の機種に最適です。<br>
<br>
・ 指紋や皮脂が付きにくい<br>
指紋や皮脂が付きにくく画面のべたつきを抑えます。<br>
<br>
・ 簡単貼りつけ「Quick Scope」付き!<br>
ぴったり貼れる!新開発貼り付けキット「Quick Scope」付き! 狙った場所は外さない!液晶フィルム貼り付けがとても楽に行えます。 (特許申請中)<br>
[仕様情報]<br>
材質 : シリコン膜(液晶保護フィルム吸着面)<br>
　　　アクリル系樹脂＋PET(液晶保護フィルム表面)<br>
製品内容 : 液晶保護フィルム 9H 耐衝撃 ハイブリッドガラスコート 高光沢<br>
　　　　　クロス<br><br>
[メーカー]レイアウト Ray Out<br>
[商品型番] RT-P11SFT/T1<br>
[バーコード] 4562356998302<br>

<font color=""gray"">
[性能] 衝撃吸収<br>[性能] 光沢<br>[対応] iPhone 5<br>[対応] iPhone 5s<br>[対応] iPhone 5c<br>[対応] iPhone SE<br>[対応S] アイフォーン アイフォン  アイホーン アイホン iPhone
</font><br>
</td>
</tr>
</table><br><br>
<!-- 商品詳細ここまで --><!--共通説明文（大）ここから-->

<table width=""800"" border=""0"" align=""center"">
  <tr>
    <td> <img src=""https://image.rakuten.co.jp/kitcut/cabinet/banner/05298098/imgrc0080334562.jpg"" width=""800px"" /></td>
  </tr>
</table>
<table width=""800"" border=""0"" align=""center"">
  <tr>
    <td> <img src=""https://image.rakuten.co.jp/kitcut/cabinet/banner/05298098/imgrc0080411111.jpg"" width=""800px"" /></td>
  </tr>
</table>

<!--横2列-->

<table width=""800"" border=""0"" align=""center"">
  <tr>
    <td> <img src=""https://image.rakuten.co.jp/kitcut/cabinet/top/05006737/imgrc0080402120.jpg"" width=""399"" /></td>
    
    <!--kickflip-->
    <td> <img src=""https://image.rakuten.co.jp/kitcut/cabinet/top/05006737/imgrc0080402031.jpg"" width=""399"" /></td>
  </tr>
</table>

<!--横2列-->

<table width=""800"" border=""0"" align=""center"">
  <tr>
    <td> <img src=""https://image.rakuten.co.jp/kitcut/cabinet/banner/05298098/imgrc0081316114.jpg"" width=""399"" /></td>
    <td> <img src=""https://image.rakuten.co.jp/kitcut/cabinet/banner/05298098/imgrc0080355902.jpg"" width=""399"" /></td>
  </tr>
</table>

<!--25周年の告知-->
<table width=""800"" border=""0"" align=""center"">
  <tr>
    <td> <img src=""http://image.rakuten.co.jp/kitcut/cabinet/banner/04802908/imgrc0073840290.jpg"" width=""399"" /></td>
    <td> <img src=""http://image.rakuten.co.jp/kitcut/cabinet/banner/04802908/imgrc0073840291.jpg"" width=""399"" /></td>
  </tr>
</table>

<!--6月5日(月)9:59まで　DEAL-->
<table width=""800"" border=""0"" align=""center"">
  <tr>
    <td> <img src=""https://image.rakuten.co.jp/kitcut/cabinet/special/imgrc0081361413.jpg"" width=""800px"" /> </td>
  </tr>
</table>

<!--6月5日(月)9:59まで　フラッシュセール-->


<table width=""800"" border=""0""align=""center"" style=""background-color:#444444; color:#F4D406; text-align: center; font-size:18px; border-radius: 5px;"" >
 <tr >
    <td colspan=""5"" ><img src=""https://image.rakuten.co.jp/kitcut/cabinet/special/imgrc0081361616.jpg"" alt="""" width=""99%"" /></td>
  </tr>
  <tr>
    <td><img src=""https://image.rakuten.co.jp/kitcut/cabinet/special/imgrc0081361618.jpg"" width=""97%"" /></td>
    <td><img src=""https://image.rakuten.co.jp/kitcut/cabinet/special/imgrc0081361617.jpg"" width=""97%"" /></td>
    <td><img src=""https://image.rakuten.co.jp/kitcut/cabinet/special/imgrc0081361619.jpg"" width=""97%"" /></td>
    <td><img src=""https://image.rakuten.co.jp/kitcut/cabinet/special/imgrc0081361620.jpg"" width=""97%"" /></td>
  </tr>
  <tr>
    <td colspan=""5"" >2017年6月1日（木）10:00～2017年6月6日（火）9:59迄</td>
  </tr>
</table>






<style type=""text/css"">

#item_attention_area {
  border: #D00 solid 2px;
}

#item_attention_area p{
  margin: 0;
  padding: 2px 5px;
  color: white;
  background-color: #D00;
}

#item_attention_area ul{
  margin:0;
  padding: 10px 15px 5px 15px;
  list-style: none;
}

#item_attention_area ul>li{
  margin-bottom: 5px;
}

@media (max-width:481px){
section table   { width: 100%; }

.item th  { width: 30%; text-align: left; }
.item td  { 
margin-bottom:10px;
display:table;
}    

@media only screen and (min-width:480px){
    .item { margin: 0 auto; }
   .item tr{
        display: block;
}
    .item th,
    .item td{
        max-width: 100%;
       display: block;
        border-top: none;
		margin-bottom:10px;	

}

</style>",[1200円OFFクーポン有][ネコポス可] Ray Out iPhone SE / 5s / 5c / 5 液晶保護フィルム 9H 耐衝撃 ハイブリッド 高光沢 # RT-P11SFT/T1  レイアウト (Apple製品関連アクセサリ)：Apple専門店 キットカット,iPhone6 ケースiPhone 6 Plus ケースiPad Air 2 ケースiPad mini ケースAppleMacBook Pro ケースMacBook Air ケースbeats by dr.dreCatalystTHULEクラフトホリックiPad Pro ケースBOSEmoecoGILD designJBLヘッドホンイヤホンbluetoothスピーカー[1200円OFFクーポン有][ネコポス可] Ray Out iPhone SE / 5s / 5c / 5 液晶保護フィルム 9H 耐衝撃 ハイブリッド 高光沢 # RT-P11SFT/T1  レイアウト (Apple製品関連アクセサリ),硬度9Hの耐衝撃・高光沢で端末を「傷」と「衝撃」から守る。[1200円OFFクーポン有][ネコポス可] Ray Out iPhone SE / 5s / 5c / 5 液晶保護フィルム 9H 耐衝撃 ハイブリッド 高光沢 # RT-P11SFT/T1  レイアウト (Apple製品関連アクセサリ)[rn]
