29-15001,http://tshop.r10s.jp/onepi-c/cabinet/onepi114/w9932ta-1.jpg?fitin=700:700,7767.2000,,レディースファッション > ボトムス > スカート,【再入荷♪10月23日12時&22時より】「mori」地中海を想わせるグラデーションスカート,▽▽,"<table cellspacing=""0"" cellpadding=""0"" width=""600"" border=""0"" >
  <TBODY>
    <TR>
      <td align=""center""><br>
      <br>
   
<img src=""http://image.rakuten.co.jp/onepi-c/cabinet/onepi114/w9932ta-1.jpg"" border=""0""><BR><BR><BR><BR><BR><BR><BR><BR><BR><BR>
<IMG src=""http://image.rakuten.co.jp/onepi-c/cabinet/onepi114/w9932ta-2.jpg"" border=""0""><BR><BR><BR><BR><BR><BR><BR><BR><BR><BR>
<IMG src=""http://image.rakuten.co.jp/onepi-c/cabinet/onepi114/w9932ta-3.jpg"" border=""0""><BR>
<CENTER><font size=""1"" color=""#999999""><BR><BR>
着用アイテム→　<a href=""http://item.rakuten.co.jp/onepi-c/w9991ta/"">トップス</a>
<BR><BR>
※在庫切れ・販売終了の場合がございます。
</font><BR></CENTER>
<BR><BR><BR><BR><BR><BR><BR><BR><BR>
<IMG src=""http://image.rakuten.co.jp/onepi-c/cabinet/onepi114/w9932ta-4.jpg"" border=""0""><BR><BR><BR><BR><BR><BR><BR><BR><BR><BR>
<IMG src=""http://image.rakuten.co.jp/onepi-c/cabinet/onepi114/w9932ta-5.jpg"" border=""0""><BR><BR><BR><BR><BR><BR><BR><BR><BR><BR>
<IMG src=""http://image.rakuten.co.jp/onepi-c/cabinet/onepi114/w9932ta-6.jpg"" border=""0""><BR><BR><BR><BR><BR><BR><BR><BR><BR><BR>
<IMG src=""http://image.rakuten.co.jp/onepi-c/cabinet/onepi114/w9932ta-7.jpg"" border=""0""><BR><BR><BR><BR><BR><BR><BR><BR><BR><BR>
<IMG src=""http://image.rakuten.co.jp/onepi-c/cabinet/onepi114/w9932ta-8.jpg"" border=""0""><BR>
<CENTER><font size=""1"" color=""#999999""><BR><BR>
着用アイテム→　<a href=""http://item.rakuten.co.jp/onepi-c/w10011ta/"">トップス</a>
<BR><BR>
※在庫切れ・販売終了の場合がございます。
</font><BR></CENTER>
<BR><BR><BR><BR><BR><BR><BR><BR><BR>
<IMG src=""http://image.rakuten.co.jp/onepi-c/cabinet/onepi114/w9932ta-9.jpg"" border=""0""><BR><BR><BR><BR><BR><BR><BR><BR><BR><BR>
<IMG src=""http://image.rakuten.co.jp/onepi-c/cabinet/onepi114/w9932ta-10.jpg"" border=""0""><BR><BR><BR><BR><BR><BR><BR><BR><BR><BR>
<IMG src=""http://image.rakuten.co.jp/onepi-c/cabinet/onepi114/w9932ta-11.jpg"" border=""0""><BR>

<IMG src=""http://image.rakuten.co.jp/onepi-c/cabinet/onepi114/w9932ta-12.jpg"" border=""0""><BR><BR><BR><BR><BR><BR><BR><BR><BR><BR>

<IMG src=""http://image.rakuten.co.jp/onepi-c/cabinet/onepi114/w9932ta-13.jpg"" border=""0""><BR><BR><BR><BR><BR><BR><BR><BR><BR><BR>
<IMG src=""http://image.rakuten.co.jp/onepi-c/cabinet/onepi114/w9932ta-14.jpg"" border=""0""><BR><BR><BR><BR><BR><BR><BR><BR><BR><BR>
<IMG src=""http://image.rakuten.co.jp/onepi-c/cabinet/onepi114/w9932ta-15.jpg"" border=""0""><BR><BR><BR><BR><BR><BR><BR><BR><BR><BR>
<IMG src=""http://image.rakuten.co.jp/onepi-c/cabinet/tyakuyou/imgrc0064644739.jpg"" border=""0""><BR><BR><BR><BR>
<b><font color=""#666666"" size=""2"">「サイズ感、色、柄、シミについて」</font></b><font color=""#666666"" size=""2""><br>
            <br>
            <br>
            こちらの商品はすべて自然素材を手仕事によって仕上げたものです。<br>
            <br>
            それぞれの国や地方、民族の伝統的な手法を受け継ぎ、できるだけその地方で<br>
            <br>
            採れる素材を用いております。手編み、手刺繍、手織り、手紡ぎ、手染め、型押し。<br>
            <br>
            つくった人々から届く、作品たち。つくる人々の生きた感性や空気感まで伝わってきます。<br>
            <br>
            <br>
            しかし、残念ながら、一般的な大規模工場で作られるものとは異なり、<br>
            <br>
            当然つくる人々も努力を続けているのですが、サイズ感、色、柄、に多少の差異があるものや<br>
            <br>
            多少の糸抜け、かすれ、シミ、キズなどあるものもございます。<br>
            <br>
            これも世界に2つとない趣きとしてお楽しみいただければ幸いでございます。<br>
            <br>
            <br>
            また一方で、cawaiiでは全商品に対して返品や交換を無料で承っております。<br>
            <br>
            お気軽にご相談いただけましたらすぐにご対応させていただきます。<br>
            <br>
            <br>T E L　079-451-5799　　メール　info@onepease-net.com <br>
            <br>
            <br><br>
            <br>
            </font>

<font size=""1"" color=""#999999"">
再入荷については<br><br>
メルマガでお知らせしております。<br><br>
ご登録は<a href=""http://www.rakuten.co.jp/onepi-c/news.html"" target=""_blank"">こちら</a>より<br><br><br>
     
      <BR>
      </font></td>
    </TR>
  </TBODY>
</table><font color=""#999999"" size=""1""><br>
      <br>
サイズ<br>
      <IMG width=""495"" height=""6"" src=""http://image.rakuten.co.jp/onepi-c/cabinet/onepi01/bar2.gif""><br>
      <br>
      <br>
      </font>
      <table border=""0"" width=""400"" cellpadding=""10"">
        <tbody>
          <tr>
            <td width=""200"" valign=""top"" align=""center""><FONT color=""#999999"" size=""1"">総丈　85cm<br><br>
ウエスト　76～100cm(一部ゴム・紐調節可能)<br><br>
素材　綿<br><br>
厚み　なし<br><br>
第2画像が実際に近い色みになります<br><br>
伸縮性　なし<br><br>



</font></td>
            <td width=""200"" valign=""top"" align=""center""><font color=""#999999"" size=""1"">透け感　あり<br><br>
裏地　なし<br><br>
重さ　約233g<br><br>
手洗い　可<br><br>
メール便　不可<br><br>
生産国　タイ<br><br>
モデル身長　164cm<BR><BR><BR>
      </font></td>
          </tr>
        </tbody>
      </table>
      <font color=""#999999"" size=""1""><br>
<br>
<br>
<br>
<br>
サイズの図り方について<br>
      <IMG width=""495"" height=""6"" src=""http://image.rakuten.co.jp/onepi-c/cabinet/onepi01/bar2.gif""><br>
<br>
<br>
<IMG src=""http://image.rakuten.co.jp/onepi-c/cabinet/oz/img62065152.jpg"" width=""495"" height=""348"" border=""0""><br>
<br>
<br>
</font><br>
      <font color=""#999999"" size=""1""><br>
      <br>
      ガイド<br>
      <IMG width=""495"" height=""6"" src=""http://image.rakuten.co.jp/onepi-c/cabinet/onepi01/bar2.gif""><br>
      <br>
      </font>


<br><br><br><br><br><br><table border=""0"" cellpadding=""6"">
  <tbody>
    <tr>
      <td align=""center""><img src=""https://image.rakuten.co.jp/onepi-c/cabinet/oz/imgrc0074444478.jpg"" width=""720"" border=""0""><br>
      <br>
      </td>
    </tr>
    <tr>
      <td align=""center""><img src=""http://image.rakuten.co.jp/onepi-c/cabinet/oz/imgrc0074048068.jpg"" width=""720"" border=""0""><br>
      <br>
      </td>
    </tr>
    <tr>
      <td align=""center""><font color=""aea08f"" size=""1""><br>
      春もの　　　レ ー ス　　　刺 繍　　　ストール　　　 蝶々　　　花刺繍　　鳥　　　デニム　　　 大人の柄　　　春の足元　　　お 花<br>
      <br>
      植 物 ・ 実　　　染 め　　　ビ ジ ュ ー　　　フ リ ン ジ　　　後 ろ　　　デ ニ ム　　　編 み　　　異 国　　　シ ル エ ッ ト　　リ ネ ン<br>
      <br>
      エ プ ロ ン　　　袖　　　　　　　胸 元　　　　彩 り　　　　レ イ ヤ ー ド　　　　変 形　　　　ネ ッ ク ・ 首 元 ・ 襟　　　　素 敵<br>
      </font><br>
      <br>
      </td>
    </tr>
  </tbody>
</table>",【再入荷♪10月23日12時&amp;22時より】「mori」地中海を想わせるグラデーションスカート：cawaii,ワンピース専門店森ガールチュニックワンピースレトロ柄ワンピース新品ワンピースシフォン素材のワンピースシャツワンピースカシュクールワンピースニットワンピースバルーンワンピース森ガールファッション森ガールスカート花柄ワンピースワンピース通販パーティーワンピースボーダーワンピースレースワンピース結婚式ワンピースハンドメイドワンピースリネンワンピース【再入荷♪10月23日12時&amp;22時より】「mori」地中海を想わせるグラデーションスカート,▽▽。【再入荷♪10月23日12時&amp;22時より】「mori」地中海を想わせるグラデーションスカート[rn]
29-15002,http://tshop.r10s.jp/onepi-c/cabinet/onepi118/w10457ta-1.jpg?fitin=700:700,7767.2000,,レディースファッション > ボトムス > スカート,【再入荷♪10月30日12時&22時より】「mori」紋章のような彩色刺繍とモノクロスカート,▽▽,"<table cellspacing=""0"" cellpadding=""0"" width=""600"" border=""0"" >
  <TBODY>
    <TR>
      <td align=""center"">
      <br><BR><BR><BR><BR>

<img src=""http://image.rakuten.co.jp/onepi-c/cabinet/onepi118/w10457ta-1.jpg"" border=""0""><BR><BR><BR><BR><BR><BR><BR><BR><BR><BR>
<IMG src=""http://image.rakuten.co.jp/onepi-c/cabinet/onepi118/w10457ta-2.jpg"" border=""0""><BR><BR><BR><BR><BR><BR><BR><BR><BR><BR>
<IMG src=""http://image.rakuten.co.jp/onepi-c/cabinet/onepi118/w10457ta-3.jpg"" border=""0""><BR>

<BR><BR><BR><BR><BR><BR><BR><BR><BR>
<IMG src=""http://image.rakuten.co.jp/onepi-c/cabinet/onepi118/w10457ta-4.jpg"" border=""0""><BR><BR><BR><BR><BR><BR><BR><BR><BR><BR>
<IMG src=""http://image.rakuten.co.jp/onepi-c/cabinet/onepi118/w10457ta-5.jpg"" border=""0""><BR><BR><BR><BR><BR><BR><BR><BR><BR><BR>
<IMG src=""http://image.rakuten.co.jp/onepi-c/cabinet/onepi118/w10457ta-6.jpg"" border=""0""><BR><BR><BR><BR><BR><BR><BR><BR><BR><BR>
<IMG src=""http://image.rakuten.co.jp/onepi-c/cabinet/onepi118/w10457ta-7.jpg"" border=""0""><BR><BR><BR><BR><BR><BR><BR><BR><BR><BR>
<IMG src=""http://image.rakuten.co.jp/onepi-c/cabinet/onepi118/w10457ta-8.jpg"" border=""0""><BR><BR><BR><BR><BR><BR><BR><BR><BR><BR>
<IMG src=""http://image.rakuten.co.jp/onepi-c/cabinet/onepi118/w10457ta-9.jpg"" border=""0""><BR><BR><BR><BR><BR><BR><BR><BR><BR><BR>
<IMG src=""http://image.rakuten.co.jp/onepi-c/cabinet/onepi118/w10457ta-10.jpg"" border=""0""><BR><BR><BR><BR><BR><BR><BR><BR><BR><BR>
<IMG src=""http://image.rakuten.co.jp/onepi-c/cabinet/onepi118/w10457ta-11.jpg"" border=""0""><BR><BR><BR><BR><BR><BR><BR><BR><BR><BR>
<IMG src=""http://image.rakuten.co.jp/onepi-c/cabinet/onepi118/w10457ta-12.jpg"" border=""0""><BR><BR><BR><BR><BR><BR><BR><BR><BR><BR>
<IMG src=""http://image.rakuten.co.jp/onepi-c/cabinet/onepi118/w10457ta-13.jpg"" border=""0""><BR>


<BR><BR><BR><BR><BR><BR><BR><BR><BR>
<IMG src=""http://image.rakuten.co.jp/onepi-c/cabinet/onepi118/w10457ta-14.jpg"" border=""0""><BR><BR><BR><BR><BR><BR><BR><BR><BR><BR>


<IMG src=""http://image.rakuten.co.jp/onepi-c/cabinet/cyakuyougazou2/w10457taa.jpg"" border=""0""><BR><BR><BR><BR>


<b><font color=""#666666"" size=""2"">「サイズ感、色、柄、シミについて」</font></b><font color=""#666666"" size=""2""><br>
            <br>
            <br>
            こちらの商品はすべて自然素材を手仕事によって仕上げたものです。<br>
            <br>
            それぞれの国や地方、民族の伝統的な手法を受け継ぎ、できるだけその地方で<br>
            <br>
            採れる素材を用いております。手編み、手刺繍、手織り、手紡ぎ、手染め、型押し。<br>
            <br>
            つくった人々から届く、作品たち。つくる人々の生きた感性や空気感まで伝わってきます。<br>
            <br>
            <br>
            しかし、残念ながら、一般的な大規模工場で作られるものとは異なり、<br>
            <br>
            当然つくる人々も努力を続けているのですが、サイズ感、色、柄、に多少の差異があるものや<br>
            <br>
            多少の糸抜け、かすれ、シミ、キズなどあるものもございます。<br>
            <br>
            これも世界に2つとない趣きとしてお楽しみいただければ幸いでございます。<br>
            <br>
            <br>
            また一方で、cawaiiでは全商品に対して返品や交換を無料で承っております。<br>
            <br>
            お気軽にご相談いただけましたらすぐにご対応させていただきます。<br>
            <br>
            <br>T E L　079-451-5799　　メール　info@onepease-net.com <br>
            <br>
            <br><br>
            <br>
            </font>


<font size=""1"" color=""#999999"">
再入荷については<br><br>
メルマガでお知らせしております。<br><br>
ご登録は<a href=""http://www.rakuten.co.jp/onepi-c/news.html"" target=""_blank"">こちら</a>より<br><br><br>
     
      <BR>
      </font></td>
    </TR>
  </TBODY>
</table>

<font color=""#999999"" size=""1""><br>
      <br>
サイズ<br>
      <IMG width=""495"" height=""6"" src=""http://image.rakuten.co.jp/onepi-c/cabinet/onepi01/bar2.gif""><br>
      <br>
      </font>
      <table border=""0"" width=""400"" cellpadding=""10"">
        <tbody>
          <tr>
            <td width=""200"" valign=""top"" align=""center""><font color=""#999999"" size=""1"">総丈　89cm<br><br>
ウエスト　64～106cm(一部ゴム)<br><br>
素材　綿・アクリル<br><br>
厚み　なし<br><br>
第2画像が実際に近い色みになります<br><br>
伸縮性　なし<br><br>
</font></td>
            <td width=""200"" valign=""top"" align=""center""><font color=""#999999"" size=""1"">
透け感　あり<br><br>
裏地　なし<BR><br>
重さ　約281g<br><br>
手洗い　可<br><br>
メール便　不可<br><br>
生産国　　タイ<br><br>
モデル身長　160cm<br>
      </font></td>
          </tr>
        </tbody>
      </table>
      <font color=""#999999"" size=""1""><br>
      <br>
<br>
<br>
サイズの図り方について<br>
      <IMG width=""495"" height=""6"" src=""http://image.rakuten.co.jp/onepi-c/cabinet/onepi01/bar2.gif""><br>
      <br>
<IMG src=""http://image.rakuten.co.jp/onepi-c/cabinet/oz/img62065152.jpg"" width=""498"" height=""352"" border=""0""><br>
<br>
<br>
</font><br>
      <font color=""#999999"" size=""1""><br>
      <br>
      ガイド<br>
      <IMG width=""495"" height=""6"" src=""http://image.rakuten.co.jp/onepi-c/cabinet/onepi01/bar2.gif""><br>
      <br>
      </font>

<br><br><br><br><br><br><table border=""0"" cellpadding=""6"">
  <tbody>
    <tr>
      <td align=""center""><img src=""https://image.rakuten.co.jp/onepi-c/cabinet/oz/imgrc0074444478.jpg"" width=""720"" border=""0""><br>
      <br>
      </td>
    </tr>
    <tr>
      <td align=""center""><img src=""http://image.rakuten.co.jp/onepi-c/cabinet/oz/imgrc0074048068.jpg"" width=""720"" border=""0""><br>
      <br>
      </td>
    </tr>
    <tr>
      <td align=""center""><font color=""aea08f"" size=""1""><br>
      春もの　　　レ ー ス　　　刺 繍　　　ストール　　　 蝶々　　　花刺繍　　鳥　　　デニム　　　 大人の柄　　　春の足元　　　お 花<br>
      <br>
      植 物 ・ 実　　　染 め　　　ビ ジ ュ ー　　　フ リ ン ジ　　　後 ろ　　　デ ニ ム　　　編 み　　　異 国　　　シ ル エ ッ ト　　リ ネ ン<br>
      <br>
      エ プ ロ ン　　　袖　　　　　　　胸 元　　　　彩 り　　　　レ イ ヤ ー ド　　　　変 形　　　　ネ ッ ク ・ 首 元 ・ 襟　　　　素 敵<br>
      </font><br>
      <br>
      </td>
    </tr>
  </tbody>
</table>",【再入荷♪10月30日12時&amp;22時より】「mori」紋章のような彩色刺繍とモノクロスカート：cawaii,ワンピース専門店森ガールチュニックワンピースレトロ柄ワンピース新品ワンピースシフォン素材のワンピースシャツワンピースカシュクールワンピースニットワンピースバルーンワンピース森ガールファッション森ガールスカート花柄ワンピースワンピース通販パーティーワンピースボーダーワンピースレースワンピース結婚式ワンピースハンドメイドワンピースリネンワンピース【再入荷♪10月30日12時&amp;22時より】「mori」紋章のような彩色刺繍とモノクロスカート,▽▽。【再入荷♪10月30日12時&amp;22時より】「mori」紋章のような彩色刺繍とモノクロスカート[rn]
29-15003,http://tshop.r10s.jp/onepi-c/cabinet/mori036/w23210-1.jpg?fitin=700:700,6566.4000,,レディースファッション > ボトムス > スカート,「mori」ナチュラルな調和を愉しむスカート2月27日22時販売新作,　,"<table cellspacing=""0"" cellpadding=""0"" width=""600"" border=""0"" >
  <TBODY>
    <TR>
      <td align=""center""><br>
      <br>

   

<IMG src=""http://image.rakuten.co.jp/onepi-c/cabinet/mori036/w23210-1.jpg"" border=""0""><BR><BR><BR><BR><BR><BR>
<IMG src=""http://image.rakuten.co.jp/onepi-c/cabinet/mori036/w23210-2.jpg"" border=""0""><BR><BR><BR><BR><BR><BR>
<IMG src=""http://image.rakuten.co.jp/onepi-c/cabinet/mori036/w23210-3.jpg"" border=""0""><BR><BR><BR><BR><BR><BR>
<IMG src=""http://image.rakuten.co.jp/onepi-c/cabinet/mori036/w23210-4.jpg"" border=""0""><BR><BR>

<CENTER><font size=""2"" color=""#999999""><BR><BR>
着用アイテム→ <a href=""http://item.rakuten.co.jp/onepi-c/w23251/"">白トップス</a>
<BR><BR>
※在庫切れ・販売終了の場合がございます。
</font><BR></CENTER><BR><BR><BR><BR>
<IMG src=""http://image.rakuten.co.jp/onepi-c/cabinet/mori036/w23210-5.jpg"" border=""0""><BR><BR>

<CENTER><font size=""2"" color=""#999999""><BR><BR>
着用アイテム→ <a href=""http://item.rakuten.co.jp/onepi-c/w23245/"">花柄ブラウス</a>
<BR><BR>
※在庫切れ・販売終了の場合がございます。
</font><BR></CENTER><BR><BR><BR><BR>
<IMG src=""http://image.rakuten.co.jp/onepi-c/cabinet/mori036/w23210-6.jpg"" border=""0""><BR><BR><BR><BR><BR><BR>
<IMG src=""http://image.rakuten.co.jp/onepi-c/cabinet/mori036/w23210-7.jpg"" border=""0""><BR><BR><BR><BR><BR><BR>
<IMG src=""http://image.rakuten.co.jp/onepi-c/cabinet/mori036/w23210-8.jpg"" border=""0""><BR><BR><BR><BR><BR><BR>
<IMG src=""http://image.rakuten.co.jp/onepi-c/cabinet/mori036/w23210-9.jpg"" border=""0""><BR><BR><BR><BR><BR><BR>
<IMG src=""http://image.rakuten.co.jp/onepi-c/cabinet/mori036/w23210-10.jpg"" border=""0""><BR><BR><BR><BR><BR><BR>
<IMG src=""http://image.rakuten.co.jp/onepi-c/cabinet/mori036/w23210-11.jpg"" border=""0""><BR><BR><BR><BR><BR><BR>
<IMG src=""http://image.rakuten.co.jp/onepi-c/cabinet/mori036/w23210-12.jpg"" border=""0""><BR><BR><BR><BR><BR><BR>
<IMG src=""http://image.rakuten.co.jp/onepi-c/cabinet/mori036/w23210-13.jpg"" border=""0""><BR><BR><BR><BR><BR><BR>
<IMG src=""http://image.rakuten.co.jp/onepi-c/cabinet/mori036/w23210-14.jpg"" border=""0""><BR><BR><BR><BR><BR><BR>
<IMG src=""http://image.rakuten.co.jp/onepi-c/cabinet/mori036/w23210-15.jpg"" border=""0""><BR><BR><BR><BR><BR><BR>
<IMG src=""http://image.rakuten.co.jp/onepi-c/cabinet/mori036/w23210-16.jpg"" border=""0""><BR><BR><BR><BR><BR><BR>
<IMG src=""http://image.rakuten.co.jp/onepi-c/cabinet/mori036/w23210-17.jpg"" border=""0""><BR><BR><BR><BR><BR><BR>
<IMG src=""http://image.rakuten.co.jp/onepi-c/cabinet/mori036/w23210-18.jpg"" border=""0""><BR><BR><BR><BR><BR><BR>
<IMG src=""http://image.rakuten.co.jp/onepi-c/cabinet/mori036/w23210-19.jpg"" border=""0""><BR><BR><BR><BR><BR><BR>
<IMG src=""http://image.rakuten.co.jp/onepi-c/cabinet/mori036/w23210-20.jpg"" border=""0""><BR><BR><BR><BR><BR><BR>
<IMG src=""http://image.rakuten.co.jp/onepi-c/cabinet/mori036/w23210-21.jpg"" border=""0""><BR><BR><BR><BR><BR><BR>
<IMG src=""http://image.rakuten.co.jp/onepi-c/cabinet/mori036/w23210-22.jpg"" border=""0""><BR><BR><BR><BR><BR><BR>
<IMG src=""http://image.rakuten.co.jp/onepi-c/cabinet/mori036/w23210-23.jpg"" border=""0""><BR><BR><BR><BR><BR><BR>
<IMG src=""http://image.rakuten.co.jp/onepi-c/cabinet/mori036/w23210-24.jpg"" border=""0""><BR><BR><BR><BR><BR><BR>

<IMG src=""http://image.rakuten.co.jp/onepi-c/cabinet/cyakuyougazou4/w23210a.jpg"" border=""0""><BR><BR><BR><BR><br><br>








<font size=""1"" color=""#999999"">
再入荷については<br><br>
メルマガでお知らせしております。<br><br>
ご登録は<a href=""http://www.rakuten.co.jp/onepi-c/news.html"" target=""_blank"">こちら</a>より<br><br><br>
     
      <BR>
      </font></td>
    </TR>
  </TBODY>
</table><font color=""#999999"" size=""1""><br>
      <br>
サイズ<br>
      <IMG width=""495"" height=""6"" src=""http://image.rakuten.co.jp/onepi-c/cabinet/onepi01/bar2.gif""><br>
      <br>
      <br>
      </font>
      <table border=""0"" width=""400"" cellpadding=""10"">
        <tbody>
          <tr>
            <td width=""200"" valign=""top"" align=""center""><FONT color=""#999999"" size=""1"">
総丈　68cm<br><br>
ウエスト　62～80cm(一部ゴム)<br><br>
ヒップ　106cm<br><br>
素材　麻・綿<br><br>
厚み　なし<br><br>
<td width=""200"" valign=""top"" align=""center""><font color=""#999999"" size=""1"">

第2画像が実際に近い色みになります<br><br>

伸縮性　なし<br><br>
透け感　なし<br><br>
裏地　なし<br><br>
重さ　約366g<br><br>
手洗い　可<br><br>
メール便　不可<br><br>
生産国　中国<br><br>
モデル身長　158cm<br><br>


      </font></td>
          </tr>
        </tbody>
      </table>
      <font color=""#999999"" size=""1""><br>
<br>
<br>
<br>
<br>
サイズの図り方について<br>
      <IMG width=""495"" height=""6"" src=""http://image.rakuten.co.jp/onepi-c/cabinet/onepi01/bar2.gif""><br>
<br>
<br>
<IMG src=""http://image.rakuten.co.jp/onepi-c/cabinet/oz/img62065152.jpg"" width=""495"" height=""348"" border=""0""><br>
<br>
<br>
</font><br>
      <font color=""#999999"" size=""1""><br>
      <br>
      ガイド<br>
      <IMG width=""495"" height=""6"" src=""http://image.rakuten.co.jp/onepi-c/cabinet/onepi01/bar2.gif""><br>
      <br>
      </font>


<br><br><br><br><br><br><table border=""0"" cellpadding=""6"">
  <tbody>
    <tr>
      <td align=""center""><img src=""https://image.rakuten.co.jp/onepi-c/cabinet/oz/imgrc0074444478.jpg"" width=""720"" border=""0""><br>
      <br>
      </td>
    </tr>
    <tr>
      <td align=""center""><img src=""http://image.rakuten.co.jp/onepi-c/cabinet/oz/imgrc0074048068.jpg"" width=""720"" border=""0""><br>
      <br>
      </td>
    </tr>
    <tr>
      <td align=""center""><font color=""aea08f"" size=""1""><br>
      春もの　　　レ ー ス　　　刺 繍　　　ストール　　　 蝶々　　　花刺繍　　鳥　　　デニム　　　 大人の柄　　　春の足元　　　お 花<br>
      <br>
      植 物 ・ 実　　　染 め　　　ビ ジ ュ ー　　　フ リ ン ジ　　　後 ろ　　　デ ニ ム　　　編 み　　　異 国　　　シ ル エ ッ ト　　リ ネ ン<br>
      <br>
      エ プ ロ ン　　　袖　　　　　　　胸 元　　　　彩 り　　　　レ イ ヤ ー ド　　　　変 形　　　　ネ ッ ク ・ 首 元 ・ 襟　　　　素 敵<br>
      </font><br>
      <br>
      </td>
    </tr>
  </tbody>
</table>",「mori」ナチュラルな調和を愉しむスカート2月27日22時販売新作：cawaii,ワンピース専門店森ガールチュニックワンピースレトロ柄ワンピース新品ワンピースシフォン素材のワンピースシャツワンピースカシュクールワンピースニットワンピースバルーンワンピース森ガールファッション森ガールスカート花柄ワンピースワンピース通販パーティーワンピースボーダーワンピースレースワンピース結婚式ワンピースハンドメイドワンピースリネンワンピース「mori」ナチュラルな調和を愉しむスカート2月27日22時販売新作,　。「mori」ナチュラルな調和を愉しむスカート2月27日22時販売新作[rn]
29-15004,http://tshop.r10s.jp/onepi-c/cabinet/mori037/w20658od-1.jpg?fitin=700:700,3015.2000,,レディースファッション > ボトムス > スカート,「mori」コーデに花を咲かせて。～ふんわりスカート～3月13日22時販売新作,　,"<table cellspacing=""0"" cellpadding=""0"" width=""600"" border=""0"" >
  <TBODY>
    <TR>
      <td align=""center""><br>
      <br><BR><BR><BR>
<IMG src=""http://image.rakuten.co.jp/onepi-c/cabinet/mori037/w20658od-1.jpg"" border=""0""><BR><BR><BR><BR><BR><BR>
<IMG src=""http://image.rakuten.co.jp/onepi-c/cabinet/mori037/w20658od-2.jpg"" border=""0""><BR><BR><BR><BR><BR><BR>
<IMG src=""http://image.rakuten.co.jp/onepi-c/cabinet/mori037/w20658od-3.jpg"" border=""0""><BR><BR><BR><BR><BR><BR>
<IMG src=""http://image.rakuten.co.jp/onepi-c/cabinet/mori037/w20658od-4.jpg"" border=""0""><BR><BR><BR><BR><BR><BR>
<IMG src=""http://image.rakuten.co.jp/onepi-c/cabinet/mori037/w20658od-5.jpg"" border=""0""><BR><BR><BR><BR><BR><BR>
<IMG src=""http://image.rakuten.co.jp/onepi-c/cabinet/mori037/w20658od-6.jpg"" border=""0""><BR><BR><BR><BR><BR><BR>
<IMG src=""http://image.rakuten.co.jp/onepi-c/cabinet/mori037/w20658od-7.jpg"" border=""0""><BR><BR><BR><BR><BR><BR>
<IMG src=""http://image.rakuten.co.jp/onepi-c/cabinet/mori037/w20658od-8.jpg"" border=""0""><BR><BR><BR><BR><BR><BR>
<IMG src=""http://image.rakuten.co.jp/onepi-c/cabinet/mori037/w20658od-9.jpg"" border=""0""><BR><BR><BR><BR><BR><BR>
<IMG src=""http://image.rakuten.co.jp/onepi-c/cabinet/mori037/w20658od-10.jpg"" border=""0""><BR><BR><BR><BR><BR><BR>
<IMG src=""http://image.rakuten.co.jp/onepi-c/cabinet/mori037/w20658od-11.jpg"" border=""0""><BR><BR><BR><BR><BR><BR>
<IMG src=""http://image.rakuten.co.jp/onepi-c/cabinet/mori037/w20658od-12.jpg"" border=""0""><BR><BR><BR><BR><BR><BR>
<IMG src=""http://image.rakuten.co.jp/onepi-c/cabinet/mori037/w20658od-13.jpg"" border=""0""><BR><BR><BR><BR><BR><BR>
<IMG src=""http://image.rakuten.co.jp/onepi-c/cabinet/mori037/w20658od-14.jpg"" border=""0""><BR><BR><BR><BR><BR><BR>
<IMG src=""http://image.rakuten.co.jp/onepi-c/cabinet/mori037/w20658od-15.jpg"" border=""0""><BR><BR><BR><BR><BR><BR>

<img src=""http://image.rakuten.co.jp/onepi-c/cabinet/cyakuyougazou4/w20658oda.jpg"" border=""0""><BR><BR><BR><BR><BR><BR><BR>



<font size=""1"" color=""#999999"">
再入荷については<br><br>
メルマガでお知らせしております。<br><br>
ご登録は<a href=""http://www.rakuten.co.jp/onepi-c/news.html"" target=""_blank"">こちら</a>より<br><br><br>
     
      <BR>
      </font></td>
    </TR>
  </TBODY>
</table><font color=""#999999"" size=""1""><br>
      <br>
サイズ<br>
      <IMG width=""495"" height=""6"" src=""http://image.rakuten.co.jp/onepi-c/cabinet/onepi01/bar2.gif""><br>
      <br>
      <br>
      </font>
      <table border=""0"" width=""400"" cellpadding=""10"">
        <tbody>
          <tr>
            <td width=""200"" valign=""top"" align=""center""><font color=""#999999"" size=""1"">

総丈　90cm<br><br>
ウエスト　64～110cm(ゴム・紐調節可能)<br><br>
ヒップ　108cm<br><br>
素材　綿<br><br>
厚み　なし<br><br>
</font></td>
            <td width=""200"" valign=""top"" align=""center""><font color=""#999999"" size=""1"">

第2画像が実際に近い色みになります<br><br>
伸縮性　なし<br><br>
透け感　ややあり（裏地ない部分は透ける）<br><br>
裏地　あり<br><br>
重さ　約177g<br><br>
手洗い　可<br><br>
メール便　不可<br><br>
生産国　インド<br><br>
モデル身長158cm<br><br>
      </font></td>
          </tr>
        </tbody>
      </table>
      <font color=""#999999"" size=""1""><br>
<br>
<br>
<br>
<br>
      サイズの図り方について<BR>
      <IMG width=""495"" height=""6"" src=""http://image.rakuten.co.jp/onepi-c/cabinet/onepi01/bar2.gif""><br><br>
      <IMG src=""http://image.rakuten.co.jp/onepi-c/cabinet/oz/img62065152.jpg



"" width=""494"" height=""349"" border=""0""><br>
<br>
<br>
</font><br>
      <font color=""#999999"" size=""1""><br>
      <br>
      ガイド<br>
      <IMG width=""495"" height=""6"" src=""http://image.rakuten.co.jp/onepi-c/cabinet/onepi01/bar2.gif""><br>
      </font>


<br><br><br><br><br><br><table border=""0"" cellpadding=""6"">
  <tbody>
    <tr>
      <td align=""center""><img src=""https://image.rakuten.co.jp/onepi-c/cabinet/oz/imgrc0074444478.jpg"" width=""720"" border=""0""><br>
      <br>
      </td>
    </tr>
    <tr>
      <td align=""center""><img src=""http://image.rakuten.co.jp/onepi-c/cabinet/oz/imgrc0074048068.jpg"" width=""720"" border=""0""><br>
      <br>
      </td>
    </tr>
    <tr>
      <td align=""center""><font color=""aea08f"" size=""1""><br>
      春もの　　　レ ー ス　　　刺 繍　　　ストール　　　 蝶々　　　花刺繍　　鳥　　　デニム　　　 大人の柄　　　春の足元　　　お 花<br>
      <br>
      植 物 ・ 実　　　染 め　　　ビ ジ ュ ー　　　フ リ ン ジ　　　後 ろ　　　デ ニ ム　　　編 み　　　異 国　　　シ ル エ ッ ト　　リ ネ ン<br>
      <br>
      エ プ ロ ン　　　袖　　　　　　　胸 元　　　　彩 り　　　　レ イ ヤ ー ド　　　　変 形　　　　ネ ッ ク ・ 首 元 ・ 襟　　　　素 敵<br>
      </font><br>
      <br>
      </td>
    </tr>
  </tbody>
</table>",「mori」コーデに花を咲かせて。～ふんわりスカート～3月13日22時販売新作：cawaii,ワンピース専門店森ガールチュニックワンピースレトロ柄ワンピース新品ワンピースシフォン素材のワンピースシャツワンピースカシュクールワンピースニットワンピースバルーンワンピース森ガールファッション森ガールスカート花柄ワンピースワンピース通販パーティーワンピースボーダーワンピースレースワンピース結婚式ワンピースハンドメイドワンピースリネンワンピース「mori」コーデに花を咲かせて。～ふんわりスカート～3月13日22時販売新作,　。「mori」コーデに花を咲かせて。～ふんわりスカート～3月13日22時販売新作[rn]
29-15005,http://tshop.r10s.jp/onepi-c/cabinet/mori026/w23361-1.jpg?fitin=700:700,4492.8000,,レディースファッション > ボトムス > スカート,【再入荷♪5月5日12時より】☆☆（ブラック）「mori」ふわり揺れるビジューとチュールスカート,　,"<table cellspacing=""0"" cellpadding=""0"" width=""600"" border=""0"" >
  <TBODY>
    <TR>
      <td align=""center""><br>
      <br>


<IMG src=""http://image.rakuten.co.jp/onepi-c/cabinet/mori026/w23361-1.jpg"" border=""0""><BR><BR><BR><BR><BR><BR>
<IMG src=""http://image.rakuten.co.jp/onepi-c/cabinet/mori026/w23361-2.jpg"" border=""0""><BR><BR><BR><BR><BR><BR>
<IMG src=""http://image.rakuten.co.jp/onepi-c/cabinet/mori026/w23361-3.jpg"" border=""0""><BR><BR><BR><BR><BR><BR>
<IMG src=""http://image.rakuten.co.jp/onepi-c/cabinet/mori026/w23361-4.jpg"" border=""0""><BR><BR><BR><BR><BR><BR>
<IMG src=""http://image.rakuten.co.jp/onepi-c/cabinet/mori026/w23361-5.jpg"" border=""0""><BR><BR><BR><BR><BR><BR>
<IMG src=""http://image.rakuten.co.jp/onepi-c/cabinet/mori026/w23361-6.jpg"" border=""0""><BR><BR><BR><BR><BR><BR>
<IMG src=""http://image.rakuten.co.jp/onepi-c/cabinet/mori026/w23361-7.jpg"" border=""0""><BR><BR><BR><BR><BR><BR>
<IMG src=""http://image.rakuten.co.jp/onepi-c/cabinet/mori026/w23361-8.jpg"" border=""0""><BR><BR><BR><BR><BR><BR>
<IMG src=""http://image.rakuten.co.jp/onepi-c/cabinet/mori026/w23361-9.jpg"" border=""0""><BR><BR><BR><BR><BR><BR>
<IMG src=""http://image.rakuten.co.jp/onepi-c/cabinet/mori026/w23361-10.jpg"" border=""0""><BR><BR><BR><BR><BR><BR>
<IMG src=""http://image.rakuten.co.jp/onepi-c/cabinet/mori026/w23361-11.jpg"" border=""0""><BR><BR><BR><BR><BR><BR>
<IMG src=""http://image.rakuten.co.jp/onepi-c/cabinet/mori026/w23361-12.jpg"" border=""0""><BR><BR><BR><BR><BR><BR>



<CENTER><table cellpadding=""15""><tbody><tr> 
<TD colspan=""2"" align=""center""><font color=""#000099""> + Color Variation +<br><br> 
</font><font size=""-1"">(色違いは別ページとなります)
</font></TD></tr><tr> <td width=""100"">

<A target=""_blank"" href=""http://item.rakuten.co.jp/onepi-c/w23362/""> 
<IMG border=""0"" src=""http://image.rakuten.co.jp/onepi-c/cabinet/mori026/w23362-2.jpg?_ex=220x270"" width=""220"" height=""270""></A></td> 

<TD>
<A target=""_blank"" href=""http://item.rakuten.co.jp/onepi-c/w23361/""> 
<IMG border=""0"" src=""http://image.rakuten.co.jp/onepi-c/cabinet/mori026/w23361-2.jpg?_ex=220x270"" width=""220"" height=""270""></A></TD> 
</tr></tbody></table></CENTER><br><br><br><br><br><br><br>

<IMG src=""http://image.rakuten.co.jp/onepi-c/cabinet/cyakuyougazou4/w23361aa.jpg"" border=""0""><BR><BR><BR><BR>







<font size=""1"" color=""#999999"">
再入荷については<br><br>
メルマガでお知らせしております。<br><br>
ご登録は<a href=""http://www.rakuten.co.jp/onepi-c/news.html"" target=""_blank"">こちら</a>より<br><br><br>
     
      <BR>
      </font></td>
    </TR>
  </TBODY>
</table><font color=""#999999"" size=""1""><br>
      <br>
サイズ<br>
      <IMG width=""495"" height=""6"" src=""http://image.rakuten.co.jp/onepi-c/cabinet/onepi01/bar2.gif""><br>
      <br>
      <br>
      </font>
      <table border=""0"" width=""400"" cellpadding=""10"">
        <tbody>
          <tr>
            <td width=""200"" valign=""top"" align=""center""><FONT color=""#999999"" size=""1"">
総丈　80cm<br><br>
ウエスト　54～100cm(ゴム)<br><br>
ヒップ　90cm<br><br>
素材　ポリエステル<br><br>
厚み　なし<br><br>

<td width=""200"" valign=""top"" align=""center""><font color=""#999999"" size=""1"">

第2画像が実際に近い色みになります<br><br>

伸縮性　なし<br><br>
透け感　なし（裏地の無い部分は透ける）<br><br>
裏地　あり<br><br>
重さ　約267g<br><br>
手洗い　可<br><br>
メール便　不可<br><br>
生産国　中国<br><br>
モデル身長　158cm<br><br>

      </font></td>
          </tr>
        </tbody>
      </table>
      <font color=""#999999"" size=""1""><br>
<br>
<br>
<br>
<br>
サイズの図り方について<br>
      <IMG width=""495"" height=""6"" src=""http://image.rakuten.co.jp/onepi-c/cabinet/onepi01/bar2.gif""><br>
<br>
<br>
<IMG src=""http://image.rakuten.co.jp/onepi-c/cabinet/oz/img62065152.jpg"" width=""495"" height=""348"" border=""0""><br>
<br>
<br>
</font><br>
      <font color=""#999999"" size=""1""><br>
      <br>
      ガイド<br>
      <IMG width=""495"" height=""6"" src=""http://image.rakuten.co.jp/onepi-c/cabinet/onepi01/bar2.gif""><br>
      <br>
      </font>


<br><br><br><br><br><br><table border=""0"" cellpadding=""6"">
  <tbody>
    <tr>
      <td align=""center""><img src=""https://image.rakuten.co.jp/onepi-c/cabinet/oz/imgrc0074444478.jpg"" width=""720"" border=""0""><br>
      <br>
      </td>
    </tr>
    <tr>
      <td align=""center""><img src=""http://image.rakuten.co.jp/onepi-c/cabinet/oz/imgrc0074048068.jpg"" width=""720"" border=""0""><br>
      <br>
      </td>
    </tr>
    <tr>
      <td align=""center""><font color=""aea08f"" size=""1""><br>
      春もの　　　レ ー ス　　　刺 繍　　　ストール　　　 蝶々　　　花刺繍　　鳥　　　デニム　　　 大人の柄　　　春の足元　　　お 花<br>
      <br>
      植 物 ・ 実　　　染 め　　　ビ ジ ュ ー　　　フ リ ン ジ　　　後 ろ　　　デ ニ ム　　　編 み　　　異 国　　　シ ル エ ッ ト　　リ ネ ン<br>
      <br>
      エ プ ロ ン　　　袖　　　　　　　胸 元　　　　彩 り　　　　レ イ ヤ ー ド　　　　変 形　　　　ネ ッ ク ・ 首 元 ・ 襟　　　　素 敵<br>
      </font><br>
      <br>
      </td>
    </tr>
  </tbody>
</table>",【再入荷♪5月5日12時より】☆☆（ブラック）「mori」ふわり揺れるビジューとチュールスカート：cawaii,ワンピース専門店森ガールチュニックワンピースレトロ柄ワンピース新品ワンピースシフォン素材のワンピースシャツワンピースカシュクールワンピースニットワンピースバルーンワンピース森ガールファッション森ガールスカート花柄ワンピースワンピース通販パーティーワンピースボーダーワンピースレースワンピース結婚式ワンピースハンドメイドワンピースリネンワンピース【再入荷♪5月5日12時より】☆☆（ブラック）「mori」ふわり揺れるビジューとチュールスカート,　。【再入荷♪5月5日12時より】☆☆（ブラック）「mori」ふわり揺れるビジューとチュールスカート[rn]
29-15006,http://tshop.r10s.jp/onepi-c/cabinet/french045/w62601-1.jpg?fitin=700:700,4700.0000,,レディースファッション > ボトムス > スカート,【再入荷♪5月24日12時&22時より】☆☆(ホワイト)「french」 リボンのお花が美しいスカート,　,"<table cellspacing=""0"" cellpadding=""0"" width=""600"" border=""0"" >
  <TBODY>
    <TR>
      <td align=""center""><br>
      <br><BR><BR><BR>

<img src=""http://image.rakuten.co.jp/onepi-c/cabinet/french045/w62601-1.jpg"" border=""0""><BR><BR><BR><BR><BR><BR><BR><BR>
<img src=""http://image.rakuten.co.jp/onepi-c/cabinet/french045/w62601-2.jpg"" border=""0""><BR><BR><BR><BR><BR><BR><BR><BR>
<img src=""http://image.rakuten.co.jp/onepi-c/cabinet/french045/w62601-3.jpg"" border=""0""><BR><BR><BR><BR><BR><BR><BR><BR>
<img src=""http://image.rakuten.co.jp/onepi-c/cabinet/french045/w62601-4.jpg"" border=""0""><BR><BR><BR><BR><BR><BR><BR><BR>
<img src=""http://image.rakuten.co.jp/onepi-c/cabinet/french045/w62601-5.jpg"" border=""0""><BR><BR><BR><BR><BR><BR><BR><BR>
<img src=""http://image.rakuten.co.jp/onepi-c/cabinet/french045/w62601-6.jpg"" border=""0""><BR><BR><BR><BR><BR><BR><BR><BR>
<img src=""http://image.rakuten.co.jp/onepi-c/cabinet/french045/w62601-7.jpg"" border=""0""><BR><BR><BR><BR><BR><BR><BR><BR>
<img src=""http://image.rakuten.co.jp/onepi-c/cabinet/french045/w62601-8.jpg"" border=""0""><BR><BR><BR><BR><BR><BR><BR><BR>
<img src=""http://image.rakuten.co.jp/onepi-c/cabinet/french045/w62601-9.jpg"" border=""0""><BR><BR><BR><BR><BR><BR><BR><BR>
<img src=""http://image.rakuten.co.jp/onepi-c/cabinet/french045/w62601-10.jpg"" border=""0""><BR><BR><BR><BR><BR><BR><BR><BR>
<img src=""http://image.rakuten.co.jp/onepi-c/cabinet/french045/w62601-11.jpg"" border=""0""><BR><BR><BR><BR><BR><BR><BR><BR>
<img src=""http://image.rakuten.co.jp/onepi-c/cabinet/french045/w62601-12.jpg"" border=""0""><BR><BR><BR><BR><BR><BR><BR><BR>
<img src=""http://image.rakuten.co.jp/onepi-c/cabinet/french045/w62601-13.jpg"" border=""0""><BR><BR><BR><BR><BR><BR><BR><BR>
<img src=""http://image.rakuten.co.jp/onepi-c/cabinet/french045/w62601-14.jpg"" border=""0""><BR><BR><BR><BR><BR><BR><BR><BR>
<img src=""http://image.rakuten.co.jp/onepi-c/cabinet/french045/w62601-15.jpg"" border=""0""><BR><BR><BR><BR><BR><BR><BR><BR>
<img src=""http://image.rakuten.co.jp/onepi-c/cabinet/french045/w62601-16.jpg"" border=""0""><BR><BR><BR><BR><BR><BR><BR><BR>
<img src=""http://image.rakuten.co.jp/onepi-c/cabinet/french045/w62601-17.jpg"" border=""0""><BR><BR><BR><BR><BR><BR><BR><BR>
<img src=""http://image.rakuten.co.jp/onepi-c/cabinet/french045/w62601-18.jpg"" border=""0""><BR><BR><BR><BR><BR><BR><BR><BR>
<img src=""http://image.rakuten.co.jp/onepi-c/cabinet/french045/w62601-19.jpg"" border=""0""><BR><BR><BR><BR><BR><BR><BR><BR>
<img src=""http://image.rakuten.co.jp/onepi-c/cabinet/french045/w62601-20.jpg"" border=""0""><BR><BR><BR><BR><BR><BR><BR><BR>
<img src=""http://image.rakuten.co.jp/onepi-c/cabinet/french045/w62601-21.jpg"" border=""0""><BR><BR><BR><BR><BR><BR><BR><BR>
<img src=""http://image.rakuten.co.jp/onepi-c/cabinet/french045/w62601-22.jpg"" border=""0""><BR><BR><BR><BR><BR><BR><BR><BR>
<img src=""http://image.rakuten.co.jp/onepi-c/cabinet/french045/w62601-23.jpg"" border=""0""><BR><BR><BR><BR><BR><BR><BR><BR>
<img src=""http://image.rakuten.co.jp/onepi-c/cabinet/french045/w62601-24.jpg"" border=""0""><BR><BR><BR><BR><BR><BR><BR><BR>


<CENTER><table cellpadding=""15""><tbody><tr> 
<TD colspan=""3"" align=""center""><font color=""#000099""> + Color Variation +<br><br> 
</font><font size=""-1"">(色違いは別ページとなります)
</font></TD></tr><tr> <td width=""100"">

<A target=""_blank"" href=""http://item.rakuten.co.jp/onepi-c/w62601/""> 
<IMG border=""0"" src=""http://image.rakuten.co.jp/onepi-c/cabinet/french045/w62601-2.jpg?_ex=220x270"" width=""220"" height=""270""></A></td> 

<TD>
<A target=""_blank"" href=""http://item.rakuten.co.jp/onepi-c/w62600/""> 
<IMG border=""0"" src=""http://image.rakuten.co.jp/onepi-c/cabinet/french046/w62600-2.jpg?_ex=220x270"" width=""220"" height=""270""></A></TD> 


</tr></tbody></table></CENTER><br><br><br><br><br><br><br>

<img src=""http://image.rakuten.co.jp/onepi-c/cabinet/cyakuyougazou3/w62600a.jpg"" border=""0""><BR><BR><BR><BR><BR><BR>

<font size=""1"" color=""#999999"">
再入荷については<br><br>
メルマガでお知らせしております。<br><br>
ご登録は<a href=""http://www.rakuten.co.jp/onepi-c/news.html"" target=""_blank"">こちら</a>より<br><br><br>
     
      <BR>
      </font></td>
    </TR>
  </TBODY>
</table><font color=""#999999"" size=""1""><br>
      <br>
サイズ<br>
      <IMG width=""495"" height=""6"" src=""http://image.rakuten.co.jp/onepi-c/cabinet/onepi01/bar2.gif""><br>
      <br>
      <br>
      </font>
      <table border=""0"" width=""400"" cellpadding=""10"">
        <tbody>
          <tr>
            <td width=""200"" valign=""top"" align=""center""><font color=""#999999"" size=""1"">
総丈　67cm<br><br>
ウエスト　66～82cm(ゴム)<br><br>
ヒップ　132cm（裏地）<br><br>
素材　ポリエステル<br><br>
厚み　ややあり<br><br>
</font></td>
            <td width=""200"" valign=""top"" align=""center""><font color=""#999999"" size=""1"">
第2画像が実際に近い色みになります<br><br>
伸縮性　あり<br><br>
透け感　あり<br><br>
裏地　あり<br><br>
重さ　約430g<br><br>
手洗い　可<br><br>
メール便　不可<br><br>
生産国　中国<br><br>
モデル身長　155cm<br><br>
 </font></td>
          </tr>
        </tbody>
      </table>
      <font color=""#999999"" size=""1""><br>
<br>
<br>
<br>
<br>
      サイズの図り方について<BR>
      <IMG width=""495"" height=""6"" src=""http://image.rakuten.co.jp/onepi-c/cabinet/onepi01/bar2.gif""><br><br>
<br> <IMG src=""http://image.rakuten.co.jp/onepi-c/cabinet/oz/img62065152.jpg"" width=""494"" height=""349"" border=""0""><br>
<br>
<br>
</font><br>
      <font color=""#999999"" size=""1""><br>
      <br>
      ガイド<br>
      <IMG width=""495"" height=""6"" src=""http://image.rakuten.co.jp/onepi-c/cabinet/onepi01/bar2.gif""><br>
      </font>


<br><br><br><br><br><br><table border=""0"" cellpadding=""6"">
  <tbody>
    <tr>
      <td align=""center""><img src=""https://image.rakuten.co.jp/onepi-c/cabinet/oz/imgrc0074444478.jpg"" width=""720"" border=""0""><br>
      <br>
      </td>
    </tr>
    <tr>
      <td align=""center""><img src=""http://image.rakuten.co.jp/onepi-c/cabinet/oz/imgrc0074048068.jpg"" width=""720"" border=""0""><br>
      <br>
      </td>
    </tr>
    <tr>
      <td align=""center""><font color=""aea08f"" size=""1""><br>
      春もの　　　レ ー ス　　　刺 繍　　　ストール　　　 蝶々　　　花刺繍　　鳥　　　デニム　　　 大人の柄　　　春の足元　　　お 花<br>
      <br>
      植 物 ・ 実　　　染 め　　　ビ ジ ュ ー　　　フ リ ン ジ　　　後 ろ　　　デ ニ ム　　　編 み　　　異 国　　　シ ル エ ッ ト　　リ ネ ン<br>
      <br>
      エ プ ロ ン　　　袖　　　　　　　胸 元　　　　彩 り　　　　レ イ ヤ ー ド　　　　変 形　　　　ネ ッ ク ・ 首 元 ・ 襟　　　　素 敵<br>
      </font><br>
      <br>
      </td>
    </tr>
  </tbody>
</table>",【再入荷♪5月24日12時&amp;22時より】☆☆(ホワイト)「french」 リボンのお花が美しいスカート：cawaii,ワンピース専門店森ガールチュニックワンピースレトロ柄ワンピース新品ワンピースシフォン素材のワンピースシャツワンピースカシュクールワンピースニットワンピースバルーンワンピース森ガールファッション森ガールスカート花柄ワンピースワンピース通販パーティーワンピースボーダーワンピースレースワンピース結婚式ワンピースハンドメイドワンピースリネンワンピース【再入荷♪5月24日12時&amp;22時より】☆☆(ホワイト)「french」 リボンのお花が美しいスカート,　。【再入荷♪5月24日12時&amp;22時より】☆☆(ホワイト)「french」 リボンのお花が美しいスカート[rn]
29-15007,http://tshop.r10s.jp/onepi-c/cabinet/french045/w62605-1.jpg?fitin=700:700,4768.8000,,レディースファッション > ボトムス > スカート,【再入荷♪5月3日12時より】「french」他にはないプリーツスカート,　,"<table cellspacing=""0"" cellpadding=""0"" width=""600"" border=""0"" >
  <TBODY>
    <TR>
      <td align=""center""><br>
      <br><BR><BR><BR>

<img src=""http://image.rakuten.co.jp/onepi-c/cabinet/french045/w62605-1.jpg"" border=""0""><BR><BR><BR><BR><BR><BR><BR><BR>
<img src=""http://image.rakuten.co.jp/onepi-c/cabinet/french045/w62605-2.jpg"" border=""0""><BR><BR><BR><BR><BR><BR><BR><BR>
<img src=""http://image.rakuten.co.jp/onepi-c/cabinet/french045/w62605-3.jpg"" border=""0""><BR><BR><BR><BR><BR><BR><BR><BR>
<img src=""http://image.rakuten.co.jp/onepi-c/cabinet/french045/w62605-4.jpg"" border=""0""><BR><BR><BR><BR><BR><BR><BR><BR>
<img src=""http://image.rakuten.co.jp/onepi-c/cabinet/french045/w62605-5.jpg"" border=""0""><BR><BR><BR><BR><BR><BR><BR><BR>
<img src=""http://image.rakuten.co.jp/onepi-c/cabinet/french045/w62605-6.jpg"" border=""0""><BR><BR>

<CENTER><font size=""2"" color=""#999999""><BR><BR>
着用アイテム→　<a href=""http://item.rakuten.co.jp/onepi-c/w62514/"">羽織</a>　
 　<a href=""http://item.rakuten.co.jp/onepi-c/w62455/"">トップス</a>
<BR><BR>
 ※在庫切れ・販売終了の場合がございます。
</font><BR></CENTER>



<BR><BR><BR><BR><BR><BR>
<img src=""http://image.rakuten.co.jp/onepi-c/cabinet/french045/w62605-7.jpg"" border=""0""><BR><BR><BR><BR><BR><BR><BR><BR>
<img src=""http://image.rakuten.co.jp/onepi-c/cabinet/french045/w62605-8.jpg"" border=""0""><BR><BR><BR><BR><BR><BR><BR><BR>
<img src=""http://image.rakuten.co.jp/onepi-c/cabinet/french045/w62605-9.jpg"" border=""0""><BR><BR><BR><BR><BR><BR><BR><BR>
<img src=""http://image.rakuten.co.jp/onepi-c/cabinet/french045/w62605-10.jpg"" border=""0""><BR><BR><BR><BR><BR><BR><BR><BR>
<img src=""http://image.rakuten.co.jp/onepi-c/cabinet/french045/w62605-11.jpg"" border=""0""><BR><BR><BR><BR><BR><BR><BR><BR>
<img src=""http://image.rakuten.co.jp/onepi-c/cabinet/french045/w62605-12.jpg"" border=""0""><BR><BR><BR><BR><BR><BR><BR><BR>
<img src=""http://image.rakuten.co.jp/onepi-c/cabinet/french045/w62605-13.jpg"" border=""0""><BR><BR><BR><BR><BR><BR><BR><BR>
<img src=""http://image.rakuten.co.jp/onepi-c/cabinet/french045/w62605-14.jpg"" border=""0""><BR><BR><BR><BR><BR><BR><BR><BR>
<img src=""http://image.rakuten.co.jp/onepi-c/cabinet/french045/w62605-15.jpg"" border=""0""><BR><BR><BR><BR><BR><BR><BR><BR>
<img src=""http://image.rakuten.co.jp/onepi-c/cabinet/french045/w62605-16.jpg"" border=""0""><BR><BR><BR><BR><BR><BR><BR><BR>
<img src=""http://image.rakuten.co.jp/onepi-c/cabinet/french045/w62605-17.jpg"" border=""0""><BR><BR><BR><BR><BR><BR><BR><BR>
<img src=""http://image.rakuten.co.jp/onepi-c/cabinet/french045/w62605-18.jpg"" border=""0""><BR><BR><BR><BR><BR><BR><BR><BR>
<img src=""http://image.rakuten.co.jp/onepi-c/cabinet/french045/w62605-19.jpg"" border=""0""><BR><BR><BR><BR><BR><BR><BR><BR>
<img src=""http://image.rakuten.co.jp/onepi-c/cabinet/french045/w62605-20.jpg"" border=""0""><BR><BR><BR><BR><BR><BR><BR><BR>
<img src=""http://image.rakuten.co.jp/onepi-c/cabinet/french045/w62605-21.jpg"" border=""0""><BR><BR><BR><BR><BR><BR><BR><BR>
<img src=""http://image.rakuten.co.jp/onepi-c/cabinet/french045/w62605-22.jpg"" border=""0""><BR><BR><BR><BR><BR><BR><BR><BR>
<img src=""http://image.rakuten.co.jp/onepi-c/cabinet/french045/w62605-23.jpg"" border=""0""><BR><BR><BR><BR><BR><BR><BR><BR>
<img src=""http://image.rakuten.co.jp/onepi-c/cabinet/french045/w62605-24.jpg"" border=""0""><BR><BR><BR><BR><BR><BR><BR><BR>

<img src=""http://image.rakuten.co.jp/onepi-c/cabinet/cyakuyougazou3/w62605a.jpg"" border=""0""><BR><BR><BR><BR><BR><BR>

<font size=""1"" color=""#999999"">
再入荷については<br><br>
メルマガでお知らせしております。<br><br>
ご登録は<a href=""http://www.rakuten.co.jp/onepi-c/news.html"" target=""_blank"">こちら</a>より<br><br><br>
     
      <BR>
      </font></td>
    </TR>
  </TBODY>
</table><font color=""#999999"" size=""1""><br>
      <br>
サイズ<br>
      <IMG width=""495"" height=""6"" src=""http://image.rakuten.co.jp/onepi-c/cabinet/onepi01/bar2.gif""><br>
      <br>
      <br>
      </font>
      <table border=""0"" width=""400"" cellpadding=""10"">
        <tbody>
          <tr>
            <td width=""200"" valign=""top"" align=""center""><font color=""#999999"" size=""1"">
総丈　(短)62cm(長)73cm<br><br>
ウエスト　58～102cm(ゴム)<br><br>
ヒップ　112cm（裏地）<br><br>
素材　ポリエステル・ポリウレタン<br><br>
厚み　なし<br><br>
</font></td>
            <td width=""200"" valign=""top"" align=""center""><font color=""#999999"" size=""1"">
第2画像が実際に近い色みになります<br><br>
伸縮性　なし<br><br>
透け感　なし<br><br>
裏地　あり<br><br>
重さ　約380g<br><br>
手洗い　可<br><br>
メール便　可<br><br>
生産国　中国<br><br>
モデル身長　158cm<br><br>
 </font></td>
          </tr>
        </tbody>
      </table>
      <font color=""#999999"" size=""1""><br>
<br>
<br>
<br>
<br>
      サイズの図り方について<BR>
      <IMG width=""495"" height=""6"" src=""http://image.rakuten.co.jp/onepi-c/cabinet/onepi01/bar2.gif""><br><br>
<br> <IMG src=""http://image.rakuten.co.jp/onepi-c/cabinet/oz/img62065152.jpg"" width=""494"" height=""349"" border=""0""><br>
<br>
<br>
</font><br>
      <font color=""#999999"" size=""1""><br>
      <br>
      ガイド<br>
      <IMG width=""495"" height=""6"" src=""http://image.rakuten.co.jp/onepi-c/cabinet/onepi01/bar2.gif""><br>
      </font>


<br><br><br><br><br><br><table border=""0"" cellpadding=""6"">
  <tbody>
    <tr>
      <td align=""center""><img src=""https://image.rakuten.co.jp/onepi-c/cabinet/oz/imgrc0074444478.jpg"" width=""720"" border=""0""><br>
      <br>
      </td>
    </tr>
    <tr>
      <td align=""center""><img src=""http://image.rakuten.co.jp/onepi-c/cabinet/oz/imgrc0074048068.jpg"" width=""720"" border=""0""><br>
      <br>
      </td>
    </tr>
    <tr>
      <td align=""center""><font color=""aea08f"" size=""1""><br>
      春もの　　　レ ー ス　　　刺 繍　　　ストール　　　 蝶々　　　花刺繍　　鳥　　　デニム　　　 大人の柄　　　春の足元　　　お 花<br>
      <br>
      植 物 ・ 実　　　染 め　　　ビ ジ ュ ー　　　フ リ ン ジ　　　後 ろ　　　デ ニ ム　　　編 み　　　異 国　　　シ ル エ ッ ト　　リ ネ ン<br>
      <br>
      エ プ ロ ン　　　袖　　　　　　　胸 元　　　　彩 り　　　　レ イ ヤ ー ド　　　　変 形　　　　ネ ッ ク ・ 首 元 ・ 襟　　　　素 敵<br>
      </font><br>
      <br>
      </td>
    </tr>
  </tbody>
</table>",【再入荷♪5月3日12時より】「french」他にはないプリーツスカート：cawaii,ワンピース専門店森ガールチュニックワンピースレトロ柄ワンピース新品ワンピースシフォン素材のワンピースシャツワンピースカシュクールワンピースニットワンピースバルーンワンピース森ガールファッション森ガールスカート花柄ワンピースワンピース通販パーティーワンピースボーダーワンピースレースワンピース結婚式ワンピースハンドメイドワンピースリネンワンピース【再入荷♪5月3日12時より】「french」他にはないプリーツスカート,　。【再入荷♪5月3日12時より】「french」他にはないプリーツスカート[rn]
29-15008,http://tshop.r10s.jp/onepi-c/cabinet/mori032/w30482-1.jpg?fitin=700:700,4492.8000,,レディースファッション > ボトムス > スカート,（ゴールド）「mori」輝くプリーツスカート2月6日22時販売新作,　,"<table cellspacing=""0"" cellpadding=""0"" width=""600"" border=""0"" >
  <TBODY>
    <TR>
      <td align=""center""><br>
      <br>

   

<IMG src=""http://image.rakuten.co.jp/onepi-c/cabinet/mori032/w30482-1.jpg"" border=""0""><BR><BR><BR><BR><BR><BR>
<IMG src=""http://image.rakuten.co.jp/onepi-c/cabinet/mori032/w30482-2.jpg"" border=""0""><BR><BR><BR><BR><BR><BR>
<IMG src=""http://image.rakuten.co.jp/onepi-c/cabinet/mori032/w30482-3.jpg"" border=""0""><BR><BR><BR><BR><BR><BR>
<IMG src=""http://image.rakuten.co.jp/onepi-c/cabinet/mori032/w30482-4.jpg"" border=""0""><BR><BR><BR><BR><BR><BR>
<IMG src=""http://image.rakuten.co.jp/onepi-c/cabinet/mori032/w30482-5.jpg"" border=""0""><BR><BR><BR><BR><BR><BR>
<IMG src=""http://image.rakuten.co.jp/onepi-c/cabinet/mori032/w30482-6.jpg"" border=""0""><BR><BR><BR><BR><BR><BR>
<IMG src=""http://image.rakuten.co.jp/onepi-c/cabinet/mori032/w30482-7.jpg"" border=""0""><BR><BR><BR><BR><BR><BR>
<IMG src=""http://image.rakuten.co.jp/onepi-c/cabinet/mori032/w30482-8.jpg"" border=""0""><BR><BR><BR><BR><BR><BR>
<IMG src=""http://image.rakuten.co.jp/onepi-c/cabinet/mori032/w30482-9.jpg"" border=""0""><BR><BR><BR><BR><BR><BR>
<IMG src=""http://image.rakuten.co.jp/onepi-c/cabinet/mori032/w30482-10.jpg"" border=""0""><BR><BR><BR><BR><BR><BR>
<IMG src=""http://image.rakuten.co.jp/onepi-c/cabinet/mori032/w30482-11.jpg"" border=""0""><BR><BR><BR><BR><BR><BR>
<IMG src=""http://image.rakuten.co.jp/onepi-c/cabinet/mori032/w30482-12.jpg"" border=""0""><BR><BR><BR><BR><BR><BR>
<IMG src=""http://image.rakuten.co.jp/onepi-c/cabinet/mori032/w30482-13.jpg"" border=""0""><BR><BR><BR><BR><BR><BR>
<IMG src=""http://image.rakuten.co.jp/onepi-c/cabinet/mori032/w30482-14.jpg"" border=""0""><BR><BR><BR><BR><BR><BR>
<IMG src=""http://image.rakuten.co.jp/onepi-c/cabinet/mori032/w30482-15.jpg"" border=""0""><BR><BR><BR><BR><BR><BR>
<IMG src=""http://image.rakuten.co.jp/onepi-c/cabinet/mori032/w30482-16.jpg"" border=""0""><BR><BR><BR><BR><BR><BR>
<IMG src=""http://image.rakuten.co.jp/onepi-c/cabinet/mori032/w30482-17.jpg"" border=""0""><BR><BR><BR><BR><BR><BR>
<IMG src=""http://image.rakuten.co.jp/onepi-c/cabinet/mori032/w30482-18.jpg"" border=""0""><BR><BR><BR><BR><BR><BR>
<IMG src=""http://image.rakuten.co.jp/onepi-c/cabinet/mori032/w30482-19.jpg"" border=""0""><BR><BR><BR><BR><BR><BR>
<IMG src=""http://image.rakuten.co.jp/onepi-c/cabinet/mori032/w30482-20.jpg"" border=""0""><BR><BR><BR><BR><BR><BR>
<IMG src=""http://image.rakuten.co.jp/onepi-c/cabinet/mori032/w30482-21.jpg"" border=""0""><BR><BR><BR><BR><BR><BR>
<IMG src=""http://image.rakuten.co.jp/onepi-c/cabinet/mori032/w30482-22.jpg"" border=""0""><BR><BR><BR><BR><BR><BR>
<IMG src=""http://image.rakuten.co.jp/onepi-c/cabinet/mori032/w30482-23.jpg"" border=""0""><BR><BR><BR><BR><BR><BR>
<IMG src=""http://image.rakuten.co.jp/onepi-c/cabinet/mori032/w30482-24.jpg"" border=""0""><BR><BR><BR><BR><BR><BR>

<CENTER><table cellpadding=""15""><tbody><tr> 
<TD colspan=""2"" align=""center""><font color=""#000099""> + Color Variation +<br><br> 
</font><font size=""-1"">(色違いは別ページとなります)
</font></TD></tr><tr> <td width=""100"">

<A target=""_blank"" href=""http://item.rakuten.co.jp/onepi-c/w30481/""> 
<IMG border=""0"" src=""http://image.rakuten.co.jp/onepi-c/cabinet/mori032/w30481-2.jpg?_ex=220x270"" width=""220"" height=""270""></A></td> 

<TD>
<A target=""_blank"" href=""http://item.rakuten.co.jp/onepi-c/w30482/""> 
<IMG border=""0"" src=""http://image.rakuten.co.jp/onepi-c/cabinet/mori032/w30482-2.jpg?_ex=220x270"" width=""220"" height=""270""></A></TD> 


</tr></tbody></table></CENTER><br><br><br><br><br><br><br>



<IMG src=""http://image.rakuten.co.jp/onepi-c/cabinet/cyakuyougazou4/w30481a.jpg"" border=""0""><BR><BR><BR><BR><BR><BR>

<font size=""1"" color=""#999999"">
再入荷については<br><br>
メルマガでお知らせしております。<br><br>
ご登録は<a href=""http://www.rakuten.co.jp/onepi-c/news.html"" target=""_blank"">こちら</a>より<br><br><br>
     
      <BR>
      </font></td>
    </TR>
  </TBODY>
</table><font color=""#999999"" size=""1""><br>
      <br>
サイズ<br>
      <IMG width=""495"" height=""6"" src=""http://image.rakuten.co.jp/onepi-c/cabinet/onepi01/bar2.gif""><br>
      <br>
      <br>
      </font>
      <table border=""0"" width=""400"" cellpadding=""10"">
        <tbody>
          <tr>
            <td width=""200"" valign=""top"" align=""center""><FONT color=""#999999"" size=""1"">
総丈　65cm<br><br>
ウエスト　60～98cm(ゴム)<br><br>
ヒップ　92cm<br><br>
素材　ポリエステル<br><br>
厚み　なし<br><br>
</font></td>
<td width=""200"" valign=""top"" align=""center""><font color=""#999999"" size=""1"">
第2画像が実際に近い色みになります<br><br>
伸縮性　なし<br><br>
透け感　なし<br><br>
裏地　あり<br><br>
重さ　約380g<br><br>
手洗い　可<br><br>
メール便　不可<br><br>
生産国　中国<br><br>
モデル身長　156cm・158cm<br><br>
      </font></td>
          </tr>
        </tbody>
      </table>
      <font color=""#999999"" size=""1""><br>
<br>
<br>
<br>
<br>
サイズの図り方について<br>
      <IMG width=""495"" height=""6"" src=""http://image.rakuten.co.jp/onepi-c/cabinet/onepi01/bar2.gif""><br>
<br>
<br>
<IMG src=""http://image.rakuten.co.jp/onepi-c/cabinet/oz/img62065152.jpg"" width=""495"" height=""348"" border=""0""><br>
<br>
<br>
</font><br>
      <font color=""#999999"" size=""1""><br>
      <br>
      ガイド<br>
      <IMG width=""495"" height=""6"" src=""http://image.rakuten.co.jp/onepi-c/cabinet/onepi01/bar2.gif""><br>
      <br>
      </font>


<br><br><br><br><br><br><table border=""0"" cellpadding=""6"">
  <tbody>
    <tr>
      <td align=""center""><img src=""https://image.rakuten.co.jp/onepi-c/cabinet/oz/imgrc0074444478.jpg"" width=""720"" border=""0""><br>
      <br>
      </td>
    </tr>
    <tr>
      <td align=""center""><img src=""http://image.rakuten.co.jp/onepi-c/cabinet/oz/imgrc0074048068.jpg"" width=""720"" border=""0""><br>
      <br>
      </td>
    </tr>
    <tr>
      <td align=""center""><font color=""aea08f"" size=""1""><br>
      春もの　　　レ ー ス　　　刺 繍　　　ストール　　　 蝶々　　　花刺繍　　鳥　　　デニム　　　 大人の柄　　　春の足元　　　お 花<br>
      <br>
      植 物 ・ 実　　　染 め　　　ビ ジ ュ ー　　　フ リ ン ジ　　　後 ろ　　　デ ニ ム　　　編 み　　　異 国　　　シ ル エ ッ ト　　リ ネ ン<br>
      <br>
      エ プ ロ ン　　　袖　　　　　　　胸 元　　　　彩 り　　　　レ イ ヤ ー ド　　　　変 形　　　　ネ ッ ク ・ 首 元 ・ 襟　　　　素 敵<br>
      </font><br>
      <br>
      </td>
    </tr>
  </tbody>
</table>",（ゴールド）「mori」輝くプリーツスカート2月6日22時販売新作：cawaii,ワンピース専門店森ガールチュニックワンピースレトロ柄ワンピース新品ワンピースシフォン素材のワンピースシャツワンピースカシュクールワンピースニットワンピースバルーンワンピース森ガールファッション森ガールスカート花柄ワンピースワンピース通販パーティーワンピースボーダーワンピースレースワンピース結婚式ワンピースハンドメイドワンピースリネンワンピース（ゴールド）「mori」輝くプリーツスカート2月6日22時販売新作,　。（ゴールド）「mori」輝くプリーツスカート2月6日22時販売新作[rn]
29-15009,http://tshop.r10s.jp/onepi-c/cabinet/onepi108/w9400-1.jpg?fitin=700:700,6903.2000,,レディースファッション > ボトムス > スカート,4/21　22時から　残りわずか*「sanpo」アコーディオンプリーツのサロペットスカート,,"<center><br><br><FONT color=""#cc0000"" size=""3"">
<BR><BR>
</FONT><CENTER><font size=""1"" color=""#FFCCCC""><BR><BR> こちらは sanpo の商品ですが、cawaii で販売を継続しております。<BR><BR> cawaii で販売している sanpo の商品は cawaii と同梱可能です。<BR><BR> 但し、sanpo オリジナルサイトとの同梱は出来かねます。<BR><BR> ご不便をおかけいたしますが、ご了承くださいませ。 </font></CENTER><BR><BR><BR><table cellspacing=""0"" cellpadding=""0"" width=""600"" border=""0"" >
  <TBODY>
    <TR>
      <td align=""center"">
   <br>
      <br><br><br>
<img src=""http://image.rakuten.co.jp/onepi-c/cabinet/onepi108/w9400-1.jpg"" border=""0""><BR><BR><BR><BR><BR><BR><BR><BR><BR><BR>
<IMG src=""http://image.rakuten.co.jp/onepi-c/cabinet/onepi108/w9400-2.jpg"" border=""0""><BR><BR><BR><BR><BR><BR><BR><BR><BR><BR>
<IMG src=""http://image.rakuten.co.jp/onepi-c/cabinet/onepi108/w9400-3.jpg"" border=""0""><BR><BR><BR><BR><BR><BR><BR><BR><BR><BR>
<IMG src=""http://image.rakuten.co.jp/onepi-c/cabinet/onepi108/w9400-4.jpg"" border=""0""><BR>

<CENTER><font size=""1"" color=""#999999""><BR><BR>
着用アイテム→　<a href=""http://item.rakuten.co.jp/onepi-c/w9401/"">白トップス</a>
<BR><BR>
※在庫切れ・販売終了の場合がございます。
</font><BR></CENTER>
<BR><BR><BR><BR><BR><BR><BR><BR><BR>
<IMG src=""http://image.rakuten.co.jp/onepi-c/cabinet/onepi108/w9400-5.jpg"" border=""0""><BR><BR><BR><BR><BR><BR><BR><BR><BR><BR>
<IMG src=""http://image.rakuten.co.jp/onepi-c/cabinet/onepi108/w9400-6.jpg"" border=""0""><BR><BR><BR><BR><BR><BR><BR><BR><BR><BR>
<IMG src=""http://image.rakuten.co.jp/onepi-c/cabinet/onepi108/w9400-7.jpg"" border=""0""><BR><BR><BR><BR><BR><BR><BR><BR><BR><BR>
<IMG src=""http://image.rakuten.co.jp/onepi-c/cabinet/onepi108/w9400-8.jpg"" border=""0""><BR><BR><BR><BR><BR><BR><BR><BR><BR><BR>
<IMG src=""http://image.rakuten.co.jp/onepi-c/cabinet/onepi108/w9400-9.jpg"" border=""0""><BR><BR><BR><BR><BR><BR><BR><BR><BR><BR>
<IMG src=""http://image.rakuten.co.jp/onepi-c/cabinet/onepi108/w9400-10.jpg"" border=""0""><BR><BR><BR><BR><BR><BR><BR><BR><BR><BR>
<IMG src=""http://image.rakuten.co.jp/onepi-c/cabinet/onepi108/w9400-11.jpg"" border=""0""><BR><BR><BR><BR><BR><BR><BR><BR><BR><BR>
<IMG src=""http://image.rakuten.co.jp/onepi-c/cabinet/onepi108/w9400-12.jpg"" border=""0""><BR><BR><BR><BR><BR><BR><BR><BR><BR><BR>
<IMG src=""http://image.rakuten.co.jp/onepi-c/cabinet/onepi108/w9400-13.jpg"" border=""0""><BR><BR><BR><BR><BR><BR><BR><BR><BR><BR>
<IMG src=""http://image.rakuten.co.jp/onepi-c/cabinet/onepi108/w9400-14.jpg"" border=""0""><BR><BR><BR><BR><BR><BR><BR><BR><BR><BR>
<IMG src=""http://image.rakuten.co.jp/onepi-c/cabinet/onepi108/w9400-15.jpg"" border=""0""><BR><BR><BR><BR><BR><BR><BR><BR><BR><BR>
<IMG src=""http://image.rakuten.co.jp/onepi-c/cabinet/onepi108/w9400-16.jpg"" border=""0""><BR><BR><BR><BR><BR><BR><BR><BR><BR><BR>
<IMG src=""http://image.rakuten.co.jp/onepi-c/cabinet/onepi108/w9400-17.jpg"" border=""0""><BR><BR><BR><BR><BR><BR><BR><BR><BR><BR>
<IMG src=""http://image.rakuten.co.jp/onepi-c/cabinet/onepi108/w9400-18.jpg"" border=""0""><BR><BR><BR><BR><BR><BR><BR><BR><BR><BR>
<IMG src=""http://image.rakuten.co.jp/onepi-c/cabinet/onepi108/w9400-19.jpg"" border=""0""><BR><BR><BR><BR><BR><BR><BR><BR><BR><BR>
<IMG src=""http://image.rakuten.co.jp/onepi-c/cabinet/onepi108/w9400-20.jpg"" border=""0""><BR><BR><BR><BR><BR><BR><BR><BR><BR><BR>


<img src=""http://image.rakuten.co.jp/onepi-c/cabinet/tyakuyou/imgrc0064615189.jpg"" border=""0""><BR><BR><BR><BR><BR><BR><BR><BR><BR>

<font size=""1"" color=""#999999"">
再入荷については<br><br>
メルマガでお知らせしております。<br><br>
ご登録は<a href=""http://www.rakuten.co.jp/onepi-c/news.html"" target=""_blank"">こちら</a>より<br><br><br>
     
      <BR>
      </font></td>
    </TR>
  </TBODY>
</table><font color=""#999999"" size=""1""><br>
      <br>
サイズ<br>
      <IMG width=""495"" height=""6"" src=""http://image.rakuten.co.jp/onepi-c/cabinet/onepi01/bar2.gif""><br>
      <br>
      <br>
      </font>
      <table border=""0"" width=""400"" cellpadding=""10"">
        <tbody>
          <tr>
            <td width=""200"" valign=""top"" align=""center""><FONT color=""#999999"" size=""1"">肩幅　30cm<br><br>
ウエスト　80～148cm(ゴム)<br><br>
着丈　(短)125cm(長)128cm<br><br>
素材　ポリエステル<br><br>
厚み　なし<br><br>
第2画像が実際に近い色みになります<br><br>
伸縮性　なし<br><br>
            </FONT></td>
            <td width=""200"" valign=""top"" align=""center""><font color=""#999999"" size=""1"">透け感　なし<br><br>
裏地　なし<BR><br>
重さ　約697g<br><br>
手洗い　可<br><br>
メール便　不可<br><br>
生産国　中国<br><br>
モデル身長　164cm<br>
      </font></td>
          </tr>
        </tbody>
      </table>
      <font color=""#999999"" size=""1""><br>
<br>
<br>
<br>
<br>
サイズの図り方について<br>
      <IMG width=""495"" height=""6"" src=""http://image.rakuten.co.jp/onepi-c/cabinet/onepi01/bar2.gif""><br>
<br>
<br>
<IMG src=""http://image.rakuten.co.jp/onepi-c/cabinet/oz/img62065152.jpg"" width=""495"" height=""348"" border=""0""><br>
<br>
<br>
</font><br>
      <font color=""#999999"" size=""1""><br>
      <br>
      ガイド<br>
      <IMG width=""495"" height=""6"" src=""http://image.rakuten.co.jp/onepi-c/cabinet/onepi01/bar2.gif""><br>
      <br>
      </font>


<br><br><br><br><br><br><table border=""0"" cellpadding=""6"">
  <tbody>
    <tr>
      <td align=""center""><img src=""https://image.rakuten.co.jp/onepi-c/cabinet/oz/imgrc0074444478.jpg"" width=""720"" border=""0""><br>
      <br>
      </td>
    </tr>
    <tr>
      <td align=""center""><img src=""http://image.rakuten.co.jp/onepi-c/cabinet/oz/imgrc0074048068.jpg"" width=""720"" border=""0""><br>
      <br>
      </td>
    </tr>
    <tr>
      <td align=""center""><font color=""aea08f"" size=""1""><br>
      春もの　　　レ ー ス　　　刺 繍　　　ストール　　　 蝶々　　　花刺繍　　鳥　　　デニム　　　 大人の柄　　　春の足元　　　お 花<br>
      <br>
      植 物 ・ 実　　　染 め　　　ビ ジ ュ ー　　　フ リ ン ジ　　　後 ろ　　　デ ニ ム　　　編 み　　　異 国　　　シ ル エ ッ ト　　リ ネ ン<br>
      <br>
      エ プ ロ ン　　　袖　　　　　　　胸 元　　　　彩 り　　　　レ イ ヤ ー ド　　　　変 形　　　　ネ ッ ク ・ 首 元 ・ 襟　　　　素 敵<br>
      </font><br>
      <br>
      </td>
    </tr>
  </tbody>
</table>",4/21　22時から　残りわずか*「sanpo」アコーディオンプリーツのサロペットスカート：cawaii,ワンピース専門店森ガールチュニックワンピースレトロ柄ワンピース新品ワンピースシフォン素材のワンピースシャツワンピースカシュクールワンピースニットワンピースバルーンワンピース森ガールファッション森ガールスカート花柄ワンピースワンピース通販パーティーワンピースボーダーワンピースレースワンピース結婚式ワンピースハンドメイドワンピースリネンワンピース4/21　22時から　残りわずか*「sanpo」アコーディオンプリーツのサロペットスカート,4/21　22時から　残りわずか*「sanpo」アコーディオンプリーツのサロペットスカート[rn]
29-15010,http://tshop.r10s.jp/onepi-c/cabinet/mori033/w24244-1.jpg?fitin=700:700,4768.8000,,レディースファッション > ボトムス > スカート,（ライトグリーン×ピンク）「mori」三色スカラップのフェイクレザースカート2月21日22時販売新作,　,"<table cellspacing=""0"" cellpadding=""0"" width=""600"" border=""0"" >
  <TBODY>
    <TR>
      <td align=""center"">

<IMG src=""http://image.rakuten.co.jp/onepi-c/cabinet/mori033/w24244-1.jpg"" border=""0""><BR><BR><BR><BR><BR><BR>
<IMG src=""http://image.rakuten.co.jp/onepi-c/cabinet/mori033/w24244-2.jpg"" border=""0""><BR><BR><BR><BR><BR><BR>
<IMG src=""http://image.rakuten.co.jp/onepi-c/cabinet/mori033/w24244-3.jpg"" border=""0""><BR><BR><BR><BR><BR><BR>
<IMG src=""http://image.rakuten.co.jp/onepi-c/cabinet/mori033/w24244-4.jpg"" border=""0""><BR><BR><BR><BR><BR><BR>
<IMG src=""http://image.rakuten.co.jp/onepi-c/cabinet/mori033/w24244-5.jpg"" border=""0""><BR><BR><BR><BR><BR><BR>
<IMG src=""http://image.rakuten.co.jp/onepi-c/cabinet/mori033/w24244-6.jpg"" border=""0""><BR><BR><BR><BR><BR><BR>
<IMG src=""http://image.rakuten.co.jp/onepi-c/cabinet/mori033/w24244-7.jpg"" border=""0""><BR><BR><BR><BR><BR><BR>
<IMG src=""http://image.rakuten.co.jp/onepi-c/cabinet/mori033/w24244-8.jpg"" border=""0""><BR><BR><BR><BR><BR><BR>
<IMG src=""http://image.rakuten.co.jp/onepi-c/cabinet/mori033/w24244-9.jpg"" border=""0""><BR><BR><BR><BR><BR><BR>
<IMG src=""http://image.rakuten.co.jp/onepi-c/cabinet/mori033/w24244-10.jpg"" border=""0""><BR><BR><BR><BR><BR><BR>
<IMG src=""http://image.rakuten.co.jp/onepi-c/cabinet/mori033/w24244-11.jpg"" border=""0""><BR><BR><BR><BR><BR><BR>
<IMG src=""http://image.rakuten.co.jp/onepi-c/cabinet/mori033/w24244-12.jpg"" border=""0""><BR><BR><BR><BR><BR><BR>
<IMG src=""http://image.rakuten.co.jp/onepi-c/cabinet/mori033/w24244-13.jpg"" border=""0""><BR><BR><BR><BR><BR><BR>
<IMG src=""http://image.rakuten.co.jp/onepi-c/cabinet/mori033/w24244-14.jpg"" border=""0""><BR><BR><BR><BR><BR><BR>
<IMG src=""http://image.rakuten.co.jp/onepi-c/cabinet/mori033/w24244-15.jpg"" border=""0""><BR><BR><BR><BR><BR><BR>
<IMG src=""http://image.rakuten.co.jp/onepi-c/cabinet/mori033/w24244-16.jpg"" border=""0""><BR><BR><BR><BR><BR><BR>
<IMG src=""http://image.rakuten.co.jp/onepi-c/cabinet/mori033/w24244-17.jpg"" border=""0""><BR><BR><BR><BR><BR><BR>
<IMG src=""http://image.rakuten.co.jp/onepi-c/cabinet/mori033/w24244-18.jpg"" border=""0""><BR><BR><BR><BR><BR><BR>
<IMG src=""http://image.rakuten.co.jp/onepi-c/cabinet/mori033/w24244-19.jpg"" border=""0""><BR><BR><BR><BR><BR><BR>
<IMG src=""http://image.rakuten.co.jp/onepi-c/cabinet/mori033/w24244-20.jpg"" border=""0""><BR><BR><BR><BR><BR><BR>
<IMG src=""http://image.rakuten.co.jp/onepi-c/cabinet/mori033/w24244-21.jpg"" border=""0""><BR><BR><BR><BR><BR><BR>
<IMG src=""http://image.rakuten.co.jp/onepi-c/cabinet/mori033/w24244-22.jpg"" border=""0""><BR><BR><BR><BR><BR><BR>
<IMG src=""http://image.rakuten.co.jp/onepi-c/cabinet/mori033/w24244-23.jpg"" border=""0""><BR><BR><BR><BR><BR><BR>
<IMG src=""http://image.rakuten.co.jp/onepi-c/cabinet/mori033/w24244-24.jpg"" border=""0""><BR><BR><BR><BR><BR><BR>

<CENTER><table cellpadding=""15""><tbody><tr> 
<TD colspan=""2"" align=""center""><font color=""#000099""> + Color Variation +<br><br> 
</font><font size=""-1"">(色違いは別ページとなります)
</font></TD></tr><tr> <td width=""100"">
<A target=""_blank"" href=""http://item.rakuten.co.jp/onepi-c/w24243/""> 
<IMG border=""0"" src=""http://image.rakuten.co.jp/onepi-c/cabinet/mori033/w24243-2.jpg?_ex=220x270"" width=""220"" height=""270""></A></td> 
<TD>
<A target=""_blank"" href=""http://item.rakuten.co.jp/onepi-c/w24244/""> 
<IMG border=""0"" src=""http://image.rakuten.co.jp/onepi-c/cabinet/mori033/w24244-2.jpg?_ex=220x270"" width=""220"" height=""270""></A></TD> 
</tr></tbody></table></CENTER><br><br><br><br><br><br><br>

<IMG src=""http://image.rakuten.co.jp/onepi-c/cabinet/cyakuyougazou4/w24244a.jpg"" border=""0""><BR><BR><BR><BR><br><br>






<br><br><br><br><br>
<font size=""1"" color=""#999999"">
再入荷については<br><br>
メルマガでお知らせしております。<br><br>
ご登録は<a href=""http://www.rakuten.co.jp/onepi-c/news.html"" target=""_blank"">こちら</a>より<br><br><br>
     
      <BR>
      </font></td>
    </TR>
  </TBODY>
</table>
<font color=""#999999"" size=""1""><br>
      <br>
サイズ<br>
      <IMG width=""495"" height=""6"" src=""http://image.rakuten.co.jp/onepi-c/cabinet/onepi01/bar2.gif""><br>
      <br>
      </font>
      <table border=""0"" width=""400"" cellpadding=""10"">
        <tbody>
          <tr>
            <td width=""200"" valign=""top"" align=""center""><font color=""#999999"" size=""1"">
総丈　74cm<br><br>
ウエスト　64cm<br><br>
ヒップ　84cm<br><br>
裾幅　47cm<br><br>
素材　ポリエステル<br><br>
厚み　なし<br><br>
</font></td>
 <td width=""200"" valign=""top"" align=""center""><font color=""#999999"" size=""1"">
第2画像が実際に近い色みになります<br><br>
伸縮性　なし<br><br>
透け感　なし<br><br>
裏地　あり<br><br>
重さ　約200g<br><br>
手洗い　可<br><br>
メール便　不可<br><br>
生産国　中国<br><br>
モデル身長　158cm<br><br>
</font></td>
          </tr>
        </tbody>
      </table>
      <font color=""#999999"" size=""1""><br>
      <br>
<br>
<br>
サイズの図り方について<br>
      <IMG width=""495"" height=""6"" src=""http://image.rakuten.co.jp/onepi-c/cabinet/onepi01/bar2.gif""><br>
      <br>
<IMG src=""http://image.rakuten.co.jp/onepi-c/cabinet/oz/img62065152.jpg"" width=""498"" height=""352"" border=""0""><br>
<br>
<br>
</font><br>
      <font color=""#999999"" size=""1""><br>
      <br>
      ガイド<br>
      <IMG width=""495"" height=""6"" src=""http://image.rakuten.co.jp/onepi-c/cabinet/onepi01/bar2.gif""><br>
      <br>
      </font>

<br><br><br><br><br><br><table border=""0"" cellpadding=""6"">
  <tbody>
    <tr>
      <td align=""center""><img src=""https://image.rakuten.co.jp/onepi-c/cabinet/oz/imgrc0074444478.jpg"" width=""720"" border=""0""><br>
      <br>
      </td>
    </tr>
    <tr>
      <td align=""center""><img src=""http://image.rakuten.co.jp/onepi-c/cabinet/oz/imgrc0074048068.jpg"" width=""720"" border=""0""><br>
      <br>
      </td>
    </tr>
    <tr>
      <td align=""center""><font color=""aea08f"" size=""1""><br>
      春もの　　　レ ー ス　　　刺 繍　　　ストール　　　 蝶々　　　花刺繍　　鳥　　　デニム　　　 大人の柄　　　春の足元　　　お 花<br>
      <br>
      植 物 ・ 実　　　染 め　　　ビ ジ ュ ー　　　フ リ ン ジ　　　後 ろ　　　デ ニ ム　　　編 み　　　異 国　　　シ ル エ ッ ト　　リ ネ ン<br>
      <br>
      エ プ ロ ン　　　袖　　　　　　　胸 元　　　　彩 り　　　　レ イ ヤ ー ド　　　　変 形　　　　ネ ッ ク ・ 首 元 ・ 襟　　　　素 敵<br>
      </font><br>
      <br>
      </td>
    </tr>
  </tbody>
</table>",（ライトグリーン&times;ピンク）「mori」三色スカラップのフェイクレザースカート2月21日22時販売新作：cawaii,ワンピース専門店森ガールチュニックワンピースレトロ柄ワンピース新品ワンピースシフォン素材のワンピースシャツワンピースカシュクールワンピースニットワンピースバルーンワンピース森ガールファッション森ガールスカート花柄ワンピースワンピース通販パーティーワンピースボーダーワンピースレースワンピース結婚式ワンピースハンドメイドワンピースリネンワンピース（ライトグリーン&times;ピンク）「mori」三色スカラップのフェイクレザースカート2月21日22時販売新作,　。（ライトグリーン&times;ピンク）「mori」三色スカラップのフェイクレザースカート2月21日22時販売新作[rn]
29-15011,http://tshop.r10s.jp/onepi-c/cabinet/french045/w62165-1.jpg?fitin=700:700,8156.0000,,レディースファッション > ボトムス > スカート,「french」ストライプのオーバースカート2月16日22時販売新作,　,"<table cellspacing=""0"" cellpadding=""0"" width=""600"" border=""0"" >
  <TBODY>
    <TR>
      <td align=""center""><br>
      <br><BR><BR><BR>


<img src=""http://image.rakuten.co.jp/onepi-c/cabinet/french045/w62165-1.jpg"" border=""0""><BR><BR><BR><BR><BR><BR><BR><BR>
<img src=""http://image.rakuten.co.jp/onepi-c/cabinet/french045/w62165-2.jpg"" border=""0""><BR><BR><BR><BR><BR><BR><BR><BR>
<img src=""http://image.rakuten.co.jp/onepi-c/cabinet/french045/w62165-3.jpg"" border=""0""><BR><BR><BR><BR><BR><BR><BR><BR>
<img src=""http://image.rakuten.co.jp/onepi-c/cabinet/french045/w62165-4.jpg"" border=""0""><BR><BR><BR><BR><BR><BR><BR><BR>
<img src=""http://image.rakuten.co.jp/onepi-c/cabinet/french045/w62165-5.jpg"" border=""0""><BR><BR><BR><BR><BR><BR><BR><BR>
<img src=""http://image.rakuten.co.jp/onepi-c/cabinet/french045/w62165-6.jpg"" border=""0""><BR><BR><BR><BR><BR><BR><BR><BR>
<img src=""http://image.rakuten.co.jp/onepi-c/cabinet/french045/w62165-7.jpg"" border=""0""><BR><BR><BR><BR><BR><BR><BR><BR>
<img src=""http://image.rakuten.co.jp/onepi-c/cabinet/french045/w62165-8.jpg"" border=""0""><BR><BR><BR><BR><BR><BR><BR><BR>
<img src=""http://image.rakuten.co.jp/onepi-c/cabinet/french045/w62165-9.jpg"" border=""0""><BR><BR><BR><BR><BR><BR><BR><BR>
<img src=""http://image.rakuten.co.jp/onepi-c/cabinet/french045/w62165-10.jpg"" border=""0""><BR><BR><BR><BR><BR><BR><BR><BR>
<img src=""http://image.rakuten.co.jp/onepi-c/cabinet/french045/w62165-11.jpg"" border=""0""><BR><BR><BR><BR><BR><BR><BR><BR>
<img src=""http://image.rakuten.co.jp/onepi-c/cabinet/french045/w62165-12.jpg"" border=""0""><BR><BR><BR><BR><BR><BR><BR><BR>
<img src=""http://image.rakuten.co.jp/onepi-c/cabinet/french045/w62165-13.jpg"" border=""0""><BR><BR>

<CENTER><font size=""2"" color=""#999999""><BR><BR>
着用アイテム→ <a href=""http://item.rakuten.co.jp/onepi-c/w62643/"">帽子</a>
　<a href=""http://item.rakuten.co.jp/onepi-c/w61903/"">靴</a>
 <BR><BR>
 ※在庫切れ・販売終了の場合がございます。
</font><BR></CENTER>


<BR><BR><BR><BR><BR><BR>
<img src=""http://image.rakuten.co.jp/onepi-c/cabinet/french045/w62165-14.jpg"" border=""0""><BR><BR><BR><BR><BR><BR><BR><BR>
<img src=""http://image.rakuten.co.jp/onepi-c/cabinet/french045/w62165-15.jpg"" border=""0""><BR><BR><BR><BR><BR><BR><BR><BR>
<img src=""http://image.rakuten.co.jp/onepi-c/cabinet/french045/w62165-16.jpg"" border=""0""><BR><BR><BR><BR><BR><BR><BR><BR>
<img src=""http://image.rakuten.co.jp/onepi-c/cabinet/french045/w62165-17.jpg"" border=""0""><BR><BR><BR><BR><BR><BR><BR><BR>
<img src=""http://image.rakuten.co.jp/onepi-c/cabinet/french045/w62165-18.jpg"" border=""0""><BR><BR><BR><BR><BR><BR><BR><BR>
<img src=""http://image.rakuten.co.jp/onepi-c/cabinet/french045/w62165-19.jpg"" border=""0""><BR><BR><BR><BR><BR><BR><BR><BR>
<img src=""http://image.rakuten.co.jp/onepi-c/cabinet/french045/w62165-20.jpg"" border=""0""><BR><BR><BR><BR><BR><BR><BR><BR>
<img src=""http://image.rakuten.co.jp/onepi-c/cabinet/french045/w62165-21.jpg"" border=""0""><BR><BR><BR><BR><BR><BR><BR><BR>
<img src=""http://image.rakuten.co.jp/onepi-c/cabinet/french045/w62165-22.jpg"" border=""0""><BR><BR><BR><BR><BR><BR><BR><BR>
<img src=""http://image.rakuten.co.jp/onepi-c/cabinet/french045/w62165-23.jpg"" border=""0""><BR><BR><BR><BR><BR><BR><BR><BR>
<img src=""http://image.rakuten.co.jp/onepi-c/cabinet/french045/w62165-24.jpg"" border=""0""><BR><BR><BR><BR><BR><BR><BR><BR>

<img src=""http://image.rakuten.co.jp/onepi-c/cabinet/cyakuyougazou3/w62165a.jpg"" border=""0""><BR><BR><BR><BR><BR><BR>


<font size=""1"" color=""#999999"">
再入荷については<br><br>
メルマガでお知らせしております。<br><br>
ご登録は<a href=""http://www.rakuten.co.jp/onepi-c/news.html"" target=""_blank"">こちら</a>より<br><br><br>
     
      <BR>
      </font></td>
    </TR>
  </TBODY>
</table><font color=""#999999"" size=""1""><br>
      <br>
サイズ<br>
      <IMG width=""495"" height=""6"" src=""http://image.rakuten.co.jp/onepi-c/cabinet/onepi01/bar2.gif""><br>
      <br>
      <br>
      </font>
      <table border=""0"" width=""400"" cellpadding=""10"">
        <tbody>
          <tr>
            <td width=""200"" valign=""top"" align=""center""><font color=""#999999"" size=""1"">
身幅　45cm<br><br>
総丈　105cm<br><br>
素材　ポリエステル<br><br>
厚み　なし<br><br>
</font></td>
            <td width=""200"" valign=""top"" align=""center""><font color=""#999999"" size=""1"">
第2画像が実際に近い色みになります<br><br>
伸縮性　なし<br><br>
透け感　なし<br><br>
裏地　あり<br><br>
重さ　約583g<br><br>
手洗い　可<br><br>
メール便　不可<br><br>
生産国　　中国<br><br>
モデル身長　155cm<br><br>
 </font></td>
          </tr>
        </tbody>
      </table>
      <font color=""#999999"" size=""1""><br>
<br>
<br>
<br>
<br>
      サイズの図り方について<BR>
      <IMG width=""495"" height=""6"" src=""http://image.rakuten.co.jp/onepi-c/cabinet/onepi01/bar2.gif""><br><br>
<br><IMG src=""http://image.rakuten.co.jp/onepi-c/cabinet/oz/img62065154.jpg"" width=""494"" height=""349"" border=""0"">
<br>
<br>
</font><br>
      <font color=""#999999"" size=""1""><br>
      <br>
      ガイド<br>
      <IMG width=""495"" height=""6"" src=""http://image.rakuten.co.jp/onepi-c/cabinet/onepi01/bar2.gif""><br>
      </font>


<br><br><br><br><br><br><table border=""0"" cellpadding=""6"">
  <tbody>
    <tr>
      <td align=""center""><img src=""https://image.rakuten.co.jp/onepi-c/cabinet/oz/imgrc0074444478.jpg"" width=""720"" border=""0""><br>
      <br>
      </td>
    </tr>
    <tr>
      <td align=""center""><img src=""http://image.rakuten.co.jp/onepi-c/cabinet/oz/imgrc0074048068.jpg"" width=""720"" border=""0""><br>
      <br>
      </td>
    </tr>
    <tr>
      <td align=""center""><font color=""aea08f"" size=""1""><br>
      春もの　　　レ ー ス　　　刺 繍　　　ストール　　　 蝶々　　　花刺繍　　鳥　　　デニム　　　 大人の柄　　　春の足元　　　お 花<br>
      <br>
      植 物 ・ 実　　　染 め　　　ビ ジ ュ ー　　　フ リ ン ジ　　　後 ろ　　　デ ニ ム　　　編 み　　　異 国　　　シ ル エ ッ ト　　リ ネ ン<br>
      <br>
      エ プ ロ ン　　　袖　　　　　　　胸 元　　　　彩 り　　　　レ イ ヤ ー ド　　　　変 形　　　　ネ ッ ク ・ 首 元 ・ 襟　　　　素 敵<br>
      </font><br>
      <br>
      </td>
    </tr>
  </tbody>
</table>",「french」ストライプのオーバースカート2月16日22時販売新作：cawaii,ワンピース専門店森ガールチュニックワンピースレトロ柄ワンピース新品ワンピースシフォン素材のワンピースシャツワンピースカシュクールワンピースニットワンピースバルーンワンピース森ガールファッション森ガールスカート花柄ワンピースワンピース通販パーティーワンピースボーダーワンピースレースワンピース結婚式ワンピースハンドメイドワンピースリネンワンピース「french」ストライプのオーバースカート2月16日22時販売新作,　。「french」ストライプのオーバースカート2月16日22時販売新作[rn]
29-15012,http://tshop.r10s.jp/onepi-c/cabinet/french039/w62266-1.jpg?fitin=700:700,4768.8000,,レディースファッション > ボトムス > スカート,4/28　22時から　残りわずか*「french」個性が光る大人のニットスカート,　,"<table cellspacing=""0"" cellpadding=""0"" width=""600"" border=""0"" >
  <TBODY>
    <TR>
      <td align=""center""><br>
      <br><BR><BR><BR>
<img src=""http://image.rakuten.co.jp/onepi-c/cabinet/french039/w62266-1.jpg"" border=""0""><BR><BR><BR><BR><BR><BR><BR><BR>
<img src=""http://image.rakuten.co.jp/onepi-c/cabinet/french039/w62266-2.jpg"" border=""0""><BR><BR><BR><BR><BR><BR><BR><BR>
<img src=""http://image.rakuten.co.jp/onepi-c/cabinet/french039/w62266-3.jpg"" border=""0""><BR><BR><BR><BR><BR><BR><BR><BR>
<img src=""http://image.rakuten.co.jp/onepi-c/cabinet/french039/w62266-4.jpg"" border=""0""><BR><BR><BR><BR><BR><BR><BR><BR>
<img src=""http://image.rakuten.co.jp/onepi-c/cabinet/french039/w62266-5.jpg"" border=""0""><BR><BR><BR><BR><BR><BR><BR><BR>
<img src=""http://image.rakuten.co.jp/onepi-c/cabinet/french039/w62266-6.jpg"" border=""0""><BR><BR><BR><BR><BR><BR><BR><BR>
<img src=""http://image.rakuten.co.jp/onepi-c/cabinet/french039/w62266-7.jpg"" border=""0""><BR><BR><BR><BR><BR><BR><BR><BR>
<img src=""http://image.rakuten.co.jp/onepi-c/cabinet/french039/w62266-8.jpg"" border=""0""><BR><BR><BR><BR><BR><BR><BR><BR>
<img src=""http://image.rakuten.co.jp/onepi-c/cabinet/french039/w62266-9.jpg"" border=""0""><BR><BR><BR><BR><BR><BR><BR><BR>
<img src=""http://image.rakuten.co.jp/onepi-c/cabinet/french039/w62266-10.jpg"" border=""0""><BR><BR><BR><BR><BR><BR><BR><BR>
<img src=""http://image.rakuten.co.jp/onepi-c/cabinet/french039/w62266-11.jpg"" border=""0""><BR><BR><BR><BR><BR><BR><BR><BR>
<img src=""http://image.rakuten.co.jp/onepi-c/cabinet/french039/w62266-12.jpg"" border=""0""><BR><BR><BR><BR><BR><BR><BR><BR>
<img src=""http://image.rakuten.co.jp/onepi-c/cabinet/french039/w62266-13.jpg"" border=""0""><BR><BR><BR><BR><BR><BR><BR><BR>
<img src=""http://image.rakuten.co.jp/onepi-c/cabinet/french039/w62266-14.jpg"" border=""0""><BR><BR><BR><BR><BR><BR><BR><BR>
<img src=""http://image.rakuten.co.jp/onepi-c/cabinet/french039/w62266-15.jpg"" border=""0""><BR><BR><BR><BR><BR><BR><BR><BR>
<img src=""http://image.rakuten.co.jp/onepi-c/cabinet/french039/w62266-16.jpg"" border=""0""><BR><BR><BR><BR><BR><BR><BR><BR>
<img src=""http://image.rakuten.co.jp/onepi-c/cabinet/french039/w62266-17.jpg"" border=""0""><BR><BR><BR><BR><BR><BR><BR><BR>
<img src=""http://image.rakuten.co.jp/onepi-c/cabinet/french039/w62266-18.jpg"" border=""0""><BR><BR><BR><BR><BR><BR><BR><BR>
<img src=""http://image.rakuten.co.jp/onepi-c/cabinet/french039/w62266-19.jpg"" border=""0""><BR><BR><BR><BR><BR><BR><BR><BR>
<img src=""http://image.rakuten.co.jp/onepi-c/cabinet/french039/w62266-20.jpg"" border=""0""><BR><BR><BR><BR><BR><BR><BR><BR>
<img src=""http://image.rakuten.co.jp/onepi-c/cabinet/french039/w62266-21.jpg"" border=""0""><BR><BR><BR><BR><BR><BR><BR><BR>
<img src=""http://image.rakuten.co.jp/onepi-c/cabinet/french039/w62266-22.jpg"" border=""0""><BR><BR><BR><BR><BR><BR><BR><BR>
<img src=""http://image.rakuten.co.jp/onepi-c/cabinet/french039/w62266-23.jpg"" border=""0""><BR><BR><BR><BR><BR><BR><BR><BR>
<img src=""http://image.rakuten.co.jp/onepi-c/cabinet/french039/w62266-24.jpg"" border=""0""><BR><BR><BR><BR><BR><BR><BR><BR>



<img src=""http://image.rakuten.co.jp/onepi-c/cabinet/cyakuyougazou3/w62266a.jpg"" border=""0""><BR><BR><BR><BR><BR><BR>




<font size=""1"" color=""#999999"">
再入荷については<br><br>
メルマガでお知らせしております。<br><br>
ご登録は<a href=""http://www.rakuten.co.jp/onepi-c/news.html"" target=""_blank"">こちら</a>より<br><br><br>
     
      <BR>
      </font></td>
    </TR>
  </TBODY>
</table><font color=""#999999"" size=""1""><br>
      <br>
サイズ<br>
      <IMG width=""495"" height=""6"" src=""http://image.rakuten.co.jp/onepi-c/cabinet/onepi01/bar2.gif""><br>
      <br>
      <br>
      </font>
      <table border=""0"" width=""400"" cellpadding=""10"">
        <tbody>
          <tr>
            <td width=""200"" valign=""top"" align=""center""><font color=""#999999"" size=""1"">
総丈　61cm<br><br>
ウエスト　56～100cm(ゴム)<br><br>
ヒップ　84cm<br><br>
素材　アクリル・ポリエステル<br><br>
厚み　ややあり<br><br>
</font></td>
            <td width=""200"" valign=""top"" align=""center""><font color=""#999999"" size=""1"">
第2画像が実際に近い色みになります<br><br>
伸縮性　あり<br><br>
透け感　なし<br><br>
裏地　なし<br><br>
重さ　約341g<br><br>
手洗い　可<br><br>
メール便　不可<br><br>
生産国　中国<br><br>
モデル身長　158cm<br><br>
 </font></td>
          </tr>
        </tbody>
      </table>
      <font color=""#999999"" size=""1""><br>
<br>
<br>
<br>
<br>
      サイズの図り方について<BR>
      <IMG width=""495"" height=""6"" src=""http://image.rakuten.co.jp/onepi-c/cabinet/onepi01/bar2.gif""><br><br>
<br> <IMG src=""http://image.rakuten.co.jp/onepi-c/cabinet/oz/img62065152.jpg"" width=""494"" height=""349"" border=""0""><br>
<br>
<br>
</font><br>
      <font color=""#999999"" size=""1""><br>
      <br>
      ガイド<br>
      <IMG width=""495"" height=""6"" src=""http://image.rakuten.co.jp/onepi-c/cabinet/onepi01/bar2.gif""><br>
      </font>


<br><br><br><br><br><br><table border=""0"" cellpadding=""6"">
  <tbody>
    <tr>
      <td align=""center""><img src=""https://image.rakuten.co.jp/onepi-c/cabinet/oz/imgrc0074444478.jpg"" width=""720"" border=""0""><br>
      <br>
      </td>
    </tr>
    <tr>
      <td align=""center""><img src=""http://image.rakuten.co.jp/onepi-c/cabinet/oz/imgrc0074048068.jpg"" width=""720"" border=""0""><br>
      <br>
      </td>
    </tr>
    <tr>
      <td align=""center""><font color=""aea08f"" size=""1""><br>
      春もの　　　レ ー ス　　　刺 繍　　　ストール　　　 蝶々　　　花刺繍　　鳥　　　デニム　　　 大人の柄　　　春の足元　　　お 花<br>
      <br>
      植 物 ・ 実　　　染 め　　　ビ ジ ュ ー　　　フ リ ン ジ　　　後 ろ　　　デ ニ ム　　　編 み　　　異 国　　　シ ル エ ッ ト　　リ ネ ン<br>
      <br>
      エ プ ロ ン　　　袖　　　　　　　胸 元　　　　彩 り　　　　レ イ ヤ ー ド　　　　変 形　　　　ネ ッ ク ・ 首 元 ・ 襟　　　　素 敵<br>
      </font><br>
      <br>
      </td>
    </tr>
  </tbody>
</table>",4/28　22時から　残りわずか*「french」個性が光る大人のニットスカート：cawaii,ワンピース専門店森ガールチュニックワンピースレトロ柄ワンピース新品ワンピースシフォン素材のワンピースシャツワンピースカシュクールワンピースニットワンピースバルーンワンピース森ガールファッション森ガールスカート花柄ワンピースワンピース通販パーティーワンピースボーダーワンピースレースワンピース結婚式ワンピースハンドメイドワンピースリネンワンピース4/28　22時から　残りわずか*「french」個性が光る大人のニットスカート,　。4/28　22時から　残りわずか*「french」個性が光る大人のニットスカート[rn]
29-15013,http://tshop.r10s.jp/onepi-c/cabinet/french004/w60123-1.jpg?fitin=700:700,5175.2000,,レディースファッション > ボトムス > スカート,4/14　22時から　残りわずか*（グレー）「french」チュールを纏ったふんわりスカート5/5新作,　,"<table cellspacing=""0"" cellpadding=""0"" width=""600"" border=""0"" >
  <TBODY>
    <TR>
      <td align=""center""><br>
      <br><BR><BR><BR>

<img src=""http://image.rakuten.co.jp/onepi-c/cabinet/french004/w60123-1.jpg"" border=""0""><BR><BR><BR><BR><BR><BR><BR><BR>
 <img src=""http://image.rakuten.co.jp/onepi-c/cabinet/french004/w60123-2.jpg"" border=""0""><BR><BR><BR><BR><BR><BR><BR><BR>
 <img src=""http://image.rakuten.co.jp/onepi-c/cabinet/french004/w60123-3.jpg"" border=""0""><BR><BR><BR><BR><BR><BR><BR><BR>
 <img src=""http://image.rakuten.co.jp/onepi-c/cabinet/french004/w60123-4.jpg"" border=""0""><BR><BR><BR><BR><BR><BR><BR><BR>
 <img src=""http://image.rakuten.co.jp/onepi-c/cabinet/french004/w60123-5.jpg"" border=""0""><BR><BR><BR><BR><BR><BR><BR><BR>
 <img src=""http://image.rakuten.co.jp/onepi-c/cabinet/french004/w60123-6.jpg"" border=""0""><BR><BR><BR><BR><BR><BR><BR><BR>
 <img src=""http://image.rakuten.co.jp/onepi-c/cabinet/french004/w60123-7.jpg"" border=""0""><BR><BR><BR><BR><BR><BR><BR><BR>
 <img src=""http://image.rakuten.co.jp/onepi-c/cabinet/french004/w60123-8.jpg"" border=""0""><BR><BR><BR><BR><BR><BR><BR><BR>
 <img src=""http://image.rakuten.co.jp/onepi-c/cabinet/french004/w60123-9.jpg"" border=""0""><BR><BR><BR><BR><BR><BR><BR><BR>
 <img src=""http://image.rakuten.co.jp/onepi-c/cabinet/french004/w60123-10.jpg"" border=""0""><BR><BR><BR><BR><BR><BR><BR><BR>
 <img src=""http://image.rakuten.co.jp/onepi-c/cabinet/french004/w60123-11.jpg"" border=""0""><BR><BR><BR><BR><BR><BR><BR><BR>
 <img src=""http://image.rakuten.co.jp/onepi-c/cabinet/french004/w60123-12.jpg"" border=""0""><BR><BR><BR><BR><BR><BR><BR><BR>
 <img src=""http://image.rakuten.co.jp/onepi-c/cabinet/french004/w60123-13.jpg"" border=""0""><BR><BR><BR><BR><BR><BR><BR><BR>
 <img src=""http://image.rakuten.co.jp/onepi-c/cabinet/french004/w60123-14.jpg"" border=""0""><BR><BR><BR><BR><BR><BR><BR><BR>
 <img src=""http://image.rakuten.co.jp/onepi-c/cabinet/french004/w60123-15.jpg"" border=""0""><BR><BR><BR><BR><BR><BR><BR><BR>
 <img src=""http://image.rakuten.co.jp/onepi-c/cabinet/french004/w60123-16.jpg"" border=""0""><BR><BR><BR><BR><BR><BR><BR><BR>
 <img src=""http://image.rakuten.co.jp/onepi-c/cabinet/french004/w60123-17.jpg"" border=""0""><BR><BR><BR><BR><BR><BR><BR><BR>
 <img src=""http://image.rakuten.co.jp/onepi-c/cabinet/french004/w60123-18.jpg"" border=""0""><BR><BR><BR><BR><BR><BR><BR><BR>
 <img src=""http://image.rakuten.co.jp/onepi-c/cabinet/french004/w60123-19.jpg"" border=""0""><BR><BR><BR><BR><BR><BR><BR><BR>
 <img src=""http://image.rakuten.co.jp/onepi-c/cabinet/french004/w60123-20.jpg"" border=""0""><BR><BR><BR><BR><BR><BR><BR><BR>
 <img src=""http://image.rakuten.co.jp/onepi-c/cabinet/french004/w60123-21.jpg"" border=""0""><BR><BR><BR><BR><BR><BR><BR><BR>
 <img src=""http://image.rakuten.co.jp/onepi-c/cabinet/french004/w60123-22.jpg"" border=""0""><BR><BR><BR><BR><BR><BR><BR><BR>
 <img src=""http://image.rakuten.co.jp/onepi-c/cabinet/french004/w60123-23.jpg"" border=""0""><BR><BR><BR><BR><BR><BR><BR><BR>
 <img src=""http://image.rakuten.co.jp/onepi-c/cabinet/french004/w60123-24.jpg"" border=""0""><BR><BR><BR><BR><BR><BR><BR><BR>


<CENTER><table cellpadding=""15""><tbody><tr> 
<TD colspan=""3"" align=""center""><font color=""#000099""> + Color Variation +<br><br> 
</font><font size=""-1"">(色違いは別ページとなります)
</font></TD></tr><tr> <td width=""100"">

<A target=""_blank"" href=""http://item.rakuten.co.jp/onepi-c/w60123/""> 
<IMG border=""0"" src=""http://image.rakuten.co.jp/onepi-c/cabinet/french004/w60123-2.jpg?_ex=220x270"" width=""220"" height=""270""></A></td> 

<TD>
<A target=""_blank"" href=""http://item.rakuten.co.jp/onepi-c/w60170/""> 
<IMG border=""0"" src=""http://image.rakuten.co.jp/onepi-c/cabinet/french005/w60170-2.jpg?_ex=220x270"" width=""220"" height=""270""></A></td> 


</tr></tbody></table></CENTER><br><br><br><br><br><br><br>




<img src=""http://image.rakuten.co.jp/onepi-c/cabinet/cyakuyougazou2/w60123a.jpg"" border=""0""><BR><BR><BR><BR><BR><BR><BR>



<font size=""1"" color=""#999999"">
再入荷については<br><br>
メルマガでお知らせしております。<br><br>
ご登録は<a href=""http://www.rakuten.co.jp/onepi-c/news.html"" target=""_blank"">こちら</a>より<br><br><br>
     
      <BR>
      </font></td>
    </TR>
  </TBODY>
</table><font color=""#999999"" size=""1""><br>
      <br>
サイズ<br>
      <IMG width=""495"" height=""6"" src=""http://image.rakuten.co.jp/onepi-c/cabinet/onepi01/bar2.gif""><br>
      <br>
      <br>
      </font>
      <table border=""0"" width=""400"" cellpadding=""10"">
        <tbody>
          <tr>
            <td width=""200"" valign=""top"" align=""center""><font color=""#999999"" size=""1"">

総丈　70cm<br><br>
ウエスト　54～120cm(ゴム)<br><br>
ヒップ　126cm<br><br>
素材　ポリエステル<br><br>
厚み　ややあり<br><br>

</font></td>
 <td width=""200"" valign=""top"" align=""center""><font color=""#999999"" size=""1"">
第2画像が実際に近い色みになります<br><br>
伸縮性　なし<br><br>
透け感　なし<br><br>
裏地　あり<br><br>
重さ　約517g<br><br>
手洗い　可<br><br>
メール便　不可<br><br>
生産国　中国<br><br>


モデル身長158cm<br><br>
      

</font></td>
          </tr>
        </tbody>
      </table>
      <font color=""#999999"" size=""1""><br>
<br>
<br>
<br>
<br>
      サイズの図り方について<BR>
      <IMG width=""495"" height=""6"" src=""http://image.rakuten.co.jp/onepi-c/cabinet/onepi01/bar2.gif""><br><br>
      <IMG src=""http://image.rakuten.co.jp/onepi-c/cabinet/oz/img62065152.jpg"" width=""494"" height=""349"" border=""0""><br>
<br>
<br>
</font><br>
      <font color=""#999999"" size=""1""><br>
      <br>
      ガイド<br>
      <IMG width=""495"" height=""6"" src=""http://image.rakuten.co.jp/onepi-c/cabinet/onepi01/bar2.gif""><br>
      </font>


<br><br><br><br><br><br><table border=""0"" cellpadding=""6"">
  <tbody>
    <tr>
      <td align=""center""><img src=""https://image.rakuten.co.jp/onepi-c/cabinet/oz/imgrc0074444478.jpg"" width=""720"" border=""0""><br>
      <br>
      </td>
    </tr>
    <tr>
      <td align=""center""><img src=""http://image.rakuten.co.jp/onepi-c/cabinet/oz/imgrc0074048068.jpg"" width=""720"" border=""0""><br>
      <br>
      </td>
    </tr>
    <tr>
      <td align=""center""><font color=""aea08f"" size=""1""><br>
      春もの　　　レ ー ス　　　刺 繍　　　ストール　　　 蝶々　　　花刺繍　　鳥　　　デニム　　　 大人の柄　　　春の足元　　　お 花<br>
      <br>
      植 物 ・ 実　　　染 め　　　ビ ジ ュ ー　　　フ リ ン ジ　　　後 ろ　　　デ ニ ム　　　編 み　　　異 国　　　シ ル エ ッ ト　　リ ネ ン<br>
      <br>
      エ プ ロ ン　　　袖　　　　　　　胸 元　　　　彩 り　　　　レ イ ヤ ー ド　　　　変 形　　　　ネ ッ ク ・ 首 元 ・ 襟　　　　素 敵<br>
      </font><br>
      <br>
      </td>
    </tr>
  </tbody>
</table>",4/14　22時から　残りわずか*（グレー）「french」チュールを纏ったふんわりスカート5/5新作：cawaii,ワンピース専門店森ガールチュニックワンピースレトロ柄ワンピース新品ワンピースシフォン素材のワンピースシャツワンピースカシュクールワンピースニットワンピースバルーンワンピース森ガールファッション森ガールスカート花柄ワンピースワンピース通販パーティーワンピースボーダーワンピースレースワンピース結婚式ワンピースハンドメイドワンピースリネンワンピース4/14　22時から　残りわずか*（グレー）「french」チュールを纏ったふんわりスカート5/5新作,　。4/14　22時から　残りわずか*（グレー）「french」チュールを纏ったふんわりスカート5/5新作[rn]
29-15014,http://tshop.r10s.jp/onepi-c/cabinet/onepi113/w9995-1.jpg?fitin=700:700,3879.2000,,レディースファッション > ボトムス > スカート,4/14　22時から　残りわずか*（シュガーブルー）「sanpo」淡色やわらかプリーツスカート,　,"<CENTER><font size=""1"" color=""#FFCCCC""><BR><BR> こちらは sanpo の商品ですが、cawaii で販売を継続しております。<BR><BR> cawaii で販売している sanpo の商品は cawaii と同梱可能です。<BR><BR> 但し、sanpo オリジナルサイトとの同梱は出来かねます。<BR><BR> ご不便をおかけいたしますが、ご了承くださいませ。 </font></CENTER><BR><BR><BR><table cellspacing=""0"" cellpadding=""0"" width=""600"" border=""0"" >
  <TBODY>
    <TR>
      <td align=""center"">
      <br><BR><BR><BR><BR>



<img src=""http://image.rakuten.co.jp/onepi-c/cabinet/onepi113/w9995-1.jpg"" border=""0""><BR><BR><BR><BR><BR><BR><BR><BR><BR><BR>
<IMG src=""http://image.rakuten.co.jp/onepi-c/cabinet/onepi113/w9995-2.jpg"" border=""0""><BR><BR><BR><BR><BR><BR><BR><BR><BR><BR>
<IMG src=""http://image.rakuten.co.jp/onepi-c/cabinet/onepi113/w9995-3.jpg"" border=""0""><BR>
<CENTER><font size=""1"" color=""#999999""><BR><BR>
着用アイテム→　<a href=""http://item.rakuten.co.jp/onepi-c/w9535/"">ブラウス</a>
<BR><BR>
※在庫切れ・販売終了の場合がございます。
</font><BR></CENTER>

<BR><BR><BR><BR><BR><BR><BR><BR><BR>
<IMG src=""http://image.rakuten.co.jp/onepi-c/cabinet/onepi113/w9995-4.jpg"" border=""0""><BR><BR><BR><BR><BR><BR><BR><BR><BR><BR>
<IMG src=""http://image.rakuten.co.jp/onepi-c/cabinet/onepi113/w9995-5.jpg"" border=""0""><BR><BR><BR><BR><BR><BR><BR><BR><BR><BR>
<IMG src=""http://image.rakuten.co.jp/onepi-c/cabinet/onepi113/w9995-6.jpg"" border=""0""><BR><BR><BR><BR><BR><BR><BR><BR><BR><BR>
<IMG src=""http://image.rakuten.co.jp/onepi-c/cabinet/onepi113/w9995-7.jpg"" border=""0""><BR><BR><BR><BR><BR><BR><BR><BR><BR><BR>
<IMG src=""http://image.rakuten.co.jp/onepi-c/cabinet/onepi113/w9995-8.jpg"" border=""0""><BR><BR><BR><BR><BR><BR><BR><BR><BR><BR>
<IMG src=""http://image.rakuten.co.jp/onepi-c/cabinet/onepi113/w9995-9.jpg"" border=""0""><BR><BR><BR><BR><BR><BR><BR><BR><BR><BR>
<IMG src=""http://image.rakuten.co.jp/onepi-c/cabinet/onepi113/w9995-10.jpg"" border=""0""><BR><BR><BR><BR><BR><BR><BR><BR><BR><BR>
<IMG src=""http://image.rakuten.co.jp/onepi-c/cabinet/onepi113/w9995-11.jpg"" border=""0""><BR><BR><BR><BR><BR><BR><BR><BR><BR><BR>
<IMG src=""http://image.rakuten.co.jp/onepi-c/cabinet/onepi113/w9995-12.jpg"" border=""0""><BR><BR><BR><BR><BR><BR><BR><BR><BR><BR>
<IMG src=""http://image.rakuten.co.jp/onepi-c/cabinet/onepi113/w9995-13.jpg"" border=""0""><BR><BR><BR><BR><BR><BR><BR><BR><BR><BR>
<IMG src=""http://image.rakuten.co.jp/onepi-c/cabinet/onepi113/w9995-14.jpg"" border=""0""><BR><BR><BR><BR><BR><BR><BR><BR><BR><BR>
<IMG src=""http://image.rakuten.co.jp/onepi-c/cabinet/onepi113/w9995-15.jpg"" border=""0""><BR><BR><BR><BR><BR><BR><BR><BR><BR><BR>
<IMG src=""http://image.rakuten.co.jp/onepi-c/cabinet/onepi113/w9995-16.jpg"" border=""0""><BR><BR><BR><BR><BR><BR><BR><BR><BR><BR>
<IMG src=""http://image.rakuten.co.jp/onepi-c/cabinet/onepi113/w9995-17.jpg"" border=""0""><BR><BR><BR><BR><BR><BR><BR><BR><BR><BR>
<IMG src=""http://image.rakuten.co.jp/onepi-c/cabinet/onepi113/w9995-18.jpg"" border=""0""><BR><BR><BR><BR><BR><BR><BR><BR><BR><BR>
<IMG src=""http://image.rakuten.co.jp/onepi-c/cabinet/onepi113/w9995-19.jpg"" border=""0""><BR><BR><BR><BR><BR><BR><BR><BR><BR><BR>
<IMG src=""http://image.rakuten.co.jp/onepi-c/cabinet/onepi113/w9995-20.jpg"" border=""0""><BR><BR><BR><BR><BR><BR><BR><BR><BR><BR>

<CENTER><table cellpadding=""15""><tbody><tr> 
<TD colspan=""3"" align=""center""><font color=""#000099""> + Color Variation +<br><br> 
</font><font size=""-1"">(色違いは別ページとなります)
</font></TD></tr><tr> <td width=""100"">

<A target=""_blank"" href=""http://item.rakuten.co.jp/onepi-c/w9995/""> 
<IMG border=""0"" src=""http://image.rakuten.co.jp/onepi-c/cabinet/onepi113/w9995-2.jpg?_ex=220x270"" width=""220"" height=""270""></A></td> 

<TD>
<A target=""_blank"" href=""http://item.rakuten.co.jp/onepi-c/w10308/""> 
<IMG border=""0"" src=""http://image.rakuten.co.jp/onepi-c/cabinet/onepi117/w10308-2.jpg?_ex=220x270"" width=""220"" height=""270""></A></TD> 

</tr></tbody></table></CENTER><br><br><br><br><br><br><br>

<IMG src=""http://image.rakuten.co.jp/onepi-c/cabinet/tyakuyou2/imgrc0064973557.jpg"" border=""0""><BR><BR><BR><BR>

<font size=""1"" color=""#999999"">
再入荷については<br><br>
メルマガでお知らせしております。<br><br>
ご登録は<a href=""http://www.rakuten.co.jp/onepi-c/news.html"" target=""_blank"">こちら</a>より<br><br><br>
     
      <BR>
      </font></td>
    </TR>
  </TBODY>
</table>
<font color=""#999999"" size=""1""><br>
      <br>
サイズ<br>
      <IMG width=""495"" height=""6"" src=""http://image.rakuten.co.jp/onepi-c/cabinet/onepi01/bar2.gif""><br>
      <br>
      <br>
      </font>
      <table border=""0"" width=""400"" cellpadding=""10"">
        <tbody>
          <tr>
            <td width=""200"" valign=""top"" align=""center""><FONT color=""#999999"" size=""1"">
総丈　75cm<br><br>
ウエスト　58～96cm(ゴム)<br><br>
ヒップ　92cm（裏地で計測）<br><br>
素材　レーヨン・ポリエステル<br><br>
厚み　なし<br><br>
第2画像が実際に近い色みになります<br><br>
伸縮性　なし<br><br>
</font></td>
            <td width=""200"" valign=""top"" align=""center""><font color=""#999999"" size=""1"">
透け感　なし<br><br>
裏地　あり<br><br>
重さ　約349g<br><br>
手洗い　可<br><br>
メール便　不可<br><br>
生産国　中国<br><br>
モデル身長　164cm<br>
      </font></td>
          </tr>
        </tbody>
      </table>
      <font color=""#999999"" size=""1""><br>
<br>
<br>
<br>
<br>
サイズの図り方について<br>
      <IMG width=""495"" height=""6"" src=""http://image.rakuten.co.jp/onepi-c/cabinet/onepi01/bar2.gif""><br>
<br>
<br>
<IMG src=""http://image.rakuten.co.jp/onepi-c/cabinet/oz/img62065152.jpg"" width=""495"" height=""348"" border=""0""><br>
<br>
<br>
</font><br>
      <font color=""#999999"" size=""1""><br>
      <br>
      ガイド<br>
      <IMG width=""495"" height=""6"" src=""http://image.rakuten.co.jp/onepi-c/cabinet/onepi01/bar2.gif""><br>
      <br>
      </font>


<br><br><br><br><br><br><table border=""0"" cellpadding=""6"">
  <tbody>
    <tr>
      <td align=""center""><img src=""https://image.rakuten.co.jp/onepi-c/cabinet/oz/imgrc0074444478.jpg"" width=""720"" border=""0""><br>
      <br>
      </td>
    </tr>
    <tr>
      <td align=""center""><img src=""http://image.rakuten.co.jp/onepi-c/cabinet/oz/imgrc0074048068.jpg"" width=""720"" border=""0""><br>
      <br>
      </td>
    </tr>
    <tr>
      <td align=""center""><font color=""aea08f"" size=""1""><br>
      春もの　　　レ ー ス　　　刺 繍　　　ストール　　　 蝶々　　　花刺繍　　鳥　　　デニム　　　 大人の柄　　　春の足元　　　お 花<br>
      <br>
      植 物 ・ 実　　　染 め　　　ビ ジ ュ ー　　　フ リ ン ジ　　　後 ろ　　　デ ニ ム　　　編 み　　　異 国　　　シ ル エ ッ ト　　リ ネ ン<br>
      <br>
      エ プ ロ ン　　　袖　　　　　　　胸 元　　　　彩 り　　　　レ イ ヤ ー ド　　　　変 形　　　　ネ ッ ク ・ 首 元 ・ 襟　　　　素 敵<br>
      </font><br>
      <br>
      </td>
    </tr>
  </tbody>
</table>",4/14　22時から　残りわずか*（シュガーブルー）「sanpo」淡色やわらかプリーツスカート：cawaii,ワンピース専門店森ガールチュニックワンピースレトロ柄ワンピース新品ワンピースシフォン素材のワンピースシャツワンピースカシュクールワンピースニットワンピースバルーンワンピース森ガールファッション森ガールスカート花柄ワンピースワンピース通販パーティーワンピースボーダーワンピースレースワンピース結婚式ワンピースハンドメイドワンピースリネンワンピース4/14　22時から　残りわずか*（シュガーブルー）「sanpo」淡色やわらかプリーツスカート,　。4/14　22時から　残りわずか*（シュガーブルー）「sanpo」淡色やわらかプリーツスカート[rn]
29-15015,http://tshop.r10s.jp/onepi-c/cabinet/french027/w61558-1.jpg?fitin=700:700,4492.8000,,レディースファッション > ボトムス > スカート,【再入荷♪2月15日12時&22時より】（ピンクブラウン）「french」旬のプリーツ。ベロア調スカート,　,"<table cellspacing=""0"" cellpadding=""0"" width=""600"" border=""0"" >
  <TBODY>
    <TR>
      <td align=""center""><br>
      <br><BR><BR><BR>


<img src=""http://image.rakuten.co.jp/onepi-c/cabinet/french027/w61558-1.jpg"" border=""0""><BR><BR><BR><BR><BR><BR><BR><BR>
<img src=""http://image.rakuten.co.jp/onepi-c/cabinet/french027/w61558-2.jpg"" border=""0""><BR><BR><BR><BR><BR><BR><BR><BR>
<img src=""http://image.rakuten.co.jp/onepi-c/cabinet/french027/w61558-3.jpg"" border=""0""><BR><BR><BR><BR><BR><BR><BR><BR>
<img src=""http://image.rakuten.co.jp/onepi-c/cabinet/french027/w61558-4.jpg"" border=""0""><BR><BR><BR><BR><BR><BR><BR><BR>
<img src=""http://image.rakuten.co.jp/onepi-c/cabinet/french027/w61558-5.jpg"" border=""0""><BR><BR><BR><BR><BR><BR><BR><BR>
<img src=""http://image.rakuten.co.jp/onepi-c/cabinet/french027/w61558-6.jpg"" border=""0""><BR><BR><BR><BR><BR><BR><BR><BR>
<img src=""http://image.rakuten.co.jp/onepi-c/cabinet/french027/w61558-7.jpg"" border=""0""><BR><BR><BR><BR><BR><BR><BR><BR>
<img src=""http://image.rakuten.co.jp/onepi-c/cabinet/french027/w61558-8.jpg"" border=""0""><BR><BR><BR><BR><BR><BR><BR><BR>
<img src=""http://image.rakuten.co.jp/onepi-c/cabinet/french027/w61558-9.jpg"" border=""0""><BR><BR><BR><BR><BR><BR><BR><BR>
<img src=""http://image.rakuten.co.jp/onepi-c/cabinet/french027/w61558-10.jpg"" border=""0""><BR><BR><BR><BR><BR><BR><BR><BR>
<img src=""http://image.rakuten.co.jp/onepi-c/cabinet/french027/w61558-11.jpg"" border=""0""><BR><BR><BR><BR><BR><BR><BR><BR>
<img src=""http://image.rakuten.co.jp/onepi-c/cabinet/french027/w61558-12.jpg"" border=""0""><BR><BR><BR><BR><BR><BR><BR><BR>
<img src=""http://image.rakuten.co.jp/onepi-c/cabinet/french027/w61558-13.jpg"" border=""0""><BR><BR><BR><BR><BR><BR><BR><BR>
<img src=""http://image.rakuten.co.jp/onepi-c/cabinet/french027/w61558-14.jpg"" border=""0""><BR><BR><BR><BR><BR><BR><BR><BR>
<img src=""http://image.rakuten.co.jp/onepi-c/cabinet/french027/w61558-15.jpg"" border=""0""><BR><BR><BR><BR><BR><BR><BR><BR>
<img src=""http://image.rakuten.co.jp/onepi-c/cabinet/french027/w61558-16.jpg"" border=""0""><BR><BR><BR><BR><BR><BR><BR><BR>
<img src=""http://image.rakuten.co.jp/onepi-c/cabinet/french027/w61558-17.jpg"" border=""0""><BR><BR><BR><BR><BR><BR><BR><BR>
<img src=""http://image.rakuten.co.jp/onepi-c/cabinet/french027/w61558-18.jpg"" border=""0""><BR><BR><BR><BR><BR><BR><BR><BR>
<img src=""http://image.rakuten.co.jp/onepi-c/cabinet/french027/w61558-19.jpg"" border=""0""><BR><BR><BR><BR><BR><BR><BR><BR>
<img src=""http://image.rakuten.co.jp/onepi-c/cabinet/french027/w61558-20.jpg"" border=""0""><BR><BR><BR><BR><BR><BR><BR><BR>
<img src=""http://image.rakuten.co.jp/onepi-c/cabinet/french027/w61558-21.jpg"" border=""0""><BR><BR><BR><BR><BR><BR><BR><BR>
<img src=""http://image.rakuten.co.jp/onepi-c/cabinet/french027/w61558-22.jpg"" border=""0""><BR><BR><BR><BR><BR><BR><BR><BR>
<img src=""http://image.rakuten.co.jp/onepi-c/cabinet/french027/w61558-23.jpg"" border=""0""><BR><BR><BR><BR><BR><BR><BR><BR>
<img src=""http://image.rakuten.co.jp/onepi-c/cabinet/french027/w61558-24.jpg"" border=""0""><BR><BR><BR><BR><BR><BR><BR><BR>

<CENTER><table cellpadding=""15""><tbody><tr> 
<TD colspan=""3"" align=""center""><font color=""#000099""> + Color Variation +<br><br> 
</font><font size=""-1"">(色違いは別ページとなります)
</font></TD></tr><tr> <td width=""100"">

<A target=""_blank"" href=""http://item.rakuten.co.jp/onepi-c/w61558/""> 
<IMG border=""0"" src=""http://image.rakuten.co.jp/onepi-c/cabinet/french027/w61558-2.jpg?_ex=220x270"" width=""220"" height=""270""></A></td> 

<TD>
<A target=""_blank"" href=""http://item.rakuten.co.jp/onepi-c/w61559/""> 
<IMG border=""0"" src=""http://image.rakuten.co.jp/onepi-c/cabinet/french026/w61559-2.jpg?_ex=220x270"" width=""220"" height=""270""></A></TD> 


</tr></tbody></table></CENTER><br><br><br><br><br><br><br>

<img src=""http://image.rakuten.co.jp/onepi-c/cabinet/cyakuyougazou3/w61559a.jpg"" border=""0""><BR><BR><BR><BR><BR><BR><BR>



<font size=""1"" color=""#999999"">
再入荷については<br><br>
メルマガでお知らせしております。<br><br>
ご登録は<a href=""http://www.rakuten.co.jp/onepi-c/news.html"" target=""_blank"">こちら</a>より<br><br><br>
     
      <BR>
      </font></td>
    </TR>
  </TBODY>
</table><font color=""#999999"" size=""1""><br>
      <br>
サイズ<br>
      <IMG width=""495"" height=""6"" src=""http://image.rakuten.co.jp/onepi-c/cabinet/onepi01/bar2.gif""><br>
      <br>
      <br>
      </font>
      <table border=""0"" width=""400"" cellpadding=""10"">
        <tbody>
          <tr>
            <td width=""200"" valign=""top"" align=""center""><font color=""#999999"" size=""1"">

総丈　86cm<br><br>
ウエスト　58～96cm(ゴム)<br><br>
素材　ポリエステル・ポリウレタン<br><br>
厚み　なし<br><br>

</font></td>
            <td width=""200"" valign=""top"" align=""center""><font color=""#999999"" size=""1"">

第2画像が実際に近い色みになります<br><br>
伸縮性　あり<br><br>
透け感　なし<br><br>
裏地　なし<br><br>
重さ　約396g<br><br>
手洗い　可<br><br>
メール便　不可<br><br>
生産国　中国<br><br>


モデル身長155cm<br><br><br>
      
</font></td>
          </tr>
        </tbody>
      </table>
      <font color=""#999999"" size=""1""><br>
<br>
<br>
<br>
<br>
      サイズの図り方について<BR>
      <IMG width=""495"" height=""6"" src=""http://image.rakuten.co.jp/onepi-c/cabinet/onepi01/bar2.gif""><br><br>
      <IMG src=""http://image.rakuten.co.jp/onepi-c/cabinet/oz/img62065152.jpg
"" width=""494"" height=""349"" border=""0""><br>
<br>
<br>
</font><br>
      <font color=""#999999"" size=""1""><br>
      <br>
      ガイド<br>
      <IMG width=""495"" height=""6"" src=""http://image.rakuten.co.jp/onepi-c/cabinet/onepi01/bar2.gif""><br>
      </font>


<br><br><br><br><br><br><table border=""0"" cellpadding=""6"">
  <tbody>
    <tr>
      <td align=""center""><img src=""https://image.rakuten.co.jp/onepi-c/cabinet/oz/imgrc0074444478.jpg"" width=""720"" border=""0""><br>
      <br>
      </td>
    </tr>
    <tr>
      <td align=""center""><img src=""http://image.rakuten.co.jp/onepi-c/cabinet/oz/imgrc0074048068.jpg"" width=""720"" border=""0""><br>
      <br>
      </td>
    </tr>
    <tr>
      <td align=""center""><font color=""aea08f"" size=""1""><br>
      春もの　　　レ ー ス　　　刺 繍　　　ストール　　　 蝶々　　　花刺繍　　鳥　　　デニム　　　 大人の柄　　　春の足元　　　お 花<br>
      <br>
      植 物 ・ 実　　　染 め　　　ビ ジ ュ ー　　　フ リ ン ジ　　　後 ろ　　　デ ニ ム　　　編 み　　　異 国　　　シ ル エ ッ ト　　リ ネ ン<br>
      <br>
      エ プ ロ ン　　　袖　　　　　　　胸 元　　　　彩 り　　　　レ イ ヤ ー ド　　　　変 形　　　　ネ ッ ク ・ 首 元 ・ 襟　　　　素 敵<br>
      </font><br>
      <br>
      </td>
    </tr>
  </tbody>
</table>",【再入荷♪2月15日12時&amp;22時より】（ピンクブラウン）「french」旬のプリーツ。ベロア調スカート：cawaii,ワンピース専門店森ガールチュニックワンピースレトロ柄ワンピース新品ワンピースシフォン素材のワンピースシャツワンピースカシュクールワンピースニットワンピースバルーンワンピース森ガールファッション森ガールスカート花柄ワンピースワンピース通販パーティーワンピースボーダーワンピースレースワンピース結婚式ワンピースハンドメイドワンピースリネンワンピース【再入荷♪2月15日12時&amp;22時より】（ピンクブラウン）「french」旬のプリーツ。ベロア調スカート,　。【再入荷♪2月15日12時&amp;22時より】（ピンクブラウン）「french」旬のプリーツ。ベロア調スカート[rn]
29-15016,http://tshop.r10s.jp/belleseve/cabinet/zakka/imgrc0069231116.jpg?fitin=700:700,2240.0000,,インナー・下着・ナイトウエア > レディース靴下・レッグウエア > レディース靴下 > その他,TOIVO　トイヴォ　もこもこソックス　ふくろう　オフホワイト（Pollo：ポッロ）,,"<center><img src=""http://image.rakuten.co.jp/belleseve/cabinet/zakka/imgrc0069230887.jpg""><br>
<img src=""http://image.rakuten.co.jp/belleseve/cabinet/zakka/imgrc0069230888.jpg""><br><hr>
<img src=""http://image.rakuten.co.jp/belleseve/cabinet/zakka/imgrc0069230857.jpg""><br><hr>
<img src=""http://image.rakuten.co.jp/belleseve/cabinet/zakka/imgrc0069230858.jpg""></center><br><hr>ポッロ(Pollo): ふくろう<br><TABLE border=""1""><TR><TD width=""80""><font color=""#808080"" size=""2"">シリーズ</font></TD><TD>
<font color=""#808080"" size=""2"">モコモコソックス</TD></TR><TR><TD width=""80""><font color=""#808080"" size=""2"">サイズ</font></TD><TD><font color=""#808080"" size=""2"">フリーサイズ（約22.5～25cm）</font></TD></TR><TR><TD width=""80""><font color=""#808080"" size=""2"">色</font></TD><TD><font color=""#808080"" size=""2"">オフホワイト</font></TD></TR><TR><TD width=""80""><font color=""#808080"" size=""2"">素　材</font></TD><TD><font color=""#808080"" size=""2"">アクリル/ナイロン/ウール</font></TD></TR><TR><TD width=""80""><font color=""#808080"" size=""2"">原産国</font></TD><TD><font color=""#808080"" size=""2"">フィンランド製(Made in Finland)</font></TD></TR><TR><TD width=""80""><font color=""#808080"" size=""2"">メーカー</font></TD><TD><font color=""#808080"" size=""2"">TOIVO</font></TD></TR><TR><TD width=""80""><font color=""#808080"" size=""2"">輸入販売元</font></TD><TD><font color=""#808080"" size=""2"">株式会社 ライン</font></TD></TR><TR><TD width=""80""><font color=""#808080"" size=""2"">商品説明</font></TD><TD><font color=""#808080"" size=""2"">独自の「もこもこ」なはき心地と確かな暖かさを実感できるよう良質な原料により靴下職人が丁寧に作っています。遊び心ある北欧デザインも魅力の１つ。今年もできたてほやほやなTOIVOもこもこソックスで温まってください。 </font></TD></TR></TABLE><br>
<br>【もこもこソックス TOP】<center>
<!-- ここから G-ランキング -->
<div style=""width:590px; margin:0;"">
<img src=""http://www.rakuten.ne.jp/gold/belleseve/asp/1_grank/signboard_img.png"" width=""590px""><br/>
<div style=""width:588px; height:380px; overflow:hidden; border:1px solid #ddd"">

</div>
</div>
<!-- ここまで G-ランキング -->
<br>
<!-- ここから リア受 -->
<p style=""width:590px; background-color:#675F1E; color:#fff; font-size:14px; font-weight:bold; letter-spacing:0.1em; text-align:left; text-indent:0.8em; line-height:26px; padding:2px 0 0 0; margin:0; font-family:Georgia, 'Times New Roman', Times, serif"">THANK YOU FOR THE ORDER!</p>
<div style=""width:588px; height:280px; overflow:hidden; border:1px solid #675F1E"">

</div>
<!-- ここまで リア受 -->
<br>
<!-- ここから リアコメ -->
<p style=""width:590px; background-color:#675F1E; color:#fff; font-size:14px; font-weight:bold; letter-spacing:0.1em; text-align:left; text-indent:0.8em; line-height:26px; padding:2px 0 0 0; margin:0; font-family:Georgia, 'Times New Roman', Times, serif"">CUSTOMER'S VOICE</p>
<div style=""width:590px; height:350px; overflow:hidden;"">

</div>
<!-- ここまで リアコメ -->
<br>
<center>

<img src=""http://image.rakuten.co.jp/belleseve/cabinet/imgrc0067862672.jpg"" border=""0""><BR><br> 
<img src=""https://image.rakuten.co.jp/belleseve/cabinet/imgrc0070826837.gif"" border=""0""><BR><br>

<img src=""https://image.rakuten.co.jp/belleseve/cabinet/imgrc0070826825.gif"" border=""0""><BR><br>

 <img src=""https://image.rakuten.co.jp/belleseve/cabinet/imgrc0070839926.jpg"" border=""0""><br><br>

</center>
<center>
<TABLE BORDER=""0"" WIDTH=""550""><TR><TD><IMG SRC=""http://image.rakuten.co.jp/belleseve/cabinet/noritake/ro.jpg"" border=""0""></TD><TD><IMG SRC=""http://image.rakuten.co.jp/belleseve/cabinet/top-page/global-kanban.jpg"" border=""0""></TD><TD><IMG SRC=""http://image.rakuten.co.jp/belleseve/cabinet/top-page/bamix-kanban1.jpg"" border=""0""></TD></TR><TR><TD><center><font size=""1"">電子レンジ、食洗機対応<br>オーチャードガーデン</font></center></TD><TD><center><font size=""1"">世界が認めた国産包丁の逸品！<br>グローバル</font></center></TD><TD><center><font size=""1"">これ1台でお料理楽々<br>バーミックス</font></center></TD></TR></TABLE><br><br><TABLE BORDER=""0"" WIDTH=""550""><TR><TD><IMG SRC=""http://image.rakuten.co.jp/belleseve/cabinet/belleseve_gift180.jpg"" border=""0""></TD><TD><IMG SRC=""http://image.rakuten.co.jp/belleseve/cabinet/belleseve_kessai180.jpg"" border=""0""></TD><TD><IMG SRC=""http://image.rakuten.co.jp/belleseve/cabinet/belleseve_kanso180.jpg"" border=""0""></TD>
</TR><tr><td><font size=""1""><center>ギフトラッピングについて</font></font></td><td><font size=""1""><center>決済方法・配送料</center></font></td><td><font size=""1""><center>ショップレビュー</center></font></td></TR></TABLE><br><TABLE BORDER=""0"" WIDTH=""550""><TR><TD><IMG SRC=""http://image.rakuten.co.jp/belleseve/cabinet/belleseve_info180.jpg"" border=""0""></TD><TD><IMG SRC=""http://image.rakuten.co.jp/belleseve/cabinet/belleseve_faq180.jpg"" border=""0""></TD><TD><IMG SRC=""http://image.rakuten.co.jp/belleseve/cabinet/belleseve_map180.jpg"" border=""0""></TD>
</TR><tr><td><font size=""1""><center>店舗情報</font></font></td><td><font size=""1""><center>FAQ</center></font></td><td><font size=""1""><center>実店舗地図</center></font></td></TR></TABLE></center><hr>",TOIVO　トイヴォ　もこもこソックス　ふくろう　オフホワイト（Pollo：ポッロ）：ベルセーブ,TOIVO　トイヴォ　もこもこソックス　ふくろう　オフホワイト（Pollo：ポッロ）,TOIVO　トイヴォ　もこもこソックス　ふくろう　オフホワイト（Pollo：ポッロ）[rn]
29-15017,http://tshop.r10s.jp/belleseve/cabinet/zakka/imgrc0069231396.jpg?fitin=700:700,2400.0000,,インナー・下着・ナイトウエア > レディース靴下・レッグウエア > レディース靴下 > その他,メンズ　TOIVO　トイヴォ　もこもこソックス　ひつじ　ネイビー（Sheep：シープ）紳士用,,"<center><img src=""http://image.rakuten.co.jp/belleseve/cabinet/zakka/imgrc0069230887.jpg""><br>
<img src=""http://image.rakuten.co.jp/belleseve/cabinet/zakka/imgrc0069230888.jpg""><br><hr>
<img src=""http://image.rakuten.co.jp/belleseve/cabinet/zakka/imgrc0069230857.jpg""><br><hr>
<img src=""http://image.rakuten.co.jp/belleseve/cabinet/zakka/imgrc0069230858.jpg""></center><br><hr>シープ(Sheep): ひつじ<br><TABLE border=""1""><TR><TD width=""80""><font color=""#808080"" size=""2"">シリーズ</font></TD><TD>
<font color=""#808080"" size=""2"">モコモコソックス</TD></TR><TR><TD width=""80""><font color=""#808080"" size=""2"">サイズ</font></TD><TD><font color=""#808080"" size=""2"">フリーサイズ（約26-28.5cm　）</font></TD></TR><TR><TD width=""80""><font color=""#808080"" size=""2"">色</font></TD><TD><font color=""#808080"" size=""2"">ネイビー</font></TD></TR><TR><TD width=""80""><font color=""#808080"" size=""2"">素　材</font></TD><TD><font color=""#808080"" size=""2"">アクリル/ナイロン/ウール</font></TD></TR><TR><TD width=""80""><font color=""#808080"" size=""2"">原産国</font></TD><TD><font color=""#808080"" size=""2"">フィンランド製(Made in Finland)</font></TD></TR><TR><TD width=""80""><font color=""#808080"" size=""2"">メーカー</font></TD><TD><font color=""#808080"" size=""2"">TOIVO</font></TD></TR><TR><TD width=""80""><font color=""#808080"" size=""2"">輸入販売元</font></TD><TD><font color=""#808080"" size=""2"">株式会社 ライン</font></TD></TR><TR><TD width=""80""><font color=""#808080"" size=""2"">商品説明</font></TD><TD><font color=""#808080"" size=""2"">※メンズ用<br>
独自の「もこもこ」なはき心地と確かな暖かさを実感できるよう良質な原料により靴下職人が丁寧に作っています。遊び心ある北欧デザインも魅力の１つ。今年もできたてほやほやなTOIVOもこもこソックスで温まってください。 </font></TD></TR></TABLE><br>
<br>【もこもこソックス TOP】<center>
<!-- ここから G-ランキング -->
<div style=""width:590px; margin:0;"">
<img src=""http://www.rakuten.ne.jp/gold/belleseve/asp/1_grank/signboard_img.png"" width=""590px""><br/>
<div style=""width:588px; height:380px; overflow:hidden; border:1px solid #ddd"">

</div>
</div>
<!-- ここまで G-ランキング -->
<br>
<!-- ここから リア受 -->
<p style=""width:590px; background-color:#675F1E; color:#fff; font-size:14px; font-weight:bold; letter-spacing:0.1em; text-align:left; text-indent:0.8em; line-height:26px; padding:2px 0 0 0; margin:0; font-family:Georgia, 'Times New Roman', Times, serif"">THANK YOU FOR THE ORDER!</p>
<div style=""width:588px; height:280px; overflow:hidden; border:1px solid #675F1E"">

</div>
<!-- ここまで リア受 -->
<br>
<!-- ここから リアコメ -->
<p style=""width:590px; background-color:#675F1E; color:#fff; font-size:14px; font-weight:bold; letter-spacing:0.1em; text-align:left; text-indent:0.8em; line-height:26px; padding:2px 0 0 0; margin:0; font-family:Georgia, 'Times New Roman', Times, serif"">CUSTOMER'S VOICE</p>
<div style=""width:590px; height:350px; overflow:hidden;"">

</div>
<!-- ここまで リアコメ -->
<br>
<center>

<img src=""http://image.rakuten.co.jp/belleseve/cabinet/imgrc0067862672.jpg"" border=""0""><BR><br> 
<img src=""https://image.rakuten.co.jp/belleseve/cabinet/imgrc0070826837.gif"" border=""0""><BR><br>

<img src=""https://image.rakuten.co.jp/belleseve/cabinet/imgrc0070826825.gif"" border=""0""><BR><br>

 <img src=""https://image.rakuten.co.jp/belleseve/cabinet/imgrc0070839926.jpg"" border=""0""><br><br>

</center>
<center>
<TABLE BORDER=""0"" WIDTH=""550""><TR><TD><IMG SRC=""http://image.rakuten.co.jp/belleseve/cabinet/noritake/ro.jpg"" border=""0""></TD><TD><IMG SRC=""http://image.rakuten.co.jp/belleseve/cabinet/top-page/global-kanban.jpg"" border=""0""></TD><TD><IMG SRC=""http://image.rakuten.co.jp/belleseve/cabinet/top-page/bamix-kanban1.jpg"" border=""0""></TD></TR><TR><TD><center><font size=""1"">電子レンジ、食洗機対応<br>オーチャードガーデン</font></center></TD><TD><center><font size=""1"">世界が認めた国産包丁の逸品！<br>グローバル</font></center></TD><TD><center><font size=""1"">これ1台でお料理楽々<br>バーミックス</font></center></TD></TR></TABLE><br><br><TABLE BORDER=""0"" WIDTH=""550""><TR><TD><IMG SRC=""http://image.rakuten.co.jp/belleseve/cabinet/belleseve_gift180.jpg"" border=""0""></TD><TD><IMG SRC=""http://image.rakuten.co.jp/belleseve/cabinet/belleseve_kessai180.jpg"" border=""0""></TD><TD><IMG SRC=""http://image.rakuten.co.jp/belleseve/cabinet/belleseve_kanso180.jpg"" border=""0""></TD>
</TR><tr><td><font size=""1""><center>ギフトラッピングについて</font></font></td><td><font size=""1""><center>決済方法・配送料</center></font></td><td><font size=""1""><center>ショップレビュー</center></font></td></TR></TABLE><br><TABLE BORDER=""0"" WIDTH=""550""><TR><TD><IMG SRC=""http://image.rakuten.co.jp/belleseve/cabinet/belleseve_info180.jpg"" border=""0""></TD><TD><IMG SRC=""http://image.rakuten.co.jp/belleseve/cabinet/belleseve_faq180.jpg"" border=""0""></TD><TD><IMG SRC=""http://image.rakuten.co.jp/belleseve/cabinet/belleseve_map180.jpg"" border=""0""></TD>
</TR><tr><td><font size=""1""><center>店舗情報</font></font></td><td><font size=""1""><center>FAQ</center></font></td><td><font size=""1""><center>実店舗地図</center></font></td></TR></TABLE></center><hr>",メンズ　TOIVO　トイヴォ　もこもこソックス　ひつじ　ネイビー（Sheep：シープ）紳士用：ベルセーブ,メンズ　TOIVO　トイヴォ　もこもこソックス　ひつじ　ネイビー（Sheep：シープ）紳士用,メンズ　TOIVO　トイヴォ　もこもこソックス　ひつじ　ネイビー（Sheep：シープ）紳士用[rn]
29-15018,http://tshop.r10s.jp/belleseve/cabinet/zakka/imgrc0069866181.jpg?fitin=700:700,2240.0000,,インナー・下着・ナイトウエア > レディース靴下・レッグウエア > レディース靴下 > その他,TOIVO　トイヴォ　もこもこソックス　Hedelmat（くだもの）　クリーム,,"<center><img src=""http://image.rakuten.co.jp/belleseve/cabinet/zakka/imgrc0069230887.jpg""><br>
<img src=""http://image.rakuten.co.jp/belleseve/cabinet/zakka/imgrc0069230888.jpg""><br><hr>
<img src=""http://image.rakuten.co.jp/belleseve/cabinet/zakka/imgrc0069230857.jpg""><br><hr>
<img src=""http://image.rakuten.co.jp/belleseve/cabinet/zakka/imgrc0069230858.jpg""></center><br><hr>Hedelmat(くだもの)
<br><TABLE border=""1""><TR><TD width=""80""><font color=""#808080"" size=""2"">シリーズ</font></TD><TD>
<font color=""#808080"" size=""2"">モコモコソックス</TD></TR><TR><TD width=""80""><font color=""#808080"" size=""2"">サイズ</font></TD><TD><font color=""#808080"" size=""2"">フリーサイズ（約22.5～25cm）</font></TD></TR><TR><TD width=""80""><font color=""#808080"" size=""2"">色</font></TD><TD><font color=""#808080"" size=""2"">クリーム（イエロー）</font></TD></TR><TR><TD width=""80""><font color=""#808080"" size=""2"">素　材</font></TD><TD><font color=""#808080"" size=""2"">アクリル/ナイロン/ウール</font></TD></TR><TR><TD width=""80""><font color=""#808080"" size=""2"">原産国</font></TD><TD><font color=""#808080"" size=""2"">フィンランド製(Made in Finland)</font></TD></TR><TR><TD width=""80""><font color=""#808080"" size=""2"">メーカー</font></TD><TD><font color=""#808080"" size=""2"">TOIVO</font></TD></TR><TR><TD width=""80""><font color=""#808080"" size=""2"">輸入販売元</font></TD><TD><font color=""#808080"" size=""2"">株式会社 ライン</font></TD></TR><TR><TD width=""80""><font color=""#808080"" size=""2"">商品説明</font></TD><TD><font color=""#808080"" size=""2"">独自の「もこもこ」なはき心地と確かな暖かさを実感できるよう良質な原料により靴下職人が丁寧に作っています。遊び心ある北欧デザインも魅力の１つ。今年もできたてほやほやなTOIVOもこもこソックスで温まってください。 </font></TD></TR></TABLE><br>
<br>【もこもこソックス TOP】<center>
<!-- ここから G-ランキング -->
<div style=""width:590px; margin:0;"">
<img src=""http://www.rakuten.ne.jp/gold/belleseve/asp/1_grank/signboard_img.png"" width=""590px""><br/>
<div style=""width:588px; height:380px; overflow:hidden; border:1px solid #ddd"">

</div>
</div>
<!-- ここまで G-ランキング -->
<br>
<!-- ここから リア受 -->
<p style=""width:590px; background-color:#675F1E; color:#fff; font-size:14px; font-weight:bold; letter-spacing:0.1em; text-align:left; text-indent:0.8em; line-height:26px; padding:2px 0 0 0; margin:0; font-family:Georgia, 'Times New Roman', Times, serif"">THANK YOU FOR THE ORDER!</p>
<div style=""width:588px; height:280px; overflow:hidden; border:1px solid #675F1E"">

</div>
<!-- ここまで リア受 -->
<br>
<!-- ここから リアコメ -->
<p style=""width:590px; background-color:#675F1E; color:#fff; font-size:14px; font-weight:bold; letter-spacing:0.1em; text-align:left; text-indent:0.8em; line-height:26px; padding:2px 0 0 0; margin:0; font-family:Georgia, 'Times New Roman', Times, serif"">CUSTOMER'S VOICE</p>
<div style=""width:590px; height:350px; overflow:hidden;"">

</div>
<!-- ここまで リアコメ -->
<br>
<center>

<img src=""http://image.rakuten.co.jp/belleseve/cabinet/imgrc0067862672.jpg"" border=""0""><BR><br> 
<img src=""https://image.rakuten.co.jp/belleseve/cabinet/imgrc0070826837.gif"" border=""0""><BR><br>

<img src=""https://image.rakuten.co.jp/belleseve/cabinet/imgrc0070826825.gif"" border=""0""><BR><br>

 <img src=""https://image.rakuten.co.jp/belleseve/cabinet/imgrc0070839926.jpg"" border=""0""><br><br>

</center>
<center>
<TABLE BORDER=""0"" WIDTH=""550""><TR><TD><IMG SRC=""http://image.rakuten.co.jp/belleseve/cabinet/noritake/ro.jpg"" border=""0""></TD><TD><IMG SRC=""http://image.rakuten.co.jp/belleseve/cabinet/top-page/global-kanban.jpg"" border=""0""></TD><TD><IMG SRC=""http://image.rakuten.co.jp/belleseve/cabinet/top-page/bamix-kanban1.jpg"" border=""0""></TD></TR><TR><TD><center><font size=""1"">電子レンジ、食洗機対応<br>オーチャードガーデン</font></center></TD><TD><center><font size=""1"">世界が認めた国産包丁の逸品！<br>グローバル</font></center></TD><TD><center><font size=""1"">これ1台でお料理楽々<br>バーミックス</font></center></TD></TR></TABLE><br><br><TABLE BORDER=""0"" WIDTH=""550""><TR><TD><IMG SRC=""http://image.rakuten.co.jp/belleseve/cabinet/belleseve_gift180.jpg"" border=""0""></TD><TD><IMG SRC=""http://image.rakuten.co.jp/belleseve/cabinet/belleseve_kessai180.jpg"" border=""0""></TD><TD><IMG SRC=""http://image.rakuten.co.jp/belleseve/cabinet/belleseve_kanso180.jpg"" border=""0""></TD>
</TR><tr><td><font size=""1""><center>ギフトラッピングについて</font></font></td><td><font size=""1""><center>決済方法・配送料</center></font></td><td><font size=""1""><center>ショップレビュー</center></font></td></TR></TABLE><br><TABLE BORDER=""0"" WIDTH=""550""><TR><TD><IMG SRC=""http://image.rakuten.co.jp/belleseve/cabinet/belleseve_info180.jpg"" border=""0""></TD><TD><IMG SRC=""http://image.rakuten.co.jp/belleseve/cabinet/belleseve_faq180.jpg"" border=""0""></TD><TD><IMG SRC=""http://image.rakuten.co.jp/belleseve/cabinet/belleseve_map180.jpg"" border=""0""></TD>
</TR><tr><td><font size=""1""><center>店舗情報</font></font></td><td><font size=""1""><center>FAQ</center></font></td><td><font size=""1""><center>実店舗地図</center></font></td></TR></TABLE></center><hr>",TOIVO　トイヴォ　もこもこソックス　Hedelmat（くだもの）　クリーム：ベルセーブ,TOIVO　トイヴォ　もこもこソックス　Hedelmat（くだもの）　クリーム,TOIVO　トイヴォ　もこもこソックス　Hedelmat（くだもの）　クリーム[rn]
29-15019,http://tshop.r10s.jp/belleseve/cabinet/ikou_20090810_001/sidoste30364-1.jpg?fitin=700:700,2960.0000,,インナー・下着・ナイトウエア > レディース靴下・レッグウエア > レディース靴下 > その他,SIDOSTE　シドステ　フラッフィー　レッグウォーマー　プレーン　ブラック,,"<p><img src=""http://image.rakuten.co.jp/belleseve/cabinet/ikou_20090810_001/sidpste.jpg"" width=""280"" height=""280"" align=""left"" alt=""""/><b><font size=""5"" color=""#191970"">シドステ</font></b><br><br><font size=""3"">1945年創業のフィンランド国内第二位のレッグウェア企業です。<br>創業時から機能性と耐久性を最も重視したソックス創りにこだわり、現在もアウトドアからホスピタルまでプロフェッショナルなレッグウェア創りを追求し続けています。<br>『犬が引っ張っても大丈夫』という耐久性をキュートに謳ったロゴ、広告によりフィンランドで不動の人気のブランドになっています。現在は、スカンジナビア諸国をはじめイギリスをメインに展開しています。</font></p><br><TABLE border=""1""><TR><TD width=""80""><font color=""#808080"" size=""2"">シリーズ</font></TD><TD>
<font color=""#808080"" size=""2"">レッグウォーマー</TD></TR><TR><TD width=""80""><font color=""#808080"" size=""2"">サイズ</font></TD><TD><font color=""#808080"" size=""2"">フリーサイズ（長さ約45cm）</font></TD></TR><TR><TD width=""80""><font color=""#808080"" size=""2"">素　材</font></TD><TD><font color=""#808080"" size=""2"">アクリル70％、ウール30％</font></TD></TR><TR><TD width=""80""><font color=""#808080"" size=""2"">原産国</font></TD><TD><font color=""#808080"" size=""2"">フィンランド製(Made in Finland)</font></TD></TR><TR><TD width=""80""><font color=""#808080"" size=""2"">メーカー</font></TD><TD><font color=""#808080"" size=""2"">SIDOSTE</font></TD></TR><TR><TD width=""80""><font color=""#808080"" size=""2"">輸入販売元</font></TD><TD><font color=""#808080"" size=""2"">株式会社 ライン</font></TD></TR>
<TR><TD width=""80""><font color=""#808080"" size=""2"">商品説明</font></TD><TD><font color=""#808080"" size=""2"">内側が全てモコモコに起毛された超あったかなレッグウォーマー。大自然豊かなフィンランドの繊維の街として知られる「タンペレ」で、ピュアでフレッシュな天然素材を使用して創られています。</font></TD></TR></TABLE><br>
<br>【もこもこソックス TOP】<center>
<!-- ここから G-ランキング -->
<div style=""width:590px; margin:0;"">
<img src=""http://www.rakuten.ne.jp/gold/belleseve/asp/1_grank/signboard_img.png"" width=""590px""><br/>
<div style=""width:588px; height:380px; overflow:hidden; border:1px solid #ddd"">

</div>
</div>
<!-- ここまで G-ランキング -->
<br>
<!-- ここから リア受 -->
<p style=""width:590px; background-color:#675F1E; color:#fff; font-size:14px; font-weight:bold; letter-spacing:0.1em; text-align:left; text-indent:0.8em; line-height:26px; padding:2px 0 0 0; margin:0; font-family:Georgia, 'Times New Roman', Times, serif"">THANK YOU FOR THE ORDER!</p>
<div style=""width:588px; height:280px; overflow:hidden; border:1px solid #675F1E"">

</div>
<!-- ここまで リア受 -->
<br>
<!-- ここから リアコメ -->
<p style=""width:590px; background-color:#675F1E; color:#fff; font-size:14px; font-weight:bold; letter-spacing:0.1em; text-align:left; text-indent:0.8em; line-height:26px; padding:2px 0 0 0; margin:0; font-family:Georgia, 'Times New Roman', Times, serif"">CUSTOMER'S VOICE</p>
<div style=""width:590px; height:350px; overflow:hidden;"">

</div>
<!-- ここまで リアコメ -->
<br>
<center>

<img src=""http://image.rakuten.co.jp/belleseve/cabinet/imgrc0067862672.jpg"" border=""0""><BR><br> 
<img src=""https://image.rakuten.co.jp/belleseve/cabinet/imgrc0070826837.gif"" border=""0""><BR><br>

<img src=""https://image.rakuten.co.jp/belleseve/cabinet/imgrc0070826825.gif"" border=""0""><BR><br>

 <img src=""https://image.rakuten.co.jp/belleseve/cabinet/imgrc0070839926.jpg"" border=""0""><br><br>

</center>
<center>
<TABLE BORDER=""0"" WIDTH=""550""><TR><TD><IMG SRC=""http://image.rakuten.co.jp/belleseve/cabinet/noritake/ro.jpg"" border=""0""></TD><TD><IMG SRC=""http://image.rakuten.co.jp/belleseve/cabinet/top-page/global-kanban.jpg"" border=""0""></TD><TD><IMG SRC=""http://image.rakuten.co.jp/belleseve/cabinet/top-page/bamix-kanban1.jpg"" border=""0""></TD></TR><TR><TD><center><font size=""1"">電子レンジ、食洗機対応<br>オーチャードガーデン</font></center></TD><TD><center><font size=""1"">世界が認めた国産包丁の逸品！<br>グローバル</font></center></TD><TD><center><font size=""1"">これ1台でお料理楽々<br>バーミックス</font></center></TD></TR></TABLE><br><br><TABLE BORDER=""0"" WIDTH=""550""><TR><TD><IMG SRC=""http://image.rakuten.co.jp/belleseve/cabinet/belleseve_gift180.jpg"" border=""0""></TD><TD><IMG SRC=""http://image.rakuten.co.jp/belleseve/cabinet/belleseve_kessai180.jpg"" border=""0""></TD><TD><IMG SRC=""http://image.rakuten.co.jp/belleseve/cabinet/belleseve_kanso180.jpg"" border=""0""></TD>
</TR><tr><td><font size=""1""><center>ギフトラッピングについて</font></font></td><td><font size=""1""><center>決済方法・配送料</center></font></td><td><font size=""1""><center>ショップレビュー</center></font></td></TR></TABLE><br><TABLE BORDER=""0"" WIDTH=""550""><TR><TD><IMG SRC=""http://image.rakuten.co.jp/belleseve/cabinet/belleseve_info180.jpg"" border=""0""></TD><TD><IMG SRC=""http://image.rakuten.co.jp/belleseve/cabinet/belleseve_faq180.jpg"" border=""0""></TD><TD><IMG SRC=""http://image.rakuten.co.jp/belleseve/cabinet/belleseve_map180.jpg"" border=""0""></TD>
</TR><tr><td><font size=""1""><center>店舗情報</font></font></td><td><font size=""1""><center>FAQ</center></font></td><td><font size=""1""><center>実店舗地図</center></font></td></TR></TABLE></center><hr>",SIDOSTE　シドステ　フラッフィー　レッグウォーマー　プレーン　ブラック：ベルセーブ,SIDOSTE　シドステ　フラッフィー　レッグウォーマー　プレーン　ブラック,SIDOSTE　シドステ　フラッフィー　レッグウォーマー　プレーン　ブラック[rn]
29-15020,http://tshop.r10s.jp/belleseve/cabinet/ikou_20090810_001/imgrc0066997252.jpg?fitin=700:700,2240.0000,,インナー・下着・ナイトウエア > レディース靴下・レッグウエア > レディース靴下 > その他,TOIVO　トイヴォ　ムーミンコレクション　もこもこソックス　ムーミン　ブルー,,"<p><img src=""http://image.rakuten.co.jp/belleseve/cabinet/ikou_20090810_001/imgrc0066725153.jpg"" width=""280"" height=""280"" align=""left"" alt=""""/><b><font size=""5"" color=""#191970"">TOIVO(トイヴォ)</font></b><br><br><font size=""3"">トイヴォは「もこもこソックス」のために設立されたブランド（2014年VENLAから独立）。生粋のmade in FINLANDのルームソックスです。独自の「もこもこ」なはき心地と確かな暖かさを実感できるよう良質な原料により靴下職人が丁寧に作っています。遊び心ある北欧デザインも魅力の１つ。今年もできたてほやほやなTOIVOもこもこソックスで温まってください。</font></p><br><TABLE border=""1""><TR><TD width=""80""><font color=""#808080"" size=""2"">シリーズ</font></TD><TD>
<font color=""#808080"" size=""2"">モコモコソックス</TD></TR><TR><TD width=""80""><font color=""#808080"" size=""2"">サイズ</font></TD><TD><font color=""#808080"" size=""2"">フリーサイズ（約22.5～25cm）</font></TD></TR><TR><TD width=""80""><font color=""#808080"" size=""2"">色</font></TD><TD><font color=""#808080"" size=""2"">ブルー</font></TD></TR><TR><TD width=""80""><font color=""#808080"" size=""2"">素　材</font></TD><TD><font color=""#808080"" size=""2"">アクリル/ナイロン/ウール</font></TD></TR><TR><TD width=""80""><font color=""#808080"" size=""2"">原産国</font></TD><TD><font color=""#808080"" size=""2"">フィンランド製(Made in Finland)</font></TD></TR><TR><TD width=""80""><font color=""#808080"" size=""2"">メーカー</font></TD><TD><font color=""#808080"" size=""2"">TOIVO</font></TD></TR><TR><TD width=""80""><font color=""#808080"" size=""2"">輸入販売元</font></TD><TD><font color=""#808080"" size=""2"">株式会社 ライン</font></TD></TR><TR><TD width=""80""><font color=""#808080"" size=""2"">商品説明</font></TD><TD><font color=""#808080"" size=""2"">独自の「もこもこ」なはき心地と確かな暖かさを実感できるよう良質な原料により靴下職人が丁寧に作っています。遊び心ある北欧デザインも魅力の１つ。今年もできたてほやほやなTOIVOもこもこソックスで温まってください。 </font></TD></TR></TABLE><br>
<br>【もこもこソックス TOP】<center>
<!-- ここから G-ランキング -->
<div style=""width:590px; margin:0;"">
<img src=""http://www.rakuten.ne.jp/gold/belleseve/asp/1_grank/signboard_img.png"" width=""590px""><br/>
<div style=""width:588px; height:380px; overflow:hidden; border:1px solid #ddd"">

</div>
</div>
<!-- ここまで G-ランキング -->
<br>
<!-- ここから リア受 -->
<p style=""width:590px; background-color:#675F1E; color:#fff; font-size:14px; font-weight:bold; letter-spacing:0.1em; text-align:left; text-indent:0.8em; line-height:26px; padding:2px 0 0 0; margin:0; font-family:Georgia, 'Times New Roman', Times, serif"">THANK YOU FOR THE ORDER!</p>
<div style=""width:588px; height:280px; overflow:hidden; border:1px solid #675F1E"">

</div>
<!-- ここまで リア受 -->
<br>
<!-- ここから リアコメ -->
<p style=""width:590px; background-color:#675F1E; color:#fff; font-size:14px; font-weight:bold; letter-spacing:0.1em; text-align:left; text-indent:0.8em; line-height:26px; padding:2px 0 0 0; margin:0; font-family:Georgia, 'Times New Roman', Times, serif"">CUSTOMER'S VOICE</p>
<div style=""width:590px; height:350px; overflow:hidden;"">

</div>
<!-- ここまで リアコメ -->
<br>
<center>

<img src=""http://image.rakuten.co.jp/belleseve/cabinet/imgrc0067862672.jpg"" border=""0""><BR><br> 
<img src=""https://image.rakuten.co.jp/belleseve/cabinet/imgrc0070826837.gif"" border=""0""><BR><br>

<img src=""https://image.rakuten.co.jp/belleseve/cabinet/imgrc0070826825.gif"" border=""0""><BR><br>

 <img src=""https://image.rakuten.co.jp/belleseve/cabinet/imgrc0070839926.jpg"" border=""0""><br><br>

</center>
<center>
<TABLE BORDER=""0"" WIDTH=""550""><TR><TD><IMG SRC=""http://image.rakuten.co.jp/belleseve/cabinet/noritake/ro.jpg"" border=""0""></TD><TD><IMG SRC=""http://image.rakuten.co.jp/belleseve/cabinet/top-page/global-kanban.jpg"" border=""0""></TD><TD><IMG SRC=""http://image.rakuten.co.jp/belleseve/cabinet/top-page/bamix-kanban1.jpg"" border=""0""></TD></TR><TR><TD><center><font size=""1"">電子レンジ、食洗機対応<br>オーチャードガーデン</font></center></TD><TD><center><font size=""1"">世界が認めた国産包丁の逸品！<br>グローバル</font></center></TD><TD><center><font size=""1"">これ1台でお料理楽々<br>バーミックス</font></center></TD></TR></TABLE><br><br><TABLE BORDER=""0"" WIDTH=""550""><TR><TD><IMG SRC=""http://image.rakuten.co.jp/belleseve/cabinet/belleseve_gift180.jpg"" border=""0""></TD><TD><IMG SRC=""http://image.rakuten.co.jp/belleseve/cabinet/belleseve_kessai180.jpg"" border=""0""></TD><TD><IMG SRC=""http://image.rakuten.co.jp/belleseve/cabinet/belleseve_kanso180.jpg"" border=""0""></TD>
</TR><tr><td><font size=""1""><center>ギフトラッピングについて</font></font></td><td><font size=""1""><center>決済方法・配送料</center></font></td><td><font size=""1""><center>ショップレビュー</center></font></td></TR></TABLE><br><TABLE BORDER=""0"" WIDTH=""550""><TR><TD><IMG SRC=""http://image.rakuten.co.jp/belleseve/cabinet/belleseve_info180.jpg"" border=""0""></TD><TD><IMG SRC=""http://image.rakuten.co.jp/belleseve/cabinet/belleseve_faq180.jpg"" border=""0""></TD><TD><IMG SRC=""http://image.rakuten.co.jp/belleseve/cabinet/belleseve_map180.jpg"" border=""0""></TD>
</TR><tr><td><font size=""1""><center>店舗情報</font></font></td><td><font size=""1""><center>FAQ</center></font></td><td><font size=""1""><center>実店舗地図</center></font></td></TR></TABLE></center><hr>",TOIVO　トイヴォ　ムーミンコレクション　もこもこソックス　ムーミン　ブルー：ベルセーブ,TOIVO　トイヴォ　ムーミンコレクション　もこもこソックス　ムーミン　ブルー,TOIVO　トイヴォ　ムーミンコレクション　もこもこソックス　ムーミン　ブルー[rn]
29-15021,http://tshop.r10s.jp/scbmitsuokun1972/cabinet/household/household_goods/household_goods_2/4945621336571.jpg?fitin=700:700,117.6000,,インナー・下着・ナイトウエア > レディース靴下・レッグウエア > レディース靴下 > その他,店内全品ポイント10倍～[ｚｒ　季節限定　T]  裏起毛パイルソックス (1足),スマホでエントリー！！,"★パッケージ・商品内容等は、予告なく変更する場合も<br>
　ございます。予めご了承ください。<br>
<br>
★複数の店舗で在庫を共有しておりますので、<br>
　在庫切れの場合もございます。予めご了承ください。<br>
<br>
【商品の説明】<br>
※色はお選びいただけません。<br>
　予めご了承ください。<br>
<br>
温☆内側ふわふわ<br>
裏起毛パイル<br>
ぽかぽか靴下<br>
やわらかくちゴム<br>
<br>
サイズ：23～25cm<br>
<br>
材質：アクリル・ポリエステル・その他<br>
<br>
洗濯時のご注意：<br>
・履き口を上にして陰干ししてください。<br>
・タックピン・糸はハサミで切ってください。<br>
・色落ち、色移りするおそれがありますので<br>
　他のものと分けて洗ってください。<br>
<br>
※お肌にあわない場合は着用をおやめください。<br>
<br>
【発売元】<br>
　大阪レッグニット卸商協同組合<br>
<br>
(靴下 ソックス ルームソックス パイル)<br>
<br>
広告文責：SCB 050-3302-2709<br>
原産国：日本<br>",店内全品ポイント10倍～[ｚｒ　季節限定　T]  裏起毛パイルソックス (1足)：大将もビックリ！ＳＣＢ,店内全品ポイント10倍～[ｚｒ　季節限定　T]  裏起毛パイルソックス (1足),スマホでエントリー！！。店内全品ポイント10倍～[ｚｒ　季節限定　T]  裏起毛パイルソックス (1足)[rn]
29-15022,http://tshop.r10s.jp/scbmitsuokun1972/cabinet/household/household_goods/4970687609055.jpg?fitin=700:700,317.6000,,インナー・下着・ナイトウエア > レディース靴下・レッグウエア > レディース靴下 > その他,店内全品ポイント10倍～おたふく手袋 サーモハイソックス(中ダイヤ) LS-62 １足 保温靴下【※SCB】,スマホでエントリー！！,"★パッケージ・商品内容等は、予告なく変更する場合もあります。<br>
　ご了承下さい。<br>
<br>
★複数の店舗で在庫を共有しておりますので、<br>
　在庫切れの場合もございます。予めご了承ください。<br>
<br>
【商品説明】<br>
　「サーモハイソックス (中ダイヤ) LS-62」は、優れた発熱性を誇るテックサーモを使用したレディース発熱ソックス(保温靴下)です。薄地ですがしっかり発熱。足元にさらなるぬくもりを。かわいい中ダイヤ柄です。 <br>
<br>
【使用上の注意】<br>
・体質によって、かゆみ、かぶれ、発疹等を起こすことがあります。異常を感じたらご使用をおやめください。<br>
・繊維を傷めますので洗濯は液温40度以下で使用し、乾燥機のご使用はおやめ下さい。<br>
・色物類は色落ちの恐れがありますので他の物と一緒に洗うのをおさけください。<br>
・出来れば、洗濯ネットなどに入れて洗濯してください。<br>
・すすぎを十分にし、干す時は口ゴム部分を上にして、日陰で吊り干しにしてください。 <br>
<br>
【サイズ】<br>
　23cm～25cm<br>
<br>
【品質表示】<br>
　綿、アクリル、レーヨン、ポリエステル、ポリウレタン <br>
<br>
【原産国】<br>
　中国 <br>
<br>
【発売元】<br>
　おたふく手袋<br>
<br>
<br>
<br>
広告文責：SCB 050-3302-2709<br>
原産国：日本<br>",店内全品ポイント10倍～おたふく手袋 サーモハイソックス(中ダイヤ) LS-62 １足 保温靴下【※SCB】：大将もビックリ！ＳＣＢ,店内全品ポイント10倍～おたふく手袋 サーモハイソックス(中ダイヤ) LS-62 １足 保温靴下【※SCB】,スマホでエントリー！！。店内全品ポイント10倍～おたふく手袋 サーモハイソックス(中ダイヤ) LS-62 １足 保温靴下【※SCB】[rn]
29-15023,http://tshop.r10s.jp/tsuruha/cabinet/shouhin33/4906156600759_4set.jpg?fitin=700:700,4224.0000,,インナー・下着・ナイトウエア > レディース靴下・レッグウエア > レディース靴下 > その他,【●】　《セット販売》　ドクターショール　メディキュット　ボディシェイプ　おそとでタイツ　骨盤サポート付き　ブラック・M　(1足)×4個セット　【送料無料】　【smtb-s】　【mdqtawB1001】　【まとめ買い対象】　ツルハドラッグ,,"<!--ボディケア\フットケア\その他-->
<!--バラエティ日用品\衣料・寝具用品\パンスト・タイツ-->

<br><p>メディキュットから新登場した「ボディシェイプシリーズ」。おそとでタイツ骨盤サポート付き（Mサイズ）は、「活動時専用　骨盤サポート設計」を取り入れ、お出かけ中の美脚・骨盤ケアを可能にしました。脚は足首からふくらはぎ、太ももにかけて段階的な着圧で、全体をスッキリひきしめ。さらに活動時専用の骨盤クロステーピングが、骨盤をしっかり支えます。この１枚で下半身スッキリをサポートするタイツです。</p><!--ここから楽天フレーム【配送日数4-5日】-->

<img src=""http://www.rakuten.ne.jp/gold/tsuruha/images/space.gif"" width=""1"" height=""5"" border=""0""><br>
<!--ここまで楽天フレーム-->
<table border=""0"" cellspacing=""0"" cellpadding=""0"" style=""font-size:14px;line-height: 1.5;"" width=""600"">
<TR><TD align=""center"">
<img src=""http://image.rakuten.co.jp/tsuruha/cabinet/banner3/4906156600759.jpg"" border=""0""
alt=""メディキュット　ボディシェイプ　メディキュットから「ボディシェイプ」シリーズ新登場！お出かけ中スッキリ美脚＆骨盤ケア（骨盤サポート付き）"">
</TD></TR></table><br>
<p>リニューアルに伴いパッケージ・内容等予告なく変更する場合がございます。予めご了承ください。</p>
<TABLE class=item-main>
<TBODY>
<TR>
<TD>
<TABLE class=item-table>
<TBODY>
<TR class=a>
<TD class=b></TD>
<TD class=c><BR>
<TABLE class=item>
<TBODY>
<TR>
<TD class=d>名　称</TD>
<TD class=e>《セット販売》ドクターショール　メディキュット　ボディシェイプ　<BR>
おそとでタイツ　骨盤サポート付き　【ブラック・Ｍ】</TD>
</TR>
<TR>
<TD class=d>内容量</TD>
<TD class=e>1足×4個セット</TD>
</TR>
<TR>
<TD class=d>特　徴</TD>
<TD class=e>○メディキュットから新シリーズ「ボディシェイプ」新登場。その新シリーズから、骨盤サポート付きのタイツが登場。メディキュットが従来もっている脚のひきしめ機能と新しく加わった「活動時専用骨盤サポート」機能で、おでかけ中スッキリ美脚＆骨盤ケアで、下半身スッキリ！を提供します。</TD>
</TR>
<TR>
<TD class=d>区　分</TD>
<TD class=e>ソックス/日本製</TD>
</TR>
<TR>
<TD class=d>ご注意</TD>
<TD class=e>◆本品記載の使用法・使用上の注意をよくお読みの上ご使用下さい。</TD>
</TR>
<TR>
<TD class=d>製造販売元</TD>
<TD class=e>レキットベンキーザー・ジャパン株式会社</TD>
</TR>
<TR>
<TD class=d>お問合せ</TD>
<TD class=e>ドクター・ショールフットケア相談室<BR>
TEL：03-5718-3215</TD>
</TR>
<TR>
<TD class=d>広告文責</TD>
<TD class=e>株式会社ツルハeコマース<BR>
カスタマーセンター　0852-53-0680</TD>
</TR>
</TBODY>
</TABLE>
</TD>
</TR>
</TBODY>
</TABLE>
</TD>
</TR>
</TBODY>
</TABLE>
<p>むくみ/メディキュット/着圧/骨盤/骨盤ベルト/骨盤枕/タイツ</p><BR>JANコード：4906156600759<BR><table border=""0"" width=""790"" cellpadding=""0"" cellspacing=""0"">
<!--セールここから-->
<tr valign=""top"">
<td width=""790"" valign=""top"" height=""123"">

<img src=""http://image.rakuten.co.jp/tsuruha/cabinet/sale2/0428tokubai_790120.jpg"" width=""790"" height=""120"" border=""0"" alt=""特売セール"">
</td>
</tr>
<!--セールここまで-->

<!--紫外線対策ここから-->
<tr valign=""top"">
<td width=""790"" valign=""top"" height=""133"">

<img src=""http://image.rakuten.co.jp/tsuruha/cabinet/banner3/uvtaisaku2_790120.jpg"" width=""790"" height=""120"" border=""0"" alt=""早目のUVケアで肌をダメージから守る！　紫外線・UV対策"">
</td>
</tr>
<!--紫外線対策ここまで-->

<!--風邪・ウイルス対策特集ここから-->
<!--tr valign=""top"">
<td width=""790"" valign=""top"" height=""133"">

<img src=""http://image.rakuten.co.jp/tsuruha/cabinet/banner3/kazeuirusu790120.jpg"" width=""790"" height=""120"" border=""0"" alt=""風邪・ウイルス対策特集"">
</td>
</tr-->
<!--風邪・ウイルス対策特集ここまで-->

<!--ヘアレシピここから-->
<!--tr valign=""top"">
<td width=""790"" valign=""top"" height=""133"">

<img src=""http://image.rakuten.co.jp/tsuruha/cabinet/banner3/hair_recipe_2_790130.jpg"" width=""790"" height=""130"" border=""0"" alt=""ヘアレシピ"">
</td>
</tr-->
<!--ヘアレシピここまで-->

<!--セーラームーンここから-->
<!--tr valign=""top"">
<td width=""790"" valign=""top"" height=""133"">

<img src=""http://image.rakuten.co.jp/tsuruha/cabinet/banner3/elis_korabo790120.jpg"" width=""790"" height=""120"" border=""0"" alt=""セーラームーンコラボグッズプレゼントキャンペーン"">
</td>
</tr-->
<!--セーラームーンここまで-->


</table>",【●】　《セット販売》　ドクターショール　メディキュット　ボディシェイプ　おそとでタイツ　骨盤サポート付き　ブラック・M　(1足)&times;4個セット　【送料無料】　【smtb-s】　【mdqtawB1001】　【まとめ買い対象】　ツルハドラッグ：ツルハドラッグ,ドラッグストアスキンケア化粧品ベビー薬健康ツルハツルハドラッグダイエット健康食品サプリハブラシヘアケアエゾエース入浴剤ナップルツルハグループ介護用品医薬品生コラーゲン【●】　《セット販売》　ドクターショール　メディキュット　ボディシェイプ　おそとでタイツ　骨盤サポート付き　ブラック・M　(1足)&times;4個セット　【送料無料】　【smtb-s】　【mdqtawB1001】　【まとめ買い対象】　ツルハドラッグ,【●】　《セット販売》　ドクターショール　メディキュット　ボディシェイプ　おそとでタイツ　骨盤サポート付き　ブラック・M　(1足)&times;4個セット　【送料無料】　【smtb-s】　【mdqtawB1001】　【まとめ買い対象】　ツルハドラッグ[rn]
29-15024,http://tshop.r10s.jp/tsuruha/cabinet/shouhin33/4906156600766_4set.jpg?fitin=700:700,4224.0000,,インナー・下着・ナイトウエア > レディース靴下・レッグウエア > レディース靴下 > その他,【●】　《セット販売》　ドクターショール　メディキュット　ボディシェイプ　おそとでタイツ　骨盤サポート付き　ブラック・L　(1足)×4個セット　【送料無料】　【smtb-s】　【mdqtawB1002】　【まとめ買い対象】　ツルハドラッグ,,"<!--バラエティ日用品\衣料・寝具用品\パンスト・タイツ-->

<br><p>メディキュットから新登場した「ボディシェイプシリーズ」。おそとでタイツ骨盤サポート付き（Lサイズ）は、「活動時専用　骨盤サポート設計」を取り入れ、お出かけ中の美脚・骨盤ケアを可能にしました。脚は足首からふくらはぎ、太ももにかけて段階的な着圧で、全体をスッキリひきしめ。さらに活動時専用の骨盤クロステーピングが、骨盤をしっかり支えます。この１枚で下半身スッキリをサポートするタイツです。</p><!--ここから楽天フレーム【配送日数4-5日】-->

<img src=""http://www.rakuten.ne.jp/gold/tsuruha/images/space.gif"" width=""1"" height=""5"" border=""0""><br>
<!--ここまで楽天フレーム-->
<table border=""0"" cellspacing=""0"" cellpadding=""0"" style=""font-size:14px;line-height: 1.5;"" width=""600"">
<TR><TD align=""center"">
<img src=""http://image.rakuten.co.jp/tsuruha/cabinet/banner3/4906156600766.jpg"" border=""0""
alt=""メディキュット　ボディシェイプ　メディキュットから「ボディシェイプ」シリーズ新登場！お出かけ中スッキリ美脚＆骨盤ケア（骨盤サポート付き）"">
</TD></TR></table><br>
<p>リニューアルに伴いパッケージ・内容等予告なく変更する場合がございます。予めご了承ください。</p>
<TABLE class=item-main>
<TBODY>
<TR>
<TD>
<TABLE class=item-table>
<TBODY>
<TR class=a>
<TD class=b></TD>
<TD class=c><BR>
<TABLE class=item>
<TBODY>
<TR>
<TD class=d>名　称</TD>
<TD class=e>《セット販売》ドクターショール　メディキュット　ボディシェイプ　<BR>
おそとでタイツ　骨盤サポート付き　【ブラック・L】</TD>
</TR>
<TR>
<TD class=d>内容量</TD>
<TD class=e>1足×4個セット</TD>
</TR>
<TR>
<TD class=d>特　徴</TD>
<TD class=e>○メディキュットから新シリーズ「ボディシェイプ」新登場。その新シリーズから、骨盤サポート付きのタイツが登場。メディキュットが従来もっている脚のひきしめ機能と新しく加わった「活動時専用骨盤サポート」機能で、おでかけ中スッキリ美脚＆骨盤ケアで、下半身スッキリ！を提供します。</TD>
</TR>
<TR>
<TD class=d>区　分</TD>
<TD class=e>ソックス/日本製</TD>
</TR>
<TR>
<TD class=d>ご注意</TD>
<TD class=e>◆本品記載の使用法・使用上の注意をよくお読みの上ご使用下さい。</TD>
</TR>
<TR>
<TD class=d>製造販売元</TD>
<TD class=e>レキットベンキーザー・ジャパン株式会社</TD>
</TR>
<TR>
<TD class=d>お問合せ</TD>
<TD class=e>ドクター・ショールフットケア相談室<BR>
TEL：03-5718-3215</TD>
</TR>
<TR>
<TD class=d>広告文責</TD>
<TD class=e>株式会社ツルハeコマース<BR>
カスタマーセンター　0852-53-0680</TD>
</TR>
</TBODY>
</TABLE>
</TD>
</TR>
</TBODY>
</TABLE>
</TD>
</TR>
</TBODY>
</TABLE>
<p>むくみ/メディキュット/着圧/骨盤/骨盤ベルト/骨盤枕/タイツ</p><BR>JANコード：4906156600766<BR><table border=""0"" width=""790"" cellpadding=""0"" cellspacing=""0"">
<!--セールここから-->
<tr valign=""top"">
<td width=""790"" valign=""top"" height=""123"">

<img src=""http://image.rakuten.co.jp/tsuruha/cabinet/sale2/0428tokubai_790120.jpg"" width=""790"" height=""120"" border=""0"" alt=""特売セール"">
</td>
</tr>
<!--セールここまで-->

<!--紫外線対策ここから-->
<tr valign=""top"">
<td width=""790"" valign=""top"" height=""133"">

<img src=""http://image.rakuten.co.jp/tsuruha/cabinet/banner3/uvtaisaku2_790120.jpg"" width=""790"" height=""120"" border=""0"" alt=""早目のUVケアで肌をダメージから守る！　紫外線・UV対策"">
</td>
</tr>
<!--紫外線対策ここまで-->

<!--風邪・ウイルス対策特集ここから-->
<!--tr valign=""top"">
<td width=""790"" valign=""top"" height=""133"">

<img src=""http://image.rakuten.co.jp/tsuruha/cabinet/banner3/kazeuirusu790120.jpg"" width=""790"" height=""120"" border=""0"" alt=""風邪・ウイルス対策特集"">
</td>
</tr-->
<!--風邪・ウイルス対策特集ここまで-->

<!--ヘアレシピここから-->
<!--tr valign=""top"">
<td width=""790"" valign=""top"" height=""133"">

<img src=""http://image.rakuten.co.jp/tsuruha/cabinet/banner3/hair_recipe_2_790130.jpg"" width=""790"" height=""130"" border=""0"" alt=""ヘアレシピ"">
</td>
</tr-->
<!--ヘアレシピここまで-->

<!--セーラームーンここから-->
<!--tr valign=""top"">
<td width=""790"" valign=""top"" height=""133"">

<img src=""http://image.rakuten.co.jp/tsuruha/cabinet/banner3/elis_korabo790120.jpg"" width=""790"" height=""120"" border=""0"" alt=""セーラームーンコラボグッズプレゼントキャンペーン"">
</td>
</tr-->
<!--セーラームーンここまで-->


</table>",【●】　《セット販売》　ドクターショール　メディキュット　ボディシェイプ　おそとでタイツ　骨盤サポート付き　ブラック・L　(1足)&times;4個セット　【送料無料】　【smtb-s】　【mdqtawB1002】　【まとめ買い対象】　ツルハドラッグ：ツルハドラッグ,ドラッグストアスキンケア化粧品ベビー薬健康ツルハツルハドラッグダイエット健康食品サプリハブラシヘアケアエゾエース入浴剤ナップルツルハグループ介護用品医薬品生コラーゲン【●】　《セット販売》　ドクターショール　メディキュット　ボディシェイプ　おそとでタイツ　骨盤サポート付き　ブラック・L　(1足)&times;4個セット　【送料無料】　【smtb-s】　【mdqtawB1002】　【まとめ買い対象】　ツルハドラッグ,【●】　《セット販売》　ドクターショール　メディキュット　ボディシェイプ　おそとでタイツ　骨盤サポート付き　ブラック・L　(1足)&times;4個セット　【送料無料】　【smtb-s】　【mdqtawB1002】　【まとめ買い対象】　ツルハドラッグ[rn]
29-15025,http://tshop.r10s.jp/tsuruha/cabinet/shouhin18/4902522668705.jpg?fitin=700:700,1710.4000,,インナー・下着・ナイトウエア > レディース靴下・レッグウエア > レディース靴下 > その他,ピップ　スリムウォーク　くつろぎ時間の　足指セラピー　ショートタイプ　オールシーズン　マーブルピンク　M～Lサイズ　(1足)　ツルハドラッグ,,"<p>リニューアルに伴いパッケージ・内容等予告なく変更する場合がございます。予めご了承ください。</p>
<TABLE class=item-main>
<TBODY>
<TR>
<TD>
<TABLE class=item-table>
<TBODY>
<TR class=a>
<TD class=b></TD>
<TD class=c><BR>
<TABLE class=item>
<TBODY>
<TR>
<TD class=d>名　称</TD>
<TD class=e>くつろぎ時間のスリムウォーク　足指セラピー　ショートタイプ　オールシーズン　マーブルピンク<br>Ｍ～Ｌ</TD>
</TR>
<TR>
<TD class=d>内容量</TD>
<TD class=e>1足</TD>
</TR>
<TR>
<TD class=d>サイズ</TD>
<TD class=e>足サイズ：23～25cm</TD>
</TR>
<TR>
<TD class=d>特　徴</TD>
<TD class=e>◆パンプスの中で縮こまった指をグイーンと広げて気持ちいい！ <BR>
<BR>
◆オールシーズン快適。（通気性がいい鹿の子メッシュ編み）<BR>
<BR>
◆指の間もさわやか。[足指かいほ～クッション]（トリプル機能：消臭+抗菌防臭+抗カビ）<BR>
<BR>
◆やわらかな肌ざわりでピタッとフィット。[やわピタ設計]（タムヤーンと、ライクラ(R) ソフト ファイバー使用）<BR>
<BR>
◆お疲れパンパン足の甲も速攻スッキリ。[ギュギュッと設計]</TD>
</TR>
<TR>
<TD class=d>品質表示</TD>
<TD class=e>本体部：ポリエステル、綿、ポリウレタン<BR>足指かいほークッション部：綿、ポリエステル</TD>
</TR>
<TR>
<TD class=d>区　分</TD>
<TD class=e>靴下、フットケア、着圧ソックス/原産国 中国</TD>
</TR>
<TR>
<TD class=d>ご注意</TD>
<TD class=e>◆本品記載の使用法・使用上の注意をよくお読みの上ご使用下さい。</TD>
</TR>
<TR>
<TD class=d>販売元</TD>
<TD class=e>ピップ株式会社<BR>大阪府大阪市中央区農人橋2-1-36</TD>
</TR>
<TR>
<TD class=d>お問合せ</TD>
<TD class=e>お客様相談室 TEL：06-6945-4427</TD>
</TR>
<TR>
<TD class=d>広告文責</TD>
<TD class=e>株式会社ツルハグループマーチャンダイジング<BR>
カスタマーセンター　0852-53-0680</TD>
</TR>
</TBODY>
</TABLE>
</TD>
</TR>
</TBODY>
</TABLE>
</TD>
</TR>
</TBODY>
</TABLE><BR>JANコード：4902522668705<BR><table border=""0"" width=""790"" cellpadding=""0"" cellspacing=""0"">
<!--セールここから-->
<tr valign=""top"">
<td width=""790"" valign=""top"" height=""123"">

<img src=""http://image.rakuten.co.jp/tsuruha/cabinet/sale2/0428tokubai_790120.jpg"" width=""790"" height=""120"" border=""0"" alt=""特売セール"">
</td>
</tr>
<!--セールここまで-->

<!--紫外線対策ここから-->
<tr valign=""top"">
<td width=""790"" valign=""top"" height=""133"">

<img src=""http://image.rakuten.co.jp/tsuruha/cabinet/banner3/uvtaisaku2_790120.jpg"" width=""790"" height=""120"" border=""0"" alt=""早目のUVケアで肌をダメージから守る！　紫外線・UV対策"">
</td>
</tr>
<!--紫外線対策ここまで-->

<!--風邪・ウイルス対策特集ここから-->
<!--tr valign=""top"">
<td width=""790"" valign=""top"" height=""133"">

<img src=""http://image.rakuten.co.jp/tsuruha/cabinet/banner3/kazeuirusu790120.jpg"" width=""790"" height=""120"" border=""0"" alt=""風邪・ウイルス対策特集"">
</td>
</tr-->
<!--風邪・ウイルス対策特集ここまで-->

<!--ヘアレシピここから-->
<!--tr valign=""top"">
<td width=""790"" valign=""top"" height=""133"">

<img src=""http://image.rakuten.co.jp/tsuruha/cabinet/banner3/hair_recipe_2_790130.jpg"" width=""790"" height=""130"" border=""0"" alt=""ヘアレシピ"">
</td>
</tr-->
<!--ヘアレシピここまで-->

<!--セーラームーンここから-->
<!--tr valign=""top"">
<td width=""790"" valign=""top"" height=""133"">

<img src=""http://image.rakuten.co.jp/tsuruha/cabinet/banner3/elis_korabo790120.jpg"" width=""790"" height=""120"" border=""0"" alt=""セーラームーンコラボグッズプレゼントキャンペーン"">
</td>
</tr-->
<!--セーラームーンここまで-->


</table>",ピップ　スリムウォーク　くつろぎ時間の　足指セラピー　ショートタイプ　オールシーズン　マーブルピンク　M～Lサイズ　(1足)　ツルハドラッグ：ツルハドラッグ,ドラッグストアスキンケア化粧品ベビー薬健康ツルハツルハドラッグダイエット健康食品サプリハブラシヘアケアエゾエース入浴剤ナップルツルハグループ介護用品医薬品生コラーゲンピップ　スリムウォーク　くつろぎ時間の　足指セラピー　ショートタイプ　オールシーズン　マーブルピンク　M～Lサイズ　(1足)　ツルハドラッグ,ピップ　スリムウォーク　くつろぎ時間の　足指セラピー　ショートタイプ　オールシーズン　マーブルピンク　M～Lサイズ　(1足)　ツルハドラッグ[rn]
29-15026,http://tshop.r10s.jp/tsuruha/cabinet/shouhin18/4902522668675.jpg?fitin=700:700,2142.4000,,インナー・下着・ナイトウエア > レディース靴下・レッグウエア > レディース靴下 > その他,ピップ　スリムウォーク　くつろぎ時間の　足指セラピー　ロングタイプ　オールシーズン　マーブルピンク　S～Mサイズ　(1足)　ツルハドラッグ,,"<p>リニューアルに伴いパッケージ・内容等予告なく変更する場合がございます。予めご了承ください。</p>
<TABLE class=item-main>
<TBODY>
<TR>
<TD>
<TABLE class=item-table>
<TBODY>
<TR class=a>
<TD class=b></TD>
<TD class=c><BR>
<TABLE class=item>
<TBODY>
<TR>
<TD class=d>名　称</TD>
<TD class=e>くつろぎ時間のスリムウォーク　足指セラピー　ロングタイプ　オールシーズン　Ｓ～Ｍ<BR>
マーブルピンク </TD>
</TR>
<TR>
<TD class=d>内容量</TD>
<TD class=e>1足</TD>
</TR>
<TR>
<TD class=d>サイズ</TD>
<TD class=e>足サイズ：22～24cm<BR>身長：145～160cm</TD>
</TR>
<TR>
<TD class=d>特　徴</TD>
<TD class=e>◆パンプスの中で縮こまった指をグイーンと広げて気持ちいい！ <BR>
<BR>
◆オールシーズン快適。（通気性がいい鹿の子メッシュ編み）<BR>
<BR>
◆指の間もさわやか。[足指かいほ～クッション]（トリプル機能：消臭+抗菌防臭+抗カビ）<BR>
<BR>
◆やわらかな肌ざわりでピタッとフィット。[やわピタ設計]（タムヤーンと、ライクラ(R) ソフト ファイバー使用）<BR>
<BR>
◆お疲れパンパン足の甲も速攻スッキリ。[ギュギュッと設計]</TD>
</TR>
<TR>
<TD class=d>品質表示</TD>
<TD class=e>本体部：ポリエステル、綿、ポリウレタン<BR>足指かいほークッション部：綿、ポリエステル</TD>
</TR>
<TR>
<TD class=d>区　分</TD>
<TD class=e>靴下、フットケア、着圧ソックス/原産国 中国</TD>
</TR>
<TR>
<TD class=d>ご注意</TD>
<TD class=e>◆本品記載の使用法・使用上の注意をよくお読みの上ご使用下さい。</TD>
</TR>
<TR>
<TD class=d>販売元</TD>
<TD class=e>ピップ株式会社<BR>大阪府大阪市中央区農人橋2-1-36</TD>
</TR>
<TR>
<TD class=d>お問合せ</TD>
<TD class=e>お客様相談室 TEL：06-6945-4427</TD>
</TR>
<TR>
<TD class=d>広告文責</TD>
<TD class=e>株式会社ツルハグループマーチャンダイジング<BR>
カスタマーセンター　0852-53-0680</TD>
</TR>
</TBODY>
</TABLE>
</TD>
</TR>
</TBODY>
</TABLE>
</TD>
</TR>
</TBODY>
</TABLE><BR>JANコード：4902522668675<BR><table border=""0"" width=""790"" cellpadding=""0"" cellspacing=""0"">
<!--セールここから-->
<tr valign=""top"">
<td width=""790"" valign=""top"" height=""123"">

<img src=""http://image.rakuten.co.jp/tsuruha/cabinet/sale2/0428tokubai_790120.jpg"" width=""790"" height=""120"" border=""0"" alt=""特売セール"">
</td>
</tr>
<!--セールここまで-->

<!--紫外線対策ここから-->
<tr valign=""top"">
<td width=""790"" valign=""top"" height=""133"">

<img src=""http://image.rakuten.co.jp/tsuruha/cabinet/banner3/uvtaisaku2_790120.jpg"" width=""790"" height=""120"" border=""0"" alt=""早目のUVケアで肌をダメージから守る！　紫外線・UV対策"">
</td>
</tr>
<!--紫外線対策ここまで-->

<!--風邪・ウイルス対策特集ここから-->
<!--tr valign=""top"">
<td width=""790"" valign=""top"" height=""133"">

<img src=""http://image.rakuten.co.jp/tsuruha/cabinet/banner3/kazeuirusu790120.jpg"" width=""790"" height=""120"" border=""0"" alt=""風邪・ウイルス対策特集"">
</td>
</tr-->
<!--風邪・ウイルス対策特集ここまで-->

<!--ヘアレシピここから-->
<!--tr valign=""top"">
<td width=""790"" valign=""top"" height=""133"">

<img src=""http://image.rakuten.co.jp/tsuruha/cabinet/banner3/hair_recipe_2_790130.jpg"" width=""790"" height=""130"" border=""0"" alt=""ヘアレシピ"">
</td>
</tr-->
<!--ヘアレシピここまで-->

<!--セーラームーンここから-->
<!--tr valign=""top"">
<td width=""790"" valign=""top"" height=""133"">

<img src=""http://image.rakuten.co.jp/tsuruha/cabinet/banner3/elis_korabo790120.jpg"" width=""790"" height=""120"" border=""0"" alt=""セーラームーンコラボグッズプレゼントキャンペーン"">
</td>
</tr-->
<!--セーラームーンここまで-->


</table>",ピップ　スリムウォーク　くつろぎ時間の　足指セラピー　ロングタイプ　オールシーズン　マーブルピンク　S～Mサイズ　(1足)　ツルハドラッグ：ツルハドラッグ,ドラッグストアスキンケア化粧品ベビー薬健康ツルハツルハドラッグダイエット健康食品サプリハブラシヘアケアエゾエース入浴剤ナップルツルハグループ介護用品医薬品生コラーゲンピップ　スリムウォーク　くつろぎ時間の　足指セラピー　ロングタイプ　オールシーズン　マーブルピンク　S～Mサイズ　(1足)　ツルハドラッグ,ピップ　スリムウォーク　くつろぎ時間の　足指セラピー　ロングタイプ　オールシーズン　マーブルピンク　S～Mサイズ　(1足)　ツルハドラッグ[rn]
29-15027,http://tshop.r10s.jp/tsuruha/cabinet/shouhin18/4902522668835.jpg?fitin=700:700,1624.0000,,インナー・下着・ナイトウエア > レディース靴下・レッグウエア > レディース靴下 > その他,ピップ　スリムウォーク　骨盤をきっちり支えるショーツ　M　ナチュラルベージュ　(1枚)　ツルハドラッグ,,"<p>リニューアルに伴いパッケージ・内容等予告なく変更する場合がございます。予めご了承ください。</p>
<TABLE class=item-main>
<TBODY>
<TR>
<TD>
<TABLE class=item-table>
<TBODY>
<TR class=a>
<TD class=b></TD>
<TD class=c><BR>
<TABLE class=item>
<TBODY>
<TR>
<TD class=d>名　称</TD>
<TD class=e>スリムウォーク 骨盤をきっちり支えるショーツ　ナチュラルベージュ　M</TD>
</TR>
<TR>
<TD class=d>内容量</TD>
<TD class=e>1枚</TD>
</TR>
<TR>
<TD class=d>サイズ</TD>
<TD class=e>M／ヒップ：87～95cm</TD>
</TR>
<TR>
<TD class=d>色・柄</TD>
<TD class=e>ナチュラルベージュ・無地</TD>
</TR>
<TR>
<TD class=d>特　徴</TD>
<TD class=e>◆1枚ばきタイプ<BR>
<BR>
◆ぽっこりお腹をスッキリ。<BR>
<BR>
◆お腹押さえ設計<BR>
<BR>
◆ヒップ部立体設計<BR>
<BR>
◆いつものショーツを変えるだけ<BR>
<BR>
◆骨盤サポート設計・お腹押さえ設計・ヒップ部立体設計。<BR>
<BR>
◆薄手だからアウターにひびきにくい。<BR>
<BR>
◆マチ部の通気性UP※でムレにくく、快適。※ピップ株式会社従来品比</TD>
</TR>
<TR>
<TD class=d>品質表示</TD>
<TD class=e>ナイロン85％、ポリウレタン15％
</TD>
</TR>
<TR>
<TD class=d>区　分</TD>
<TD class=e>固定健康用具、インナー、矯正下着/原産国 日本</TD>
</TR>
<TR>
<TD class=d>ご注意</TD>
<TD class=e>◆本品記載の使用法・使用上の注意をよくお読みの上ご使用下さい。</TD>
</TR>
<TR>
<TD class=d>販売元</TD>
<TD class=e>ピップ株式会社<BR>大阪府大阪市中央区農人橋2-1-36</TD>
</TR>
<TR>
<TD class=d>お問合せ</TD>
<TD class=e>お客様相談室 TEL：06-6945-4427</TD>
</TR>
<TR>
<TD class=d>広告文責</TD>
<TD class=e>株式会社ツルハグループマーチャンダイジング<BR>
カスタマーセンター　0852-53-0680</TD>
</TR>
</TBODY>
</TABLE>
</TD>
</TR>
</TBODY>
</TABLE>
</TD>
</TR>
</TBODY>
</TABLE><BR>JANコード：4902522668835<BR><table border=""0"" width=""790"" cellpadding=""0"" cellspacing=""0"">
<!--セールここから-->
<tr valign=""top"">
<td width=""790"" valign=""top"" height=""123"">

<img src=""http://image.rakuten.co.jp/tsuruha/cabinet/sale2/0428tokubai_790120.jpg"" width=""790"" height=""120"" border=""0"" alt=""特売セール"">
</td>
</tr>
<!--セールここまで-->

<!--紫外線対策ここから-->
<tr valign=""top"">
<td width=""790"" valign=""top"" height=""133"">

<img src=""http://image.rakuten.co.jp/tsuruha/cabinet/banner3/uvtaisaku2_790120.jpg"" width=""790"" height=""120"" border=""0"" alt=""早目のUVケアで肌をダメージから守る！　紫外線・UV対策"">
</td>
</tr>
<!--紫外線対策ここまで-->

<!--風邪・ウイルス対策特集ここから-->
<!--tr valign=""top"">
<td width=""790"" valign=""top"" height=""133"">

<img src=""http://image.rakuten.co.jp/tsuruha/cabinet/banner3/kazeuirusu790120.jpg"" width=""790"" height=""120"" border=""0"" alt=""風邪・ウイルス対策特集"">
</td>
</tr-->
<!--風邪・ウイルス対策特集ここまで-->

<!--ヘアレシピここから-->
<!--tr valign=""top"">
<td width=""790"" valign=""top"" height=""133"">

<img src=""http://image.rakuten.co.jp/tsuruha/cabinet/banner3/hair_recipe_2_790130.jpg"" width=""790"" height=""130"" border=""0"" alt=""ヘアレシピ"">
</td>
</tr-->
<!--ヘアレシピここまで-->

<!--セーラームーンここから-->
<!--tr valign=""top"">
<td width=""790"" valign=""top"" height=""133"">

<img src=""http://image.rakuten.co.jp/tsuruha/cabinet/banner3/elis_korabo790120.jpg"" width=""790"" height=""120"" border=""0"" alt=""セーラームーンコラボグッズプレゼントキャンペーン"">
</td>
</tr-->
<!--セーラームーンここまで-->


</table>",ピップ　スリムウォーク　骨盤をきっちり支えるショーツ　M　ナチュラルベージュ　(1枚)　ツルハドラッグ：ツルハドラッグ,ドラッグストアスキンケア化粧品ベビー薬健康ツルハツルハドラッグダイエット健康食品サプリハブラシヘアケアエゾエース入浴剤ナップルツルハグループ介護用品医薬品生コラーゲンピップ　スリムウォーク　骨盤をきっちり支えるショーツ　M　ナチュラルベージュ　(1枚)　ツルハドラッグ,ピップ　スリムウォーク　骨盤をきっちり支えるショーツ　M　ナチュラルベージュ　(1枚)　ツルハドラッグ[rn]
29-15028,http://tshop.r10s.jp/tsuruha/cabinet/shouhin33/4906156600742_2set.jpg?fitin=700:700,5248.0000,,インナー・下着・ナイトウエア > レディース靴下・レッグウエア > レディース靴下 > その他,《セット販売》　ドクターショール　メディキュット　ボディシェイプ　寝ながらスパッツ　骨盤サポート付き　ブラック・L　(1足)×2個セット　【送料無料】　【smtb-s】　【mdqtawA202】　【まとめ買い対象】　ツルハドラッグ,,"<br><p>メディキュットから新登場した「ボディシェイプシリーズ」。寝ながらスパッツ骨盤サポート付き（Lサイズ）は、「寝る時専用　骨盤サポート設計」を取り入れ、寝ている間の美脚・骨盤ケアを可能にしました。脚は足首からふくらはぎ、太ももにかけて段階的な着圧で、全体をスッキリひきしめ。さらに就寝時に必要な骨盤テーピング加工で、横になっている姿勢での骨盤をやさしく支えます。この１枚で下半身スッキリをサポートするスパッツです。</p><!--ここから楽天フレーム【配送日数4-5日】-->

<img src=""http://www.rakuten.ne.jp/gold/tsuruha/images/space.gif"" width=""1"" height=""5"" border=""0""><br>
<!--ここまで楽天フレーム-->
<table border=""0"" cellspacing=""0"" cellpadding=""0"" style=""font-size:14px;line-height: 1.5;"" width=""600"">
<TR><TD align=""center"">
<img src=""http://image.rakuten.co.jp/tsuruha/cabinet/banner3/4906156600742.jpg"" border=""0""
alt=""メディキュット　ボディシェイプ　メディキュットから「ボディシェイプ」シリーズ新登場！寝ながらスッキリ美脚＆骨盤ケア（骨盤サポート付き）"">
</TD></TR></table><br>
<p>リニューアルに伴いパッケージ・内容等予告なく変更する場合がございます。予めご了承ください。</p>
<TABLE class=item-main>
<TBODY>
<TR>
<TD>
<TABLE class=item-table>
<TBODY>
<TR class=a>
<TD class=b></TD>
<TD class=c><BR>
<TABLE class=item>
<TBODY>
<TR>
<TD class=d>名　称</TD>
<TD class=e>《セット販売》ドクターショール　メディキュット　ボディシェイプ　<BR>
寝ながらスパッツ　骨盤サポート付き　【ブラック・L】</TD>
</TR>
<TR>
<TD class=d>内容量</TD>
<TD class=e>1足×2個セット</TD>
</TR>
<TR>
<TD class=d>特　徴</TD>
<TD class=e>○メディキュットから新シリーズ「ボディシェイプ」新登場。その新シリーズから、骨盤サポート付きのスパッツが登場。メディキュットが従来もっている脚のひきしめ機能と新しく加わった「寝るとき専用骨盤サポート」機能で、寝ながらスッキリ美脚＆骨盤ケアで、下半身スッキリ！を提供します。</TD>
</TR>
<TR>
<TD class=d>区　分</TD>
<TD class=e>ソックス/日本製</TD>
</TR>
<TR>
<TD class=d>ご注意</TD>
<TD class=e>◆本品記載の使用法・使用上の注意をよくお読みの上ご使用下さい。</TD>
</TR>
<TR>
<TD class=d>製造販売元</TD>
<TD class=e>レキットベンキーザー・ジャパン株式会社</TD>
</TR>
<TR>
<TD class=d>お問合せ</TD>
<TD class=e>ドクター・ショールフットケア相談室<BR>
TEL：03-5718-3215</TD>
</TR>
<TR>
<TD class=d>広告文責</TD>
<TD class=e>株式会社ツルハeコマース<BR>
カスタマーセンター　0852-53-0680</TD>
</TR>
</TBODY>
</TABLE>
</TD>
</TR>
</TBODY>
</TABLE>
</TD>
</TR>
</TBODY>
</TABLE>
<p>むくみ/メディキュット/着圧/骨盤/骨盤ベルト/骨盤枕/スパッツ</p><BR>JANコード：4906156600742<BR><table border=""0"" width=""790"" cellpadding=""0"" cellspacing=""0"">
<!--セールここから-->
<tr valign=""top"">
<td width=""790"" valign=""top"" height=""123"">

<img src=""http://image.rakuten.co.jp/tsuruha/cabinet/sale2/0428tokubai_790120.jpg"" width=""790"" height=""120"" border=""0"" alt=""特売セール"">
</td>
</tr>
<!--セールここまで-->

<!--紫外線対策ここから-->
<tr valign=""top"">
<td width=""790"" valign=""top"" height=""133"">

<img src=""http://image.rakuten.co.jp/tsuruha/cabinet/banner3/uvtaisaku2_790120.jpg"" width=""790"" height=""120"" border=""0"" alt=""早目のUVケアで肌をダメージから守る！　紫外線・UV対策"">
</td>
</tr>
<!--紫外線対策ここまで-->

<!--風邪・ウイルス対策特集ここから-->
<!--tr valign=""top"">
<td width=""790"" valign=""top"" height=""133"">

<img src=""http://image.rakuten.co.jp/tsuruha/cabinet/banner3/kazeuirusu790120.jpg"" width=""790"" height=""120"" border=""0"" alt=""風邪・ウイルス対策特集"">
</td>
</tr-->
<!--風邪・ウイルス対策特集ここまで-->

<!--ヘアレシピここから-->
<!--tr valign=""top"">
<td width=""790"" valign=""top"" height=""133"">

<img src=""http://image.rakuten.co.jp/tsuruha/cabinet/banner3/hair_recipe_2_790130.jpg"" width=""790"" height=""130"" border=""0"" alt=""ヘアレシピ"">
</td>
</tr-->
<!--ヘアレシピここまで-->

<!--セーラームーンここから-->
<!--tr valign=""top"">
<td width=""790"" valign=""top"" height=""133"">

<img src=""http://image.rakuten.co.jp/tsuruha/cabinet/banner3/elis_korabo790120.jpg"" width=""790"" height=""120"" border=""0"" alt=""セーラームーンコラボグッズプレゼントキャンペーン"">
</td>
</tr-->
<!--セーラームーンここまで-->


</table>",《セット販売》　ドクターショール　メディキュット　ボディシェイプ　寝ながらスパッツ　骨盤サポート付き　ブラック・L　(1足)&times;2個セット　【送料無料】　【smtb-s】　【mdqtawA202】　【まとめ買い対象】　ツルハドラッグ：ツルハドラッグ,ドラッグストアスキンケア化粧品ベビー薬健康ツルハツルハドラッグダイエット健康食品サプリハブラシヘアケアエゾエース入浴剤ナップルツルハグループ介護用品医薬品生コラーゲン《セット販売》　ドクターショール　メディキュット　ボディシェイプ　寝ながらスパッツ　骨盤サポート付き　ブラック・L　(1足)&times;2個セット　【送料無料】　【smtb-s】　【mdqtawA202】　【まとめ買い対象】　ツルハドラッグ,《セット販売》　ドクターショール　メディキュット　ボディシェイプ　寝ながらスパッツ　骨盤サポート付き　ブラック・L　(1足)&times;2個セット　【送料無料】　【smtb-s】　【mdqtawA202】　【まとめ買い対象】　ツルハドラッグ[rn]
29-15029,http://tshop.r10s.jp/tsuruha/cabinet/shouhin35/4906156600742.jpg?fitin=700:700,2443.2000,,インナー・下着・ナイトウエア > レディース靴下・レッグウエア > レディース靴下 > その他,ドクターショール　メディキュット　ボディシェイプ　寝ながらスパッツ　骨盤サポート付き　ブラック・L　【送料無料】　【smtb-s】　【mdqtawA202】　【まとめ買い対象】　ツルハドラッグ,,"<!--ボディケア\フットケア\その他　ダイエット\シェイプアップウェア-->
<br><p>メディキュットから新登場した「ボディシェイプシリーズ」。寝ながらスパッツ骨盤サポート付き（Lサイズ）は、「寝る時専用　骨盤サポート設計」を取り入れ、寝ている間の美脚・骨盤ケアを可能にしました。脚は足首からふくらはぎ、太ももにかけて段階的な着圧で、全体をスッキリひきしめ。さらに就寝時に必要な骨盤テーピング加工で、横になっている姿勢での骨盤をやさしく支えます。この１枚で下半身スッキリをサポートするスパッツです。</p><table border=""0"" cellspacing=""0"" cellpadding=""0"" style=""font-size:14px;line-height: 1.5;"" width=""600"">
<TR><TD align=""center"">
<img src=""http://image.rakuten.co.jp/tsuruha/cabinet/banner3/4906156600742.jpg"" border=""0""
alt=""メディキュット　ボディシェイプ　メディキュットから「ボディシェイプ」シリーズ新登場！寝ながらスッキリ美脚＆骨盤ケア（骨盤サポート付き）"">
</TD></TR></table><br>
<p>リニューアルに伴いパッケージ・内容等予告なく変更する場合がございます。予めご了承ください。</p>
<TABLE class=item-main>
<TBODY>
<TR>
<TD>
<TABLE class=item-table>
<TBODY>
<TR class=a>
<TD class=b></TD>
<TD class=c><BR>
<TABLE class=item>
<TBODY>
<TR>
<TD class=d>名　称</TD>
<TD class=e>ドクターショール　メディキュット　ボディシェイプ　<BR>
寝ながらスパッツ　骨盤サポート付き　【ブラック・L】</TD>
</TR>
<TR>
<TD class=d>内容量</TD>
<TD class=e>1足</TD>
</TR>
<TR>
<TD class=d>特　徴</TD>
<TD class=e>○メディキュットから新シリーズ「ボディシェイプ」新登場。その新シリーズから、骨盤サポート付きのスパッツが登場。メディキュットが従来もっている脚のひきしめ機能と新しく加わった「寝るとき専用骨盤サポート」機能で、寝ながらスッキリ美脚＆骨盤ケアで、下半身スッキリ！を提供します。</TD>
</TR>
<TR>
<TD class=d>区　分</TD>
<TD class=e>ソックス/日本製</TD>
</TR>
<TR>
<TD class=d>ご注意</TD>
<TD class=e>◆本品記載の使用法・使用上の注意をよくお読みの上ご使用下さい。</TD>
</TR>
<TR>
<TD class=d>製造販売元</TD>
<TD class=e>レキットベンキーザー・ジャパン株式会社</TD>
</TR>
<TR>
<TD class=d>お問合せ</TD>
<TD class=e>ドクター・ショールフットケア相談室<BR>
TEL：03-5718-3215</TD>
</TR>
<TR>
<TD class=d>広告文責</TD>
<TD class=e>株式会社ツルハグループマーチャンダイジング<BR>
カスタマーセンター　0852-53-0680</TD>
</TR>
</TBODY>
</TABLE>
</TD>
</TR>
</TBODY>
</TABLE>
</TD>
</TR>
</TBODY>
</TABLE>
<p>むくみ/メディキュット/着圧/骨盤/骨盤ベルト/骨盤枕/スパッツ</p><BR>JANコード：4906156600742<BR><table border=""0"" width=""790"" cellpadding=""0"" cellspacing=""0"">
<!--セールここから-->
<tr valign=""top"">
<td width=""790"" valign=""top"" height=""123"">

<img src=""http://image.rakuten.co.jp/tsuruha/cabinet/sale2/0428tokubai_790120.jpg"" width=""790"" height=""120"" border=""0"" alt=""特売セール"">
</td>
</tr>
<!--セールここまで-->

<!--紫外線対策ここから-->
<tr valign=""top"">
<td width=""790"" valign=""top"" height=""133"">

<img src=""http://image.rakuten.co.jp/tsuruha/cabinet/banner3/uvtaisaku2_790120.jpg"" width=""790"" height=""120"" border=""0"" alt=""早目のUVケアで肌をダメージから守る！　紫外線・UV対策"">
</td>
</tr>
<!--紫外線対策ここまで-->

<!--風邪・ウイルス対策特集ここから-->
<!--tr valign=""top"">
<td width=""790"" valign=""top"" height=""133"">

<img src=""http://image.rakuten.co.jp/tsuruha/cabinet/banner3/kazeuirusu790120.jpg"" width=""790"" height=""120"" border=""0"" alt=""風邪・ウイルス対策特集"">
</td>
</tr-->
<!--風邪・ウイルス対策特集ここまで-->

<!--ヘアレシピここから-->
<!--tr valign=""top"">
<td width=""790"" valign=""top"" height=""133"">

<img src=""http://image.rakuten.co.jp/tsuruha/cabinet/banner3/hair_recipe_2_790130.jpg"" width=""790"" height=""130"" border=""0"" alt=""ヘアレシピ"">
</td>
</tr-->
<!--ヘアレシピここまで-->

<!--セーラームーンここから-->
<!--tr valign=""top"">
<td width=""790"" valign=""top"" height=""133"">

<img src=""http://image.rakuten.co.jp/tsuruha/cabinet/banner3/elis_korabo790120.jpg"" width=""790"" height=""120"" border=""0"" alt=""セーラームーンコラボグッズプレゼントキャンペーン"">
</td>
</tr-->
<!--セーラームーンここまで-->


</table>",ドクターショール　メディキュット　ボディシェイプ　寝ながらスパッツ　骨盤サポート付き　ブラック・L　【送料無料】　【smtb-s】　【mdqtawA202】　【まとめ買い対象】　ツルハドラッグ：ツルハドラッグ,ドラッグストアスキンケア化粧品ベビー薬健康ツルハツルハドラッグダイエット健康食品サプリハブラシヘアケアエゾエース入浴剤ナップルツルハグループ介護用品医薬品生コラーゲンドクターショール　メディキュット　ボディシェイプ　寝ながらスパッツ　骨盤サポート付き　ブラック・L　【送料無料】　【smtb-s】　【mdqtawA202】　【まとめ買い対象】　ツルハドラッグ,ドクターショール　メディキュット　ボディシェイプ　寝ながらスパッツ　骨盤サポート付き　ブラック・L　【送料無料】　【smtb-s】　【mdqtawA202】　【まとめ買い対象】　ツルハドラッグ[rn]
29-15030,http://tshop.r10s.jp/kusurinofukutaro/cabinet/shouhin33/4906156600742_2set.jpg?fitin=700:700,5248.0000,,インナー・下着・ナイトウエア > レディース靴下・レッグウエア > レディース靴下 > その他,《セット販売》　ドクターショール　メディキュット　ボディシェイプ　寝ながらスパッツ　骨盤サポート付き　ブラック・L　(1足)×2個セット　【送料無料】　【smtb-s】　【mdqtawA202】　【まとめ買い対象】　くすりの福太郎,,"<br><p>メディキュットから新登場した「ボディシェイプシリーズ」。寝ながらスパッツ骨盤サポート付き（Lサイズ）は、「寝る時専用　骨盤サポート設計」を取り入れ、寝ている間の美脚・骨盤ケアを可能にしました。脚は足首からふくらはぎ、太ももにかけて段階的な着圧で、全体をスッキリひきしめ。さらに就寝時に必要な骨盤テーピング加工で、横になっている姿勢での骨盤をやさしく支えます。この１枚で下半身スッキリをサポートするスパッツです。</p><!--ここから楽天フレーム【配送日数4-5日】-->

<img src=""http://www.rakuten.ne.jp/gold/kusurinofukutaro/images/space.gif"" width=""1"" height=""5"" border=""0""><br>
<!--ここまで楽天フレーム-->
<table border=""0"" cellspacing=""0"" cellpadding=""0"" style=""font-size:14px;line-height: 1.5;"" width=""600"">
<TR><TD align=""center"">
<img src=""http://image.rakuten.co.jp/kusurinofukutaro/cabinet/banner3/4906156600742.jpg"" border=""0""
alt=""メディキュット　ボディシェイプ　メディキュットから「ボディシェイプ」シリーズ新登場！寝ながらスッキリ美脚＆骨盤ケア（骨盤サポート付き）"">
</TD></TR></table><br>
<p>リニューアルに伴いパッケージ・内容等予告なく変更する場合がございます。予めご了承ください。</p>
<TABLE class=item-main>
<TBODY>
<TR>
<TD>
<TABLE class=item-table>
<TBODY>
<TR class=a>
<TD class=b></TD>
<TD class=c><BR>
<TABLE class=item>
<TBODY>
<TR>
<TD class=d>名　称</TD>
<TD class=e>《セット販売》ドクターショール　メディキュット　ボディシェイプ　<BR>
寝ながらスパッツ　骨盤サポート付き　【ブラック・L】</TD>
</TR>
<TR>
<TD class=d>内容量</TD>
<TD class=e>1足×2個セット</TD>
</TR>
<TR>
<TD class=d>特　徴</TD>
<TD class=e>○メディキュットから新シリーズ「ボディシェイプ」新登場。その新シリーズから、骨盤サポート付きのスパッツが登場。メディキュットが従来もっている脚のひきしめ機能と新しく加わった「寝るとき専用骨盤サポート」機能で、寝ながらスッキリ美脚＆骨盤ケアで、下半身スッキリ！を提供します。</TD>
</TR>
<TR>
<TD class=d>区　分</TD>
<TD class=e>ソックス/日本製</TD>
</TR>
<TR>
<TD class=d>ご注意</TD>
<TD class=e>◆本品記載の使用法・使用上の注意をよくお読みの上ご使用下さい。</TD>
</TR>
<TR>
<TD class=d>製造販売元</TD>
<TD class=e>レキットベンキーザー・ジャパン株式会社</TD>
</TR>
<TR>
<TD class=d>お問合せ</TD>
<TD class=e>ドクター・ショールフットケア相談室<BR>
TEL：03-5718-3215</TD>
</TR>
<TR>
<TD class=d>広告文責</TD>
<TD class=e>株式会社ツルハeコマース<BR>
カスタマーセンター　0852-53-0680</TD>
</TR>
</TBODY>
</TABLE>
</TD>
</TR>
</TBODY>
</TABLE>
</TD>
</TR>
</TBODY>
</TABLE>
<p>むくみ/メディキュット/着圧/骨盤/骨盤ベルト/骨盤枕/スパッツ</p><BR>JANコード：4906156600742<BR><table border=""0"" width=""790"" cellpadding=""0"" cellspacing=""0"">
<!--セールここから-->
<tr valign=""top"">
<td width=""790"" valign=""top"" height=""123"">

<img src=""http://image.rakuten.co.jp/kusurinofukutaro/cabinet/sale2/0428tokubai_790120.jpg"" width=""790"" height=""120"" border=""0"" alt=""特売セール"">
</td>
</tr>
<!--セールここまで-->

<!--紫外線対策ここから-->
<tr valign=""top"">
<td width=""790"" valign=""top"" height=""133"">

<img src=""http://image.rakuten.co.jp/kusurinofukutaro/cabinet/banner3/uvtaisaku2_790120.jpg"" width=""790"" height=""120"" border=""0"" alt=""早目のUVケアで肌をダメージから守る！　紫外線・UV対策"">
</td>
</tr>
<!--紫外線対策ここまで-->

<!--風邪特集　ウイルス対策ここから-->
<!--tr valign=""top"">
<td width=""790"" valign=""top"" height=""133"">

<img src=""http://image.rakuten.co.jp/kusurinofukutaro/cabinet/banner3/kazeuirusu790120.jpg"" width=""790"" height=""120"" border=""0"" alt=""風邪特集　ウイルス対策"">
</td>
</tr-->
<!--風邪特集　ウイルス対策ここまで-->

<!--ヘアレシピここから-->
<!--tr valign=""top"">
<td width=""790"" valign=""top"" height=""133"">

<img src=""http://image.rakuten.co.jp/kusurinofukutaro/cabinet/banner3/hair_recipe_2_790130.jpg"" width=""790"" height=""130"" border=""0"" alt=""ヘアレシピ"">
</td>
</tr-->
<!--ヘアレシピここまで-->

<!--セーラームーンここから-->
<!--tr valign=""top"">
<td width=""790"" valign=""top"" height=""133"">

<img src=""http://image.rakuten.co.jp/kusurinofukutaro/cabinet/banner3/elis_korabo790120.jpg"" width=""790"" height=""120"" border=""0"" alt=""セーラームーンコラボグッズプレゼントキャンペーン"">
</td>
</tr-->
<!--セーラームーンここまで-->



<!--カツジンここから-->
<!--tr valign=""top"">
<td width=""790"">

<img src=""http://image.rakuten.co.jp/kusurinofukutaro/cabinet/banner3/katsujin790120.jpg"" width=""790"" height=""120"" border=""0"" alt=""肉体疲労に、『活蔘（カツジン）』"">
</td>
</tr-->
<!--カツジンここまで-->

</table>",《セット販売》　ドクターショール　メディキュット　ボディシェイプ　寝ながらスパッツ　骨盤サポート付き　ブラック・L　(1足)&times;2個セット　【送料無料】　【smtb-s】　【mdqtawA202】　【まとめ買い対象】　くすりの福太郎：くすりの福太郎　楽天市場店,ドラッグストア化粧品ベビー薬健康くすりの福太郎ノンシリコンダイエット健康食品健康グッズハブラシヘアケアサプリメント入浴剤ナップルツルハグループダイエット器具医薬品生コラーゲンラヴィラヴィータ《セット販売》　ドクターショール　メディキュット　ボディシェイプ　寝ながらスパッツ　骨盤サポート付き　ブラック・L　(1足)&times;2個セット　【送料無料】　【smtb-s】　【mdqtawA202】　【まとめ買い対象】　くすりの福太郎,《セット販売》　ドクターショール　メディキュット　ボディシェイプ　寝ながらスパッツ　骨盤サポート付き　ブラック・L　(1足)&times;2個セット　【送料無料】　【smtb-s】　【mdqtawA202】　【まとめ買い対象】　くすりの福太郎[rn]
29-15031,http://tshop.r10s.jp/wellness-web/cabinet/bodyhoka01/4902522668705.jpg?fitin=700:700,1710.4000,,インナー・下着・ナイトウエア > レディース靴下・レッグウエア > レディース靴下 > その他,ピップ　スリムウォーク　くつろぎ時間の　足指セラピー　ショートタイプ　オールシーズン　マーブルピンク　M～Lサイズ　(1足)　ウェルネス,,"　<p>リニューアルに伴いパッケージ・内容等予告なく変更する場合がございます。予めご了承ください。</p>
<TABLE class=item-main>
<TBODY>
<TR>
<TD>
<TABLE class=item-table>
<TBODY>
<TR class=a>
<TD class=b></TD>
<TD class=c><BR>
<TABLE class=item>
<TBODY>
<TR>
<TD class=d>名　称</TD>
<TD class=e>くつろぎ時間のスリムウォーク　足指セラピー　ショートタイプ　オールシーズン　マーブルピンク<br>Ｍ～Ｌ</TD>
</TR>
<TR>
<TD class=d>内容量</TD>
<TD class=e>1足</TD>
</TR>
<TR>
<TD class=d>サイズ</TD>
<TD class=e>足サイズ：23～25cm</TD>
</TR>
<TR>
<TD class=d>特　徴</TD>
<TD class=e>◆パンプスの中で縮こまった指をグイーンと広げて気持ちいい！ <BR>
<BR>
◆オールシーズン快適。（通気性がいい鹿の子メッシュ編み）<BR>
<BR>
◆指の間もさわやか。[足指かいほ～クッション]（トリプル機能：消臭+抗菌防臭+抗カビ）<BR>
<BR>
◆やわらかな肌ざわりでピタッとフィット。[やわピタ設計]（タムヤーンと、ライクラ(R) ソフト ファイバー使用）<BR>
<BR>
◆お疲れパンパン足の甲も速攻スッキリ。[ギュギュッと設計]</TD>
</TR>
<TR>
<TD class=d>品質表示</TD>
<TD class=e>本体部：ポリエステル、綿、ポリウレタン<BR>足指かいほークッション部：綿、ポリエステル</TD>
</TR>
<TR>
<TD class=d>区　分</TD>
<TD class=e>靴下、フットケア、着圧ソックス/原産国 中国</TD>
</TR>
<TR>
<TD class=d>ご注意</TD>
<TD class=e>◆本品記載の使用法・使用上の注意をよくお読みの上ご使用下さい。</TD>
</TR>
<TR>
<TD class=d>販売元</TD>
<TD class=e>ピップ株式会社<BR>大阪府大阪市中央区農人橋2-1-36</TD>
</TR>
<TR>
<TD class=d>お問合せ</TD>
<TD class=e>お客様相談室 TEL：06-6945-4427</TD>
</TR>
<TR>
<TD class=d>広告文責</TD>
<TD class=e>株式会社ツルハグループマーチャンダイジング<BR>
カスタマーセンター　0852-53-0680</TD>
</TR>
</TBODY>
</TABLE>
</TD>
</TR>
</TBODY>
</TABLE>
</TD>
</TR>
</TBODY>
</TABLE><BR>JANコード：4902522668705<BR><table border=""0"" width=""790"" cellpadding=""0"" cellspacing=""0"">
<!--セールここから-->
<tr valign=""top"">
<td width=""790"" valign=""top"" height=""123"">

<img src=""http://image.rakuten.co.jp/wellness-web/cabinet/sale2/0428tokubai_790120.jpg"" width=""790"" height=""120"" border=""0"" alt=""特売セール"">
</td>
</tr>
<!--セールここまで-->

<!--メッツコーラここから-->
<!--tr valign=""top"">
<td width=""790"" valign=""top"" height=""153"">

<img src=""http://image.rakuten.co.jp/wellness-web/cabinet/sale/metscola790150_2.jpg"" width=""790"" height=""150"" border=""0"" alt=""メッツコーラ"">
</td>
</tr-->
<!--メッツコーラここまで-->


<!--スピルリナここから-->
<tr valign=""top"">
<td width=""790"" valign=""top"" height=""133"">

<img src=""http://image.rakuten.co.jp/wellness-web/cabinet/banner2/spirulina_790130.jpg"" width=""790"" height=""130"" border=""0"" alt=""ザ　スピルリナEX50種類以上の健康・栄養成分をマルチにき含有するDICスピルリナに、 乳酸菌、海洋性コラーゲン、ビタミン10種類を強化！"">
</td>
</tr>
<!--スピルリナここまで-->

<!--ヘアレシピここから-->
<!--tr valign=""top"">
<td width=""790"" valign=""top"" height=""133"">

<img src=""http://image.rakuten.co.jp/wellness-web/cabinet/banner3/hair_recipe_2_790130.jpg"" width=""790"" height=""130"" border=""0"" alt=""ヘアレシピ"">
</td>
</tr-->
<!--ヘアレシピここまで-->

<!--セーラームーンここから-->
<!--tr valign=""top"">
<td width=""790"" valign=""top"" height=""133"">

<img src=""http://image.rakuten.co.jp/wellness-web/cabinet/banner3/elis_korabo790120.jpg"" width=""790"" height=""120"" border=""0"" alt=""セーラームーンコラボグッズプレゼントキャンペーン"">
</td>
</tr-->
<!--セーラームーンここまで-->

<!--正官庄ここから-->
<!--tr valign=""top"">
<td width=""790"" valign=""top"" height=""123"">

<img src=""http://image.rakuten.co.jp/wellness-web/cabinet/banner2/seikanshou_790120.jpg"" width=""790"" height=""120"" border=""0"" alt=""滋養強壮、虚弱体質、冷え症、風邪の予防には『正官庄（せいかんしょう）』"">
</td>
</tr-->
<!--正官庄ここまで-->

<!--カツジンここから-->
<!--tr valign=""top"">
<td width=""790"">

<img src=""http://image.rakuten.co.jp/wellness-web/cabinet/banner3/katsujin790120.jpg"" width=""790"" height=""120"" border=""0"" alt=""肉体疲労に、『活蔘（カツジン）』"">
</td>
</tr-->
<!--カツジンここまで-->

</table>",ピップ　スリムウォーク　くつろぎ時間の　足指セラピー　ショートタイプ　オールシーズン　マーブルピンク　M～Lサイズ　(1足)　ウェルネス：ドラッグストアウェルネス,スキンケアドラッグストア化粧品ベビー薬健康ウェルネスwellnessダイエット商品健康食品健康グッズハブラシヘアケアスピルリナ入浴剤ナップルツルハグループダイエット医薬品生コラーゲンピップ　スリムウォーク　くつろぎ時間の　足指セラピー　ショートタイプ　オールシーズン　マーブルピンク　M～Lサイズ　(1足)　ウェルネス,ピップ　スリムウォーク　くつろぎ時間の　足指セラピー　ショートタイプ　オールシーズン　マーブルピンク　M～Lサイズ　(1足)　ウェルネス[rn]
29-15032,http://tshop.r10s.jp/wellness-web/cabinet/bodyhoka01/4902522668675.jpg?fitin=700:700,2142.4000,,インナー・下着・ナイトウエア > レディース靴下・レッグウエア > レディース靴下 > その他,ピップ　スリムウォーク　くつろぎ時間の　足指セラピー　ロングタイプ　オールシーズン　マーブルピンク　S～Mサイズ　(1足)　ウェルネス,,"　<p>リニューアルに伴いパッケージ・内容等予告なく変更する場合がございます。予めご了承ください。</p>
<TABLE class=item-main>
<TBODY>
<TR>
<TD>
<TABLE class=item-table>
<TBODY>
<TR class=a>
<TD class=b></TD>
<TD class=c><BR>
<TABLE class=item>
<TBODY>
<TR>
<TD class=d>名　称</TD>
<TD class=e>くつろぎ時間のスリムウォーク　足指セラピー　ロングタイプ　オールシーズン　Ｓ～Ｍ<BR>
マーブルピンク </TD>
</TR>
<TR>
<TD class=d>内容量</TD>
<TD class=e>1足</TD>
</TR>
<TR>
<TD class=d>サイズ</TD>
<TD class=e>足サイズ：22～24cm<BR>身長：145～160cm</TD>
</TR>
<TR>
<TD class=d>特　徴</TD>
<TD class=e>◆パンプスの中で縮こまった指をグイーンと広げて気持ちいい！ <BR>
<BR>
◆オールシーズン快適。（通気性がいい鹿の子メッシュ編み）<BR>
<BR>
◆指の間もさわやか。[足指かいほ～クッション]（トリプル機能：消臭+抗菌防臭+抗カビ）<BR>
<BR>
◆やわらかな肌ざわりでピタッとフィット。[やわピタ設計]（タムヤーンと、ライクラ(R) ソフト ファイバー使用）<BR>
<BR>
◆お疲れパンパン足の甲も速攻スッキリ。[ギュギュッと設計]</TD>
</TR>
<TR>
<TD class=d>品質表示</TD>
<TD class=e>本体部：ポリエステル、綿、ポリウレタン<BR>足指かいほークッション部：綿、ポリエステル</TD>
</TR>
<TR>
<TD class=d>区　分</TD>
<TD class=e>靴下、フットケア、着圧ソックス/原産国 中国</TD>
</TR>
<TR>
<TD class=d>ご注意</TD>
<TD class=e>◆本品記載の使用法・使用上の注意をよくお読みの上ご使用下さい。</TD>
</TR>
<TR>
<TD class=d>販売元</TD>
<TD class=e>ピップ株式会社<BR>大阪府大阪市中央区農人橋2-1-36</TD>
</TR>
<TR>
<TD class=d>お問合せ</TD>
<TD class=e>お客様相談室 TEL：06-6945-4427</TD>
</TR>
<TR>
<TD class=d>広告文責</TD>
<TD class=e>株式会社ツルハグループマーチャンダイジング<BR>
カスタマーセンター　0852-53-0680</TD>
</TR>
</TBODY>
</TABLE>
</TD>
</TR>
</TBODY>
</TABLE>
</TD>
</TR>
</TBODY>
</TABLE><BR>JANコード：4902522668675<BR><table border=""0"" width=""790"" cellpadding=""0"" cellspacing=""0"">
<!--セールここから-->
<tr valign=""top"">
<td width=""790"" valign=""top"" height=""123"">

<img src=""http://image.rakuten.co.jp/wellness-web/cabinet/sale2/0428tokubai_790120.jpg"" width=""790"" height=""120"" border=""0"" alt=""特売セール"">
</td>
</tr>
<!--セールここまで-->

<!--メッツコーラここから-->
<!--tr valign=""top"">
<td width=""790"" valign=""top"" height=""153"">

<img src=""http://image.rakuten.co.jp/wellness-web/cabinet/sale/metscola790150_2.jpg"" width=""790"" height=""150"" border=""0"" alt=""メッツコーラ"">
</td>
</tr-->
<!--メッツコーラここまで-->


<!--スピルリナここから-->
<tr valign=""top"">
<td width=""790"" valign=""top"" height=""133"">

<img src=""http://image.rakuten.co.jp/wellness-web/cabinet/banner2/spirulina_790130.jpg"" width=""790"" height=""130"" border=""0"" alt=""ザ　スピルリナEX50種類以上の健康・栄養成分をマルチにき含有するDICスピルリナに、 乳酸菌、海洋性コラーゲン、ビタミン10種類を強化！"">
</td>
</tr>
<!--スピルリナここまで-->

<!--ヘアレシピここから-->
<!--tr valign=""top"">
<td width=""790"" valign=""top"" height=""133"">

<img src=""http://image.rakuten.co.jp/wellness-web/cabinet/banner3/hair_recipe_2_790130.jpg"" width=""790"" height=""130"" border=""0"" alt=""ヘアレシピ"">
</td>
</tr-->
<!--ヘアレシピここまで-->

<!--セーラームーンここから-->
<!--tr valign=""top"">
<td width=""790"" valign=""top"" height=""133"">

<img src=""http://image.rakuten.co.jp/wellness-web/cabinet/banner3/elis_korabo790120.jpg"" width=""790"" height=""120"" border=""0"" alt=""セーラームーンコラボグッズプレゼントキャンペーン"">
</td>
</tr-->
<!--セーラームーンここまで-->

<!--正官庄ここから-->
<!--tr valign=""top"">
<td width=""790"" valign=""top"" height=""123"">

<img src=""http://image.rakuten.co.jp/wellness-web/cabinet/banner2/seikanshou_790120.jpg"" width=""790"" height=""120"" border=""0"" alt=""滋養強壮、虚弱体質、冷え症、風邪の予防には『正官庄（せいかんしょう）』"">
</td>
</tr-->
<!--正官庄ここまで-->

<!--カツジンここから-->
<!--tr valign=""top"">
<td width=""790"">

<img src=""http://image.rakuten.co.jp/wellness-web/cabinet/banner3/katsujin790120.jpg"" width=""790"" height=""120"" border=""0"" alt=""肉体疲労に、『活蔘（カツジン）』"">
</td>
</tr-->
<!--カツジンここまで-->

</table>",ピップ　スリムウォーク　くつろぎ時間の　足指セラピー　ロングタイプ　オールシーズン　マーブルピンク　S～Mサイズ　(1足)　ウェルネス：ドラッグストアウェルネス,スキンケアドラッグストア化粧品ベビー薬健康ウェルネスwellnessダイエット商品健康食品健康グッズハブラシヘアケアスピルリナ入浴剤ナップルツルハグループダイエット医薬品生コラーゲンピップ　スリムウォーク　くつろぎ時間の　足指セラピー　ロングタイプ　オールシーズン　マーブルピンク　S～Mサイズ　(1足)　ウェルネス,ピップ　スリムウォーク　くつろぎ時間の　足指セラピー　ロングタイプ　オールシーズン　マーブルピンク　S～Mサイズ　(1足)　ウェルネス[rn]
29-15033,http://tshop.r10s.jp/wellness-web/cabinet/bodyhoka01/4902522668835.jpg?fitin=700:700,1624.0000,,インナー・下着・ナイトウエア > レディース靴下・レッグウエア > レディース靴下 > その他,ピップ　スリムウォーク　骨盤をきっちり支えるショーツ　M　ナチュラルベージュ　(1枚)　ウェルネス,,"　<p>リニューアルに伴いパッケージ・内容等予告なく変更する場合がございます。予めご了承ください。</p>
<TABLE class=item-main>
<TBODY>
<TR>
<TD>
<TABLE class=item-table>
<TBODY>
<TR class=a>
<TD class=b></TD>
<TD class=c><BR>
<TABLE class=item>
<TBODY>
<TR>
<TD class=d>名　称</TD>
<TD class=e>スリムウォーク 骨盤をきっちり支えるショーツ　ナチュラルベージュ　M</TD>
</TR>
<TR>
<TD class=d>内容量</TD>
<TD class=e>1枚</TD>
</TR>
<TR>
<TD class=d>サイズ</TD>
<TD class=e>M／ヒップ：87～95cm</TD>
</TR>
<TR>
<TD class=d>色・柄</TD>
<TD class=e>ナチュラルベージュ・無地</TD>
</TR>
<TR>
<TD class=d>特　徴</TD>
<TD class=e>◆1枚ばきタイプ<BR>
<BR>
◆ぽっこりお腹をスッキリ。<BR>
<BR>
◆お腹押さえ設計<BR>
<BR>
◆ヒップ部立体設計<BR>
<BR>
◆いつものショーツを変えるだけ<BR>
<BR>
◆骨盤サポート設計・お腹押さえ設計・ヒップ部立体設計。<BR>
<BR>
◆薄手だからアウターにひびきにくい。<BR>
<BR>
◆マチ部の通気性UP※でムレにくく、快適。※ピップ株式会社従来品比</TD>
</TR>
<TR>
<TD class=d>品質表示</TD>
<TD class=e>ナイロン85％、ポリウレタン15％
</TD>
</TR>
<TR>
<TD class=d>区　分</TD>
<TD class=e>固定健康用具、インナー、矯正下着/原産国 日本</TD>
</TR>
<TR>
<TD class=d>ご注意</TD>
<TD class=e>◆本品記載の使用法・使用上の注意をよくお読みの上ご使用下さい。</TD>
</TR>
<TR>
<TD class=d>販売元</TD>
<TD class=e>ピップ株式会社<BR>大阪府大阪市中央区農人橋2-1-36</TD>
</TR>
<TR>
<TD class=d>お問合せ</TD>
<TD class=e>お客様相談室 TEL：06-6945-4427</TD>
</TR>
<TR>
<TD class=d>広告文責</TD>
<TD class=e>株式会社ツルハグループマーチャンダイジング<BR>
カスタマーセンター　0852-53-0680</TD>
</TR>
</TBODY>
</TABLE>
</TD>
</TR>
</TBODY>
</TABLE>
</TD>
</TR>
</TBODY>
</TABLE><BR>JANコード：4902522668835<BR><table border=""0"" width=""790"" cellpadding=""0"" cellspacing=""0"">
<!--セールここから-->
<tr valign=""top"">
<td width=""790"" valign=""top"" height=""123"">

<img src=""http://image.rakuten.co.jp/wellness-web/cabinet/sale2/0428tokubai_790120.jpg"" width=""790"" height=""120"" border=""0"" alt=""特売セール"">
</td>
</tr>
<!--セールここまで-->

<!--メッツコーラここから-->
<!--tr valign=""top"">
<td width=""790"" valign=""top"" height=""153"">

<img src=""http://image.rakuten.co.jp/wellness-web/cabinet/sale/metscola790150_2.jpg"" width=""790"" height=""150"" border=""0"" alt=""メッツコーラ"">
</td>
</tr-->
<!--メッツコーラここまで-->


<!--スピルリナここから-->
<tr valign=""top"">
<td width=""790"" valign=""top"" height=""133"">

<img src=""http://image.rakuten.co.jp/wellness-web/cabinet/banner2/spirulina_790130.jpg"" width=""790"" height=""130"" border=""0"" alt=""ザ　スピルリナEX50種類以上の健康・栄養成分をマルチにき含有するDICスピルリナに、 乳酸菌、海洋性コラーゲン、ビタミン10種類を強化！"">
</td>
</tr>
<!--スピルリナここまで-->

<!--ヘアレシピここから-->
<!--tr valign=""top"">
<td width=""790"" valign=""top"" height=""133"">

<img src=""http://image.rakuten.co.jp/wellness-web/cabinet/banner3/hair_recipe_2_790130.jpg"" width=""790"" height=""130"" border=""0"" alt=""ヘアレシピ"">
</td>
</tr-->
<!--ヘアレシピここまで-->

<!--セーラームーンここから-->
<!--tr valign=""top"">
<td width=""790"" valign=""top"" height=""133"">

<img src=""http://image.rakuten.co.jp/wellness-web/cabinet/banner3/elis_korabo790120.jpg"" width=""790"" height=""120"" border=""0"" alt=""セーラームーンコラボグッズプレゼントキャンペーン"">
</td>
</tr-->
<!--セーラームーンここまで-->

<!--正官庄ここから-->
<!--tr valign=""top"">
<td width=""790"" valign=""top"" height=""123"">

<img src=""http://image.rakuten.co.jp/wellness-web/cabinet/banner2/seikanshou_790120.jpg"" width=""790"" height=""120"" border=""0"" alt=""滋養強壮、虚弱体質、冷え症、風邪の予防には『正官庄（せいかんしょう）』"">
</td>
</tr-->
<!--正官庄ここまで-->

<!--カツジンここから-->
<!--tr valign=""top"">
<td width=""790"">

<img src=""http://image.rakuten.co.jp/wellness-web/cabinet/banner3/katsujin790120.jpg"" width=""790"" height=""120"" border=""0"" alt=""肉体疲労に、『活蔘（カツジン）』"">
</td>
</tr-->
<!--カツジンここまで-->

</table>",ピップ　スリムウォーク　骨盤をきっちり支えるショーツ　M　ナチュラルベージュ　(1枚)　ウェルネス：ドラッグストアウェルネス,スキンケアドラッグストア化粧品ベビー薬健康ウェルネスwellnessダイエット商品健康食品健康グッズハブラシヘアケアスピルリナ入浴剤ナップルツルハグループダイエット医薬品生コラーゲンピップ　スリムウォーク　骨盤をきっちり支えるショーツ　M　ナチュラルベージュ　(1枚)　ウェルネス,ピップ　スリムウォーク　骨盤をきっちり支えるショーツ　M　ナチュラルベージュ　(1枚)　ウェルネス[rn]
29-15034,http://tshop.r10s.jp/wellness-web/cabinet/diet01/4906156600780.jpg?fitin=700:700,1191.2000,,インナー・下着・ナイトウエア > レディース靴下・レッグウエア > レディース靴下 > その他,【●】　ドクターショール　メディキュット　ボディシェイプ　おそとでタイツ　ヒップアップサポート付き　ブラック・L　ウェルネス,,"<br><p>メディキュットから新登場した「ボディシェイプシリーズ」。おそとでタイツヒップアップサポート付き（Lサイズ）は、「特殊３Dライン設計」で、外出先でも美脚とヒップアップのケアを可能にしました。レッグラインは足首からふくらはぎ、太ももにかけて段階的な着圧で、全体をスッキリひきしめ。さらに特殊３Dライン構造がヒップ周りを包み込み、おしりの丸みをつぶさず、しっかり持ち上げます。この１枚で上向きヒップ＋脚長スッキリに。</p><p>リニューアルに伴いパッケージ・内容等予告なく変更する場合がございます。予めご了承ください。</p>
<TABLE class=item-main>
<TBODY>
<TR>
<TD>
<TABLE class=item-table>
<TBODY>
<TR class=a>
<TD class=b></TD>
<TD class=c><BR>
<TABLE class=item>
<TBODY>
<TR>
<TD class=d>名　称</TD>
<TD class=e>ドクターショール　メディキュット　ボディシェイプ　<BR>
おそとでタイツ　ヒップアップサポート付き　【ブラック・L】</TD>
</TR>
<TR>
<TD class=d>内容量</TD>
<TD class=e>1足</TD>
</TR>
<TR>
<TD class=d>特　徴</TD>
<TD class=e>○メディキュットから新シリーズ「ボディシェイプ」新登場。その新シリーズから、ヒップアップサポート付きのタイツが登場。メディキュットが従来もっている脚のひきしめ機能と新しく加わった「３Ｄヒップ（特殊ライン構造によりヒップを立体的にみせること）」機能で、上向きヒップで脚長スッキリ美脚の、下半身スッキリ！を提供します。</TD>
</TR>
<TR>
<TD class=d>区　分</TD>
<TD class=e>タイツ/日本製</TD>
</TR>
<TR>
<TD class=d>ご注意</TD>
<TD class=e>◆本品記載の使用法・使用上の注意をよくお読みの上ご使用下さい。</TD>
</TR>
<TR>
<TD class=d>製造販売元</TD>
<TD class=e>レキットベンキーザー・ジャパン株式会社</TD>
</TR>
<TR>
<TD class=d>お問合せ</TD>
<TD class=e>ドクター・ショールフットケア相談室<BR>
TEL：03-5718-3215</TD>
</TR>
<TR>
<TD class=d>広告文責</TD>
<TD class=e>株式会社ツルハグループマーチャンダイジング<BR>
カスタマーセンター　0852-53-0680</TD>
</TR>
</TBODY>
</TABLE>
</TD>
</TR>
</TBODY>
</TABLE>
</TD>
</TR>
</TBODY>
</TABLE>
<p>むくみ/メディキュット/着圧/骨盤/ヒップアップ/ガードル/タイツ</p><BR>JANコード：4906156600780<BR><table border=""0"" width=""790"" cellpadding=""0"" cellspacing=""0"">
<!--セールここから-->
<tr valign=""top"">
<td width=""790"" valign=""top"" height=""123"">

<img src=""http://image.rakuten.co.jp/wellness-web/cabinet/sale2/0428tokubai_790120.jpg"" width=""790"" height=""120"" border=""0"" alt=""特売セール"">
</td>
</tr>
<!--セールここまで-->

<!--メッツコーラここから-->
<!--tr valign=""top"">
<td width=""790"" valign=""top"" height=""153"">

<img src=""http://image.rakuten.co.jp/wellness-web/cabinet/sale/metscola790150_2.jpg"" width=""790"" height=""150"" border=""0"" alt=""メッツコーラ"">
</td>
</tr-->
<!--メッツコーラここまで-->


<!--スピルリナここから-->
<tr valign=""top"">
<td width=""790"" valign=""top"" height=""133"">

<img src=""http://image.rakuten.co.jp/wellness-web/cabinet/banner2/spirulina_790130.jpg"" width=""790"" height=""130"" border=""0"" alt=""ザ　スピルリナEX50種類以上の健康・栄養成分をマルチにき含有するDICスピルリナに、 乳酸菌、海洋性コラーゲン、ビタミン10種類を強化！"">
</td>
</tr>
<!--スピルリナここまで-->

<!--ヘアレシピここから-->
<!--tr valign=""top"">
<td width=""790"" valign=""top"" height=""133"">

<img src=""http://image.rakuten.co.jp/wellness-web/cabinet/banner3/hair_recipe_2_790130.jpg"" width=""790"" height=""130"" border=""0"" alt=""ヘアレシピ"">
</td>
</tr-->
<!--ヘアレシピここまで-->

<!--セーラームーンここから-->
<!--tr valign=""top"">
<td width=""790"" valign=""top"" height=""133"">

<img src=""http://image.rakuten.co.jp/wellness-web/cabinet/banner3/elis_korabo790120.jpg"" width=""790"" height=""120"" border=""0"" alt=""セーラームーンコラボグッズプレゼントキャンペーン"">
</td>
</tr-->
<!--セーラームーンここまで-->

<!--正官庄ここから-->
<!--tr valign=""top"">
<td width=""790"" valign=""top"" height=""123"">

<img src=""http://image.rakuten.co.jp/wellness-web/cabinet/banner2/seikanshou_790120.jpg"" width=""790"" height=""120"" border=""0"" alt=""滋養強壮、虚弱体質、冷え症、風邪の予防には『正官庄（せいかんしょう）』"">
</td>
</tr-->
<!--正官庄ここまで-->

<!--カツジンここから-->
<!--tr valign=""top"">
<td width=""790"">

<img src=""http://image.rakuten.co.jp/wellness-web/cabinet/banner3/katsujin790120.jpg"" width=""790"" height=""120"" border=""0"" alt=""肉体疲労に、『活蔘（カツジン）』"">
</td>
</tr-->
<!--カツジンここまで-->

</table>",【●】　ドクターショール　メディキュット　ボディシェイプ　おそとでタイツ　ヒップアップサポート付き　ブラック・L　ウェルネス：ドラッグストアウェルネス,スキンケアドラッグストア化粧品ベビー薬健康ウェルネスwellnessダイエット商品健康食品健康グッズハブラシヘアケアスピルリナ入浴剤ナップルツルハグループダイエット医薬品生コラーゲン【●】　ドクターショール　メディキュット　ボディシェイプ　おそとでタイツ　ヒップアップサポート付き　ブラック・L　ウェルネス,【●】　ドクターショール　メディキュット　ボディシェイプ　おそとでタイツ　ヒップアップサポート付き　ブラック・L　ウェルネス[rn]
29-15035,http://tshop.r10s.jp/wellness-web/cabinet/yoidome01/4906156600742_2set.jpg?fitin=700:700,5248.0000,,インナー・下着・ナイトウエア > レディース靴下・レッグウエア > レディース靴下 > その他,《セット販売》　ドクターショール　メディキュット　ボディシェイプ　寝ながらスパッツ　骨盤サポート付き　ブラック・L　(1足)×2個セット　【送料無料】　【smtb-s】　【mdqtawA202】　【まとめ買い対象】　ウェルネス,,"<br><p>メディキュットから新登場した「ボディシェイプシリーズ」。寝ながらスパッツ骨盤サポート付き（Lサイズ）は、「寝る時専用　骨盤サポート設計」を取り入れ、寝ている間の美脚・骨盤ケアを可能にしました。脚は足首からふくらはぎ、太ももにかけて段階的な着圧で、全体をスッキリひきしめ。さらに就寝時に必要な骨盤テーピング加工で、横になっている姿勢での骨盤をやさしく支えます。この１枚で下半身スッキリをサポートするスパッツです。</p><table border=""0"" cellspacing=""0"" cellpadding=""0"" style=""font-size:14px;line-height: 1.5;"" width=""600"">
<TR><TD align=""center"">
<img src=""http://image.rakuten.co.jp/wellness-web/cabinet/banner3/4906156600742.jpg"" border=""0""
alt=""メディキュット　ボディシェイプ　メディキュットから「ボディシェイプ」シリーズ新登場！寝ながらスッキリ美脚＆骨盤ケア（骨盤サポート付き）"">
</TD></TR></table><br>
<p>リニューアルに伴いパッケージ・内容等予告なく変更する場合がございます。予めご了承ください。</p>
<TABLE class=item-main>
<TBODY>
<TR>
<TD>
<TABLE class=item-table>
<TBODY>
<TR class=a>
<TD class=b></TD>
<TD class=c><BR>
<TABLE class=item>
<TBODY>
<TR>
<TD class=d>名　称</TD>
<TD class=e>《セット販売》ドクターショール　メディキュット　ボディシェイプ　<BR>
寝ながらスパッツ　骨盤サポート付き　【ブラック・L】</TD>
</TR>
<TR>
<TD class=d>内容量</TD>
<TD class=e>1足×2個セット</TD>
</TR>
<TR>
<TD class=d>特　徴</TD>
<TD class=e>○メディキュットから新シリーズ「ボディシェイプ」新登場。その新シリーズから、骨盤サポート付きのスパッツが登場。メディキュットが従来もっている脚のひきしめ機能と新しく加わった「寝るとき専用骨盤サポート」機能で、寝ながらスッキリ美脚＆骨盤ケアで、下半身スッキリ！を提供します。</TD>
</TR>
<TR>
<TD class=d>区　分</TD>
<TD class=e>ソックス/日本製</TD>
</TR>
<TR>
<TD class=d>ご注意</TD>
<TD class=e>◆本品記載の使用法・使用上の注意をよくお読みの上ご使用下さい。</TD>
</TR>
<TR>
<TD class=d>製造販売元</TD>
<TD class=e>レキットベンキーザー・ジャパン株式会社</TD>
</TR>
<TR>
<TD class=d>お問合せ</TD>
<TD class=e>ドクター・ショールフットケア相談室<BR>
TEL：03-5718-3215</TD>
</TR>
<TR>
<TD class=d>広告文責</TD>
<TD class=e>株式会社ツルハグループマーチャンダイジング<BR>
カスタマーセンター　0852-53-0680</TD>
</TR>
</TBODY>
</TABLE>
</TD>
</TR>
</TBODY>
</TABLE>
</TD>
</TR>
</TBODY>
</TABLE>
<p>むくみ/メディキュット/着圧/骨盤/骨盤ベルト/骨盤枕/スパッツ</p><BR>JANコード：4906156600742<BR><table border=""0"" width=""790"" cellpadding=""0"" cellspacing=""0"">
<!--セールここから-->
<tr valign=""top"">
<td width=""790"" valign=""top"" height=""123"">

<img src=""http://image.rakuten.co.jp/wellness-web/cabinet/sale2/0428tokubai_790120.jpg"" width=""790"" height=""120"" border=""0"" alt=""特売セール"">
</td>
</tr>
<!--セールここまで-->

<!--メッツコーラここから-->
<!--tr valign=""top"">
<td width=""790"" valign=""top"" height=""153"">

<img src=""http://image.rakuten.co.jp/wellness-web/cabinet/sale/metscola790150_2.jpg"" width=""790"" height=""150"" border=""0"" alt=""メッツコーラ"">
</td>
</tr-->
<!--メッツコーラここまで-->


<!--スピルリナここから-->
<tr valign=""top"">
<td width=""790"" valign=""top"" height=""133"">

<img src=""http://image.rakuten.co.jp/wellness-web/cabinet/banner2/spirulina_790130.jpg"" width=""790"" height=""130"" border=""0"" alt=""ザ　スピルリナEX50種類以上の健康・栄養成分をマルチにき含有するDICスピルリナに、 乳酸菌、海洋性コラーゲン、ビタミン10種類を強化！"">
</td>
</tr>
<!--スピルリナここまで-->

<!--ヘアレシピここから-->
<!--tr valign=""top"">
<td width=""790"" valign=""top"" height=""133"">

<img src=""http://image.rakuten.co.jp/wellness-web/cabinet/banner3/hair_recipe_2_790130.jpg"" width=""790"" height=""130"" border=""0"" alt=""ヘアレシピ"">
</td>
</tr-->
<!--ヘアレシピここまで-->

<!--セーラームーンここから-->
<!--tr valign=""top"">
<td width=""790"" valign=""top"" height=""133"">

<img src=""http://image.rakuten.co.jp/wellness-web/cabinet/banner3/elis_korabo790120.jpg"" width=""790"" height=""120"" border=""0"" alt=""セーラームーンコラボグッズプレゼントキャンペーン"">
</td>
</tr-->
<!--セーラームーンここまで-->

<!--正官庄ここから-->
<!--tr valign=""top"">
<td width=""790"" valign=""top"" height=""123"">

<img src=""http://image.rakuten.co.jp/wellness-web/cabinet/banner2/seikanshou_790120.jpg"" width=""790"" height=""120"" border=""0"" alt=""滋養強壮、虚弱体質、冷え症、風邪の予防には『正官庄（せいかんしょう）』"">
</td>
</tr-->
<!--正官庄ここまで-->

<!--カツジンここから-->
<!--tr valign=""top"">
<td width=""790"">

<img src=""http://image.rakuten.co.jp/wellness-web/cabinet/banner3/katsujin790120.jpg"" width=""790"" height=""120"" border=""0"" alt=""肉体疲労に、『活蔘（カツジン）』"">
</td>
</tr-->
<!--カツジンここまで-->

</table>",《セット販売》　ドクターショール　メディキュット　ボディシェイプ　寝ながらスパッツ　骨盤サポート付き　ブラック・L　(1足)&times;2個セット　【送料無料】　【smtb-s】　【mdqtawA202】　【まとめ買い対象】　ウェルネス：ドラッグストアウェルネス,スキンケアドラッグストア化粧品ベビー薬健康ウェルネスwellnessダイエット商品健康食品健康グッズハブラシヘアケアスピルリナ入浴剤ナップルツルハグループダイエット医薬品生コラーゲン《セット販売》　ドクターショール　メディキュット　ボディシェイプ　寝ながらスパッツ　骨盤サポート付き　ブラック・L　(1足)&times;2個セット　【送料無料】　【smtb-s】　【mdqtawA202】　【まとめ買い対象】　ウェルネス,《セット販売》　ドクターショール　メディキュット　ボディシェイプ　寝ながらスパッツ　骨盤サポート付き　ブラック・L　(1足)&times;2個セット　【送料無料】　【smtb-s】　【mdqtawA202】　【まとめ買い対象】　ウェルネス[rn]
29-15036,http://tshop.r10s.jp/wellness-web/cabinet/bodyhoka01/4906156600742.jpg?fitin=700:700,2443.2000,,インナー・下着・ナイトウエア > レディース靴下・レッグウエア > レディース靴下 > その他,ドクターショール　メディキュット　ボディシェイプ　寝ながらスパッツ　骨盤サポート付き　ブラック・L　【送料無料】　【smtb-s】　【mdqtawA202】　【まとめ買い対象】　ウェルネス,,"<!--ダイエット\シェイプアップウェア-->
<!--ボディケア\フットケア\その他-->

<br><p>メディキュットから新登場した「ボディシェイプシリーズ」。寝ながらスパッツ骨盤サポート付き（Lサイズ）は、「寝る時専用　骨盤サポート設計」を取り入れ、寝ている間の美脚・骨盤ケアを可能にしました。脚は足首からふくらはぎ、太ももにかけて段階的な着圧で、全体をスッキリひきしめ。さらに就寝時に必要な骨盤テーピング加工で、横になっている姿勢での骨盤をやさしく支えます。この１枚で下半身スッキリをサポートするスパッツです。</p><table border=""0"" cellspacing=""0"" cellpadding=""0"" style=""font-size:14px;line-height: 1.5;"" width=""600"">
<TR><TD align=""center"">
<img src=""http://image.rakuten.co.jp/wellness-web/cabinet/banner3/4906156600742.jpg"" border=""0""
alt=""メディキュット　ボディシェイプ　メディキュットから「ボディシェイプ」シリーズ新登場！寝ながらスッキリ美脚＆骨盤ケア（骨盤サポート付き）"">
</TD></TR></table><br>
<p>リニューアルに伴いパッケージ・内容等予告なく変更する場合がございます。予めご了承ください。</p>
<TABLE class=item-main>
<TBODY>
<TR>
<TD>
<TABLE class=item-table>
<TBODY>
<TR class=a>
<TD class=b></TD>
<TD class=c><BR>
<TABLE class=item>
<TBODY>
<TR>
<TD class=d>名　称</TD>
<TD class=e>ドクターショール　メディキュット　ボディシェイプ　<BR>
寝ながらスパッツ　骨盤サポート付き　【ブラック・L】</TD>
</TR>
<TR>
<TD class=d>内容量</TD>
<TD class=e>1足</TD>
</TR>
<TR>
<TD class=d>特　徴</TD>
<TD class=e>○メディキュットから新シリーズ「ボディシェイプ」新登場。その新シリーズから、骨盤サポート付きのスパッツが登場。メディキュットが従来もっている脚のひきしめ機能と新しく加わった「寝るとき専用骨盤サポート」機能で、寝ながらスッキリ美脚＆骨盤ケアで、下半身スッキリ！を提供します。</TD>
</TR>
<TR>
<TD class=d>区　分</TD>
<TD class=e>ソックス/日本製</TD>
</TR>
<TR>
<TD class=d>ご注意</TD>
<TD class=e>◆本品記載の使用法・使用上の注意をよくお読みの上ご使用下さい。</TD>
</TR>
<TR>
<TD class=d>製造販売元</TD>
<TD class=e>レキットベンキーザー・ジャパン株式会社</TD>
</TR>
<TR>
<TD class=d>お問合せ</TD>
<TD class=e>ドクター・ショールフットケア相談室<BR>
TEL：03-5718-3215</TD>
</TR>
<TR>
<TD class=d>広告文責</TD>
<TD class=e>株式会社ツルハグループマーチャンダイジング<BR>
カスタマーセンター　0852-53-0680</TD>
</TR>
</TBODY>
</TABLE>
</TD>
</TR>
</TBODY>
</TABLE>
</TD>
</TR>
</TBODY>
</TABLE>
<p>むくみ/メディキュット/着圧/骨盤/骨盤ベルト/骨盤枕/スパッツ</p><BR>JANコード：4906156600742<BR><table border=""0"" width=""790"" cellpadding=""0"" cellspacing=""0"">
<!--セールここから-->
<tr valign=""top"">
<td width=""790"" valign=""top"" height=""123"">

<img src=""http://image.rakuten.co.jp/wellness-web/cabinet/sale2/0428tokubai_790120.jpg"" width=""790"" height=""120"" border=""0"" alt=""特売セール"">
</td>
</tr>
<!--セールここまで-->

<!--メッツコーラここから-->
<!--tr valign=""top"">
<td width=""790"" valign=""top"" height=""153"">

<img src=""http://image.rakuten.co.jp/wellness-web/cabinet/sale/metscola790150_2.jpg"" width=""790"" height=""150"" border=""0"" alt=""メッツコーラ"">
</td>
</tr-->
<!--メッツコーラここまで-->


<!--スピルリナここから-->
<tr valign=""top"">
<td width=""790"" valign=""top"" height=""133"">

<img src=""http://image.rakuten.co.jp/wellness-web/cabinet/banner2/spirulina_790130.jpg"" width=""790"" height=""130"" border=""0"" alt=""ザ　スピルリナEX50種類以上の健康・栄養成分をマルチにき含有するDICスピルリナに、 乳酸菌、海洋性コラーゲン、ビタミン10種類を強化！"">
</td>
</tr>
<!--スピルリナここまで-->

<!--ヘアレシピここから-->
<!--tr valign=""top"">
<td width=""790"" valign=""top"" height=""133"">

<img src=""http://image.rakuten.co.jp/wellness-web/cabinet/banner3/hair_recipe_2_790130.jpg"" width=""790"" height=""130"" border=""0"" alt=""ヘアレシピ"">
</td>
</tr-->
<!--ヘアレシピここまで-->

<!--セーラームーンここから-->
<!--tr valign=""top"">
<td width=""790"" valign=""top"" height=""133"">

<img src=""http://image.rakuten.co.jp/wellness-web/cabinet/banner3/elis_korabo790120.jpg"" width=""790"" height=""120"" border=""0"" alt=""セーラームーンコラボグッズプレゼントキャンペーン"">
</td>
</tr-->
<!--セーラームーンここまで-->

<!--正官庄ここから-->
<!--tr valign=""top"">
<td width=""790"" valign=""top"" height=""123"">

<img src=""http://image.rakuten.co.jp/wellness-web/cabinet/banner2/seikanshou_790120.jpg"" width=""790"" height=""120"" border=""0"" alt=""滋養強壮、虚弱体質、冷え症、風邪の予防には『正官庄（せいかんしょう）』"">
</td>
</tr-->
<!--正官庄ここまで-->

<!--カツジンここから-->
<!--tr valign=""top"">
<td width=""790"">

<img src=""http://image.rakuten.co.jp/wellness-web/cabinet/banner3/katsujin790120.jpg"" width=""790"" height=""120"" border=""0"" alt=""肉体疲労に、『活蔘（カツジン）』"">
</td>
</tr-->
<!--カツジンここまで-->

</table>",ドクターショール　メディキュット　ボディシェイプ　寝ながらスパッツ　骨盤サポート付き　ブラック・L　【送料無料】　【smtb-s】　【mdqtawA202】　【まとめ買い対象】　ウェルネス：ドラッグストアウェルネス,スキンケアドラッグストア化粧品ベビー薬健康ウェルネスwellnessダイエット商品健康食品健康グッズハブラシヘアケアスピルリナ入浴剤ナップルツルハグループダイエット医薬品生コラーゲンドクターショール　メディキュット　ボディシェイプ　寝ながらスパッツ　骨盤サポート付き　ブラック・L　【送料無料】　【smtb-s】　【mdqtawA202】　【まとめ買い対象】　ウェルネス,ドクターショール　メディキュット　ボディシェイプ　寝ながらスパッツ　骨盤サポート付き　ブラック・L　【送料無料】　【smtb-s】　【mdqtawA202】　【まとめ買い対象】　ウェルネス[rn]
29-15037,http://tshop.r10s.jp/vivian1616/cabinet/umamisox/hietorisox-4-cotton/socks_cago_cotton.jpg?fitin=700:700,3184.0000,,インナー・下着・ナイトウエア > レディース靴下・レッグウエア > レディース靴下 > その他,あったかグッズ 足 [ 冷え取り靴下 （ ４足セット ） コットン × シルク 日本製 ] ネコポス＜ 送料無料 ＞ 綿 絹 重ね履き 冷えとり靴下 冷え取り 冷えとり 五本指 レディース メンズ 靴下 ソックス 冷え性 足 足元 足首 温め 保温 あったか 女性用,※天然繊維100％にこだわって編んでおります。,"<img src=""http://image.rakuten.co.jp/vivian1616/cabinet/umamisox/hietorisox-4-cotton/socks_top_cotton.jpg"" alt=""冷えとり靴下4足セット　ウール"" width=""730"" height=""580"" /><br><br>

<!--
-->
<img src=""http://image.rakuten.co.jp/vivian1616/cabinet/umamisox/hietorisox-4-cotton/socks_cotton_cold.jpg"" alt=""冷えとり靴下4足セット　ウール"" width=""730"" height=""1140"" /><br><br><br>


<img src=""http://image.rakuten.co.jp/vivian1616/cabinet/umamisox/hietorisox-4-cotton/socks_point.jpg"" alt=""冷えとり靴下4足セット　ウール"" width=""730"" height=""360"" /><br><br>
<img src=""http://image.rakuten.co.jp/vivian1616/cabinet/umamisox/hietorisox-4-cotton/socks_cotton_arrow.jpg"" alt=""冷えとり靴下4足セット　ウール"" width=""730"" height=""200"" /><br><br>
<img src=""http://image.rakuten.co.jp/vivian1616/cabinet/umamisox/hietorisox-4-cotton/socks_cotton_reason.jpg"" alt=""冷えとり靴下4足セット　ウール"" width=""730"" height=""1025"" /><br><br><br>
<img src=""http://image.rakuten.co.jp/vivian1616/cabinet/umamisox/hietorisox-4-cotton/socks_set01_cotton.jpg"" alt=""冷えとり靴下4足セット　ウール"" width=""730"" height=""1200"" /><br>
<img src=""http://image.rakuten.co.jp/vivian1616/cabinet/umamisox/hietorisox-4-cotton/socks_set02_cotton.jpg"" alt=""冷えとり靴下4足セット　ウール"" width=""730"" height=""1065"" /><br><br>
<img src=""http://image.rakuten.co.jp/vivian1616/cabinet/umamisox/hietorisox-4-cotton/socks_color_cotton.jpg"" alt=""冷えとり靴下4足セット　ウール"" width=""730"" height=""700"" /><br><br>
<table width=""730"" border=""0"" cellspacing=""0"" cellpadding=""0"">
  <tr>
    <td align=""left""><a href=""http://item.rakuten.co.jp/vivian1616/hietorisox-4-wool/""><img src=""http://image.rakuten.co.jp/vivian1616/cabinet/umamisox/hietorisox-4-cotton/socks_bn_cotton.jpg"" alt=""冷えとり靴下4足セット　ウール"" width=""360"" height=""120"" /></a></td>
    <td align=""right""><a href=""http://item.rakuten.co.jp/vivian1616/hietorisox-4-cotton/""><img src=""http://image.rakuten.co.jp/vivian1616/cabinet/umamisox/hietorisox-4-cotton/socks_bn_wool.jpg"" alt=""冷えとり靴下4足セット　ウール"" width=""360"" height=""120"" /></a></td>
  </tr>
</table><br>
<br>
<br>
■品名 冷え取り靴下４足セット（綿）
奈良県の工場で編み立てたシルク100％の靴下２足と綿100％の靴下２足の計４足セットです。<br>
<br>
■材質<br>
シルクの５本指くつした／１足<br>
<br>　
素材／絹100％<br>
サイズ／22-26(かかとなし)<br>
置き寸法／約45cm<br>
<br>
綿の５本指くつした／１足<br>
<br>
素材／綿100％<br>
サイズ／22-26(かかとなし)<br>
置き寸法／約43cm<br>
<br>
シルクの先丸くつした／１足<br>
<br>
素材／絹100％<br>
サイズ／22-26(かかとなし)<br>
置き寸法／約38cm<br>
<br>
綿の先丸くつした／１足<br>
<br>
素材／綿100％<br>
サイズ／22-26(かかとなし)<br>
置き寸法／約55cm<br>
<br>  
<br>  
※天然繊維100％にこだわって編んでおります。一般的な靴下に使用されているポリウレタン等の弾性糸を一切使用しておりませんので、編み目の大きさが異なる箇所が見られる場合がございます。着用時には目立たず、破れの原因になることはございません。ご理解をいただいた上でご購入くださいませ。<BR><BR>
<br>
あったかグッズ 足 [ 冷え取り靴下 （ ４足セット ） コットン × シルク 日本製 ] ネコポス＜ 送料無料 ＞ 綿 絹 重ね履き 冷えとり靴下 冷え取り 冷えとり 五本指 レディース メンズ 靴下 ソックス 冷え性 足 足元 足首 温め 保温 あったか 女性用<img src=""http://image.rakuten.co.jp/vivian1616/cabinet/rsl_bnr.jpg"" border=""0"">

<br>
<br>
<table width="""" bgcolor=""#000000"" cellspacing=""1"" cellpadding=""3"">
<tr>
<th colspan=""2"" align=""center"" bgcolor=""""><b><font color=""""></font></b></th>
</tr>
<tr><th align=""center"" bgcolor=""#000000""><font size=""2"" color=""#FFFFFF"">広告文責</font></th>
<td bgcolor=""#FFFFFF""><font size=""2"" color=""#666666"">

有限会社ヴィヴィアン

<br>

電話番号：0524324376

</font></td></tr>
<tr><th align=""center"" bgcolor=""#000000""><font size=""2"" color=""#FFFFFF"">メーカー（製造元）</font></th>
<td bgcolor=""#FFFFFF""><font size=""2"" color=""#666666"">

馬見靴下事業協同組合

</font></td></tr>
<tr><th align=""center"" bgcolor=""#000000""><font size=""2"" color=""#FFFFFF"">商品区分</font></th>
<td bgcolor=""#FFFFFF""><font size=""2"" color=""#666666"">

日本製（奈良県）／健康雑貨

</font></td></tr>
</table>
<br>
■品名 冷え取り靴下４足セット（綿）
奈良県の工場で編み立てたシルク100％の靴下２足と綿100％の靴下２足の計４足セットです。<br>
<br>
■材質<br>
シルクの５本指くつした／１足<br>
<br>　
素材／絹100％<br>
サイズ／22-26(かかとなし)<br>
置き寸法／約45cm<br>
生産国／日本(奈良県)<br>
<br>
<br>
綿の５本指くつした／１足<br>
<br>
素材／綿100％<br>
サイズ／22-26(かかとなし)<br>
置き寸法／約43cm<br>
生産国／日本(奈良県)<br>
<br>
<br>
シルクの先丸くつした／１足<br>
<br>
素材／絹100％<br>
サイズ／22-26(かかとなし)<br>
置き寸法／約38cm<br>
生産国／日本(奈良県)<br>
<br>
<br>
綿の先丸くつした／１足<br>
<br>
素材／綿100％<br>
サイズ／22-26(かかとなし)<br>
置き寸法／約55cm<br>
生産国／日本(奈良県)<br>
<br>
<br>  
<br>  
※お客様のPCモニターによって、画像の色が実物と異なって見える場合がございます。

※天然繊維100％にこだわって編んでおります。一般的な靴下に使用されているポリウレタン等の弾性糸を一切使用しておりませんので、編み目の大きさが異なる箇所が見られる場合がございます。着用時には目立たず、破れの原因になることはございません。ご理解をいただいた上でご購入くださいませ。<br>
<br>
あったかグッズ 足 [ 冷え取り靴下 （ ４足セット ） コットン × シルク 日本製 ] ネコポス＜ 送料無料 ＞ 綿 絹 重ね履き 冷えとり靴下 冷え取り 冷えとり 五本指 レディース メンズ 靴下 ソックス 冷え性 足 足元 足首 温め 保温 あったか 女性用<!--楽天ランキング入賞速報


-->

<!--リアルタイム注文状況


-->



<br><br>

<!--新着レビュー速報



-->",あったかグッズ 足 [ 冷え取り靴下 （ ４足セット ） コットン &times; シルク 日本製 ] ネコポス＜ 送料無料 ＞ 綿 絹 重ね履き 冷えとり靴下 冷え取り 冷えとり 五本指 レディース メンズ 靴下 ソックス 冷え性 足 足元 足首 温め 保温 あったか 女性用：ヴィヴィアン　マルシェ,あったかグッズ 足 [ 冷え取り靴下 （ ４足セット ） コットン &times; シルク 日本製 ] ネコポス＜ 送料無料 ＞ 綿 絹 重ね履き 冷えとり靴下 冷え取り 冷えとり 五本指 レディース メンズ 靴下 ソックス 冷え性 足 足元 足首 温め 保温 あったか 女性用,※天然繊維100％にこだわって編んでおります。。あったかグッズ 足 [ 冷え取り靴下 （ ４足セット ） コットン &times; シルク 日本製 ] ネコポス＜ 送料無料 ＞ 綿 絹 重ね履き 冷えとり靴下 冷え取り 冷えとり 五本指 レディース メンズ 靴下 ソックス 冷え性 足 足元 足首 温め 保温 あったか 女性用[rn]
29-15038,http://tshop.r10s.jp/h-rescue/cabinet/asikaru/asikubi_atatakai_1_k.jpg?fitin=700:700,2270.4000,,インナー・下着・ナイトウエア > レディース靴下・レッグウエア > レディース靴下 > その他,冷え性対策 送料無料［勝野式　足くび温快(左右セット)］冷え性でお悩みの方！足先までHOT温める♪遠赤外線の足首ウォーマー(足首サポーター)防寒、保温に優れており、疲れ・むくみ対策に！【あす楽】,冷え性でお悩みの方！足首ウォーマーで足先まで温める♪,"<TABLE>
  <TBODY>
    <TR>
      <TD width=""600"" align=""center"">      <TABLE border=""0"">
        <TBODY>
          <TR align=""center"">
            <TD colspan=""3""><B><FONT color=""#400000"" size=""3"">※冷え性対策に♪勝野式！巻くだけで足首あったかサポーター</FONT></B></TD>
          </TR>
          <TR align=""center"">
            <TD>
            <P><A href=""http://item.rakuten.co.jp/h-rescue/asikubi_atatakai_12/""><IMG src=""http://image.rakuten.co.jp/h-rescue/cabinet/top_gazo/onayami_kaiketu/botan_149_2ten.jpg"" width=""149"" height=""50"" border=""0""></A></P>
            </TD>
            <TD><A href=""http://item.rakuten.co.jp/h-rescue/asikubi_atatakai_2/""><IMG src=""http://image.rakuten.co.jp/h-rescue/cabinet/top_gazo/onayami_kaiketu/botan_149_3ten.jpg"" width=""149"" height=""50"" border=""0""></A></TD>
            <TD><A href=""http://item.rakuten.co.jp/h-rescue/asikubi_atatakai_1/#Cart""><IMG src=""http://image.rakuten.co.jp/h-rescue/cabinet/asikaru/botan_298_2.jpg"" width=""298"" height=""50"" border=""0""></A></TD>
          </TR>
        </TBODY>
      </TABLE>
      <BR><IMG src=""http://image.rakuten.co.jp/h-rescue/cabinet/asikaru/asikubi_atatakai_1.jpg"" width=""591"" height=""310"" border=""0"" alt=""【冷え性対策】［勝野式　足首温快(左右セット)］冷え性でお悩みの方！足先までHOT温める♪【遠赤外線】【足首ウォーマー】【足首サポーター】【防寒】【保温】【むくみ】""><BR>
      <BR>
      <BR>
      <IMG src=""http://image.rakuten.co.jp/h-rescue/cabinet/asikaru/asikubi_atatakai_2.jpg"" width=""606"" height=""609"" border=""0"" alt=""【冷え性対策】［勝野式　足首温快(左右セット)］冷え性でお悩みの方！足先までHOT温める♪【遠赤外線】【足首ウォーマー】【足首サポーター】【防寒】【保温】【むくみ】""><BR>
      <BR>
      <IMG src=""http://image.rakuten.co.jp/h-rescue/cabinet/asikaru/asikubi_atatakai_3.jpg"" width=""539"" height=""151"" border=""0""><BR>
      <BR>
      <IMG src=""http://image.rakuten.co.jp/h-rescue/cabinet/asikaru/asikubi_atatakai_4.jpg"" width=""601"" height=""601"" border=""0"" alt=""【冷え性対策】［勝野式　足首温快(左右セット)］冷え性でお悩みの方！足先までHOT温める♪【遠赤外線】【足首ウォーマー】【足首サポーター】【防寒】【保温】【むくみ】""><BR>
      <BR>
      <IMG src=""http://image.rakuten.co.jp/h-rescue/cabinet/asikaru/asikubi_atatakai_5.jpg"" width=""576"" height=""93"" border=""0""><BR>
      <BR>
      <IMG src=""http://image.rakuten.co.jp/h-rescue/cabinet/asikaru/asikubi_atatakai_6.jpg"" width=""606"" height=""609"" border=""0"" alt=""【冷え性対策】［勝野式　足首温快(左右セット)］冷え性でお悩みの方！足先までHOT温める♪【遠赤外線】【足首ウォーマー】【足首サポーター】【防寒】【保温】【むくみ】""><BR>
      <BR>
      <IMG src=""http://image.rakuten.co.jp/h-rescue/cabinet/asikaru/asikubi_on_600.jpg"" width=""600"" height=""700"" border=""0"" alt=""【冷え性対策】［勝野式　足首温快(左右セット)］冷え性でお悩みの方！足先までHOT温める♪【遠赤外線】【足首ウォーマー】【足首サポーター】【防寒】【保温】【むくみ】""><BR>
      <BR>
      <IMG src=""http://image.rakuten.co.jp/h-rescue/cabinet/asikaru/asikubi_atatakai_7.jpg"" width=""601"" height=""632"" border=""0"" alt=""【冷え性対策】［勝野式　足首温快(左右セット)］冷え性でお悩みの方！足先までHOT温める♪【遠赤外線】【足首ウォーマー】【足首サポーター】【防寒】【保温】【むくみ】""><BR>
      <BR>
      <IMG src=""http://image.rakuten.co.jp/h-rescue/cabinet/asikaru/asikubi_atatakai_8.jpg"" width=""601"" height=""631"" border=""0"" alt=""【冷え性対策】［勝野式　足首温快(左右セット)］冷え性でお悩みの方！足先までHOT温める♪【遠赤外線】【足首ウォーマー】【足首サポーター】【防寒】【保温】【むくみ】""><BR>
      <BR>
      <BR>
      <BR>
      <IMG src=""http://image.rakuten.co.jp/h-rescue/cabinet/asikaru/asikubi_atatakai_9_2.jpg"" width=""603"" height=""68"" border=""0"">
      <BR>
      <IMG src=""http://image.rakuten.co.jp/h-rescue/cabinet/asikaru/rebyu_600_asikubi.jpg"" width=""600"" height=""800"" border=""0""></TD>
    </TR>
  </TBODY>
</TABLE>

<TABLE cellSpacing=10 cellPadding=0 bgColor=#990000 border=0>
      <TBODY>
        <TR>
          <TD height=22><FONT color=#ffffff 
size=-1><B>　■お客様からの声</B></FONT></TD>
        </TR>
        <TR>
          <TD width=""600"" height=""600"" bgColor=#ffffff>
          <div align=""center"" style=""border:1px solid black; height:600px; width:600px; overflow:auto;""><IFRAME name=""new"" marginwidth=""0"" marginheight=""0"" src=""http://review.rakuten.co.jp/item/1/210929_10002010/1.1/sort1/?l2-id=review_PC_il_search_02"" frameborder=""0""width=""600"" height=""600""></IFRAME></div>
          </TD>
        </TR>
      </TBODY>
    </TABLE>
    <BR>
    <A href=""http://review.rakuten.co.jp/item/1/210929_10002010/1.1/sort1/?l2-id=review_PC_il_search_02""><font size=""2"">■タブレットご使用のお客様で【お客様の声】の詳細をご覧になる場合はこちらをクリックして下さい⇒⇒⇒</font></A>
<BR><BR>

<TABLE cellspacing=""1"" cellpadding=""5"" width=""600"" bgcolor=""#ffa275"" border=""0"">
            <TBODY>
              <TR bgColor=#ffffff>
                <TD width=105 bgColor=#ffe3d7><FONT size=2>■品名</FONT></TD>
                <TD width=""410"">
                <DIV align=left><FONT color=#000000 size=2>勝野式　足くび温快（左右セット）<BR>
                </FONT></DIV>
                </TD>
              </TR>
              <TR bgColor=#ffffff>
                <TD vAlign=top bgColor=#ffe3d7><FONT size=2>■色</FONT></TD>
                <TD width=""410""><FONT 
size=2>■ブラック<BR>
                </FONT></TD>
              </TR>
              <TR bgColor=#ffffff>
                <TD vAlign=top width=105 bgColor=#ffe3d7><FONT size=2>■材質</FONT></TD>
                <TD width=""410"">
                <DIV align=left><FONT size=""2"">表地　メッシュ部：ナイロン、ポリウレタン
 パイピング部：ナイロン 
</FONT></DIV>
                </TD>
              </TR>
              <TR bgColor=#ffffff>
                <TD bgColor=#ffe3d7><FONT size=2>■生産国</FONT></TD>
                <TD width=""410""><FONT size=2>日本[Made in Japan]</FONT></TD>
              </TR>
              <TR bgColor=#ffffff>
                <TD width=105 bgColor=#ffe3d7><FONT size=2>■適応サイズ</FONT></TD>
                <TD width=""410"">
                <DIV align=left><FONT color=#000000 size=3><FONT face=""MS UI Gothic"" 
size=2>足首周り：約15～28ｃｍ</FONT></FONT></DIV>
                </TD>
              </TR>
            </TBODY>
          </TABLE>
          <BR>
          <TABLE border=""1"" width=""600"">
            <TBODY>
              <TR>
                <TD><FONT size=""3""><SPAN class=""item_desc"">☆医学博士監修の巻くだけで足首あったかサポーター<BR>
            ☆ミネラルパウダー（遠赤外線）＋カプロンファイバー&reg;（銅繊維）のW効果のあったか素材使用☆三陰交（さんいんこう）、太谿（たいけい）の足首のツボを集中的に温めることで全身ぽかぽか<BR>
            ☆温めることで、足の疲れやむくみにも効果的です<BR>
            ☆足先の冷えで寝付けない方にもお勧めです<BR>
            ☆薄手なので夏場の冷房対策などオールシーズン使用できます<BR>
            ☆ワンタッチテープ装着なので固定力が調節でき、弱い関節を保護します。<BR>
                </SPAN></FONT></TD>
              </TR>
            </TBODY>
          </TABLE>


<BR>
<iframe width=""630"" height=""500"" src=""http://www.rakuten.ne.jp/gold/h-rescue/tesuto/doukon_1.html"" frameborder=""0"" scrolling=""no""></iframe>   
<BR><A href=""http://item.rakuten.co.jp/h-rescue/asikubi_atatakai_12/""><IMG src=""http://image.rakuten.co.jp/h-rescue/cabinet/sesuji/kataraku_2mai_bana60.gif"" width=""600"" height=""53"" border=""0""></A><BR>

<A name=""Cart"" id=""Cart"" href=""""></A>☆医学博士監修の巻くだけで足首あったかサポーター<BR>
            ☆ミネラルパウダー（遠赤外線）＋カプロンファイバー&reg;（銅繊維）のW効果のあったか素材使用☆三陰交（さんいんこう）、太谿（たいけい）の足首のツボを集中的に温めることで全身ぽかぽか<BR>
            ☆温めることで、足の疲れやむくみにも効果的です<BR>
            ☆足先の冷えで寝付けない方にもお勧めです<BR>
            ☆薄手なので夏場の冷房対策などオールシーズン使用できます<BR>
            ☆ワンタッチテープ装着なので固定力が調節でき、弱い関節を保護します。<BR>
                </SPAN></FONT></TD>
              </TR>
            </TBODY>
          </TABLE>


<BR>
   
<BR><IMG src=""http://image.rakuten.co.jp/h-rescue/cabinet/sesuji/kataraku_2mai_bana60.gif"" width=""600"" height=""53"" border=""0""><BR><style type=""text/css"">
 div#floating-menu1 {
    position: fixed;
    top: 100px;
    left: 0px;
    z-index: 9999;
}
</style>


<div id=""floating-menu1"">

<!--<IMG src=""https://image.rakuten.co.jp/h-rescue/cabinet/top_gazo/check_bana/500_migi_170.gif"" width=""113"" height=""170"" border=""0"" alt=""【メイダイ楽天市場店】"">
<br><br>-->


</div>

<style type=""text/css"">
 div#floating-menu2 {
    position: fixed;
    top: 100px;
    right: 0px;
    z-index: 9999;
}
</style>


<div id=""floating-menu2"">

 <IMG src=""https://image.rakuten.co.jp/h-rescue/cabinet/top_gazo/check_bana/2800souryou_bana.gif"" width=""78"" height=""235"" border=""0"" alt=""【メイダイ楽天市場店300円クーポン】"">
<br><br>

 <IMG src=""https://image.rakuten.co.jp/h-rescue/cabinet/ketsuro/saido_bana_setuden.jpg"" width=""78"" height=""220"" border=""0"" alt=""【メイダイ楽天市場店】焦げ取り"">
<br><br>

 <IMG src=""https://image.rakuten.co.jp/h-rescue/cabinet/top_gazo/check_bana/ku_pon_icon_700.jpg"" width=""78"" height=""150"" border=""0"" alt=""【メイダイ楽天市場店】"">
<br><br>

 <!--<IMG src=""https://image.rakuten.co.jp/h-rescue/cabinet/top_gazo/check_bana/matome_icon15.jpg"" width=""78"" height=""200"" border=""0"" alt=""限定品【メイダイ楽天市場店】"">-->

</div>

<style type=""text/css"">
 /* 買い物カゴ　画像に変更 */
input[value=""買い物かごに入れる""] {
background: url(https://image.rakuten.co.jp/h-rescue/cabinet/top_gazo/onayami_kaiketu/kaimono_kago_meidai.gif) no-repeat left top;
 text-indent: 110%;
 white-space: nowrap;
 overflow: hidden;
 display: -moz-inline-box;
 display: inline-block;
 /display: inline;
 /margin-right: 3px;
 width: 400px;
 height: 70px;
 border: 0px;
 /zoom: 1;
 }

input[value=""買い物かごに入れる""]:hover {
 cursor: pointer;
 }
 </style>

<!--
<style type=""text/css"">

div#HeaderKeyword {
 position:absolute;
 top:80px;/*一番上からの位置*/
left:50px;/*左端からの位置*/
 }


div#HeaderKeyword span {
 background: &#8234;#&#8206;bf0000&#8236;;
color:&#8234;#&#8206;fff&#8236;;
font-weight:bold;
 padding:2px 5px;
 }

div#HeaderKeyword a {
 color:&#8234;#&#8206;0044CC&#8236;;
 }


 </style>-->

<div id=""HeaderKeyword"">
 <span>【クーポン獲得はコチラ】→</span>
 700円ＯＦＦクーポン　
 500円ＯＦＦクーポン　
 300円ＯＦＦクーポン　
 【商品のご質問、お問い合わせはコチラ】
 </div>",冷え性対策 送料無料［勝野式　足くび温快(左右セット)］冷え性でお悩みの方！足先までHOT温める♪遠赤外線の足首ウォーマー(足首サポーター)防寒、保温に優れており、疲れ・むくみ対策に！【あす楽】：健康 美容雑貨 メイダイ楽天市場店,骨盤矯正オフィス サンダルカードケース座椅子 腰痛レイン シューズカバー レインポンチョサポーター ふくらはぎ猫背 矯正外反母趾猫背勝野式姿勢矯正円座 クッションメイダイ腰痛矯正インナー痔 クッションレインコート砂糖入れ骨盤クッション冷え性対策 送料無料［勝野式　足くび温快(左右セット)］冷え性でお悩みの方！足先までHOT温める♪遠赤外線の足首ウォーマー(足首サポーター)防寒、保温に優れており、疲れ・むくみ対策に！【あす楽】,冷え性でお悩みの方！足首ウォーマーで足先まで温める♪。冷え性対策 送料無料［勝野式　足くび温快(左右セット)］冷え性でお悩みの方！足先までHOT温める♪遠赤外線の足首ウォーマー(足首サポーター)防寒、保温に優れており、疲れ・むくみ対策に！【あす楽】[rn]
29-15039,http://tshop.r10s.jp/auc-honesty/cabinet/itemimage/17000/17066.jpg?fitin=700:700,792.0000,,インナー・下着・ナイトウエア > レディース靴下・レッグウエア > レディース靴下 > その他,【即納】【在庫処分】スリムプロジェクトソックス 2足セット 加圧・着圧靴下【あす楽対応】,ソックスでありながらダイエット効果！,"<div class=""shohinwaku"" style=""font-size: 12px; width: 600px; margin-right: auto; margin-left: auto; line-height: 1.5em; text-align: center;"">

<div style=""font-size:15px;border: 1px solid #0CC; color: #333; margin-top: 15px;  margin-bottom: 15px; text-align: center; background-color: #B4EEB4; font-weight:bold;"">
スリムプロジェクトソックス 2セット
</div>


<img src=""http://image.rakuten.co.jp/auc-honesty/cabinet/itemimage/17000/17066.jpg"" alt="" スリムプロジェクトソックス 2セット"">


<div style=""border-bottom-width: 3px; border-bottom-style: double; padding-bottom: 5px; border-bottom-color: #93F9D8; padding-top: 5px; font-weight: bold; margin-top: 15px; margin-bottom: 5px; text-align: left; color: #666;"">材質</div>
<div style=""text-align: left;"">
ナイロン、ポリエステル
</div>
<div style=""border-bottom-width: 3px; border-bottom-style: double; padding-bottom: 5px; border-bottom-color: #93F9D8; padding-top: 5px; font-weight: bold; margin-top: 15px; margin-bottom: 5px; text-align: left; color: #666;"">仕様</div>
<div style=""text-align: left;"">
カラー：ブラック<br>
柄：ダイヤ<br>
2足セット
</div>
<div style=""border-bottom-width: 3px; border-bottom-style: double; padding-bottom: 5px; border-bottom-color: #93F9D8; padding-top: 5px; font-weight: bold; margin-top: 15px; margin-bottom: 5px; text-align: left; color: #666;"">製造国</div>
<div style=""text-align: left;"">
中国
</div>
<div style=""border-bottom-width: 3px; border-bottom-style: double; padding-bottom: 5px; border-bottom-color: #93F9D8; padding-top: 5px; font-weight: bold; margin-top: 15px; margin-bottom: 5px; text-align: left; color: #666;"">サイズ</div>
<div style=""text-align: left;"">
23-25cm
</div>

<div style=""border-bottom-width: 3px; border-bottom-style: double; padding-bottom: 5px; border-bottom-color: #93F9D8; padding-top: 5px; font-weight: bold; margin-top: 15px;margin-bottom: 5px; text-align: left; color: #666;"">商品説明</div>
<div style=""text-align: left;"">
誰もがみんな悩んでいる女性の天敵…！<br>
そこでこのソックス！！
<br><br>
生活パターンに合わせて効果が変わる！<br>
立っているとき！座っているとき！寝ているとき！<br>
どんな時にも効果は持続！<br>
ソックスでありながらダイエット効果！
</div>
<div style=""border-bottom-width: 3px; border-bottom-style: double; padding-bottom: 5px; border-bottom-color: #93F9D8; padding-top: 5px; font-weight: bold; margin-top: 15px; margin-bottom: 5px; text-align: left; color: #666;"">ご使用方法</div>
<div style=""text-align: left;"">
（1）靴下をたぐり寄せ、つま先から履きます。<br>
（2）かかとの位置を合わせます。<br>
（3）両手で少しずつ引き上げます。
</div>
<div style=""border-bottom-width: 3px; border-bottom-style: double; padding-bottom: 5px; border-bottom-color: #93F9D8; padding-top: 5px; font-weight: bold; margin-top: 15px; margin-bottom: 5px; text-align: left; color: #666;"">ご注意</div>
<div style=""text-align: left;"">
■お肌に合わない場合や、かぶれ・かゆみ等を感じた場合はご使用をおやめください。<br>
■傷・かぶれ・湿疹等のある際のご使用はお止めください。<br>
■生地部分に爪を立て、無理に引っ張ると破れる恐れがあります。着脱の際はご注意下さい。<br>
■締め過ぎや長時間着用される場合は、適度な着脱を繰り返して下さい。<br>
■使用感には個人差があります。<br>
■ご使用中またはご使用後に異常を感じた際はご使用をおやめ下さい。<br>
■妊娠中の方や妊娠の可能のある方はご使用しないでください。<br>
■乳幼児の手の届かない場所に保管してください。<br>
■火気のそばや高温多湿な場所、直射日光の当たる場所に保管しないでください。<br>
■靴下を膝裏にかかるまで引き上げ過ぎない様にしてください。膝裏の血行を悪くするおそれがあります。<br>
■気分が悪くなったり、発疹、痛み等の異常を感じた場合はすぐに使用を中止して下さい。<br>
■水や汗等湿った状態で強い摩擦を受けると他のものに色移りするおそれがあります。万一色移りした場合は早めに洗濯してください。<br>
■本来の目的以外でのご使用はおやめください。<br>
■印刷の都合上、実際の商品と多少色が異なる場合があります。 洗濯時のご注意<br>
■塩素系漂白剤は絶対に使用しないでください。<br>
■色落ち・色移りする場合がありますので、色の異なるものと長時間、洗液につけ置きしないでください。
</div>
</div><table border=""0"" cellspacing=""0"" cellpadding=""2"">
<tr valign=""top"">
<td nowrap></td>
</tr>
</table><!-- ECTOOL-CSS -->
<link href=""http://www.rakuten.ne.jp/gold/auc-honesty/ectool/rnewitem/shared_resource/system_style.css"" rel=""stylesheet"" type=""text/css"">

<div>&nbsp;</div>
<!-- 本日の売れ筋ランキング -->
<img src=http://image.rakuten.co.jp/auc-honesty/cabinet/layout/main_uresuji_banner.jpg alt=本日の売れ筋ランキング class=pdtop>

<div>&nbsp;</div>
<!-- リアルタイム注文速報 -->
<img src=http://image.rakuten.co.jp/auc-honesty/cabinet/layout/main_real_banner.jpg alt=リアルタイム注文速報 class=pdtop>

<div>&nbsp;</div>

<img src=http://image.rakuten.co.jp/auc-honesty/cabinet/layout/main_rank_banner.jpg alt=楽天売上ランキングに入賞しました！>
<!--GoQSystemランキング自動更新ツールワイド-->
<div style=""overflow:auto; width:675; height:600;"">

</div>
<!--GoQSystemランキング自動更新ツールワイド-->
<!-- お客様の声 -->
<div>&nbsp;</div>
<img src=http://image.rakuten.co.jp/auc-honesty/cabinet/layout/main_voice_banner.jpg alt=お客様の声>
<div>&nbsp;</div>

<div>&nbsp;</div>",【即納】【在庫処分】スリムプロジェクトソックス 2足セット 加圧・着圧靴下【あす楽対応】：生活発掘倶楽部楽天市場支店,永切れ王省スペースシューズラックmini-cargoオキシクリーン 3WAY水切りボウルセノ・ビージャンボ散髪マントニュースモークシャットおねしょ対策ケットプエルラ割れないミラーパイル地おねしょシート服の神洗濯槽キレイサッパリ ねこきゅう マウスパッドプロポリンスバランス＆ツイストボード キュキュプロ バリカンレッドブル アサイー酵素スムージー【即納】【在庫処分】スリムプロジェクトソックス 2足セット 加圧・着圧靴下【あす楽対応】,ソックスでありながらダイエット効果！。【即納】【在庫処分】スリムプロジェクトソックス 2足セット 加圧・着圧靴下【あす楽対応】[rn]
29-15040,http://tshop.r10s.jp/auc-honesty/cabinet/itemimage/16000/16277.jpg?fitin=700:700,632.0000,,インナー・下着・ナイトウエア > レディース靴下・レッグウエア > レディース靴下 > その他,寝ながらリラモミソックス ブラック/ラベンダー,ギュッと引き締める着圧凹凸編み！,"<div class=""shohinwaku"" style=""font-size: 12px; width: 600px; margin-right: auto; margin-left: auto; line-height: 1.5em; text-align: center;"">

<div style=""font-size:15px;border: 1px solid #0CC; color: #333; margin-top: 15px;  margin-bottom: 15px; text-align: center; background-color: #B4EEB4; font-weight:bold;"">
寝ながらリラモミソックス
</div>


<img src=""http://image.rakuten.co.jp/auc-honesty/cabinet/itemimage/16000/16277.jpg"" alt="" 寝ながらリラモミソックス "">
<br>
<br>


<div style=""border-bottom-width: 3px; border-bottom-style: double; padding-bottom: 5px; border-bottom-color: #93F9D8; padding-top: 5px; font-weight: bold; margin-top: 15px; margin-bottom: 5px; text-align: left; color: #666;"">材質</div>
<div style=""text-align: left;"">
ナイロン86％、ポリウレタン7％、ポリエステル7％
</div>

<div style=""border-bottom-width: 3px; border-bottom-style: double; padding-bottom: 5px; border-bottom-color: #93F9D8; padding-top: 5px; font-weight: bold; margin-top: 15px; margin-bottom: 5px; text-align: left; color: #666;"">適応サイズ</div>
<div style=""text-align: left;"">
ふくらはぎ：（約）30-42cmまで
</div>

<div style=""border-bottom-width: 3px; border-bottom-style: double; padding-bottom: 5px; border-bottom-color: #93F9D8; padding-top: 5px; font-weight: bold; margin-top: 15px; margin-bottom: 5px; text-align: left; color: #666;"">製造国</div>
<div style=""text-align: left;"">
中国
</div>

<div style=""border-bottom-width: 3px; border-bottom-style: double; padding-bottom: 5px; border-bottom-color: #93F9D8; padding-top: 5px; font-weight: bold; margin-top: 15px;margin-bottom: 5px; text-align: left; color: #666;"">商品説明</div>
<div style=""text-align: left;"">
■ギュッと引き締める着圧凹凸編み<br>
編みたてを変えた部位別着圧で、ふくらはぎをギュツと引き締めます。<br>
<br>
■5段階の着圧編み<br>
足裏からふくらはぎにかけて施された５段階の着圧編みが心地よく引き締め、寝ている間もスッキリ美脚へとサポートします。<br>
<br>
■やさしくフィットするはき口<br>
はき口はやさしくフィットし、ずれ落ちにくくなっています。<br>
<br>
■オープントゥタイプ<br>
つま先オープンで窮屈感がなく、寝ている間も爽快なはき心地。<br>
<br>
■1日がんばった脚を引き締めてスッキリ<br>
長時間立ちっぱなしや、デスクワーク、家事などで、少し靴がきついと感じる時も、就寝時に寝ながらリラモミソックスをはけば、足裏からふくらはぎを寝ている間に引き締めて、スッキリ気持ちいい。
</div>

</div><table border=""0"" cellspacing=""0"" cellpadding=""2"">
<tr valign=""top"">
<td nowrap></td>
</tr>
</table><!-- ECTOOL-CSS -->
<link href=""http://www.rakuten.ne.jp/gold/auc-honesty/ectool/rnewitem/shared_resource/system_style.css"" rel=""stylesheet"" type=""text/css"">

<div>&nbsp;</div>
<!-- 本日の売れ筋ランキング -->
<img src=http://image.rakuten.co.jp/auc-honesty/cabinet/layout/main_uresuji_banner.jpg alt=本日の売れ筋ランキング class=pdtop>

<div>&nbsp;</div>
<!-- リアルタイム注文速報 -->
<img src=http://image.rakuten.co.jp/auc-honesty/cabinet/layout/main_real_banner.jpg alt=リアルタイム注文速報 class=pdtop>

<div>&nbsp;</div>

<img src=http://image.rakuten.co.jp/auc-honesty/cabinet/layout/main_rank_banner.jpg alt=楽天売上ランキングに入賞しました！>
<!--GoQSystemランキング自動更新ツールワイド-->
<div style=""overflow:auto; width:675; height:600;"">

</div>
<!--GoQSystemランキング自動更新ツールワイド-->
<!-- お客様の声 -->
<div>&nbsp;</div>
<img src=http://image.rakuten.co.jp/auc-honesty/cabinet/layout/main_voice_banner.jpg alt=お客様の声>
<div>&nbsp;</div>

<div>&nbsp;</div>",寝ながらリラモミソックス ブラック/ラベンダー：生活発掘倶楽部楽天市場支店,永切れ王省スペースシューズラックmini-cargoオキシクリーン 3WAY水切りボウルセノ・ビージャンボ散髪マントニュースモークシャットおねしょ対策ケットプエルラ割れないミラーパイル地おねしょシート服の神洗濯槽キレイサッパリ ねこきゅう マウスパッドプロポリンスバランス＆ツイストボード キュキュプロ バリカンレッドブル アサイー酵素スムージー寝ながらリラモミソックス ブラック/ラベンダー,ギュッと引き締める着圧凹凸編み！。寝ながらリラモミソックス ブラック/ラベンダー[rn]
29-15041,http://tshop.r10s.jp/auc-honesty/cabinet/itemimage/12400/12415.jpg?fitin=700:700,2664.8000,,インナー・下着・ナイトウエア > レディース靴下・レッグウエア > レディース靴下 > その他,婦人二重編ソックス,足先が冷える方におすすめの靴下！かかとのカサカサにも！,"<div class=""shohinwaku"" style=""font-size: 12px; width: 600px; margin-right: auto; margin-left: auto; line-height: 1.5em; text-align: center;"">

<div style=""font-size:15px;border: 1px solid #0CC; color: #333; margin-top: 15px;  margin-bottom: 15px; text-align: center; background-color: #B4EEB4; font-weight:bold;"">
婦人二重編ソックス
</div>


<img src=""http://image.rakuten.co.jp/auc-honesty/cabinet/itemimage/12400/12415.jpg"" alt=""婦人二重編ソックス"">
<br><br>
<img src=""http://image.rakuten.co.jp/auc-honesty/cabinet/itemimage/12400/12415-1.jpg"">


<div style=""border-bottom-width: 3px; border-bottom-style: double; padding-bottom: 5px; border-bottom-color: #93F9D8; padding-top: 5px; font-weight: bold; margin-top: 15px; margin-bottom: 5px; text-align: left; color: #666;"">材質</div>
<div style=""text-align: left;"">
ポリエステル(天然鉱石オーラストーン含有)<br>
表側：アンゴラ・アクリル
</div>

<div style=""border-bottom-width: 3px; border-bottom-style: double; padding-bottom: 5px; border-bottom-color: #93F9D8; padding-top: 5px; font-weight: bold; margin-top: 15px;margin-bottom: 5px; text-align: left; color: #666;"">商品説明</div>
<div style=""text-align: left;"">
足先が冷える方におすすめ！<br>
かかとのカサカサにも！
<br><br>
履いていて暖かく、ムレや臭いも抑えます。<br>
足先が冷える方や、かかとのカサカサにもおすすめです。
</div>

</div><table border=""0"" cellspacing=""0"" cellpadding=""2"">
<tr valign=""top"">
<td nowrap></td>
</tr>
</table><!-- ECTOOL-CSS -->
<link href=""http://www.rakuten.ne.jp/gold/auc-honesty/ectool/rnewitem/shared_resource/system_style.css"" rel=""stylesheet"" type=""text/css"">

<div>&nbsp;</div>
<!-- 本日の売れ筋ランキング -->
<img src=http://image.rakuten.co.jp/auc-honesty/cabinet/layout/main_uresuji_banner.jpg alt=本日の売れ筋ランキング class=pdtop>

<div>&nbsp;</div>
<!-- リアルタイム注文速報 -->
<img src=http://image.rakuten.co.jp/auc-honesty/cabinet/layout/main_real_banner.jpg alt=リアルタイム注文速報 class=pdtop>

<div>&nbsp;</div>

<img src=http://image.rakuten.co.jp/auc-honesty/cabinet/layout/main_rank_banner.jpg alt=楽天売上ランキングに入賞しました！>
<!--GoQSystemランキング自動更新ツールワイド-->
<div style=""overflow:auto; width:675; height:600;"">

</div>
<!--GoQSystemランキング自動更新ツールワイド-->
<!-- お客様の声 -->
<div>&nbsp;</div>
<img src=http://image.rakuten.co.jp/auc-honesty/cabinet/layout/main_voice_banner.jpg alt=お客様の声>
<div>&nbsp;</div>

<div>&nbsp;</div>",婦人二重編ソックス：生活発掘倶楽部楽天市場支店,永切れ王省スペースシューズラックmini-cargoオキシクリーン 3WAY水切りボウルセノ・ビージャンボ散髪マントニュースモークシャットおねしょ対策ケットプエルラ割れないミラーパイル地おねしょシート服の神洗濯槽キレイサッパリ ねこきゅう マウスパッドプロポリンスバランス＆ツイストボード キュキュプロ バリカンレッドブル アサイー酵素スムージー婦人二重編ソックス,足先が冷える方におすすめの靴下！かかとのカサカサにも！。婦人二重編ソックス[rn]
29-15042,http://tshop.r10s.jp/umonishiki/cabinet/04soxmaru/so-0764.jpg?fitin=700:700,856.0000,,インナー・下着・ナイトウエア > レディース靴下・レッグウエア > レディース靴下 > その他,【在庫限りsale】シルク 靴下 ひざ上丈 ロング 厚手2.0mm【10P03Dec16】,シルク 靴下で健康素足♪,"<img src=""http://image.rakuten.co.jp/umonishiki/cabinet/04soxmaru/so-0764-01.gif"" border=""0""><br>
<br>
遠赤外線素材と天然シルクのW効果で不思議なほどの暖かさ！<br>
<br>
表部分に赤外線を放射する特殊セラミックを練り込んだ素材「カネボウ　マソニックA」を使用し、<br>
肌に直接触れる内側は天然シルク100%で編みました。<br>
遠赤外線の温熱効果とシルクの汗を吸収して保温する相乗効果により快適であったか！<br>
天然シルクはムレずに爽やかで、お肌に潤いを与え、角質が出来にくくカサつきません。<br>
膝上までのロング丈で足を冷えから守ります。 <br>
<br>
<br>
■商品情報
<table>
  <tbody>
    <tr>
      <td bgcolor=""#f3f2ed"">素材</td>
      <td>シルク(絹)、アクリル、ナイロン、ポリウレタン</td>
    </tr>
    <tr>
      <td bgcolor=""#f3f2ed"">サイズ</td>
      <td>22-24.5cm</td>
    </tr>
    <tr>
      <td bgcolor=""#f3f2ed"">生地の厚さ</td>
      <td>2.0mm</td>
    </tr>
    <tr>
      <td bgcolor=""#f3f2ed"">生産国</td>
      <td>日本</td>
    </tr>
    <tr>
      <td bgcolor=""#f3f2ed"">あたたかさ</td>
      <td><font color=""#ff0000"">★★★★★</font></td>
    </tr>
    <tr>
      <td bgcolor=""#f3f2ed"">汗取り度</td>
      <td><font color=""#ff0000"">★★★★★</font></td>
    </tr>
    <tr>
      <td bgcolor=""#f3f2ed"">肌ざわり</td>
      <td><font color=""#ff0000"">★★★★★</font></td>
    </tr>
    <tr>
      <td bgcolor=""#f3f2ed"">高級感</td>
      <td><font color=""#ff0000"">★★★★★</font></td>
    </tr>
    <tr>
      <td bgcolor=""#f3f2ed"">生地の質</td>
      <td><font color=""#ff0000"">★★★★★</font></td>
    </tr>
    <tr>
      <td bgcolor=""#f3f2ed"">縫製の質</td>
      <td><font color=""#ff0000"">★★★★★</font></td>
    </tr>
    <tr>
      <td bgcolor=""#f3f2ed"">適合シーズン</td>
      <td>冬◎　春秋◎　夏△</td>
    </tr>
  </tbody>
</table>
<br>
<br>
■洗濯について
<table>
  <tbody>
    <tr>
      <td><img border=""0"" src=""http://image.rakuten.co.jp/umonishiki/cabinet/sen.gif"">洗濯ネットに入れれば、普通に洗濯できます。<br>
      <br>
      【より長持ちさせたい場合】<br>
      ・中性洗剤を使い、手洗い、または、洗濯機の「弱」で洗って下さい。<br>
      ・洗濯機を使う場合は、洗濯ネットに入れて、単独で洗って下さい。<br>
      ・漂白剤、乾燥機は使わないで下さい。<br>
      ・アイロンがけする場合は、中～低温で。<br>
      ・陰干しして下さい。</td>
    </tr>
  </tbody>
</table>
ラッピングについて<br>シルク靴下<br><br><br><br>【シルクソックス】【シルク靴下　シルクの靴下】【絹靴下】【シルク 靴下】 silk sox しもやけ 【こだわりシルク】【敏感肌】【敏感肌用下着】【乾燥肌】<br>",【在庫限りsale】シルク 靴下 ひざ上丈 ロング 厚手2.0mm【10P03Dec16】：シルクル,シルク絹下着インナーブラジャーキャミソールタンクトップショーツ腹巻靴下ソックスパジャマ5本指五本指冷えとり冷え取り冷えとり靴下冷え取り靴下レッグウォーマーレギンス【在庫限りsale】シルク 靴下 ひざ上丈 ロング 厚手2.0mm【10P03Dec16】,シルク 靴下で健康素足♪。【在庫限りsale】シルク 靴下 ひざ上丈 ロング 厚手2.0mm【10P03Dec16】[rn]
29-15043,http://tshop.r10s.jp/cinemacollection/cabinet/r20120828/okt-130729-972.jpg?fitin=700:700,159.2000,,インナー・下着・ナイトウエア > レディース靴下・レッグウエア > レディース靴下 > その他,SMILE スマイル アンクルソックス かわいい靴下通販 【メール便可】【あす楽】,,"<center><a href=""http://event.rakuten.co.jp/asuraku/about/"" target=""_new"" ><img src=""http://image.rakuten.co.jp/cinemacollection/cabinet/asuraku-s2.jpg"" width=""800"" border=""0"" vspace=""5""></a></center><br><br><center><img src=""http://image.rakuten.co.jp/cinemacollection/cabinet/asuraku-s.jpg"" width=""800"" border=""0"" vspace=""5""></center><center><a href=""http://www.rakuten.ne.jp/gold/cinemacollection/answer.html#c1q3"" target=""_new""><img width=""750"" border=""0"" src=""http://image.rakuten.co.jp/cinemacollection/cabinet/r-mail580.jpg"" height=""50"" vspace=""5""></a></center><br><br>SMILE/スマイル◎アンクルソックス☆かわいい靴下通販☆【メール便可】【あす楽】【RCP】◆<!-- ★お気に入り--><div class=""w280-c""><div class=""center-m-0a""><img class=""item-oki-bn"" alt=""キャラクターグッズ通販シネマコレクションのお気に入りリストを確認する"" src=""http://image.rakuten.co.jp/cinemacollection/cabinet/oki-2.gif""></div></div><!-- ★お気に入りココまで--><!--★削除不可--></span></td></tr></table><br></td></tr></table><br><table cellpadding=""0"" border=""0""><tr><td><table cellpadding=""0"" border=""0""><tr><td><span><!--関連検索キーワード--><div style=""width:100%;text-align: center""><h3 style=""color:#7f7f7f;"">オクタニ/アメカジ/可愛い/ユニセックス/雑貨/通販</h3><img style=""margin:15px 0 10px 0;width:100% ;border:none;"" alt=""キャラクターグッズ専門店/シネマコレクション/商品詳細"" src=""http://www.rakuten.ne.jp/gold/cinemacollection/bn/item-bn01.gif"" /><div style=""color:#7f7f7f;width:90%;margin:0 auto;#efefef solid 1px;padding:10px;text-align: left;"">ポップでカラフルなスニーカーソックス☆が大量入荷!!<br>伸縮性抜群で23cm～26cmまで対応可能だからカップルでペアソックスにも出来ちゃいます♪<br>しかし、何と言ってもこのプライス!!5足買っても1000円以下◎<br>可愛いデザインをまとめ買いしちゃおう↑<br><br>■サイズ：約23～26cm</div></div><div style=""width:100%;text-align: center;""><img style=""margin:15px 0 10px 0;width:100% ;border:none;"" alt=""キャラクターグッズ専門店/シネマコレクション/詳細画像"" src=""http://www.rakuten.ne.jp/gold/cinemacollection/bn/item-bn02.gif"" /><div style=""width:100%;margin:0 auto;""><img width=""260"" hspace=""2"" vspace=""2"" border=""0"" src=""http://image.rakuten.co.jp/cinemacollection/cabinet/r20120828/okt-130729-972.jpg""><img width=""260"" hspace=""2"" vspace=""2"" border=""0"" src=""http://image.rakuten.co.jp/cinemacollection/cabinet/r20120828/okt-130729-972_2.jpg""><img width=""260"" hspace=""2"" vspace=""2"" border=""0"" src=""http://image.rakuten.co.jp/cinemacollection/cabinet/r20120828/okt-130729-972_3.jpg""></div></div><!--関連検索キーワード--><div class=""kanren-link"">このカテゴリにはこんな商品が含まれています<br><br><span class=""kanren-link"">アパレル【靴下：レディース】</span></div><!--★ココまで--><!--関連検索キーワード--><div class=""kanren-link"">これを見た人はこんなキーワードで検索しています<br><br><span class=""kanren-link"">女性用 靴下</span><span class=""kanren-link"">レディース ソックス</span><span class=""kanren-link"">キャラクター柄</span><span class=""kanren-link"">キャラクター 靴下</span><span class=""kanren-link"">レディースサイズ</span><span class=""kanren-link"">キャラクター ファッション</span><span class=""kanren-link"">キャラクター パンツ</span><span class=""kanren-link"">キャラクター シャツ</span><span class=""kanren-link"">キャラクター ソックス</span><span class=""kanren-link"">キャラクター バッグ</span></div><!--★ココまで--><!--7600-->

</TD></TR></TABLE><br><br>


<!--新着 -->

<img style=""width:800px;margin:0 0 10px 0;border:none;"" src=""http://image.rakuten.co.jp/cinemacollection/cabinet/sin.gif""><br>
<div style=""width:750px;margin: 0 auto;padding:15px;text-align:right;font-weight:bold;font-size:18px;"">>>新着情報のつづきはこちら</div>
<br>
<div style=""width:750px;margin: 0 auto;padding:15px;text-align:right;font-weight:bold;font-size:18px;"">>>新着情報のつづきはこちら</div>






<img style=""width:800px;margin:0 0 10px 0;border:none;"" src=""http://image.rakuten.co.jp/cinemacollection/cabinet/car.gif""><br>
<table width=""800""><tr><td width=""800"" align=""right"">⇒すべてのキャラクターはこちら</td></tr><tr><td><br><br>

<br><br>
</td></tr></table><br><br>


<img style=""width:800px;margin:0 0 10px 0;border:none;"" src=""http://image.rakuten.co.jp/cinemacollection/cabinet/cat.gif""><br>
</center>


<!-- -->

<style>
/*買い物カゴボタン*/
#rakutenLimitedId_aroundCart input {
	width: 280px;
	height: 150px;
	background:url(http://image.rakuten.co.jp/cinemacollection/cabinet/cart.gif) #ffffff no-repeat;
	overflow: hidden;
	border-width: 0px;
	cursor: pointer !important;
	text-indent: 150%;
	white-space: nowrap;
	margin: 5px 0 0 0;
	display:block;
}

#rakutenLimitedId_aroundCart .inventory input {
	background:none !important;
	width: 2em!important;
	height: 1.2em!important;
	display:inline;
}


/*個数テキスト*/
#rakutenLimitedId_aroundCart .unit {
	font-size:16px;
}

/*個数入力*/
#rakutenLimitedId_aroundCart input#units {
	border:solid #ccc 1px;
	background:#fff!important;
	width:30px;
	height:30px;
	cursor:auto;
	padding:7px 7px 7px 3px;
	text-indent: 0px;
	overflow: hidden;
	display:inline;
	font-size:16px;
}

/*お問い合わせボタン*/
#rakutenLimitedId_aroundCart font input {
	width: 280px;
	height: 80px;
	background:url(http://image.rakuten.co.jp/cinemacollection/cabinet/toi.gif) #ffffff no-repeat;
	overflow: hidden;
	border-width: 0px;
	cursor: pointer !important;
	text-indent: 150%;
	white-space: nowrap;
	margin: 5px 0 0 0;
	display:block;
}

#serviceTableSml .favorite {
	display:block;
	width: 280px;
}

#serviceTableSml .favorite .bookmarkArea div{
	width: 280px!important;
}

#serviceTableSml .favorite .bkm a {
	width: 280px!important;
	height: 300px!important;
	background:url(http://image.rakuten.co.jp/cinemacollection/cabinet/oki.gif) #ffffff no-repeat;
	overflow: hidden;
	border-width: 0px;
	cursor: pointer !important;
	text-indent:-150%;
	margin: 5px 0 0 0;
	display:block;
}


/*お気に入り*/

div.w280-c  {width:280px;text-align: center;}
div.center-m-0a  {margin:0 auto;}
.item-oki-bn  {width:280px;margin:2px 0;border:none;}
.item-iframe  {margin:0px;border:0px;}

div.kanren-link {color:#7f7f7f;width:90%;margin:20px auto;padding:20px;text-align: left;font-size:1.2em;background-color:#ffffff;border:dotted 2px #ff8033;}
span.kanren-link {margin:10px ;padding: 0 0 0 0.5em;font-size:1.2em;
background:url(http://image.rakuten.co.jp/mm-pop/cabinet/link-head-pk.gif) no-repeat 0 0.45em;
}
a:link kanren-link{font-size:1.2em; color:#3380ff;text-decoration:none;}

</style>




<!-- 
<syle type=""text/css"">
 html,body{ overflow-x:hidden; }

a:link {color:#3380ff;}
a:visited {color:#666;}
a:hover {color:#333;}
a:active {color:#333;}
a{text-decoration:none;}
img {border:none; vertical-align:bottom;}
p {margin:0; padding:0; font-size:80%;}
p.resizeimage img { width: 98%; }
p.resizeimage2 img { width: 90%; }
a:hover img {opacity: 0.6; filter: alpha(opacity=60); -moz-opacity: 0.6;}


img.topbn{margin:10px 0;border:none;}
div.disc3 {width:100%;margin: 0 auto;padding:15px;background:#efefef;text-align:left;font-weight:bold;font-size:18px;}

 </style>
-->


<style type=""text/css"">
<!--

div#HeaderKeyword {
	position:absolute;
	top:60px;/*一番上からの位置*/
	left:60px;/*左端からの位置*/
}

div#HeaderKeyword span {
	background: #bf0000;
	color:#fff;
	font-weight:bold;
	padding:2px 5px;
}

div#HeaderKeyword a {
	color:#0044CC;
}

-->
</style>
<div id=""HeaderKeyword"">
<span>注目のキーワード</span>
>>文房具
>>バッグ
>>お財布
>>スヌーピー

</div>",SMILE スマイル アンクルソックス かわいい靴下通販 【メール便可】【あす楽】：キャラクターのシネマコレクション,キャラクターキャラクターグッズキャラクター雑貨雑貨サンリオディズニーゆるキャラミッキーキティくまモンワンピースアニメアニメグッズタオル文具文房具インテリア生活雑貨キッズ子どもSMILE スマイル アンクルソックス かわいい靴下通販 【メール便可】【あす楽】,SMILE スマイル アンクルソックス かわいい靴下通販 【メール便可】【あす楽】[rn]
29-15044,http://tshop.r10s.jp/oliveavenue/cabinet/450_13/imgrc0065170604.jpg?fitin=700:700,2560.0000,,バッグ・小物・ブランド雑貨 > 帽子 > レディース帽子 > その他,【ゆうメール選択で送料無料】French Bull（フレンチブル） ローンターバン,　,"<font size=""1"" color=""#333333"">
こちらの商品は「日本郵便　ゆうメール」、「ヤマト運輸DM便」にてお届け出来ます。
＜ 詳しくはこちら ＞<br>
<br>
写真上：グレー<BR>
写真中：上/ネイビー 下/グレー<BR>
写真下：上/ネイビー 下/グレー<BR>


</font><BR>
<BR><BR></font><font size=""2"" color=""#ff4500""><b>こちらの商品はゆうメール送料無料商品です。1枚からゆうメール送料無料で配送させていただきます。ご注文時は送料がかかりますが、後程送料無料に訂正させていただきます。ご希望の方はご注文時、配送欄にて「日本郵便　ゆうメール」をご選択ください。「ヤマト運輸 DM便」や「宅急便」をご選択いただきました際は送料がかかりますのでご了承ください。同梱商品も送料無料になります。同梱商品はゆうメール配送可能な商品に限ります。また同梱商品はゆうメール送料無料商品と一緒の封筒で配送できる個数が送料無料の対象となります。同梱商品を複数ご注文いただき、ゆうメール送料無料商品と一緒の封筒で配送できない場合は、所定の送料を頂戴いたしますので何卒ご了承ください。<style TYPE=""text/css"">
<!--
td.inventory font{font-size:12px;color:#bd0000;}
td.inventory{word-wrap:break-word;width:100px;}
-->
</style>",【ゆうメール選択で送料無料】French Bull（フレンチブル） ローンターバン：オリーブアベニュー,French Bullフレンチブルソックス倉敷意匠計画室倉敷意匠中川政七商店fog linen workfog キッチンクロスつくし文具店Cavalliniマスキングテープ水縞おはぎやま夜長堂Lisa Larson松尾ミユキ関 美穂子SIWAKAMIORI KAORIKanmi.【ゆうメール選択で送料無料】French Bull（フレンチブル） ローンターバン,　。【ゆうメール選択で送料無料】French Bull（フレンチブル） ローンターバン[rn]
29-15045,http://tshop.r10s.jp/oliveavenue/cabinet/450_13/imgrc0065100888.jpg?fitin=700:700,2800.0000,,バッグ・小物・ブランド雑貨 > 帽子 > レディース帽子 > その他,【ゆうメール選択で送料無料】French Bull（フレンチブル）スラブミックスターバン,　,"<font size=""1"" color=""#333333"">
こちらの商品は「日本郵便　ゆうメール」、「ヤマト運輸DM便」にてお届け出来ます。
＜ 詳しくはこちら ＞<br>
<br>
写真上：グリーンティ<BR>
写真中：上からグリーンティ、ライトブラウン、ブルー<BR>



</font><BR>
<BR><BR></font><font size=""2"" color=""#ff4500""><b>こちらの商品はゆうメール送料無料商品です。1枚からゆうメール送料無料で配送させていただきます。ご注文時は送料がかかりますが、後程送料無料に訂正させていただきます。ご希望の方はご注文時、配送欄にて「日本郵便　ゆうメール」をご選択ください。「ヤマト運輸 DM便」や「宅急便」をご選択いただきました際は送料がかかりますのでご了承ください。同梱商品も送料無料になります。同梱商品はゆうメール配送可能な商品に限ります。また同梱商品はゆうメール送料無料商品と一緒の封筒で配送できる個数が送料無料の対象となります。同梱商品を複数ご注文いただき、ゆうメール送料無料商品と一緒の封筒で配送できない場合は、所定の送料を頂戴いたしますので何卒ご了承ください。<style TYPE=""text/css"">
<!--
td.inventory font{font-size:12px;color:#bd0000;}
td.inventory{word-wrap:break-word;width:100px;}
-->
</style>",【ゆうメール選択で送料無料】French Bull（フレンチブル）スラブミックスターバン：オリーブアベニュー,French Bullフレンチブルソックス倉敷意匠計画室倉敷意匠中川政七商店fog linen workfog キッチンクロスつくし文具店Cavalliniマスキングテープ水縞おはぎやま夜長堂Lisa Larson松尾ミユキ関 美穂子SIWAKAMIORI KAORIKanmi.【ゆうメール選択で送料無料】French Bull（フレンチブル）スラブミックスターバン,　。【ゆうメール選択で送料無料】French Bull（フレンチブル）スラブミックスターバン[rn]
29-15046,http://tshop.r10s.jp/ezehome/cabinet/imagebox26/20487-1-h.jpg?fitin=700:700,2000.0000,,バッグ・小物・ブランド雑貨 > 帽子 > レディース帽子 > その他,女優帽  【ネコポスで送料無料】 帽子 レディース uv 折りたたみ デニム リボン UV女優帽　 つば広,持ち運びに便利な折り畳みuv女優帽！選べる全8種類,"<TABLE BORDER=0 BGCOLOR=""#999999"" CELLPADDING=""4"" CELLSPACING=""1"" width=300><TR><TD style=""COLOR: #666666; BACKGROUND: #ffffff;"" width=70><FONT SIZE=2>サイズ</FONT></TD><TD style=""COLOR: #666666; BACKGROUND: #ffffff;""width=200><FONT SIZE=2>【適応サイズ】<BR>頭位約57～60cm<BR></FONT></TD></TR><TR><TD style=""COLOR: #666666; BACKGROUND: #ffffff;"" width=70><FONT SIZE=2>素材</FONT></TD><TD style=""COLOR: #666666; BACKGROUND: #ffffff;"" width=200><FONT SIZE=2>ポリエステル100％</FONT></TD></TR><TR><TD style=""COLOR: #666666; BACKGROUND: #ffffff;"" width=70><FONT SIZE=2>ＵＶ遮蔽率</FONT></TD><TD style=""COLOR: #666666; BACKGROUND: #ffffff;"" width=200><FONT SIZE=2>ツバ広 / ブラック： 約97％<BR>ツバ広 / ネイビー： 約98％<BR>ツバ広 / ベージュ： 約89％<BR><BR>デニム調 / ライトブルー： 約99％<BR>デニム調 / インディゴ： 約97％<BR>デニム調 / ブラック： 約99％<BR></FONT></TD></TR><TR><TD style=""COLOR: #666666; BACKGROUND: #ffffff;"" width=70><FONT SIZE=2>ご注意</FONT></TD><TD style=""COLOR: #666666; BACKGROUND: #ffffff;"" width=200><FONT SIZE=2>■濃色の場合は、水や汗などで湿った状態で強く擦ると他のものに色移りする恐れがあります。万一色移りした場合は早めに洗濯してください。<BR><BR>■洗濯の際は、洗濯機・乾燥機のご利用を避け、単独でやさしく手洗いしてください。<BR><BR>■漂白剤は生地を傷めますので使用しないでください。<BR><BR>■多少色落ちする場合がありますので、濡れたままで放置しないでください。また、濡れた状態での衣類への色移りにご注意ください。<BR><BR>■洗濯後はすぐに形を整えて干してください。<BR><BR>■用途以外の目的で使用しないでください。<BR><BR>■ご使用のプラウザやモニターの環境により、商品の色の見え方に違いが出てまいります。あらかじめご了承の上ご注文ください。<BR><BR>■ネコポスでお送りする場合、商品をパケージから出して折り畳んだ状態でのお届けとなります。<BR><BR></FONT></TD></TR><!-- ○=ok /△=simple/×=ng --><TR><TD style=""COLOR: #CC0000; BACKGROUND: #FFFFFF;"" width=300 colspan=""2"" ><img src=""https://image.rakuten.co.jp/zakkashop/cabinet/matsui/02980821/wrapping-ok.gif""></TD></TR></TABLE><BR><BR><FONT SIZE=3 COLOR=""#cc3300"">←クリックして拡大画像をチェック！</FONT><BR><br><IMG SRC=""https://image.rakuten.co.jp/zakkashop/cabinet/matsui/img57783698.jpg"" BORDER=0 VSPACE=0 HSPACE=0><BR><BR><!--カゴ上にバナーを差し込む・1130用　ラッピング＆配送<style type=""text/css"">
span.unit { background: url(https://image.rakuten.co.jp/zakkashop/cabinet/eventbnr/kaimonoue-04.jpg) no-repeat left top; text-indent:
-9999; display: block; width: 300; height: 250; margin:11px 0; }
</style>


<!-- <div style=""text-align:center; width:680px;""></div> -->


<!-- エズ2017手帳　
<table border=""0"" cellpadding=""0"" cellspacing=""0"">
<tr>
<td width=""600"" align=""left"" colspan=""0"">

<img src=""https://image.rakuten.co.jp/zakkashop/cabinet/banner/2017diary_footer600.jpg"" border=""0"" vspace=""0"" alt=""2017年スケジュール帳"">
</td>
</tr>
</table> -->",女優帽  【ネコポスで送料無料】 帽子 レディース uv 折りたたみ デニム リボン UV女優帽　 つば広：庭と雑貨のある家　Eze（エズ）,雑貨spia(スピーア）おしゃれクードスケジュール帳キッチン雑貨リネン掛け時計倉敷意匠収納ボックスホーローレインコートキッチン雑貨化粧ポーチ収納ボックスピリエゴミ箱蚊帳ふきんGLOBAL（グローバル）アルバム女優帽  【ネコポスで送料無料】 帽子 レディース uv 折りたたみ デニム リボン UV女優帽　 つば広,持ち運びに便利な折り畳みuv女優帽！選べる全8種類。女優帽  【ネコポスで送料無料】 帽子 レディース uv 折りたたみ デニム リボン UV女優帽　 つば広[rn]
29-15047,http://tshop.r10s.jp/ohlab/cabinet/03124713/04253183/imgrc0063114396.jpg?fitin=700:700,784.0000,,バッグ・小物・ブランド雑貨 > 帽子 > レディース帽子 > その他,全5色展開 首までガード UVカット帽子 ひも付 紫外線対策 日焼け防止【アイボリー/ブラック/ベージュ/ピンク/アクアブルー】 レディース 婦人用 フリーサイズ サイクリングキャップ フェイスマスク ヤケーヌ やけーぬ UV ハット,帽子 レディース UVカット帽子 日よけ 日除け 日焼け止め,,全5色展開 首までガード UVカット帽子 ひも付 紫外線対策 日焼け防止【アイボリー/ブラック/ベージュ/ピンク/アクアブルー】 レディース 婦人用 フリーサイズ サイクリングキャップ フェイスマスク ヤケーヌ やけーぬ UV ハット：OH plus,ヨガレインコートレインスーツ雨具フットケアかっぱピラティスレインポンチョセルフマッサージ外反母指マインドフルネスランブルヨガパンツ内反小指偏平足ダイエット瞑想健康雑貨足指ホットヨガ全5色展開 首までガード UVカット帽子 ひも付 紫外線対策 日焼け防止【アイボリー/ブラック/ベージュ/ピンク/アクアブルー】 レディース 婦人用 フリーサイズ サイクリングキャップ フェイスマスク ヤケーヌ やけーぬ UV ハット,帽子 レディース UVカット帽子 日よけ 日除け 日焼け止め。全5色展開 首までガード UVカット帽子 ひも付 紫外線対策 日焼け防止【アイボリー/ブラック/ベージュ/ピンク/アクアブルー】 レディース 婦人用 フリーサイズ サイクリングキャップ フェイスマスク ヤケーヌ やけーぬ UV ハット[rn]
29-15048,http://tshop.r10s.jp/ohlab/cabinet/03124713/04253183/imgrc0063120828.jpg?fitin=700:700,1272.0000,,バッグ・小物・ブランド雑貨 > 帽子 > レディース帽子 > その他,【送料無料】6色展開 小顔効果抜群 折り畳みもできるオシャレなUVサンバイザーハット UVカット帽子 紫外線策 日焼け防止 全6色【ネイビー/パープル/アイボリー/ブラック/オレンジ/ピンク】レディース 女性用 フリーサイズ ヤケーヌ やけーぬ UV ハット,帽子 レディース uvカット つば広ハット 日よけ 日除け,,【送料無料】6色展開 小顔効果抜群 折り畳みもできるオシャレなUVサンバイザーハット UVカット帽子 紫外線策 日焼け防止 全6色【ネイビー/パープル/アイボリー/ブラック/オレンジ/ピンク】レディース 女性用 フリーサイズ ヤケーヌ やけーぬ UV ハット：OH plus,ヨガレインコートレインスーツ雨具フットケアかっぱピラティスレインポンチョセルフマッサージ外反母指マインドフルネスランブルヨガパンツ内反小指偏平足ダイエット瞑想健康雑貨足指ホットヨガ【送料無料】6色展開 小顔効果抜群 折り畳みもできるオシャレなUVサンバイザーハット UVカット帽子 紫外線策 日焼け防止 全6色【ネイビー/パープル/アイボリー/ブラック/オレンジ/ピンク】レディース 女性用 フリーサイズ ヤケーヌ やけーぬ UV ハット,帽子 レディース uvカット つば広ハット 日よけ 日除け。【送料無料】6色展開 小顔効果抜群 折り畳みもできるオシャレなUVサンバイザーハット UVカット帽子 紫外線策 日焼け防止 全6色【ネイビー/パープル/アイボリー/ブラック/オレンジ/ピンク】レディース 女性用 フリーサイズ ヤケーヌ やけーぬ UV ハット[rn]
29-15049,http://tshop.r10s.jp/gretsch/cabinet/herschel/herschel-01003.jpg?fitin=700:700,2400.0000,,バッグ・小物・ブランド雑貨 > 帽子 > レディース帽子 > その他,ニットキャップ Herschel Supply Co. ハーシェル サプライ レディース メンズ 1003 QUARTZ クオーツ BEANIIES ビーニー リブ ブラック ネイビー グレー 帽子 おしゃれ 通勤 通学 トラベル 男女兼用 旅行 ヘッドウェア メール便OK ニットキャップ 帽子 鞄,【メール便OK】,"<table border=""0"" width=""450"" cellspacing=""0"" BORDERCOLOR=""#666666"">
<TR>
<TD BGCOLOR=""#8C6342"" ALIGN=""center"">
<FONT COLOR=""#FFFFFF"" SIZE=""3"">
Details
&nbsp;</FONT></TD>
</TR>
<TR>
<TD BGCOLOR=""#F9F8EF"" ALIGN=""center"">
<FONT COLOR=""#000000"" SIZE=""2"">
<!-- HIT##S -->ギフト対応<img src=""https://image.rakuten.co.jp/com/img/rms/cabinet/recommend_new/img00000243.gif"" alt=""ラッピング選択可""><br><br>
<br>
カナダ発、高級感と遊び心もったバックブランド。<br>
BEAMS等大手セレクトショップでも取り扱われているブランドです。<br>
    <br>
    2015SPからヘッドウェアがスタートしました！<br>
    <br>
    <br>
    <BR>※モニターの発色の具合によって実際のものと色が異なる場合があります。<br>
    <br>
    <br>
<!-- HIT##E --></FONT></TD>
</TR>
</table><BR><BR><table border=""0"" width=""450"" cellspacing=""0"" BORDERCOLOR=""#666666"">
<TR>
<TD BGCOLOR=""#8C6342"" ALIGN=""center"">
<FONT COLOR=""#FFFFFF"" SIZE=""3"">
Spec
&nbsp;</FONT></TD>
</TR>
<TR>
<TD BGCOLOR=""#F9F8EF"" ALIGN=""center"">
<FONT COLOR=""#000000"" SIZE=""2"">
<!-- HIT##S --><br>
    【サイズ】ONE SIZE<br>
    【品　質】アクリル100%<br>
    <br>
    <br>
<!-- HIT##E --></FONT></TD>
</TR>
</table><BR><BR><table border=""0"" width=""450"" cellspacing=""0"" BORDERCOLOR=""#666666"">
<TR>
<TD BGCOLOR=""#8C6342"" ALIGN=""center"">
<FONT COLOR=""#FFFFFF"" SIZE=""3"">
Attention
&nbsp;</FONT></TD>
</TR>
<TR>
<TD BGCOLOR=""#F9F8EF"" ALIGN=""center"">
<FONT COLOR=""#000000"" SIZE=""2"">
<!-- HIT##S -->※商品の画像はできる限り実物に近づけるよう配慮しておりますが、お使いのモニターやご覧になる環境によりましてはカラーの見え方に差が出る場合がございます。ご了承くださいませ。<br><br><img src=""https://image.rakuten.co.jp/gretsch/cabinet/gretsch/mailbin.jpg"" border=""0"" /><BR><BR>
    </FONT>
    <div align=""center""><FONT COLOR=""#000000"" SIZE=""2""></FONT></div>
    <FONT COLOR=""#000000"" SIZE=""2""><br>
    <!-- HIT##E --></FONT></TD>
</TR>
</table><div align=""center"" style=""margin-bottom:10px;""><table style=""FONT-SIZE: 11px; COLOR: #7f664c; tr: "" width=""750"" border=""0"" bordercolor=""#CCCCCC"" cellspacing=""0"" cellpadding=""0"">
  <tr>
    <td height=""20"" align=""center"" valign=""middle"" bgcolor=""#44648c"" style=""COLOR: #ffffff;""><b>SHOPPING GUIDE</b></td>
  </tr>
</table>
</div>



<div align=""center"" style=""margin-bottom:10px;""><table style=""FONT-SIZE: 11px; COLOR: #7f664c; tr: "" width=""750"" border=""0"" bordercolor=""#CCCCCC"" cellspacing=""0"" cellpadding=""0"">
  <tr>
    <td width=""240"" align=""left"" valign=""top"">
<b>■お支払いについて　　　詳しくはこちら</b>
	<P><font color=#ff7f00>クレジットカード決済</font><br />
    下記のクレジットカードがご利用可能となっております。なお、弊店ではＳＳＬシステムを利用しております。カード番号は暗号化されて送信されますのでご安心下さい。</p>
  <div align=""center""><img src=""https://image.rakuten.co.jp/gretsch/cabinet/gretsch/top/rakuten_card.gif"" width=""200"" alt=""クレジットカード決済"" title""クレジットカード決済""></div>



	<P><font color=#ff7f00>代金引換</font><br>
		別途代引き手数料が加算されます。</p>

	<P><font color=#ff7f00>銀行振込み</font><br>
    ご入金の確認が出来次第発送致します。<br>
    ※振込手数料はお客様のご負担となります。</p>


	<P><b><font color=#333333>【振込先】楽天銀行（ラクテンギンコウ）<br>楽天市場支店（ラクテンイチバシテン）<br> 
                普通 1222468 ラクテン（グレツチ</font></b></P>

     
    <P><font color=#ff7f00>楽天バンク決済</font><br>
    ご入金の確認が出来次第発送致します。<br>
    ※振込手数料はお客様のご負担となります。<br>
    お支払い金額　1～29,999円（手数料155円）<br>
    お支払い金額　30,000円～（手数料257円）</p>



<P><font color=#ff7f00>コンビニ後払い（手数料220円）</font><br />
    請求書は商品とは別に郵送されます。発行から14日以内にお支払い下さい。後払いは(株)ニッセンが提供するサービスが適用され、サービスの範囲内で個人情報を提供し代金債権を譲渡します。詳しくは、支払方法等の案内ページに記載されている　■後払いお支払方法詳細■　をご確認ください。<br>
利用限度額：54,000円（税込）<br></p>

     
    </td>


    <td width=""15"">&nbsp;</td>


    <td width=""240"" align=""left"" valign=""top"">
	<b>■お届けについて　　　詳しくはこちら</b>

    <div align=""center"" style=""margin-bottom:10px; margin-top:10px;""><img src=""https://image.rakuten.co.jp/hauhau/cabinet/hauhau/hassou2.jpg"" width=""240"" alt=""商品到着までの流れ"" title""商品到着までの流れ""></div>
      
      
      <div align=""center""style=""margin-bottom:10px;""><img src=""https://image.rakuten.co.jp/gretsch/cabinet/gretsch/top/otodoke.jpg"" width=""240"" alt=""商品到着までの流れ"" title""商品到着までの流れ""></div>

●配送日時のご指定も承ります。【メール便除く】
<div style=""margin-bottom:10px;""><img src=""https://image.rakuten.co.jp/gretsch/cabinet/gretsch/top/jikan.gif"" width=""240"" alt=""配送時間指定"" title=""配送時間指定"" border=""0"" /></div>


	<P>【メール便OK】と書かれている商品はメール便での発送が可能です。詳しくは<font color=""#ff7f00"">こちら</font></P>


	<p>※土日祝を除く15時までのご注文の場合の目安となります。また、配送日時指定不可地区や交通事情により、遅延する場合がございます。<br>
    ※メール便は上記条件外となります。</p>
</td>


    <td width=""15"">&nbsp;</td>


    <td width=""240"" align=""left"" valign=""top"">
	<b>■配送料金について　　　詳しくはこちら</b>
	<P>北海道（離島以外）・本州・四国・九州　600円<br />
沖縄全域・北海道離島　2,100円<br />
それ以外の離島　1,600円
<BR>配送業者のご指定は出来ません。
	<BR>
	</p>
	<p>5,250円(税込)以上お買い上げで<font color=#ff7f00>送料無料</font>です。<br>
	【沖縄・離島は別途地域手数料を頂きます】</p>
	



<hr />

	<b>■返品・交換について</b>
    <p>商品につきましては十分注意して出荷しておりますが、万一商品に不具合等ございましたら<font color=#ff7f00>商品到着後７営業日以内</font>に限りお取換え致します。 
お手数ですが、当社までご連絡いただけますようお願い致します。</p>
	<p>また、お客様都合によるご返品に関しましても、<font color=#ff7f00>商品到着後３営業日以内</font>にご連絡をお願い致します。 ご連絡を頂けなかった場合の返品に関しましてはお受けできませんので御了承ください。</p>
	<p>尚、不良品以外のお客様都合の返品に関しては、送料及び各手数料をお客様がご負担下さいますようお願い致します。
一部商品につきましては返品不可の商品もございます。</p>
	<p>※送料無料商品につきましては、売上の不成立となりますので、発送時の送料をご返金の際に差し引かせて頂きます。</p>


<hr />

<b>■プライバシーポリシー</b>
    <p>当店では、お客様とのやり取りの中で得た個人情報を裁判所、警察機関等、公共機関からの提出要請があった場合以外の第三者に譲渡または利用することは一切ありません、ご注文送信等にはSSLで暗号化するシステムを採用しております。お客様の個人情報が他から見られる心配はございません、 どうぞご安心してご利用ください。<br>
<br>
お客様からお預かりした個人情報は、商品の注文の受付及び発送、カタログやDM等の発送並びにお客様からのお問合せに回答するために利用いたします。個人情報の開示・訂正及び利用・提供の中止の申出は、下記までご連絡をお願いいたします。<br>
運営会社：株式会社ティスインターナショナル<br>
店舗名：Gretsch<br>
個人情報保護管理責任者：北島鮎美<br>
問合せ先：06-6121-6199<br></p>


<hr />

   
    <p>販売業者： (株)ティスインターナショナル<br>
郵便番号 ：542-0083<br>
住所： 大阪府大阪市中央区東心斎橋1-7-9　心斎橋井上ビル5F <br>
Tel/Fax： 06-6121-6199 <br>
営業時間：11：00～17:00 <br>
定休日：土曜、日曜、祝日<br>
E-MAIL：gretsch@shop.rakuten.co.jp <br> 
URL： http://www.rakuten.co.jp/gretsch/</p></td>

  </tr>
</table>
</div>
<div>
  <hr width=""750"" />
</div>
<div align=""center"" style="" FONT-SIZE: 11px; COLOR: #7f664c;"">Copyright(C)2011 TIS INTERNATINAL Co,.Ltd All Rights Reserved.</div>",ニットキャップ Herschel Supply Co. ハーシェル サプライ レディース メンズ 1003 QUARTZ クオーツ BEANIIES ビーニー リブ ブラック ネイビー グレー 帽子 おしゃれ 通勤 通学 トラベル 男女兼用 旅行 ヘッドウェア メール便OK ニットキャップ 帽子 鞄：Gretsch,OUTDOORアウトドアDickiesディッキーズリュックリュックサックボディバッグショルダーバッグ斜めがけキャリーバッグColumbiaコロンビアTHRASHER  スラッシャーきゃりーぱみゅぱみゅワンオクMILLETGRAVISHerschelブランドニットキャップ Herschel Supply Co. ハーシェル サプライ レディース メンズ 1003 QUARTZ クオーツ BEANIIES ビーニー リブ ブラック ネイビー グレー 帽子 おしゃれ 通勤 通学 トラベル 男女兼用 旅行 ヘッドウェア メール便OK ニットキャップ 帽子 鞄,【メール便OK】。ニットキャップ Herschel Supply Co. ハーシェル サプライ レディース メンズ 1003 QUARTZ クオーツ BEANIIES ビーニー リブ ブラック ネイビー グレー 帽子 おしゃれ 通勤 通学 トラベル 男女兼用 旅行 ヘッドウェア メール便OK ニットキャップ 帽子 鞄[rn]
29-15050,http://tshop.r10s.jp/quintetto/cabinet/02373058/02505347/img59267201.jpg?fitin=700:700,1440.0000,,バッグ・小物・ブランド雑貨 > 帽子 > レディース帽子 > その他,フェイクファー キャップ アニマル 帽子 ハット ファー ハット    父の日 プレゼント ラッピング無料,,"<table border=""0"" cellpadding=""5"" cellspacing=""0"" bgcolor=""#CCCC66"">
<tr>
  <td height=""24"" valign=""top"" bgcolor=""#666633""><div align=""center""><font color=""#FFFFFF"" size=""2"">商品の特徴・オススメポイント</font></div></td>
</tr>
<tr>
<td width=""272"" height=""50"" valign=""top"" bgcolor=""#FFFFFF""><p><font color=""#666633"" size=""2"">フェイクファー キャップ アニマル 帽子 ハット ファー ハット<br><br><br>【人気のキーワード】<br><br><br><br></font><br>
  <br>
  <font color=""#333333"" size=""2""><br>
  <br>

  </font></p>
  </td>
</tr>
</table>
<font color=""#666633"" size=""2"">　　　　　　　　　　　　　　　　(単位cm)</font><br>
<table width=""282"" border=""0"" cellpadding=""0"" cellspacing=""1"">
<tr bgcolor=""#5B6222"">
  <td height=""25""><div align=""center""><font color=""#FFFFFF""></font></div></td>
  <td><div align=""center""><font color=""#FFFFFF"" size=""2"">FREE SIZE</font></div></td>
  <td><div align=""center""><font color=""#FFFFFF"" size=""2""></font></div></td>
  <td height=""19""><div align=""center""><font color=""#FFFFFF"" size=""2""></font></div></td>
</tr>
<tr>
  <td colspan=""4""><img src="""" height=""1""></td>
  </tr>
<tr bgcolor=""C0C065"">
  <td width=""66"" height=""26""><div align=""center""><font color=""5B6222"" size=""2"">内回り</font></div></td>
  <td width=""71""><div align=""center""><font color=""5B6222"" size=""2"">56</font></div></td>
  <td width=""67""><div align=""center""><font color=""#666633"" size=""2""></font></div></td>
  <td width=""73"" height=""26""><div align=""center""><font color=""5B6222"" size=""2""></font></div></td>
  </tr>
<tr bgcolor=""C0C065"">
  <td height=""30""><div align=""center""><font color=""5B6222"" size=""2"">長さ</font></div></td>
  <td><div align=""center""><font color=""5B6222"" size=""2"">28</font></div></td>
  <td><div align=""center""><font color=""#666633"" size=""2""></font></div></td>
  <td height=""30""><div align=""center""><font color=""5B6222"" size=""2""></font></div></td>
  </tr>
<tr bgcolor=""C0C065"">
  <td height=""30""><div align=""center""><font color=""5B6222"" size=""2"">つば先</font></div></td>
  <td><div align=""center""><font color=""5B6222"" size=""2"">5</font></div></td>
  <td><div align=""center""><font color=""#666633"" size=""2""></font></div></td>
  <td height=""30""><div align=""center""><font color=""5B6222"" size=""2""></font></div></td>
</tr>
<tr bgcolor=""C0C065"">
  <td height=""30""><div align=""center""><font color=""5B6222"" size=""2"">高さ</font></div></td>
  <td><div align=""center""><font color=""5B6222"" size=""2"">18</font></div></td>
  <td><div align=""center""><font color=""#666633"" size=""2""></font></div></td>
  <td height=""30""><div align=""center""><font color=""5B6222"" size=""2""></font></div></td>


    </tr>
<tr bgcolor=""C0C065"">
  <td height=""30""><div align=""center""><font color=""5B6222"" size=""2"">生産国</font></div></td>
  <td height=""30"" colspan=""3""><div align=""center""><font color=""#666633"" size=""2"">中国製</font></div>    
  </td>
</tr>
<tr bgcolor=""C0C065"">
  <td height=""30""><div align=""center""><font color=""5B6222"" size=""2"">素材</font></div></td>
  <td height=""30"" colspan=""3""><div align=""center""><font color=""#666633"" size=""2"">アクリル100％<br></font></div>    
  </td>
  </tr>
<tr bgcolor=""C0C065"">
  <td height=""30""><div align=""center""><font color=""5B6222"" size=""2"">その他</font></div></td>
  <td height=""30"" colspan=""3""><div align=""center""><font color=""#666633"" size=""2"">  </font></div>    
  </td>
  </tr>
</table>
<div align=""left""></div>
<table border=""0"" cellpadding=""5"" cellspacing=""0"">
<tr>
<td width=""271"" height=""50""><font size=""2""><font color=""#FF0033"">[その他注意事項]</font><br>  <br>    <font color=""#333333""><img src="""" width=""19"" height=""10""><font color=""#666633"">商品の色・形態は画像性質上多少異なる場合がございますのでご了承ください。</font><br>
    <br>
    <img src="""" width=""19"" height=""10""><font color=""#666633"">離島配送の場合、一部別途送料をご負担頂く場合がございます。</font><br>
    <br>
    <img src="""" width=""19"" height=""10""><font color=""#666633"">商品の素材によっては、洗濯後に若干縮んでしまったりする場合もございます。ご了承ください。</font></font><font color=""#666666""><br>
    </font></td>
</tr>
</table><style TYPE=""text/css"">
<!--
td.inventory font{font-size:10px;color:#FF0000;}
td.inventory{word-wrap:break-word;width:110px;}
-->
</style>


<img src=""https://image.rakuten.co.jp/quintetto/cabinet/02361960/img59695365.jpg""><br><br>










<img src=""https://www.rakuten.ne.jp/gold/quintetto/gold/goldbana/meganebana1.jpg""border=""0""><br><br>



<img src=""https://image.rakuten.co.jp/quintetto/cabinet/02852908/02959339/imgrc0087542386.jpg""border=""0""><img src=""https://image.rakuten.co.jp/quintetto/cabinet/02852908/02959339/imgrc0087542380.jpg""border=""0""><br><br>






<img src=""https://image.rakuten.co.jp/quintetto/cabinet/02852908/02959339/imgrc0085008188.jpg""border=""0""><br><br>



<img src=""https://www.rakuten.ne.jp/gold/quintetto/gold/goldbana/madeinjapan-bana1.jpg""border=""0""><br><br>


<img src=""https://www.rakuten.ne.jp/gold/quintetto/gold/goldbana/shirts-fuku-bana1.jpg""border=""0""><br><br>



<img src=""https://image.rakuten.co.jp/quintetto/cabinet/02852908/02959339/imgrc0086334374.jpg""border=""0""><img src=""https://image.rakuten.co.jp/quintetto/cabinet/02852908/02959339/imgrc0085010684.jpg""border=""0""><br><br>




<img src=""https://www.rakuten.ne.jp/gold/quintetto/gold/goldbana/abowtai-bana3.jpg""border=""0""><br><br>



<img src=""https://www.rakuten.ne.jp/gold/quintetto/gold/goldbana/hat-bana3.jpg""border=""0""><br><br>



<img src=""https://www.rakuten.ne.jp/gold/quintetto/gold/goldbana/giftbana1.jpg""border=""0""><br><br>

<img src=""https://image.rakuten.co.jp/quintetto/cabinet/02852908/02959339/imgrc0083340797.jpg""border=""0""><img src=""https://image.rakuten.co.jp/quintetto/cabinet/02852908/02959339/img67844181.jpg""border=""0""><br><br>





<img src=""https://www.rakuten.ne.jp/gold/quintetto/gold/goldbana/field-vintageel-bana1.jpg""border=""0""><img src=""https://www.rakuten.ne.jp/gold/quintetto/gold/goldbana/field-authenticel-bana1.jpg""border=""0""><img src=""https://www.rakuten.ne.jp/gold/quintetto/gold/goldbana/field-lotion-bana1.jpg""border=""0""><br><br>


<img src=""https://www.rakuten.ne.jp/gold/quintetto/gold/goldbana/otobana1.jpg""border=""0""><br><br>

<img src=""https://www.rakuten.ne.jp/gold/quintetto/gold/goldbana/rakutenpoint-bana3.jpg""border=""0""><br><br>",フェイクファー キャップ アニマル 帽子 ハット ファー ハット    父の日 プレゼント ラッピング無料：quintetto楽天市場店,メンズカジュアルウエアアンクレット サイフ　ウォレットベルトバッグリュックバックパックガス管ハンガーラック業務用ハンガーラック蝶ネクタイ メンズ蝶ネクタイ　キッズサングラスメガネキャップＣＡＰシャツメンズ　シャツデニムシャツアメカジフェイクファー キャップ アニマル 帽子 ハット ファー ハット    父の日 プレゼント ラッピング無料,フェイクファー キャップ アニマル 帽子 ハット ファー ハット    父の日 プレゼント ラッピング無料[rn]
29-15051,http://tshop.r10s.jp/yield/cabinet/ett/et-44056-main.jpg?fitin=700:700,8640.0000,,バッグ・小物・ブランド雑貨 > 帽子 > レディース帽子 > その他,【ETERNAL】44056　アンカー刺繍 ローゲージニットマフラー 【エターナル】【メンズ】【送料無料】,エターナルのローゲージニットマフラー！,"<TABLE border=""0"" width=""360"" height=""154"">
  <TBODY>
    <TR>
      <TD width=""364"" align=""center""><BR>
      <BR>
                  <TABLE border=""1"" width=""342"">
                    <TBODY>
          <TR>
            <td align=""center"" width=""84""><FONT size=""-1"">カラー</FONT></td>
            <td align=""center"" width=""242""><BR>
            <FONT size=""-1"">ベージュ<br>
            ネイビー<br>
            ブラック<br>
            <BR>
                        </FONT></td>
          </TR>
        </TBODY>
                  </TABLE>
      <br>
      <br>
      <table border=""1"" width=""342"">
        <tbody>
          <tr>
            <td align=""center"" width=""84""><font size=""-1"">サイズ</font></td>
            <td align=""center"" width=""242""><br>
            <font size=""-1"">フリー <br>
            幅１７ｃｍ×長さ２０５ｃｍ<br>
            <br>
                        </font></td>
          </tr>
        </tbody>
      </table>
      <BR>
      <BR>
      </TD>
    </TR>
  </TBODY>
</TABLE>",【ETERNAL】44056　アンカー刺繍 ローゲージニットマフラー 【エターナル】【メンズ】【送料無料】：ＹＩＥＬＤ,ジーンズ和柄岡山倉敷児島ミリタリーシンプルデニム倉エターナル備中倉敷工房ETERNALアビレックスAVIREX絡繰KARAKURI小物財布YIELDカジュアル【ETERNAL】44056　アンカー刺繍 ローゲージニットマフラー 【エターナル】【メンズ】【送料無料】,エターナルのローゲージニットマフラー！。【ETERNAL】44056　アンカー刺繍 ローゲージニットマフラー 【エターナル】【メンズ】【送料無料】[rn]
29-15052,http://tshop.r10s.jp/yield/cabinet/ett/et-44055-mian.jpg?fitin=700:700,3920.0000,,バッグ・小物・ブランド雑貨 > 帽子 > レディース帽子 > その他,【ETERNAL】44055　アンカー刺繍 ローゲージニットキャップ 【エターナル】【メンズ】,エターナルのローゲージニットキャップ！,"<TABLE border=""0"" width=""360"" height=""154"">
  <TBODY>
    <TR>
      <TD width=""364"" align=""center""><BR>
      <BR>
                  <TABLE border=""1"" width=""342"">
                    <TBODY>
          <TR>
            <td align=""center"" width=""84""><FONT size=""-1"">カラー</FONT></td>
            <td align=""center"" width=""242""><BR>
            <FONT size=""-1"">ベージュ<br>
            ネイビー<br>
            ブラック<br>
            <BR>
                        </FONT></td>
          </TR>
        </TBODY>
                  </TABLE>
      <br>
      <br>
      <table border=""1"" width=""342"">
        <tbody>
          <tr>
            <td align=""center"" width=""84""><font size=""-1"">サイズ</font></td>
            <td align=""center"" width=""242""><br>
            <font size=""-1"">フリー <br>
            <br>
                        </font></td>
          </tr>
        </tbody>
      </table>
      <BR>
      <BR>
      </TD>
    </TR>
  </TBODY>
</TABLE>",【ETERNAL】44055　アンカー刺繍 ローゲージニットキャップ 【エターナル】【メンズ】：ＹＩＥＬＤ,ジーンズ和柄岡山倉敷児島ミリタリーシンプルデニム倉エターナル備中倉敷工房ETERNALアビレックスAVIREX絡繰KARAKURI小物財布YIELDカジュアル【ETERNAL】44055　アンカー刺繍 ローゲージニットキャップ 【エターナル】【メンズ】,エターナルのローゲージニットキャップ！。【ETERNAL】44055　アンカー刺繍 ローゲージニットキャップ 【エターナル】【メンズ】[rn]
29-15053,http://tshop.r10s.jp/yield/cabinet/ett/et-43819-main.jpg?fitin=700:700,4000.0000,,バッグ・小物・ブランド雑貨 > 帽子 > レディース帽子 > その他,【ETERNAL】43819　デニム＆チェックリバーシブルハット　【チェック】【デニム】【リバーシブル】【帽子】【メンズ】【レディース】,エターナルのデニム＆チェックリバーシブルハット！,"<TABLE border=""0"" width=""360"" height=""154"">
  <TBODY>
    <TR>
      <TD width=""364"" align=""center""><BR>
      <BR>
                  <TABLE border=""1"" width=""342"">
                    <TBODY>
          <TR>
            <td align=""center"" width=""107""><FONT size=""-1"">カラー</FONT></td>
            <td align=""center"" width=""219""><BR>
            <FONT size=""-1"">ブルー<br>
            レッド<br>
            <BR>
                        </FONT></td>
          </TR>
                    </TBODY>
                  </TABLE>
      <br>
                  <TABLE border=""1"" width=""342"">
                    <TBODY>
                      <TR>
            <td align=""center"" height=""39"" width=""107""><FONT size=""-1"">サイズ<br>
            </FONT></td>
            <td align=""center"" height=""39"" width=""219""><br>
            <font size=""-1"">内周　約58cm<br>
            <br>
            </font></td>
          </TR>
        </TBODY>
                  </TABLE>
      <br>
      <BR>
      <BR>
      <TABLE border=""1"" width=""354"">
        <TBODY>
          <TR>
            <TD width=""50"" align=""center""><FONT size=""-1"">注意</FONT></TD>
          </TR>
          <TR>
            <TD width=""418""><FONT color=""#000000"" size=""1""><FONT size=""-2"">＊表示サイズには誤差が生じる場合があります。<BR>＊製品の特徴によりサイズや色に個体差が生じる場合があります。<BR>
      ＊モニターの発色の具合や写真の加工により画面上と実物では多少色具合が異 なって見える場合もございます。ご了承ください。<BR>
      ＊実際の店舗でも販売しておりますので、在庫に誤差が生じる場合があります。<BR>
      　 在庫の有無に関してはご連絡致しますのでご了承ください。</FONT><BR>
            ＊商品の特性上写真と多少異なる場合があります。 ご理解の上ご購入下さるよ うお願いいたします。</FONT></TD>
          </TR>
        </TBODY>
      </TABLE>
      </TD>
    </TR>
  </TBODY>
</TABLE>
<TABLE border=""0"">
  <TBODY>
    <TR>
      <TD width=""357""><IMG src=""http://image.rakuten.co.jp/yield/cabinet/sb/syo-sso-180.jpg"" width=""180"" height=""50"" border=""0"">　<FONT color=""#808080"" size=""-1"">サイズの測り方はコチラ</FONT><BR>
      <BR>
      <BR>
      <TABLE border=""0"">
        <TBODY>
          <TR>
            <TD height=""33"" width=""42""><IMG src=""http://image.rakuten.co.jp/yield/cabinet/sb/syo-enn-30.gif"" width=""30"" height=""30"" border=""0"">　</TD>
            <TD width=""146""><FONT color=""#808080"" size=""-1"">お支払い方法は？</FONT></TD>
            <TD width=""123""><FONT color=""#808080"" size=""-2"">詳しくはコチラ</FONT></TD>
          </TR>
        </TBODY>
      </TABLE>
      <TABLE border=""0"">
        <TBODY>
          <TR>
            <TD height=""33"" valign=""top"" width=""43""><IMG src=""http://image.rakuten.co.jp/yield/cabinet/sb/syo-sou-30.gif"" width=""30"" height=""30"" border=""0""></TD>
            <TD width=""143""><FONT color=""#808080"" size=""-1"">全国どこでも送料 \５００<BR>
            </FONT><FONT color=""#808080"" size=""-2"">（一部離島を除く）</FONT></TD>
            <TD width=""123""><FONT color=""#808080"" size=""-2"">詳しくはコチラ</FONT></TD>
          </TR>
        </TBODY>
      </TABLE>
      <TABLE border=""0"">
        <TBODY>
          <TR>
            <TD height=""33"" valign=""top"" width=""42""><IMG src=""http://image.rakuten.co.jp/yield/cabinet/sb/syo-mur-30.gif"" width=""30"" height=""30"" border=""0""></TD>
            <TD width=""145""><FONT color=""#808080"" size=""-1"">送料無料<BR>
            </FONT><FONT color=""#808080"" size=""-2"">\10,000以上お買い上げの場合</FONT><FONT color=""#808080"" size=""-1""><BR>
            </FONT></TD>
            <TD width=""122""><FONT color=""#808080"" size=""-2"">詳しくはコチラ</FONT></TD>
          </TR>
        </TBODY>
      </TABLE>
      <TABLE border=""0"">
        <TBODY>
          <TR>
            <TD height=""33"" width=""42""><IMG src=""http://image.rakuten.co.jp/yield/cabinet/sb/syo-sok-30.gif"" width=""30"" height=""30"" border=""0""></TD>
            <TD width=""145""><FONT color=""#808080"" size=""-1"">即日発送</FONT><BR>
            <FONT color=""#808080"" size=""-2"">平日14:00までのご注文</FONT></TD>
            <TD width=""121""><FONT color=""#808080"" size=""-2"">詳しくはコチラ</FONT></TD>
          </TR>
        </TBODY>
      </TABLE>
      <TABLE border=""0"" width=""322"">
        <TBODY>
          <TR>
            <TD height=""33"" valign=""top"" width=""42""><IMG src=""http://image.rakuten.co.jp/yield/cabinet/sb/syo-que-30.gif"" width=""30"" height=""30"" border=""0""></TD>
            <TD width=""148""><FONT color=""#808080"" size=""-1"">いつ届くの？</FONT></TD>
            <TD width=""119""><FONT color=""#808080"" size=""-2"">詳しくはコチラ</FONT></TD>
          </TR>
        </TBODY>
      </TABLE>
      <BR>
       <IMG src=""http://image.rakuten.co.jp/yield/cabinet/sb/syo-kou-200.jpg"" width=""180"" height=""60"" border=""0""><BR>
      <BR>
      <IMG src=""http://image.rakuten.co.jp/yield/cabinet/sb/syo-toia-180.gif"" width=""180"" height=""30"" border=""0""><BR>
      <IMG src=""http://image.rakuten.co.jp/yield/cabinet/sb/syo-henp-200.gif"" width=""200"" height=""30"" border=""0""><BR>
      <BR>
      <IMG src=""http://image.rakuten.co.jp/yield/cabinet/sb/syo-mai-200.gif"" width=""200"" height=""80"" border=""0""></TD>
    </TR>
  </TBODY>
</TABLE>",【ETERNAL】43819　デニム＆チェックリバーシブルハット　【チェック】【デニム】【リバーシブル】【帽子】【メンズ】【レディース】：ＹＩＥＬＤ,ジーンズ和柄岡山倉敷児島ミリタリーシンプルデニム倉エターナル備中倉敷工房ETERNALアビレックスAVIREX絡繰KARAKURI小物財布YIELDカジュアル【ETERNAL】43819　デニム＆チェックリバーシブルハット　【チェック】【デニム】【リバーシブル】【帽子】【メンズ】【レディース】,エターナルのデニム＆チェックリバーシブルハット！。【ETERNAL】43819　デニム＆チェックリバーシブルハット　【チェック】【デニム】【リバーシブル】【帽子】【メンズ】【レディース】[rn]
29-15054,http://tshop.r10s.jp/edgecity/cabinet/hat/hat2/000615-01a.jpg?fitin=700:700,4400.0000,,バッグ・小物・ブランド雑貨 > 帽子 > レディース帽子 > その他,ストローハット 折りたたみ 麦わら帽子 レディース UV カット つば広 夏 帽子 ハット 母の日 Grace of Bearing Hat グレース ベアリング ハット「000615」 Ladias' UV 折りたたみ帽子 麦わら,エレガントに大人かわいく、リボンハット,"<!-- スライドショー（開始） -->
<center></center>
<!-- スライドショー（終了） -->",ストローハット 折りたたみ 麦わら帽子 レディース UV カット つば広 夏 帽子 ハット 母の日 Grace of Bearing Hat グレース ベアリング ハット「000615」 Ladias' UV 折りたたみ帽子 麦わら：【男前レシピ】メンズ帽子EdgeCity,医療用帽子ニット帽帽子メンズレディース夏用　医療用帽子イスラム 帽子イスラムワッチ冬用　医療用帽子抗がん剤　帽子オーガニックコットンニットキャップブランドがん　帽子ＵＶカットストローハットハット大きいサイズ麦わら帽子サマーニット帽ストローハット 折りたたみ 麦わら帽子 レディース UV カット つば広 夏 帽子 ハット 母の日 Grace of Bearing Hat グレース ベアリング ハット「000615」 Ladias' UV 折りたたみ帽子 麦わら,エレガントに大人かわいく、リボンハット。ストローハット 折りたたみ 麦わら帽子 レディース UV カット つば広 夏 帽子 ハット 母の日 Grace of Bearing Hat グレース ベアリング ハット「000615」 Ladias' UV 折りたたみ帽子 麦わら[rn]
29-15055,http://tshop.r10s.jp/bebee/cabinet/py/ac/h/img58699552.jpg?fitin=700:700,560.0000,,バッグ・小物・ブランド雑貨 > 帽子 > レディース帽子 > その他,ハット　スパンコール　帽子　中折れハット帽子レディース　メンズ　大人　男性　女性パーティー帽子 大きい　かわいい　可愛い　お洒落イベント　パーティー　余興　ダンス　コンテスト　結婚式　発表会　演奏会　舞台衣装　コスチューム　仮装,イベント　帽子　,"<TABLE bgcolor=""#000000"" cellspacing=""1"" cellpadding=""3"" width=""450"">
<tr>
      <TD bgcolor=""#000000"" align=""center"" width=""450""><b><font color=""#ffffff"">商品info</font></b></TD>
    </tr>
<tr>
      <TD bgcolor=""#FFFFFF"" width=""450"">
      <TABLE cellspacing=""0"" cellpadding=""1"" width=""450"">
<tr>
            <TH rowspan=""3"" align=""center"" width=""95""><FONT size=""2"">生地</FONT></TH>
          </tr>
<tr>
            <TD width=""380""><FONT size=""2"">・スパンコール</FONT></TD>
          </tr>
</TABLE>
      </TD>
    </tr>
<tr>
      <TD bgcolor=""#ffffff"" width=""450""><table cellspacing=""0"" cellpadding=""1"">
<tr>
            <TH rowspan=""3"" align=""center"" width=""95""><FONT size=""2"">サイズ</FONT></TH>
          </tr>
<tr>
            <TD width=""380""><FONT size=""2"">頭周り57-58cm</FONT></TD>
          </table></TD>
    </tr>
<tr>
      <TD bgcolor=""#FFFFFF"" width=""450""><table cellspacing=""0"" cellpadding=""1"">
<tr>
            <TH rowspan=""3"" align=""center"" width=""95""><FONT size=""2"">注意点</FONT></TH>
          </tr>
<tr>
            <TD width=""380""><FONT size=""2"">・商品ごとに大きさに若干の差がございます。<BR>
            　予めご了承下さい。<BR>
           ・表示画像はご覧になっているモニターの色の違いにより<BR>
            ・実際の商品と色味が若干異なる場合がございます。<BR>
            　あらかじめご了承ください。</FONT></TD>
          </tr>
</table></TD>
    </tr>
<tr>
      <TD bgcolor=""#FFFFFF"" width=""450""><table cellspacing=""0"" cellpadding=""1"">
<tr>
            <TH rowspan=""3"" align=""center"" width=""95"">配送方法</TH>
          </tr>
<tr>
            <TD width=""380""><FONT size=""2"" color=""#ff0000"">・宅配便のみ対応<br>・メール便配送はできません</FONT><BR>
            <FONT size=""2"" color="""">
            </FONT></TD>
          </tr>
</table></TD>
    </tr>
</TABLE>",ハット　スパンコール　帽子　中折れハット帽子レディース　メンズ　大人　男性　女性パーティー帽子 大きい　かわいい　可愛い　お洒落イベント　パーティー　余興　ダンス　コンテスト　結婚式　発表会　演奏会　舞台衣装　コスチューム　仮装：ＢｅＢｅｅ,つけ襟 付け襟 つけ襟 パール 付け襟 パール付け髭　つけひげ　おしゃれ 伊達メガネ 伊達メガネ レンズなし 伊達メガネ猫耳 帽子  ベレー帽 パンダ 帽子 ベレー帽 フェルト 猫耳 ニット帽ジュリアナ 扇子　コンチョ　ワッペン　手袋　制服リボン　グローブサスペンダー キッズ マフラー　　季節商品　福袋ｶﾁｭｰﾑ ｶﾁｭｰｼｬ ﾊﾞﾝｽ ｸﾘｯﾌﾟ ｺｰﾑ ﾋﾞｰｽﾞ ﾎﾞｳｼ　ﾍﾞﾚｰﾎﾞｳ ｶﾝｶﾝ ﾅｶｵﾚ　ブレスレット　リストバンドｷｯｽﾞ ﾚﾃﾞｨｰｽ ﾒﾝｽﾞ ｺﾄﾞﾓ　キッズ　財布　ﾀﾞﾃﾒｶﾞﾈ　ﾚﾝｽﾞﾅｼ　ﾚﾝｽﾞｱﾘ　デコ　デコレーション　アイロンアフロ かつら　ソバージュ　ショート　ボブ　ウィッグスパンコール　パーティー　ネックレス　ピアス　指輪　リングお面　マスク　ピエロ　コスチューム　靴　シューズ　くつ蝶ネクタイ メンズ　カチューシャ　ストール　ﾇｲｸﾞﾙﾐ ﾃﾞﾝﾎﾟｳ ﾒｯｾｰｼﾞ ｹｯｺﾝｼｷ ﾀﾝｼﾞｮｳﾋﾞ ｶﾂﾗ ｳｨｯｸﾞ  ｱﾌﾛ ﾊﾟｰﾏ ﾎﾞﾌﾞ　ﾓﾋｶﾝ ﾊﾞｯｸ ﾘｭｯｸｻｯｸ ｶﾀｶｹｶﾊﾞﾝ ｳｴｽﾄﾎﾟｰﾁ ｻﾝｸﾞﾗｽ ﾊｰﾄ　ﾌﾞﾛｯｸ　ｽﾀｰ　ｳｪﾘﾝﾄﾝ ｽｸｴｱ ｵｰﾊﾞﾙﾞ ﾘﾎﾞﾝ ｽﾊﾟﾝｺｰﾙ ﾊﾟｲﾙ ｻﾃﾝ ﾁｪｯｸ ﾂｹｴﾘ ﾈｯｸﾚｽ ﾋﾟｱｽ ﾌﾞﾚｽﾚｯﾄ ﾘﾝｸﾞ ハット　スパンコール　帽子　中折れハット帽子レディース　メンズ　大人　男性　女性パーティー帽子 大きい　かわいい　可愛い　お洒落イベント　パーティー　余興　ダンス　コンテスト　結婚式　発表会　演奏会　舞台衣装　コスチューム　仮装,イベント　帽子　。ハット　スパンコール　帽子　中折れハット帽子レディース　メンズ　大人　男性　女性パーティー帽子 大きい　かわいい　可愛い　お洒落イベント　パーティー　余興　ダンス　コンテスト　結婚式　発表会　演奏会　舞台衣装　コスチューム　仮装[rn]
29-15056,http://tshop.r10s.jp/la-dream/cabinet/hat3-main.jpg?fitin=700:700,864.0000,,バッグ・小物・ブランド雑貨 > 帽子 > レディース帽子 > その他,◇【送料無料】★スパンコール・中折れ・ハット★7色展開 レッド ブルー ピンク シルバー ゴールド ブラック パープル キラキラ レディース 派手 ス ダンス ヒップホップ HIPHOP ダンス 衣裳 イベント きらきら スパンコール,【送料無料】ダンス衣装・スパンコール・中折れ・ハット,"<h3><font size=""-1"">★スパンコール・中折れ・ハット★7色展開 <br /><br />レッド ブルー ピンク シルバー ゴールド ブラック パープル キラキラ レディース 派手 ス ダンス ヒップホップ HIPHOP ダンス 衣裳 イベント きらきら スパンコール ダンスウエア ヒップホップ パンツ ダンス レディース 派手 ダンス衣装 ダンス 衣装 ヒップホップ ジャズ ガールズ JAZZ ダンス コスチューム スパンコール<br /><br />■こちらで別のカラーもチェック！</h3>
<img style=""margin:0 auto 10px"" width=""200px"" src=""http://image.rakuten.co.jp/la-dream/cabinet/gl0002/imgrc0063283592.jpg"" />
<img style=""margin:0 auto 10px"" width=""200px"" src=""http://image.rakuten.co.jp/la-dream/cabinet/gl0001/imgrc0063260989.jpg"" />
<img style=""margin:0 auto 10px"" width=""200px"" src=""http://image.rakuten.co.jp/la-dream/cabinet/gs0001/imgrc0063335693.jpg"" /><img style=""margin:40px 0 20px 0"" src=""http://image.rakuten.co.jp/la-dream/cabinet/imgrc0063756944.jpg"" />

<div style=""text-align:center;"">
<div style=""width:150px;display:inline-block;margin:0 10px 20px 0"">

<img width=""150px"" src=""http://image.rakuten.co.jp/la-dream/cabinet/gl-0057-main.jpg"" /><br />
<p style=""margin-top:0;font-size:9px;text-align:center""><span style=""color:red"">NEW</span><br />★フェイクレザー・レギンス★<br />
LA DREAM価格2,300円
</p>

</div>

<div style=""width:150px;display:inline-block;margin:0 10px 20px 0"">

<img width=""150px"" src=""http://image.rakuten.co.jp/la-dream/cabinet/gl-0091-main.jpg"" /><br />
<p style=""margin-top:0;font-size:9px;text-align:center""><span style=""color:red"">NEW</span><br />★トレンド・ストライプ★<br />
LA DREAM価格980円
</p>

</div>


<div style=""width:150px;display:inline-block;margin:0 10px 20px 0"">

<img width=""150px"" src=""http://image.rakuten.co.jp/la-dream/cabinet/gp14-main.jpg"" /><br />
<p style=""margin-top:0;font-size:9px;text-align:center""><span style=""color:red"">NEW</span><br />★サイドライン・レギンス★<br />
LA DREAM価格1,700円
</p>

</div>


<div style=""width:150px;display:inline-block;margin:0 10px 20px 0"">

<img width=""150px"" src=""http://image.rakuten.co.jp/la-dream/cabinet/gl-0053-main.jpg"" /><br />
<p style=""margin-top:0;font-size:9px;text-align:center""><span style=""color:red"">NEW</span><br />★スター＆ストライプ★<br />
LA DREAM価格980円
</p>

</div>

<div style=""width:150px;display:inline-block;margin:0 10px 20px 0"">

<img width=""150px"" src=""http://image.rakuten.co.jp/la-dream/cabinet/05576775/imgrc0066190169.jpg"" /><br />
<p style=""margin-top:0;font-size:9px;text-align:center""><span style=""color:red"">NEW</span><br />★ショート丈フーディー★<br />
LA DREAM価格3,900円
</p>

</div>

</div>
<img style=""margin:40px 0 20px 0"" src=""http://image.rakuten.co.jp/la-dream/cabinet/header/imgrc0063755651.jpg"" />",◇【送料無料】★スパンコール・中折れ・ハット★7色展開 レッド ブルー ピンク シルバー ゴールド ブラック パープル キラキラ レディース 派手 ス ダンス ヒップホップ HIPHOP ダンス 衣裳 イベント きらきら スパンコール：ＬＡ　ＤＲＥＡＭ,レギンストップスダンスヒップホップHIP HOPサルエルパンツ◇【送料無料】★スパンコール・中折れ・ハット★7色展開 レッド ブルー ピンク シルバー ゴールド ブラック パープル キラキラ レディース 派手 ス ダンス ヒップホップ HIPHOP ダンス 衣裳 イベント きらきら スパンコール,【送料無料】ダンス衣装・スパンコール・中折れ・ハット。◇【送料無料】★スパンコール・中折れ・ハット★7色展開 レッド ブルー ピンク シルバー ゴールド ブラック パープル キラキラ レディース 派手 ス ダンス ヒップホップ HIPHOP ダンス 衣裳 イベント きらきら スパンコール[rn]
29-15057,http://tshop.r10s.jp/sh-midoriya/cabinet/midoriya30/fas-462-1.jpg?fitin=700:700,656.0000,,バッグ・小物・ブランド雑貨 > 帽子 > レディース帽子 > その他,【送料無料】 キラデコ 帽子 キャップ レディース メンズ ベースボール スパンコール 8色 (rs-fas-462m) オシャレ シンプル ファッション 使いやすい キラキラのスパンコールで目立つこと間違いなし♪【メール便送料無料】【代引き別途】【RCP】02P23Aug15,キラキラのスパンコールで目立つこと間違いなし♪,"<center><b><font color=""black"">↓↓こちらもおすすめ！↓↓<br>
</font></b>
<br>

<img src=""http://image.rakuten.co.jp/sh-midoriya/cabinet/midoriya26/ar-cn_01.jpg"" border=""0"" width=""400"" height=""403""><br>
<br>
<img src=""http://image.rakuten.co.jp/sh-midoriya/cabinet/midoriya27/ar-fber2_01.jpg"" border=""0"" width=""400"" height=""400"">
<br>
<br>

<img src=""http://image.rakuten.co.jp/sh-midoriya/cabinet/midoriya22/ar-ber-1-re.jpg"" border=""0"" width=""400"" height=""400""></center><head>
<style type=""text/css"">
<!--
td.inventory font{font-size:10px;color:#A9A9A9;}

body
{background-image: url(https://image.rakuten.co.jp/sh-midoriya/cabinet/event/2017-0520-25-lady-ob.jpg);
background-repeat: repeat-y;
background-position: left top;}
-->
</style>

<style>
.choice{
display:block;
}
</style>

<!--▲重要！こちらより上は削除するな！-->

</head>",【送料無料】 キラデコ 帽子 キャップ レディース メンズ ベースボール スパンコール 8色 (rs-fas-462m) オシャレ シンプル ファッション 使いやすい キラキラのスパンコールで目立つこと間違いなし♪【メール便送料無料】【代引き別途】【RCP】02P23Aug15：総合通販ショップ みどりや,【送料無料】 キラデコ 帽子 キャップ レディース メンズ ベースボール スパンコール 8色 (rs-fas-462m) オシャレ シンプル ファッション 使いやすい キラキラのスパンコールで目立つこと間違いなし♪【メール便送料無料】【代引き別途】【RCP】02P23Aug15,キラキラのスパンコールで目立つこと間違いなし♪。【送料無料】 キラデコ 帽子 キャップ レディース メンズ ベースボール スパンコール 8色 (rs-fas-462m) オシャレ シンプル ファッション 使いやすい キラキラのスパンコールで目立つこと間違いなし♪【メール便送料無料】【代引き別途】【RCP】02P23Aug15[rn]
29-15058,http://tshop.r10s.jp/ilovela/cabinet/product/108/sxuu1e5qijyumq_1.jpg?fitin=700:700,8064.0000,,バッグ・小物・ブランド雑貨 > 帽子 > レディース帽子 > その他,Pistil ファッション雑貨 小物 帽子 レディース 女性用 Ginger Headband - Poppy【代引不可】【あす楽不可】【送料無料】【限定ポイントアップ祭】,Pistil ファッション雑貨 小物 帽子 レディース 女性用,"Pistil ファッション雑貨 小物 帽子 レディース 女性用 Ginger Headband - Poppy<br />
こちらの商品は弊社アメリカ支社からの取り寄せとなります。代引きでの発送はお受けできません。<br />
お支払はクレジットカード、銀行振込、郵便振替、もしくはコンビニ後払い（後払いは限度額が5万円まで）にて承ります。<br />
<br />
注文後のサイズ変更・キャンセルは出来ませんので、十分なご検討の上でのご注文をお願いいたします。<br />
<br />
※画面の表示と実物では多少色具合が異なって見える場合もございます。<br />
※ご入金確認後、商品の発送まで1から3週間ほどかかります。<br />
※アメリカ商品の為、稀にスクラッチなどがある場合がございます。使用に問題のない程度のものは不良品とは扱いませんのでご了承下さい。<br />
<br />
<br />
<br />
<br />
━ カタログ（英語）より抜粋 ━<br />
  SKU: #7995485<br />
   Keep your head warm on those frigid days with the Ginger Headband by Pistil(TM).<br />
 Hand-knit, two-color headband.<br />
 Button closure for easy on and off.<br />
 Material: 100% acrylic.<br />
 Hand wash cold and dry flat.<br />
 Imported.<br />
 Measurements:   Circumference: 約 40.6 cm<br />
  <br />
 Product measurements were taken using size One Size (22&quot;-23.6&quot;). サイズにより異なりますので、あくまで参考値として参照ください.<br /><div id=""shipping_info"">
 <dl>
  <dt>靴（くつ）のサイズはこちらの表を参考にご検討ください。</dt>
  <dd>
   <p>※対照表は一般的なものであり各メーカー、型（モデル）等により差異がございますので、あくまで参考程度にご覧ください。</p>
   <img src=""http://www.rakuten.ne.jp/gold/ilovela/images/shoe_size.jpg"" alt=""靴のサイズ表"">
   <p>※ 商品のサイズについてはこちらをご参照ください。</p>
  </dd>
 </dl>
</div>

<div id=""shipping_info"">
 <dl>
  <dt>アメリカ支社からのお取り寄せの流れ</dt>
  <dd>
   <img src=""http://www.rakuten.ne.jp/gold/ilovela/images/nagare.png"" alt=""お取り寄せ商品のご購入後の流れ"" width=""600"" style=""margin-bottom: 12px;"">
   <p>１．ご注文後、ご入金が確認され次第、弊社アメリカ支社に取り寄せの発注を行います。</p>
   <p>２．国内のロジスティクスセンターへの商品の到着にはここから概ね2週間から3週間ほどかかります。</p>
   <p>３．アメリカ側からの発送が完了した時点で、メールにてご連絡いたします。</p>
   <p>４．国内のロジスティクスセンターにて商品の確認後、商品により日本郵政（ゆうパック）佐川急便もしくは日通航空によりお客様へ配送となります。</p>
   <p>※お取り寄せとなる商品の場合、ご注文をいただいた後のお客様都合によるキャンセルには一律棚戻し手数料(商品代金の30％)が発生いたします。</p>
  </dd>
 </dl>
</div>

<div id=""shipping_info"">
 <dl>
  <dt>商品についての留意事項</dt>
  <dd>
   <p>※スケートボードのウィール、トラック、スノーボードのビンディング、シューズの靴紐のカラーや細部のデザインなど、掲載の写真から予告なく変更となる場合があります。</p>
   <p>※ビンテージ、ユーズド加工品は色落ち等のダメージ加工がほどこされている場合があります。</p>
   <p>※スパイクはアメリカ国内での使用のみの保障しかございませんので日本で使用された場合は一切の保障はなくなります。例え、一度限りの使用でヒビや割れが生じましても一切の返品は受付ませんので、どうぞご注意ください。</p>
   <p>※商品の箱に傷みがある場合でも、商品そのものの使用に問題が無い場合には不良品とはみなしません。</p>
   <p>※プレゼント・おまけ商品はレビューご記入で1000円OFFなど他値引きサービスの併用はできません。</p>
  </dd>
 </dl>
</div>",Pistil ファッション雑貨 小物 帽子 レディース 女性用 Ginger Headband - Poppy【代引不可】【あす楽不可】【送料無料】【限定ポイントアップ祭】：【Ｉ　ＬＯＶＥ　ＬＡ】,エドハーディーEd HardyJuicy CoutureジューシークチュールTRUE RELIGIONトゥルーレリジョンAfflictionアフリクションDisneyディズニーSkateboardスケボーSnowboardスノーボードPistil ファッション雑貨 小物 帽子 レディース 女性用 Ginger Headband - Poppy【代引不可】【あす楽不可】【送料無料】【限定ポイントアップ祭】,Pistil ファッション雑貨 小物 帽子 レディース 女性用。Pistil ファッション雑貨 小物 帽子 レディース 女性用 Ginger Headband - Poppy【代引不可】【あす楽不可】【送料無料】【限定ポイントアップ祭】[rn]
29-15059,http://tshop.r10s.jp/auc-arrival/cabinet/01202585/01678183/img60534447.jpg?fitin=700:700,464.0000,,バッグ・小物・ブランド雑貨 > 帽子 > レディース帽子 > その他,ROTHCO（ロスコ社製）★HEADWRAP　ヘッドラップ★カモフラージュ　アーミーマン(5109) 迷彩柄,在庫処分大特価！DM便送料込！(コンビニ受取り不可、代引不可),"<br><center>
<font color=#000066 size=5><b>
ROTHCO　HEAD WRAP
</b></font>
<br><br>
<table width=600 cellpadding=10 cellspacing=10 border=0>
<tr><td width=10% bgcolor=#FF9900 align=center><font color=#990000 size=3>★</font></td>
<td width=10% bgcolor=#990000 align=center><font color=#990000 size=4>★</font></td>
<td width=10% bgcolor=#336600 align=center><font color=#336600 size=2>★</font></td>
<td width=10% bgcolor=#336600 align=center><font color=#FF9900 size=3>★</font></td>
<td width=10% bgcolor=#FF9900 align=center><font color=#FF9900 size=4>★</font></td>
<td width=10% bgcolor=#336600 align=center><font color=#990000 size=4>★</font></td>
<td width=10% bgcolor=#FF9900 align=center><font color=#990000 size=3>★</font></td>
<td width=10% bgcolor=#FF9900 align=center><font color=#FF9900 size=2>★</font></td>
<td width=10% bgcolor=#FF9900 align=center><font color=#FF9900 size=2>★</font></td>
<td width=10% bgcolor=#FF9900 align=center><font color=#990000 size=3>★</font></td>
</tr>
<tr>
<td width=10% bgcolor=#FF9900 align=center><font color=#990000 size=3>★</font></td>

<td colspan=8 rowspan=3 bgcolor=#FFFFDD align=left>
<font color=#000066 size=3>

アメリカ軍納入メーカーとして有名なニューヨークのロスコ社（ROTHCO)のヘッドラップです。<br>頭にバンダナを巻くように、最初から作られているので、バンダナキャップとも呼ばれています。バイカーの人がヘルメットの下にかぶったり、作業用のヘルメットの下でも、汗を吸い取り最高です。<br>もちろん帽子がわりにそのままでも、お料理やお掃除の時の三角巾がわりにも使えます。<br>頭を出したくない方や、髪の毛の薄い方にも、アメリカではかなりポピュラーなアイテムです。<br>サイズはフリーです。<br>他の柄も三枚目の画像のように多数ございますので、よろしくお願いします。<br>市価１２００円～９８０円。 <br>アメリカ経由中国生産。<br>男女兼用フリーサイズ。<br>コットン１００％。<br><br>＊ご注意＊迷彩をはじめ、柄物に関しましては、生地のかたどり位置により一点一点違う為、実際納品するものは、ご覧の画像のサンプルと同じ物はきませんので、予めご了承ください。<br></font>
</td>
<td width=10% bgcolor=#FF9900 align=center><font color=#990000 size=2>★</font></td>

</tr>
<tr>
<td width=10% bgcolor=#990000 align=center><font color=#336600 size=4>★</font></td>

<td width=10% bgcolor=#990000 align=center><font color=#990000 size=4>★</font></td>

</tr>
<tr>
<td width=10% bgcolor=#990000 align=center><font color=#336600 size=4>★</font></td>

<td width=10% bgcolor=#990000 align=center><font color=#990000 size=4>★</font></td>

</tr>
<tr><td width=10% bgcolor=#FF9900 align=center><font color=#990000 size=3>★</font></td>
<td width=10% bgcolor=#990000 align=center><font color=#990000 size=4>★</font></td>
<td width=10% bgcolor=#336600 align=center><font color=#336600 size=2>★</font></td>
<td width=10% bgcolor=#336600 align=center><font color=#FF9900 size=3>★</font></td>
<td width=10% bgcolor=#FF9900 align=center><font color=#FF9900 size=4>★</font></td>
<td width=10% bgcolor=#336600 align=center><font color=#990000 size=4>★</font></td>
<td width=10% bgcolor=#FF9900 align=center><font color=#990000 size=3>★</font></td>
<td width=10% bgcolor=#FF9900 align=center><font color=#FF9900 size=2>★</font></td>
<td width=10% bgcolor=#FF9900 align=center><font color=#FF9900 size=2>★</font></td>
<td width=10% bgcolor=#FF9900 align=center><font color=#990000 size=3>★</font></td>
</tr>
</table>
</center><table width=""800"" height=""70"" border=""0"" cellspacing=""3"" cellpadding=""0"" align=""center"">
  <td>
    <img src=""http://image.rakuten.co.jp/auc-arrival/cabinet/banner/img57664495.jpg"" border=""0"" width=""116"" height=""68"" ><br>
<font size=""-3"">MADE IN JAPAN!</font>
</td>

  <td>
    <img src=""http://image.rakuten.co.jp/auc-arrival/cabinet/banner/img57664798.jpg"" border=""0"" width=""116"" height=""68""><br>
<font size=""-3"">U.S.空軍グッズ!</font>
</td>

  <td>
    <img src=""http://image.rakuten.co.jp/auc-arrival/cabinet/banner/img57667814.jpg"" border=""0"" width=""116"" height=""68""><br>
<font size=""-3"">Since 1937</font>
</td>

  <td>
    <img src=""http://image.rakuten.co.jp/auc-arrival/cabinet/banner/img57664496.jpg"" border=""0"" width=""116"" height=""68""><br>
<font size=""-3"">DISNEYグッズ</font>
</td>

<td>
    <img src=""http://image.rakuten.co.jp/auc-arrival/cabinet/imgrc0065507858.jpg"" border=""0"" width=""116"" height=""68""><br>
<font size=""-3"">DORY</font>
</td>

<td>
    <img src=""http://image.rakuten.co.jp/auc-arrival/cabinet/banner/img61373183.gif"" border=""0"" width=""116"" height=""68""><br>
<font size=""-3"">MARVEL</font>
</td>


<td>
    <img src=""http://image.rakuten.co.jp/auc-arrival/cabinet/banner/img57667821.jpg"" border=""0"" width=""116"" height=""68""><br>
<font size=""-3"">アナログなゲーム♪</font>
</td>
</table>


<table width=""800"" height=""70"" border=""0"" cellspacing=""3"" cellpadding=""0"" align=""center"">
  <td>
    <img src=""http://image.rakuten.co.jp/auc-arrival/cabinet/banner/img57664828.gif"" border=""0"" width=""116"" height=""68"" >
<font size=""-3"">NY市警グッズ</font>
</td>

  <td>
    <img src=""http://image.rakuten.co.jp/auc-arrival/cabinet/banner/img57667826.jpg"" border=""0"" width=""116"" height=""68"">
<font size=""-3"">U.S.陸軍グッズ</font>
</td>

  <td>
    <img src=""http://image.rakuten.co.jp/auc-arrival/cabinet/banner/img57664829.gif"" border=""0"" width=""116"" height=""68"">
<font size=""-3"">全米一CAPメーカー</font>
</td>

  <td>
    <img src=""http://image.rakuten.co.jp/auc-arrival/cabinet/banner/img57664501.gif"" border=""0"" width=""116"" height=""68"">
<font size=""-3"">STAR WARS</font>
</td>

  <td>
    <img src=""http://image.rakuten.co.jp/auc-arrival/cabinet/banner/img57664500.jpg"" border=""0"" width=""116"" height=""68"" >
<font size=""-3"">ポップでキュート!</font>
</td>

  <td>
    <img src=""http://image.rakuten.co.jp/auc-arrival/cabinet/banner/img57667815.jpg"" border=""0"" width=""116"" height=""68"">
<font size=""-3"">全ての音楽はこの4人から</font>
</td>

  <td>
    <img src=""http://image.rakuten.co.jp/auc-arrival/cabinet/banner/img57667819.jpg"" border=""0"" width=""116"" height=""68"">
<font size=""-3"">アメリカの誇り</font>
</td>
</table>


<table width=""800"" height=""70"" border=""0"" cellspacing=""3"" cellpadding=""0"" align=""center"">
  <td>
    <img src=""http://image.rakuten.co.jp/auc-arrival/cabinet/banner/img57667824.jpg"" border=""0"" width=""116"" height=""68"" >
<font size=""-3"">米軍納入メーカー</font>
</td>

  <td>
    <img src=""http://image.rakuten.co.jp/auc-arrival/cabinet/banner/img57664796.gif"" border=""0"" width=""116"" height=""68"">
<font size=""-3"">U.S.海兵隊グッズが集合!</font>
</td>

  <td>
    <img src=""http://image.rakuten.co.jp/auc-arrival/cabinet/banner/img57664502.jpg"" border=""0"" width=""116"" height=""68"">
<font size=""-3"">MESH CAP from LA</font>
</td>


  <td>
    <img src=""http://image.rakuten.co.jp/auc-arrival/cabinet/banner/img57664497.jpg"" border=""0"" width=""116"" height=""68"" >
<font size=""-3"">ROCKBANDのキャラクター</font>
</td>

  <td>
    <img src=""http://image.rakuten.co.jp/auc-arrival/cabinet/banner/img57667817.jpg"" border=""0"" width=""116"" height=""68"">
<font size=""-3"">60's, 70's, 80's, 90's</font>
</td>

 <td>
    <img src=""http://image.rakuten.co.jp/auc-arrival/cabinet/banner/img58223140.gif"" border=""0"" width=""116"" height=""68""><font size=""-3""><br>FROM UK</font>
</td>
</table>


<table width=""800"" height=""70"" border=""0"" cellspacing=""3"" cellpadding=""0"" align=""center"">
  <td>
    <img src=""http://image.rakuten.co.jp/auc-arrival/cabinet/banner/img58155852.gif"" border=""0"" width=""116"" height=""68"" >
<font size=""-3"">バイカーの王道！</font>
</td>

  <td>
    <img src=""http://image.rakuten.co.jp/auc-arrival/cabinet/banner/img57664831.gif"" border=""0"" width=""116"" height=""68"">
<font size=""-3"">U.S.海軍グッズ!</font>
</td>

  <td>
    <img src=""http://image.rakuten.co.jp/auc-arrival/cabinet/banner/img57668028.jpg"" border=""0"" width=""116"" height=""68"">
<font size=""-3"">Since 1982 from NY</font>
</td>

  <td>
    <img src=""http://image.rakuten.co.jp/auc-arrival/cabinet/banner/img57667825.jpg"" border=""0"" width=""116"" height=""68"">
<font size=""-3"">サーフ関連グッズ<br></font>
</td>

  <td>
    <img src=""http://image.rakuten.co.jp/auc-arrival/cabinet/banner/img57667816.jpg"" border=""0"" width=""116"" height=""68"" >
<font size=""-3"">オイル感が漂います</font>
</td>

  <td>
    <img src=""http://image.rakuten.co.jp/auc-arrival/cabinet/banner/img57670079.jpg"" border=""0"" width=""116"" height=""68"">
<font size=""-3"">OTHER GOODS</font>
</td>

  <td>
    <img src=""http://image.rakuten.co.jp/auc-arrival/cabinet/banner/img57667822.jpg"" border=""0"" width=""116"" height=""68"">
<font size=""-3"">他にも個性派が勢揃い！</font>
</td></table>",ROTHCO（ロスコ社製）★HEADWRAP　ヘッドラップ★カモフラージュ　アーミーマン(5109) 迷彩柄：アライバル楽天市場店,ワッペンディズニープリンセスパッチミリタリースヌーピースパイダーマンミニオンロスコベティROTHCO（ロスコ社製）★HEADWRAP　ヘッドラップ★カモフラージュ　アーミーマン(5109) 迷彩柄,在庫処分大特価！DM便送料込！(コンビニ受取り不可、代引不可)。ROTHCO（ロスコ社製）★HEADWRAP　ヘッドラップ★カモフラージュ　アーミーマン(5109) 迷彩柄[rn]
29-15060,http://tshop.r10s.jp/auc-arrival/cabinet/01327557/imgrc0065649133.jpg?fitin=700:700,552.0000,,バッグ・小物・ブランド雑貨 > 帽子 > レディース帽子 > その他,ROTHCO（ロスコ社製）★HEADWRAP　ヘッドラップ★ソリッドカーキ・グリーン　O.D.無地,在庫処分大特価！DM便送料込！！(コンビニ受取り不可、引不可),"<br><center>
<font color=#000066 size=5><b>
ROTHCO　HEAD WRAP
</b></font>
<br><br>
<table width=600 cellpadding=10 cellspacing=10 border=0>
<tr><td width=10% bgcolor=#FF9900 align=center><font color=#990000 size=3>★</font></td>
<td width=10% bgcolor=#990000 align=center><font color=#990000 size=4>★</font></td>
<td width=10% bgcolor=#336600 align=center><font color=#336600 size=2>★</font></td>
<td width=10% bgcolor=#336600 align=center><font color=#FF9900 size=3>★</font></td>
<td width=10% bgcolor=#FF9900 align=center><font color=#FF9900 size=4>★</font></td>
<td width=10% bgcolor=#336600 align=center><font color=#990000 size=4>★</font></td>
<td width=10% bgcolor=#FF9900 align=center><font color=#990000 size=3>★</font></td>
<td width=10% bgcolor=#FF9900 align=center><font color=#FF9900 size=2>★</font></td>
<td width=10% bgcolor=#FF9900 align=center><font color=#FF9900 size=2>★</font></td>
<td width=10% bgcolor=#FF9900 align=center><font color=#990000 size=3>★</font></td>
</tr>
<tr>
<td width=10% bgcolor=#FF9900 align=center><font color=#990000 size=3>★</font></td>

<td colspan=8 rowspan=3 bgcolor=#FFFFDD align=left>
<font color=#000066 size=3>

アメリカ軍納入メーカーとして有名なニューヨークのロスコ社（ROTHCO)のヘッドラップです。<br>頭にバンダナを巻くように、最初から作られているので、バンダナキャップとも呼ばれています。バイカーの人がヘルメットの下にかぶったり、作業用のヘルメットの下でも、汗を吸い取り最高です。<br>もちろん帽子がわりにそのままでも、お料理やお掃除の時の三角巾がわりにも使えます。<br>頭を出したくない方や、髪の毛の薄い方にも、アメリカではかなりポピュラーなアイテムです。<br>サイズはフリーです。<br>他の柄も三枚目の画像のように多数ございますので、よろしくお願いします。<br>市価１２００円～９８０円。 <br>アメリカ経由中国生産。<br>男女兼用フリーサイズ。<br>コットン１００％。<br><br>＊ご注意＊迷彩をはじめ、柄物に関しましては、生地のかたどり位置により一点一点違う為、実際納品するものは、ご覧の画像のサンプルと同じ物はきませんので、予めご了承ください。<br></font>
</td>
<td width=10% bgcolor=#FF9900 align=center><font color=#990000 size=2>★</font></td>

</tr>
<tr>
<td width=10% bgcolor=#990000 align=center><font color=#336600 size=4>★</font></td>

<td width=10% bgcolor=#990000 align=center><font color=#990000 size=4>★</font></td>

</tr>
<tr>
<td width=10% bgcolor=#990000 align=center><font color=#336600 size=4>★</font></td>

<td width=10% bgcolor=#990000 align=center><font color=#990000 size=4>★</font></td>

</tr>
<tr><td width=10% bgcolor=#FF9900 align=center><font color=#990000 size=3>★</font></td>
<td width=10% bgcolor=#990000 align=center><font color=#990000 size=4>★</font></td>
<td width=10% bgcolor=#336600 align=center><font color=#336600 size=2>★</font></td>
<td width=10% bgcolor=#336600 align=center><font color=#FF9900 size=3>★</font></td>
<td width=10% bgcolor=#FF9900 align=center><font color=#FF9900 size=4>★</font></td>
<td width=10% bgcolor=#336600 align=center><font color=#990000 size=4>★</font></td>
<td width=10% bgcolor=#FF9900 align=center><font color=#990000 size=3>★</font></td>
<td width=10% bgcolor=#FF9900 align=center><font color=#FF9900 size=2>★</font></td>
<td width=10% bgcolor=#FF9900 align=center><font color=#FF9900 size=2>★</font></td>
<td width=10% bgcolor=#FF9900 align=center><font color=#990000 size=3>★</font></td>
</tr>
</table>
</center><table width=""800"" height=""70"" border=""0"" cellspacing=""3"" cellpadding=""0"" align=""center"">
  <td>
    <img src=""http://image.rakuten.co.jp/auc-arrival/cabinet/banner/img57664495.jpg"" border=""0"" width=""116"" height=""68"" ><br>
<font size=""-3"">MADE IN JAPAN!</font>
</td>

  <td>
    <img src=""http://image.rakuten.co.jp/auc-arrival/cabinet/banner/img57664798.jpg"" border=""0"" width=""116"" height=""68""><br>
<font size=""-3"">U.S.空軍グッズ!</font>
</td>

  <td>
    <img src=""http://image.rakuten.co.jp/auc-arrival/cabinet/banner/img57667814.jpg"" border=""0"" width=""116"" height=""68""><br>
<font size=""-3"">Since 1937</font>
</td>

  <td>
    <img src=""http://image.rakuten.co.jp/auc-arrival/cabinet/banner/img57664496.jpg"" border=""0"" width=""116"" height=""68""><br>
<font size=""-3"">DISNEYグッズ</font>
</td>

<td>
    <img src=""http://image.rakuten.co.jp/auc-arrival/cabinet/imgrc0065507858.jpg"" border=""0"" width=""116"" height=""68""><br>
<font size=""-3"">DORY</font>
</td>

<td>
    <img src=""http://image.rakuten.co.jp/auc-arrival/cabinet/banner/img61373183.gif"" border=""0"" width=""116"" height=""68""><br>
<font size=""-3"">MARVEL</font>
</td>


<td>
    <img src=""http://image.rakuten.co.jp/auc-arrival/cabinet/banner/img57667821.jpg"" border=""0"" width=""116"" height=""68""><br>
<font size=""-3"">アナログなゲーム♪</font>
</td>
</table>


<table width=""800"" height=""70"" border=""0"" cellspacing=""3"" cellpadding=""0"" align=""center"">
  <td>
    <img src=""http://image.rakuten.co.jp/auc-arrival/cabinet/banner/img57664828.gif"" border=""0"" width=""116"" height=""68"" >
<font size=""-3"">NY市警グッズ</font>
</td>

  <td>
    <img src=""http://image.rakuten.co.jp/auc-arrival/cabinet/banner/img57667826.jpg"" border=""0"" width=""116"" height=""68"">
<font size=""-3"">U.S.陸軍グッズ</font>
</td>

  <td>
    <img src=""http://image.rakuten.co.jp/auc-arrival/cabinet/banner/img57664829.gif"" border=""0"" width=""116"" height=""68"">
<font size=""-3"">全米一CAPメーカー</font>
</td>

  <td>
    <img src=""http://image.rakuten.co.jp/auc-arrival/cabinet/banner/img57664501.gif"" border=""0"" width=""116"" height=""68"">
<font size=""-3"">STAR WARS</font>
</td>

  <td>
    <img src=""http://image.rakuten.co.jp/auc-arrival/cabinet/banner/img57664500.jpg"" border=""0"" width=""116"" height=""68"" >
<font size=""-3"">ポップでキュート!</font>
</td>

  <td>
    <img src=""http://image.rakuten.co.jp/auc-arrival/cabinet/banner/img57667815.jpg"" border=""0"" width=""116"" height=""68"">
<font size=""-3"">全ての音楽はこの4人から</font>
</td>

  <td>
    <img src=""http://image.rakuten.co.jp/auc-arrival/cabinet/banner/img57667819.jpg"" border=""0"" width=""116"" height=""68"">
<font size=""-3"">アメリカの誇り</font>
</td>
</table>


<table width=""800"" height=""70"" border=""0"" cellspacing=""3"" cellpadding=""0"" align=""center"">
  <td>
    <img src=""http://image.rakuten.co.jp/auc-arrival/cabinet/banner/img57667824.jpg"" border=""0"" width=""116"" height=""68"" >
<font size=""-3"">米軍納入メーカー</font>
</td>

  <td>
    <img src=""http://image.rakuten.co.jp/auc-arrival/cabinet/banner/img57664796.gif"" border=""0"" width=""116"" height=""68"">
<font size=""-3"">U.S.海兵隊グッズが集合!</font>
</td>

  <td>
    <img src=""http://image.rakuten.co.jp/auc-arrival/cabinet/banner/img57664502.jpg"" border=""0"" width=""116"" height=""68"">
<font size=""-3"">MESH CAP from LA</font>
</td>


  <td>
    <img src=""http://image.rakuten.co.jp/auc-arrival/cabinet/banner/img57664497.jpg"" border=""0"" width=""116"" height=""68"" >
<font size=""-3"">ROCKBANDのキャラクター</font>
</td>

  <td>
    <img src=""http://image.rakuten.co.jp/auc-arrival/cabinet/banner/img57667817.jpg"" border=""0"" width=""116"" height=""68"">
<font size=""-3"">60's, 70's, 80's, 90's</font>
</td>

 <td>
    <img src=""http://image.rakuten.co.jp/auc-arrival/cabinet/banner/img58223140.gif"" border=""0"" width=""116"" height=""68""><font size=""-3""><br>FROM UK</font>
</td>
</table>


<table width=""800"" height=""70"" border=""0"" cellspacing=""3"" cellpadding=""0"" align=""center"">
  <td>
    <img src=""http://image.rakuten.co.jp/auc-arrival/cabinet/banner/img58155852.gif"" border=""0"" width=""116"" height=""68"" >
<font size=""-3"">バイカーの王道！</font>
</td>

  <td>
    <img src=""http://image.rakuten.co.jp/auc-arrival/cabinet/banner/img57664831.gif"" border=""0"" width=""116"" height=""68"">
<font size=""-3"">U.S.海軍グッズ!</font>
</td>

  <td>
    <img src=""http://image.rakuten.co.jp/auc-arrival/cabinet/banner/img57668028.jpg"" border=""0"" width=""116"" height=""68"">
<font size=""-3"">Since 1982 from NY</font>
</td>

  <td>
    <img src=""http://image.rakuten.co.jp/auc-arrival/cabinet/banner/img57667825.jpg"" border=""0"" width=""116"" height=""68"">
<font size=""-3"">サーフ関連グッズ<br></font>
</td>

  <td>
    <img src=""http://image.rakuten.co.jp/auc-arrival/cabinet/banner/img57667816.jpg"" border=""0"" width=""116"" height=""68"" >
<font size=""-3"">オイル感が漂います</font>
</td>

  <td>
    <img src=""http://image.rakuten.co.jp/auc-arrival/cabinet/banner/img57670079.jpg"" border=""0"" width=""116"" height=""68"">
<font size=""-3"">OTHER GOODS</font>
</td>

  <td>
    <img src=""http://image.rakuten.co.jp/auc-arrival/cabinet/banner/img57667822.jpg"" border=""0"" width=""116"" height=""68"">
<font size=""-3"">他にも個性派が勢揃い！</font>
</td></table>",ROTHCO（ロスコ社製）★HEADWRAP　ヘッドラップ★ソリッドカーキ・グリーン　O.D.無地：アライバル楽天市場店,ワッペンディズニープリンセスパッチミリタリースヌーピースパイダーマンミニオンロスコベティROTHCO（ロスコ社製）★HEADWRAP　ヘッドラップ★ソリッドカーキ・グリーン　O.D.無地,在庫処分大特価！DM便送料込！！(コンビニ受取り不可、引不可)。ROTHCO（ロスコ社製）★HEADWRAP　ヘッドラップ★ソリッドカーキ・グリーン　O.D.無地[rn]
29-15061,http://tshop.r10s.jp/auc-arrival/cabinet/01327557/imgrc0065649190.jpg?fitin=700:700,552.0000,,バッグ・小物・ブランド雑貨 > 帽子 > レディース帽子 > その他,ROTHCO（ロスコ社製）★HEADWRAP　ヘッドラップ★迷彩柄★ウッドランド・カモフラージュ　WOODLAND CAMO,在庫処分大特価！DM便送料込！！(代引不可),"<br><center>
<font color=#000066 size=5><b>
ROTHCO　HEAD WRAP
</b></font>
<br><br>
<table width=600 cellpadding=10 cellspacing=10 border=0>
<tr><td width=10% bgcolor=#FF9900 align=center><font color=#990000 size=3>★</font></td>
<td width=10% bgcolor=#990000 align=center><font color=#990000 size=4>★</font></td>
<td width=10% bgcolor=#336600 align=center><font color=#336600 size=2>★</font></td>
<td width=10% bgcolor=#336600 align=center><font color=#FF9900 size=3>★</font></td>
<td width=10% bgcolor=#FF9900 align=center><font color=#FF9900 size=4>★</font></td>
<td width=10% bgcolor=#336600 align=center><font color=#990000 size=4>★</font></td>
<td width=10% bgcolor=#FF9900 align=center><font color=#990000 size=3>★</font></td>
<td width=10% bgcolor=#FF9900 align=center><font color=#FF9900 size=2>★</font></td>
<td width=10% bgcolor=#FF9900 align=center><font color=#FF9900 size=2>★</font></td>
<td width=10% bgcolor=#FF9900 align=center><font color=#990000 size=3>★</font></td>
</tr>
<tr>
<td width=10% bgcolor=#FF9900 align=center><font color=#990000 size=3>★</font></td>

<td colspan=8 rowspan=3 bgcolor=#FFFFDD align=left>
<font color=#000066 size=3>

アメリカ軍納入メーカーとして有名なニューヨークのロスコ社（ROTHCO)のヘッドラップです。<br>頭にバンダナを巻くように、最初から作られているので、バンダナキャップとも呼ばれています。バイカーの人がヘルメットの下にかぶったり、作業用のヘルメットの下でも、汗を吸い取り最高です。<br>もちろん帽子がわりにそのままでも、お料理やお掃除の時の三角巾がわりにも使えます。<br>頭を出したくない方や、髪の毛の薄い方にも、アメリカではかなりポピュラーなアイテムです。<br>サイズはフリーです。<br>他の柄も三枚目の画像のように多数ございますので、よろしくお願いします。<br>市価１２００円～９８０円。 <br>アメリカ経由中国生産。<br>男女兼用フリーサイズ。<br>コットン１００％。<br><br>＊ご注意＊迷彩をはじめ、柄物に関しましては、生地のかたどり位置により一点一点違う為、実際納品するものは、ご覧の画像のサンプルと同じ物はきませんので、予めご了承ください。<br></font>
</td>
<td width=10% bgcolor=#FF9900 align=center><font color=#990000 size=2>★</font></td>

</tr>
<tr>
<td width=10% bgcolor=#990000 align=center><font color=#336600 size=4>★</font></td>

<td width=10% bgcolor=#990000 align=center><font color=#990000 size=4>★</font></td>

</tr>
<tr>
<td width=10% bgcolor=#990000 align=center><font color=#336600 size=4>★</font></td>

<td width=10% bgcolor=#990000 align=center><font color=#990000 size=4>★</font></td>

</tr>
<tr><td width=10% bgcolor=#FF9900 align=center><font color=#990000 size=3>★</font></td>
<td width=10% bgcolor=#990000 align=center><font color=#990000 size=4>★</font></td>
<td width=10% bgcolor=#336600 align=center><font color=#336600 size=2>★</font></td>
<td width=10% bgcolor=#336600 align=center><font color=#FF9900 size=3>★</font></td>
<td width=10% bgcolor=#FF9900 align=center><font color=#FF9900 size=4>★</font></td>
<td width=10% bgcolor=#336600 align=center><font color=#990000 size=4>★</font></td>
<td width=10% bgcolor=#FF9900 align=center><font color=#990000 size=3>★</font></td>
<td width=10% bgcolor=#FF9900 align=center><font color=#FF9900 size=2>★</font></td>
<td width=10% bgcolor=#FF9900 align=center><font color=#FF9900 size=2>★</font></td>
<td width=10% bgcolor=#FF9900 align=center><font color=#990000 size=3>★</font></td>
</tr>
</table>
</center><table width=""800"" height=""70"" border=""0"" cellspacing=""3"" cellpadding=""0"" align=""center"">
  <td>
    <img src=""http://image.rakuten.co.jp/auc-arrival/cabinet/banner/img57664495.jpg"" border=""0"" width=""116"" height=""68"" ><br>
<font size=""-3"">MADE IN JAPAN!</font>
</td>

  <td>
    <img src=""http://image.rakuten.co.jp/auc-arrival/cabinet/banner/img57664798.jpg"" border=""0"" width=""116"" height=""68""><br>
<font size=""-3"">U.S.空軍グッズ!</font>
</td>

  <td>
    <img src=""http://image.rakuten.co.jp/auc-arrival/cabinet/banner/img57667814.jpg"" border=""0"" width=""116"" height=""68""><br>
<font size=""-3"">Since 1937</font>
</td>

  <td>
    <img src=""http://image.rakuten.co.jp/auc-arrival/cabinet/banner/img57664496.jpg"" border=""0"" width=""116"" height=""68""><br>
<font size=""-3"">DISNEYグッズ</font>
</td>

<td>
    <img src=""http://image.rakuten.co.jp/auc-arrival/cabinet/imgrc0065507858.jpg"" border=""0"" width=""116"" height=""68""><br>
<font size=""-3"">DORY</font>
</td>

<td>
    <img src=""http://image.rakuten.co.jp/auc-arrival/cabinet/banner/img61373183.gif"" border=""0"" width=""116"" height=""68""><br>
<font size=""-3"">MARVEL</font>
</td>


<td>
    <img src=""http://image.rakuten.co.jp/auc-arrival/cabinet/banner/img57667821.jpg"" border=""0"" width=""116"" height=""68""><br>
<font size=""-3"">アナログなゲーム♪</font>
</td>
</table>


<table width=""800"" height=""70"" border=""0"" cellspacing=""3"" cellpadding=""0"" align=""center"">
  <td>
    <img src=""http://image.rakuten.co.jp/auc-arrival/cabinet/banner/img57664828.gif"" border=""0"" width=""116"" height=""68"" >
<font size=""-3"">NY市警グッズ</font>
</td>

  <td>
    <img src=""http://image.rakuten.co.jp/auc-arrival/cabinet/banner/img57667826.jpg"" border=""0"" width=""116"" height=""68"">
<font size=""-3"">U.S.陸軍グッズ</font>
</td>

  <td>
    <img src=""http://image.rakuten.co.jp/auc-arrival/cabinet/banner/img57664829.gif"" border=""0"" width=""116"" height=""68"">
<font size=""-3"">全米一CAPメーカー</font>
</td>

  <td>
    <img src=""http://image.rakuten.co.jp/auc-arrival/cabinet/banner/img57664501.gif"" border=""0"" width=""116"" height=""68"">
<font size=""-3"">STAR WARS</font>
</td>

  <td>
    <img src=""http://image.rakuten.co.jp/auc-arrival/cabinet/banner/img57664500.jpg"" border=""0"" width=""116"" height=""68"" >
<font size=""-3"">ポップでキュート!</font>
</td>

  <td>
    <img src=""http://image.rakuten.co.jp/auc-arrival/cabinet/banner/img57667815.jpg"" border=""0"" width=""116"" height=""68"">
<font size=""-3"">全ての音楽はこの4人から</font>
</td>

  <td>
    <img src=""http://image.rakuten.co.jp/auc-arrival/cabinet/banner/img57667819.jpg"" border=""0"" width=""116"" height=""68"">
<font size=""-3"">アメリカの誇り</font>
</td>
</table>


<table width=""800"" height=""70"" border=""0"" cellspacing=""3"" cellpadding=""0"" align=""center"">
  <td>
    <img src=""http://image.rakuten.co.jp/auc-arrival/cabinet/banner/img57667824.jpg"" border=""0"" width=""116"" height=""68"" >
<font size=""-3"">米軍納入メーカー</font>
</td>

  <td>
    <img src=""http://image.rakuten.co.jp/auc-arrival/cabinet/banner/img57664796.gif"" border=""0"" width=""116"" height=""68"">
<font size=""-3"">U.S.海兵隊グッズが集合!</font>
</td>

  <td>
    <img src=""http://image.rakuten.co.jp/auc-arrival/cabinet/banner/img57664502.jpg"" border=""0"" width=""116"" height=""68"">
<font size=""-3"">MESH CAP from LA</font>
</td>


  <td>
    <img src=""http://image.rakuten.co.jp/auc-arrival/cabinet/banner/img57664497.jpg"" border=""0"" width=""116"" height=""68"" >
<font size=""-3"">ROCKBANDのキャラクター</font>
</td>

  <td>
    <img src=""http://image.rakuten.co.jp/auc-arrival/cabinet/banner/img57667817.jpg"" border=""0"" width=""116"" height=""68"">
<font size=""-3"">60's, 70's, 80's, 90's</font>
</td>

 <td>
    <img src=""http://image.rakuten.co.jp/auc-arrival/cabinet/banner/img58223140.gif"" border=""0"" width=""116"" height=""68""><font size=""-3""><br>FROM UK</font>
</td>
</table>


<table width=""800"" height=""70"" border=""0"" cellspacing=""3"" cellpadding=""0"" align=""center"">
  <td>
    <img src=""http://image.rakuten.co.jp/auc-arrival/cabinet/banner/img58155852.gif"" border=""0"" width=""116"" height=""68"" >
<font size=""-3"">バイカーの王道！</font>
</td>

  <td>
    <img src=""http://image.rakuten.co.jp/auc-arrival/cabinet/banner/img57664831.gif"" border=""0"" width=""116"" height=""68"">
<font size=""-3"">U.S.海軍グッズ!</font>
</td>

  <td>
    <img src=""http://image.rakuten.co.jp/auc-arrival/cabinet/banner/img57668028.jpg"" border=""0"" width=""116"" height=""68"">
<font size=""-3"">Since 1982 from NY</font>
</td>

  <td>
    <img src=""http://image.rakuten.co.jp/auc-arrival/cabinet/banner/img57667825.jpg"" border=""0"" width=""116"" height=""68"">
<font size=""-3"">サーフ関連グッズ<br></font>
</td>

  <td>
    <img src=""http://image.rakuten.co.jp/auc-arrival/cabinet/banner/img57667816.jpg"" border=""0"" width=""116"" height=""68"" >
<font size=""-3"">オイル感が漂います</font>
</td>

  <td>
    <img src=""http://image.rakuten.co.jp/auc-arrival/cabinet/banner/img57670079.jpg"" border=""0"" width=""116"" height=""68"">
<font size=""-3"">OTHER GOODS</font>
</td>

  <td>
    <img src=""http://image.rakuten.co.jp/auc-arrival/cabinet/banner/img57667822.jpg"" border=""0"" width=""116"" height=""68"">
<font size=""-3"">他にも個性派が勢揃い！</font>
</td></table>",ROTHCO（ロスコ社製）★HEADWRAP　ヘッドラップ★迷彩柄★ウッドランド・カモフラージュ　WOODLAND CAMO：アライバル楽天市場店,ワッペンディズニープリンセスパッチミリタリースヌーピースパイダーマンミニオンロスコベティROTHCO（ロスコ社製）★HEADWRAP　ヘッドラップ★迷彩柄★ウッドランド・カモフラージュ　WOODLAND CAMO,在庫処分大特価！DM便送料込！！(代引不可)。ROTHCO（ロスコ社製）★HEADWRAP　ヘッドラップ★迷彩柄★ウッドランド・カモフラージュ　WOODLAND CAMO[rn]
29-15062,http://tshop.r10s.jp/auc-arrival/cabinet/01327557/imgrc0064966229.jpg?fitin=700:700,464.0000,,バッグ・小物・ブランド雑貨 > 帽子 > レディース帽子 > その他,ROTHCO（ロスコ社製）★HEADWRAP　ヘッドラップ★デザート・デジタルカモフラージュ　現行砂漠地帯戦闘用 迷彩柄,在庫処分大特価！DM便送料込！(コンビニ受取り不可、代引不可),"<br><center>
<font color=#000066 size=5><b>
ROTHCO　HEAD WRAP
</b></font>
<br><br>
<table width=600 cellpadding=10 cellspacing=10 border=0>
<tr><td width=10% bgcolor=#FF9900 align=center><font color=#990000 size=3>★</font></td>
<td width=10% bgcolor=#990000 align=center><font color=#990000 size=4>★</font></td>
<td width=10% bgcolor=#336600 align=center><font color=#336600 size=2>★</font></td>
<td width=10% bgcolor=#336600 align=center><font color=#FF9900 size=3>★</font></td>
<td width=10% bgcolor=#FF9900 align=center><font color=#FF9900 size=4>★</font></td>
<td width=10% bgcolor=#336600 align=center><font color=#990000 size=4>★</font></td>
<td width=10% bgcolor=#FF9900 align=center><font color=#990000 size=3>★</font></td>
<td width=10% bgcolor=#FF9900 align=center><font color=#FF9900 size=2>★</font></td>
<td width=10% bgcolor=#FF9900 align=center><font color=#FF9900 size=2>★</font></td>
<td width=10% bgcolor=#FF9900 align=center><font color=#990000 size=3>★</font></td>
</tr>
<tr>
<td width=10% bgcolor=#FF9900 align=center><font color=#990000 size=3>★</font></td>

<td colspan=8 rowspan=3 bgcolor=#FFFFDD align=left>
<font color=#000066 size=3>

アメリカ軍納入メーカーとして有名なニューヨークのロスコ社（ROTHCO)のヘッドラップです。<br>頭にバンダナを巻くように、最初から作られているので、バンダナキャップとも呼ばれています。バイカーの人がヘルメットの下にかぶったり、作業用のヘルメットの下でも、汗を吸い取り最高です。<br>もちろん帽子がわりにそのままでも、お料理やお掃除の時の三角巾がわりにも使えます。<br>頭を出したくない方や、髪の毛の薄い方にも、アメリカではかなりポピュラーなアイテムです。<br>サイズはフリーです。<br>他の柄も三枚目の画像のように多数ございますので、よろしくお願いします。<br>市価１２００円～９８０円。 <br>アメリカ経由中国生産。<br>男女兼用フリーサイズ。<br>コットン１００％。<br><br>＊ご注意＊迷彩をはじめ、柄物に関しましては、生地のかたどり位置により一点一点違う為、実際納品するものは、ご覧の画像のサンプルと同じ物はきませんので、予めご了承ください。<br></font>
</td>
<td width=10% bgcolor=#FF9900 align=center><font color=#990000 size=2>★</font></td>

</tr>
<tr>
<td width=10% bgcolor=#990000 align=center><font color=#336600 size=4>★</font></td>

<td width=10% bgcolor=#990000 align=center><font color=#990000 size=4>★</font></td>

</tr>
<tr>
<td width=10% bgcolor=#990000 align=center><font color=#336600 size=4>★</font></td>

<td width=10% bgcolor=#990000 align=center><font color=#990000 size=4>★</font></td>

</tr>
<tr><td width=10% bgcolor=#FF9900 align=center><font color=#990000 size=3>★</font></td>
<td width=10% bgcolor=#990000 align=center><font color=#990000 size=4>★</font></td>
<td width=10% bgcolor=#336600 align=center><font color=#336600 size=2>★</font></td>
<td width=10% bgcolor=#336600 align=center><font color=#FF9900 size=3>★</font></td>
<td width=10% bgcolor=#FF9900 align=center><font color=#FF9900 size=4>★</font></td>
<td width=10% bgcolor=#336600 align=center><font color=#990000 size=4>★</font></td>
<td width=10% bgcolor=#FF9900 align=center><font color=#990000 size=3>★</font></td>
<td width=10% bgcolor=#FF9900 align=center><font color=#FF9900 size=2>★</font></td>
<td width=10% bgcolor=#FF9900 align=center><font color=#FF9900 size=2>★</font></td>
<td width=10% bgcolor=#FF9900 align=center><font color=#990000 size=3>★</font></td>
</tr>
</table>
</center><table width=""800"" height=""70"" border=""0"" cellspacing=""3"" cellpadding=""0"" align=""center"">
  <td>
    <img src=""http://image.rakuten.co.jp/auc-arrival/cabinet/banner/img57664495.jpg"" border=""0"" width=""116"" height=""68"" ><br>
<font size=""-3"">MADE IN JAPAN!</font>
</td>

  <td>
    <img src=""http://image.rakuten.co.jp/auc-arrival/cabinet/banner/img57664798.jpg"" border=""0"" width=""116"" height=""68""><br>
<font size=""-3"">U.S.空軍グッズ!</font>
</td>

  <td>
    <img src=""http://image.rakuten.co.jp/auc-arrival/cabinet/banner/img57667814.jpg"" border=""0"" width=""116"" height=""68""><br>
<font size=""-3"">Since 1937</font>
</td>

  <td>
    <img src=""http://image.rakuten.co.jp/auc-arrival/cabinet/banner/img57664496.jpg"" border=""0"" width=""116"" height=""68""><br>
<font size=""-3"">DISNEYグッズ</font>
</td>

<td>
    <img src=""http://image.rakuten.co.jp/auc-arrival/cabinet/imgrc0065507858.jpg"" border=""0"" width=""116"" height=""68""><br>
<font size=""-3"">DORY</font>
</td>

<td>
    <img src=""http://image.rakuten.co.jp/auc-arrival/cabinet/banner/img61373183.gif"" border=""0"" width=""116"" height=""68""><br>
<font size=""-3"">MARVEL</font>
</td>


<td>
    <img src=""http://image.rakuten.co.jp/auc-arrival/cabinet/banner/img57667821.jpg"" border=""0"" width=""116"" height=""68""><br>
<font size=""-3"">アナログなゲーム♪</font>
</td>
</table>


<table width=""800"" height=""70"" border=""0"" cellspacing=""3"" cellpadding=""0"" align=""center"">
  <td>
    <img src=""http://image.rakuten.co.jp/auc-arrival/cabinet/banner/img57664828.gif"" border=""0"" width=""116"" height=""68"" >
<font size=""-3"">NY市警グッズ</font>
</td>

  <td>
    <img src=""http://image.rakuten.co.jp/auc-arrival/cabinet/banner/img57667826.jpg"" border=""0"" width=""116"" height=""68"">
<font size=""-3"">U.S.陸軍グッズ</font>
</td>

  <td>
    <img src=""http://image.rakuten.co.jp/auc-arrival/cabinet/banner/img57664829.gif"" border=""0"" width=""116"" height=""68"">
<font size=""-3"">全米一CAPメーカー</font>
</td>

  <td>
    <img src=""http://image.rakuten.co.jp/auc-arrival/cabinet/banner/img57664501.gif"" border=""0"" width=""116"" height=""68"">
<font size=""-3"">STAR WARS</font>
</td>

  <td>
    <img src=""http://image.rakuten.co.jp/auc-arrival/cabinet/banner/img57664500.jpg"" border=""0"" width=""116"" height=""68"" >
<font size=""-3"">ポップでキュート!</font>
</td>

  <td>
    <img src=""http://image.rakuten.co.jp/auc-arrival/cabinet/banner/img57667815.jpg"" border=""0"" width=""116"" height=""68"">
<font size=""-3"">全ての音楽はこの4人から</font>
</td>

  <td>
    <img src=""http://image.rakuten.co.jp/auc-arrival/cabinet/banner/img57667819.jpg"" border=""0"" width=""116"" height=""68"">
<font size=""-3"">アメリカの誇り</font>
</td>
</table>


<table width=""800"" height=""70"" border=""0"" cellspacing=""3"" cellpadding=""0"" align=""center"">
  <td>
    <img src=""http://image.rakuten.co.jp/auc-arrival/cabinet/banner/img57667824.jpg"" border=""0"" width=""116"" height=""68"" >
<font size=""-3"">米軍納入メーカー</font>
</td>

  <td>
    <img src=""http://image.rakuten.co.jp/auc-arrival/cabinet/banner/img57664796.gif"" border=""0"" width=""116"" height=""68"">
<font size=""-3"">U.S.海兵隊グッズが集合!</font>
</td>

  <td>
    <img src=""http://image.rakuten.co.jp/auc-arrival/cabinet/banner/img57664502.jpg"" border=""0"" width=""116"" height=""68"">
<font size=""-3"">MESH CAP from LA</font>
</td>


  <td>
    <img src=""http://image.rakuten.co.jp/auc-arrival/cabinet/banner/img57664497.jpg"" border=""0"" width=""116"" height=""68"" >
<font size=""-3"">ROCKBANDのキャラクター</font>
</td>

  <td>
    <img src=""http://image.rakuten.co.jp/auc-arrival/cabinet/banner/img57667817.jpg"" border=""0"" width=""116"" height=""68"">
<font size=""-3"">60's, 70's, 80's, 90's</font>
</td>

 <td>
    <img src=""http://image.rakuten.co.jp/auc-arrival/cabinet/banner/img58223140.gif"" border=""0"" width=""116"" height=""68""><font size=""-3""><br>FROM UK</font>
</td>
</table>


<table width=""800"" height=""70"" border=""0"" cellspacing=""3"" cellpadding=""0"" align=""center"">
  <td>
    <img src=""http://image.rakuten.co.jp/auc-arrival/cabinet/banner/img58155852.gif"" border=""0"" width=""116"" height=""68"" >
<font size=""-3"">バイカーの王道！</font>
</td>

  <td>
    <img src=""http://image.rakuten.co.jp/auc-arrival/cabinet/banner/img57664831.gif"" border=""0"" width=""116"" height=""68"">
<font size=""-3"">U.S.海軍グッズ!</font>
</td>

  <td>
    <img src=""http://image.rakuten.co.jp/auc-arrival/cabinet/banner/img57668028.jpg"" border=""0"" width=""116"" height=""68"">
<font size=""-3"">Since 1982 from NY</font>
</td>

  <td>
    <img src=""http://image.rakuten.co.jp/auc-arrival/cabinet/banner/img57667825.jpg"" border=""0"" width=""116"" height=""68"">
<font size=""-3"">サーフ関連グッズ<br></font>
</td>

  <td>
    <img src=""http://image.rakuten.co.jp/auc-arrival/cabinet/banner/img57667816.jpg"" border=""0"" width=""116"" height=""68"" >
<font size=""-3"">オイル感が漂います</font>
</td>

  <td>
    <img src=""http://image.rakuten.co.jp/auc-arrival/cabinet/banner/img57670079.jpg"" border=""0"" width=""116"" height=""68"">
<font size=""-3"">OTHER GOODS</font>
</td>

  <td>
    <img src=""http://image.rakuten.co.jp/auc-arrival/cabinet/banner/img57667822.jpg"" border=""0"" width=""116"" height=""68"">
<font size=""-3"">他にも個性派が勢揃い！</font>
</td></table>",ROTHCO（ロスコ社製）★HEADWRAP　ヘッドラップ★デザート・デジタルカモフラージュ　現行砂漠地帯戦闘用 迷彩柄：アライバル楽天市場店,ワッペンディズニープリンセスパッチミリタリースヌーピースパイダーマンミニオンロスコベティROTHCO（ロスコ社製）★HEADWRAP　ヘッドラップ★デザート・デジタルカモフラージュ　現行砂漠地帯戦闘用 迷彩柄,在庫処分大特価！DM便送料込！(コンビニ受取り不可、代引不可)。ROTHCO（ロスコ社製）★HEADWRAP　ヘッドラップ★デザート・デジタルカモフラージュ　現行砂漠地帯戦闘用 迷彩柄[rn]
29-15063,http://tshop.r10s.jp/auc-arrival/cabinet/01327557/imgrc0064966230.jpg?fitin=700:700,464.0000,,バッグ・小物・ブランド雑貨 > 帽子 > レディース帽子 > その他,ROTHCO（ロスコ社製）★HEADWRAP　ヘッドラップ★トリカラー・デザート・デジタルカモフラージュ　３色砂漠地帯戦闘用 迷彩柄,在庫処分大特価！DM便送料込！(コンビニ受取り不可、代引不可),"<br><center>
<font color=#000066 size=5><b>
ROTHCO　HEAD WRAP
</b></font>
<br><br>
<table width=600 cellpadding=10 cellspacing=10 border=0>
<tr><td width=10% bgcolor=#FF9900 align=center><font color=#990000 size=3>★</font></td>
<td width=10% bgcolor=#990000 align=center><font color=#990000 size=4>★</font></td>
<td width=10% bgcolor=#336600 align=center><font color=#336600 size=2>★</font></td>
<td width=10% bgcolor=#336600 align=center><font color=#FF9900 size=3>★</font></td>
<td width=10% bgcolor=#FF9900 align=center><font color=#FF9900 size=4>★</font></td>
<td width=10% bgcolor=#336600 align=center><font color=#990000 size=4>★</font></td>
<td width=10% bgcolor=#FF9900 align=center><font color=#990000 size=3>★</font></td>
<td width=10% bgcolor=#FF9900 align=center><font color=#FF9900 size=2>★</font></td>
<td width=10% bgcolor=#FF9900 align=center><font color=#FF9900 size=2>★</font></td>
<td width=10% bgcolor=#FF9900 align=center><font color=#990000 size=3>★</font></td>
</tr>
<tr>
<td width=10% bgcolor=#FF9900 align=center><font color=#990000 size=3>★</font></td>

<td colspan=8 rowspan=3 bgcolor=#FFFFDD align=left>
<font color=#000066 size=3>

アメリカ軍納入メーカーとして有名なニューヨークのロスコ社（ROTHCO)のヘッドラップです。<br>頭にバンダナを巻くように、最初から作られているので、バンダナキャップとも呼ばれています。バイカーの人がヘルメットの下にかぶったり、作業用のヘルメットの下でも、汗を吸い取り最高です。<br>もちろん帽子がわりにそのままでも、お料理やお掃除の時の三角巾がわりにも使えます。<br>頭を出したくない方や、髪の毛の薄い方にも、アメリカではかなりポピュラーなアイテムです。<br>サイズはフリーです。<br>他の柄も三枚目の画像のように多数ございますので、よろしくお願いします。<br>市価１２００円～９８０円。 <br>アメリカ経由中国生産。<br>男女兼用フリーサイズ。<br>コットン１００％。<br><br>＊ご注意＊迷彩をはじめ、柄物に関しましては、生地のかたどり位置により一点一点違う為、実際納品するものは、ご覧の画像のサンプルと同じ物はきませんので、予めご了承ください。<br></font>
</td>
<td width=10% bgcolor=#FF9900 align=center><font color=#990000 size=2>★</font></td>

</tr>
<tr>
<td width=10% bgcolor=#990000 align=center><font color=#336600 size=4>★</font></td>

<td width=10% bgcolor=#990000 align=center><font color=#990000 size=4>★</font></td>

</tr>
<tr>
<td width=10% bgcolor=#990000 align=center><font color=#336600 size=4>★</font></td>

<td width=10% bgcolor=#990000 align=center><font color=#990000 size=4>★</font></td>

</tr>
<tr><td width=10% bgcolor=#FF9900 align=center><font color=#990000 size=3>★</font></td>
<td width=10% bgcolor=#990000 align=center><font color=#990000 size=4>★</font></td>
<td width=10% bgcolor=#336600 align=center><font color=#336600 size=2>★</font></td>
<td width=10% bgcolor=#336600 align=center><font color=#FF9900 size=3>★</font></td>
<td width=10% bgcolor=#FF9900 align=center><font color=#FF9900 size=4>★</font></td>
<td width=10% bgcolor=#336600 align=center><font color=#990000 size=4>★</font></td>
<td width=10% bgcolor=#FF9900 align=center><font color=#990000 size=3>★</font></td>
<td width=10% bgcolor=#FF9900 align=center><font color=#FF9900 size=2>★</font></td>
<td width=10% bgcolor=#FF9900 align=center><font color=#FF9900 size=2>★</font></td>
<td width=10% bgcolor=#FF9900 align=center><font color=#990000 size=3>★</font></td>
</tr>
</table>
</center><table width=""800"" height=""70"" border=""0"" cellspacing=""3"" cellpadding=""0"" align=""center"">
  <td>
    <img src=""http://image.rakuten.co.jp/auc-arrival/cabinet/banner/img57664495.jpg"" border=""0"" width=""116"" height=""68"" ><br>
<font size=""-3"">MADE IN JAPAN!</font>
</td>

  <td>
    <img src=""http://image.rakuten.co.jp/auc-arrival/cabinet/banner/img57664798.jpg"" border=""0"" width=""116"" height=""68""><br>
<font size=""-3"">U.S.空軍グッズ!</font>
</td>

  <td>
    <img src=""http://image.rakuten.co.jp/auc-arrival/cabinet/banner/img57667814.jpg"" border=""0"" width=""116"" height=""68""><br>
<font size=""-3"">Since 1937</font>
</td>

  <td>
    <img src=""http://image.rakuten.co.jp/auc-arrival/cabinet/banner/img57664496.jpg"" border=""0"" width=""116"" height=""68""><br>
<font size=""-3"">DISNEYグッズ</font>
</td>

<td>
    <img src=""http://image.rakuten.co.jp/auc-arrival/cabinet/imgrc0065507858.jpg"" border=""0"" width=""116"" height=""68""><br>
<font size=""-3"">DORY</font>
</td>

<td>
    <img src=""http://image.rakuten.co.jp/auc-arrival/cabinet/banner/img61373183.gif"" border=""0"" width=""116"" height=""68""><br>
<font size=""-3"">MARVEL</font>
</td>


<td>
    <img src=""http://image.rakuten.co.jp/auc-arrival/cabinet/banner/img57667821.jpg"" border=""0"" width=""116"" height=""68""><br>
<font size=""-3"">アナログなゲーム♪</font>
</td>
</table>


<table width=""800"" height=""70"" border=""0"" cellspacing=""3"" cellpadding=""0"" align=""center"">
  <td>
    <img src=""http://image.rakuten.co.jp/auc-arrival/cabinet/banner/img57664828.gif"" border=""0"" width=""116"" height=""68"" >
<font size=""-3"">NY市警グッズ</font>
</td>

  <td>
    <img src=""http://image.rakuten.co.jp/auc-arrival/cabinet/banner/img57667826.jpg"" border=""0"" width=""116"" height=""68"">
<font size=""-3"">U.S.陸軍グッズ</font>
</td>

  <td>
    <img src=""http://image.rakuten.co.jp/auc-arrival/cabinet/banner/img57664829.gif"" border=""0"" width=""116"" height=""68"">
<font size=""-3"">全米一CAPメーカー</font>
</td>

  <td>
    <img src=""http://image.rakuten.co.jp/auc-arrival/cabinet/banner/img57664501.gif"" border=""0"" width=""116"" height=""68"">
<font size=""-3"">STAR WARS</font>
</td>

  <td>
    <img src=""http://image.rakuten.co.jp/auc-arrival/cabinet/banner/img57664500.jpg"" border=""0"" width=""116"" height=""68"" >
<font size=""-3"">ポップでキュート!</font>
</td>

  <td>
    <img src=""http://image.rakuten.co.jp/auc-arrival/cabinet/banner/img57667815.jpg"" border=""0"" width=""116"" height=""68"">
<font size=""-3"">全ての音楽はこの4人から</font>
</td>

  <td>
    <img src=""http://image.rakuten.co.jp/auc-arrival/cabinet/banner/img57667819.jpg"" border=""0"" width=""116"" height=""68"">
<font size=""-3"">アメリカの誇り</font>
</td>
</table>


<table width=""800"" height=""70"" border=""0"" cellspacing=""3"" cellpadding=""0"" align=""center"">
  <td>
    <img src=""http://image.rakuten.co.jp/auc-arrival/cabinet/banner/img57667824.jpg"" border=""0"" width=""116"" height=""68"" >
<font size=""-3"">米軍納入メーカー</font>
</td>

  <td>
    <img src=""http://image.rakuten.co.jp/auc-arrival/cabinet/banner/img57664796.gif"" border=""0"" width=""116"" height=""68"">
<font size=""-3"">U.S.海兵隊グッズが集合!</font>
</td>

  <td>
    <img src=""http://image.rakuten.co.jp/auc-arrival/cabinet/banner/img57664502.jpg"" border=""0"" width=""116"" height=""68"">
<font size=""-3"">MESH CAP from LA</font>
</td>


  <td>
    <img src=""http://image.rakuten.co.jp/auc-arrival/cabinet/banner/img57664497.jpg"" border=""0"" width=""116"" height=""68"" >
<font size=""-3"">ROCKBANDのキャラクター</font>
</td>

  <td>
    <img src=""http://image.rakuten.co.jp/auc-arrival/cabinet/banner/img57667817.jpg"" border=""0"" width=""116"" height=""68"">
<font size=""-3"">60's, 70's, 80's, 90's</font>
</td>

 <td>
    <img src=""http://image.rakuten.co.jp/auc-arrival/cabinet/banner/img58223140.gif"" border=""0"" width=""116"" height=""68""><font size=""-3""><br>FROM UK</font>
</td>
</table>


<table width=""800"" height=""70"" border=""0"" cellspacing=""3"" cellpadding=""0"" align=""center"">
  <td>
    <img src=""http://image.rakuten.co.jp/auc-arrival/cabinet/banner/img58155852.gif"" border=""0"" width=""116"" height=""68"" >
<font size=""-3"">バイカーの王道！</font>
</td>

  <td>
    <img src=""http://image.rakuten.co.jp/auc-arrival/cabinet/banner/img57664831.gif"" border=""0"" width=""116"" height=""68"">
<font size=""-3"">U.S.海軍グッズ!</font>
</td>

  <td>
    <img src=""http://image.rakuten.co.jp/auc-arrival/cabinet/banner/img57668028.jpg"" border=""0"" width=""116"" height=""68"">
<font size=""-3"">Since 1982 from NY</font>
</td>

  <td>
    <img src=""http://image.rakuten.co.jp/auc-arrival/cabinet/banner/img57667825.jpg"" border=""0"" width=""116"" height=""68"">
<font size=""-3"">サーフ関連グッズ<br></font>
</td>

  <td>
    <img src=""http://image.rakuten.co.jp/auc-arrival/cabinet/banner/img57667816.jpg"" border=""0"" width=""116"" height=""68"" >
<font size=""-3"">オイル感が漂います</font>
</td>

  <td>
    <img src=""http://image.rakuten.co.jp/auc-arrival/cabinet/banner/img57670079.jpg"" border=""0"" width=""116"" height=""68"">
<font size=""-3"">OTHER GOODS</font>
</td>

  <td>
    <img src=""http://image.rakuten.co.jp/auc-arrival/cabinet/banner/img57667822.jpg"" border=""0"" width=""116"" height=""68"">
<font size=""-3"">他にも個性派が勢揃い！</font>
</td></table>",ROTHCO（ロスコ社製）★HEADWRAP　ヘッドラップ★トリカラー・デザート・デジタルカモフラージュ　３色砂漠地帯戦闘用 迷彩柄：アライバル楽天市場店,ワッペンディズニープリンセスパッチミリタリースヌーピースパイダーマンミニオンロスコベティROTHCO（ロスコ社製）★HEADWRAP　ヘッドラップ★トリカラー・デザート・デジタルカモフラージュ　３色砂漠地帯戦闘用 迷彩柄,在庫処分大特価！DM便送料込！(コンビニ受取り不可、代引不可)。ROTHCO（ロスコ社製）★HEADWRAP　ヘッドラップ★トリカラー・デザート・デジタルカモフラージュ　３色砂漠地帯戦闘用 迷彩柄[rn]
29-15064,http://tshop.r10s.jp/auc-arrival/cabinet/01280352/01327557/img57998840.jpg?fitin=700:700,2320.0000,,バッグ・小物・ブランド雑貨 > 帽子 > レディース帽子 > その他,ROTHCO（ロスコ社製）★本革製HEADWRAP★レザー・ヘッドラップ,DM便送料無料！（コンビニ受取り不可、代引不可、同梱不可）,"<br><center>
<font color=#000066 size=5><b>
ROTHCO　HEAD WRAP
</b></font>
<br><br>
<table width=600 cellpadding=10 cellspacing=10 border=0>
<tr><td width=10% bgcolor=#FF9900 align=center><font color=#990000 size=3>★</font></td>
<td width=10% bgcolor=#990000 align=center><font color=#990000 size=4>★</font></td>
<td width=10% bgcolor=#336600 align=center><font color=#336600 size=2>★</font></td>
<td width=10% bgcolor=#336600 align=center><font color=#FF9900 size=3>★</font></td>
<td width=10% bgcolor=#FF9900 align=center><font color=#FF9900 size=4>★</font></td>
<td width=10% bgcolor=#336600 align=center><font color=#990000 size=4>★</font></td>
<td width=10% bgcolor=#FF9900 align=center><font color=#990000 size=3>★</font></td>
<td width=10% bgcolor=#FF9900 align=center><font color=#FF9900 size=2>★</font></td>
<td width=10% bgcolor=#FF9900 align=center><font color=#FF9900 size=2>★</font></td>
<td width=10% bgcolor=#FF9900 align=center><font color=#990000 size=3>★</font></td>
</tr>
<tr>
<td width=10% bgcolor=#FF9900 align=center><font color=#990000 size=3>★</font></td>

<td colspan=8 rowspan=3 bgcolor=#FFFFDD align=left>
<font color=#000066 size=3>

アメリカ軍納入メーカー、ＲＯＴＨＣＯ社のHEAD WRAPです。頭にバンダナを巻くように、最初から作られているので、バンダナキャップとも呼ばれています。バイカーの人がヘルメットの下にかぶったり、作業ヘルメットの下でも、もちろんそのままでも、最高です。頭を出したくない方や、スキンヘッドの方にも、ちょうどよいです。アメリカではかなりポピュラーなアイテムです。サイズは男女兼用フリーサイズ。本革製で、海賊風です！？<br>また、この商品はアメリカ人向けのフリーサイズです。
 概してアメリカ人は頭の小さい人が多く、そのサイズを基準に作られています。
そのため、日本の帽子でLサイズの方には小さく感じられるかと思います。
あらかじめご理解・ご了承のうえ、お買い求めください。<br>
 

パキスタン製。<br>
<br></font>
</td>
<td width=10% bgcolor=#FF9900 align=center><font color=#990000 size=2>★</font></td>

</tr>
<tr>
<td width=10% bgcolor=#990000 align=center><font color=#336600 size=4>★</font></td>

<td width=10% bgcolor=#990000 align=center><font color=#990000 size=4>★</font></td>

</tr>
<tr>
<td width=10% bgcolor=#990000 align=center><font color=#336600 size=4>★</font></td>

<td width=10% bgcolor=#990000 align=center><font color=#990000 size=4>★</font></td>

</tr>
<tr><td width=10% bgcolor=#FF9900 align=center><font color=#990000 size=3>★</font></td>
<td width=10% bgcolor=#990000 align=center><font color=#990000 size=4>★</font></td>
<td width=10% bgcolor=#336600 align=center><font color=#336600 size=2>★</font></td>
<td width=10% bgcolor=#336600 align=center><font color=#FF9900 size=3>★</font></td>
<td width=10% bgcolor=#FF9900 align=center><font color=#FF9900 size=4>★</font></td>
<td width=10% bgcolor=#336600 align=center><font color=#990000 size=4>★</font></td>
<td width=10% bgcolor=#FF9900 align=center><font color=#990000 size=3>★</font></td>
<td width=10% bgcolor=#FF9900 align=center><font color=#FF9900 size=2>★</font></td>
<td width=10% bgcolor=#FF9900 align=center><font color=#FF9900 size=2>★</font></td>
<td width=10% bgcolor=#FF9900 align=center><font color=#990000 size=3>★</font></td>
</tr>
</table>
</center><table width=""800"" height=""70"" border=""0"" cellspacing=""3"" cellpadding=""0"" align=""center"">
  <td>
    <img src=""http://image.rakuten.co.jp/auc-arrival/cabinet/banner/img57664495.jpg"" border=""0"" width=""116"" height=""68"" ><br>
<font size=""-3"">MADE IN JAPAN!</font>
</td>

  <td>
    <img src=""http://image.rakuten.co.jp/auc-arrival/cabinet/banner/img57664798.jpg"" border=""0"" width=""116"" height=""68""><br>
<font size=""-3"">U.S.空軍グッズ!</font>
</td>

  <td>
    <img src=""http://image.rakuten.co.jp/auc-arrival/cabinet/banner/img57667814.jpg"" border=""0"" width=""116"" height=""68""><br>
<font size=""-3"">Since 1937</font>
</td>

  <td>
    <img src=""http://image.rakuten.co.jp/auc-arrival/cabinet/banner/img57664496.jpg"" border=""0"" width=""116"" height=""68""><br>
<font size=""-3"">DISNEYグッズ</font>
</td>

<td>
    <img src=""http://image.rakuten.co.jp/auc-arrival/cabinet/imgrc0065507858.jpg"" border=""0"" width=""116"" height=""68""><br>
<font size=""-3"">DORY</font>
</td>

<td>
    <img src=""http://image.rakuten.co.jp/auc-arrival/cabinet/banner/img61373183.gif"" border=""0"" width=""116"" height=""68""><br>
<font size=""-3"">MARVEL</font>
</td>


<td>
    <img src=""http://image.rakuten.co.jp/auc-arrival/cabinet/banner/img57667821.jpg"" border=""0"" width=""116"" height=""68""><br>
<font size=""-3"">アナログなゲーム♪</font>
</td>
</table>


<table width=""800"" height=""70"" border=""0"" cellspacing=""3"" cellpadding=""0"" align=""center"">
  <td>
    <img src=""http://image.rakuten.co.jp/auc-arrival/cabinet/banner/img57664828.gif"" border=""0"" width=""116"" height=""68"" >
<font size=""-3"">NY市警グッズ</font>
</td>

  <td>
    <img src=""http://image.rakuten.co.jp/auc-arrival/cabinet/banner/img57667826.jpg"" border=""0"" width=""116"" height=""68"">
<font size=""-3"">U.S.陸軍グッズ</font>
</td>

  <td>
    <img src=""http://image.rakuten.co.jp/auc-arrival/cabinet/banner/img57664829.gif"" border=""0"" width=""116"" height=""68"">
<font size=""-3"">全米一CAPメーカー</font>
</td>

  <td>
    <img src=""http://image.rakuten.co.jp/auc-arrival/cabinet/banner/img57664501.gif"" border=""0"" width=""116"" height=""68"">
<font size=""-3"">STAR WARS</font>
</td>

  <td>
    <img src=""http://image.rakuten.co.jp/auc-arrival/cabinet/banner/img57664500.jpg"" border=""0"" width=""116"" height=""68"" >
<font size=""-3"">ポップでキュート!</font>
</td>

  <td>
    <img src=""http://image.rakuten.co.jp/auc-arrival/cabinet/banner/img57667815.jpg"" border=""0"" width=""116"" height=""68"">
<font size=""-3"">全ての音楽はこの4人から</font>
</td>

  <td>
    <img src=""http://image.rakuten.co.jp/auc-arrival/cabinet/banner/img57667819.jpg"" border=""0"" width=""116"" height=""68"">
<font size=""-3"">アメリカの誇り</font>
</td>
</table>


<table width=""800"" height=""70"" border=""0"" cellspacing=""3"" cellpadding=""0"" align=""center"">
  <td>
    <img src=""http://image.rakuten.co.jp/auc-arrival/cabinet/banner/img57667824.jpg"" border=""0"" width=""116"" height=""68"" >
<font size=""-3"">米軍納入メーカー</font>
</td>

  <td>
    <img src=""http://image.rakuten.co.jp/auc-arrival/cabinet/banner/img57664796.gif"" border=""0"" width=""116"" height=""68"">
<font size=""-3"">U.S.海兵隊グッズが集合!</font>
</td>

  <td>
    <img src=""http://image.rakuten.co.jp/auc-arrival/cabinet/banner/img57664502.jpg"" border=""0"" width=""116"" height=""68"">
<font size=""-3"">MESH CAP from LA</font>
</td>


  <td>
    <img src=""http://image.rakuten.co.jp/auc-arrival/cabinet/banner/img57664497.jpg"" border=""0"" width=""116"" height=""68"" >
<font size=""-3"">ROCKBANDのキャラクター</font>
</td>

  <td>
    <img src=""http://image.rakuten.co.jp/auc-arrival/cabinet/banner/img57667817.jpg"" border=""0"" width=""116"" height=""68"">
<font size=""-3"">60's, 70's, 80's, 90's</font>
</td>

 <td>
    <img src=""http://image.rakuten.co.jp/auc-arrival/cabinet/banner/img58223140.gif"" border=""0"" width=""116"" height=""68""><font size=""-3""><br>FROM UK</font>
</td>
</table>


<table width=""800"" height=""70"" border=""0"" cellspacing=""3"" cellpadding=""0"" align=""center"">
  <td>
    <img src=""http://image.rakuten.co.jp/auc-arrival/cabinet/banner/img58155852.gif"" border=""0"" width=""116"" height=""68"" >
<font size=""-3"">バイカーの王道！</font>
</td>

  <td>
    <img src=""http://image.rakuten.co.jp/auc-arrival/cabinet/banner/img57664831.gif"" border=""0"" width=""116"" height=""68"">
<font size=""-3"">U.S.海軍グッズ!</font>
</td>

  <td>
    <img src=""http://image.rakuten.co.jp/auc-arrival/cabinet/banner/img57668028.jpg"" border=""0"" width=""116"" height=""68"">
<font size=""-3"">Since 1982 from NY</font>
</td>

  <td>
    <img src=""http://image.rakuten.co.jp/auc-arrival/cabinet/banner/img57667825.jpg"" border=""0"" width=""116"" height=""68"">
<font size=""-3"">サーフ関連グッズ<br></font>
</td>

  <td>
    <img src=""http://image.rakuten.co.jp/auc-arrival/cabinet/banner/img57667816.jpg"" border=""0"" width=""116"" height=""68"" >
<font size=""-3"">オイル感が漂います</font>
</td>

  <td>
    <img src=""http://image.rakuten.co.jp/auc-arrival/cabinet/banner/img57670079.jpg"" border=""0"" width=""116"" height=""68"">
<font size=""-3"">OTHER GOODS</font>
</td>

  <td>
    <img src=""http://image.rakuten.co.jp/auc-arrival/cabinet/banner/img57667822.jpg"" border=""0"" width=""116"" height=""68"">
<font size=""-3"">他にも個性派が勢揃い！</font>
</td></table>",ROTHCO（ロスコ社製）★本革製HEADWRAP★レザー・ヘッドラップ：アライバル楽天市場店,ワッペンディズニープリンセスパッチミリタリースヌーピースパイダーマンミニオンロスコベティROTHCO（ロスコ社製）★本革製HEADWRAP★レザー・ヘッドラップ,DM便送料無料！（コンビニ受取り不可、代引不可、同梱不可）。ROTHCO（ロスコ社製）★本革製HEADWRAP★レザー・ヘッドラップ[rn]
29-15065,http://tshop.r10s.jp/auc-arrival/cabinet/01280352/01327557/imgrc0065649140.jpg?fitin=700:700,704.0000,,バッグ・小物・ブランド雑貨 > 帽子 > レディース帽子 > その他,ROTHCO（ロスコ社製）★HEADWRAP　ヘッドラップ★ソリッドブラック　黒無地,在庫処分大特価！DM便送料込！！(コンビニ受取り不可、引不可),"<br><center>
<font color=#000066 size=5><b>
ROTHCO　HEAD WRAP
</b></font>
<br><br>
<table width=600 cellpadding=10 cellspacing=10 border=0>
<tr><td width=10% bgcolor=#FF9900 align=center><font color=#990000 size=3>★</font></td>
<td width=10% bgcolor=#990000 align=center><font color=#990000 size=4>★</font></td>
<td width=10% bgcolor=#336600 align=center><font color=#336600 size=2>★</font></td>
<td width=10% bgcolor=#336600 align=center><font color=#FF9900 size=3>★</font></td>
<td width=10% bgcolor=#FF9900 align=center><font color=#FF9900 size=4>★</font></td>
<td width=10% bgcolor=#336600 align=center><font color=#990000 size=4>★</font></td>
<td width=10% bgcolor=#FF9900 align=center><font color=#990000 size=3>★</font></td>
<td width=10% bgcolor=#FF9900 align=center><font color=#FF9900 size=2>★</font></td>
<td width=10% bgcolor=#FF9900 align=center><font color=#FF9900 size=2>★</font></td>
<td width=10% bgcolor=#FF9900 align=center><font color=#990000 size=3>★</font></td>
</tr>
<tr>
<td width=10% bgcolor=#FF9900 align=center><font color=#990000 size=3>★</font></td>

<td colspan=8 rowspan=3 bgcolor=#FFFFDD align=left>
<font color=#000066 size=3>

アメリカ軍納入メーカーとして有名なニューヨークのロスコ社（ROTHCO)のヘッドラップです。<br>頭にバンダナを巻くように、最初から作られているので、バンダナキャップとも呼ばれています。バイカーの人がヘルメットの下にかぶったり、作業用のヘルメットの下でも、汗を吸い取り最高です。<br>もちろん帽子がわりにそのままでも、お料理やお掃除の時の三角巾がわりにも使えます。<br>頭を出したくない方や、髪の毛の薄い方にも、アメリカではかなりポピュラーなアイテムです。<br>サイズはフリーです。<br>他の柄も三枚目の画像のように多数ございますので、よろしくお願いします。<br>市価１２００円～９８０円。 <br>アメリカ経由中国生産。<br>男女兼用フリーサイズ。<br>コットン１００％。<br><br>＊ご注意＊迷彩をはじめ、柄物に関しましては、生地のかたどり位置により一点一点違う為、実際納品するものは、ご覧の画像のサンプルと同じ物はきませんので、予めご了承ください。<br></font>
</td>
<td width=10% bgcolor=#FF9900 align=center><font color=#990000 size=2>★</font></td>

</tr>
<tr>
<td width=10% bgcolor=#990000 align=center><font color=#336600 size=4>★</font></td>

<td width=10% bgcolor=#990000 align=center><font color=#990000 size=4>★</font></td>

</tr>
<tr>
<td width=10% bgcolor=#990000 align=center><font color=#336600 size=4>★</font></td>

<td width=10% bgcolor=#990000 align=center><font color=#990000 size=4>★</font></td>

</tr>
<tr><td width=10% bgcolor=#FF9900 align=center><font color=#990000 size=3>★</font></td>
<td width=10% bgcolor=#990000 align=center><font color=#990000 size=4>★</font></td>
<td width=10% bgcolor=#336600 align=center><font color=#336600 size=2>★</font></td>
<td width=10% bgcolor=#336600 align=center><font color=#FF9900 size=3>★</font></td>
<td width=10% bgcolor=#FF9900 align=center><font color=#FF9900 size=4>★</font></td>
<td width=10% bgcolor=#336600 align=center><font color=#990000 size=4>★</font></td>
<td width=10% bgcolor=#FF9900 align=center><font color=#990000 size=3>★</font></td>
<td width=10% bgcolor=#FF9900 align=center><font color=#FF9900 size=2>★</font></td>
<td width=10% bgcolor=#FF9900 align=center><font color=#FF9900 size=2>★</font></td>
<td width=10% bgcolor=#FF9900 align=center><font color=#990000 size=3>★</font></td>
</tr>
</table>
</center><table width=""800"" height=""70"" border=""0"" cellspacing=""3"" cellpadding=""0"" align=""center"">
  <td>
    <img src=""http://image.rakuten.co.jp/auc-arrival/cabinet/banner/img57664495.jpg"" border=""0"" width=""116"" height=""68"" ><br>
<font size=""-3"">MADE IN JAPAN!</font>
</td>

  <td>
    <img src=""http://image.rakuten.co.jp/auc-arrival/cabinet/banner/img57664798.jpg"" border=""0"" width=""116"" height=""68""><br>
<font size=""-3"">U.S.空軍グッズ!</font>
</td>

  <td>
    <img src=""http://image.rakuten.co.jp/auc-arrival/cabinet/banner/img57667814.jpg"" border=""0"" width=""116"" height=""68""><br>
<font size=""-3"">Since 1937</font>
</td>

  <td>
    <img src=""http://image.rakuten.co.jp/auc-arrival/cabinet/banner/img57664496.jpg"" border=""0"" width=""116"" height=""68""><br>
<font size=""-3"">DISNEYグッズ</font>
</td>

<td>
    <img src=""http://image.rakuten.co.jp/auc-arrival/cabinet/imgrc0065507858.jpg"" border=""0"" width=""116"" height=""68""><br>
<font size=""-3"">DORY</font>
</td>

<td>
    <img src=""http://image.rakuten.co.jp/auc-arrival/cabinet/banner/img61373183.gif"" border=""0"" width=""116"" height=""68""><br>
<font size=""-3"">MARVEL</font>
</td>


<td>
    <img src=""http://image.rakuten.co.jp/auc-arrival/cabinet/banner/img57667821.jpg"" border=""0"" width=""116"" height=""68""><br>
<font size=""-3"">アナログなゲーム♪</font>
</td>
</table>


<table width=""800"" height=""70"" border=""0"" cellspacing=""3"" cellpadding=""0"" align=""center"">
  <td>
    <img src=""http://image.rakuten.co.jp/auc-arrival/cabinet/banner/img57664828.gif"" border=""0"" width=""116"" height=""68"" >
<font size=""-3"">NY市警グッズ</font>
</td>

  <td>
    <img src=""http://image.rakuten.co.jp/auc-arrival/cabinet/banner/img57667826.jpg"" border=""0"" width=""116"" height=""68"">
<font size=""-3"">U.S.陸軍グッズ</font>
</td>

  <td>
    <img src=""http://image.rakuten.co.jp/auc-arrival/cabinet/banner/img57664829.gif"" border=""0"" width=""116"" height=""68"">
<font size=""-3"">全米一CAPメーカー</font>
</td>

  <td>
    <img src=""http://image.rakuten.co.jp/auc-arrival/cabinet/banner/img57664501.gif"" border=""0"" width=""116"" height=""68"">
<font size=""-3"">STAR WARS</font>
</td>

  <td>
    <img src=""http://image.rakuten.co.jp/auc-arrival/cabinet/banner/img57664500.jpg"" border=""0"" width=""116"" height=""68"" >
<font size=""-3"">ポップでキュート!</font>
</td>

  <td>
    <img src=""http://image.rakuten.co.jp/auc-arrival/cabinet/banner/img57667815.jpg"" border=""0"" width=""116"" height=""68"">
<font size=""-3"">全ての音楽はこの4人から</font>
</td>

  <td>
    <img src=""http://image.rakuten.co.jp/auc-arrival/cabinet/banner/img57667819.jpg"" border=""0"" width=""116"" height=""68"">
<font size=""-3"">アメリカの誇り</font>
</td>
</table>


<table width=""800"" height=""70"" border=""0"" cellspacing=""3"" cellpadding=""0"" align=""center"">
  <td>
    <img src=""http://image.rakuten.co.jp/auc-arrival/cabinet/banner/img57667824.jpg"" border=""0"" width=""116"" height=""68"" >
<font size=""-3"">米軍納入メーカー</font>
</td>

  <td>
    <img src=""http://image.rakuten.co.jp/auc-arrival/cabinet/banner/img57664796.gif"" border=""0"" width=""116"" height=""68"">
<font size=""-3"">U.S.海兵隊グッズが集合!</font>
</td>

  <td>
    <img src=""http://image.rakuten.co.jp/auc-arrival/cabinet/banner/img57664502.jpg"" border=""0"" width=""116"" height=""68"">
<font size=""-3"">MESH CAP from LA</font>
</td>


  <td>
    <img src=""http://image.rakuten.co.jp/auc-arrival/cabinet/banner/img57664497.jpg"" border=""0"" width=""116"" height=""68"" >
<font size=""-3"">ROCKBANDのキャラクター</font>
</td>

  <td>
    <img src=""http://image.rakuten.co.jp/auc-arrival/cabinet/banner/img57667817.jpg"" border=""0"" width=""116"" height=""68"">
<font size=""-3"">60's, 70's, 80's, 90's</font>
</td>

 <td>
    <img src=""http://image.rakuten.co.jp/auc-arrival/cabinet/banner/img58223140.gif"" border=""0"" width=""116"" height=""68""><font size=""-3""><br>FROM UK</font>
</td>
</table>


<table width=""800"" height=""70"" border=""0"" cellspacing=""3"" cellpadding=""0"" align=""center"">
  <td>
    <img src=""http://image.rakuten.co.jp/auc-arrival/cabinet/banner/img58155852.gif"" border=""0"" width=""116"" height=""68"" >
<font size=""-3"">バイカーの王道！</font>
</td>

  <td>
    <img src=""http://image.rakuten.co.jp/auc-arrival/cabinet/banner/img57664831.gif"" border=""0"" width=""116"" height=""68"">
<font size=""-3"">U.S.海軍グッズ!</font>
</td>

  <td>
    <img src=""http://image.rakuten.co.jp/auc-arrival/cabinet/banner/img57668028.jpg"" border=""0"" width=""116"" height=""68"">
<font size=""-3"">Since 1982 from NY</font>
</td>

  <td>
    <img src=""http://image.rakuten.co.jp/auc-arrival/cabinet/banner/img57667825.jpg"" border=""0"" width=""116"" height=""68"">
<font size=""-3"">サーフ関連グッズ<br></font>
</td>

  <td>
    <img src=""http://image.rakuten.co.jp/auc-arrival/cabinet/banner/img57667816.jpg"" border=""0"" width=""116"" height=""68"" >
<font size=""-3"">オイル感が漂います</font>
</td>

  <td>
    <img src=""http://image.rakuten.co.jp/auc-arrival/cabinet/banner/img57670079.jpg"" border=""0"" width=""116"" height=""68"">
<font size=""-3"">OTHER GOODS</font>
</td>

  <td>
    <img src=""http://image.rakuten.co.jp/auc-arrival/cabinet/banner/img57667822.jpg"" border=""0"" width=""116"" height=""68"">
<font size=""-3"">他にも個性派が勢揃い！</font>
</td></table>",ROTHCO（ロスコ社製）★HEADWRAP　ヘッドラップ★ソリッドブラック　黒無地：アライバル楽天市場店,ワッペンディズニープリンセスパッチミリタリースヌーピースパイダーマンミニオンロスコベティROTHCO（ロスコ社製）★HEADWRAP　ヘッドラップ★ソリッドブラック　黒無地,在庫処分大特価！DM便送料込！！(コンビニ受取り不可、引不可)。ROTHCO（ロスコ社製）★HEADWRAP　ヘッドラップ★ソリッドブラック　黒無地[rn]
29-15066,http://tshop.r10s.jp/auc-arrival/cabinet/01202585/01678183/img57417877.jpg?fitin=700:700,400.0000,,バッグ・小物・ブランド雑貨 > 帽子 > レディース帽子 > その他,VANSONLEATHER/バンソンレザー社/のボンボン・スキーキャップ★ブラックXピンク　送料無料（コンビニ受取り不可、代引不可、同梱不可）,可愛いくてカラフルなスキーキャップです！,"<br><center>
<font color=#666699 size=5><b>VANSON LEATHER</b></font><br><br>
<table width=550 border=0 cellspacing=2 cellpadding=1 bgcolor=#7777FF>
<tr>
 <td>
  <table width=100%><tr>
   <td width=20% align=center><font color=#FFFFCC size=3>★</font></td>
   <td width=20% align=center><font color=#FFFFD9 size=3>★</font></td>
   <td width=20% align=center><font color=#FFFFE6 size=3>★</font></td>
   <td width=20% align=center><font color=#FFFFF2 size=3>★</font></td>
   <td width=20% align=center><font color=#FFFFFF size=3>★</font></td>
   </tr></table>
 </td>
</tr>
<tr>
 <td bgcolor=#EEEEFF>
  <table width=100% cellpadding=15><tr><td align=left>
   <font color=#666699 size=3>

<br>
 アメリカ,レザーウェアの名門　VANSON LEATHER社。そのバンソンの可愛いくて、カラフルな珍しいスキーキャップのご紹介です。フリーサイズで、大きさは平置きした状態で、横約２４cm× 縦約２６cmです。３枚目の画像のように、他のカラーもございます。複数ご希望の方は、質問欄もしくは、メールにてご連絡ください。市価３８００円。アクリル１００％、バンソン・U.S.A.日本ライセンス商品・中国製。<br><br>
<br>＊ご注意；普通郵便での配達ですので、代引きは不可です。<table width=""800"" height=""70"" border=""0"" cellspacing=""3"" cellpadding=""0"" align=""center"">
  <td>
    <img src=""http://image.rakuten.co.jp/auc-arrival/cabinet/banner/img57664495.jpg"" border=""0"" width=""116"" height=""68"" ><br>
<font size=""-3"">MADE IN JAPAN!</font>
</td>

  <td>
    <img src=""http://image.rakuten.co.jp/auc-arrival/cabinet/banner/img57664798.jpg"" border=""0"" width=""116"" height=""68""><br>
<font size=""-3"">U.S.空軍グッズ!</font>
</td>

  <td>
    <img src=""http://image.rakuten.co.jp/auc-arrival/cabinet/banner/img57667814.jpg"" border=""0"" width=""116"" height=""68""><br>
<font size=""-3"">Since 1937</font>
</td>

  <td>
    <img src=""http://image.rakuten.co.jp/auc-arrival/cabinet/banner/img57664496.jpg"" border=""0"" width=""116"" height=""68""><br>
<font size=""-3"">DISNEYグッズ</font>
</td>

<td>
    <img src=""http://image.rakuten.co.jp/auc-arrival/cabinet/imgrc0065507858.jpg"" border=""0"" width=""116"" height=""68""><br>
<font size=""-3"">DORY</font>
</td>

<td>
    <img src=""http://image.rakuten.co.jp/auc-arrival/cabinet/banner/img61373183.gif"" border=""0"" width=""116"" height=""68""><br>
<font size=""-3"">MARVEL</font>
</td>


<td>
    <img src=""http://image.rakuten.co.jp/auc-arrival/cabinet/banner/img57667821.jpg"" border=""0"" width=""116"" height=""68""><br>
<font size=""-3"">アナログなゲーム♪</font>
</td>
</table>


<table width=""800"" height=""70"" border=""0"" cellspacing=""3"" cellpadding=""0"" align=""center"">
  <td>
    <img src=""http://image.rakuten.co.jp/auc-arrival/cabinet/banner/img57664828.gif"" border=""0"" width=""116"" height=""68"" >
<font size=""-3"">NY市警グッズ</font>
</td>

  <td>
    <img src=""http://image.rakuten.co.jp/auc-arrival/cabinet/banner/img57667826.jpg"" border=""0"" width=""116"" height=""68"">
<font size=""-3"">U.S.陸軍グッズ</font>
</td>

  <td>
    <img src=""http://image.rakuten.co.jp/auc-arrival/cabinet/banner/img57664829.gif"" border=""0"" width=""116"" height=""68"">
<font size=""-3"">全米一CAPメーカー</font>
</td>

  <td>
    <img src=""http://image.rakuten.co.jp/auc-arrival/cabinet/banner/img57664501.gif"" border=""0"" width=""116"" height=""68"">
<font size=""-3"">STAR WARS</font>
</td>

  <td>
    <img src=""http://image.rakuten.co.jp/auc-arrival/cabinet/banner/img57664500.jpg"" border=""0"" width=""116"" height=""68"" >
<font size=""-3"">ポップでキュート!</font>
</td>

  <td>
    <img src=""http://image.rakuten.co.jp/auc-arrival/cabinet/banner/img57667815.jpg"" border=""0"" width=""116"" height=""68"">
<font size=""-3"">全ての音楽はこの4人から</font>
</td>

  <td>
    <img src=""http://image.rakuten.co.jp/auc-arrival/cabinet/banner/img57667819.jpg"" border=""0"" width=""116"" height=""68"">
<font size=""-3"">アメリカの誇り</font>
</td>
</table>


<table width=""800"" height=""70"" border=""0"" cellspacing=""3"" cellpadding=""0"" align=""center"">
  <td>
    <img src=""http://image.rakuten.co.jp/auc-arrival/cabinet/banner/img57667824.jpg"" border=""0"" width=""116"" height=""68"" >
<font size=""-3"">米軍納入メーカー</font>
</td>

  <td>
    <img src=""http://image.rakuten.co.jp/auc-arrival/cabinet/banner/img57664796.gif"" border=""0"" width=""116"" height=""68"">
<font size=""-3"">U.S.海兵隊グッズが集合!</font>
</td>

  <td>
    <img src=""http://image.rakuten.co.jp/auc-arrival/cabinet/banner/img57664502.jpg"" border=""0"" width=""116"" height=""68"">
<font size=""-3"">MESH CAP from LA</font>
</td>


  <td>
    <img src=""http://image.rakuten.co.jp/auc-arrival/cabinet/banner/img57664497.jpg"" border=""0"" width=""116"" height=""68"" >
<font size=""-3"">ROCKBANDのキャラクター</font>
</td>

  <td>
    <img src=""http://image.rakuten.co.jp/auc-arrival/cabinet/banner/img57667817.jpg"" border=""0"" width=""116"" height=""68"">
<font size=""-3"">60's, 70's, 80's, 90's</font>
</td>

 <td>
    <img src=""http://image.rakuten.co.jp/auc-arrival/cabinet/banner/img58223140.gif"" border=""0"" width=""116"" height=""68""><font size=""-3""><br>FROM UK</font>
</td>
</table>


<table width=""800"" height=""70"" border=""0"" cellspacing=""3"" cellpadding=""0"" align=""center"">
  <td>
    <img src=""http://image.rakuten.co.jp/auc-arrival/cabinet/banner/img58155852.gif"" border=""0"" width=""116"" height=""68"" >
<font size=""-3"">バイカーの王道！</font>
</td>

  <td>
    <img src=""http://image.rakuten.co.jp/auc-arrival/cabinet/banner/img57664831.gif"" border=""0"" width=""116"" height=""68"">
<font size=""-3"">U.S.海軍グッズ!</font>
</td>

  <td>
    <img src=""http://image.rakuten.co.jp/auc-arrival/cabinet/banner/img57668028.jpg"" border=""0"" width=""116"" height=""68"">
<font size=""-3"">Since 1982 from NY</font>
</td>

  <td>
    <img src=""http://image.rakuten.co.jp/auc-arrival/cabinet/banner/img57667825.jpg"" border=""0"" width=""116"" height=""68"">
<font size=""-3"">サーフ関連グッズ<br></font>
</td>

  <td>
    <img src=""http://image.rakuten.co.jp/auc-arrival/cabinet/banner/img57667816.jpg"" border=""0"" width=""116"" height=""68"" >
<font size=""-3"">オイル感が漂います</font>
</td>

  <td>
    <img src=""http://image.rakuten.co.jp/auc-arrival/cabinet/banner/img57670079.jpg"" border=""0"" width=""116"" height=""68"">
<font size=""-3"">OTHER GOODS</font>
</td>

  <td>
    <img src=""http://image.rakuten.co.jp/auc-arrival/cabinet/banner/img57667822.jpg"" border=""0"" width=""116"" height=""68"">
<font size=""-3"">他にも個性派が勢揃い！</font>
</td></table>",VANSONLEATHER/バンソンレザー社/のボンボン・スキーキャップ★ブラックXピンク　送料無料（コンビニ受取り不可、代引不可、同梱不可）：アライバル楽天市場店,ワッペンディズニープリンセスパッチミリタリースヌーピースパイダーマンミニオンロスコベティVANSONLEATHER/バンソンレザー社/のボンボン・スキーキャップ★ブラックXピンク　送料無料（コンビニ受取り不可、代引不可、同梱不可）,可愛いくてカラフルなスキーキャップです！。VANSONLEATHER/バンソンレザー社/のボンボン・スキーキャップ★ブラックXピンク　送料無料（コンビニ受取り不可、代引不可、同梱不可）[rn]
29-15067,http://tshop.r10s.jp/auc-arrival/cabinet/01202585/01678183/img57417736.jpg?fitin=700:700,400.0000,,バッグ・小物・ブランド雑貨 > 帽子 > レディース帽子 > その他,VANSON LEATHER/バンソンレザー社のボンボン・スキーキャップ★レッドXブルー,郵便送料込！可愛いくてカラフルなスキーキャップです！,"<br><center>
<font color=#666699 size=5><b>VANSON LEATHER</b></font><br><br>
<table width=550 border=0 cellspacing=2 cellpadding=1 bgcolor=#7777FF>
<tr>
 <td>
  <table width=100%><tr>
   <td width=20% align=center><font color=#FFFFCC size=3>★</font></td>
   <td width=20% align=center><font color=#FFFFD9 size=3>★</font></td>
   <td width=20% align=center><font color=#FFFFE6 size=3>★</font></td>
   <td width=20% align=center><font color=#FFFFF2 size=3>★</font></td>
   <td width=20% align=center><font color=#FFFFFF size=3>★</font></td>
   </tr></table>
 </td>
</tr>
<tr>
 <td bgcolor=#EEEEFF>
  <table width=100% cellpadding=15><tr><td align=left>
   <font color=#666699 size=3>

<br>
 アメリカ,レザーウェアの名門　VANSON LEATHER社。そのバンソンの可愛いくて、カラフルな珍しいスキーキャップのご紹介です。フリーサイズで、大きさは平置きした状態で、横約２４cm× 縦約２６cmです。３枚目の画像のように、他のカラーもございます。複数ご希望の方は、質問欄もしくは、メールにてご連絡ください。市価３８００円。アクリル１００％、バンソン・U.S.A.日本ライセンス商品・中国製。<br><br><br>＊ご注意；普通郵便での配達ですので、代引きは不可です。<table width=""800"" height=""70"" border=""0"" cellspacing=""3"" cellpadding=""0"" align=""center"">
  <td>
    <img src=""http://image.rakuten.co.jp/auc-arrival/cabinet/banner/img57664495.jpg"" border=""0"" width=""116"" height=""68"" ><br>
<font size=""-3"">MADE IN JAPAN!</font>
</td>

  <td>
    <img src=""http://image.rakuten.co.jp/auc-arrival/cabinet/banner/img57664798.jpg"" border=""0"" width=""116"" height=""68""><br>
<font size=""-3"">U.S.空軍グッズ!</font>
</td>

  <td>
    <img src=""http://image.rakuten.co.jp/auc-arrival/cabinet/banner/img57667814.jpg"" border=""0"" width=""116"" height=""68""><br>
<font size=""-3"">Since 1937</font>
</td>

  <td>
    <img src=""http://image.rakuten.co.jp/auc-arrival/cabinet/banner/img57664496.jpg"" border=""0"" width=""116"" height=""68""><br>
<font size=""-3"">DISNEYグッズ</font>
</td>

<td>
    <img src=""http://image.rakuten.co.jp/auc-arrival/cabinet/imgrc0065507858.jpg"" border=""0"" width=""116"" height=""68""><br>
<font size=""-3"">DORY</font>
</td>

<td>
    <img src=""http://image.rakuten.co.jp/auc-arrival/cabinet/banner/img61373183.gif"" border=""0"" width=""116"" height=""68""><br>
<font size=""-3"">MARVEL</font>
</td>


<td>
    <img src=""http://image.rakuten.co.jp/auc-arrival/cabinet/banner/img57667821.jpg"" border=""0"" width=""116"" height=""68""><br>
<font size=""-3"">アナログなゲーム♪</font>
</td>
</table>


<table width=""800"" height=""70"" border=""0"" cellspacing=""3"" cellpadding=""0"" align=""center"">
  <td>
    <img src=""http://image.rakuten.co.jp/auc-arrival/cabinet/banner/img57664828.gif"" border=""0"" width=""116"" height=""68"" >
<font size=""-3"">NY市警グッズ</font>
</td>

  <td>
    <img src=""http://image.rakuten.co.jp/auc-arrival/cabinet/banner/img57667826.jpg"" border=""0"" width=""116"" height=""68"">
<font size=""-3"">U.S.陸軍グッズ</font>
</td>

  <td>
    <img src=""http://image.rakuten.co.jp/auc-arrival/cabinet/banner/img57664829.gif"" border=""0"" width=""116"" height=""68"">
<font size=""-3"">全米一CAPメーカー</font>
</td>

  <td>
    <img src=""http://image.rakuten.co.jp/auc-arrival/cabinet/banner/img57664501.gif"" border=""0"" width=""116"" height=""68"">
<font size=""-3"">STAR WARS</font>
</td>

  <td>
    <img src=""http://image.rakuten.co.jp/auc-arrival/cabinet/banner/img57664500.jpg"" border=""0"" width=""116"" height=""68"" >
<font size=""-3"">ポップでキュート!</font>
</td>

  <td>
    <img src=""http://image.rakuten.co.jp/auc-arrival/cabinet/banner/img57667815.jpg"" border=""0"" width=""116"" height=""68"">
<font size=""-3"">全ての音楽はこの4人から</font>
</td>

  <td>
    <img src=""http://image.rakuten.co.jp/auc-arrival/cabinet/banner/img57667819.jpg"" border=""0"" width=""116"" height=""68"">
<font size=""-3"">アメリカの誇り</font>
</td>
</table>


<table width=""800"" height=""70"" border=""0"" cellspacing=""3"" cellpadding=""0"" align=""center"">
  <td>
    <img src=""http://image.rakuten.co.jp/auc-arrival/cabinet/banner/img57667824.jpg"" border=""0"" width=""116"" height=""68"" >
<font size=""-3"">米軍納入メーカー</font>
</td>

  <td>
    <img src=""http://image.rakuten.co.jp/auc-arrival/cabinet/banner/img57664796.gif"" border=""0"" width=""116"" height=""68"">
<font size=""-3"">U.S.海兵隊グッズが集合!</font>
</td>

  <td>
    <img src=""http://image.rakuten.co.jp/auc-arrival/cabinet/banner/img57664502.jpg"" border=""0"" width=""116"" height=""68"">
<font size=""-3"">MESH CAP from LA</font>
</td>


  <td>
    <img src=""http://image.rakuten.co.jp/auc-arrival/cabinet/banner/img57664497.jpg"" border=""0"" width=""116"" height=""68"" >
<font size=""-3"">ROCKBANDのキャラクター</font>
</td>

  <td>
    <img src=""http://image.rakuten.co.jp/auc-arrival/cabinet/banner/img57667817.jpg"" border=""0"" width=""116"" height=""68"">
<font size=""-3"">60's, 70's, 80's, 90's</font>
</td>

 <td>
    <img src=""http://image.rakuten.co.jp/auc-arrival/cabinet/banner/img58223140.gif"" border=""0"" width=""116"" height=""68""><font size=""-3""><br>FROM UK</font>
</td>
</table>


<table width=""800"" height=""70"" border=""0"" cellspacing=""3"" cellpadding=""0"" align=""center"">
  <td>
    <img src=""http://image.rakuten.co.jp/auc-arrival/cabinet/banner/img58155852.gif"" border=""0"" width=""116"" height=""68"" >
<font size=""-3"">バイカーの王道！</font>
</td>

  <td>
    <img src=""http://image.rakuten.co.jp/auc-arrival/cabinet/banner/img57664831.gif"" border=""0"" width=""116"" height=""68"">
<font size=""-3"">U.S.海軍グッズ!</font>
</td>

  <td>
    <img src=""http://image.rakuten.co.jp/auc-arrival/cabinet/banner/img57668028.jpg"" border=""0"" width=""116"" height=""68"">
<font size=""-3"">Since 1982 from NY</font>
</td>

  <td>
    <img src=""http://image.rakuten.co.jp/auc-arrival/cabinet/banner/img57667825.jpg"" border=""0"" width=""116"" height=""68"">
<font size=""-3"">サーフ関連グッズ<br></font>
</td>

  <td>
    <img src=""http://image.rakuten.co.jp/auc-arrival/cabinet/banner/img57667816.jpg"" border=""0"" width=""116"" height=""68"" >
<font size=""-3"">オイル感が漂います</font>
</td>

  <td>
    <img src=""http://image.rakuten.co.jp/auc-arrival/cabinet/banner/img57670079.jpg"" border=""0"" width=""116"" height=""68"">
<font size=""-3"">OTHER GOODS</font>
</td>

  <td>
    <img src=""http://image.rakuten.co.jp/auc-arrival/cabinet/banner/img57667822.jpg"" border=""0"" width=""116"" height=""68"">
<font size=""-3"">他にも個性派が勢揃い！</font>
</td></table>",VANSON LEATHER/バンソンレザー社のボンボン・スキーキャップ★レッドXブルー：アライバル楽天市場店,ワッペンディズニープリンセスパッチミリタリースヌーピースパイダーマンミニオンロスコベティVANSON LEATHER/バンソンレザー社のボンボン・スキーキャップ★レッドXブルー,郵便送料込！可愛いくてカラフルなスキーキャップです！。VANSON LEATHER/バンソンレザー社のボンボン・スキーキャップ★レッドXブルー[rn]
29-15068,http://tshop.r10s.jp/auc-arrival/cabinet/01202585/01678183/img57417972.jpg?fitin=700:700,800.0000,,バッグ・小物・ブランド雑貨 > 帽子 > レディース帽子 > その他,VANSON LEATHER/バンソンレザー社/のボンボン・スキーキャップ★パープルXイエロー　送料無料（コンビニ受取り不可、代引不可、同梱不可）,可愛いくてカラフルなスキーキャップです！,"<br><center>
<font color=#666699 size=5><b>VANSON LEATHER</b></font><br><br>
<table width=550 border=0 cellspacing=2 cellpadding=1 bgcolor=#7777FF>
<tr>
 <td>
  <table width=100%><tr>
   <td width=20% align=center><font color=#FFFFCC size=3>★</font></td>
   <td width=20% align=center><font color=#FFFFD9 size=3>★</font></td>
   <td width=20% align=center><font color=#FFFFE6 size=3>★</font></td>
   <td width=20% align=center><font color=#FFFFF2 size=3>★</font></td>
   <td width=20% align=center><font color=#FFFFFF size=3>★</font></td>
   </tr></table>
 </td>
</tr>
<tr>
 <td bgcolor=#EEEEFF>
  <table width=100% cellpadding=15><tr><td align=left>
   <font color=#666699 size=3>

<br>
 アメリカ,レザーウェアの名門　VANSON LEATHER社。そのバンソンの可愛いくて、カラフルな珍しいスキーキャップのご紹介です。フリーサイズで、大きさは平置きした状態で、横約２４cm× 縦約２６cmです。３枚目の画像のように、他のカラーもございます。複数ご希望の方は、質問欄もしくは、メールにてご連絡ください。市価３８００円。アクリル１００％、バンソン・U.S.A.日本ライセンス商品・中国製。<br><br>＊ご注意；普通郵便での配達ですので、代引きは不可です。<table width=""800"" height=""70"" border=""0"" cellspacing=""3"" cellpadding=""0"" align=""center"">
  <td>
    <img src=""http://image.rakuten.co.jp/auc-arrival/cabinet/banner/img57664495.jpg"" border=""0"" width=""116"" height=""68"" ><br>
<font size=""-3"">MADE IN JAPAN!</font>
</td>

  <td>
    <img src=""http://image.rakuten.co.jp/auc-arrival/cabinet/banner/img57664798.jpg"" border=""0"" width=""116"" height=""68""><br>
<font size=""-3"">U.S.空軍グッズ!</font>
</td>

  <td>
    <img src=""http://image.rakuten.co.jp/auc-arrival/cabinet/banner/img57667814.jpg"" border=""0"" width=""116"" height=""68""><br>
<font size=""-3"">Since 1937</font>
</td>

  <td>
    <img src=""http://image.rakuten.co.jp/auc-arrival/cabinet/banner/img57664496.jpg"" border=""0"" width=""116"" height=""68""><br>
<font size=""-3"">DISNEYグッズ</font>
</td>

<td>
    <img src=""http://image.rakuten.co.jp/auc-arrival/cabinet/imgrc0065507858.jpg"" border=""0"" width=""116"" height=""68""><br>
<font size=""-3"">DORY</font>
</td>

<td>
    <img src=""http://image.rakuten.co.jp/auc-arrival/cabinet/banner/img61373183.gif"" border=""0"" width=""116"" height=""68""><br>
<font size=""-3"">MARVEL</font>
</td>


<td>
    <img src=""http://image.rakuten.co.jp/auc-arrival/cabinet/banner/img57667821.jpg"" border=""0"" width=""116"" height=""68""><br>
<font size=""-3"">アナログなゲーム♪</font>
</td>
</table>


<table width=""800"" height=""70"" border=""0"" cellspacing=""3"" cellpadding=""0"" align=""center"">
  <td>
    <img src=""http://image.rakuten.co.jp/auc-arrival/cabinet/banner/img57664828.gif"" border=""0"" width=""116"" height=""68"" >
<font size=""-3"">NY市警グッズ</font>
</td>

  <td>
    <img src=""http://image.rakuten.co.jp/auc-arrival/cabinet/banner/img57667826.jpg"" border=""0"" width=""116"" height=""68"">
<font size=""-3"">U.S.陸軍グッズ</font>
</td>

  <td>
    <img src=""http://image.rakuten.co.jp/auc-arrival/cabinet/banner/img57664829.gif"" border=""0"" width=""116"" height=""68"">
<font size=""-3"">全米一CAPメーカー</font>
</td>

  <td>
    <img src=""http://image.rakuten.co.jp/auc-arrival/cabinet/banner/img57664501.gif"" border=""0"" width=""116"" height=""68"">
<font size=""-3"">STAR WARS</font>
</td>

  <td>
    <img src=""http://image.rakuten.co.jp/auc-arrival/cabinet/banner/img57664500.jpg"" border=""0"" width=""116"" height=""68"" >
<font size=""-3"">ポップでキュート!</font>
</td>

  <td>
    <img src=""http://image.rakuten.co.jp/auc-arrival/cabinet/banner/img57667815.jpg"" border=""0"" width=""116"" height=""68"">
<font size=""-3"">全ての音楽はこの4人から</font>
</td>

  <td>
    <img src=""http://image.rakuten.co.jp/auc-arrival/cabinet/banner/img57667819.jpg"" border=""0"" width=""116"" height=""68"">
<font size=""-3"">アメリカの誇り</font>
</td>
</table>


<table width=""800"" height=""70"" border=""0"" cellspacing=""3"" cellpadding=""0"" align=""center"">
  <td>
    <img src=""http://image.rakuten.co.jp/auc-arrival/cabinet/banner/img57667824.jpg"" border=""0"" width=""116"" height=""68"" >
<font size=""-3"">米軍納入メーカー</font>
</td>

  <td>
    <img src=""http://image.rakuten.co.jp/auc-arrival/cabinet/banner/img57664796.gif"" border=""0"" width=""116"" height=""68"">
<font size=""-3"">U.S.海兵隊グッズが集合!</font>
</td>

  <td>
    <img src=""http://image.rakuten.co.jp/auc-arrival/cabinet/banner/img57664502.jpg"" border=""0"" width=""116"" height=""68"">
<font size=""-3"">MESH CAP from LA</font>
</td>


  <td>
    <img src=""http://image.rakuten.co.jp/auc-arrival/cabinet/banner/img57664497.jpg"" border=""0"" width=""116"" height=""68"" >
<font size=""-3"">ROCKBANDのキャラクター</font>
</td>

  <td>
    <img src=""http://image.rakuten.co.jp/auc-arrival/cabinet/banner/img57667817.jpg"" border=""0"" width=""116"" height=""68"">
<font size=""-3"">60's, 70's, 80's, 90's</font>
</td>

 <td>
    <img src=""http://image.rakuten.co.jp/auc-arrival/cabinet/banner/img58223140.gif"" border=""0"" width=""116"" height=""68""><font size=""-3""><br>FROM UK</font>
</td>
</table>


<table width=""800"" height=""70"" border=""0"" cellspacing=""3"" cellpadding=""0"" align=""center"">
  <td>
    <img src=""http://image.rakuten.co.jp/auc-arrival/cabinet/banner/img58155852.gif"" border=""0"" width=""116"" height=""68"" >
<font size=""-3"">バイカーの王道！</font>
</td>

  <td>
    <img src=""http://image.rakuten.co.jp/auc-arrival/cabinet/banner/img57664831.gif"" border=""0"" width=""116"" height=""68"">
<font size=""-3"">U.S.海軍グッズ!</font>
</td>

  <td>
    <img src=""http://image.rakuten.co.jp/auc-arrival/cabinet/banner/img57668028.jpg"" border=""0"" width=""116"" height=""68"">
<font size=""-3"">Since 1982 from NY</font>
</td>

  <td>
    <img src=""http://image.rakuten.co.jp/auc-arrival/cabinet/banner/img57667825.jpg"" border=""0"" width=""116"" height=""68"">
<font size=""-3"">サーフ関連グッズ<br></font>
</td>

  <td>
    <img src=""http://image.rakuten.co.jp/auc-arrival/cabinet/banner/img57667816.jpg"" border=""0"" width=""116"" height=""68"" >
<font size=""-3"">オイル感が漂います</font>
</td>

  <td>
    <img src=""http://image.rakuten.co.jp/auc-arrival/cabinet/banner/img57670079.jpg"" border=""0"" width=""116"" height=""68"">
<font size=""-3"">OTHER GOODS</font>
</td>

  <td>
    <img src=""http://image.rakuten.co.jp/auc-arrival/cabinet/banner/img57667822.jpg"" border=""0"" width=""116"" height=""68"">
<font size=""-3"">他にも個性派が勢揃い！</font>
</td></table>",VANSON LEATHER/バンソンレザー社/のボンボン・スキーキャップ★パープルXイエロー　送料無料（コンビニ受取り不可、代引不可、同梱不可）：アライバル楽天市場店,ワッペンディズニープリンセスパッチミリタリースヌーピースパイダーマンミニオンロスコベティVANSON LEATHER/バンソンレザー社/のボンボン・スキーキャップ★パープルXイエロー　送料無料（コンビニ受取り不可、代引不可、同梱不可）,可愛いくてカラフルなスキーキャップです！。VANSON LEATHER/バンソンレザー社/のボンボン・スキーキャップ★パープルXイエロー　送料無料（コンビニ受取り不可、代引不可、同梱不可）[rn]
29-15069,http://tshop.r10s.jp/auc-arrival/cabinet/01202585/01678183/img61166544.jpg?fitin=700:700,400.0000,,バッグ・小物・ブランド雑貨 > 帽子 > レディース帽子 > その他,SALE★ROUNHOUSE/ラウンドハウスのボンボン・スキーキャップ★（コンビニ受取り不可、代引不可、同梱不可）,可愛いくてカラフルなスキーキャップです！,"<br><center>
<font color=#666699 size=5><b>ROUND　HOUSE</b></font><br><br>
<table width=550 border=0 cellspacing=2 cellpadding=1 bgcolor=#7777FF>
<tr>
 <td>
  <table width=100%><tr>
   <td width=20% align=center><font color=#FFFFCC size=3>★</font></td>
   <td width=20% align=center><font color=#FFFFD9 size=3>★</font></td>
   <td width=20% align=center><font color=#FFFFE6 size=3>★</font></td>
   <td width=20% align=center><font color=#FFFFF2 size=3>★</font></td>
   <td width=20% align=center><font color=#FFFFFF size=3>★</font></td>
   </tr></table>
 </td>
</tr>
<tr>
 <td bgcolor=#EEEEFF>
  <table width=100% cellpadding=15><tr><td align=left>
   <font color=#666699 size=3><br>
&#8226;ラウンドハウスの可愛いスキー帽<br>
&#8226;サイズは平置きして３２×２４ｃｍ

<br>
 ★ROUND　HOUSE★ Round House(ラウンドハウス)とはその当時、蒸気機関車の工場が円形をしていたので呼ばれたRound Houseがブランド名になりました。そして100年以上の間そのままのスタイル、「FITS BEST, WEARS LONGEST.」とロゴにあるようにタフで着心地がいいというワークマンのためのオーバーオールをアメリカの真ん中Shawnee,オクラホマでこだわってつくり続けているMade in USA オーバーオールのブランドです。ちなみにフロリダのディズニーワールドの鉄道員たちは全員Round Houseのワークウエアだそうです 。<br><br><table width=""800"" height=""70"" border=""0"" cellspacing=""3"" cellpadding=""0"" align=""center"">
  <td>
    <img src=""http://image.rakuten.co.jp/auc-arrival/cabinet/banner/img57664495.jpg"" border=""0"" width=""116"" height=""68"" ><br>
<font size=""-3"">MADE IN JAPAN!</font>
</td>

  <td>
    <img src=""http://image.rakuten.co.jp/auc-arrival/cabinet/banner/img57664798.jpg"" border=""0"" width=""116"" height=""68""><br>
<font size=""-3"">U.S.空軍グッズ!</font>
</td>

  <td>
    <img src=""http://image.rakuten.co.jp/auc-arrival/cabinet/banner/img57667814.jpg"" border=""0"" width=""116"" height=""68""><br>
<font size=""-3"">Since 1937</font>
</td>

  <td>
    <img src=""http://image.rakuten.co.jp/auc-arrival/cabinet/banner/img57664496.jpg"" border=""0"" width=""116"" height=""68""><br>
<font size=""-3"">DISNEYグッズ</font>
</td>

<td>
    <img src=""http://image.rakuten.co.jp/auc-arrival/cabinet/imgrc0065507858.jpg"" border=""0"" width=""116"" height=""68""><br>
<font size=""-3"">DORY</font>
</td>

<td>
    <img src=""http://image.rakuten.co.jp/auc-arrival/cabinet/banner/img61373183.gif"" border=""0"" width=""116"" height=""68""><br>
<font size=""-3"">MARVEL</font>
</td>


<td>
    <img src=""http://image.rakuten.co.jp/auc-arrival/cabinet/banner/img57667821.jpg"" border=""0"" width=""116"" height=""68""><br>
<font size=""-3"">アナログなゲーム♪</font>
</td>
</table>


<table width=""800"" height=""70"" border=""0"" cellspacing=""3"" cellpadding=""0"" align=""center"">
  <td>
    <img src=""http://image.rakuten.co.jp/auc-arrival/cabinet/banner/img57664828.gif"" border=""0"" width=""116"" height=""68"" >
<font size=""-3"">NY市警グッズ</font>
</td>

  <td>
    <img src=""http://image.rakuten.co.jp/auc-arrival/cabinet/banner/img57667826.jpg"" border=""0"" width=""116"" height=""68"">
<font size=""-3"">U.S.陸軍グッズ</font>
</td>

  <td>
    <img src=""http://image.rakuten.co.jp/auc-arrival/cabinet/banner/img57664829.gif"" border=""0"" width=""116"" height=""68"">
<font size=""-3"">全米一CAPメーカー</font>
</td>

  <td>
    <img src=""http://image.rakuten.co.jp/auc-arrival/cabinet/banner/img57664501.gif"" border=""0"" width=""116"" height=""68"">
<font size=""-3"">STAR WARS</font>
</td>

  <td>
    <img src=""http://image.rakuten.co.jp/auc-arrival/cabinet/banner/img57664500.jpg"" border=""0"" width=""116"" height=""68"" >
<font size=""-3"">ポップでキュート!</font>
</td>

  <td>
    <img src=""http://image.rakuten.co.jp/auc-arrival/cabinet/banner/img57667815.jpg"" border=""0"" width=""116"" height=""68"">
<font size=""-3"">全ての音楽はこの4人から</font>
</td>

  <td>
    <img src=""http://image.rakuten.co.jp/auc-arrival/cabinet/banner/img57667819.jpg"" border=""0"" width=""116"" height=""68"">
<font size=""-3"">アメリカの誇り</font>
</td>
</table>


<table width=""800"" height=""70"" border=""0"" cellspacing=""3"" cellpadding=""0"" align=""center"">
  <td>
    <img src=""http://image.rakuten.co.jp/auc-arrival/cabinet/banner/img57667824.jpg"" border=""0"" width=""116"" height=""68"" >
<font size=""-3"">米軍納入メーカー</font>
</td>

  <td>
    <img src=""http://image.rakuten.co.jp/auc-arrival/cabinet/banner/img57664796.gif"" border=""0"" width=""116"" height=""68"">
<font size=""-3"">U.S.海兵隊グッズが集合!</font>
</td>

  <td>
    <img src=""http://image.rakuten.co.jp/auc-arrival/cabinet/banner/img57664502.jpg"" border=""0"" width=""116"" height=""68"">
<font size=""-3"">MESH CAP from LA</font>
</td>


  <td>
    <img src=""http://image.rakuten.co.jp/auc-arrival/cabinet/banner/img57664497.jpg"" border=""0"" width=""116"" height=""68"" >
<font size=""-3"">ROCKBANDのキャラクター</font>
</td>

  <td>
    <img src=""http://image.rakuten.co.jp/auc-arrival/cabinet/banner/img57667817.jpg"" border=""0"" width=""116"" height=""68"">
<font size=""-3"">60's, 70's, 80's, 90's</font>
</td>

 <td>
    <img src=""http://image.rakuten.co.jp/auc-arrival/cabinet/banner/img58223140.gif"" border=""0"" width=""116"" height=""68""><font size=""-3""><br>FROM UK</font>
</td>
</table>


<table width=""800"" height=""70"" border=""0"" cellspacing=""3"" cellpadding=""0"" align=""center"">
  <td>
    <img src=""http://image.rakuten.co.jp/auc-arrival/cabinet/banner/img58155852.gif"" border=""0"" width=""116"" height=""68"" >
<font size=""-3"">バイカーの王道！</font>
</td>

  <td>
    <img src=""http://image.rakuten.co.jp/auc-arrival/cabinet/banner/img57664831.gif"" border=""0"" width=""116"" height=""68"">
<font size=""-3"">U.S.海軍グッズ!</font>
</td>

  <td>
    <img src=""http://image.rakuten.co.jp/auc-arrival/cabinet/banner/img57668028.jpg"" border=""0"" width=""116"" height=""68"">
<font size=""-3"">Since 1982 from NY</font>
</td>

  <td>
    <img src=""http://image.rakuten.co.jp/auc-arrival/cabinet/banner/img57667825.jpg"" border=""0"" width=""116"" height=""68"">
<font size=""-3"">サーフ関連グッズ<br></font>
</td>

  <td>
    <img src=""http://image.rakuten.co.jp/auc-arrival/cabinet/banner/img57667816.jpg"" border=""0"" width=""116"" height=""68"" >
<font size=""-3"">オイル感が漂います</font>
</td>

  <td>
    <img src=""http://image.rakuten.co.jp/auc-arrival/cabinet/banner/img57670079.jpg"" border=""0"" width=""116"" height=""68"">
<font size=""-3"">OTHER GOODS</font>
</td>

  <td>
    <img src=""http://image.rakuten.co.jp/auc-arrival/cabinet/banner/img57667822.jpg"" border=""0"" width=""116"" height=""68"">
<font size=""-3"">他にも個性派が勢揃い！</font>
</td></table>",SALE★ROUNHOUSE/ラウンドハウスのボンボン・スキーキャップ★（コンビニ受取り不可、代引不可、同梱不可）：アライバル楽天市場店,ワッペンディズニープリンセスパッチミリタリースヌーピースパイダーマンミニオンロスコベティSALE★ROUNHOUSE/ラウンドハウスのボンボン・スキーキャップ★（コンビニ受取り不可、代引不可、同梱不可）,可愛いくてカラフルなスキーキャップです！。SALE★ROUNHOUSE/ラウンドハウスのボンボン・スキーキャップ★（コンビニ受取り不可、代引不可、同梱不可）[rn]
29-15070,http://tshop.r10s.jp/yoimonohonpo/cabinet/cm13/0218727.jpg?fitin=700:700,1192.8000,,バッグ・小物・ブランド雑貨 > 帽子 > レディース帽子 > その他,紫外線にご注意！ハットクリップ (ev),帽子の風飛びを防ぎながら、紫外線の強さを一目でチェック。,"■お取り寄せの為、ご注文を頂いた時点で完売となっている可能性がございます。 その場合はご連絡させて頂きますので予めご了承ください<br><table width=""300"" border=""0"" cellspacing=""0"" cellpadding=""0""><tr><td><font color=""#333333"" size=""-1"">紫外線の強さが一目でイメージできるハットクリップ。ＵＶチェッカーのチャームが、日にあたると紫外線の強さに応じて、だんだんと濃い紫色に！帽子に付けることでいつでも紫外線の強さをチェックでき、うっかり日焼けを防ぎます。人気の天然石（タイガーアイ・水晶）や革ひも風のコードをほどこし、オシャレ感覚でも。</font></td></tr></table><br><table width=""300"" border=""0"" cellpadding=""5"" cellspacing=""1"" bgcolor=""#666666""><tr bgcolor=""#FFFFFF""><td width=""25%"" align=""center"" bgcolor=""#FFFFCC""><font color=""#333333"" size=""-1"">サイズ</font></td><td width=""75%"" align=""left""><font color=""#333333"" size=""-1"">全長：約60cm</font></td></tr><tr bgcolor=""#FFFFFF""><td align=""center"" bgcolor=""#FFFFCC""><font color=""#333333"" size=""-1"">素材・材質</font></td><td align=""left""><font color=""#333333"" size=""-1"">合成樹脂、タイガーアイ、水晶、合成皮革、真鍮、鉄</font></td></tr><tr bgcolor=""#FFFFFF""><td align=""center"" bgcolor=""#FFFFCC""><font color=""#333333"" size=""-1"">製造国</font></td><td align=""left""><font color=""#333333"" size=""-1"">日本</font></td></tr></table><!--ab--><style type=""text/css"">
/*買い物かごに入れるボタン*/
div#rakutenLimitedId_aroundCart input.rCartBtn, 
div#rakutenLimitedId_aroundCart input.rCartBtn[type=""submit""] {
    width: 330px !important;
    height: 80px !important;
    cursor: pointer !important;
    background: url(""http://image.rakuten.co.jp/yoimonohonpo/cabinet/03133889/imgrc0068400933.jpg"")no-repeat 0 0 !important;
}

div#rakutenLimitedId_aroundCart input.rCartBtn,
div#rakutenLimitedId_aroundCart input.rCartBtn[type=""submit""]:hover {
    background: url(""http://image.rakuten.co.jp/yoimonohonpo/cabinet/03133889/imgrc0068400934.jpg"")no-repeat 0 0 !important;
}
</style>",紫外線にご注意！ハットクリップ (ev)：良いもの本舗,ハイドロキノン骨盤ショーツベビーベッドパットバストアップチャイルドシートカバーボディブラシランドセルパッドコスメボックスメイクボックス虫よけパーカー除毛クリーム虫よけパンツメジカライナースキレットフェイスライン整形テープ防虫パーカートイレタンク洗浄剤ゾーリンゲン毛抜きエクスフォーレイヌリン紫外線にご注意！ハットクリップ (ev),帽子の風飛びを防ぎながら、紫外線の強さを一目でチェック。。紫外線にご注意！ハットクリップ (ev)[rn]
29-15071,http://tshop.r10s.jp/afrobeat/cabinet/cl_tb/0218506.jpg?fitin=700:700,520.0000,,バッグ・小物・ブランド雑貨 > 帽子 > レディース帽子 > その他,衝撃プライス！　レディース　帽子　ハット　制電希望し　防寒　小顔効果【パチパチしにくいあったか帽子】 【RCP】 【HLS_DU】【コンビニ受取対応商品】,帽子を脱ぐ時におきるパチパチの発生を抑えた防寒帽子。,"<table width=""300"" border=""0"" cellspacing=""0"" cellpadding=""0""><tr><td><font color=""#333333"" size=""-1"">空気の乾燥による静電気の溜りやすい時期でも導電繊維を使用しているので帽子を脱ぐ際に発生する静電気のパチパチを抑えます☆裏地には蓄熱生地を使用しているので頭をしっかりと保温します♪</font></td></tr></table><br><table width=""300"" border=""0"" cellpadding=""5"" cellspacing=""1"" bgcolor=""#666666""><tr bgcolor=""#FFFFFF""><td width=""25%"" align=""center"" bgcolor=""#FFFFCC""><font color=""#333333"" size=""-1"">サイズ</font></td><td width=""75%"" align=""left""><font color=""#333333"" size=""-1"">適応頭囲：約57.5～59cm</font></td></tr><tr bgcolor=""#FFFFFF""><td align=""center"" bgcolor=""#FFFFCC""><font color=""#333333"" size=""-1"">素材・材質</font></td><td align=""left""><font color=""#333333"" size=""-1"">表地・裏地：ポリエステル100％</font></td></tr><tr bgcolor=""#FFFFFF""><td align=""center"" bgcolor=""#FFFFCC""><font color=""#333333"" size=""-1"">製造国</font></td><td align=""left""><font color=""#333333"" size=""-1"">中国</font></td></tr></table><table border=0><tr><td>
<font size=4 color=#8B2500><b>進化し続けるノーズマスクピット・鼻マスク！そのムズムズに！</b></font><br><img src=""http://image.rakuten.co.jp/afrobeat/cabinet/banner/nosemask_feb10.gif"" border=""0""><br><br>


<img src=""http://image.rakuten.co.jp/afrobeat/cabinet/sp_bn/best_gb01.jpg"" border=""0""><br><br>


<img src=""http://image.rakuten.co.jp/afrobeat/cabinet/sp_bn/best_tr39.jpg"" border=""0""><br><br>


<img src=""http://image.rakuten.co.jp/afrobeat/cabinet/sp_bn/best_10175.jpg"" border=""0""><br><br>



<img src=""http://image.rakuten.co.jp/afrobeat/cabinet/banner/tp1721-600right.jpg"" border=""0""><br><br>



</td></tr></table>


</center>
<br>


</td></tr></table>",衝撃プライス！　レディース　帽子　ハット　制電希望し　防寒　小顔効果【パチパチしにくいあったか帽子】 【RCP】 【HLS_DU】【コンビニ受取対応商品】：アフロビート,衝撃プライス！　レディース　帽子　ハット　制電希望し　防寒　小顔効果【パチパチしにくいあったか帽子】 【RCP】 【HLS_DU】【コンビニ受取対応商品】,帽子を脱ぐ時におきるパチパチの発生を抑えた防寒帽子。。衝撃プライス！　レディース　帽子　ハット　制電希望し　防寒　小顔効果【パチパチしにくいあったか帽子】 【RCP】 【HLS_DU】【コンビニ受取対応商品】[rn]
29-15072,http://tshop.r10s.jp/ranfan/cabinet/wacoal-2010/gdc504-ima.jpg?fitin=700:700,8000.0000,,インナー・下着・ナイトウエア > レディースインナー > 補正下着 > ロングガードル,ワコール Wacoal レディース ヒップウォーカー・フルロング GDC504 2枚組 送料無料 ％OFF 【RCP】wcl-kl,☆10％OFF【2枚組】福袋,"<P><B><FONT color=""#ff0066"" size=""-1"">発送まで2～3営業日ほどお時間を頂く場合がございます。<BR>発送予定日・着荷予定日はご注文後メールにてご連絡させていただきます。</FONT></B></P>
<DIV align=""left"">
  <div align=""left"">
    <table width=""663"" bgcolor=""#cccccc"" cellspacing=""1"" cellpadding=""1"">
      <tr>
        <td width=""152"" height=""15"" align=""center"" bgcolor=""#cce6e6""><b><font color=""#333333"" size=""-1"">詳　　　細</font></b></td>
        <td width=""504"" height=""15"" align=""left"" bgcolor=""#ffffff""><font color=""#333333"" size=""-1"">・気になるヒップ、はいてアップ。歩いてエクササイズ<br>
・ワコール独自のクロス構造［特許 第３９２４５８６号］により、歩幅が広くなり、ヒップの筋肉を使いやすいエクササイズ歩行への変化が期待できる<br>
・クロスライン［意匠登録 第１２７８３７１号］<br>
【丈】ジャストウエスト・フルロング丈<br>
【ヒップ】腰部デルタラインとヒップのグラデーションラインでヒップを下から持ち上げ、まるくきれいなシルエットに<br>
【素材】薄さ、軽さにこだわった素材を使用し、縫い目のない特殊加工（オパール加工）であて布による機能を1枚の布で発揮［特許 第４９４５１１５号］<br>
【ウエスト】ツーウェイ素材で、フレキシブルに対応し、テープレス始末で快適なはきごこち<br>
【裾】フリーなカッティング素材で、アウターにひびきにくい<br>
・フルロング丈で気になる太ももの段差を解消<br>
【おなか】フロントは浮かし構造の裏打ちで、おなか押さえ内蔵型<br>
【裏マチ】裏マチあり<br>
※機能の表れ方には個人差があります<br>
※商品についている「安全に関するご注意」をよく読んでご使用ください<br>
※「クロスウォーカー」は「ヒップウォーカー」へと商品名を変更いたしました。名称のみの変更で、商品の仕様などに変更はございません。あらかじめご了承ください。</font></td>
      </tr><tr>
        <td width=""152"" height=""18"" align=""center"" bgcolor=""#cce6e6""><b><font color=""#333333"" size=""-1"">サイズ</font></b></td>
        <td width=""504"" height=""18"" align=""left"" bgcolor=""#ffffff""><font color=""#333333"" size=""-1"">58(ウエスト55-61 ヒップ79-89) 64(ウエスト61-67 ヒップ83-93) <br>      70(ウエスト67-73 ヒップ86-96) 76(ウエスト73-79 ヒップ89-99) <br>
        </font></td>
      </tr><tr>
        <td width=""152"" align=""center"" bgcolor=""#cce6e6""><b><font color=""#333333"" size=""-1"">カラー</font></b></td>
        <td width=""504"" align=""left"" bgcolor=""#ffffff""><font size=""-1""><font color=""#333333""><font size=""2"">BL：ブラック<br>
        KA：スキンブラウン<br>
        SP：ブラック<br>
        </font></font></font></td>
      </tr><tr>
        <td align=""center"" bgcolor=""#cce6e6""><font color=""#333333""><font size=""-1""><b>主材料</b></font></font></td>
        <td align=""left"" bgcolor=""#ffffff""><font size=""-1""><font color=""#333333"">ナイロン、ポリウレタン、その他、（オパール加工生地）</font></font></td>
      </tr>
    </table>
  </div>
  <P><BR>
  <BR>
  <FONT color=""#0000ff"" size=""-1""><B>　　　　※　ご使用の前には必ず「安全に関するご注意」をお読みください。<BR>
  <BR>
  </B></FONT><br>
  メーカー希望小売価格はメーカー商品タグに基づいて掲載しています<br>
  <img src=""http://image.rakuten.co.jp/ranfan/cabinet/evidence/gdc504-evidence.gif"" width=""300"" height=""400"" border=""0""></P>
</DIV><div align=""left"">
  <table border=""0"" height=""531"">
    <tbody>
      <tr>
        <td valign=""top"" height=""323"">
        <table border=""0"">
          <tbody>
            <tr>
              <td bgcolor=""#cc0033"" align=""center"" height=""20""><font size=""-1"" color=""#ffffff""><b>▼▼当店からのお知らせ▼▼</b></font></td>
            </tr>
            <tr>
              <td bgcolor=""#ffffff"" align=""center""><img src=""http://image.rakuten.co.jp/ranfan/cabinet/left/otodokel2.jpg"" width=""180"" border=""0"" height=""100""></td>
            </tr>
            <tr>
              <td bgcolor=""#ffffff"" align=""center""><img src=""http://image.rakuten.co.jp/ranfan/cabinet/left/mail3.jpg"" width=""180"" border=""0"" height=""45""></td>
            </tr>
            <tr>
              <td>
              <div align=""center""><img src=""http://image.rakuten.co.jp/ranfan/cabinet/left/sintyaku-item7.jpg"" width=""180"" border=""0"" height=""160""></div>
              </td>
            </tr>
          </tbody>
        </table>
        </td>
        <td valign=""top"" height=""323""><img src=""http://image.rakuten.co.jp/ranfan/cabinet/left/point-up.jpg"" width=""510"" height=""30"" border=""0""><br>
        </td>
      </tr>
      <tr>
        <td valign=""top"" colspan=""2"" height=""178"" align=""center"">
        <table border=""0"" height=""176"">
          <tbody>
            <tr>
              <td colspan=""5""><img src=""http://image.rakuten.co.jp/ranfan/cabinet/left/pick-up2.jpg"" width=""690"" height=""30"" border=""0""></td>
            </tr>
            <tr>
              <td colspan=""5"">&nbsp;<img src=""https://image.rakuten.co.jp/ranfan/cabinet/campain/marason-690.jpg"" width=""686"" height=""153"" border=""0""></td>
            </tr>
            <tr>
              <td><img src=""https://image.rakuten.co.jp/ranfan/cabinet/kiya/431-link.jpg"" width=""135"" height=""135"" border=""0""></td>
              <td><img src=""http://image.rakuten.co.jp/ranfan/cabinet/wacoal-junior/ft-banner.jpg"" width=""135"" border=""0""></td>
              <td><img src=""http://image.rakuten.co.jp/ranfan/cabinet/parady/div-link.jpg"" width=""135"" border=""0""><br>
              </td>
              <td><img src=""http://image.rakuten.co.jp/ranfan/cabinet/wacoal-2010/cra530link.jpg"" width=""135"" border=""0""></td>
              <td><img src=""http://image.rakuten.co.jp/ranfan/cabinet/wacolai-dekorute-mak/bra105-link.jpg"" width=""135"" border=""0""></td>
            </tr>
          </tbody>
        </table>
        </td>
      </tr>
    </tbody>
  </table>
</div>
<br>",ワコール Wacoal レディース ヒップウォーカー・フルロング GDC504 2枚組 送料無料 ％OFF 【RCP】wcl-kl：肌着屋ランファン,ワコールワコール WACOALCW-Xマタニティグラッピーラゼサルートワコール　ジュニアブラジャー送料無料コレールスタディオファイブキヤシェイプマミーガードルボディースーツ補正下着ガードル大きいサイズグラッピーサクセスウォークワコール Wacoal レディース ヒップウォーカー・フルロング GDC504 2枚組 送料無料 ％OFF 【RCP】wcl-kl,☆10％OFF【2枚組】福袋。ワコール Wacoal レディース ヒップウォーカー・フルロング GDC504 2枚組 送料無料 ％OFF 【RCP】wcl-kl[rn]
29-15073,http://tshop.r10s.jp/ranfan/cabinet/wacoal-2010/gdc506q-ima2.jpg?fitin=700:700,9360.0000,,インナー・下着・ナイトウエア > レディースインナー > 補正下着 > ロングガードル,送料無料 ％OFF Wacoal ワコール GDC506 Qサイズ レディース クロスウォーカー・セミロング 2枚組 大きいサイズ 目的ボディメイク 【smtb-K】【RCP】wcl-kl,☆％OFF☆【2枚組】クロスウォーカー・GDC506-Qサイズ,"<P><B><FONT color=""#ff0066"" size=""-1"">発送まで2～3営業日ほどお時間を頂く場合がございます。<BR>発送予定日・着荷予定日はご注文後メールにてご連絡させていただきます。</FONT></B></P>
<DIV align=""left"">
  <div align=""left"">
    <table width=""663"" bgcolor=""#cccccc"" cellspacing=""1"" cellpadding=""1"">
      <tr>
        <td width=""152"" height=""15"" align=""center"" bgcolor=""#cce6e6""><b><font color=""#333333"" size=""-1"">詳　　　細</font></b></td>
        <td width=""504"" height=""15"" align=""left"" bgcolor=""#ffffff""><font color=""#333333"" size=""-1"">・気になるヒップ、はいてアップ。歩いてエクササイズ<br>
・ワコール独自のクロス構造［特許 第３９２４５８６号］により、歩幅が広くなり、ヒップの筋肉を使いやすいエクササイズ歩行への変化が期待できる<br>
・クロスライン［意匠登録 第１２７８３７１号］<br>
【丈】ジャストウエスト・セミロング丈<br>
【ヒップ】腰部デルタラインとヒップのグラデーションラインでヒップを下から持ち上げ、まるくきれいなシルエットに<br>
【素材】薄さ、軽さにこだわった素材を使用し、縫い目のない特殊加工（オパール加工）であて布による機能を1枚の布で発揮［特許 第４９４５１１５号］<br>
【ウエスト】ツーウェイ素材で、フレキシブルに対応し、テープレス始末で快適なはきごこち<br>
【裾】フリーなカッティング素材で、アウターにひびきにくい<br>
【おなか】フロントは浮かし構造の裏打ちで、おなか押さえ内蔵型<br>
【裏マチ】裏マチあり<br>
※機能の表れ方には個人差があります<br>
※商品についている「安全に関するご注意」をよく読んでご使用ください。<br>
※「クロスウォーカー」は「ヒップウォーカー」へと商品名を変更いたしました。名称のみの変更で、商品の仕様などに変更はございません。あらかじめご了承ください。</font></td>
      </tr><tr>
        <td width=""152"" height=""18"" align=""center"" bgcolor=""#cce6e6""><b><font color=""#333333"" size=""-1"">サイズ</font></b></td>
        <td width=""504"" height=""18"" align=""left"" bgcolor=""#ffffff""><font color=""#333333"" size=""-1"">82(ウエスト78-86/ヒップ91-103)<br>
        </font></td>
      </tr><tr>
        <td width=""152"" align=""center"" bgcolor=""#cce6e6""><b><font color=""#333333"" size=""-1"">カラー</font></b></td>
        <td width=""504"" align=""left"" bgcolor=""#ffffff""><font size=""-1""><font color=""#333333""><font size=""2"">BL：ブラック<br>
        KA：スキンブラウン<br>
        </font></font></font></td>
      </tr><tr>
        <td align=""center"" bgcolor=""#cce6e6""><font color=""#333333""><font size=""-1""><b>主材料</b></font></font></td>
        <td align=""left"" bgcolor=""#ffffff""><font size=""-1""><font color=""#333333"">ナイロン、ポリウレタン、その他、（オパール加工生地）</font></font></td>
      </tr>
    </table>
  </div>
  <P><BR>
  <BR>
  <FONT color=""#0000ff"" size=""-1""><B>　　　　※　ご使用の前には必ず「安全に関するご注意」をお読みください。<BR>
  <BR>
  </B></FONT><br>
  メーカー希望小売価格はメーカー商品タグに基づいて掲載しています<br>
  <img src=""http://image.rakuten.co.jp/ranfan/cabinet/evidence/gdc506-evidence.gif"" width=""300"" height=""400"" border=""0""></P>
</DIV><div align=""left"">
  <table border=""0"" height=""531"">
    <tbody>
      <tr>
        <td valign=""top"" height=""323"">
        <table border=""0"">
          <tbody>
            <tr>
              <td bgcolor=""#cc0033"" align=""center"" height=""20""><font size=""-1"" color=""#ffffff""><b>▼▼当店からのお知らせ▼▼</b></font></td>
            </tr>
            <tr>
              <td bgcolor=""#ffffff"" align=""center""><img src=""http://image.rakuten.co.jp/ranfan/cabinet/left/otodokel2.jpg"" width=""180"" border=""0"" height=""100""></td>
            </tr>
            <tr>
              <td bgcolor=""#ffffff"" align=""center""><img src=""http://image.rakuten.co.jp/ranfan/cabinet/left/mail3.jpg"" width=""180"" border=""0"" height=""45""></td>
            </tr>
            <tr>
              <td>
              <div align=""center""><img src=""http://image.rakuten.co.jp/ranfan/cabinet/left/sintyaku-item7.jpg"" width=""180"" border=""0"" height=""160""></div>
              </td>
            </tr>
          </tbody>
        </table>
        </td>
        <td valign=""top"" height=""323""><img src=""http://image.rakuten.co.jp/ranfan/cabinet/left/point-up.jpg"" width=""510"" height=""30"" border=""0""><br>
        </td>
      </tr>
      <tr>
        <td valign=""top"" colspan=""2"" height=""178"" align=""center"">
        <table border=""0"" height=""176"">
          <tbody>
            <tr>
              <td colspan=""5""><img src=""http://image.rakuten.co.jp/ranfan/cabinet/left/pick-up2.jpg"" width=""690"" height=""30"" border=""0""></td>
            </tr>
            <tr>
              <td colspan=""5"">&nbsp;<img src=""https://image.rakuten.co.jp/ranfan/cabinet/campain/marason-690.jpg"" width=""686"" height=""153"" border=""0""></td>
            </tr>
            <tr>
              <td><img src=""https://image.rakuten.co.jp/ranfan/cabinet/kiya/431-link.jpg"" width=""135"" height=""135"" border=""0""></td>
              <td><img src=""http://image.rakuten.co.jp/ranfan/cabinet/wacoal-junior/ft-banner.jpg"" width=""135"" border=""0""></td>
              <td><img src=""http://image.rakuten.co.jp/ranfan/cabinet/parady/div-link.jpg"" width=""135"" border=""0""><br>
              </td>
              <td><img src=""http://image.rakuten.co.jp/ranfan/cabinet/wacoal-2010/cra530link.jpg"" width=""135"" border=""0""></td>
              <td><img src=""http://image.rakuten.co.jp/ranfan/cabinet/wacolai-dekorute-mak/bra105-link.jpg"" width=""135"" border=""0""></td>
            </tr>
          </tbody>
        </table>
        </td>
      </tr>
    </tbody>
  </table>
</div>
<br>",送料無料 ％OFF Wacoal ワコール GDC506 Qサイズ レディース クロスウォーカー・セミロング 2枚組 大きいサイズ 目的ボディメイク 【smtb-K】【RCP】wcl-kl：肌着屋ランファン,ワコールワコール WACOALCW-Xマタニティグラッピーラゼサルートワコール　ジュニアブラジャー送料無料コレールスタディオファイブキヤシェイプマミーガードルボディースーツ補正下着ガードル大きいサイズグラッピーサクセスウォーク送料無料 ％OFF Wacoal ワコール GDC506 Qサイズ レディース クロスウォーカー・セミロング 2枚組 大きいサイズ 目的ボディメイク 【smtb-K】【RCP】wcl-kl,☆％OFF☆【2枚組】クロスウォーカー・GDC506-Qサイズ。送料無料 ％OFF Wacoal ワコール GDC506 Qサイズ レディース クロスウォーカー・セミロング 2枚組 大きいサイズ 目的ボディメイク 【smtb-K】【RCP】wcl-kl[rn]
29-15074,http://tshop.r10s.jp/ranfan/cabinet/grap/ghk500.jpg?fitin=700:700,5984.0000,,インナー・下着・ナイトウエア > レディースインナー > 補正下着 > ロングガードル,送料無料 Wacoal Grap ワコール グラッピー GHK500 サイズ：M・L・LL 股関節・ひざ関節サポート(ひざ下丈) スタンダード 【smtb-K】動く姿かろやか,股関節・ひざ関節サポート（ひざ下丈）GHK500,"<P><B><FONT color=""#ff0066"" size=""-1"">発送まで2～3営業日ほどお時間を頂く場合がございます。<BR>発送予定日・着荷予定日はご注文後メールにてご連絡させていただきます。</FONT></B></P>
<TABLE border=""0"" height=""175"" width=""470"">
  <TBODY>
    <TR>
      <TD height=""182"" width=""446"">
      <table width=""486"" height=""161"" cellspacing=""1"">
        
          <TR>
            <TD width=""126"" valign=""middle"" align=""center"" bgcolor=""#ffccff""><B><FONT size=""-1"">主 材 料</FONT></B></TD>
            <td valign=""middle"" align=""center"" bgcolor=""#cc0099"" width=""2"">&nbsp;</td>
            <td width=""350"" bgcolor=""#f2e6e6""><FONT size=""-1""><FONT size=""-1"">　ナイロン、綿、その他</FONT><BR>
            </FONT></td>
          </TR>
          <TR>
            <TD width=""126"" valign=""middle"" align=""center"" bgcolor=""#ffccff""><B><FONT size=""-1"">商 品 特 徴</FONT></B></TD>
            <td valign=""middle"" align=""center"" bgcolor=""#cc0099"" width=""2""></td>
            <td width=""350"" bgcolor=""#f2e6e6"">
      <DIV class=""dtl-copy"">
              <div class=""dtl-copy""><font size=""-1"">[ジャストウエスト・ひざ下丈]<BR>・ワコール人間科学研究所が開発した、独自のライン［特許 第3870232号］が股関節をやさしくささえて安定<BR>・独自のラインに当て布をつけることで、生地にパワー差をもたせ、脚の動きがスムーズ<BR>・加齢による体型変化に対応した独自のパターン設計（ウエストゆったり、ヒップ小さめ）<BR>・ひざの前側にはあて布をつけ、ひざ関節をサポート<BR>・裾はストレッチレースでくいこみにくく、アウターにひびきにくい<BR>・ソフトなはきごこち<BR>・ウエストは折り返し始末でくいこみにくく、圧迫感の少ないはきごこち<BR>・本体は綿混素材でやさしい肌ざわり</font></div>
            </DIV>
            </td>
          </TR>
          <TR>
            <TD valign=""middle"" align=""center"" bgcolor=""#ffccff""><FONT size=""-1""><B>カラー&nbsp;</B></FONT></TD>
            <td valign=""middle"" align=""center"" bgcolor=""#cc0099"" width=""2""></td>
            <td bgcolor=""#f2e6e6""><FONT size=""-1"">BL, BR,</FONT></td></TR>
          <TR>
            <TD valign=""middle"" align=""center"" bgcolor=""#ffccff""><font size=""-1""><b>ご注意！</b></font></TD>
            <td valign=""middle"" align=""center"" bgcolor=""#cc0099""></td>
            <td bgcolor=""#f2e6e6""><font SIZE=""-1"">安全に関するご注意【商品付属のデメリットタグ参照】<br>
      この商品は、病気や不具合治療または予防する医療機器ではありません。<br>
      ●腰や股関節、ひざを過去に痛めたことのある方は着用を控えていただくか、医師にご相談のうえ着用してください。<br>
      ●ご使用の際、腰や股関節、ひざなどに痛みが出た場合は、直ちに着用を中止して、医師に必ずご相談ください。</font></td>
          </TR>
        </table></TD></TR></TBODY></TABLE>

<br>
<TABLE border=0 width=105>
<TBODY>
<TR>
<TD bgColor=#cccccc colSpan=2 align=center><FONT 
size=-1><B>GHK500</B></FONT></TD>
    </TR>
<TR>
      <td bgcolor=""#ffccff"" height=""24"" align=""center""><FONT size=-1><B>サイズ：M・L・LL</B></FONT></td>
      <td bgcolor=""#d7e3ff"" height=""24"" align=""center""><FONT 
size=-1><B>サイズ：３L</B></FONT></td>
    </TR>
<TR>
<TD height=93><img border=""0"" src=""http://image.rakuten.co.jp/ranfan/cabinet/grap/ghk500_color_bl.jpg"" width=""100"" height=""100"" alt=""GHK500""></TD>
<TD height=93><img border=""0"" src=""http://image.rakuten.co.jp/ranfan/cabinet/grap/ghk500_color_bl.jpg"" width=""100"" height=""100"" alt=""GHK500""></TD>
    </TR>
  </TBODY>
</TABLE>
<font SIZE=""-1"">メーカー希望小売価格はメーカー商品タグに基づいて掲載しています<br>
</font><img src=""http://image.rakuten.co.jp/ranfan/cabinet/evidence/evidensu2/ghk500ll-evidence.gif"" width=""200"" height=""267"" border=""0""><div align=""left"">
  <table border=""0"" height=""531"">
    <tbody>
      <tr>
        <td valign=""top"" height=""323"">
        <table border=""0"">
          <tbody>
            <tr>
              <td bgcolor=""#cc0033"" align=""center"" height=""20""><font size=""-1"" color=""#ffffff""><b>▼▼当店からのお知らせ▼▼</b></font></td>
            </tr>
            <tr>
              <td bgcolor=""#ffffff"" align=""center""><img src=""http://image.rakuten.co.jp/ranfan/cabinet/left/otodokel2.jpg"" width=""180"" border=""0"" height=""100""></td>
            </tr>
            <tr>
              <td bgcolor=""#ffffff"" align=""center""><img src=""http://image.rakuten.co.jp/ranfan/cabinet/left/mail3.jpg"" width=""180"" border=""0"" height=""45""></td>
            </tr>
            <tr>
              <td>
              <div align=""center""><img src=""http://image.rakuten.co.jp/ranfan/cabinet/left/sintyaku-item7.jpg"" width=""180"" border=""0"" height=""160""></div>
              </td>
            </tr>
          </tbody>
        </table>
        </td>
        <td valign=""top"" height=""323""><img src=""http://image.rakuten.co.jp/ranfan/cabinet/left/point-up.jpg"" width=""510"" height=""30"" border=""0""><br>
        </td>
      </tr>
      <tr>
        <td valign=""top"" colspan=""2"" height=""178"" align=""center"">
        <table border=""0"" height=""176"">
          <tbody>
            <tr>
              <td colspan=""5""><img src=""http://image.rakuten.co.jp/ranfan/cabinet/left/pick-up2.jpg"" width=""690"" height=""30"" border=""0""></td>
            </tr>
            <tr>
              <td colspan=""5"">&nbsp;<img src=""https://image.rakuten.co.jp/ranfan/cabinet/campain/marason-690.jpg"" width=""686"" height=""153"" border=""0""></td>
            </tr>
            <tr>
              <td><img src=""https://image.rakuten.co.jp/ranfan/cabinet/kiya/431-link.jpg"" width=""135"" height=""135"" border=""0""></td>
              <td><img src=""http://image.rakuten.co.jp/ranfan/cabinet/wacoal-junior/ft-banner.jpg"" width=""135"" border=""0""></td>
              <td><img src=""http://image.rakuten.co.jp/ranfan/cabinet/parady/div-link.jpg"" width=""135"" border=""0""><br>
              </td>
              <td><img src=""http://image.rakuten.co.jp/ranfan/cabinet/wacoal-2010/cra530link.jpg"" width=""135"" border=""0""></td>
              <td><img src=""http://image.rakuten.co.jp/ranfan/cabinet/wacolai-dekorute-mak/bra105-link.jpg"" width=""135"" border=""0""></td>
            </tr>
          </tbody>
        </table>
        </td>
      </tr>
    </tbody>
  </table>
</div>
<br>",送料無料 Wacoal Grap ワコール グラッピー GHK500 サイズ：M・L・LL 股関節・ひざ関節サポート(ひざ下丈) スタンダード 【smtb-K】動く姿かろやか：肌着屋ランファン,ワコールワコール WACOALCW-Xマタニティグラッピーラゼサルートワコール　ジュニアブラジャー送料無料コレールスタディオファイブキヤシェイプマミーガードルボディースーツ補正下着ガードル大きいサイズグラッピーサクセスウォーク送料無料 Wacoal Grap ワコール グラッピー GHK500 サイズ：M・L・LL 股関節・ひざ関節サポート(ひざ下丈) スタンダード 【smtb-K】動く姿かろやか,股関節・ひざ関節サポート（ひざ下丈）GHK500。送料無料 Wacoal Grap ワコール グラッピー GHK500 サイズ：M・L・LL 股関節・ひざ関節サポート(ひざ下丈) スタンダード 【smtb-K】動く姿かろやか[rn]
29-15075,http://tshop.r10s.jp/ranfan/cabinet/wacoal-2010/grc403q-ima4.jpg?fitin=700:700,4760.0000,,インナー・下着・ナイトウエア > レディースインナー > 補正下着 > ロングガードル,ワコール Wacoal GRC403(82サイズ/90サイズ)－５歳のくびれパンツ(セミハイウエスト)ガードル(ロング)◆1メ-2運◆wcl－5l,送料無料 ワコール Wacoal %OFF マイナス五歳のくびれパンツ,"<div class=""standard"" id=""rakutenLimitedId_aroundCart"">
  <div class=""tagid_gift_icons"" style=""padding-left: 2px;""><b><font color=""#ff0066"" size=""-1"">発送まで2～3営業日ほどお時間を頂く場合がございます。<br>
  発送予定日・着荷予定日はご注文後メールにてご連絡させていただきます。<br>
  <br>
  </font></b></div>
</div>

    <table width=""663"" bgcolor=""#cccccc"" cellspacing=""1"" cellpadding=""1"">
      <TBODY>
        <TR>
          <TD width=""152"" height=""15"" align=""center"" bgcolor=""#cce6e6""><B><FONT color=""#333333"" size=""-1"">詳　　　細</FONT></B></TD>
          <TD width=""504"" height=""15"" align=""left"" bgcolor=""#ffffff""><FONT color=""#333333"" size=""-1"">二の腹、二の尻に、キュッと効く。「－５歳のくびれパンツ」　サラッと快適、吸汗速乾機能付き<br>
【丈】セミハイウエスト・セミロング丈<br>
【素材】あて布や縫い目をなくした一枚生地でパワー切り替えが実現できるピエゾジャカードを使用（通気性のよいメッシュ切り替え＋吸汗速乾仕上げ）<br>
【ヒップ】二の尻→「着やせライン」で、外太ももについてたるんだ“ニの尻”を下から持ち上げる　小尻→Ｏバックラインで脇に広がったヒップをグッと中心に集める<br>
【おなか】「着やせパネル」で、おなかをワイドに押さえて、すっきり。また、メッシュ素材で通気性がよく、吸汗速乾仕上げでドライ<br>
【ウエスト】ウエストからはみだす”二の腹”を、少し高めに包みこむテープですっきりスムージング。また、レース部分がハミ肉をカバー<br>
「凹凸吸汗テープ」を使用しているので、汗がたまりやすいウエストまわりもベタつきにくく快適　[特許出願中]<br>
【裾】ヘムで段差を軽減、アウターにひびきにくい<br>
【裏マチ】肌側が綿混のダブルラッセルを使用。一枚ばきもＯＫ<br>
<br>
<br>
詳細事項：洗濯機可（ネット使用） <br>
※「-5歳」は、下着の補整効果による見た目のイメージです。<br>
      ※「二の腹」「二の尻」は、株式会社ワコールの登録商標です<BR>
          </FONT></TD>
        </TR>
        <TR>
          <TD width=""152"" height=""18"" align=""center"" bgcolor=""#cce6e6""><B><FONT color=""#333333"" size=""-1"">サイズ</FONT></B></TD>
          <TD width=""504"" height=""18"" align=""left"" bgcolor=""#ffffff""><FONT color=""#333333"" size=""-1"">82(ウエスト78-86ヒップ91-103) <br>
90(ウエスト86-94ヒップ94-106) <BR>
          </FONT></TD>
        </TR>
        <TR>
          <TD width=""152"" align=""center"" bgcolor=""#cce6e6""><B><FONT color=""#333333"" size=""-1"">カラー</FONT></B></TD>
          <TD width=""504"" align=""left"" bgcolor=""#ffffff""><FONT size=""-1""><FONT color=""#333333"">BL：ブラック<BR>
      KA：スキンブラウン<br>
      WI：インディコグレイ<br>90サイズはWIなし。

      </FONT></FONT></TD>
        </TR>
        <TR>
          <TD align=""center"" bgcolor=""#cce6e6""><FONT color=""#333333""><FONT size=""-1""><B>主材料</B></FONT></FONT></TD>
          <TD align=""left"" bgcolor=""#ffffff""><FONT size=""-1""><FONT color=""#333333"">ナイロン、ポリウレタン、その他</FONT></FONT></TD>
        </TR>
      </TBODY>
    </table>
<table>
  <tr></tr>
</table><div align=""left"">
  <table border=""0"" height=""531"">
    <tbody>
      <tr>
        <td valign=""top"" height=""323"">
        <table border=""0"">
          <tbody>
            <tr>
              <td bgcolor=""#cc0033"" align=""center"" height=""20""><font size=""-1"" color=""#ffffff""><b>▼▼当店からのお知らせ▼▼</b></font></td>
            </tr>
            <tr>
              <td bgcolor=""#ffffff"" align=""center""><img src=""http://image.rakuten.co.jp/ranfan/cabinet/left/otodokel2.jpg"" width=""180"" border=""0"" height=""100""></td>
            </tr>
            <tr>
              <td bgcolor=""#ffffff"" align=""center""><img src=""http://image.rakuten.co.jp/ranfan/cabinet/left/mail3.jpg"" width=""180"" border=""0"" height=""45""></td>
            </tr>
            <tr>
              <td>
              <div align=""center""><img src=""http://image.rakuten.co.jp/ranfan/cabinet/left/sintyaku-item7.jpg"" width=""180"" border=""0"" height=""160""></div>
              </td>
            </tr>
          </tbody>
        </table>
        </td>
        <td valign=""top"" height=""323""><img src=""http://image.rakuten.co.jp/ranfan/cabinet/left/point-up.jpg"" width=""510"" height=""30"" border=""0""><br>
        </td>
      </tr>
      <tr>
        <td valign=""top"" colspan=""2"" height=""178"" align=""center"">
        <table border=""0"" height=""176"">
          <tbody>
            <tr>
              <td colspan=""5""><img src=""http://image.rakuten.co.jp/ranfan/cabinet/left/pick-up2.jpg"" width=""690"" height=""30"" border=""0""></td>
            </tr>
            <tr>
              <td colspan=""5"">&nbsp;<img src=""https://image.rakuten.co.jp/ranfan/cabinet/campain/marason-690.jpg"" width=""686"" height=""153"" border=""0""></td>
            </tr>
            <tr>
              <td><img src=""https://image.rakuten.co.jp/ranfan/cabinet/kiya/431-link.jpg"" width=""135"" height=""135"" border=""0""></td>
              <td><img src=""http://image.rakuten.co.jp/ranfan/cabinet/wacoal-junior/ft-banner.jpg"" width=""135"" border=""0""></td>
              <td><img src=""http://image.rakuten.co.jp/ranfan/cabinet/parady/div-link.jpg"" width=""135"" border=""0""><br>
              </td>
              <td><img src=""http://image.rakuten.co.jp/ranfan/cabinet/wacoal-2010/cra530link.jpg"" width=""135"" border=""0""></td>
              <td><img src=""http://image.rakuten.co.jp/ranfan/cabinet/wacolai-dekorute-mak/bra105-link.jpg"" width=""135"" border=""0""></td>
            </tr>
          </tbody>
        </table>
        </td>
      </tr>
    </tbody>
  </table>
</div>
<br>",ワコール Wacoal GRC403(82サイズ/90サイズ)&minus;５歳のくびれパンツ(セミハイウエスト)ガードル(ロング)◆1メ-2運◆wcl&minus;5l：肌着屋ランファン,ワコールワコール WACOALCW-Xマタニティグラッピーラゼサルートワコール　ジュニアブラジャー送料無料コレールスタディオファイブキヤシェイプマミーガードルボディースーツ補正下着ガードル大きいサイズグラッピーサクセスウォークワコール Wacoal GRC403(82サイズ/90サイズ)&minus;５歳のくびれパンツ(セミハイウエスト)ガードル(ロング)◆1メ-2運◆wcl&minus;5l,送料無料 ワコール Wacoal %OFF マイナス五歳のくびれパンツ。ワコール Wacoal GRC403(82サイズ/90サイズ)&minus;５歳のくびれパンツ(セミハイウエスト)ガードル(ロング)◆1メ-2運◆wcl&minus;5l[rn]
29-15076,http://tshop.r10s.jp/ranfan/cabinet/wacoal-2010/grc638q-ima2.jpg?fitin=700:700,6272.0000,,インナー・下着・ナイトウエア > レディースインナー > 補正下着 > ロングガードル,送料無料 Wacoal ワコール パーフェクトシェイプ ガードル ロング GRA638(82サイズ) Perfect Shape ロング ガードル ブライダルインナー 【RCP】 wcl-brig,ワコール Wacoal ロングガードル 補正下着 ブライダル,"<div align=""left"">
  <b><font color=""#ff0066"" size=""-1"">発送まで2～3営業日ほどお時間を頂く場合がございます。<br>
  発送予定日・着荷予定日はご注文後メールにてご連絡させていただきます。</font></b>
  <table width=""663"" bgcolor=""#cccccc"" cellspacing=""1"" cellpadding=""1"">
    <tr>
      <td width=""152"" height=""15"" align=""center"" bgcolor=""#cce6e6""><b><font color=""#333333"" size=""-1"">詳　　　細</font></b></td>
      <td width=""504"" height=""15"" align=""left"" bgcolor=""#ffffff""><font size=""-1"" color=""#333333"">・美しいボディラインへ　確かな補整機能でボディをととのえる高機能ファンデーショングループ<br>
・おなかをしっかり押さえ、下からグッとヒップアップ<br>
【丈】ジャストウエスト・ロング丈<br>
【素材】確かな補整機能がありながら、適度にしなやかなハイパワーネットを使用。シンプルで合わせやすく、高級感のあるデザイン<br>
【ウエスト】幅広ストレッチテープでズレ下がりにくく、安定したはきごこち<br>
【おなか】ダブルタミーで下腹部まで広範囲に押さえて、おなかすっきりフラットに<br>
【ヒップ】ヒップが高く持ち上がる立体パターン構造と、サイドからバックにかけて使用したあて布であまったぜい肉をしっかり押さえ、下からグッとヒップアップ<br>
【裾】ヘムで段差を軽減し、アウターにひびきにくい<br>
【裏マチ】裏マチなし<br>
</font></td>
    </tr><tr>
      <td width=""152"" height=""18"" align=""center"" bgcolor=""#cce6e6""><b><font color=""#333333"" size=""-1"">サイズ</font></b></td>
      <td width=""504"" height=""18"" align=""left"" bgcolor=""#ffffff""><font color=""#333333"" size=""-1"">82(ウエスト78-86 ヒップ91-103)<br>
</font></td>
    </tr><tr>
      <td width=""152"" align=""center"" bgcolor=""#cce6e6""><b><font color=""#333333"" size=""-1"">カラー</font></b></td>
      <td width=""504"" align=""left"" bgcolor=""#ffffff""><font size=""-1""><font color=""#333333""><font size=""2"">BL：ブラック<br>
      BR：ボディブラウン<br>
      </font></font></font></td>
    </tr><tr>
      <td align=""center"" bgcolor=""#cce6e6""><font color=""#333333""><font size=""-1""><b>主材料</b></font></font></td>
      <td align=""left"" bgcolor=""#ffffff""><font size=""-1""><font color=""#333333"">ナイロン、ポリウレタン</font></font></td>
    </tr></table>
</div>
<p>メーカー希望小売価格はメーカー商品タグに基づいて掲載しています<br>
<img src=""http://image.rakuten.co.jp/ranfan/cabinet/evidence/gra638-evidence.gif"" width=""300"" height=""400"" border=""0""></p><div align=""left"">
  <table border=""0"" height=""531"">
    <tbody>
      <tr>
        <td valign=""top"" height=""323"">
        <table border=""0"">
          <tbody>
            <tr>
              <td bgcolor=""#cc0033"" align=""center"" height=""20""><font size=""-1"" color=""#ffffff""><b>▼▼当店からのお知らせ▼▼</b></font></td>
            </tr>
            <tr>
              <td bgcolor=""#ffffff"" align=""center""><img src=""http://image.rakuten.co.jp/ranfan/cabinet/left/otodokel2.jpg"" width=""180"" border=""0"" height=""100""></td>
            </tr>
            <tr>
              <td bgcolor=""#ffffff"" align=""center""><img src=""http://image.rakuten.co.jp/ranfan/cabinet/left/mail3.jpg"" width=""180"" border=""0"" height=""45""></td>
            </tr>
            <tr>
              <td>
              <div align=""center""><img src=""http://image.rakuten.co.jp/ranfan/cabinet/left/sintyaku-item7.jpg"" width=""180"" border=""0"" height=""160""></div>
              </td>
            </tr>
          </tbody>
        </table>
        </td>
        <td valign=""top"" height=""323""><img src=""http://image.rakuten.co.jp/ranfan/cabinet/left/point-up.jpg"" width=""510"" height=""30"" border=""0""><br>
        </td>
      </tr>
      <tr>
        <td valign=""top"" colspan=""2"" height=""178"" align=""center"">
        <table border=""0"" height=""176"">
          <tbody>
            <tr>
              <td colspan=""5""><img src=""http://image.rakuten.co.jp/ranfan/cabinet/left/pick-up2.jpg"" width=""690"" height=""30"" border=""0""></td>
            </tr>
            <tr>
              <td colspan=""5"">&nbsp;<img src=""https://image.rakuten.co.jp/ranfan/cabinet/campain/marason-690.jpg"" width=""686"" height=""153"" border=""0""></td>
            </tr>
            <tr>
              <td><img src=""https://image.rakuten.co.jp/ranfan/cabinet/kiya/431-link.jpg"" width=""135"" height=""135"" border=""0""></td>
              <td><img src=""http://image.rakuten.co.jp/ranfan/cabinet/wacoal-junior/ft-banner.jpg"" width=""135"" border=""0""></td>
              <td><img src=""http://image.rakuten.co.jp/ranfan/cabinet/parady/div-link.jpg"" width=""135"" border=""0""><br>
              </td>
              <td><img src=""http://image.rakuten.co.jp/ranfan/cabinet/wacoal-2010/cra530link.jpg"" width=""135"" border=""0""></td>
              <td><img src=""http://image.rakuten.co.jp/ranfan/cabinet/wacolai-dekorute-mak/bra105-link.jpg"" width=""135"" border=""0""></td>
            </tr>
          </tbody>
        </table>
        </td>
      </tr>
    </tbody>
  </table>
</div>
<br>",送料無料 Wacoal ワコール パーフェクトシェイプ ガードル ロング GRA638(82サイズ) Perfect Shape ロング ガードル ブライダルインナー 【RCP】 wcl-brig：肌着屋ランファン,ワコールワコール WACOALCW-Xマタニティグラッピーラゼサルートワコール　ジュニアブラジャー送料無料コレールスタディオファイブキヤシェイプマミーガードルボディースーツ補正下着ガードル大きいサイズグラッピーサクセスウォーク送料無料 Wacoal ワコール パーフェクトシェイプ ガードル ロング GRA638(82サイズ) Perfect Shape ロング ガードル ブライダルインナー 【RCP】 wcl-brig,ワコール Wacoal ロングガードル 補正下着 ブライダル。送料無料 Wacoal ワコール パーフェクトシェイプ ガードル ロング GRA638(82サイズ) Perfect Shape ロング ガードル ブライダルインナー 【RCP】 wcl-brig[rn]
29-15077,http://tshop.r10s.jp/ranfan/cabinet/parady/divage-girdle.jpg?fitin=700:700,18400.0000,,インナー・下着・ナイトウエア > レディースインナー > 補正下着 > ロングガードル,【QUOカード】期間限定プレゼント中！ Divage(ディヴァージュ)-ロングガードル(296-040) サイズ：58～90 エルローズ【smtb-K】【RCP】,送料無料 エルローズ★補正下着 Divage-ロングガードル,"<p><span class=""item_desc""><b><font color=""#ff0066"" size=""-1"" 　="""">こちらの商品は取り寄せ商品および、直接肌に触れる商品の特性上<br>
 着用の有無を問わず、ご注文後のキャンセル・返品・交換はお受けできかねます。<br>
 予めご了承くださいませ。</font></b><br>
<br>
<b><font color=""#ff0066"" size=""-1"">発送まで2～3営業日ほどお時間を頂く場合がございます。<br>
 発送予定日・着荷予定日はご注文後メールにてご連絡させていただきます。</font></b> </span></p><br>
<table border=""0"" bgcolor=""#666666"" cellpadding=""0"" cellspacing=""1"" width=""550"">
  <tr>
    <td width=""76"" align=""center"" bgcolor=""#e8d1bd"">サイズ</td>
    <td width=""364"" bgcolor=""#ffffff"">
      <p>　：58、64、70、76、82、90</p>
      </td>
  </tr><tr>
    <td width=""76"" align=""center"" height=""25"" bgcolor=""#e8d1bd"">素　材</td>
    <td width=""364"" height=""25"" bgcolor=""#ffffff"">　：ナイロン（光電子繊維）、ポリエステル、その他</td>
  </tr><tr>
    <td width=""76"" align=""center"" height=""26"" bgcolor=""#e8d1bd"">仕　様</td>
    <td width=""364"" height=""26"" bgcolor=""#ffffff"">　：ミディアム丈（股下約17ｃｍ）</td>
  </tr><tr>
    <td width=""76"" align=""center"" height=""23"" bgcolor=""#e8d1bd"">生産国</td>
    <td width=""364"" height=""23"" bgcolor=""#ffffff"">　：日本製</td>
  </tr>
</table>
<p><img src=""http://image.rakuten.co.jp/ranfan/cabinet/parady/divaage-size.jpg"" width=""690"" height=""850"" border=""0""></p>
<p><br><div align=""left"">
  <table border=""0"" height=""531"">
    <tbody>
      <tr>
        <td valign=""top"" height=""323"">
        <table border=""0"">
          <tbody>
            <tr>
              <td bgcolor=""#cc0033"" align=""center"" height=""20""><font size=""-1"" color=""#ffffff""><b>▼▼当店からのお知らせ▼▼</b></font></td>
            </tr>
            <tr>
              <td bgcolor=""#ffffff"" align=""center""><img src=""http://image.rakuten.co.jp/ranfan/cabinet/left/otodokel2.jpg"" width=""180"" border=""0"" height=""100""></td>
            </tr>
            <tr>
              <td bgcolor=""#ffffff"" align=""center""><img src=""http://image.rakuten.co.jp/ranfan/cabinet/left/mail3.jpg"" width=""180"" border=""0"" height=""45""></td>
            </tr>
            <tr>
              <td>
              <div align=""center""><img src=""http://image.rakuten.co.jp/ranfan/cabinet/left/sintyaku-item7.jpg"" width=""180"" border=""0"" height=""160""></div>
              </td>
            </tr>
          </tbody>
        </table>
        </td>
        <td valign=""top"" height=""323""><img src=""http://image.rakuten.co.jp/ranfan/cabinet/left/point-up.jpg"" width=""510"" height=""30"" border=""0""><br>
        </td>
      </tr>
      <tr>
        <td valign=""top"" colspan=""2"" height=""178"" align=""center"">
        <table border=""0"" height=""176"">
          <tbody>
            <tr>
              <td colspan=""5""><img src=""http://image.rakuten.co.jp/ranfan/cabinet/left/pick-up2.jpg"" width=""690"" height=""30"" border=""0""></td>
            </tr>
            <tr>
              <td colspan=""5"">&nbsp;<img src=""https://image.rakuten.co.jp/ranfan/cabinet/campain/marason-690.jpg"" width=""686"" height=""153"" border=""0""></td>
            </tr>
            <tr>
              <td><img src=""https://image.rakuten.co.jp/ranfan/cabinet/kiya/431-link.jpg"" width=""135"" height=""135"" border=""0""></td>
              <td><img src=""http://image.rakuten.co.jp/ranfan/cabinet/wacoal-junior/ft-banner.jpg"" width=""135"" border=""0""></td>
              <td><img src=""http://image.rakuten.co.jp/ranfan/cabinet/parady/div-link.jpg"" width=""135"" border=""0""><br>
              </td>
              <td><img src=""http://image.rakuten.co.jp/ranfan/cabinet/wacoal-2010/cra530link.jpg"" width=""135"" border=""0""></td>
              <td><img src=""http://image.rakuten.co.jp/ranfan/cabinet/wacolai-dekorute-mak/bra105-link.jpg"" width=""135"" border=""0""></td>
            </tr>
          </tbody>
        </table>
        </td>
      </tr>
    </tbody>
  </table>
</div>
<br>",【QUOカード】期間限定プレゼント中！ Divage(ディヴァージュ)-ロングガードル(296-040) サイズ：58～90 エルローズ【smtb-K】【RCP】：肌着屋ランファン,ワコールワコール WACOALCW-Xマタニティグラッピーラゼサルートワコール　ジュニアブラジャー送料無料コレールスタディオファイブキヤシェイプマミーガードルボディースーツ補正下着ガードル大きいサイズグラッピーサクセスウォーク【QUOカード】期間限定プレゼント中！ Divage(ディヴァージュ)-ロングガードル(296-040) サイズ：58～90 エルローズ【smtb-K】【RCP】,送料無料 エルローズ★補正下着 Divage-ロングガードル。【QUOカード】期間限定プレゼント中！ Divage(ディヴァージュ)-ロングガードル(296-040) サイズ：58～90 エルローズ【smtb-K】【RCP】[rn]
29-15078,http://tshop.r10s.jp/ranfan/cabinet/west-dram/rago496207-t.jpg?fitin=700:700,5050.4000,,インナー・下着・ナイトウエア > レディースインナー > 補正下着 > ロングガードル,RAGO ラゴ 496207 ハイウエスト 5分丈 渦まき ガードル 【smtb-K】◆1メ-2運◆,送料無料！激安☆ランジェリー☆補正下着,"<b><br>
<font color=""#ff0066"">こちらの商品は特価商品のため、ご注文後のキャンセル及び返品交換はお受けできません。</font></b>
<table border=""0"">
  <tr>
    <td height=""144"" bgcolor=""#e8e8ff"" width=""376""><font size=""-1"">■ラゴ(Rago) ハイウエスト渦巻きガードル5分丈の特徴<br>
    ■ 締めの快感を教えてくれる Ragoうずまきガードル日本仕様Version<br>
    ハイウエストガードルというのは、バストの下までカバーしてくれ<br>
    るため、しゃがんだ時等によくめくれるという声が多くありました。<br>
    このRagoハイウエストうずまきガードルは、4本のボーンを適正な<br>
    位置に設定していますのでめくれるという事がなく、ウエストに沿 <br>
    ってウェーブ状に裁断しているため苦しい締め付け感もなく心地 <br>
    よいウエストラインを創ってくれます。ウエストは、強く締め付けて<br>
    ラインを創るのではなく、ウエストラインに沿ってラインを創るのが<br>
    理想的なのです。</font></td>
  </tr><tr>
    <td bgcolor=""#e8e8ff""><font size=""-1"">&nbsp;&nbsp;<b><font color=""#330099"" size=""-1"">RAGO （ラゴ）ハイウエスト渦巻ガードルご着用にあったって</font></b><br>
    <br>
    <strong><font color=""#ff0000"">この商品には、ウエスト部分に4本の金属製のボーンが使われています</font></strong><br>
    　　　　　　　　　　　着用時の注意<br>
    １）ご着用時には、必ず</font><font color=""#ff0000"" size=""-1""><b>ボーンが入ったウエスト部分を外側に折り曲げてから足を入れてはき始めてください。</b></font><font size=""-1""><br>
    その後、<b><font color=""#0033cc"" size=""-1"">股部をきっちりと合わせ下腹部まで引き上げてから、ウエスト部分を起こしてください</font></b>。<br>
    </font><font color=""#0033cc"" size=""-1""><font color=""#0033cc"" size=""-1""><b><font color=""#0033cc"" size=""-1"">ウエスト部分を無理に引っ張ることはおやめください。</font></b></font></font><font size=""-1""><br>
    ２）また、ボーンによる生地の損傷等を防ぐため、</font><font color=""#ff0000"" size=""-1""><b>お洗濯は必ず手洗いしてください。</b></font><font size=""-1""><br>
    ３）洗濯後、軽く絞り陰干ししてください。<b><font color=""#ff0000"" size=""-1"">アイロンや乾燥機のご使用は避けてください。</font></b><br>
    ４）お肌や体質に合わない場合は、ご使用を中止してください<br>
    素材：ナイロン・ポリウレタン・その他</font></td>
  </tr><tr>
    <td bgcolor=""#ffffcc""><font size=""-1""><strong><font color=""#996633"" size=""-1"">■材質</font></strong></font><font color=""#996633"" size=""-1"">■</font><font size=""-1""><br>
    ナイロン・ポリウレタン・その他<br>
    <strong><font color=""#996633"" size=""-1"">■原産国</font></strong></font><font color=""#996633"" size=""-1"">■</font><font size=""-1""><br>
    アメリカ<br>
    <strong><font color=""#996633"" size=""-1"">■お洗濯■</font><br>
    </strong>手洗いをオススメします。</font></td>
  </tr>
</table>
　
<table>
  <tr>
    <td align=""center"" colspan=""2"" bgcolor=""#ffff00""><font size=""-1"">【ラゴ】のうずまきガードルはこちらから</font></td>
  </tr><tr>
    <td align=""center"" bgcolor=""#ffcccc""><font size=""-1"">ハイウエストガードル<br>
    【3分丈】46207はこちらから</font></td>
    <td align=""center"" bgcolor=""#ccffcc""><font size=""-1"">ハイウエストガードル<br>
    【5分丈】496207</font></td>
  </tr><tr>
    <td><font size=""-1""><img src=""http://image.rakuten.co.jp/ranfan/cabinet/west-dram/rago-46207koma.jpg"" width=""148"" border=""0""></font></td>
    <td><font size=""-1""><img src=""http://image.rakuten.co.jp/ranfan/cabinet/west-dram/rago496207koma.jpg"" width=""149"" border=""0""></font></td>
  </tr>
</table>
<table border=""0"" bgcolor=""#cccccc"">
  <tr>
    <td align=""center"" bgcolor=""#ffffff"" colspan=""4""><b><font size=""-1"">ノンストレスブラプラス★コーディネイト★</font></b></td>
  </tr><tr>
    <td align=""center"" bgcolor=""#ffcccc""><b><font size=""-1"">ノンストレスブラ　プラス<br>
    単品</font></b></td>
    <td align=""center"" bgcolor=""#ffffcc""><b><font size=""-1"">ノンストレスブラプラス<br>
    2枚組<br>
    </font></b></td>
    <td align=""center"" bgcolor=""#ffffcc""><font size=""-1"">ノンストレスブラ<br>
    シェイプ</font>&nbsp;</td>
    <td align=""center"" bgcolor=""#ffffcc"">&nbsp;<font size=""-1"">ノンストレスブラ<br>
    シェイプ2個セット</font></td>
  </tr><tr>
    <td bgcolor=""#ffffff""><img src=""http://image.rakuten.co.jp/ranfan/cabinet/west-dram/nonnstress-1p.jpg"" width=""142"" border=""0"" alt=""ノンストレスブラプラス""></td>
    <td bgcolor=""#ffffff""><b><img src=""http://image.rakuten.co.jp/ranfan/cabinet/west-dram/non-stress2p.jpg"" border=""0"" alt=""ノンストレスブラプラス2個セット"" width=""138""></b></td>
    <td bgcolor=""#ffffff""><img src=""http://image.rakuten.co.jp/ranfan/cabinet/nonstressbra/nostbra-shape1.jpg"" width=""144"" border=""0"" alt=""ノンストレスブラシェイプ""></td>
    <td bgcolor=""#ffffff""><img src=""http://image.rakuten.co.jp/ranfan/cabinet/west-dram/nostbra-shape2set.jpg"" width=""144"" border=""0"" alt=""ノンストレスブラシェイプ2個セット""></td>
  </tr>
</table><div align=""left"">
  <table border=""0"" height=""531"">
    <tbody>
      <tr>
        <td valign=""top"" height=""323"">
        <table border=""0"">
          <tbody>
            <tr>
              <td bgcolor=""#cc0033"" align=""center"" height=""20""><font size=""-1"" color=""#ffffff""><b>▼▼当店からのお知らせ▼▼</b></font></td>
            </tr>
            <tr>
              <td bgcolor=""#ffffff"" align=""center""><img src=""http://image.rakuten.co.jp/ranfan/cabinet/left/otodokel2.jpg"" width=""180"" border=""0"" height=""100""></td>
            </tr>
            <tr>
              <td bgcolor=""#ffffff"" align=""center""><img src=""http://image.rakuten.co.jp/ranfan/cabinet/left/mail3.jpg"" width=""180"" border=""0"" height=""45""></td>
            </tr>
            <tr>
              <td>
              <div align=""center""><img src=""http://image.rakuten.co.jp/ranfan/cabinet/left/sintyaku-item7.jpg"" width=""180"" border=""0"" height=""160""></div>
              </td>
            </tr>
          </tbody>
        </table>
        </td>
        <td valign=""top"" height=""323""><img src=""http://image.rakuten.co.jp/ranfan/cabinet/left/point-up.jpg"" width=""510"" height=""30"" border=""0""><br>
        </td>
      </tr>
      <tr>
        <td valign=""top"" colspan=""2"" height=""178"" align=""center"">
        <table border=""0"" height=""176"">
          <tbody>
            <tr>
              <td colspan=""5""><img src=""http://image.rakuten.co.jp/ranfan/cabinet/left/pick-up2.jpg"" width=""690"" height=""30"" border=""0""></td>
            </tr>
            <tr>
              <td colspan=""5"">&nbsp;<img src=""https://image.rakuten.co.jp/ranfan/cabinet/campain/marason-690.jpg"" width=""686"" height=""153"" border=""0""></td>
            </tr>
            <tr>
              <td><img src=""https://image.rakuten.co.jp/ranfan/cabinet/kiya/431-link.jpg"" width=""135"" height=""135"" border=""0""></td>
              <td><img src=""http://image.rakuten.co.jp/ranfan/cabinet/wacoal-junior/ft-banner.jpg"" width=""135"" border=""0""></td>
              <td><img src=""http://image.rakuten.co.jp/ranfan/cabinet/parady/div-link.jpg"" width=""135"" border=""0""><br>
              </td>
              <td><img src=""http://image.rakuten.co.jp/ranfan/cabinet/wacoal-2010/cra530link.jpg"" width=""135"" border=""0""></td>
              <td><img src=""http://image.rakuten.co.jp/ranfan/cabinet/wacolai-dekorute-mak/bra105-link.jpg"" width=""135"" border=""0""></td>
            </tr>
          </tbody>
        </table>
        </td>
      </tr>
    </tbody>
  </table>
</div>
<br>",RAGO ラゴ 496207 ハイウエスト 5分丈 渦まき ガードル 【smtb-K】◆1メ-2運◆：肌着屋ランファン,ワコールワコール WACOALCW-Xマタニティグラッピーラゼサルートワコール　ジュニアブラジャー送料無料コレールスタディオファイブキヤシェイプマミーガードルボディースーツ補正下着ガードル大きいサイズグラッピーサクセスウォークRAGO ラゴ 496207 ハイウエスト 5分丈 渦まき ガードル 【smtb-K】◆1メ-2運◆,送料無料！激安☆ランジェリー☆補正下着。RAGO ラゴ 496207 ハイウエスト 5分丈 渦まき ガードル 【smtb-K】◆1メ-2運◆[rn]
29-15079,http://tshop.r10s.jp/ranfan/cabinet/lasee/gfa152.jpg?fitin=700:700,5184.0000,,インナー・下着・ナイトウエア > レディースインナー > 補正下着 > ロングガードル,ワコール Wacoal Lasee 着やせグラマラス(00グループ)スキニーベール・GFA152(ウエウスト82サイズ)【大きいサイズ・Ｑサイズ】 薄くて軽くて柔らかい素材のスキニーベール ジャストウエスト・フルロング丈■EV■【smtb-K】【RCP】,ワコール Wacoal ラゼ ％OFF セール　Qサイズ,"<P><B><FONT color=""#ff0066"" size=""-1"">発送まで2～3営業日ほどお時間を頂く場合がございます。<BR>発送予定日・着荷予定日はご注文後メールにてご連絡させていただきます。</FONT></B></P>
<table width=""450"" bgcolor=""#cccccc"" cellspacing=""1"" cellpadding=""1"">
  <tr>
    <td width=""100"" height=""18"" align=""center"" bgcolor=""#cce6e6""><span class=""item_desc""><b><font color=""#333333"" size=""-1"">サイズ</font></b></span></td>
    <td width=""350"" height=""18"" align=""left"" bgcolor=""#ffffff""><span class=""item_desc""><font size=""-1"">　82, </font></span></td>
  </tr><tr>
    <td width=""100"" height=""15"" align=""center"" bgcolor=""#cce6e6""><span class=""item_desc""><b><font color=""#333333"" size=""-1"">詳　　　細</font></b></span></td>
    <td width=""350"" height=""15"" align=""left"" bgcolor=""#ffffff""><span class=""item_desc""></span>     <p><font SIZE=""-1"">・ラゼの独自開発によるクロスバック構造【特許出願中】で、加齢によって内側にたるんだヒップ下をキュッと上向きのヒップに引きあげる
・裾はくいこみにくく、アウターにひびきにくいフリーなカッティング
・薄くて柔らかい生地なのに、ヒップをしっかり包み込んで引き締めて高い位置にキープ

・やわらかめのマイルドなはきごこち
・ウエストは折り返し始末でくいこみにくく、圧迫感の少ないはきごこち
・通気性に優れたメッシュ素材で､吸水加工仕上げで吸水速乾性にも優れ、ベタつきにくく、さらっと快適

<br>
    </font></p>
    <P><font SIZE=""-1"">詳細事項：洗濯機可（ネット使用）&nbsp;</font></P>
    </td>
  </tr><tr>
    <td width=""100"" align=""center"" bgcolor=""#cce6e6""><span class=""item_desc""><b><font color=""#333333"" size=""-1"">カラー</font></b></span></td>
    <td width=""350"" align=""left"" bgcolor=""#ffffff""><span class=""item_desc""><font size=""-1"">　BL, CB, <br>
    </font></span></td>
  </tr><tr>
    <td align=""center"" bgcolor=""#cce6e6"" width=""100""><span class=""item_desc""><font size=""-1""><b>素材</b></font></span></td>
    <td align=""left"" bgcolor=""#ffffff"" width=""350""><span class=""item_desc""><font size=""-1"">　ナイロン、ポリウレタン、その他</font></span></td>
  </tr>
</table>
<p> <BR>
<BR>
</p><div align=""left"">
  <table border=""0"" height=""531"">
    <tbody>
      <tr>
        <td valign=""top"" height=""323"">
        <table border=""0"">
          <tbody>
            <tr>
              <td bgcolor=""#cc0033"" align=""center"" height=""20""><font size=""-1"" color=""#ffffff""><b>▼▼当店からのお知らせ▼▼</b></font></td>
            </tr>
            <tr>
              <td bgcolor=""#ffffff"" align=""center""><img src=""http://image.rakuten.co.jp/ranfan/cabinet/left/otodokel2.jpg"" width=""180"" border=""0"" height=""100""></td>
            </tr>
            <tr>
              <td bgcolor=""#ffffff"" align=""center""><img src=""http://image.rakuten.co.jp/ranfan/cabinet/left/mail3.jpg"" width=""180"" border=""0"" height=""45""></td>
            </tr>
            <tr>
              <td>
              <div align=""center""><img src=""http://image.rakuten.co.jp/ranfan/cabinet/left/sintyaku-item7.jpg"" width=""180"" border=""0"" height=""160""></div>
              </td>
            </tr>
          </tbody>
        </table>
        </td>
        <td valign=""top"" height=""323""><img src=""http://image.rakuten.co.jp/ranfan/cabinet/left/point-up.jpg"" width=""510"" height=""30"" border=""0""><br>
        </td>
      </tr>
      <tr>
        <td valign=""top"" colspan=""2"" height=""178"" align=""center"">
        <table border=""0"" height=""176"">
          <tbody>
            <tr>
              <td colspan=""5""><img src=""http://image.rakuten.co.jp/ranfan/cabinet/left/pick-up2.jpg"" width=""690"" height=""30"" border=""0""></td>
            </tr>
            <tr>
              <td colspan=""5"">&nbsp;<img src=""https://image.rakuten.co.jp/ranfan/cabinet/campain/marason-690.jpg"" width=""686"" height=""153"" border=""0""></td>
            </tr>
            <tr>
              <td><img src=""https://image.rakuten.co.jp/ranfan/cabinet/kiya/431-link.jpg"" width=""135"" height=""135"" border=""0""></td>
              <td><img src=""http://image.rakuten.co.jp/ranfan/cabinet/wacoal-junior/ft-banner.jpg"" width=""135"" border=""0""></td>
              <td><img src=""http://image.rakuten.co.jp/ranfan/cabinet/parady/div-link.jpg"" width=""135"" border=""0""><br>
              </td>
              <td><img src=""http://image.rakuten.co.jp/ranfan/cabinet/wacoal-2010/cra530link.jpg"" width=""135"" border=""0""></td>
              <td><img src=""http://image.rakuten.co.jp/ranfan/cabinet/wacolai-dekorute-mak/bra105-link.jpg"" width=""135"" border=""0""></td>
            </tr>
          </tbody>
        </table>
        </td>
      </tr>
    </tbody>
  </table>
</div>
<br>",ワコール Wacoal Lasee 着やせグラマラス(00グループ)スキニーベール・GFA152(ウエウスト82サイズ)【大きいサイズ・Ｑサイズ】 薄くて軽くて柔らかい素材のスキニーベール ジャストウエスト・フルロング丈■EV■【smtb-K】【RCP】：肌着屋ランファン,ワコールワコール WACOALCW-Xマタニティグラッピーラゼサルートワコール　ジュニアブラジャー送料無料コレールスタディオファイブキヤシェイプマミーガードルボディースーツ補正下着ガードル大きいサイズグラッピーサクセスウォークワコール Wacoal Lasee 着やせグラマラス(00グループ)スキニーベール・GFA152(ウエウスト82サイズ)【大きいサイズ・Ｑサイズ】 薄くて軽くて柔らかい素材のスキニーベール ジャストウエスト・フルロング丈■EV■【smtb-K】【RCP】,ワコール Wacoal ラゼ ％OFF セール　Qサイズ。ワコール Wacoal Lasee 着やせグラマラス(00グループ)スキニーベール・GFA152(ウエウスト82サイズ)【大きいサイズ・Ｑサイズ】 薄くて軽くて柔らかい素材のスキニーベール ジャストウエスト・フルロング丈■EV■【smtb-K】【RCP】[rn]
29-15080,http://tshop.r10s.jp/ranfan/cabinet/kiya/2765ima3.jpg?fitin=700:700,6688.0000,,インナー・下着・ナイトウエア > レディースインナー > 補正下着 > ロングガードル,キヤ 木屋 KIYA ボディメイクコレクション ロングガードル2765 【RCP】,【キヤ】ボディメイクコレクションのロングガードルです。,"<br>メーカー希望小売価格はメーカーサイトに基づいて掲載しています<br>

<br>
発送まで2～3営業日ほどお時間を頂く場合がございます。<BR>
発送予定日・着荷予定日はご注文後メールにてご連絡させていただきます。<BR>
<TABLE>
  <TBODY>
    <TR>
      <TD align=""middle"" bgcolor=""#ffffcc""><SPAN class=""item_desc""><FONT color=""#333333"" size=""-1"">サイズ　</FONT></SPAN></TD>
      <TD width=""8"" bgcolor=""#ff6600""></TD>
      <TD bgcolor=""#ffffcc""><SPAN class=""item_desc""><FONT color=""#333333"" size=""-1"">M L</FONT></SPAN></TD>
    </TR>
    <TR>
      <TD align=""middle"" bgcolor=""#ffffcc""><SPAN class=""item_desc""><FONT color=""#333333"" size=""-1"">カラー</FONT></SPAN></TD>
      <TD width=""8"" bgcolor=""#ff6600""></TD>
      <TD bgcolor=""#ffffcc""><SPAN class=""item_desc""><FONT size=""2"">ブラック・ウーロン</FONT></SPAN></TD>
    </TR>
    <TR>
      <TD align=""middle"" bgcolor=""#ffffcc""><SPAN class=""item_desc""><FONT color=""#333333"" size=""-1"">主材料</FONT></SPAN></TD>
      <TD width=""8"" bgcolor=""#ff6600""></TD>
      <TD bgcolor=""#ffffcc""><FONT color=""#000000""><SPAN class=""item_desc""><FONT size=""-1""><FONT size=""2"">ナイロン・ポリウレタン・その他　<BR>
      ※クロッチ部分は綿混で、一枚履きも可能です</FONT><BR>
      </FONT></SPAN></FONT></TD>
    </TR>
  </TBODY>
</TABLE>
<div align=""left""></div>
<table border=""0"">
  <tbody>
    <tr>
      <td align=""center""><br>
      <img src=""http://image.rakuten.co.jp/ranfan/cabinet/kiya/body-make.jpg"" width=""270"" height=""33"" border=""0""><br>
      <table border=""0"" bgcolor=""#feded3"" cellpadding=""1"" cellspacing=""1"">
  <tbody>
    <tr>
      <td bgcolor=""#ffffff"" align=""center""><font color=""#990000""><b><font size=""-1"">ロングガードル<br>
      Kiya　2765</font></b></font></td>
            <td bgcolor=""#ffffff"" align=""center""><font color=""#990000""><b><font size=""-1"">セミロングガードル<br>
            Kiya　2765S</font></b></font>&nbsp;</td>
            <td bgcolor=""#ffffff"" align=""center""><font color=""#990000""><b><font size=""-1"">ハイウエストガードル<br>
            Kiya 2765C&nbsp;</font></b></font></td>
          </tr>
    <tr>
      <td bgcolor=""#ffffff""><img src=""http://image.rakuten.co.jp/ranfan/cabinet/kiya/2765link.jpg"" width=""145"" height=""190"" border=""0""></td>
            <td bgcolor=""#ffffff""><img src=""http://image.rakuten.co.jp/ranfan/cabinet/kiya/2765s-link.jpg"" width=""145"" height=""190"" border=""0""></td>
            <td bgcolor=""#ffffff""><img src=""http://image.rakuten.co.jp/ranfan/cabinet/kiya/2765c-link.jpg"" width=""145"" height=""190"" border=""0""></td>
          </tr>
          <tr>
            <td bgcolor=""#ffffff"" align=""center""><font color=""#990000""><b><font size=""-1"">ロングガードル<br>
            Kiya　2765L</font></b></font></td>
            <td bgcolor=""#ffffff"" align=""center""><font color=""#990000""><b><font size=""-1"">ハイウエストガードル<br>
            Kiya　2765H</font></b></font></td>
            <td bgcolor=""#ffffff""></td>
          </tr>
          <tr>
            <td bgcolor=""#ffffff""><img src=""http://image.rakuten.co.jp/ranfan/cabinet/kiya/2765l-link.jpg"" width=""145"" height=""190"" border=""0""></td>
            <td bgcolor=""#ffffff""><img src=""http://image.rakuten.co.jp/ranfan/cabinet/kiya/2765h-link.jpg"" width=""145"" height=""190"" border=""0""></td>
            <td bgcolor=""#ffffff""></td>
          </tr>
        </tbody>
</table>
</td>
    </tr>
  </tbody>
</table><div align=""left"">
  <table border=""0"" height=""531"">
    <tbody>
      <tr>
        <td valign=""top"" height=""323"">
        <table border=""0"">
          <tbody>
            <tr>
              <td bgcolor=""#cc0033"" align=""center"" height=""20""><font size=""-1"" color=""#ffffff""><b>▼▼当店からのお知らせ▼▼</b></font></td>
            </tr>
            <tr>
              <td bgcolor=""#ffffff"" align=""center""><img src=""http://image.rakuten.co.jp/ranfan/cabinet/left/otodokel2.jpg"" width=""180"" border=""0"" height=""100""></td>
            </tr>
            <tr>
              <td bgcolor=""#ffffff"" align=""center""><img src=""http://image.rakuten.co.jp/ranfan/cabinet/left/mail3.jpg"" width=""180"" border=""0"" height=""45""></td>
            </tr>
            <tr>
              <td>
              <div align=""center""><img src=""http://image.rakuten.co.jp/ranfan/cabinet/left/sintyaku-item7.jpg"" width=""180"" border=""0"" height=""160""></div>
              </td>
            </tr>
          </tbody>
        </table>
        </td>
        <td valign=""top"" height=""323""><img src=""http://image.rakuten.co.jp/ranfan/cabinet/left/point-up.jpg"" width=""510"" height=""30"" border=""0""><br>
        </td>
      </tr>
      <tr>
        <td valign=""top"" colspan=""2"" height=""178"" align=""center"">
        <table border=""0"" height=""176"">
          <tbody>
            <tr>
              <td colspan=""5""><img src=""http://image.rakuten.co.jp/ranfan/cabinet/left/pick-up2.jpg"" width=""690"" height=""30"" border=""0""></td>
            </tr>
            <tr>
              <td colspan=""5"">&nbsp;<img src=""https://image.rakuten.co.jp/ranfan/cabinet/campain/marason-690.jpg"" width=""686"" height=""153"" border=""0""></td>
            </tr>
            <tr>
              <td><img src=""https://image.rakuten.co.jp/ranfan/cabinet/kiya/431-link.jpg"" width=""135"" height=""135"" border=""0""></td>
              <td><img src=""http://image.rakuten.co.jp/ranfan/cabinet/wacoal-junior/ft-banner.jpg"" width=""135"" border=""0""></td>
              <td><img src=""http://image.rakuten.co.jp/ranfan/cabinet/parady/div-link.jpg"" width=""135"" border=""0""><br>
              </td>
              <td><img src=""http://image.rakuten.co.jp/ranfan/cabinet/wacoal-2010/cra530link.jpg"" width=""135"" border=""0""></td>
              <td><img src=""http://image.rakuten.co.jp/ranfan/cabinet/wacolai-dekorute-mak/bra105-link.jpg"" width=""135"" border=""0""></td>
            </tr>
          </tbody>
        </table>
        </td>
      </tr>
    </tbody>
  </table>
</div>
<br>",キヤ 木屋 KIYA ボディメイクコレクション ロングガードル2765 【RCP】：肌着屋ランファン,ワコールワコール WACOALCW-Xマタニティグラッピーラゼサルートワコール　ジュニアブラジャー送料無料コレールスタディオファイブキヤシェイプマミーガードルボディースーツ補正下着ガードル大きいサイズグラッピーサクセスウォークキヤ 木屋 KIYA ボディメイクコレクション ロングガードル2765 【RCP】,【キヤ】ボディメイクコレクションのロングガードルです。。キヤ 木屋 KIYA ボディメイクコレクション ロングガードル2765 【RCP】[rn]
29-15081,http://tshop.r10s.jp/ranfan/cabinet/kiya/2765c-ima.jpg?fitin=700:700,7220.0000,,インナー・下着・ナイトウエア > レディースインナー > 補正下着 > ロングガードル,キヤ 木屋 KIYA ボディメイクコレクション ハイウエストガードル2765c 【RCP】,キヤ ボディメイクコレクションのハイウエストガードルです。,"発送まで2～3営業日ほどお時間を頂く場合がございます。<BR>
発送予定日・着荷予定日はご注文後メールにてご連絡させていただきます。<BR>
<TABLE>
  <TBODY>
    <TR>
      <TD align=""middle"" bgcolor=""#ffffcc""><SPAN class=""item_desc""><FONT color=""#333333"" size=""-1"">サイズ　</FONT></SPAN></TD>
      <TD width=""8"" bgcolor=""#ff6600""></TD>
      <TD bgcolor=""#ffffcc""><SPAN class=""item_desc""><FONT color=""#333333"" size=""-1"">M L</FONT></SPAN></TD>
    </TR>
    <TR>
      <TD align=""middle"" bgcolor=""#ffffcc""><SPAN class=""item_desc""><FONT color=""#333333"" size=""-1"">カラー</FONT></SPAN></TD>
      <TD width=""8"" bgcolor=""#ff6600""></TD>
      <TD bgcolor=""#ffffcc""><SPAN class=""item_desc""><FONT size=""2"">ブラック・ウーロン</FONT></SPAN></TD>
    </TR>
    <TR>
      <TD align=""middle"" bgcolor=""#ffffcc""><SPAN class=""item_desc""><FONT color=""#333333"" size=""-1"">主材料</FONT></SPAN></TD>
      <TD width=""8"" bgcolor=""#ff6600""></TD>
      <TD bgcolor=""#ffffcc""><FONT color=""#000000""><SPAN class=""item_desc""><FONT size=""-1""><FONT size=""2"">ナイロン・ポリウレタン・その他　<BR>
      ※クロッチ部分は綿混で、一枚履きも可能です</FONT><BR>
      </FONT></SPAN></FONT></TD>
    </TR>
  </TBODY>
</TABLE>
<div align=""left""></div>
<table border=""0"">
  <tbody>
    <tr>
      <td align=""center""><br>
      <img src=""http://image.rakuten.co.jp/ranfan/cabinet/kiya/body-make.jpg"" width=""270"" height=""33"" border=""0""><br>
      <table border=""0"" bgcolor=""#feded3"" cellpadding=""1"" cellspacing=""1"">
  <tbody>
    <tr>
      <td bgcolor=""#ffffff"" align=""center""><font color=""#990000""><b><font size=""-1"">ロングガードル<br>
      Kiya　2765</font></b></font></td>
            <td bgcolor=""#ffffff"" align=""center""><font color=""#990000""><b><font size=""-1"">セミロングガードル<br>
            Kiya　2765S</font></b></font>&nbsp;</td>
            <td bgcolor=""#ffffff"" align=""center""><font color=""#990000""><b><font size=""-1"">ハイウエストガードル<br>
            Kiya 2765C&nbsp;</font></b></font></td>
          </tr>
    <tr>
      <td bgcolor=""#ffffff""><img src=""http://image.rakuten.co.jp/ranfan/cabinet/kiya/2765link.jpg"" width=""145"" height=""190"" border=""0""></td>
            <td bgcolor=""#ffffff""><img src=""http://image.rakuten.co.jp/ranfan/cabinet/kiya/2765s-link.jpg"" width=""145"" height=""190"" border=""0""></td>
            <td bgcolor=""#ffffff""><img src=""http://image.rakuten.co.jp/ranfan/cabinet/kiya/2765c-link.jpg"" width=""145"" height=""190"" border=""0""></td>
          </tr>
          <tr>
            <td bgcolor=""#ffffff"" align=""center""><font color=""#990000""><b><font size=""-1"">ロングガードル<br>
            Kiya　2765L</font></b></font></td>
            <td bgcolor=""#ffffff"" align=""center""><font color=""#990000""><b><font size=""-1"">ハイウエストガードル<br>
            Kiya　2765H</font></b></font></td>
            <td bgcolor=""#ffffff""></td>
          </tr>
          <tr>
            <td bgcolor=""#ffffff""><img src=""http://image.rakuten.co.jp/ranfan/cabinet/kiya/2765l-link.jpg"" width=""145"" height=""190"" border=""0""></td>
            <td bgcolor=""#ffffff""><img src=""http://image.rakuten.co.jp/ranfan/cabinet/kiya/2765h-link.jpg"" width=""145"" height=""190"" border=""0""></td>
            <td bgcolor=""#ffffff""></td>
          </tr>
        </tbody>
</table>
</td>
    </tr>
  </tbody>
</table>
<br>
メーカー希望小売価格はメーカー商品タグに基づいて掲載しています<br>
<img src=""http://image.rakuten.co.jp/ranfan/cabinet/evidence/2765c-evidence.gif"" width=""300"" height=""400"" border=""0""><div align=""left"">
  <table border=""0"" height=""531"">
    <tbody>
      <tr>
        <td valign=""top"" height=""323"">
        <table border=""0"">
          <tbody>
            <tr>
              <td bgcolor=""#cc0033"" align=""center"" height=""20""><font size=""-1"" color=""#ffffff""><b>▼▼当店からのお知らせ▼▼</b></font></td>
            </tr>
            <tr>
              <td bgcolor=""#ffffff"" align=""center""><img src=""http://image.rakuten.co.jp/ranfan/cabinet/left/otodokel2.jpg"" width=""180"" border=""0"" height=""100""></td>
            </tr>
            <tr>
              <td bgcolor=""#ffffff"" align=""center""><img src=""http://image.rakuten.co.jp/ranfan/cabinet/left/mail3.jpg"" width=""180"" border=""0"" height=""45""></td>
            </tr>
            <tr>
              <td>
              <div align=""center""><img src=""http://image.rakuten.co.jp/ranfan/cabinet/left/sintyaku-item7.jpg"" width=""180"" border=""0"" height=""160""></div>
              </td>
            </tr>
          </tbody>
        </table>
        </td>
        <td valign=""top"" height=""323""><img src=""http://image.rakuten.co.jp/ranfan/cabinet/left/point-up.jpg"" width=""510"" height=""30"" border=""0""><br>
        </td>
      </tr>
      <tr>
        <td valign=""top"" colspan=""2"" height=""178"" align=""center"">
        <table border=""0"" height=""176"">
          <tbody>
            <tr>
              <td colspan=""5""><img src=""http://image.rakuten.co.jp/ranfan/cabinet/left/pick-up2.jpg"" width=""690"" height=""30"" border=""0""></td>
            </tr>
            <tr>
              <td colspan=""5"">&nbsp;<img src=""https://image.rakuten.co.jp/ranfan/cabinet/campain/marason-690.jpg"" width=""686"" height=""153"" border=""0""></td>
            </tr>
            <tr>
              <td><img src=""https://image.rakuten.co.jp/ranfan/cabinet/kiya/431-link.jpg"" width=""135"" height=""135"" border=""0""></td>
              <td><img src=""http://image.rakuten.co.jp/ranfan/cabinet/wacoal-junior/ft-banner.jpg"" width=""135"" border=""0""></td>
              <td><img src=""http://image.rakuten.co.jp/ranfan/cabinet/parady/div-link.jpg"" width=""135"" border=""0""><br>
              </td>
              <td><img src=""http://image.rakuten.co.jp/ranfan/cabinet/wacoal-2010/cra530link.jpg"" width=""135"" border=""0""></td>
              <td><img src=""http://image.rakuten.co.jp/ranfan/cabinet/wacolai-dekorute-mak/bra105-link.jpg"" width=""135"" border=""0""></td>
            </tr>
          </tbody>
        </table>
        </td>
      </tr>
    </tbody>
  </table>
</div>
<br>",キヤ 木屋 KIYA ボディメイクコレクション ハイウエストガードル2765c 【RCP】：肌着屋ランファン,ワコールワコール WACOALCW-Xマタニティグラッピーラゼサルートワコール　ジュニアブラジャー送料無料コレールスタディオファイブキヤシェイプマミーガードルボディースーツ補正下着ガードル大きいサイズグラッピーサクセスウォークキヤ 木屋 KIYA ボディメイクコレクション ハイウエストガードル2765c 【RCP】,キヤ ボディメイクコレクションのハイウエストガードルです。。キヤ 木屋 KIYA ボディメイクコレクション ハイウエストガードル2765c 【RCP】[rn]
29-15082,http://tshop.r10s.jp/ranfan/cabinet/tamura/tyj57.jpg?fitin=700:700,3760.0000,,インナー・下着・ナイトウエア > レディースインナー > 補正下着 > ロングガードル,tamura タムラ モアソフト五分丈ボトム TYJ57▼メ1迄▼【RCP】,モアソフト五分丈ボトム,"<img src=""http://image.rakuten.co.jp/ranfan/cabinet/campain/nekopo-1ten.jpg"" width=""450"" height=""150"" border=""0""><BR>
<P><B><FONT color=""#ff0066"" size=""-1"">発送まで2～3営業日ほどお時間を頂く場合がございます。<BR>発送予定日・着荷予定日はご注文後メールにてご連絡させていただきます。</FONT></B></P>
<TABLE width=""450"">
  <TBODY>
    <TR>
      <td align=""middle"" bgcolor=""#ffffff""><FONT color=""#333333"" size=""-1"">サイズ　</FONT></td>
      <TD width=""8"" bgcolor=""#ff6600""></TD>
      <td bgcolor=""#ffffff""><font color=""#333333"" size=""-1"">Ｍ：ウエスト61-67、ヒップ87-95<br>
      Ｌ：ウエスト67-73、ヒップ92-100</font><br>
      <font color=""#333333"" size=""-1"">ＬＬ：ウエスト73-79、ヒップ97-105<br>
      ※</font><font color=""#333333"" size=""-1"" COLOR=""#cc0000""><b>ウエスト</b></font><font color=""#333333"" size=""-1"">を基準にお選びください。<br>
      </font></td>
    </TR>
    <TR>
      <td align=""middle"" bgcolor=""#ffffff""><FONT color=""#333333"" size=""-1"">カラー</FONT></td>
      <TD width=""8"" bgcolor=""#ff6600""></TD>
      <td bgcolor=""#ffffff""><FONT color=""#333333"" size=""2"">フラックスベージュ<br>
      パウダーグレー<br>
      シェルピンク<br>
      ブラック<br>
      </FONT></td>
    </TR>
    <TR>
      <td align=""middle"" bgcolor=""#ffffff""><FONT color=""#333333"" size=""-1"">素材</FONT></td>
      <TD width=""8"" bgcolor=""#ff6600""></TD>
      <td bgcolor=""#ffffff""><FONT color=""#333333"" size=""-1"">ナイロン、綿、その他<BR>
            </FONT></td>
    </TR>
    <TR>
      <td align=""middle"" bgcolor=""#ffffff""><font color=""#333333"" size=""-1"">原産国</font></td>
      <TD bgcolor=""#ff6600""></TD>
      <td bgcolor=""#ffffff""><font color=""#333333"" size=""-1"">日本製</font></td></TR>
  </TBODY></TABLE><div align=""left"">
  <table border=""0"" height=""531"">
    <tbody>
      <tr>
        <td valign=""top"" height=""323"">
        <table border=""0"">
          <tbody>
            <tr>
              <td bgcolor=""#cc0033"" align=""center"" height=""20""><font size=""-1"" color=""#ffffff""><b>▼▼当店からのお知らせ▼▼</b></font></td>
            </tr>
            <tr>
              <td bgcolor=""#ffffff"" align=""center""><img src=""http://image.rakuten.co.jp/ranfan/cabinet/left/otodokel2.jpg"" width=""180"" border=""0"" height=""100""></td>
            </tr>
            <tr>
              <td bgcolor=""#ffffff"" align=""center""><img src=""http://image.rakuten.co.jp/ranfan/cabinet/left/mail3.jpg"" width=""180"" border=""0"" height=""45""></td>
            </tr>
            <tr>
              <td>
              <div align=""center""><img src=""http://image.rakuten.co.jp/ranfan/cabinet/left/sintyaku-item7.jpg"" width=""180"" border=""0"" height=""160""></div>
              </td>
            </tr>
          </tbody>
        </table>
        </td>
        <td valign=""top"" height=""323""><img src=""http://image.rakuten.co.jp/ranfan/cabinet/left/point-up.jpg"" width=""510"" height=""30"" border=""0""><br>
        </td>
      </tr>
      <tr>
        <td valign=""top"" colspan=""2"" height=""178"" align=""center"">
        <table border=""0"" height=""176"">
          <tbody>
            <tr>
              <td colspan=""5""><img src=""http://image.rakuten.co.jp/ranfan/cabinet/left/pick-up2.jpg"" width=""690"" height=""30"" border=""0""></td>
            </tr>
            <tr>
              <td colspan=""5"">&nbsp;<img src=""https://image.rakuten.co.jp/ranfan/cabinet/campain/marason-690.jpg"" width=""686"" height=""153"" border=""0""></td>
            </tr>
            <tr>
              <td><img src=""https://image.rakuten.co.jp/ranfan/cabinet/kiya/431-link.jpg"" width=""135"" height=""135"" border=""0""></td>
              <td><img src=""http://image.rakuten.co.jp/ranfan/cabinet/wacoal-junior/ft-banner.jpg"" width=""135"" border=""0""></td>
              <td><img src=""http://image.rakuten.co.jp/ranfan/cabinet/parady/div-link.jpg"" width=""135"" border=""0""><br>
              </td>
              <td><img src=""http://image.rakuten.co.jp/ranfan/cabinet/wacoal-2010/cra530link.jpg"" width=""135"" border=""0""></td>
              <td><img src=""http://image.rakuten.co.jp/ranfan/cabinet/wacolai-dekorute-mak/bra105-link.jpg"" width=""135"" border=""0""></td>
            </tr>
          </tbody>
        </table>
        </td>
      </tr>
    </tbody>
  </table>
</div>
<br>",tamura タムラ モアソフト五分丈ボトム TYJ57▼メ1迄▼【RCP】：肌着屋ランファン,ワコールワコール WACOALCW-Xマタニティグラッピーラゼサルートワコール　ジュニアブラジャー送料無料コレールスタディオファイブキヤシェイプマミーガードルボディースーツ補正下着ガードル大きいサイズグラッピーサクセスウォークtamura タムラ モアソフト五分丈ボトム TYJ57▼メ1迄▼【RCP】,モアソフト五分丈ボトム 。tamura タムラ モアソフト五分丈ボトム TYJ57▼メ1迄▼【RCP】[rn]
29-15083,http://tshop.r10s.jp/ranfan/cabinet/tamura/tyj90.jpg?fitin=700:700,6240.0000,,インナー・下着・ナイトウエア > レディースインナー > 補正下着 > ロングガードル,送料無料 tamura タムラ ロングガードル TYJ90 タムラ【RCP】,送料無料 ロングガードル,"<P><B><FONT color=""#ff0066"" size=""-1"">発送まで2～3営業日ほどお時間を頂く場合がございます。<BR>発送予定日・着荷予定日はご注文後メールにてご連絡させていただきます。</FONT></B></P>
<TABLE width=""450"">
  <TBODY>
    <TR>
      <td align=""middle"" bgcolor=""#ffffff""><FONT color=""#333333"" size=""-1"">サイズ　</FONT></td>
      <TD width=""8"" bgcolor=""#ff6600""></TD>
      <td bgcolor=""#ffffff""><font color=""#333333"" size=""-1"">Ｓ：ウエスト55-61、ヒップ79-89<br>
      Ｍ：ウエスト61-67、ヒップ83-93</font><br>
      <font color=""#333333"" size=""-1"">Ｌ：ウエスト67-73、ヒップ86-96<br>
      ＬＬ：ウエスト73-79、ヒップ89-99<br>
      3Ｌ：ウエスト78-86、ヒップ91-103<br>
      ※サイズは</font><font color=""#333333"" size=""-1"" COLOR=""#ff0066""><b>ウエストを基準</b></font><font color=""#333333"" size=""-1"">にお選び下さい。<br>
      </font></td>
    </TR>
    <TR>
      <td align=""middle"" bgcolor=""#ffffff""><FONT color=""#333333"" size=""-1"">カラー</FONT></td>
      <TD width=""8"" bgcolor=""#ff6600""></TD>
      <td bgcolor=""#ffffff""><FONT color=""#333333"" size=""2"">Iフラックスベージュ<br>
      パウダーグレー<br>
      ピンク<br>
      ブラック<br>
      モカ<br>
      ネイビー<br>
      ローズ<br>
      </FONT></td>
    </TR>
    <TR>
      <td align=""middle"" bgcolor=""#ffffff""><FONT color=""#333333"" size=""-1"">素材</FONT></td>
      <TD width=""8"" bgcolor=""#ff6600""></TD>
      <td bgcolor=""#ffffff""><FONT color=""#333333"" size=""-1"">ポリエステル、ナイロン、その他<BR>
            </FONT></td>
    </TR>
    <TR>
      <td align=""middle"" bgcolor=""#ffffff""><font SIZE=""-1"">仕様</font></td>
      <td bgcolor=""#ff6600""></td>
      <td bgcolor=""#ffffff""><font SIZE=""-1"">・セミロングタイプ(股下12～14cm)※個人差あり<BR>
      ・中心部にパールリボン1個 </font></td>
    </TR>
    <TR>
      <td align=""middle"" bgcolor=""#ffffff""><font color=""#333333"" size=""-1"">原産国</font></td>
      <TD bgcolor=""#ff6600""></TD>
      <td bgcolor=""#ffffff""><font color=""#333333"" size=""-1"">日本製</font></td></TR>
  </TBODY></TABLE><div align=""left"">
  <table border=""0"" height=""531"">
    <tbody>
      <tr>
        <td valign=""top"" height=""323"">
        <table border=""0"">
          <tbody>
            <tr>
              <td bgcolor=""#cc0033"" align=""center"" height=""20""><font size=""-1"" color=""#ffffff""><b>▼▼当店からのお知らせ▼▼</b></font></td>
            </tr>
            <tr>
              <td bgcolor=""#ffffff"" align=""center""><img src=""http://image.rakuten.co.jp/ranfan/cabinet/left/otodokel2.jpg"" width=""180"" border=""0"" height=""100""></td>
            </tr>
            <tr>
              <td bgcolor=""#ffffff"" align=""center""><img src=""http://image.rakuten.co.jp/ranfan/cabinet/left/mail3.jpg"" width=""180"" border=""0"" height=""45""></td>
            </tr>
            <tr>
              <td>
              <div align=""center""><img src=""http://image.rakuten.co.jp/ranfan/cabinet/left/sintyaku-item7.jpg"" width=""180"" border=""0"" height=""160""></div>
              </td>
            </tr>
          </tbody>
        </table>
        </td>
        <td valign=""top"" height=""323""><img src=""http://image.rakuten.co.jp/ranfan/cabinet/left/point-up.jpg"" width=""510"" height=""30"" border=""0""><br>
        </td>
      </tr>
      <tr>
        <td valign=""top"" colspan=""2"" height=""178"" align=""center"">
        <table border=""0"" height=""176"">
          <tbody>
            <tr>
              <td colspan=""5""><img src=""http://image.rakuten.co.jp/ranfan/cabinet/left/pick-up2.jpg"" width=""690"" height=""30"" border=""0""></td>
            </tr>
            <tr>
              <td colspan=""5"">&nbsp;<img src=""https://image.rakuten.co.jp/ranfan/cabinet/campain/marason-690.jpg"" width=""686"" height=""153"" border=""0""></td>
            </tr>
            <tr>
              <td><img src=""https://image.rakuten.co.jp/ranfan/cabinet/kiya/431-link.jpg"" width=""135"" height=""135"" border=""0""></td>
              <td><img src=""http://image.rakuten.co.jp/ranfan/cabinet/wacoal-junior/ft-banner.jpg"" width=""135"" border=""0""></td>
              <td><img src=""http://image.rakuten.co.jp/ranfan/cabinet/parady/div-link.jpg"" width=""135"" border=""0""><br>
              </td>
              <td><img src=""http://image.rakuten.co.jp/ranfan/cabinet/wacoal-2010/cra530link.jpg"" width=""135"" border=""0""></td>
              <td><img src=""http://image.rakuten.co.jp/ranfan/cabinet/wacolai-dekorute-mak/bra105-link.jpg"" width=""135"" border=""0""></td>
            </tr>
          </tbody>
        </table>
        </td>
      </tr>
    </tbody>
  </table>
</div>
<br>",送料無料 tamura タムラ ロングガードル TYJ90 タムラ【RCP】：肌着屋ランファン,ワコールワコール WACOALCW-Xマタニティグラッピーラゼサルートワコール　ジュニアブラジャー送料無料コレールスタディオファイブキヤシェイプマミーガードルボディースーツ補正下着ガードル大きいサイズグラッピーサクセスウォーク送料無料 tamura タムラ ロングガードル TYJ90 タムラ【RCP】,送料無料 ロングガードル。送料無料 tamura タムラ ロングガードル TYJ90 タムラ【RCP】[rn]
29-15084,http://tshop.r10s.jp/ranfan/cabinet/tamura/tyj55.jpg?fitin=700:700,6800.0000,,インナー・下着・ナイトウエア > レディースインナー > 補正下着 > ロングガードル,送料無料 tamura タムラ ロングガードル TYJ55(82サイズ) タムラ【RCP】,送料無料 ロングガードル(82サイズ),"<P><B><FONT color=""#ff0066"" size=""-1"">発送まで2～3営業日ほどお時間を頂く場合がございます。<BR>発送予定日・着荷予定日はご注文後メールにてご連絡させていただきます。</FONT></B></P>
<TABLE width=""450"">
  <TBODY>
    <TR>
      <td align=""middle"" bgcolor=""#ffffff""><FONT color=""#333333"" size=""-1"">サイズ　</FONT></td>
      <TD width=""8"" bgcolor=""#ff6600""></TD>
      <td bgcolor=""#ffffff""><font color=""#333333"" size=""-1""><font color=""#333333"" size=""-1"">82(ウエスト78-86/ヒップ91-103) <br>
      </font>※サイズは</font><font color=""#333333"" size=""-1"" COLOR=""#ff0066""><b>ウエストを基準</b></font><font color=""#333333"" size=""-1"">にお選び下さい。<br>
      </font></td>
    </TR>
    <TR>
      <td align=""middle"" bgcolor=""#ffffff""><FONT color=""#333333"" size=""-1"">カラー</FONT></td>
      <TD width=""8"" bgcolor=""#ff6600""></TD>
      <td bgcolor=""#ffffff""><FONT color=""#333333"" size=""2"">Iフラックスベージュ<br>
      ブラック<br>
      ロゼピンク<br>
      オフホワイト<br>
      </FONT></td>
    </TR>
    <TR>
      <td align=""middle"" bgcolor=""#ffffff""><FONT color=""#333333"" size=""-1"">素材</FONT></td>
      <TD width=""8"" bgcolor=""#ff6600""></TD>
      <td bgcolor=""#ffffff""><FONT color=""#333333"" size=""-1"">ポリウレタン、ナイロン、その他<BR>
            </FONT></td>
    </TR>
    <TR>
      <td align=""middle"" bgcolor=""#ffffff""><FONT color=""#333333"" size=""-1"">仕様</FONT></td>
      <TD width=""8"" bgcolor=""#ff6600""></TD>
      <td bgcolor=""#ffffff""><FONT color=""#333333"" size=""-1"">・フルカップタイプ<BR>
      ・カップ受け有り<BR>
      ・胸元にパールリボン1個<BR>
      ・ワイヤー,ボーン無し<BR>
      ・丸パット付き(ポリエステル100%) </FONT></td>
    </TR>
    <TR>
      <td align=""middle"" bgcolor=""#ffffff"" height=""34""><font SIZE=""-1"">備考</font></td>
      <td bgcolor=""#ff6600"" height=""34""></td>
      <td bgcolor=""#ffffff"" height=""34""><font color=""#333333"" size=""-1"">・日本製 <br>
      ・手洗い</font></td>
    </TR>
  </TBODY></TABLE><div align=""left"">
  <table border=""0"" height=""531"">
    <tbody>
      <tr>
        <td valign=""top"" height=""323"">
        <table border=""0"">
          <tbody>
            <tr>
              <td bgcolor=""#cc0033"" align=""center"" height=""20""><font size=""-1"" color=""#ffffff""><b>▼▼当店からのお知らせ▼▼</b></font></td>
            </tr>
            <tr>
              <td bgcolor=""#ffffff"" align=""center""><img src=""http://image.rakuten.co.jp/ranfan/cabinet/left/otodokel2.jpg"" width=""180"" border=""0"" height=""100""></td>
            </tr>
            <tr>
              <td bgcolor=""#ffffff"" align=""center""><img src=""http://image.rakuten.co.jp/ranfan/cabinet/left/mail3.jpg"" width=""180"" border=""0"" height=""45""></td>
            </tr>
            <tr>
              <td>
              <div align=""center""><img src=""http://image.rakuten.co.jp/ranfan/cabinet/left/sintyaku-item7.jpg"" width=""180"" border=""0"" height=""160""></div>
              </td>
            </tr>
          </tbody>
        </table>
        </td>
        <td valign=""top"" height=""323""><img src=""http://image.rakuten.co.jp/ranfan/cabinet/left/point-up.jpg"" width=""510"" height=""30"" border=""0""><br>
        </td>
      </tr>
      <tr>
        <td valign=""top"" colspan=""2"" height=""178"" align=""center"">
        <table border=""0"" height=""176"">
          <tbody>
            <tr>
              <td colspan=""5""><img src=""http://image.rakuten.co.jp/ranfan/cabinet/left/pick-up2.jpg"" width=""690"" height=""30"" border=""0""></td>
            </tr>
            <tr>
              <td colspan=""5"">&nbsp;<img src=""https://image.rakuten.co.jp/ranfan/cabinet/campain/marason-690.jpg"" width=""686"" height=""153"" border=""0""></td>
            </tr>
            <tr>
              <td><img src=""https://image.rakuten.co.jp/ranfan/cabinet/kiya/431-link.jpg"" width=""135"" height=""135"" border=""0""></td>
              <td><img src=""http://image.rakuten.co.jp/ranfan/cabinet/wacoal-junior/ft-banner.jpg"" width=""135"" border=""0""></td>
              <td><img src=""http://image.rakuten.co.jp/ranfan/cabinet/parady/div-link.jpg"" width=""135"" border=""0""><br>
              </td>
              <td><img src=""http://image.rakuten.co.jp/ranfan/cabinet/wacoal-2010/cra530link.jpg"" width=""135"" border=""0""></td>
              <td><img src=""http://image.rakuten.co.jp/ranfan/cabinet/wacolai-dekorute-mak/bra105-link.jpg"" width=""135"" border=""0""></td>
            </tr>
          </tbody>
        </table>
        </td>
      </tr>
    </tbody>
  </table>
</div>
<br>",送料無料 tamura タムラ ロングガードル TYJ55(82サイズ) タムラ【RCP】：肌着屋ランファン,ワコールワコール WACOALCW-Xマタニティグラッピーラゼサルートワコール　ジュニアブラジャー送料無料コレールスタディオファイブキヤシェイプマミーガードルボディースーツ補正下着ガードル大きいサイズグラッピーサクセスウォーク送料無料 tamura タムラ ロングガードル TYJ55(82サイズ) タムラ【RCP】,送料無料 ロングガードル(82サイズ)。送料無料 tamura タムラ ロングガードル TYJ55(82サイズ) タムラ【RCP】[rn]
29-15085,http://tshop.r10s.jp/liberty-h/cabinet/sup/cra600gy.jpg?fitin=700:700,3180.0000,,インナー・下着・ナイトウエア > レディースインナー > 補正下着 > その他,Wacoal ワコール＜ウエストこっそりメイク＞サポートキャミソール(M・Lサイズ)CRA600,ポイント10倍 5/19 18:00-5/25 1:59 Wacoal 補正下着,"<img src=""https://www.rakuten.ne.jp/gold/liberty-h/guide/img/check.jpg"" border=""0"" width=""400""><br><br> <p><table width=""300"" cellpadding=""10"" bgcolor=""#80BF40"" cellspacing=""2"" border=""2"" bordercolor=""#ffffff""><td align=""center"">
<hr>
<b><font color=""#ffffff"">
ウエストこっそりメイク
<hr>
<small>さっと着て、キュッとウエストがキマる。</small></font></b>
</td></table></p>

やさしい、うれしい着ごこちの下着にも、<br>
こっそりボディメイクをしのばせて。<br>
<br>


やわらかく伸びるナイロンベア天竺を使用し、<br>
カラダにピッタリフィットしやすく、快適な着ごこち。<br>
<br>


背面から前脇にかけて筋束に沿ってV字にパワーのある<br>
スパイラル上のサポートラインを形成し、<br>
キュッとしたウエストラインをつくり、<br>
女性らしいボディシルエットに。<br>
<br>


<TABLE cellpadding=""10"" cellspacing=""3"" style=""width: 350px; font-size: 12px;"">
<colgroup width=""60"" bgcolor=""#CA60AF""></colgroup>
<colgroup bgcolor=""#FFEAFA""></colgroup>
<tr><th style=""color: #ffffff;"">サイズ</th><td>
M(バスト79～87cm) L(バスト86～94cm)

</TD></TR><tr><th style=""color: #ffffff;"">カラー</th><td>
BL KA GY

</TD></TR><tr><th style=""color: #ffffff;"">主素材</th><td>
ポリエステルナイロンベア天竺・その他

</TD></TR><tr><th style=""color: #ffffff;"">ネック</th><td>
Uネック

</TD></TR><tr><th style=""color: #ffffff;"">袖丈</th><td>
ラウンド 袖なし ノースリーブ

</TD></TR><tr><th style=""color: #ffffff;"">タイプ</th><td>
サポートトップス インナー キャミソール くびれメイク 補整 補正

</TD></TR></TABLE><style TYPE=""text/css"">
<!--
td.inventory font{font-size:10px;color:#666666;}
td.inventory{word-wrap:break-word;width:60px;}

#rakutenLimitedId_aroundCart span.choice + select {
    display: inline-block;
    padding: 8px;
    margin-bottom: 2px;
    border-radius: 2px;   
}

#rakutenLimitedId_aroundCart span.choice {
    display: inline-block;
    position:relative;
    padding: 8px;
    margin-bottom: 8px;
    background:#ffffff; /*吹き出しの背景色 */
    border-radius: 2px;
}
-->
</style>

<img src=""https://image.rakuten.co.jp/liberty-h/cabinet/event/0519cp_616x120.jpg"" border=""0"">",Wacoal ワコール＜ウエストこっそりメイク＞サポートキャミソール(M・Lサイズ)CRA600：リバティハウス,下着ワコールナイトウェアサルートインナーランジェリートレフルスタディオファイブショーツパンツブラジャー　肌着セクシースリップベビードール　-5歳の魔法着やせパンツTバックショーツ男性下着マイクロヒップスLALANWacoal ワコール＜ウエストこっそりメイク＞サポートキャミソール(M・Lサイズ)CRA600,ポイント10倍 5/19 18:00-5/25 1:59 Wacoal 補正下着。Wacoal ワコール＜ウエストこっそりメイク＞サポートキャミソール(M・Lサイズ)CRA600[rn]
29-15086,http://tshop.r10s.jp/liberty-h/cabinet/sup/cra600bl.jpg?fitin=700:700,3360.0000,,インナー・下着・ナイトウエア > レディースインナー > 補正下着 > その他,Wacoal ワコール＜ウエストこっそりメイク＞サポートキャミソール(LLサイズ)CRA600,ポイント10倍 5/19 18:00-5/25 1:59 Wacoal 補正下着,"<img src=""https://www.rakuten.ne.jp/gold/liberty-h/guide/img/check.jpg"" border=""0"" width=""400""><br><br> <p><table width=""300"" cellpadding=""10"" bgcolor=""#80BF40"" cellspacing=""2"" border=""2"" bordercolor=""#ffffff""><td align=""center"">
<hr>
<b><font color=""#ffffff"">
ウエストこっそりメイク
<hr>
<small>さっと着て、キュッとウエストがキマる。</small></font></b>
</td></table></p>

やさしい、うれしい着ごこちの下着にも、<br>
こっそりボディメイクをしのばせて。<br>
<br>


やわらかく伸びるナイロンベア天竺を使用し、<br>
カラダにピッタリフィットしやすく、快適な着ごこち。<br>
<br>


背面から前脇にかけて筋束に沿ってV字にパワーのある<br>
スパイラル上のサポートラインを形成し、<br>
キュッとしたウエストラインをつくり、<br>
女性らしいボディシルエットに。<br>
<br>


<TABLE cellpadding=""10"" cellspacing=""3"" style=""width: 350px; font-size: 12px;"">
<colgroup width=""60"" bgcolor=""#CA60AF""></colgroup>
<colgroup bgcolor=""#FFEAFA""></colgroup>
<tr><th style=""color: #ffffff;"">サイズ</th><td>
M(バスト79～87cm) L(バスト86～94cm)

</TD></TR><tr><th style=""color: #ffffff;"">カラー</th><td>
BL KA GY

</TD></TR><tr><th style=""color: #ffffff;"">主素材</th><td>
ポリエステルナイロンベア天竺・その他

</TD></TR><tr><th style=""color: #ffffff;"">ネック</th><td>
Uネック

</TD></TR><tr><th style=""color: #ffffff;"">袖丈</th><td>
ラウンド 袖なし ノースリーブ

</TD></TR><tr><th style=""color: #ffffff;"">タイプ</th><td>
サポートトップス インナー キャミソール くびれメイク 補整 補正

</TD></TR></TABLE><style TYPE=""text/css"">
<!--
td.inventory font{font-size:10px;color:#666666;}
td.inventory{word-wrap:break-word;width:60px;}

#rakutenLimitedId_aroundCart span.choice + select {
    display: inline-block;
    padding: 8px;
    margin-bottom: 2px;
    border-radius: 2px;   
}

#rakutenLimitedId_aroundCart span.choice {
    display: inline-block;
    position:relative;
    padding: 8px;
    margin-bottom: 8px;
    background:#ffffff; /*吹き出しの背景色 */
    border-radius: 2px;
}
-->
</style>

<img src=""https://image.rakuten.co.jp/liberty-h/cabinet/event/0519cp_616x120.jpg"" border=""0"">",Wacoal ワコール＜ウエストこっそりメイク＞サポートキャミソール(LLサイズ)CRA600：リバティハウス,下着ワコールナイトウェアサルートインナーランジェリートレフルスタディオファイブショーツパンツブラジャー　肌着セクシースリップベビードール　-5歳の魔法着やせパンツTバックショーツ男性下着マイクロヒップスLALANWacoal ワコール＜ウエストこっそりメイク＞サポートキャミソール(LLサイズ)CRA600,ポイント10倍 5/19 18:00-5/25 1:59 Wacoal 補正下着。Wacoal ワコール＜ウエストこっそりメイク＞サポートキャミソール(LLサイズ)CRA600[rn]
29-15087,http://tshop.r10s.jp/liberty-h/cabinet/stylecover/thn200_106.jpg?fitin=700:700,3411.2000,,インナー・下着・ナイトウエア > レディースインナー > 補正下着 > その他,Wacoal ワコール＜success walk サクセスウォーク＞【背中おしもみトップス】半袖サポートトップスTHN200[wcl-sucl],ポイント10倍 5/19 18:00-5/25 1:59 Wacoal 筋肉のコリに,"<img src=""https://www.rakuten.ne.jp/gold/liberty-h/guide/img/check.jpg"" border=""0"" width=""400""><br><br> <style type=""text/css""><!--
table.mate th {font-size:12px; width:80px; color:#FFF; background-color:#C6A;}
table.mate td {font-size:12px; color:#000; background-color:#FEF;}
--></style>

<table cellpadding=""5""><tr><td align=""center"" bgcolor=""#000002"">
<font size=""2"" color=""#ffffff""><b>
success walk<br>
～TOPS～</b><br>
着る、指圧代用器
</font></td></tr></table>
<br>

肩甲骨の動きが生地を引っ張ることで<br>
凹凸指圧クッションが背中をおしもみます。<br>
毎日着ることで、やさしい刺激が持続して、<br>
背中の血行をよくし、筋肉のコリをほぐします。<br>
<br>
●凹凸指圧クッション：背中のくぼみに沿わせた設計なので、<br>
凹凸がアウターにひびきにくい。<br>
<br>

※この商品は指圧代用器です。<br>
※ブラジャーの上からご着用ください。<br>
※機能の表れ方には個人差があります。<br>
<br>
※ご使用の前に「安全に関するご注意」をご覧ください。<br>
【安全に関するご注意】<br>
●背中に皮膚疾患のある方、皮膚の弱い方は、<br>
凹凸指圧クッションが皮膚に過度の刺激を与える可能性があります。<br>
使用を控えていただくか、医師にご相談のうえ着用してください。<br>
●ご使用の際、赤みやかゆみが生じた場合は、直ちに着用を中止してください。<br>
●からだに異常を感じた場合は、ご使用をおやめください。<br>
●就寝時は使用しないでください。 <br>
<br>


<TABLE cellpadding=""10"" cellspacing=""3"" width=""350"" class=""mate"">
<tr><th>サポート力</th><td>
肩甲骨 凹凸指圧

</TD></TR><tr><th>サイズ</th><td>
M(バスト79～87cm) L(バスト86～94cm)

</TD></TR><tr><th>カラー</th><td>
106ベージュ 112ブラック

</TD></TR><tr><th>主素材</th><td>
ナイロン・ポリウレタン・その他

</TD></TR><tr><th>ネック</th><td>
ラウンド

</TD></TR><tr><th>袖丈</th><td>
半袖

</TD></TR><tr><th>付加機能</th><td>
指圧 血行 肩こり

</TD></TR></TABLE><style TYPE=""text/css"">
<!--
td.inventory font{font-size:10px;color:#666666;}
td.inventory{word-wrap:break-word;width:60px;}

#rakutenLimitedId_aroundCart span.choice + select {
    display: inline-block;
    padding: 8px;
    margin-bottom: 2px;
    border-radius: 2px;   
}

#rakutenLimitedId_aroundCart span.choice {
    display: inline-block;
    position:relative;
    padding: 8px;
    margin-bottom: 8px;
    background:#ffffff; /*吹き出しの背景色 */
    border-radius: 2px;
}
-->
</style>

<img src=""https://image.rakuten.co.jp/liberty-h/cabinet/event/0519cp_616x120.jpg"" border=""0"">",Wacoal ワコール＜success walk サクセスウォーク＞【背中おしもみトップス】半袖サポートトップスTHN200[wcl-sucl]：リバティハウス,下着ワコールナイトウェアサルートインナーランジェリートレフルスタディオファイブショーツパンツブラジャー　肌着セクシースリップベビードール　-5歳の魔法着やせパンツTバックショーツ男性下着マイクロヒップスLALANWacoal ワコール＜success walk サクセスウォーク＞【背中おしもみトップス】半袖サポートトップスTHN200[wcl-sucl],ポイント10倍 5/19 18:00-5/25 1:59 Wacoal 筋肉のコリに。Wacoal ワコール＜success walk サクセスウォーク＞【背中おしもみトップス】半袖サポートトップスTHN200[wcl-sucl][rn]
29-15088,http://tshop.r10s.jp/ranfan/cabinet/pasio/semi-longbra-t.jpg?fitin=700:700,9600.0000,,インナー・下着・ナイトウエア > レディースインナー > 補正下着 > その他,【QUOカード】期間限定プレゼント中！ 訳あり 在庫処分 送料無料 返品交換不可 エルローズ パシオ PASIO セミロングブラジャー(A～Dカップ) 大きいサイズブラ 【smtb-K】【RCP】,遠赤外線効果補正下着 PASIO 【 パシオ 】,"<div align=""left"">
<table>
  <tr>
    <td height=""40"" width=""459""><font size=""-1"">補正下着　PASIO 【 パシオ 】エルローズ　セミロングブラジャー<br>
    女性らしさの象徴とも言われるバスト。<br>
    “丸く・高く・内向き”の理想的なバストラインのため、サイドに<br>
    光電子パワーネットを幅広く使用し、しっかりサポートする工夫を<br>
    加えました。カップサイズに応じてデザインを変え、A～Dカップは<br>
    パットポケットに、Eカップはサイドパネルにも光電子素材を使用<br>
    しています。</font></td>
  </tr>
</table>
<div align=""left"">
<div align=""left"">
<div align=""left""></div>
</div>
</div>
<table>
  <tr>
    <td><img src=""http://image.rakuten.co.jp/ranfan/cabinet/pasio/tukekata.jpg"" width=""837"" height=""833"" border=""0"" alt=""パシオ　エルローズ　ファンデーションの着け方""></td>
  </tr><tr>
    <td><img src=""http://image.rakuten.co.jp/ranfan/cabinet/pasio/tukekata2.jpg"" width=""837"" height=""755"" border=""0"" alt=""ファンデーションの着け方""></td>
  </tr>
</table>
</div><div align=""left"">
  <table border=""0"" height=""531"">
    <tbody>
      <tr>
        <td valign=""top"" height=""323"">
        <table border=""0"">
          <tbody>
            <tr>
              <td bgcolor=""#cc0033"" align=""center"" height=""20""><font size=""-1"" color=""#ffffff""><b>▼▼当店からのお知らせ▼▼</b></font></td>
            </tr>
            <tr>
              <td bgcolor=""#ffffff"" align=""center""><img src=""http://image.rakuten.co.jp/ranfan/cabinet/left/otodokel2.jpg"" width=""180"" border=""0"" height=""100""></td>
            </tr>
            <tr>
              <td bgcolor=""#ffffff"" align=""center""><img src=""http://image.rakuten.co.jp/ranfan/cabinet/left/mail3.jpg"" width=""180"" border=""0"" height=""45""></td>
            </tr>
            <tr>
              <td>
              <div align=""center""><img src=""http://image.rakuten.co.jp/ranfan/cabinet/left/sintyaku-item7.jpg"" width=""180"" border=""0"" height=""160""></div>
              </td>
            </tr>
          </tbody>
        </table>
        </td>
        <td valign=""top"" height=""323""><img src=""http://image.rakuten.co.jp/ranfan/cabinet/left/point-up.jpg"" width=""510"" height=""30"" border=""0""><br>
        </td>
      </tr>
      <tr>
        <td valign=""top"" colspan=""2"" height=""178"" align=""center"">
        <table border=""0"" height=""176"">
          <tbody>
            <tr>
              <td colspan=""5""><img src=""http://image.rakuten.co.jp/ranfan/cabinet/left/pick-up2.jpg"" width=""690"" height=""30"" border=""0""></td>
            </tr>
            <tr>
              <td colspan=""5"">&nbsp;<img src=""https://image.rakuten.co.jp/ranfan/cabinet/campain/marason-690.jpg"" width=""686"" height=""153"" border=""0""></td>
            </tr>
            <tr>
              <td><img src=""https://image.rakuten.co.jp/ranfan/cabinet/kiya/431-link.jpg"" width=""135"" height=""135"" border=""0""></td>
              <td><img src=""http://image.rakuten.co.jp/ranfan/cabinet/wacoal-junior/ft-banner.jpg"" width=""135"" border=""0""></td>
              <td><img src=""http://image.rakuten.co.jp/ranfan/cabinet/parady/div-link.jpg"" width=""135"" border=""0""><br>
              </td>
              <td><img src=""http://image.rakuten.co.jp/ranfan/cabinet/wacoal-2010/cra530link.jpg"" width=""135"" border=""0""></td>
              <td><img src=""http://image.rakuten.co.jp/ranfan/cabinet/wacolai-dekorute-mak/bra105-link.jpg"" width=""135"" border=""0""></td>
            </tr>
          </tbody>
        </table>
        </td>
      </tr>
    </tbody>
  </table>
</div>
<br>",【QUOカード】期間限定プレゼント中！ 訳あり 在庫処分 送料無料 返品交換不可 エルローズ パシオ PASIO セミロングブラジャー(A～Dカップ) 大きいサイズブラ 【smtb-K】【RCP】：肌着屋ランファン,ワコールワコール WACOALCW-Xマタニティグラッピーラゼサルートワコール　ジュニアブラジャー送料無料コレールスタディオファイブキヤシェイプマミーガードルボディースーツ補正下着ガードル大きいサイズグラッピーサクセスウォーク【QUOカード】期間限定プレゼント中！ 訳あり 在庫処分 送料無料 返品交換不可 エルローズ パシオ PASIO セミロングブラジャー(A～Dカップ) 大きいサイズブラ 【smtb-K】【RCP】,遠赤外線効果補正下着 PASIO 【 パシオ 】。【QUOカード】期間限定プレゼント中！ 訳あり 在庫処分 送料無料 返品交換不可 エルローズ パシオ PASIO セミロングブラジャー(A～Dカップ) 大きいサイズブラ 【smtb-K】【RCP】[rn]
29-15089,http://tshop.r10s.jp/ranfan/cabinet/tamura/ytk07.jpg?fitin=700:700,3840.0000,,インナー・下着・ナイトウエア > レディースインナー > 補正下着 > その他,tamura タムラ ショートガードル YTK07 綿混素材花柄パワーネット多機能シリーズ ▼メ1迄▼【RCP】【NEW】,花柄パワーネット　綿混素材,"<img src=""http://image.rakuten.co.jp/ranfan/cabinet/campain/nekopo-1ten.jpg"" width=""450"" height=""150"" border=""0""><BR>
<P><B><FONT color=""#ff0066"" size=""-1"">発送まで2～3営業日ほどお時間を頂く場合がございます。<BR>発送予定日・着荷予定日はご注文後メールにてご連絡させていただきます。</FONT></B></P>
<TABLE width=""450"">
  <TBODY>
    <TR>
      <td align=""middle"" bgcolor=""#ffffff""><FONT color=""#333333"" size=""-1"">サイズ　</FONT></td>
      <TD width=""8"" bgcolor=""#ff6600""></TD>
      <td bgcolor=""#ffffff""><font color=""#333333"" size=""-1""><font color=""#333333"" size=""-1"">82：ウエスト78-86cm、ヒップ91-103cm<br>
      90：ウエスト86-94cm、ヒップ94-104cm<br>
      </font>※サイズは</font><font color=""#333333"" size=""-1"" COLOR=""#ff0066""><b>ウエストを基準</b></font><font color=""#333333"" size=""-1"">にお選び下さい。<br>
      </font></td>
    </TR>
    <TR>
      <td align=""middle"" bgcolor=""#ffffff""><FONT color=""#333333"" size=""-1"">カラー</FONT></td>
      <TD width=""8"" bgcolor=""#ff6600""></TD>
      <td bgcolor=""#ffffff""><FONT color=""#333333"" size=""2"">ライトベージュ（TC003)<br>
      ティチ＆ゴールド（TC227）<br>
      </FONT></td>
    </TR>
    <TR>
      <td align=""middle"" bgcolor=""#ffffff""><FONT color=""#333333"" size=""-1"">素材</FONT></td>
      <TD width=""8"" bgcolor=""#ff6600""></TD>
      <td bgcolor=""#ffffff""><FONT color=""#333333"" size=""-1"">ナイロン、綿、その他<BR>
            </FONT></td>
    </TR>
    <TR>
      <td align=""middle"" bgcolor=""#ffffff""><FONT color=""#333333"" size=""-1"">仕様</FONT></td>
      <TD width=""8"" bgcolor=""#ff6600""></TD>
      <td bgcolor=""#ffffff""><FONT color=""#333333"" size=""-1"">・ショートタイプ<BR> ・中心部にパールリボン1個 </FONT></td>
    </TR>
    <TR>
      <td align=""middle"" bgcolor=""#ffffff"" height=""34""><font SIZE=""-1"">備考</font></td>
      <td bgcolor=""#ff6600"" height=""34""></td>
      <td bgcolor=""#ffffff"" height=""34""><font color=""#333333"" size=""-1"">・日本製 <br>
      ・手洗い</font></td>
    </TR>
  </TBODY></TABLE><div align=""left"">
  <table border=""0"" height=""531"">
    <tbody>
      <tr>
        <td valign=""top"" height=""323"">
        <table border=""0"">
          <tbody>
            <tr>
              <td bgcolor=""#cc0033"" align=""center"" height=""20""><font size=""-1"" color=""#ffffff""><b>▼▼当店からのお知らせ▼▼</b></font></td>
            </tr>
            <tr>
              <td bgcolor=""#ffffff"" align=""center""><img src=""http://image.rakuten.co.jp/ranfan/cabinet/left/otodokel2.jpg"" width=""180"" border=""0"" height=""100""></td>
            </tr>
            <tr>
              <td bgcolor=""#ffffff"" align=""center""><img src=""http://image.rakuten.co.jp/ranfan/cabinet/left/mail3.jpg"" width=""180"" border=""0"" height=""45""></td>
            </tr>
            <tr>
              <td>
              <div align=""center""><img src=""http://image.rakuten.co.jp/ranfan/cabinet/left/sintyaku-item7.jpg"" width=""180"" border=""0"" height=""160""></div>
              </td>
            </tr>
          </tbody>
        </table>
        </td>
        <td valign=""top"" height=""323""><img src=""http://image.rakuten.co.jp/ranfan/cabinet/left/point-up.jpg"" width=""510"" height=""30"" border=""0""><br>
        </td>
      </tr>
      <tr>
        <td valign=""top"" colspan=""2"" height=""178"" align=""center"">
        <table border=""0"" height=""176"">
          <tbody>
            <tr>
              <td colspan=""5""><img src=""http://image.rakuten.co.jp/ranfan/cabinet/left/pick-up2.jpg"" width=""690"" height=""30"" border=""0""></td>
            </tr>
            <tr>
              <td colspan=""5"">&nbsp;<img src=""https://image.rakuten.co.jp/ranfan/cabinet/campain/marason-690.jpg"" width=""686"" height=""153"" border=""0""></td>
            </tr>
            <tr>
              <td><img src=""https://image.rakuten.co.jp/ranfan/cabinet/kiya/431-link.jpg"" width=""135"" height=""135"" border=""0""></td>
              <td><img src=""http://image.rakuten.co.jp/ranfan/cabinet/wacoal-junior/ft-banner.jpg"" width=""135"" border=""0""></td>
              <td><img src=""http://image.rakuten.co.jp/ranfan/cabinet/parady/div-link.jpg"" width=""135"" border=""0""><br>
              </td>
              <td><img src=""http://image.rakuten.co.jp/ranfan/cabinet/wacoal-2010/cra530link.jpg"" width=""135"" border=""0""></td>
              <td><img src=""http://image.rakuten.co.jp/ranfan/cabinet/wacolai-dekorute-mak/bra105-link.jpg"" width=""135"" border=""0""></td>
            </tr>
          </tbody>
        </table>
        </td>
      </tr>
    </tbody>
  </table>
</div>
<br>",tamura タムラ ショートガードル YTK07 綿混素材花柄パワーネット多機能シリーズ ▼メ1迄▼【RCP】【NEW】：肌着屋ランファン,ワコールワコール WACOALCW-Xマタニティグラッピーラゼサルートワコール　ジュニアブラジャー送料無料コレールスタディオファイブキヤシェイプマミーガードルボディースーツ補正下着ガードル大きいサイズグラッピーサクセスウォークtamura タムラ ショートガードル YTK07 綿混素材花柄パワーネット多機能シリーズ ▼メ1迄▼【RCP】【NEW】,花柄パワーネット　綿混素材。tamura タムラ ショートガードル YTK07 綿混素材花柄パワーネット多機能シリーズ ▼メ1迄▼【RCP】【NEW】[rn]
29-15090,http://tshop.r10s.jp/sanchya/cabinet/c1111.jpg?fitin=700:700,1760.0000,,インナー・下着・ナイトウエア > レディースインナー > 補正下着 > その他,【送料無料★メール便★代引き不可】骨盤ガードル ハイウエスト 下着/加圧 (産後ガードル)骨盤ガードル/ボディメイク/骨盤/骨盤 歪み/産後リフォーム/補正下着/骨盤枕【ガードル ヒップアップ】補正下着 補正下着 補正下着 補正下着 補正下着 補正下着,骨盤ガードル　産後用ガードル　骨盤　骨盤ベルト,"<!--楽天お気に入り登録--><img src=""http://image.rakuten.co.jp/sanchya/cabinet/banner/bookmark-sp330.gif"" alt=""お気に入り登録"">
<br><br><!--楽天お気に入り登録ここまで-->
<div style=""width:610px;margin:0 auto;"">
<table border=""0"" cellspacing=""0"" cellpadding=""0"">
<tr>
<td width=""200""><img src=""http://thumbnail.image.rakuten.co.jp/@0_mall/sanchya/cabinet/3924.jpg?_ex=200x200"" border=""0"" alt=""骨盤ガードル""></td>
<td width=""15""></td>
<td width=""400""><img src=""http://image.rakuten.co.jp/sanchya/cabinet/shorts/3924_bn700pix_00.jpg"" alt=""上下セットにして送料無料！""><br>
<img src=""http://image.rakuten.co.jp/sanchya/cabinet/shorts/recom_btn.jpg"" alt=""一緒に購入する"" border=""0""></td>
</tr>
</table>
<br>
<!--以下商品情報表-->
<div style=""width:600px;margin:0 auto;"">
<table bgcolor=""#a8a8a8"" border=""0"" cellpadding=""1"" cellspacing=""1"" width=""100%"">
      <tr>
        <td width=""100"" align=""center"" bgcolor=""#ffa4d5""><b><font color=""#ffffff"" size=""2"">商品番号</font></b></td><td bgcolor=""#efefef""><font color=""#444444"" size=""2""><b>
【三恵】c1111-549-4040(101210)
</b></font></td>
      </tr>
      <tr>
        <td width=""100"" align=""center"" bgcolor=""#ffa4d5""><b><font color=""#ffffff"" size=""2"">カラー</font></b></td><td bgcolor=""#fdfdfd""><font color=""#444444"" size=""2"">
ベージュ　ブラック</font></td>
      </tr>
      <tr>
        <td width=""100"" align=""center"" bgcolor=""#ffa4d5""><b><font color=""#ffffff"" size=""2"">サイズ</font></b></td><td bgcolor=""#efefef""><font color=""#444444"" size=""2"">
★【58】(ウエスト55-61cm ヒップ78-89cm 股上33cm)<br>
★【64】(ウエスト61-67cm ヒップ83-93cm 股上33cm)<br>
★【70】(ウエスト67-73cm ヒップ86-96cm 股上33.5cm)<br>
★【76】(ウエスト73-79cm ヒップ89-99cm 股上33.5cm)<br>
★【82】(ウエスト78-86cm ヒップ91-103cm 股上33.5cm)<br>
★股下寸法:19cm(全サイズ共通)
</font></td>
      </tr>
      <tr>
        <td width=""100"" align=""center"" bgcolor=""#ffa4d5""><b><font color=""#ffffff"" size=""2"">素材</font></b></td><td bgcolor=""#fdfdfd""><font color=""#444444"" size=""2"">
ナイロン・ポリウレタン・その他
</font></td>
      </tr>
      <tr>
        <td width=""100"" align=""center"" bgcolor=""#ffa4d5""><b><font color=""#ffffff"" size=""2"">原産国</font></b></td><td bgcolor=""#efefef""><font color=""#444444"" size=""2"">
日本製　MADE IN　JAPAN
</font></td>
      </tr>
      <tr>
        <td width=""100"" height=""36"" align=""center"" bgcolor=""#ffa4d5""><b><font color=""#ffffff"" size=""2"">広告文責</font></b></td><td bgcolor=""#fdfdfd""><font color=""#444444"" size=""2"">
株式会社三恵　03-3706-7694<br>
</font></td>
      </tr>
      <tr>
        <td width=""100"" height=""36"" align=""center"" bgcolor=""#ffa4d5""><b><font color=""#ffffff"" size=""2"">ブランド</font></b></td><td bgcolor=""#efefef""><font color=""#444444"" size=""2"">
Sakura Bivi<br>
【骨盤】【目的ボディメイク】【骨盤ゆがみ】【骨盤　歪み】【骨盤ベルト】【産後ガードル】【産後リフォーム】【お試し価格】
</font></td>
      </tr>
</table></div>
</div><div style=""width:610px;margin:0 auto;"">
<p style=""width:600px;height:4.0em;margin:10px auto;padding-top:0.4em;display:block;background-color:#efefef;"">【楽天国際配送対象商品】  楽天国際配送についてはこちらから<br>
Rakuten International Shipping Services (Please write down your address in English)
<span style=""width:550px;display:block;text-align:right;"">★重量：0.3kg</span></p>
<!--おすすめフレーム開始-->

<!--おすすめフレームエンド-->
</div>",【送料無料★メール便★代引き不可】骨盤ガードル ハイウエスト 下着/加圧 (産後ガードル)骨盤ガードル/ボディメイク/骨盤/骨盤 歪み/産後リフォーム/補正下着/骨盤枕【ガードル ヒップアップ】補正下着 補正下着 補正下着 補正下着 補正下着 補正下着：三軒茶屋通信インナーウエア三恵,ショーツブラジャーセクシーメンズスクール入園準備入学準備入学祝ランジェリーストッキングソックスナイティ三軒茶屋ガーターベルトブラショーTブラブラベービードール肌着ブリーフ下着パンツ【送料無料★メール便★代引き不可】骨盤ガードル ハイウエスト 下着/加圧 (産後ガードル)骨盤ガードル/ボディメイク/骨盤/骨盤 歪み/産後リフォーム/補正下着/骨盤枕【ガードル ヒップアップ】補正下着 補正下着 補正下着 補正下着 補正下着 補正下着,骨盤ガードル　産後用ガードル　骨盤　骨盤ベルト。【送料無料★メール便★代引き不可】骨盤ガードル ハイウエスト 下着/加圧 (産後ガードル)骨盤ガードル/ボディメイク/骨盤/骨盤 歪み/産後リフォーム/補正下着/骨盤枕【ガードル ヒップアップ】補正下着 補正下着 補正下着 補正下着 補正下着 補正下着[rn]
29-15091,http://tshop.r10s.jp/sanchya/cabinet/c0777-itibutake.jpg?fitin=700:700,1600.0000,,インナー・下着・ナイトウエア > レディースインナー > 補正下着 > その他,【1分丈】お腹引き締めガードル日本製【送料無料】骨盤枕　補正下着【4036/4050】【smi0801】 【メール便対応★代引き不可】【三恵 インナー レディース】,お腹引き締めガードル日本製,"<!--楽天お気に入り登録--><img src=""http://image.rakuten.co.jp/sanchya/cabinet/banner/bookmark-sp330.gif"" alt=""お気に入り登録""><br><br><!--楽天お気に入り登録ここまで-->
<div style=""width:610px;margin:0 auto;"">
<!--以下商品情報表-->
<div style=""width:600px;margin:0 auto;"">
<img src=""http://image.rakuten.co.jp/sanchya/cabinet/bparts/info-title.jpg"" alt=""アイテムインフォメーション:下着  通販│三軒茶屋通信インナーウエア三恵"" border=""0""><table bgcolor=""#a8a8a8"" border=""0"" cellpadding=""1"" cellspacing=""1"" width=""100%"">
      <tr>
        <td width=""100"" align=""center"" bgcolor=""#ffa4d5""><b><font color=""#ffffff"" size=""2"">商品番号</font></b></td><td bgcolor=""#efefef""><font color=""#444444"" size=""2""><b>
【三恵】c0777-542-4036</b></font></td>
      </tr>
      <tr>
        <td width=""100"" align=""center"" bgcolor=""#ffa4d5""><b><font color=""#ffffff"" size=""2"">カラー</font></b></td><td bgcolor=""#fdfdfd""><font color=""#444444"" size=""2"">
ベージュ　ブラック</font></td>
      </tr>
      <tr>
        <td width=""100"" align=""center"" bgcolor=""#ffa4d5""><b><font color=""#ffffff"" size=""2"">サイズ</font></b></td><td bgcolor=""#efefef""><font color=""#444444"" size=""2"">
★【58】(ウエスト55-61cm ヒップ78-89cm 股上24.5cm)<br>
★【64】(ウエスト61-67cm ヒップ83-93cm 股上24.5cm)<br>
★【70】(ウエスト67-73cm ヒップ86-96cm 股上25cm)<br>
★【76】(ウエスト73-79cm ヒップ89-99cm 股上25cm)<br>
★【82】(ウエスト78-86cm ヒップ91-103cm 股上25cm)<br>
★【90】(ウエスト86-94cm ヒップ94-106cm 股上26cm)<br>
★股下寸法<br>
  ・1分丈9.5cm(全サイズ共通)<br>

</font></td>
      </tr>
      <tr>
        <td width=""100"" align=""center"" bgcolor=""#ffa4d5""><b><font color=""#ffffff"" size=""2"">素材</font></b></td><td bgcolor=""#fdfdfd""><font color=""#444444"" size=""2"">
ナイロン・ポリウレタン・その他
</font></td>
      </tr>
      <tr>
        <td width=""100"" align=""center"" bgcolor=""#ffa4d5""><b><font color=""#ffffff"" size=""2"">原産国</font></b></td><td bgcolor=""#efefef""><font color=""#444444"" size=""2"">
日本製　MADE IN　JAPAN
</font></td>
      </tr>
      <tr>
        <td width=""100"" height=""36"" align=""center"" bgcolor=""#ffa4d5""><b><font color=""#ffffff"" size=""2"">広告文責</font></b></td><td bgcolor=""#fdfdfd""><font color=""#444444"" size=""2"">
株式会社三恵　03-3706-7694<br>
</font></td>
      </tr>
      <tr>
        <td width=""100"" height=""36"" align=""center"" bgcolor=""#ffa4d5""><b><font color=""#ffffff"" size=""2"">ブランド</font></b></td><td bgcolor=""#efefef""><font color=""#444444"" size=""2"">
Sakura Bivi<br>
【骨盤】【目的ボディメイク】【骨盤ゆがみ】【骨盤 歪み】【骨盤ベルト】【産後ガードル】【産後リフォーム】【お試し価格】
</font></td>
      </tr>
  <tr><td width=""100"" height=""36"" align=""center"" bgcolor=""#ffa4d5""><b><font color=""#ffffff"" size=""2"">1分丈ガードルについて</font></b></td><td bgcolor=""#fdfdfd""><b><font color=""#cc0066"" size=""2"">ゼブラ柄の1分丈ガードルはございません</font></b></td>
  </tr>
</table></div>
<table border=""0"" cellspacing=""0"" cellpadding=""0"">
<tr>
<td width=""200""><img src=""http://thumbnail.image.rakuten.co.jp/@0_mall/sanchya/cabinet/3924.jpg?_ex=200x200"" border=""0"" alt=""骨盤ガードル""></td>
<td width=""15""></td>
<td width=""400""><img src=""http://image.rakuten.co.jp/sanchya/cabinet/shorts/3924_bn700pix_00.jpg"" alt=""上下セットにして送料無料！""><br>
<img src=""http://image.rakuten.co.jp/sanchya/cabinet/shorts/recom_btn.jpg"" alt=""一緒に購入する"" border=""0""></td>
</tr>
</table>
<p><font size=""1"" color=""#ffa4d5"">腰痛ベルト　ランキング市場</font></p>
</div><div style=""width:610px;margin:0 auto;"">
<p style=""width:600px;height:4.0em;margin:10px auto;padding-top:0.4em;display:block;background-color:#efefef;"">【楽天国際配送対象商品】  楽天国際配送についてはこちらから<br>
Rakuten International Shipping Services (Please write down your address in English)
<span style=""width:550px;display:block;text-align:right;"">★重量：0.3kg</span></p>
<!--おすすめフレーム開始-->

<!--おすすめフレームエンド-->
</div>",【1分丈】お腹引き締めガードル日本製【送料無料】骨盤枕　補正下着【4036/4050】【smi0801】 【メール便対応★代引き不可】【三恵 インナー レディース】：三軒茶屋通信インナーウエア三恵,ショーツブラジャーセクシーメンズスクール入園準備入学準備入学祝ランジェリーストッキングソックスナイティ三軒茶屋ガーターベルトブラショーTブラブラベービードール肌着ブリーフ下着パンツ【1分丈】お腹引き締めガードル日本製【送料無料】骨盤枕　補正下着【4036/4050】【smi0801】 【メール便対応★代引き不可】【三恵 インナー レディース】,お腹引き締めガードル日本製。【1分丈】お腹引き締めガードル日本製【送料無料】骨盤枕　補正下着【4036/4050】【smi0801】 【メール便対応★代引き不可】【三恵 インナー レディース】[rn]
29-15092,http://tshop.r10s.jp/sanchya/cabinet/c0777.jpg?fitin=700:700,1600.0000,,インナー・下着・ナイトウエア > レディースインナー > 補正下着 > その他,送料無料 骨盤ガードル ガードル ヒップアップ 下着 加圧 /骨盤ガードル/ボディメイク/ 骨盤枕/骨盤ベルト/産後ガードル/腰痛ベルト/骨盤サポート/補正下着 補正下着 補正下着 補正下着 補正下着 補正下着[メール便対応★代引き不可]レディースインナー,骨盤ガードル　骨盤 お腹 引き締め ガードル 日本製,"<!--楽天お気に入り登録--><img src=""http://image.rakuten.co.jp/sanchya/cabinet/banner/bookmark-sp330.gif"" alt=""お気に入り登録""><br><br><!--楽天お気に入り登録ここまで-->
<div style=""width:610px;margin:0 auto;"">
<!--以下商品情報表-->
<div style=""width:600px;margin:0 auto;"">
<img src=""http://image.rakuten.co.jp/sanchya/cabinet/bparts/info-title.jpg"" alt=""アイテムインフォメーション:下着  通販│三軒茶屋通信インナーウエア三恵"" border=""0""><table bgcolor=""#a8a8a8"" border=""0"" cellpadding=""1"" cellspacing=""1"" width=""100%"">
      <tr>
        <td width=""100"" align=""center"" bgcolor=""#ffa4d5""><b><font color=""#ffffff"" size=""2"">商品番号</font></b></td><td bgcolor=""#efefef""><font color=""#444444"" size=""2""><b>
【三恵】c0777-542-4036</b></font></td>
      </tr>
      <tr>
        <td width=""100"" align=""center"" bgcolor=""#ffa4d5""><b><font color=""#ffffff"" size=""2"">カラー</font></b></td><td bgcolor=""#fdfdfd""><font color=""#444444"" size=""2"">
ベージュ　ブラック</font></td>
      </tr>
      <tr>
        <td width=""100"" align=""center"" bgcolor=""#ffa4d5""><b><font color=""#ffffff"" size=""2"">サイズ</font></b></td><td bgcolor=""#efefef""><font color=""#444444"" size=""2"">
★【58】(ウエスト55-61cm ヒップ78-89cm 股上24.5cm)<br>
★【64】(ウエスト61-67cm ヒップ83-93cm 股上24.5cm)<br>
★【70】(ウエスト67-73cm ヒップ86-96cm 股上25cm)<br>
★【76】(ウエスト73-79cm ヒップ89-99cm 股上25cm)<br>
★【82】(ウエスト78-86cm ヒップ91-103cm 股上25cm)<br>
★【90】(ウエスト86-94cm ヒップ94-106cm 股上26cm)<br>
★股下寸法<br>
  ・1分丈9.5cm(全サイズ共通)<br>
  ・3分丈19cm(全サイズ共通)
</font></td>
      </tr>
      <tr>
        <td width=""100"" align=""center"" bgcolor=""#ffa4d5""><b><font color=""#ffffff"" size=""2"">素材</font></b></td><td bgcolor=""#fdfdfd""><font color=""#444444"" size=""2"">
ナイロン・ポリウレタン・その他
</font></td>
      </tr>
      <tr>
        <td width=""100"" align=""center"" bgcolor=""#ffa4d5""><b><font color=""#ffffff"" size=""2"">原産国</font></b></td><td bgcolor=""#efefef""><font color=""#444444"" size=""2"">
日本製　MADE IN　JAPAN
</font></td>
      </tr>
      <tr>
        <td width=""100"" height=""36"" align=""center"" bgcolor=""#ffa4d5""><b><font color=""#ffffff"" size=""2"">広告文責</font></b></td><td bgcolor=""#fdfdfd""><font color=""#444444"" size=""2"">
株式会社三恵　03-3706-7694<br>
</font></td>
      </tr>
      <tr>
        <td width=""100"" height=""36"" align=""center"" bgcolor=""#ffa4d5""><b><font color=""#ffffff"" size=""2"">ブランド</font></b></td><td bgcolor=""#efefef""><font color=""#444444"" size=""2"">
Sakura Bivi<br>
【骨盤】【目的ボディメイク】【骨盤ゆがみ】【骨盤 歪み】【骨盤ベルト】【産後ガードル】【産後リフォーム】【お試し価格】
</font></td>
      </tr>
  <tr><td width=""100"" height=""36"" align=""center"" bgcolor=""#ffa4d5""><b><font color=""#ffffff"" size=""2"">1分丈ガードルについて</font></b></td><td bgcolor=""#fdfdfd""><b><font color=""#cc0066"" size=""2"">ゼブラ柄・ヘム無地の1分丈ガードルはございません</font></b></td>
  </tr>
</table></div>
<table border=""0"" cellspacing=""0"" cellpadding=""0"">
<tr>
<td width=""200""><img src=""http://thumbnail.image.rakuten.co.jp/@0_mall/sanchya/cabinet/3924.jpg?_ex=200x200"" border=""0"" alt=""骨盤ガードル""></td>
<td width=""15""></td>
<td width=""400""><img src=""http://image.rakuten.co.jp/sanchya/cabinet/shorts/3924_bn700pix_00.jpg"" alt=""上下セットにして送料無料！""><br>
<img src=""http://image.rakuten.co.jp/sanchya/cabinet/shorts/recom_btn.jpg"" alt=""一緒に購入する"" border=""0""></td>
</tr>
</table>
</div>
<!--骨盤キーワード対策ここから--->
<div style=""border-style: solid ; border-width: 1px;"">
<font color=""#FF00FF"" size=""+2"">話題の「骨盤ガードル」ってなに・・・？</font><br><br>
<font color=""#292727"">骨盤とは・・？大腿骨と脊柱の間で体を支える一群の骨をまとめて骨盤といいます。<br>
では、骨盤ガードルとは、どんな機能を持つガードルなのでしょうか？？<br>
【骨盤ガードルとは】<br>
1.開いてしまった骨盤をキュッと引き締めます。<br>
2.骨盤の引き締め効果により、ポッコリお腹の解消や、ヒップアップ効果があります。<br>
骨盤周りを立体的にサポートし、太ももも細見えします。<br>
3.骨盤ガードルにも用途別でいろいろな種類や長さがあります。<br>
4.三恵にも骨盤の矯正を目的とした多数の骨盤ガードルの取り扱いあり♪<br><br>

骨盤ガードルを着用することで、開いて歪んでしまっている骨盤を本来の位置に戻します。<br>
そうすることで自然と引き締め効果がでて、骨盤のゆがみが原因で起こる<br>ポッコリお腹やヒップの垂れ予防にもつながります。<br>
三恵で販売をしている骨盤ガードルには、
普段使いしやすい1分丈骨盤ガードルや<br>
ウエストニッパーの機能も備えた、超ハイウエスト骨盤ガードルなど、
多数取り扱いがございます。<br>ラライフスタイルに合わせて賢く骨盤ガードルを使用して、骨盤をはじめとした下半身のお悩みをまとめて解決しちゃいましょう♪<br><br>
<font color=""#FF00FF"" size=""+1"">三恵がオススメする骨盤ガードル★ベスト3★</font><br>
★オススメ骨盤ガードル1★
使いやすい3分丈＆1分丈♪骨盤ガードル<br>
★オススメ骨盤ガードル2★
お腹回りもスッキリ！ハイウエスト骨盤ガードル<br>
★オススメ骨盤ガードル3★
ウエストニッパーの効果も併せ持つ♪超ハイウエスト骨盤ガードル<br>
</div>
<!--骨盤キーワード対策ここまで---><div style=""width:610px;margin:0 auto;"">
<p style=""width:600px;height:4.0em;margin:10px auto;padding-top:0.4em;display:block;background-color:#efefef;"">【楽天国際配送対象商品】  楽天国際配送についてはこちらから<br>
Rakuten International Shipping Services (Please write down your address in English)
<span style=""width:550px;display:block;text-align:right;"">★重量：0.3kg</span></p>
<!--おすすめフレーム開始-->

<!--おすすめフレームエンド-->
</div>",送料無料 骨盤ガードル ガードル ヒップアップ 下着 加圧 /骨盤ガードル/ボディメイク/ 骨盤枕/骨盤ベルト/産後ガードル/腰痛ベルト/骨盤サポート/補正下着 補正下着 補正下着 補正下着 補正下着 補正下着[メール便対応★代引き不可]レディースインナー：三軒茶屋通信インナーウエア三恵,ショーツブラジャーセクシーメンズスクール入園準備入学準備入学祝ランジェリーストッキングソックスナイティ三軒茶屋ガーターベルトブラショーTブラブラベービードール肌着ブリーフ下着パンツ送料無料 骨盤ガードル ガードル ヒップアップ 下着 加圧 /骨盤ガードル/ボディメイク/ 骨盤枕/骨盤ベルト/産後ガードル/腰痛ベルト/骨盤サポート/補正下着 補正下着 補正下着 補正下着 補正下着 補正下着[メール便対応★代引き不可]レディースインナー,骨盤ガードル　骨盤 お腹 引き締め ガードル 日本製。送料無料 骨盤ガードル ガードル ヒップアップ 下着 加圧 /骨盤ガードル/ボディメイク/ 骨盤枕/骨盤ベルト/産後ガードル/腰痛ベルト/骨盤サポート/補正下着 補正下着 補正下着 補正下着 補正下着 補正下着[メール便対応★代引き不可]レディースインナー[rn]
29-15093,http://tshop.r10s.jp/sanchya/cabinet/ra006.jpg?fitin=700:700,7467.2000,,インナー・下着・ナイトウエア > レディースインナー > 補正下着 > その他,【全品送料無料】土井さんのリフトアップロングシェイパー【M L LL】ボディシェイパー 補正インナー 補整インナー 背中補正 ヒップアップ 骨盤ひきしめ 補整下着 補正下着 ウエストライン レース 日本製 取り寄せ商品のためお届けに一週※沖縄へは別途送料400円+税要,骨格補整でシェイプ！土井さんのリフトアップロングシェイパー,"<!--楽天お気に入り登録--><img src=""http://image.rakuten.co.jp/sanchya/cabinet/banner/bookmark-sp330.gif"" alt=""お気に入り登録""><br><br><!--楽天お気に入り登録ここまで-->
<font size=""4"">Item Information</font><hr>
日本製★骨格補整でカラダをシェイプ！<br>
★土井さんのリフトアップロングシェイパー<br>
【Mサイズ】バスト79-87cm・ヒップ87-95cm<br>
ブラジャー相当サイズ：70B-D/75A-B<br>
【Lサイズ】バスト86-94cm・ヒップ92-100cm<br>
ブラジャー相当サイズ：75B-D/80B-C<br>
【LLサイズ】バスト93-101cm・ヒップ97-105cm<br>
ブラジャー相当サイズ：80B-D/85B-D<br><br>
[平置きサイズ(cm)]<br>
Mサイズ：肩幅約25・アーム幅約17cm・着丈約58-53cm<br>
Lサイズ：肩幅約27・アーム幅約18cm・着丈約60-55cm<br>
LLサイズ：肩幅約29・アーム幅約19cm・着丈約62-57cm<br>
カップタイプ：フルカップ<br>
パッド：なし(パッドポケットあり)<br>
ワイヤー：なし<br>
レース：ナイロン50％・ポリウレタン30％・ポリエステル20％<br>
生地：ナイロン82％・ポリウレタン18％<br>
カップ内側：綿100％<br>
日本製<br>
★パッケージ開封後の返品はお受けできません、あらかじめご了承の上お買い求めください。<br>
<hr>ra006-617-NB3800X10(160701-h)<div style=""width:610px;margin:0 auto;"">
<p style=""width:600px;height:4.0em;margin:10px auto;padding-top:0.4em;display:block;background-color:#efefef;"">【楽天国際配送対象商品】  楽天国際配送についてはこちらから<br>
Rakuten International Shipping Services (Please write down your address in English)
<span style=""width:550px;display:block;text-align:right;"">★重量：0.3kg</span></p>
<!--おすすめフレーム開始-->

<!--おすすめフレームエンド-->
</div>",【全品送料無料】土井さんのリフトアップロングシェイパー【M L LL】ボディシェイパー 補正インナー 補整インナー 背中補正 ヒップアップ 骨盤ひきしめ 補整下着 補正下着 ウエストライン レース 日本製 取り寄せ商品のためお届けに一週※沖縄へは別途送料400円+税要：三軒茶屋通信インナーウエア三恵,ショーツブラジャーセクシーメンズスクール入園準備入学準備入学祝ランジェリーストッキングソックスナイティ三軒茶屋ガーターベルトブラショーTブラブラベービードール肌着ブリーフ下着パンツ【全品送料無料】土井さんのリフトアップロングシェイパー【M L LL】ボディシェイパー 補正インナー 補整インナー 背中補正 ヒップアップ 骨盤ひきしめ 補整下着 補正下着 ウエストライン レース 日本製 取り寄せ商品のためお届けに一週※沖縄へは別途送料400円+税要,骨格補整でシェイプ！土井さんのリフトアップロングシェイパー。【全品送料無料】土井さんのリフトアップロングシェイパー【M L LL】ボディシェイパー 補正インナー 補整インナー 背中補正 ヒップアップ 骨盤ひきしめ 補整下着 補正下着 ウエストライン レース 日本製 取り寄せ商品のためお届けに一週※沖縄へは別途送料400円+税要[rn]
29-15094,http://tshop.r10s.jp/sanchya/cabinet/c4588_0510.jpg?fitin=700:700,960.0000,,インナー・下着・ナイトウエア > レディースインナー > 補正下着 > その他,【全品送料無料 メール便対応/代引き不可】骨盤ベルト【M L】補正インナー 背中補正 ヒップアップ 歪み 補整下着 補正下着 無地 レース 骨盤引き締め 骨盤ガードル  骨盤ショーツ 骨盤矯正ベルト 矯正下着 加圧 着圧 [お尻][ヒップアップ ゆがみ解消] 【三恵】,骨盤引き締め☆スタイル改善☆ヒップアップ☆骨盤ベルト,"<!--楽天お気に入り登録--><img src=""http://image.rakuten.co.jp/sanchya/cabinet/banner/bookmark-sp330.gif"" alt=""お気に入り登録""><br><br><!--楽天お気に入り登録ここまで-->
<font size=""4"">Item Information</font><hr>
骨盤引き締め☆スタイル改善☆ヒップアップ☆<br>
★骨盤ベルト<br>
Mサイズ(ヒップ87-95cm)<br>
Lサイズ(ヒップ92-100cm)<br>
ホック：8段3列<br>
身生地：ポリエステル92％・ポリウレタン8％<br>
レース部分：ナイロン90％・ポリウレタン10％<br>
日本企画ミャンマー製<br>
<hr>c4588-213-8X7053(160405-d)<div style=""width:610px;margin:0 auto;"">
<p style=""width:600px;height:4.0em;margin:10px auto;padding-top:0.4em;display:block;background-color:#efefef;"">【楽天国際配送対象商品】  楽天国際配送についてはこちらから<br>
Rakuten International Shipping Services (Please write down your address in English)
<span style=""width:550px;display:block;text-align:right;"">★重量：0.3kg</span></p>
<!--おすすめフレーム開始-->

<!--おすすめフレームエンド-->
</div>",【全品送料無料 メール便対応/代引き不可】骨盤ベルト【M L】補正インナー 背中補正 ヒップアップ 歪み 補整下着 補正下着 無地 レース 骨盤引き締め 骨盤ガードル  骨盤ショーツ 骨盤矯正ベルト 矯正下着 加圧 着圧 [お尻][ヒップアップ ゆがみ解消] 【三恵】：三軒茶屋通信インナーウエア三恵,ショーツブラジャーセクシーメンズスクール入園準備入学準備入学祝ランジェリーストッキングソックスナイティ三軒茶屋ガーターベルトブラショーTブラブラベービードール肌着ブリーフ下着パンツ【全品送料無料 メール便対応/代引き不可】骨盤ベルト【M L】補正インナー 背中補正 ヒップアップ 歪み 補整下着 補正下着 無地 レース 骨盤引き締め 骨盤ガードル  骨盤ショーツ 骨盤矯正ベルト 矯正下着 加圧 着圧 [お尻][ヒップアップ ゆがみ解消] 【三恵】,骨盤引き締め☆スタイル改善☆ヒップアップ☆骨盤ベルト。【全品送料無料 メール便対応/代引き不可】骨盤ベルト【M L】補正インナー 背中補正 ヒップアップ 歪み 補整下着 補正下着 無地 レース 骨盤引き締め 骨盤ガードル  骨盤ショーツ 骨盤矯正ベルト 矯正下着 加圧 着圧 [お尻][ヒップアップ ゆがみ解消] 【三恵】[rn]
29-15095,http://tshop.r10s.jp/sanchya/cabinet/c3984.jpg?fitin=700:700,1600.0000,,インナー・下着・ナイトウエア > レディースインナー > 補正下着 > その他,【全品送料無料 メール便対応/代引き不可】バストアップインナー【M L LL】【SPIRAL VIEW】ボディシェイパー 補正インナー 補整下着 補正下着 ウエストライン 無地 ボディシェイプ ヘム加工 保湿加工【三恵】,SPIRAL VIEW★バストアップインナー,"<!--楽天お気に入り登録--><img src=""http://image.rakuten.co.jp/sanchya/cabinet/banner/bookmark-sp330.gif"" alt=""お気に入り登録""><br><br><!--楽天お気に入り登録ここまで-->
<font size=""4"">Item Information</font><hr>
SPIRAL VIEW★メリハリボディですっきりシルエット<br>
★バストアップインナー<br>
Mサイズ(バスト79-87cm)<br>
Lサイズ(バスト86-94cm)<br>
LLサイズ(バスト93-101cm)<br>
ナイロン・ポリウレタン<br>
カップ：なし<br>
パッド：なし<br>
ワイヤー：なし<br>
日本企画中国製<br>
SPIRAL VIEW<br>
・幅広ストラップで肩の負担を軽減<br>
・ボディの側面(脇)をしっかりサポート<br>
・ヘム仕様でヒップラインスッキリ<br>
<hr>c3984-604-6668(160428-h)<div style=""width:610px;margin:0 auto;"">
<p style=""width:600px;height:4.0em;margin:10px auto;padding-top:0.4em;display:block;background-color:#efefef;"">【楽天国際配送対象商品】  楽天国際配送についてはこちらから<br>
Rakuten International Shipping Services (Please write down your address in English)
<span style=""width:550px;display:block;text-align:right;"">★重量：0.3kg</span></p>
<!--おすすめフレーム開始-->

<!--おすすめフレームエンド-->
</div>",【全品送料無料 メール便対応/代引き不可】バストアップインナー【M L LL】【SPIRAL VIEW】ボディシェイパー 補正インナー 補整下着 補正下着 ウエストライン 無地 ボディシェイプ ヘム加工 保湿加工【三恵】：三軒茶屋通信インナーウエア三恵,ショーツブラジャーセクシーメンズスクール入園準備入学準備入学祝ランジェリーストッキングソックスナイティ三軒茶屋ガーターベルトブラショーTブラブラベービードール肌着ブリーフ下着パンツ【全品送料無料 メール便対応/代引き不可】バストアップインナー【M L LL】【SPIRAL VIEW】ボディシェイパー 補正インナー 補整下着 補正下着 ウエストライン 無地 ボディシェイプ ヘム加工 保湿加工【三恵】,SPIRAL VIEW★バストアップインナー。【全品送料無料 メール便対応/代引き不可】バストアップインナー【M L LL】【SPIRAL VIEW】ボディシェイパー 補正インナー 補整下着 補正下着 ウエストライン 無地 ボディシェイプ ヘム加工 保湿加工【三恵】[rn]
29-15096,http://tshop.r10s.jp/sanchya/cabinet/c3985.jpg?fitin=700:700,1840.0000,,インナー・下着・ナイトウエア > レディースインナー > 補正下着 > その他,【全品送料無料】カップ付きシェイパー【M L LL】【SPIRAL VIEW】ボディシェイパー 補正インナー 補整下着 補正下着 ウエストライン 無地 ボディシェイプ ヘム加工 保湿加工【三恵】※沖縄へは別途送料400円+税要,SPIRAL VIEW★1枚着るだけでスタイル美人♪カップ付きシェイパー,"<!--楽天お気に入り登録--><img src=""http://image.rakuten.co.jp/sanchya/cabinet/banner/bookmark-sp330.gif"" alt=""お気に入り登録""><br><br><!--楽天お気に入り登録ここまで-->
<font size=""4"">Item Information</font><hr>
SPIRAL VIEW★1枚着るだけでスタイル美人♪<br>
★カップ付きシェイパー<br>
Mサイズ(バスト79-87cm)<br>
Lサイズ(バスト86-94cm)<br>
LLサイズ(バスト93-101cm)<br>
カップ部：ポリエステル100％<br>
身生地：ポリエステル・ナイロン<br>
パッド：厚内蔵パッド(約10mm)・レモンパッドなし(ポケットなし)<br>
ストラップ：取り外し不可<br>
ワイヤー：なし<br>
日本企画中国製<br>
SPIRAL VIEW<br>
・幅広ストラップで肩の負担を軽減<br>
・ボディの側面(脇)をしっかりサポート<br>
・ヘム仕様でヒップラインスッキリ<br>
<hr>c3985-604-2389(160428-h)<div style=""width:610px;margin:0 auto;"">
<p style=""width:600px;height:4.0em;margin:10px auto;padding-top:0.4em;display:block;background-color:#efefef;"">【楽天国際配送対象商品】  楽天国際配送についてはこちらから<br>
Rakuten International Shipping Services (Please write down your address in English)
<span style=""width:550px;display:block;text-align:right;"">★重量：0.3kg</span></p>
<!--おすすめフレーム開始-->

<!--おすすめフレームエンド-->
</div>",【全品送料無料】カップ付きシェイパー【M L LL】【SPIRAL VIEW】ボディシェイパー 補正インナー 補整下着 補正下着 ウエストライン 無地 ボディシェイプ ヘム加工 保湿加工【三恵】※沖縄へは別途送料400円+税要：三軒茶屋通信インナーウエア三恵,ショーツブラジャーセクシーメンズスクール入園準備入学準備入学祝ランジェリーストッキングソックスナイティ三軒茶屋ガーターベルトブラショーTブラブラベービードール肌着ブリーフ下着パンツ【全品送料無料】カップ付きシェイパー【M L LL】【SPIRAL VIEW】ボディシェイパー 補正インナー 補整下着 補正下着 ウエストライン 無地 ボディシェイプ ヘム加工 保湿加工【三恵】※沖縄へは別途送料400円+税要,SPIRAL VIEW★1枚着るだけでスタイル美人♪カップ付きシェイパー。【全品送料無料】カップ付きシェイパー【M L LL】【SPIRAL VIEW】ボディシェイパー 補正インナー 補整下着 補正下着 ウエストライン 無地 ボディシェイプ ヘム加工 保湿加工【三恵】※沖縄へは別途送料400円+税要[rn]
29-15097,http://tshop.r10s.jp/sanchya/cabinet/c4867.jpg?fitin=700:700,1600.0000,,インナー・下着・ナイトウエア > レディースインナー > 補正下着 > その他,【全品送料無料 メール便対応/代引き不可】バストアップインナー【M L LL】【SPIRAL VIEW】ボディシェイパー 補正インナー 補整下着 補正下着 ウエストライン スッキリ 無地 ボディシェイプ ヘム加工【三恵】,SPIRAL VIEW★つけた瞬間メリハリボディ★バストアップインナー,"<!--楽天お気に入り登録--><img src=""http://image.rakuten.co.jp/sanchya/cabinet/banner/bookmark-sp330.gif"" alt=""お気に入り登録""><br><br><!--楽天お気に入り登録ここまで-->
<font size=""4"">Item Information</font><hr>
SPIRAL VIEW★つけた瞬間メリハリボディ★<br>
★バストアップインナー<br>
Mサイズ(バスト79-87cm)<br>
Lサイズ(バスト86-94cm)<br>
LLサイズ(バスト93-101cm)<br>
ナイロン・ポリウレタン<br>
カップ：なし<br>
パッド：なし<br>
ワイヤー：なし<br>
日本製生地使用<br>
日本企画中国製<br>
SPIRAL VIEW<br>
・幅広ストラップで肩の負担を軽減<br>
・ボディの側面(脇)をしっかりサポート<br>
・ヘム仕様でヒップラインスッキリ<br>
<hr>c4867-604-2518(170206-d)<div style=""width:610px;margin:0 auto;"">
<p style=""width:600px;height:4.0em;margin:10px auto;padding-top:0.4em;display:block;background-color:#efefef;"">【楽天国際配送対象商品】  楽天国際配送についてはこちらから<br>
Rakuten International Shipping Services (Please write down your address in English)
<span style=""width:550px;display:block;text-align:right;"">★重量：0.3kg</span></p>
<!--おすすめフレーム開始-->

<!--おすすめフレームエンド-->
</div>",【全品送料無料 メール便対応/代引き不可】バストアップインナー【M L LL】【SPIRAL VIEW】ボディシェイパー 補正インナー 補整下着 補正下着 ウエストライン スッキリ 無地 ボディシェイプ ヘム加工【三恵】：三軒茶屋通信インナーウエア三恵,ショーツブラジャーセクシーメンズスクール入園準備入学準備入学祝ランジェリーストッキングソックスナイティ三軒茶屋ガーターベルトブラショーTブラブラベービードール肌着ブリーフ下着パンツ【全品送料無料 メール便対応/代引き不可】バストアップインナー【M L LL】【SPIRAL VIEW】ボディシェイパー 補正インナー 補整下着 補正下着 ウエストライン スッキリ 無地 ボディシェイプ ヘム加工【三恵】,SPIRAL VIEW★つけた瞬間メリハリボディ★バストアップインナー。【全品送料無料 メール便対応/代引き不可】バストアップインナー【M L LL】【SPIRAL VIEW】ボディシェイパー 補正インナー 補整下着 補正下着 ウエストライン スッキリ 無地 ボディシェイプ ヘム加工【三恵】[rn]
29-15098,http://tshop.r10s.jp/sanchya/cabinet/2923.jpg?fitin=700:700,800.0000,,インナー・下着・ナイトウエア > レディースインナー > 補正下着 > その他,【全品送料無料 メール便対応/代引き不可】補正下着 バストアップ シェイパー【7312C.3245C.1129C】ボディシェーパー ウエストニッパー 加圧下着 着圧下着 補正 補整 下着 補正インナー ボディスーツ補整下着【目的ボディメイク】ベージュ ブラック【三恵 インナー レディー,背筋すっきり・お腹をシェイプ,"<!--楽天お気に入り登録--><img src=""http://image.rakuten.co.jp/sanchya/cabinet/banner/bookmark-sp330.gif"" alt=""お気に入り登録"">
<br><br><!--楽天お気に入り登録ここまで-->
<div style=""width:610px;margin:0 auto;"">
<!--以下商品情報表-->
<div style=""width:600px;margin:0 auto;"">
<img src=""http://image.rakuten.co.jp/sanchya/cabinet/bparts/info-title.jpg"" alt=""アイテムインフォメーション:下着  通販│三軒茶屋通信インナーウエア三恵"" border=""0""><table bgcolor=""#a8a8a8"" border=""0"" cellpadding=""1"" cellspacing=""1"" width=""100%"">
      <tr>
        <td width=""100"" align=""center"" bgcolor=""#ffa4d5""><b><font color=""#ffffff"" size=""2"">商品番号</font></b></td><td bgcolor=""#efefef""><font color=""#444444"" size=""2""><b>
【三恵】2923-515e(120726)</b></font></td>
      </tr>
      <tr>
        <td width=""100"" align=""center"" bgcolor=""#ffa4d5""><b><font color=""#ffffff"" size=""2"">カラー</font></b></td><td bgcolor=""#fdfdfd""><font color=""#444444"" size=""2"">
オレンジレース、パープルレース、濃いベージュ、ブラック、豹柄、花柄ブラック、花柄ホワイト</font></td>
      </tr>
      <tr>
        <td width=""100"" align=""center"" bgcolor=""#ffa4d5""><b><font color=""#ffffff"" size=""2"">サイズ</font></b></td><td bgcolor=""#efefef""><font color=""#444444"" size=""2"">
M（バスト79-87cm）<br>
L（バスト86-94cm）<br>
LL（バスト93-101cm）
</font></td>
      </tr>
      <tr>
        <td width=""100"" align=""center"" bgcolor=""#ffa4d5""><b><font color=""#ffffff"" size=""2"">素材</font></b></td><td bgcolor=""#fdfdfd""><font color=""#444444"" size=""2"">
身生地：ナイロン90％・ポリウレタン10％<br>
レース部分：ナイロン・ポリウレタン
</font></td>
      </tr>
      <tr>
        <td width=""100"" align=""center"" bgcolor=""#ffa4d5""><b><font color=""#ffffff"" size=""2"">原産国</font></b></td><td bgcolor=""#efefef""><font color=""#444444"" size=""2"">
日本企画中国製
</font></td>
      </tr>
      <tr>
        <td width=""100"" height=""36"" align=""center"" bgcolor=""#ffa4d5""><b><font color=""#ffffff"" size=""2"">特徴</font></b></td><td bgcolor=""#fdfdfd""><font color=""#444444"" size=""2"">
補整インナー<br>
パワーネット使用
</font></td>
      </tr>
</table></div>
</div><div style=""width:610px;margin:0 auto;"">
<p style=""width:600px;height:4.0em;margin:10px auto;padding-top:0.4em;display:block;background-color:#efefef;"">【楽天国際配送対象商品】  楽天国際配送についてはこちらから<br>
Rakuten International Shipping Services (Please write down your address in English)
<span style=""width:550px;display:block;text-align:right;"">★重量：0.3kg</span></p>
<!--おすすめフレーム開始-->

<!--おすすめフレームエンド-->
</div>",【全品送料無料 メール便対応/代引き不可】補正下着 バストアップ シェイパー【7312C.3245C.1129C】ボディシェーパー ウエストニッパー 加圧下着 着圧下着 補正 補整 下着 補正インナー ボディスーツ補整下着【目的ボディメイク】ベージュ ブラック【三恵 インナー レディー：三軒茶屋通信インナーウエア三恵,ショーツブラジャーセクシーメンズスクール入園準備入学準備入学祝ランジェリーストッキングソックスナイティ三軒茶屋ガーターベルトブラショーTブラブラベービードール肌着ブリーフ下着パンツ【全品送料無料 メール便対応/代引き不可】補正下着 バストアップ シェイパー【7312C.3245C.1129C】ボディシェーパー ウエストニッパー 加圧下着 着圧下着 補正 補整 下着 補正インナー ボディスーツ補整下着【目的ボディメイク】ベージュ ブラック【三恵 インナー レディー,背筋すっきり・お腹をシェイプ。【全品送料無料 メール便対応/代引き不可】補正下着 バストアップ シェイパー【7312C.3245C.1129C】ボディシェーパー ウエストニッパー 加圧下着 着圧下着 補正 補整 下着 補正インナー ボディスーツ補整下着【目的ボディメイク】ベージュ ブラック【三恵 インナー レディー[rn]
29-15099,http://tshop.r10s.jp/maniac/cabinet/sunglass3/imgrc0069784802.jpg?fitin=700:700,5676.0000,,バッグ・小物・ブランド雑貨 > 眼鏡・サングラス > サングラス,【5/31まで！PT５倍中】FILTRATE フィルトレイト サングラス INJECTED - STRUMMER ストラマー BLACK MATTE/GREY ブラックマット/グレーレンズ 偏光レンズ かっこいい かわいい おしゃれ 【あす楽対応】【火曜日発送不可】,【商品名】☆１０％オフ☆,"<table width=""700""> <tr><td bgcolor=""#000000"" width=""195"" align=""center""><font size=""2"" color=""#ffffff"">商品名</font></td> <td width=""5"">&nbsp;</td> <td width=""500""><font size=""2""> FILTRATE フィルトレイト サングラス INJECTED - STRUMMER ストラマー BLACK MATTE/GREY ブラックマット/グレーレンズ【火曜日発送不可】【あす楽対応】</font></td> </tr> </table> <br> <!--ここまで商品名-->
<IMG src=""http://image.rakuten.co.jp/maniac/cabinet/sunglass3/imgrc0069784802.jpg""><br><br>
<IMG src=""http://image.rakuten.co.jp/maniac/cabinet/sunglass3/imgrc0069784803.jpg""><br><br>
<br>
<a name=""spec""></a> <font size=""2"">※モニター等の状況によりカラーの見え方が多少変わってしまう場合もございます。予めご了承下さい。</font>
<br>
<br>
<table width=""700"">
<tr><td colspan=""2""><font size=""2"">商品説明</font><br><hr size=""1"" width=""700""></td></tr>
<tr><td><font size=""2"">
-FILTRATE-<br>
オーストラリア生まれ、カリフォルニア育ちのサングラスブランドFILTRATE。<br>
ライダーには、フリースタイルモトクロスライダー""Twitch""ことJeremy Stenberg（ ジェレミー・ステンバーグ）、元WCT選手のShane Beschen（シェーン・ベッシェン）の息子であるNoah Beschen（ノア・ベッシェン）、元WCT選手でハワイアンのレジェンド的存在 Pancho Sullivan（パンチョ・サリバン）などを抱え、さらにLOSTサーフボードのシェイパー""MEYHEM""ことMatt Biolos（マット・バイオロス）もFILTRATEを愛用している。<br>
ニーズに合わせた豊富なラインナップはもちろんのこと、一押しポイントはやはりリーズナブルな価格。<br>
Tシャツやキャップをチョイスする感覚で、気軽に揃えて行くことができます。<br>
<br>
- INJECTED -<br>
経済的で耐久性に優れた素材のメモリフレックスフレーム(GRILAMID TR-90)を使用し、ビーチ、タウン、アウトドア、すべてのシーンで幅広く愛用できるラインです。<br>
<br>
- POLARIZED レンズ (偏光レンズ)-<br>
水、雪、その他の平らな表面の可視性と色のコントラストからの眩しさを99％除去し、紫外線から100％の保護を提供します。<br>
<br>
- STRUMMER -<br>
近年需要が爆発的に伸びている定番のスクエアタイプのサングラス。<br>
シンプルで飽きがなく、様々なファッションにマッチしやすいデザインにより、FILTRATEのベストセラーモデルとなっています。<br>
メンズ、レディース共に自分用はもちろん、プレゼント用としてもとてもオススメなアイテムです。<br>
<br>
<br>
</font></td></tr></table>

マニアック（マニアックサーフ）で販売している商品は、スタッフが自信を持ってオススメ出来るサーフィン用品・アウトドア用品・スケートボード用品・アパレルグッズです。<br>商品に関するお問い合わせなどもお気軽にご連絡ください。<br><div class=""fc_kago""></div><br>メーカー希望小売価格はメーカーカタログに基づいて掲載しています<br><img src=""http://image.rakuten.co.jp/maniac/cabinet/evidence/catalog-banner.jpg""><br><link href=""http://www.rakuten.ne.jp/gold/maniac/bland_link/iframe.css"" rel=""stylesheet"" type=""text/css"">
<link href=""http://www.rakuten.ne.jp/gold/maniac/frame/iframe.css"" rel=""stylesheet"" type=""text/css"">

<!--ここから編集可-->

<!---->




<style>
span.choice{
  display:block;
  width:350px;
  background:#0089d1;
  padding:5px;
  margin:5px 0 5px 0;
}

/*納期情報フォントサイズ*/
td.inventory font{font-size:10px;color:#ff0000;}
td.inventory{word-wrap:break-word;width:80px;}
</style>",【5/31まで！PT５倍中】FILTRATE フィルトレイト サングラス INJECTED - STRUMMER ストラマー BLACK MATTE/GREY ブラックマット/グレーレンズ 偏光レンズ かっこいい かわいい おしゃれ 【あす楽対応】【火曜日発送不可】：マニアック,サーフィンスケートボードアウトドアサーフ系ファッションVOLCOMroialTCSSBANKSAFENDSメンズレディース便利グッズ初心者ブランドスケボー時計シューズ通販サーファー【5/31まで！PT５倍中】FILTRATE フィルトレイト サングラス INJECTED - STRUMMER ストラマー BLACK MATTE/GREY ブラックマット/グレーレンズ 偏光レンズ かっこいい かわいい おしゃれ 【あす楽対応】【火曜日発送不可】,【商品名】☆１０％オフ☆。【5/31まで！PT５倍中】FILTRATE フィルトレイト サングラス INJECTED - STRUMMER ストラマー BLACK MATTE/GREY ブラックマット/グレーレンズ 偏光レンズ かっこいい かわいい おしゃれ 【あす楽対応】【火曜日発送不可】[rn]
29-15100,http://tshop.r10s.jp/maniac/cabinet/sunglass3/imgrc0069784823.jpg?fitin=700:700,5676.0000,,バッグ・小物・ブランド雑貨 > 眼鏡・サングラス > サングラス,【5/31まで！PT５倍中】FILTRATE フィルトレイト サングラス INJECTED - STRUMMER ストラマー MATTE CLEAR/GREY マットクリアー/グレーレンズ 偏光レンズ かっこいい かわいい おしゃれ 【あす楽対応】【火曜日発送不可】,【商品名】☆１０％オフ☆,"<table width=""700""> <tr><td bgcolor=""#000000"" width=""195"" align=""center""><font size=""2"" color=""#ffffff"">商品名</font></td> <td width=""5"">&nbsp;</td> <td width=""500""><font size=""2""> FILTRATE フィルトレイト サングラス INJECTED - STRUMMER ストラマー MATTE CLEAR/GREY マットクリアー/グレーレンズ【火曜日発送不可】【あす楽対応】</font></td> </tr> </table> <br> <!--ここまで商品名-->
<IMG src=""http://image.rakuten.co.jp/maniac/cabinet/sunglass3/imgrc0069784823.jpg""><br><br>
<IMG src=""http://image.rakuten.co.jp/maniac/cabinet/sunglass3/imgrc0069784824.jpg""><br><br>
<br>
<a name=""spec""></a> <font size=""2"">※モニター等の状況によりカラーの見え方が多少変わってしまう場合もございます。予めご了承下さい。</font>
<br>
<br>
<table width=""700"">
<tr><td colspan=""2""><font size=""2"">商品説明</font><br><hr size=""1"" width=""700""></td></tr>
<tr><td><font size=""2"">
-FILTRATE-<br>
オーストラリア生まれ、カリフォルニア育ちのサングラスブランドFILTRATE。<br>
ライダーには、フリースタイルモトクロスライダー""Twitch""ことJeremy Stenberg（ ジェレミー・ステンバーグ）、元WCT選手のShane Beschen（シェーン・ベッシェン）の息子であるNoah Beschen（ノア・ベッシェン）、元WCT選手でハワイアンのレジェンド的存在 Pancho Sullivan（パンチョ・サリバン）などを抱え、さらにLOSTサーフボードのシェイパー""MEYHEM""ことMatt Biolos（マット・バイオロス）もFILTRATEを愛用している。<br>
ニーズに合わせた豊富なラインナップはもちろんのこと、一押しポイントはやはりリーズナブルな価格。<br>
Tシャツやキャップをチョイスする感覚で、気軽に揃えて行くことができます。<br>
<br>
- INJECTED -<br>
経済的で耐久性に優れた素材のメモリフレックスフレーム(GRILAMID TR-90)を使用し、ビーチ、タウン、アウトドア、すべてのシーンで幅広く愛用できるラインです。<br>
<br>
- POLARIZED レンズ (偏光レンズ)-<br>
水、雪、その他の平らな表面の可視性と色のコントラストからの眩しさを99％除去し、紫外線から100％の保護を提供します。<br>
<br>
- STRUMMER -<br>
近年需要が爆発的に伸びている定番のスクエアタイプのサングラス。<br>
シンプルで飽きがなく、様々なファッションにマッチしやすいデザインにより、FILTRATEのベストセラーモデルとなっています。<br>
メンズ、レディース共に自分用はもちろん、プレゼント用としてもとてもオススメなアイテムです。<br>
<br>
<br>
</font></td></tr></table>

マニアック（マニアックサーフ）で販売している商品は、スタッフが自信を持ってオススメ出来るサーフィン用品・アウトドア用品・スケートボード用品・アパレルグッズです。<br>商品に関するお問い合わせなどもお気軽にご連絡ください。<br><div class=""fc_kago""></div><br>メーカー希望小売価格はメーカーカタログに基づいて掲載しています<br><img src=""http://image.rakuten.co.jp/maniac/cabinet/evidence/catalog-banner.jpg""><br><link href=""http://www.rakuten.ne.jp/gold/maniac/bland_link/iframe.css"" rel=""stylesheet"" type=""text/css"">
<link href=""http://www.rakuten.ne.jp/gold/maniac/frame/iframe.css"" rel=""stylesheet"" type=""text/css"">

<!--ここから編集可-->

<!---->




<style>
span.choice{
  display:block;
  width:350px;
  background:#0089d1;
  padding:5px;
  margin:5px 0 5px 0;
}

/*納期情報フォントサイズ*/
td.inventory font{font-size:10px;color:#ff0000;}
td.inventory{word-wrap:break-word;width:80px;}
</style>",【5/31まで！PT５倍中】FILTRATE フィルトレイト サングラス INJECTED - STRUMMER ストラマー MATTE CLEAR/GREY マットクリアー/グレーレンズ 偏光レンズ かっこいい かわいい おしゃれ 【あす楽対応】【火曜日発送不可】：マニアック,サーフィンスケートボードアウトドアサーフ系ファッションVOLCOMroialTCSSBANKSAFENDSメンズレディース便利グッズ初心者ブランドスケボー時計シューズ通販サーファー【5/31まで！PT５倍中】FILTRATE フィルトレイト サングラス INJECTED - STRUMMER ストラマー MATTE CLEAR/GREY マットクリアー/グレーレンズ 偏光レンズ かっこいい かわいい おしゃれ 【あす楽対応】【火曜日発送不可】,【商品名】☆１０％オフ☆。【5/31まで！PT５倍中】FILTRATE フィルトレイト サングラス INJECTED - STRUMMER ストラマー MATTE CLEAR/GREY マットクリアー/グレーレンズ 偏光レンズ かっこいい かわいい おしゃれ 【あす楽対応】【火曜日発送不可】[rn]
