24-4101,http://tshop.r10s.jp/carus/cabinet/exterior/carbon_m_img.jpg?fitin=700:700,3840.0000,,車用品・バイク用品 > カー用品 > 外装パーツ > その他,■ダイハツ■ムーヴコンテ■ドライカーボン製ショートアンテナ70mm■ヘリカルコイル内蔵■日本製,日本製,"<table border=""0"">
<tr>
<TD align=""center"" width=""245"" style=""border-width : 1px;border-style : solid;border-color : #ffa600;"" bgcolor=""#ffa600"">
<B><FONT size=""2""><BR>【車種で検索】<br>
      車種別で商品を見つける！<BR>
      </font></B><br>
</TD>
</tr>
<tr>
<TD bgcolor=""#ffffff"">

<img src=""http://image.rakuten.co.jp/carus/cabinet/top2007/domestic.gif"" width=""245"" border=""0"">
<BR><font size=""4"">国産車種別はこちら</font>
</TD>
</tr>
<tr>
<TD bgcolor=""#ffffff"">

<img src=""http://image.rakuten.co.jp/carus/cabinet/top2007/import.gif"" width=""245"" border=""0"">
<BR><font size=""4"">輸入車種別はこちら</font>
</TD>
</tr>
</table><BR>【DH075】<center>
<TABLE>
  <TBODY>
    <TR>
      <TD><IMG src=""http://image.rakuten.co.jp/carus/cabinet/hiace_300bn.jpg"" width=""180"" alt=""200系ハイエース""><BR>
      <font size=""1"">【200系ハイエースのパーツはこちら】</font></TD>
      <TD><IMG src=""http://image.rakuten.co.jp/carus/cabinet/prius_300bn.jpg"" width=""180"" alt=""プリウス""><BR>
      <font size=""1"">【30プリウスのパーツはこちら】</font></TD>
      <TD><IMG src=""http://image.rakuten.co.jp/carus/cabinet/aqua_300bn.jpg"" width=""180"" alt=""アクア""><BR>
      <font size=""1"">【アクアのパーツはこちら】</font></TD>
　　</TR>
    <TR>
      <TD><IMG src=""http://image.rakuten.co.jp/carus/cabinet/priusa_300bn.jpg"" width=""180"" alt=""プリウスα""><BR>
      <font size=""1"">【プリウスαのパーツはこちら】</font></TD>
      <TD><IMG src=""http://image.rakuten.co.jp/carus/cabinet/every_300bn.jpg"" width=""180"" alt=""エブリイワゴン""><BR>
      <font size=""1"">【エブリイワゴンのパーツはこちら】</font></TD>
      <TD><IMG src=""http://image.rakuten.co.jp/carus/cabinet/serena_300bn.jpg"" width=""180"" alt=""セレナC26""><BR>
      <font size=""1"">【セレナC26のパーツはこちら】</font></TD>
　　</TR>
    <TR>
      <TD><IMG src=""http://image.rakuten.co.jp/carus/cabinet/jimny_300bn.jpg"" width=""180"" alt=""ジムニー""><BR>
      <font size=""1"">【ジムニーのパーツはこちら】</font></TD>
      <TD><IMG src=""http://image.rakuten.co.jp/carus/cabinet/alphard_300bn.jpg"" width=""180"" alt=""アルファード""><BR>
      <font size=""1"">【アルファードのパーツはこちら】</font></TD>
      <TD><IMG src=""http://image.rakuten.co.jp/carus/cabinet/vellfire_300bn.jpg"" width=""180"" alt=""ヴェルファイア""><BR>
      <font size=""1"">【ヴェルファイアのパーツはこちら】</font></TD>
　　</TR>
<TR>
   <TD colspan=""3""><IMG src=""http://image.rakuten.co.jp/carus/cabinet/top2007/iris.jpg"" width=""550"" style=""border-width : 1px;border-style : solid;border-color : #ff0000;""><BR>
            <FONT size=""2"">【収納ラック】軽自動車・普通車・ＲＶ車など各種あり</FONT></TD>
    </TR>
<TR>
      <TD colspan=""3""><IMG src=""http://image.rakuten.co.jp/carus/cabinet/top2007/img59369572.jpg"" width=""550"" style=""border-width : 1px;border-style : solid;border-color : #ff0000;"" alt=""プラグ""><BR>
            <font size=""2"">ノーマルからチューニングエンジンまで各種お選びください！</font></TD>
    </TR>
<TR>
      <TD colspan=""3""><IMG src=""http://image.rakuten.co.jp/carus/cabinet/mcgard-bnr2.jpg"" width=""550"" style=""border-width : 1px;border-style : solid;border-color : #ff0000;""><BR>
            <FONT size=""2"">【ホイールに鍵】マックガードを車種別でご用意しております！</FONT></TD>
    </TR>
    <TR>
      <TD colspan=""3""><IMG src=""http://image.rakuten.co.jp/carus/cabinet/top2007/aircleaner_bn.jpg"" width=""550"" style=""border-width : 1px;border-style : solid;border-color : #ff0000;"" alt=""エアクリーナー""><BR>
            <FONT size=""2"">640車種以上！豊富な車種バリエーション！</FONT></TD>
    </TR>
  </TBODY>
      </TABLE>
<BR>
<FONT color=""#ff0000"" size=""2"">欲しいパーツが見つからない場合は</FONT><FONT size=""2"">info@carus.co.jp</FONT><FONT color=""#ff0000"" size=""2"">まで希望商品をお問合わせ下さい！</FONT>
</center>",■ダイハツ■ムーヴコンテ■ドライカーボン製ショートアンテナ70mm■ヘリカルコイル内蔵■日本製：カルースオートパーツ,車検対応改造純正激安サスペンションエアロ競技用ホイールナットロックナットワイドトレッドスペーサーワイトレHIDシートカバーバッテリーエアクリーナースパークプラグヘッドライト200系ハイエースプリウスヴェルファイア■ダイハツ■ムーヴコンテ■ドライカーボン製ショートアンテナ70mm■ヘリカルコイル内蔵■日本製,日本製。■ダイハツ■ムーヴコンテ■ドライカーボン製ショートアンテナ70mm■ヘリカルコイル内蔵■日本製[rn]
24-4102,http://tshop.r10s.jp/carus/cabinet/exterior/carbon_m_img.jpg?fitin=700:700,3840.0000,,車用品・バイク用品 > カー用品 > 外装パーツ > その他,■スバル■トラヴィック■ドライカーボン製ショートアンテナ70mm■ヘリカルコイル内蔵■日本製,日本製,"<table border=""0"">
<tr>
<TD align=""center"" width=""245"" style=""border-width : 1px;border-style : solid;border-color : #ffa600;"" bgcolor=""#ffa600"">
<B><FONT size=""2""><BR>【車種で検索】<br>
      車種別で商品を見つける！<BR>
      </font></B><br>
</TD>
</tr>
<tr>
<TD bgcolor=""#ffffff"">

<img src=""http://image.rakuten.co.jp/carus/cabinet/top2007/domestic.gif"" width=""245"" border=""0"">
<BR><font size=""4"">国産車種別はこちら</font>
</TD>
</tr>
<tr>
<TD bgcolor=""#ffffff"">

<img src=""http://image.rakuten.co.jp/carus/cabinet/top2007/import.gif"" width=""245"" border=""0"">
<BR><font size=""4"">輸入車種別はこちら</font>
</TD>
</tr>
</table><BR>【SB035】<center>
<TABLE>
  <TBODY>
    <TR>
      <TD><IMG src=""http://image.rakuten.co.jp/carus/cabinet/hiace_300bn.jpg"" width=""180"" alt=""200系ハイエース""><BR>
      <font size=""1"">【200系ハイエースのパーツはこちら】</font></TD>
      <TD><IMG src=""http://image.rakuten.co.jp/carus/cabinet/prius_300bn.jpg"" width=""180"" alt=""プリウス""><BR>
      <font size=""1"">【30プリウスのパーツはこちら】</font></TD>
      <TD><IMG src=""http://image.rakuten.co.jp/carus/cabinet/aqua_300bn.jpg"" width=""180"" alt=""アクア""><BR>
      <font size=""1"">【アクアのパーツはこちら】</font></TD>
　　</TR>
    <TR>
      <TD><IMG src=""http://image.rakuten.co.jp/carus/cabinet/priusa_300bn.jpg"" width=""180"" alt=""プリウスα""><BR>
      <font size=""1"">【プリウスαのパーツはこちら】</font></TD>
      <TD><IMG src=""http://image.rakuten.co.jp/carus/cabinet/every_300bn.jpg"" width=""180"" alt=""エブリイワゴン""><BR>
      <font size=""1"">【エブリイワゴンのパーツはこちら】</font></TD>
      <TD><IMG src=""http://image.rakuten.co.jp/carus/cabinet/serena_300bn.jpg"" width=""180"" alt=""セレナC26""><BR>
      <font size=""1"">【セレナC26のパーツはこちら】</font></TD>
　　</TR>
    <TR>
      <TD><IMG src=""http://image.rakuten.co.jp/carus/cabinet/jimny_300bn.jpg"" width=""180"" alt=""ジムニー""><BR>
      <font size=""1"">【ジムニーのパーツはこちら】</font></TD>
      <TD><IMG src=""http://image.rakuten.co.jp/carus/cabinet/alphard_300bn.jpg"" width=""180"" alt=""アルファード""><BR>
      <font size=""1"">【アルファードのパーツはこちら】</font></TD>
      <TD><IMG src=""http://image.rakuten.co.jp/carus/cabinet/vellfire_300bn.jpg"" width=""180"" alt=""ヴェルファイア""><BR>
      <font size=""1"">【ヴェルファイアのパーツはこちら】</font></TD>
　　</TR>
<TR>
   <TD colspan=""3""><IMG src=""http://image.rakuten.co.jp/carus/cabinet/top2007/iris.jpg"" width=""550"" style=""border-width : 1px;border-style : solid;border-color : #ff0000;""><BR>
            <FONT size=""2"">【収納ラック】軽自動車・普通車・ＲＶ車など各種あり</FONT></TD>
    </TR>
<TR>
      <TD colspan=""3""><IMG src=""http://image.rakuten.co.jp/carus/cabinet/top2007/img59369572.jpg"" width=""550"" style=""border-width : 1px;border-style : solid;border-color : #ff0000;"" alt=""プラグ""><BR>
            <font size=""2"">ノーマルからチューニングエンジンまで各種お選びください！</font></TD>
    </TR>
<TR>
      <TD colspan=""3""><IMG src=""http://image.rakuten.co.jp/carus/cabinet/mcgard-bnr2.jpg"" width=""550"" style=""border-width : 1px;border-style : solid;border-color : #ff0000;""><BR>
            <FONT size=""2"">【ホイールに鍵】マックガードを車種別でご用意しております！</FONT></TD>
    </TR>
    <TR>
      <TD colspan=""3""><IMG src=""http://image.rakuten.co.jp/carus/cabinet/top2007/aircleaner_bn.jpg"" width=""550"" style=""border-width : 1px;border-style : solid;border-color : #ff0000;"" alt=""エアクリーナー""><BR>
            <FONT size=""2"">640車種以上！豊富な車種バリエーション！</FONT></TD>
    </TR>
  </TBODY>
      </TABLE>
<BR>
<FONT color=""#ff0000"" size=""2"">欲しいパーツが見つからない場合は</FONT><FONT size=""2"">info@carus.co.jp</FONT><FONT color=""#ff0000"" size=""2"">まで希望商品をお問合わせ下さい！</FONT>
</center>",■スバル■トラヴィック■ドライカーボン製ショートアンテナ70mm■ヘリカルコイル内蔵■日本製：カルースオートパーツ,車検対応改造純正激安サスペンションエアロ競技用ホイールナットロックナットワイドトレッドスペーサーワイトレHIDシートカバーバッテリーエアクリーナースパークプラグヘッドライト200系ハイエースプリウスヴェルファイア■スバル■トラヴィック■ドライカーボン製ショートアンテナ70mm■ヘリカルコイル内蔵■日本製,日本製。■スバル■トラヴィック■ドライカーボン製ショートアンテナ70mm■ヘリカルコイル内蔵■日本製[rn]
24-4103,http://tshop.r10s.jp/carus/cabinet/exterior/carbon_s_img.jpg?fitin=700:700,3840.0000,,車用品・バイク用品 > カー用品 > 外装パーツ > その他,■スバル■インプレッサ■ドライカーボン製スーパーショートアンテナ50mm■ヘリカルコイル内蔵■日本製,日本製,"<table border=""0"">
<tr>
<TD align=""center"" width=""245"" style=""border-width : 1px;border-style : solid;border-color : #ffa600;"" bgcolor=""#ffa600"">
<B><FONT size=""2""><BR>【車種で検索】<br>
      車種別で商品を見つける！<BR>
      </font></B><br>
</TD>
</tr>
<tr>
<TD bgcolor=""#ffffff"">

<img src=""http://image.rakuten.co.jp/carus/cabinet/top2007/domestic.gif"" width=""245"" border=""0"">
<BR><font size=""4"">国産車種別はこちら</font>
</TD>
</tr>
<tr>
<TD bgcolor=""#ffffff"">

<img src=""http://image.rakuten.co.jp/carus/cabinet/top2007/import.gif"" width=""245"" border=""0"">
<BR><font size=""4"">輸入車種別はこちら</font>
</TD>
</tr>
</table><BR>【SB007】【SB011】<center>
<TABLE>
  <TBODY>
    <TR>
      <TD><IMG src=""http://image.rakuten.co.jp/carus/cabinet/hiace_300bn.jpg"" width=""180"" alt=""200系ハイエース""><BR>
      <font size=""1"">【200系ハイエースのパーツはこちら】</font></TD>
      <TD><IMG src=""http://image.rakuten.co.jp/carus/cabinet/prius_300bn.jpg"" width=""180"" alt=""プリウス""><BR>
      <font size=""1"">【30プリウスのパーツはこちら】</font></TD>
      <TD><IMG src=""http://image.rakuten.co.jp/carus/cabinet/aqua_300bn.jpg"" width=""180"" alt=""アクア""><BR>
      <font size=""1"">【アクアのパーツはこちら】</font></TD>
　　</TR>
    <TR>
      <TD><IMG src=""http://image.rakuten.co.jp/carus/cabinet/priusa_300bn.jpg"" width=""180"" alt=""プリウスα""><BR>
      <font size=""1"">【プリウスαのパーツはこちら】</font></TD>
      <TD><IMG src=""http://image.rakuten.co.jp/carus/cabinet/every_300bn.jpg"" width=""180"" alt=""エブリイワゴン""><BR>
      <font size=""1"">【エブリイワゴンのパーツはこちら】</font></TD>
      <TD><IMG src=""http://image.rakuten.co.jp/carus/cabinet/serena_300bn.jpg"" width=""180"" alt=""セレナC26""><BR>
      <font size=""1"">【セレナC26のパーツはこちら】</font></TD>
　　</TR>
    <TR>
      <TD><IMG src=""http://image.rakuten.co.jp/carus/cabinet/jimny_300bn.jpg"" width=""180"" alt=""ジムニー""><BR>
      <font size=""1"">【ジムニーのパーツはこちら】</font></TD>
      <TD><IMG src=""http://image.rakuten.co.jp/carus/cabinet/alphard_300bn.jpg"" width=""180"" alt=""アルファード""><BR>
      <font size=""1"">【アルファードのパーツはこちら】</font></TD>
      <TD><IMG src=""http://image.rakuten.co.jp/carus/cabinet/vellfire_300bn.jpg"" width=""180"" alt=""ヴェルファイア""><BR>
      <font size=""1"">【ヴェルファイアのパーツはこちら】</font></TD>
　　</TR>
<TR>
   <TD colspan=""3""><IMG src=""http://image.rakuten.co.jp/carus/cabinet/top2007/iris.jpg"" width=""550"" style=""border-width : 1px;border-style : solid;border-color : #ff0000;""><BR>
            <FONT size=""2"">【収納ラック】軽自動車・普通車・ＲＶ車など各種あり</FONT></TD>
    </TR>
<TR>
      <TD colspan=""3""><IMG src=""http://image.rakuten.co.jp/carus/cabinet/top2007/img59369572.jpg"" width=""550"" style=""border-width : 1px;border-style : solid;border-color : #ff0000;"" alt=""プラグ""><BR>
            <font size=""2"">ノーマルからチューニングエンジンまで各種お選びください！</font></TD>
    </TR>
<TR>
      <TD colspan=""3""><IMG src=""http://image.rakuten.co.jp/carus/cabinet/mcgard-bnr2.jpg"" width=""550"" style=""border-width : 1px;border-style : solid;border-color : #ff0000;""><BR>
            <FONT size=""2"">【ホイールに鍵】マックガードを車種別でご用意しております！</FONT></TD>
    </TR>
    <TR>
      <TD colspan=""3""><IMG src=""http://image.rakuten.co.jp/carus/cabinet/top2007/aircleaner_bn.jpg"" width=""550"" style=""border-width : 1px;border-style : solid;border-color : #ff0000;"" alt=""エアクリーナー""><BR>
            <FONT size=""2"">640車種以上！豊富な車種バリエーション！</FONT></TD>
    </TR>
  </TBODY>
      </TABLE>
<BR>
<FONT color=""#ff0000"" size=""2"">欲しいパーツが見つからない場合は</FONT><FONT size=""2"">info@carus.co.jp</FONT><FONT color=""#ff0000"" size=""2"">まで希望商品をお問合わせ下さい！</FONT>
</center>",■スバル■インプレッサ■ドライカーボン製スーパーショートアンテナ50mm■ヘリカルコイル内蔵■日本製：カルースオートパーツ,車検対応改造純正激安サスペンションエアロ競技用ホイールナットロックナットワイドトレッドスペーサーワイトレHIDシートカバーバッテリーエアクリーナースパークプラグヘッドライト200系ハイエースプリウスヴェルファイア■スバル■インプレッサ■ドライカーボン製スーパーショートアンテナ50mm■ヘリカルコイル内蔵■日本製,日本製。■スバル■インプレッサ■ドライカーボン製スーパーショートアンテナ50mm■ヘリカルコイル内蔵■日本製[rn]
24-4104,http://tshop.r10s.jp/carus/cabinet/exterior/carbon_s_img.jpg?fitin=700:700,3840.0000,,車用品・バイク用品 > カー用品 > 外装パーツ > その他,■スバル■ルクラ■ドライカーボン製スーパーショートアンテナ50mm■ヘリカルコイル内蔵■日本製,日本製,"<table border=""0"">
<tr>
<TD align=""center"" width=""245"" style=""border-width : 1px;border-style : solid;border-color : #ffa600;"" bgcolor=""#ffa600"">
<B><FONT size=""2""><BR>【車種で検索】<br>
      車種別で商品を見つける！<BR>
      </font></B><br>
</TD>
</tr>
<tr>
<TD bgcolor=""#ffffff"">

<img src=""http://image.rakuten.co.jp/carus/cabinet/top2007/domestic.gif"" width=""245"" border=""0"">
<BR><font size=""4"">国産車種別はこちら</font>
</TD>
</tr>
<tr>
<TD bgcolor=""#ffffff"">

<img src=""http://image.rakuten.co.jp/carus/cabinet/top2007/import.gif"" width=""245"" border=""0"">
<BR><font size=""4"">輸入車種別はこちら</font>
</TD>
</tr>
</table><BR>【SB050】【SB051】<center>
<TABLE>
  <TBODY>
    <TR>
      <TD><IMG src=""http://image.rakuten.co.jp/carus/cabinet/hiace_300bn.jpg"" width=""180"" alt=""200系ハイエース""><BR>
      <font size=""1"">【200系ハイエースのパーツはこちら】</font></TD>
      <TD><IMG src=""http://image.rakuten.co.jp/carus/cabinet/prius_300bn.jpg"" width=""180"" alt=""プリウス""><BR>
      <font size=""1"">【30プリウスのパーツはこちら】</font></TD>
      <TD><IMG src=""http://image.rakuten.co.jp/carus/cabinet/aqua_300bn.jpg"" width=""180"" alt=""アクア""><BR>
      <font size=""1"">【アクアのパーツはこちら】</font></TD>
　　</TR>
    <TR>
      <TD><IMG src=""http://image.rakuten.co.jp/carus/cabinet/priusa_300bn.jpg"" width=""180"" alt=""プリウスα""><BR>
      <font size=""1"">【プリウスαのパーツはこちら】</font></TD>
      <TD><IMG src=""http://image.rakuten.co.jp/carus/cabinet/every_300bn.jpg"" width=""180"" alt=""エブリイワゴン""><BR>
      <font size=""1"">【エブリイワゴンのパーツはこちら】</font></TD>
      <TD><IMG src=""http://image.rakuten.co.jp/carus/cabinet/serena_300bn.jpg"" width=""180"" alt=""セレナC26""><BR>
      <font size=""1"">【セレナC26のパーツはこちら】</font></TD>
　　</TR>
    <TR>
      <TD><IMG src=""http://image.rakuten.co.jp/carus/cabinet/jimny_300bn.jpg"" width=""180"" alt=""ジムニー""><BR>
      <font size=""1"">【ジムニーのパーツはこちら】</font></TD>
      <TD><IMG src=""http://image.rakuten.co.jp/carus/cabinet/alphard_300bn.jpg"" width=""180"" alt=""アルファード""><BR>
      <font size=""1"">【アルファードのパーツはこちら】</font></TD>
      <TD><IMG src=""http://image.rakuten.co.jp/carus/cabinet/vellfire_300bn.jpg"" width=""180"" alt=""ヴェルファイア""><BR>
      <font size=""1"">【ヴェルファイアのパーツはこちら】</font></TD>
　　</TR>
<TR>
   <TD colspan=""3""><IMG src=""http://image.rakuten.co.jp/carus/cabinet/top2007/iris.jpg"" width=""550"" style=""border-width : 1px;border-style : solid;border-color : #ff0000;""><BR>
            <FONT size=""2"">【収納ラック】軽自動車・普通車・ＲＶ車など各種あり</FONT></TD>
    </TR>
<TR>
      <TD colspan=""3""><IMG src=""http://image.rakuten.co.jp/carus/cabinet/top2007/img59369572.jpg"" width=""550"" style=""border-width : 1px;border-style : solid;border-color : #ff0000;"" alt=""プラグ""><BR>
            <font size=""2"">ノーマルからチューニングエンジンまで各種お選びください！</font></TD>
    </TR>
<TR>
      <TD colspan=""3""><IMG src=""http://image.rakuten.co.jp/carus/cabinet/mcgard-bnr2.jpg"" width=""550"" style=""border-width : 1px;border-style : solid;border-color : #ff0000;""><BR>
            <FONT size=""2"">【ホイールに鍵】マックガードを車種別でご用意しております！</FONT></TD>
    </TR>
    <TR>
      <TD colspan=""3""><IMG src=""http://image.rakuten.co.jp/carus/cabinet/top2007/aircleaner_bn.jpg"" width=""550"" style=""border-width : 1px;border-style : solid;border-color : #ff0000;"" alt=""エアクリーナー""><BR>
            <FONT size=""2"">640車種以上！豊富な車種バリエーション！</FONT></TD>
    </TR>
  </TBODY>
      </TABLE>
<BR>
<FONT color=""#ff0000"" size=""2"">欲しいパーツが見つからない場合は</FONT><FONT size=""2"">info@carus.co.jp</FONT><FONT color=""#ff0000"" size=""2"">まで希望商品をお問合わせ下さい！</FONT>
</center>",■スバル■ルクラ■ドライカーボン製スーパーショートアンテナ50mm■ヘリカルコイル内蔵■日本製：カルースオートパーツ,車検対応改造純正激安サスペンションエアロ競技用ホイールナットロックナットワイドトレッドスペーサーワイトレHIDシートカバーバッテリーエアクリーナースパークプラグヘッドライト200系ハイエースプリウスヴェルファイア■スバル■ルクラ■ドライカーボン製スーパーショートアンテナ50mm■ヘリカルコイル内蔵■日本製,日本製。■スバル■ルクラ■ドライカーボン製スーパーショートアンテナ50mm■ヘリカルコイル内蔵■日本製[rn]
24-4105,http://tshop.r10s.jp/carus/cabinet/exterior/carbon_m_img.jpg?fitin=700:700,3840.0000,,車用品・バイク用品 > カー用品 > 外装パーツ > その他,■スバル■インプレッサ■ドライカーボン製ショートアンテナ70mm■ヘリカルコイル内蔵■日本製,日本製,"<table border=""0"">
<tr>
<TD align=""center"" width=""245"" style=""border-width : 1px;border-style : solid;border-color : #ffa600;"" bgcolor=""#ffa600"">
<B><FONT size=""2""><BR>【車種で検索】<br>
      車種別で商品を見つける！<BR>
      </font></B><br>
</TD>
</tr>
<tr>
<TD bgcolor=""#ffffff"">

<img src=""http://image.rakuten.co.jp/carus/cabinet/top2007/domestic.gif"" width=""245"" border=""0"">
<BR><font size=""4"">国産車種別はこちら</font>
</TD>
</tr>
<tr>
<TD bgcolor=""#ffffff"">

<img src=""http://image.rakuten.co.jp/carus/cabinet/top2007/import.gif"" width=""245"" border=""0"">
<BR><font size=""4"">輸入車種別はこちら</font>
</TD>
</tr>
</table><BR>【SB007】【SB011】<center>
<TABLE>
  <TBODY>
    <TR>
      <TD><IMG src=""http://image.rakuten.co.jp/carus/cabinet/hiace_300bn.jpg"" width=""180"" alt=""200系ハイエース""><BR>
      <font size=""1"">【200系ハイエースのパーツはこちら】</font></TD>
      <TD><IMG src=""http://image.rakuten.co.jp/carus/cabinet/prius_300bn.jpg"" width=""180"" alt=""プリウス""><BR>
      <font size=""1"">【30プリウスのパーツはこちら】</font></TD>
      <TD><IMG src=""http://image.rakuten.co.jp/carus/cabinet/aqua_300bn.jpg"" width=""180"" alt=""アクア""><BR>
      <font size=""1"">【アクアのパーツはこちら】</font></TD>
　　</TR>
    <TR>
      <TD><IMG src=""http://image.rakuten.co.jp/carus/cabinet/priusa_300bn.jpg"" width=""180"" alt=""プリウスα""><BR>
      <font size=""1"">【プリウスαのパーツはこちら】</font></TD>
      <TD><IMG src=""http://image.rakuten.co.jp/carus/cabinet/every_300bn.jpg"" width=""180"" alt=""エブリイワゴン""><BR>
      <font size=""1"">【エブリイワゴンのパーツはこちら】</font></TD>
      <TD><IMG src=""http://image.rakuten.co.jp/carus/cabinet/serena_300bn.jpg"" width=""180"" alt=""セレナC26""><BR>
      <font size=""1"">【セレナC26のパーツはこちら】</font></TD>
　　</TR>
    <TR>
      <TD><IMG src=""http://image.rakuten.co.jp/carus/cabinet/jimny_300bn.jpg"" width=""180"" alt=""ジムニー""><BR>
      <font size=""1"">【ジムニーのパーツはこちら】</font></TD>
      <TD><IMG src=""http://image.rakuten.co.jp/carus/cabinet/alphard_300bn.jpg"" width=""180"" alt=""アルファード""><BR>
      <font size=""1"">【アルファードのパーツはこちら】</font></TD>
      <TD><IMG src=""http://image.rakuten.co.jp/carus/cabinet/vellfire_300bn.jpg"" width=""180"" alt=""ヴェルファイア""><BR>
      <font size=""1"">【ヴェルファイアのパーツはこちら】</font></TD>
　　</TR>
<TR>
   <TD colspan=""3""><IMG src=""http://image.rakuten.co.jp/carus/cabinet/top2007/iris.jpg"" width=""550"" style=""border-width : 1px;border-style : solid;border-color : #ff0000;""><BR>
            <FONT size=""2"">【収納ラック】軽自動車・普通車・ＲＶ車など各種あり</FONT></TD>
    </TR>
<TR>
      <TD colspan=""3""><IMG src=""http://image.rakuten.co.jp/carus/cabinet/top2007/img59369572.jpg"" width=""550"" style=""border-width : 1px;border-style : solid;border-color : #ff0000;"" alt=""プラグ""><BR>
            <font size=""2"">ノーマルからチューニングエンジンまで各種お選びください！</font></TD>
    </TR>
<TR>
      <TD colspan=""3""><IMG src=""http://image.rakuten.co.jp/carus/cabinet/mcgard-bnr2.jpg"" width=""550"" style=""border-width : 1px;border-style : solid;border-color : #ff0000;""><BR>
            <FONT size=""2"">【ホイールに鍵】マックガードを車種別でご用意しております！</FONT></TD>
    </TR>
    <TR>
      <TD colspan=""3""><IMG src=""http://image.rakuten.co.jp/carus/cabinet/top2007/aircleaner_bn.jpg"" width=""550"" style=""border-width : 1px;border-style : solid;border-color : #ff0000;"" alt=""エアクリーナー""><BR>
            <FONT size=""2"">640車種以上！豊富な車種バリエーション！</FONT></TD>
    </TR>
  </TBODY>
      </TABLE>
<BR>
<FONT color=""#ff0000"" size=""2"">欲しいパーツが見つからない場合は</FONT><FONT size=""2"">info@carus.co.jp</FONT><FONT color=""#ff0000"" size=""2"">まで希望商品をお問合わせ下さい！</FONT>
</center>",■スバル■インプレッサ■ドライカーボン製ショートアンテナ70mm■ヘリカルコイル内蔵■日本製：カルースオートパーツ,車検対応改造純正激安サスペンションエアロ競技用ホイールナットロックナットワイドトレッドスペーサーワイトレHIDシートカバーバッテリーエアクリーナースパークプラグヘッドライト200系ハイエースプリウスヴェルファイア■スバル■インプレッサ■ドライカーボン製ショートアンテナ70mm■ヘリカルコイル内蔵■日本製,日本製。■スバル■インプレッサ■ドライカーボン製ショートアンテナ70mm■ヘリカルコイル内蔵■日本製[rn]
24-4106,http://tshop.r10s.jp/carus/cabinet/exterior/carbon_m_img.jpg?fitin=700:700,3840.0000,,車用品・バイク用品 > カー用品 > 外装パーツ > その他,■スバル■トレジア■ドライカーボン製ショートアンテナ70mm■ヘリカルコイル内蔵■日本製,日本製,"<table border=""0"">
<tr>
<TD align=""center"" width=""245"" style=""border-width : 1px;border-style : solid;border-color : #ffa600;"" bgcolor=""#ffa600"">
<B><FONT size=""2""><BR>【車種で検索】<br>
      車種別で商品を見つける！<BR>
      </font></B><br>
</TD>
</tr>
<tr>
<TD bgcolor=""#ffffff"">

<img src=""http://image.rakuten.co.jp/carus/cabinet/top2007/domestic.gif"" width=""245"" border=""0"">
<BR><font size=""4"">国産車種別はこちら</font>
</TD>
</tr>
<tr>
<TD bgcolor=""#ffffff"">

<img src=""http://image.rakuten.co.jp/carus/cabinet/top2007/import.gif"" width=""245"" border=""0"">
<BR><font size=""4"">輸入車種別はこちら</font>
</TD>
</tr>
</table><BR>【SB036】<center>
<TABLE>
  <TBODY>
    <TR>
      <TD><IMG src=""http://image.rakuten.co.jp/carus/cabinet/hiace_300bn.jpg"" width=""180"" alt=""200系ハイエース""><BR>
      <font size=""1"">【200系ハイエースのパーツはこちら】</font></TD>
      <TD><IMG src=""http://image.rakuten.co.jp/carus/cabinet/prius_300bn.jpg"" width=""180"" alt=""プリウス""><BR>
      <font size=""1"">【30プリウスのパーツはこちら】</font></TD>
      <TD><IMG src=""http://image.rakuten.co.jp/carus/cabinet/aqua_300bn.jpg"" width=""180"" alt=""アクア""><BR>
      <font size=""1"">【アクアのパーツはこちら】</font></TD>
　　</TR>
    <TR>
      <TD><IMG src=""http://image.rakuten.co.jp/carus/cabinet/priusa_300bn.jpg"" width=""180"" alt=""プリウスα""><BR>
      <font size=""1"">【プリウスαのパーツはこちら】</font></TD>
      <TD><IMG src=""http://image.rakuten.co.jp/carus/cabinet/every_300bn.jpg"" width=""180"" alt=""エブリイワゴン""><BR>
      <font size=""1"">【エブリイワゴンのパーツはこちら】</font></TD>
      <TD><IMG src=""http://image.rakuten.co.jp/carus/cabinet/serena_300bn.jpg"" width=""180"" alt=""セレナC26""><BR>
      <font size=""1"">【セレナC26のパーツはこちら】</font></TD>
　　</TR>
    <TR>
      <TD><IMG src=""http://image.rakuten.co.jp/carus/cabinet/jimny_300bn.jpg"" width=""180"" alt=""ジムニー""><BR>
      <font size=""1"">【ジムニーのパーツはこちら】</font></TD>
      <TD><IMG src=""http://image.rakuten.co.jp/carus/cabinet/alphard_300bn.jpg"" width=""180"" alt=""アルファード""><BR>
      <font size=""1"">【アルファードのパーツはこちら】</font></TD>
      <TD><IMG src=""http://image.rakuten.co.jp/carus/cabinet/vellfire_300bn.jpg"" width=""180"" alt=""ヴェルファイア""><BR>
      <font size=""1"">【ヴェルファイアのパーツはこちら】</font></TD>
　　</TR>
<TR>
   <TD colspan=""3""><IMG src=""http://image.rakuten.co.jp/carus/cabinet/top2007/iris.jpg"" width=""550"" style=""border-width : 1px;border-style : solid;border-color : #ff0000;""><BR>
            <FONT size=""2"">【収納ラック】軽自動車・普通車・ＲＶ車など各種あり</FONT></TD>
    </TR>
<TR>
      <TD colspan=""3""><IMG src=""http://image.rakuten.co.jp/carus/cabinet/top2007/img59369572.jpg"" width=""550"" style=""border-width : 1px;border-style : solid;border-color : #ff0000;"" alt=""プラグ""><BR>
            <font size=""2"">ノーマルからチューニングエンジンまで各種お選びください！</font></TD>
    </TR>
<TR>
      <TD colspan=""3""><IMG src=""http://image.rakuten.co.jp/carus/cabinet/mcgard-bnr2.jpg"" width=""550"" style=""border-width : 1px;border-style : solid;border-color : #ff0000;""><BR>
            <FONT size=""2"">【ホイールに鍵】マックガードを車種別でご用意しております！</FONT></TD>
    </TR>
    <TR>
      <TD colspan=""3""><IMG src=""http://image.rakuten.co.jp/carus/cabinet/top2007/aircleaner_bn.jpg"" width=""550"" style=""border-width : 1px;border-style : solid;border-color : #ff0000;"" alt=""エアクリーナー""><BR>
            <FONT size=""2"">640車種以上！豊富な車種バリエーション！</FONT></TD>
    </TR>
  </TBODY>
      </TABLE>
<BR>
<FONT color=""#ff0000"" size=""2"">欲しいパーツが見つからない場合は</FONT><FONT size=""2"">info@carus.co.jp</FONT><FONT color=""#ff0000"" size=""2"">まで希望商品をお問合わせ下さい！</FONT>
</center>",■スバル■トレジア■ドライカーボン製ショートアンテナ70mm■ヘリカルコイル内蔵■日本製：カルースオートパーツ,車検対応改造純正激安サスペンションエアロ競技用ホイールナットロックナットワイドトレッドスペーサーワイトレHIDシートカバーバッテリーエアクリーナースパークプラグヘッドライト200系ハイエースプリウスヴェルファイア■スバル■トレジア■ドライカーボン製ショートアンテナ70mm■ヘリカルコイル内蔵■日本製,日本製。■スバル■トレジア■ドライカーボン製ショートアンテナ70mm■ヘリカルコイル内蔵■日本製[rn]
24-4107,http://tshop.r10s.jp/carus/cabinet/exterior/carbon_s_img.jpg?fitin=700:700,3840.0000,,車用品・バイク用品 > カー用品 > 外装パーツ > その他,■スバル■BRZ■ドライカーボン製スーパーショートアンテナ50mm■ヘリカルコイル内蔵■日本製,日本製,"<table border=""0"">
<tr>
<TD align=""center"" width=""245"" style=""border-width : 1px;border-style : solid;border-color : #ffa600;"" bgcolor=""#ffa600"">
<B><FONT size=""2""><BR>【車種で検索】<br>
      車種別で商品を見つける！<BR>
      </font></B><br>
</TD>
</tr>
<tr>
<TD bgcolor=""#ffffff"">

<img src=""http://image.rakuten.co.jp/carus/cabinet/top2007/domestic.gif"" width=""245"" border=""0"">
<BR><font size=""4"">国産車種別はこちら</font>
</TD>
</tr>
<tr>
<TD bgcolor=""#ffffff"">

<img src=""http://image.rakuten.co.jp/carus/cabinet/top2007/import.gif"" width=""245"" border=""0"">
<BR><font size=""4"">輸入車種別はこちら</font>
</TD>
</tr>
</table><BR>【SB068】<center>
<TABLE>
  <TBODY>
    <TR>
      <TD><IMG src=""http://image.rakuten.co.jp/carus/cabinet/hiace_300bn.jpg"" width=""180"" alt=""200系ハイエース""><BR>
      <font size=""1"">【200系ハイエースのパーツはこちら】</font></TD>
      <TD><IMG src=""http://image.rakuten.co.jp/carus/cabinet/prius_300bn.jpg"" width=""180"" alt=""プリウス""><BR>
      <font size=""1"">【30プリウスのパーツはこちら】</font></TD>
      <TD><IMG src=""http://image.rakuten.co.jp/carus/cabinet/aqua_300bn.jpg"" width=""180"" alt=""アクア""><BR>
      <font size=""1"">【アクアのパーツはこちら】</font></TD>
　　</TR>
    <TR>
      <TD><IMG src=""http://image.rakuten.co.jp/carus/cabinet/priusa_300bn.jpg"" width=""180"" alt=""プリウスα""><BR>
      <font size=""1"">【プリウスαのパーツはこちら】</font></TD>
      <TD><IMG src=""http://image.rakuten.co.jp/carus/cabinet/every_300bn.jpg"" width=""180"" alt=""エブリイワゴン""><BR>
      <font size=""1"">【エブリイワゴンのパーツはこちら】</font></TD>
      <TD><IMG src=""http://image.rakuten.co.jp/carus/cabinet/serena_300bn.jpg"" width=""180"" alt=""セレナC26""><BR>
      <font size=""1"">【セレナC26のパーツはこちら】</font></TD>
　　</TR>
    <TR>
      <TD><IMG src=""http://image.rakuten.co.jp/carus/cabinet/jimny_300bn.jpg"" width=""180"" alt=""ジムニー""><BR>
      <font size=""1"">【ジムニーのパーツはこちら】</font></TD>
      <TD><IMG src=""http://image.rakuten.co.jp/carus/cabinet/alphard_300bn.jpg"" width=""180"" alt=""アルファード""><BR>
      <font size=""1"">【アルファードのパーツはこちら】</font></TD>
      <TD><IMG src=""http://image.rakuten.co.jp/carus/cabinet/vellfire_300bn.jpg"" width=""180"" alt=""ヴェルファイア""><BR>
      <font size=""1"">【ヴェルファイアのパーツはこちら】</font></TD>
　　</TR>
<TR>
   <TD colspan=""3""><IMG src=""http://image.rakuten.co.jp/carus/cabinet/top2007/iris.jpg"" width=""550"" style=""border-width : 1px;border-style : solid;border-color : #ff0000;""><BR>
            <FONT size=""2"">【収納ラック】軽自動車・普通車・ＲＶ車など各種あり</FONT></TD>
    </TR>
<TR>
      <TD colspan=""3""><IMG src=""http://image.rakuten.co.jp/carus/cabinet/top2007/img59369572.jpg"" width=""550"" style=""border-width : 1px;border-style : solid;border-color : #ff0000;"" alt=""プラグ""><BR>
            <font size=""2"">ノーマルからチューニングエンジンまで各種お選びください！</font></TD>
    </TR>
<TR>
      <TD colspan=""3""><IMG src=""http://image.rakuten.co.jp/carus/cabinet/mcgard-bnr2.jpg"" width=""550"" style=""border-width : 1px;border-style : solid;border-color : #ff0000;""><BR>
            <FONT size=""2"">【ホイールに鍵】マックガードを車種別でご用意しております！</FONT></TD>
    </TR>
    <TR>
      <TD colspan=""3""><IMG src=""http://image.rakuten.co.jp/carus/cabinet/top2007/aircleaner_bn.jpg"" width=""550"" style=""border-width : 1px;border-style : solid;border-color : #ff0000;"" alt=""エアクリーナー""><BR>
            <FONT size=""2"">640車種以上！豊富な車種バリエーション！</FONT></TD>
    </TR>
  </TBODY>
      </TABLE>
<BR>
<FONT color=""#ff0000"" size=""2"">欲しいパーツが見つからない場合は</FONT><FONT size=""2"">info@carus.co.jp</FONT><FONT color=""#ff0000"" size=""2"">まで希望商品をお問合わせ下さい！</FONT>
</center>",■スバル■BRZ■ドライカーボン製スーパーショートアンテナ50mm■ヘリカルコイル内蔵■日本製：カルースオートパーツ,車検対応改造純正激安サスペンションエアロ競技用ホイールナットロックナットワイドトレッドスペーサーワイトレHIDシートカバーバッテリーエアクリーナースパークプラグヘッドライト200系ハイエースプリウスヴェルファイア■スバル■BRZ■ドライカーボン製スーパーショートアンテナ50mm■ヘリカルコイル内蔵■日本製,日本製。■スバル■BRZ■ドライカーボン製スーパーショートアンテナ50mm■ヘリカルコイル内蔵■日本製[rn]
24-4108,http://tshop.r10s.jp/carus/cabinet/exterior/carbon_s_img.jpg?fitin=700:700,3840.0000,,車用品・バイク用品 > カー用品 > 外装パーツ > その他,■スバル■ステラ■ドライカーボン製スーパーショートアンテナ50mm■ヘリカルコイル内蔵■日本製,日本製,"<table border=""0"">
<tr>
<TD align=""center"" width=""245"" style=""border-width : 1px;border-style : solid;border-color : #ffa600;"" bgcolor=""#ffa600"">
<B><FONT size=""2""><BR>【車種で検索】<br>
      車種別で商品を見つける！<BR>
      </font></B><br>
</TD>
</tr>
<tr>
<TD bgcolor=""#ffffff"">

<img src=""http://image.rakuten.co.jp/carus/cabinet/top2007/domestic.gif"" width=""245"" border=""0"">
<BR><font size=""4"">国産車種別はこちら</font>
</TD>
</tr>
<tr>
<TD bgcolor=""#ffffff"">

<img src=""http://image.rakuten.co.jp/carus/cabinet/top2007/import.gif"" width=""245"" border=""0"">
<BR><font size=""4"">輸入車種別はこちら</font>
</TD>
</tr>
</table><BR>【SB030】【SB031】【SB073】【SB079】【SB080】<center>
<TABLE>
  <TBODY>
    <TR>
      <TD><IMG src=""http://image.rakuten.co.jp/carus/cabinet/hiace_300bn.jpg"" width=""180"" alt=""200系ハイエース""><BR>
      <font size=""1"">【200系ハイエースのパーツはこちら】</font></TD>
      <TD><IMG src=""http://image.rakuten.co.jp/carus/cabinet/prius_300bn.jpg"" width=""180"" alt=""プリウス""><BR>
      <font size=""1"">【30プリウスのパーツはこちら】</font></TD>
      <TD><IMG src=""http://image.rakuten.co.jp/carus/cabinet/aqua_300bn.jpg"" width=""180"" alt=""アクア""><BR>
      <font size=""1"">【アクアのパーツはこちら】</font></TD>
　　</TR>
    <TR>
      <TD><IMG src=""http://image.rakuten.co.jp/carus/cabinet/priusa_300bn.jpg"" width=""180"" alt=""プリウスα""><BR>
      <font size=""1"">【プリウスαのパーツはこちら】</font></TD>
      <TD><IMG src=""http://image.rakuten.co.jp/carus/cabinet/every_300bn.jpg"" width=""180"" alt=""エブリイワゴン""><BR>
      <font size=""1"">【エブリイワゴンのパーツはこちら】</font></TD>
      <TD><IMG src=""http://image.rakuten.co.jp/carus/cabinet/serena_300bn.jpg"" width=""180"" alt=""セレナC26""><BR>
      <font size=""1"">【セレナC26のパーツはこちら】</font></TD>
　　</TR>
    <TR>
      <TD><IMG src=""http://image.rakuten.co.jp/carus/cabinet/jimny_300bn.jpg"" width=""180"" alt=""ジムニー""><BR>
      <font size=""1"">【ジムニーのパーツはこちら】</font></TD>
      <TD><IMG src=""http://image.rakuten.co.jp/carus/cabinet/alphard_300bn.jpg"" width=""180"" alt=""アルファード""><BR>
      <font size=""1"">【アルファードのパーツはこちら】</font></TD>
      <TD><IMG src=""http://image.rakuten.co.jp/carus/cabinet/vellfire_300bn.jpg"" width=""180"" alt=""ヴェルファイア""><BR>
      <font size=""1"">【ヴェルファイアのパーツはこちら】</font></TD>
　　</TR>
<TR>
   <TD colspan=""3""><IMG src=""http://image.rakuten.co.jp/carus/cabinet/top2007/iris.jpg"" width=""550"" style=""border-width : 1px;border-style : solid;border-color : #ff0000;""><BR>
            <FONT size=""2"">【収納ラック】軽自動車・普通車・ＲＶ車など各種あり</FONT></TD>
    </TR>
<TR>
      <TD colspan=""3""><IMG src=""http://image.rakuten.co.jp/carus/cabinet/top2007/img59369572.jpg"" width=""550"" style=""border-width : 1px;border-style : solid;border-color : #ff0000;"" alt=""プラグ""><BR>
            <font size=""2"">ノーマルからチューニングエンジンまで各種お選びください！</font></TD>
    </TR>
<TR>
      <TD colspan=""3""><IMG src=""http://image.rakuten.co.jp/carus/cabinet/mcgard-bnr2.jpg"" width=""550"" style=""border-width : 1px;border-style : solid;border-color : #ff0000;""><BR>
            <FONT size=""2"">【ホイールに鍵】マックガードを車種別でご用意しております！</FONT></TD>
    </TR>
    <TR>
      <TD colspan=""3""><IMG src=""http://image.rakuten.co.jp/carus/cabinet/top2007/aircleaner_bn.jpg"" width=""550"" style=""border-width : 1px;border-style : solid;border-color : #ff0000;"" alt=""エアクリーナー""><BR>
            <FONT size=""2"">640車種以上！豊富な車種バリエーション！</FONT></TD>
    </TR>
  </TBODY>
      </TABLE>
<BR>
<FONT color=""#ff0000"" size=""2"">欲しいパーツが見つからない場合は</FONT><FONT size=""2"">info@carus.co.jp</FONT><FONT color=""#ff0000"" size=""2"">まで希望商品をお問合わせ下さい！</FONT>
</center>",■スバル■ステラ■ドライカーボン製スーパーショートアンテナ50mm■ヘリカルコイル内蔵■日本製：カルースオートパーツ,車検対応改造純正激安サスペンションエアロ競技用ホイールナットロックナットワイドトレッドスペーサーワイトレHIDシートカバーバッテリーエアクリーナースパークプラグヘッドライト200系ハイエースプリウスヴェルファイア■スバル■ステラ■ドライカーボン製スーパーショートアンテナ50mm■ヘリカルコイル内蔵■日本製,日本製。■スバル■ステラ■ドライカーボン製スーパーショートアンテナ50mm■ヘリカルコイル内蔵■日本製[rn]
24-4109,http://tshop.r10s.jp/carus/cabinet/exterior/carbon_m_img.jpg?fitin=700:700,3840.0000,,車用品・バイク用品 > カー用品 > 外装パーツ > その他,■スバル■エクシーガ■ドライカーボン製ショートアンテナ70mm■ヘリカルコイル内蔵■日本製,日本製,"<table border=""0"">
<tr>
<TD align=""center"" width=""245"" style=""border-width : 1px;border-style : solid;border-color : #ffa600;"" bgcolor=""#ffa600"">
<B><FONT size=""2""><BR>【車種で検索】<br>
      車種別で商品を見つける！<BR>
      </font></B><br>
</TD>
</tr>
<tr>
<TD bgcolor=""#ffffff"">

<img src=""http://image.rakuten.co.jp/carus/cabinet/top2007/domestic.gif"" width=""245"" border=""0"">
<BR><font size=""4"">国産車種別はこちら</font>
</TD>
</tr>
<tr>
<TD bgcolor=""#ffffff"">

<img src=""http://image.rakuten.co.jp/carus/cabinet/top2007/import.gif"" width=""245"" border=""0"">
<BR><font size=""4"">輸入車種別はこちら</font>
</TD>
</tr>
</table><BR>【SB022】<center>
<TABLE>
  <TBODY>
    <TR>
      <TD><IMG src=""http://image.rakuten.co.jp/carus/cabinet/hiace_300bn.jpg"" width=""180"" alt=""200系ハイエース""><BR>
      <font size=""1"">【200系ハイエースのパーツはこちら】</font></TD>
      <TD><IMG src=""http://image.rakuten.co.jp/carus/cabinet/prius_300bn.jpg"" width=""180"" alt=""プリウス""><BR>
      <font size=""1"">【30プリウスのパーツはこちら】</font></TD>
      <TD><IMG src=""http://image.rakuten.co.jp/carus/cabinet/aqua_300bn.jpg"" width=""180"" alt=""アクア""><BR>
      <font size=""1"">【アクアのパーツはこちら】</font></TD>
　　</TR>
    <TR>
      <TD><IMG src=""http://image.rakuten.co.jp/carus/cabinet/priusa_300bn.jpg"" width=""180"" alt=""プリウスα""><BR>
      <font size=""1"">【プリウスαのパーツはこちら】</font></TD>
      <TD><IMG src=""http://image.rakuten.co.jp/carus/cabinet/every_300bn.jpg"" width=""180"" alt=""エブリイワゴン""><BR>
      <font size=""1"">【エブリイワゴンのパーツはこちら】</font></TD>
      <TD><IMG src=""http://image.rakuten.co.jp/carus/cabinet/serena_300bn.jpg"" width=""180"" alt=""セレナC26""><BR>
      <font size=""1"">【セレナC26のパーツはこちら】</font></TD>
　　</TR>
    <TR>
      <TD><IMG src=""http://image.rakuten.co.jp/carus/cabinet/jimny_300bn.jpg"" width=""180"" alt=""ジムニー""><BR>
      <font size=""1"">【ジムニーのパーツはこちら】</font></TD>
      <TD><IMG src=""http://image.rakuten.co.jp/carus/cabinet/alphard_300bn.jpg"" width=""180"" alt=""アルファード""><BR>
      <font size=""1"">【アルファードのパーツはこちら】</font></TD>
      <TD><IMG src=""http://image.rakuten.co.jp/carus/cabinet/vellfire_300bn.jpg"" width=""180"" alt=""ヴェルファイア""><BR>
      <font size=""1"">【ヴェルファイアのパーツはこちら】</font></TD>
　　</TR>
<TR>
   <TD colspan=""3""><IMG src=""http://image.rakuten.co.jp/carus/cabinet/top2007/iris.jpg"" width=""550"" style=""border-width : 1px;border-style : solid;border-color : #ff0000;""><BR>
            <FONT size=""2"">【収納ラック】軽自動車・普通車・ＲＶ車など各種あり</FONT></TD>
    </TR>
<TR>
      <TD colspan=""3""><IMG src=""http://image.rakuten.co.jp/carus/cabinet/top2007/img59369572.jpg"" width=""550"" style=""border-width : 1px;border-style : solid;border-color : #ff0000;"" alt=""プラグ""><BR>
            <font size=""2"">ノーマルからチューニングエンジンまで各種お選びください！</font></TD>
    </TR>
<TR>
      <TD colspan=""3""><IMG src=""http://image.rakuten.co.jp/carus/cabinet/mcgard-bnr2.jpg"" width=""550"" style=""border-width : 1px;border-style : solid;border-color : #ff0000;""><BR>
            <FONT size=""2"">【ホイールに鍵】マックガードを車種別でご用意しております！</FONT></TD>
    </TR>
    <TR>
      <TD colspan=""3""><IMG src=""http://image.rakuten.co.jp/carus/cabinet/top2007/aircleaner_bn.jpg"" width=""550"" style=""border-width : 1px;border-style : solid;border-color : #ff0000;"" alt=""エアクリーナー""><BR>
            <FONT size=""2"">640車種以上！豊富な車種バリエーション！</FONT></TD>
    </TR>
  </TBODY>
      </TABLE>
<BR>
<FONT color=""#ff0000"" size=""2"">欲しいパーツが見つからない場合は</FONT><FONT size=""2"">info@carus.co.jp</FONT><FONT color=""#ff0000"" size=""2"">まで希望商品をお問合わせ下さい！</FONT>
</center>",■スバル■エクシーガ■ドライカーボン製ショートアンテナ70mm■ヘリカルコイル内蔵■日本製：カルースオートパーツ,車検対応改造純正激安サスペンションエアロ競技用ホイールナットロックナットワイドトレッドスペーサーワイトレHIDシートカバーバッテリーエアクリーナースパークプラグヘッドライト200系ハイエースプリウスヴェルファイア■スバル■エクシーガ■ドライカーボン製ショートアンテナ70mm■ヘリカルコイル内蔵■日本製,日本製。■スバル■エクシーガ■ドライカーボン製ショートアンテナ70mm■ヘリカルコイル内蔵■日本製[rn]
24-4110,http://tshop.r10s.jp/carus/cabinet/exterior/euro_short_antena.jpg?fitin=700:700,1363.2000,,車用品・バイク用品 > カー用品 > 外装パーツ > その他,【あす楽】■スバル■BRZ■ネジ径5ミリ、6ミリ、7ミリ付属■超ショートな全長約80ミリ！■ユーロショートアンテナ【ユーロアンテナ 取付簡単 ねじ込み式 5mm 6mm 7mm ネジ付属】,【簡単交換】,"<table border=""0"">
<tr>
<TD align=""center"" width=""245"" style=""border-width : 1px;border-style : solid;border-color : #ffa600;"" bgcolor=""#ffa600"">
<B><FONT size=""2""><BR>【車種で検索】<br>
      車種別で商品を見つける！<BR>
      </font></B><br>
</TD>
</tr>
<tr>
<TD bgcolor=""#ffffff"">

<img src=""http://image.rakuten.co.jp/carus/cabinet/top2007/domestic.gif"" width=""245"" border=""0"">
<BR><font size=""4"">国産車種別はこちら</font>
</TD>
</tr>
<tr>
<TD bgcolor=""#ffffff"">

<img src=""http://image.rakuten.co.jp/carus/cabinet/top2007/import.gif"" width=""245"" border=""0"">
<BR><font size=""4"">輸入車種別はこちら</font>
</TD>
</tr>
</table><BR>【SB068】<center>
<TABLE>
  <TBODY>
    <TR>
      <TD><IMG src=""http://image.rakuten.co.jp/carus/cabinet/hiace_300bn.jpg"" width=""180"" alt=""200系ハイエース""><BR>
      <font size=""1"">【200系ハイエースのパーツはこちら】</font></TD>
      <TD><IMG src=""http://image.rakuten.co.jp/carus/cabinet/prius_300bn.jpg"" width=""180"" alt=""プリウス""><BR>
      <font size=""1"">【30プリウスのパーツはこちら】</font></TD>
      <TD><IMG src=""http://image.rakuten.co.jp/carus/cabinet/aqua_300bn.jpg"" width=""180"" alt=""アクア""><BR>
      <font size=""1"">【アクアのパーツはこちら】</font></TD>
　　</TR>
    <TR>
      <TD><IMG src=""http://image.rakuten.co.jp/carus/cabinet/priusa_300bn.jpg"" width=""180"" alt=""プリウスα""><BR>
      <font size=""1"">【プリウスαのパーツはこちら】</font></TD>
      <TD><IMG src=""http://image.rakuten.co.jp/carus/cabinet/every_300bn.jpg"" width=""180"" alt=""エブリイワゴン""><BR>
      <font size=""1"">【エブリイワゴンのパーツはこちら】</font></TD>
      <TD><IMG src=""http://image.rakuten.co.jp/carus/cabinet/serena_300bn.jpg"" width=""180"" alt=""セレナC26""><BR>
      <font size=""1"">【セレナC26のパーツはこちら】</font></TD>
　　</TR>
    <TR>
      <TD><IMG src=""http://image.rakuten.co.jp/carus/cabinet/jimny_300bn.jpg"" width=""180"" alt=""ジムニー""><BR>
      <font size=""1"">【ジムニーのパーツはこちら】</font></TD>
      <TD><IMG src=""http://image.rakuten.co.jp/carus/cabinet/alphard_300bn.jpg"" width=""180"" alt=""アルファード""><BR>
      <font size=""1"">【アルファードのパーツはこちら】</font></TD>
      <TD><IMG src=""http://image.rakuten.co.jp/carus/cabinet/vellfire_300bn.jpg"" width=""180"" alt=""ヴェルファイア""><BR>
      <font size=""1"">【ヴェルファイアのパーツはこちら】</font></TD>
　　</TR>
<TR>
   <TD colspan=""3""><IMG src=""http://image.rakuten.co.jp/carus/cabinet/top2007/iris.jpg"" width=""550"" style=""border-width : 1px;border-style : solid;border-color : #ff0000;""><BR>
            <FONT size=""2"">【収納ラック】軽自動車・普通車・ＲＶ車など各種あり</FONT></TD>
    </TR>
<TR>
      <TD colspan=""3""><IMG src=""http://image.rakuten.co.jp/carus/cabinet/top2007/img59369572.jpg"" width=""550"" style=""border-width : 1px;border-style : solid;border-color : #ff0000;"" alt=""プラグ""><BR>
            <font size=""2"">ノーマルからチューニングエンジンまで各種お選びください！</font></TD>
    </TR>
<TR>
      <TD colspan=""3""><IMG src=""http://image.rakuten.co.jp/carus/cabinet/mcgard-bnr2.jpg"" width=""550"" style=""border-width : 1px;border-style : solid;border-color : #ff0000;""><BR>
            <FONT size=""2"">【ホイールに鍵】マックガードを車種別でご用意しております！</FONT></TD>
    </TR>
    <TR>
      <TD colspan=""3""><IMG src=""http://image.rakuten.co.jp/carus/cabinet/top2007/aircleaner_bn.jpg"" width=""550"" style=""border-width : 1px;border-style : solid;border-color : #ff0000;"" alt=""エアクリーナー""><BR>
            <FONT size=""2"">640車種以上！豊富な車種バリエーション！</FONT></TD>
    </TR>
  </TBODY>
      </TABLE>
<BR>
<FONT color=""#ff0000"" size=""2"">欲しいパーツが見つからない場合は</FONT><FONT size=""2"">info@carus.co.jp</FONT><FONT color=""#ff0000"" size=""2"">まで希望商品をお問合わせ下さい！</FONT>
</center>",【あす楽】■スバル■BRZ■ネジ径5ミリ、6ミリ、7ミリ付属■超ショートな全長約80ミリ！■ユーロショートアンテナ【ユーロアンテナ 取付簡単 ねじ込み式 5mm 6mm 7mm ネジ付属】：カルースオートパーツ,車検対応改造純正激安サスペンションエアロ競技用ホイールナットロックナットワイドトレッドスペーサーワイトレHIDシートカバーバッテリーエアクリーナースパークプラグヘッドライト200系ハイエースプリウスヴェルファイア【あす楽】■スバル■BRZ■ネジ径5ミリ、6ミリ、7ミリ付属■超ショートな全長約80ミリ！■ユーロショートアンテナ【ユーロアンテナ 取付簡単 ねじ込み式 5mm 6mm 7mm ネジ付属】,【簡単交換】。【あす楽】■スバル■BRZ■ネジ径5ミリ、6ミリ、7ミリ付属■超ショートな全長約80ミリ！■ユーロショートアンテナ【ユーロアンテナ 取付簡単 ねじ込み式 5mm 6mm 7mm ネジ付属】[rn]
24-4111,http://tshop.r10s.jp/carus/cabinet/exterior/euro_short_antena.jpg?fitin=700:700,1363.2000,,車用品・バイク用品 > カー用品 > 外装パーツ > その他,【あす楽】■スバル■エクシーガ■ネジ径5ミリ、6ミリ、7ミリ付属■超ショートな全長約80ミリ！■ユーロショートアンテナ【ユーロアンテナ 取付簡単 ねじ込み式 5mm 6mm 7mm ネジ付属】,【簡単交換】,"<table border=""0"">
<tr>
<TD align=""center"" width=""245"" style=""border-width : 1px;border-style : solid;border-color : #ffa600;"" bgcolor=""#ffa600"">
<B><FONT size=""2""><BR>【車種で検索】<br>
      車種別で商品を見つける！<BR>
      </font></B><br>
</TD>
</tr>
<tr>
<TD bgcolor=""#ffffff"">

<img src=""http://image.rakuten.co.jp/carus/cabinet/top2007/domestic.gif"" width=""245"" border=""0"">
<BR><font size=""4"">国産車種別はこちら</font>
</TD>
</tr>
<tr>
<TD bgcolor=""#ffffff"">

<img src=""http://image.rakuten.co.jp/carus/cabinet/top2007/import.gif"" width=""245"" border=""0"">
<BR><font size=""4"">輸入車種別はこちら</font>
</TD>
</tr>
</table><BR>【SB022】<center>
<TABLE>
  <TBODY>
    <TR>
      <TD><IMG src=""http://image.rakuten.co.jp/carus/cabinet/hiace_300bn.jpg"" width=""180"" alt=""200系ハイエース""><BR>
      <font size=""1"">【200系ハイエースのパーツはこちら】</font></TD>
      <TD><IMG src=""http://image.rakuten.co.jp/carus/cabinet/prius_300bn.jpg"" width=""180"" alt=""プリウス""><BR>
      <font size=""1"">【30プリウスのパーツはこちら】</font></TD>
      <TD><IMG src=""http://image.rakuten.co.jp/carus/cabinet/aqua_300bn.jpg"" width=""180"" alt=""アクア""><BR>
      <font size=""1"">【アクアのパーツはこちら】</font></TD>
　　</TR>
    <TR>
      <TD><IMG src=""http://image.rakuten.co.jp/carus/cabinet/priusa_300bn.jpg"" width=""180"" alt=""プリウスα""><BR>
      <font size=""1"">【プリウスαのパーツはこちら】</font></TD>
      <TD><IMG src=""http://image.rakuten.co.jp/carus/cabinet/every_300bn.jpg"" width=""180"" alt=""エブリイワゴン""><BR>
      <font size=""1"">【エブリイワゴンのパーツはこちら】</font></TD>
      <TD><IMG src=""http://image.rakuten.co.jp/carus/cabinet/serena_300bn.jpg"" width=""180"" alt=""セレナC26""><BR>
      <font size=""1"">【セレナC26のパーツはこちら】</font></TD>
　　</TR>
    <TR>
      <TD><IMG src=""http://image.rakuten.co.jp/carus/cabinet/jimny_300bn.jpg"" width=""180"" alt=""ジムニー""><BR>
      <font size=""1"">【ジムニーのパーツはこちら】</font></TD>
      <TD><IMG src=""http://image.rakuten.co.jp/carus/cabinet/alphard_300bn.jpg"" width=""180"" alt=""アルファード""><BR>
      <font size=""1"">【アルファードのパーツはこちら】</font></TD>
      <TD><IMG src=""http://image.rakuten.co.jp/carus/cabinet/vellfire_300bn.jpg"" width=""180"" alt=""ヴェルファイア""><BR>
      <font size=""1"">【ヴェルファイアのパーツはこちら】</font></TD>
　　</TR>
<TR>
   <TD colspan=""3""><IMG src=""http://image.rakuten.co.jp/carus/cabinet/top2007/iris.jpg"" width=""550"" style=""border-width : 1px;border-style : solid;border-color : #ff0000;""><BR>
            <FONT size=""2"">【収納ラック】軽自動車・普通車・ＲＶ車など各種あり</FONT></TD>
    </TR>
<TR>
      <TD colspan=""3""><IMG src=""http://image.rakuten.co.jp/carus/cabinet/top2007/img59369572.jpg"" width=""550"" style=""border-width : 1px;border-style : solid;border-color : #ff0000;"" alt=""プラグ""><BR>
            <font size=""2"">ノーマルからチューニングエンジンまで各種お選びください！</font></TD>
    </TR>
<TR>
      <TD colspan=""3""><IMG src=""http://image.rakuten.co.jp/carus/cabinet/mcgard-bnr2.jpg"" width=""550"" style=""border-width : 1px;border-style : solid;border-color : #ff0000;""><BR>
            <FONT size=""2"">【ホイールに鍵】マックガードを車種別でご用意しております！</FONT></TD>
    </TR>
    <TR>
      <TD colspan=""3""><IMG src=""http://image.rakuten.co.jp/carus/cabinet/top2007/aircleaner_bn.jpg"" width=""550"" style=""border-width : 1px;border-style : solid;border-color : #ff0000;"" alt=""エアクリーナー""><BR>
            <FONT size=""2"">640車種以上！豊富な車種バリエーション！</FONT></TD>
    </TR>
  </TBODY>
      </TABLE>
<BR>
<FONT color=""#ff0000"" size=""2"">欲しいパーツが見つからない場合は</FONT><FONT size=""2"">info@carus.co.jp</FONT><FONT color=""#ff0000"" size=""2"">まで希望商品をお問合わせ下さい！</FONT>
</center>",【あす楽】■スバル■エクシーガ■ネジ径5ミリ、6ミリ、7ミリ付属■超ショートな全長約80ミリ！■ユーロショートアンテナ【ユーロアンテナ 取付簡単 ねじ込み式 5mm 6mm 7mm ネジ付属】：カルースオートパーツ,車検対応改造純正激安サスペンションエアロ競技用ホイールナットロックナットワイドトレッドスペーサーワイトレHIDシートカバーバッテリーエアクリーナースパークプラグヘッドライト200系ハイエースプリウスヴェルファイア【あす楽】■スバル■エクシーガ■ネジ径5ミリ、6ミリ、7ミリ付属■超ショートな全長約80ミリ！■ユーロショートアンテナ【ユーロアンテナ 取付簡単 ねじ込み式 5mm 6mm 7mm ネジ付属】,【簡単交換】。【あす楽】■スバル■エクシーガ■ネジ径5ミリ、6ミリ、7ミリ付属■超ショートな全長約80ミリ！■ユーロショートアンテナ【ユーロアンテナ 取付簡単 ねじ込み式 5mm 6mm 7mm ネジ付属】[rn]
24-4112,http://tshop.r10s.jp/carus/cabinet/exterior/carbon_m_img.jpg?fitin=700:700,3840.0000,,車用品・バイク用品 > カー用品 > 外装パーツ > その他,■スバル■フォレスター■ドライカーボン製ショートアンテナ70mm■ヘリカルコイル内蔵■日本製,日本製,"<table border=""0"">
<tr>
<TD align=""center"" width=""245"" style=""border-width : 1px;border-style : solid;border-color : #ffa600;"" bgcolor=""#ffa600"">
<B><FONT size=""2""><BR>【車種で検索】<br>
      車種別で商品を見つける！<BR>
      </font></B><br>
</TD>
</tr>
<tr>
<TD bgcolor=""#ffffff"">

<img src=""http://image.rakuten.co.jp/carus/cabinet/top2007/domestic.gif"" width=""245"" border=""0"">
<BR><font size=""4"">国産車種別はこちら</font>
</TD>
</tr>
<tr>
<TD bgcolor=""#ffffff"">

<img src=""http://image.rakuten.co.jp/carus/cabinet/top2007/import.gif"" width=""245"" border=""0"">
<BR><font size=""4"">輸入車種別はこちら</font>
</TD>
</tr>
</table><BR>【SB043】【SB044】<center>
<TABLE>
  <TBODY>
    <TR>
      <TD><IMG src=""http://image.rakuten.co.jp/carus/cabinet/hiace_300bn.jpg"" width=""180"" alt=""200系ハイエース""><BR>
      <font size=""1"">【200系ハイエースのパーツはこちら】</font></TD>
      <TD><IMG src=""http://image.rakuten.co.jp/carus/cabinet/prius_300bn.jpg"" width=""180"" alt=""プリウス""><BR>
      <font size=""1"">【30プリウスのパーツはこちら】</font></TD>
      <TD><IMG src=""http://image.rakuten.co.jp/carus/cabinet/aqua_300bn.jpg"" width=""180"" alt=""アクア""><BR>
      <font size=""1"">【アクアのパーツはこちら】</font></TD>
　　</TR>
    <TR>
      <TD><IMG src=""http://image.rakuten.co.jp/carus/cabinet/priusa_300bn.jpg"" width=""180"" alt=""プリウスα""><BR>
      <font size=""1"">【プリウスαのパーツはこちら】</font></TD>
      <TD><IMG src=""http://image.rakuten.co.jp/carus/cabinet/every_300bn.jpg"" width=""180"" alt=""エブリイワゴン""><BR>
      <font size=""1"">【エブリイワゴンのパーツはこちら】</font></TD>
      <TD><IMG src=""http://image.rakuten.co.jp/carus/cabinet/serena_300bn.jpg"" width=""180"" alt=""セレナC26""><BR>
      <font size=""1"">【セレナC26のパーツはこちら】</font></TD>
　　</TR>
    <TR>
      <TD><IMG src=""http://image.rakuten.co.jp/carus/cabinet/jimny_300bn.jpg"" width=""180"" alt=""ジムニー""><BR>
      <font size=""1"">【ジムニーのパーツはこちら】</font></TD>
      <TD><IMG src=""http://image.rakuten.co.jp/carus/cabinet/alphard_300bn.jpg"" width=""180"" alt=""アルファード""><BR>
      <font size=""1"">【アルファードのパーツはこちら】</font></TD>
      <TD><IMG src=""http://image.rakuten.co.jp/carus/cabinet/vellfire_300bn.jpg"" width=""180"" alt=""ヴェルファイア""><BR>
      <font size=""1"">【ヴェルファイアのパーツはこちら】</font></TD>
　　</TR>
<TR>
   <TD colspan=""3""><IMG src=""http://image.rakuten.co.jp/carus/cabinet/top2007/iris.jpg"" width=""550"" style=""border-width : 1px;border-style : solid;border-color : #ff0000;""><BR>
            <FONT size=""2"">【収納ラック】軽自動車・普通車・ＲＶ車など各種あり</FONT></TD>
    </TR>
<TR>
      <TD colspan=""3""><IMG src=""http://image.rakuten.co.jp/carus/cabinet/top2007/img59369572.jpg"" width=""550"" style=""border-width : 1px;border-style : solid;border-color : #ff0000;"" alt=""プラグ""><BR>
            <font size=""2"">ノーマルからチューニングエンジンまで各種お選びください！</font></TD>
    </TR>
<TR>
      <TD colspan=""3""><IMG src=""http://image.rakuten.co.jp/carus/cabinet/mcgard-bnr2.jpg"" width=""550"" style=""border-width : 1px;border-style : solid;border-color : #ff0000;""><BR>
            <FONT size=""2"">【ホイールに鍵】マックガードを車種別でご用意しております！</FONT></TD>
    </TR>
    <TR>
      <TD colspan=""3""><IMG src=""http://image.rakuten.co.jp/carus/cabinet/top2007/aircleaner_bn.jpg"" width=""550"" style=""border-width : 1px;border-style : solid;border-color : #ff0000;"" alt=""エアクリーナー""><BR>
            <FONT size=""2"">640車種以上！豊富な車種バリエーション！</FONT></TD>
    </TR>
  </TBODY>
      </TABLE>
<BR>
<FONT color=""#ff0000"" size=""2"">欲しいパーツが見つからない場合は</FONT><FONT size=""2"">info@carus.co.jp</FONT><FONT color=""#ff0000"" size=""2"">まで希望商品をお問合わせ下さい！</FONT>
</center>",■スバル■フォレスター■ドライカーボン製ショートアンテナ70mm■ヘリカルコイル内蔵■日本製：カルースオートパーツ,車検対応改造純正激安サスペンションエアロ競技用ホイールナットロックナットワイドトレッドスペーサーワイトレHIDシートカバーバッテリーエアクリーナースパークプラグヘッドライト200系ハイエースプリウスヴェルファイア■スバル■フォレスター■ドライカーボン製ショートアンテナ70mm■ヘリカルコイル内蔵■日本製,日本製。■スバル■フォレスター■ドライカーボン製ショートアンテナ70mm■ヘリカルコイル内蔵■日本製[rn]
24-4113,http://tshop.r10s.jp/carus/cabinet/exterior/euro_short_antena.jpg?fitin=700:700,1363.2000,,車用品・バイク用品 > カー用品 > 外装パーツ > その他,【あす楽】■スバル■ルクラ■ネジ径5ミリ、6ミリ、7ミリ付属■超ショートな全長約80ミリ！■ユーロショートアンテナ【ユーロアンテナ 取付簡単 ねじ込み式 5mm 6mm 7mm ネジ付属】,【簡単交換】,"<table border=""0"">
<tr>
<TD align=""center"" width=""245"" style=""border-width : 1px;border-style : solid;border-color : #ffa600;"" bgcolor=""#ffa600"">
<B><FONT size=""2""><BR>【車種で検索】<br>
      車種別で商品を見つける！<BR>
      </font></B><br>
</TD>
</tr>
<tr>
<TD bgcolor=""#ffffff"">

<img src=""http://image.rakuten.co.jp/carus/cabinet/top2007/domestic.gif"" width=""245"" border=""0"">
<BR><font size=""4"">国産車種別はこちら</font>
</TD>
</tr>
<tr>
<TD bgcolor=""#ffffff"">

<img src=""http://image.rakuten.co.jp/carus/cabinet/top2007/import.gif"" width=""245"" border=""0"">
<BR><font size=""4"">輸入車種別はこちら</font>
</TD>
</tr>
</table><BR>【SB050】【SB051】<center>
<TABLE>
  <TBODY>
    <TR>
      <TD><IMG src=""http://image.rakuten.co.jp/carus/cabinet/hiace_300bn.jpg"" width=""180"" alt=""200系ハイエース""><BR>
      <font size=""1"">【200系ハイエースのパーツはこちら】</font></TD>
      <TD><IMG src=""http://image.rakuten.co.jp/carus/cabinet/prius_300bn.jpg"" width=""180"" alt=""プリウス""><BR>
      <font size=""1"">【30プリウスのパーツはこちら】</font></TD>
      <TD><IMG src=""http://image.rakuten.co.jp/carus/cabinet/aqua_300bn.jpg"" width=""180"" alt=""アクア""><BR>
      <font size=""1"">【アクアのパーツはこちら】</font></TD>
　　</TR>
    <TR>
      <TD><IMG src=""http://image.rakuten.co.jp/carus/cabinet/priusa_300bn.jpg"" width=""180"" alt=""プリウスα""><BR>
      <font size=""1"">【プリウスαのパーツはこちら】</font></TD>
      <TD><IMG src=""http://image.rakuten.co.jp/carus/cabinet/every_300bn.jpg"" width=""180"" alt=""エブリイワゴン""><BR>
      <font size=""1"">【エブリイワゴンのパーツはこちら】</font></TD>
      <TD><IMG src=""http://image.rakuten.co.jp/carus/cabinet/serena_300bn.jpg"" width=""180"" alt=""セレナC26""><BR>
      <font size=""1"">【セレナC26のパーツはこちら】</font></TD>
　　</TR>
    <TR>
      <TD><IMG src=""http://image.rakuten.co.jp/carus/cabinet/jimny_300bn.jpg"" width=""180"" alt=""ジムニー""><BR>
      <font size=""1"">【ジムニーのパーツはこちら】</font></TD>
      <TD><IMG src=""http://image.rakuten.co.jp/carus/cabinet/alphard_300bn.jpg"" width=""180"" alt=""アルファード""><BR>
      <font size=""1"">【アルファードのパーツはこちら】</font></TD>
      <TD><IMG src=""http://image.rakuten.co.jp/carus/cabinet/vellfire_300bn.jpg"" width=""180"" alt=""ヴェルファイア""><BR>
      <font size=""1"">【ヴェルファイアのパーツはこちら】</font></TD>
　　</TR>
<TR>
   <TD colspan=""3""><IMG src=""http://image.rakuten.co.jp/carus/cabinet/top2007/iris.jpg"" width=""550"" style=""border-width : 1px;border-style : solid;border-color : #ff0000;""><BR>
            <FONT size=""2"">【収納ラック】軽自動車・普通車・ＲＶ車など各種あり</FONT></TD>
    </TR>
<TR>
      <TD colspan=""3""><IMG src=""http://image.rakuten.co.jp/carus/cabinet/top2007/img59369572.jpg"" width=""550"" style=""border-width : 1px;border-style : solid;border-color : #ff0000;"" alt=""プラグ""><BR>
            <font size=""2"">ノーマルからチューニングエンジンまで各種お選びください！</font></TD>
    </TR>
<TR>
      <TD colspan=""3""><IMG src=""http://image.rakuten.co.jp/carus/cabinet/mcgard-bnr2.jpg"" width=""550"" style=""border-width : 1px;border-style : solid;border-color : #ff0000;""><BR>
            <FONT size=""2"">【ホイールに鍵】マックガードを車種別でご用意しております！</FONT></TD>
    </TR>
    <TR>
      <TD colspan=""3""><IMG src=""http://image.rakuten.co.jp/carus/cabinet/top2007/aircleaner_bn.jpg"" width=""550"" style=""border-width : 1px;border-style : solid;border-color : #ff0000;"" alt=""エアクリーナー""><BR>
            <FONT size=""2"">640車種以上！豊富な車種バリエーション！</FONT></TD>
    </TR>
  </TBODY>
      </TABLE>
<BR>
<FONT color=""#ff0000"" size=""2"">欲しいパーツが見つからない場合は</FONT><FONT size=""2"">info@carus.co.jp</FONT><FONT color=""#ff0000"" size=""2"">まで希望商品をお問合わせ下さい！</FONT>
</center>",【あす楽】■スバル■ルクラ■ネジ径5ミリ、6ミリ、7ミリ付属■超ショートな全長約80ミリ！■ユーロショートアンテナ【ユーロアンテナ 取付簡単 ねじ込み式 5mm 6mm 7mm ネジ付属】：カルースオートパーツ,車検対応改造純正激安サスペンションエアロ競技用ホイールナットロックナットワイドトレッドスペーサーワイトレHIDシートカバーバッテリーエアクリーナースパークプラグヘッドライト200系ハイエースプリウスヴェルファイア【あす楽】■スバル■ルクラ■ネジ径5ミリ、6ミリ、7ミリ付属■超ショートな全長約80ミリ！■ユーロショートアンテナ【ユーロアンテナ 取付簡単 ねじ込み式 5mm 6mm 7mm ネジ付属】,【簡単交換】。【あす楽】■スバル■ルクラ■ネジ径5ミリ、6ミリ、7ミリ付属■超ショートな全長約80ミリ！■ユーロショートアンテナ【ユーロアンテナ 取付簡単 ねじ込み式 5mm 6mm 7mm ネジ付属】[rn]
24-4114,http://tshop.r10s.jp/carus/cabinet/exterior/carbon_s_img.jpg?fitin=700:700,3840.0000,,車用品・バイク用品 > カー用品 > 外装パーツ > その他,■スバル■フォレスター■ドライカーボン製スーパーショートアンテナ50mm■ヘリカルコイル内蔵■日本製,日本製,"<table border=""0"">
<tr>
<TD align=""center"" width=""245"" style=""border-width : 1px;border-style : solid;border-color : #ffa600;"" bgcolor=""#ffa600"">
<B><FONT size=""2""><BR>【車種で検索】<br>
      車種別で商品を見つける！<BR>
      </font></B><br>
</TD>
</tr>
<tr>
<TD bgcolor=""#ffffff"">

<img src=""http://image.rakuten.co.jp/carus/cabinet/top2007/domestic.gif"" width=""245"" border=""0"">
<BR><font size=""4"">国産車種別はこちら</font>
</TD>
</tr>
<tr>
<TD bgcolor=""#ffffff"">

<img src=""http://image.rakuten.co.jp/carus/cabinet/top2007/import.gif"" width=""245"" border=""0"">
<BR><font size=""4"">輸入車種別はこちら</font>
</TD>
</tr>
</table><BR>【SB043】【SB044】<center>
<TABLE>
  <TBODY>
    <TR>
      <TD><IMG src=""http://image.rakuten.co.jp/carus/cabinet/hiace_300bn.jpg"" width=""180"" alt=""200系ハイエース""><BR>
      <font size=""1"">【200系ハイエースのパーツはこちら】</font></TD>
      <TD><IMG src=""http://image.rakuten.co.jp/carus/cabinet/prius_300bn.jpg"" width=""180"" alt=""プリウス""><BR>
      <font size=""1"">【30プリウスのパーツはこちら】</font></TD>
      <TD><IMG src=""http://image.rakuten.co.jp/carus/cabinet/aqua_300bn.jpg"" width=""180"" alt=""アクア""><BR>
      <font size=""1"">【アクアのパーツはこちら】</font></TD>
　　</TR>
    <TR>
      <TD><IMG src=""http://image.rakuten.co.jp/carus/cabinet/priusa_300bn.jpg"" width=""180"" alt=""プリウスα""><BR>
      <font size=""1"">【プリウスαのパーツはこちら】</font></TD>
      <TD><IMG src=""http://image.rakuten.co.jp/carus/cabinet/every_300bn.jpg"" width=""180"" alt=""エブリイワゴン""><BR>
      <font size=""1"">【エブリイワゴンのパーツはこちら】</font></TD>
      <TD><IMG src=""http://image.rakuten.co.jp/carus/cabinet/serena_300bn.jpg"" width=""180"" alt=""セレナC26""><BR>
      <font size=""1"">【セレナC26のパーツはこちら】</font></TD>
　　</TR>
    <TR>
      <TD><IMG src=""http://image.rakuten.co.jp/carus/cabinet/jimny_300bn.jpg"" width=""180"" alt=""ジムニー""><BR>
      <font size=""1"">【ジムニーのパーツはこちら】</font></TD>
      <TD><IMG src=""http://image.rakuten.co.jp/carus/cabinet/alphard_300bn.jpg"" width=""180"" alt=""アルファード""><BR>
      <font size=""1"">【アルファードのパーツはこちら】</font></TD>
      <TD><IMG src=""http://image.rakuten.co.jp/carus/cabinet/vellfire_300bn.jpg"" width=""180"" alt=""ヴェルファイア""><BR>
      <font size=""1"">【ヴェルファイアのパーツはこちら】</font></TD>
　　</TR>
<TR>
   <TD colspan=""3""><IMG src=""http://image.rakuten.co.jp/carus/cabinet/top2007/iris.jpg"" width=""550"" style=""border-width : 1px;border-style : solid;border-color : #ff0000;""><BR>
            <FONT size=""2"">【収納ラック】軽自動車・普通車・ＲＶ車など各種あり</FONT></TD>
    </TR>
<TR>
      <TD colspan=""3""><IMG src=""http://image.rakuten.co.jp/carus/cabinet/top2007/img59369572.jpg"" width=""550"" style=""border-width : 1px;border-style : solid;border-color : #ff0000;"" alt=""プラグ""><BR>
            <font size=""2"">ノーマルからチューニングエンジンまで各種お選びください！</font></TD>
    </TR>
<TR>
      <TD colspan=""3""><IMG src=""http://image.rakuten.co.jp/carus/cabinet/mcgard-bnr2.jpg"" width=""550"" style=""border-width : 1px;border-style : solid;border-color : #ff0000;""><BR>
            <FONT size=""2"">【ホイールに鍵】マックガードを車種別でご用意しております！</FONT></TD>
    </TR>
    <TR>
      <TD colspan=""3""><IMG src=""http://image.rakuten.co.jp/carus/cabinet/top2007/aircleaner_bn.jpg"" width=""550"" style=""border-width : 1px;border-style : solid;border-color : #ff0000;"" alt=""エアクリーナー""><BR>
            <FONT size=""2"">640車種以上！豊富な車種バリエーション！</FONT></TD>
    </TR>
  </TBODY>
      </TABLE>
<BR>
<FONT color=""#ff0000"" size=""2"">欲しいパーツが見つからない場合は</FONT><FONT size=""2"">info@carus.co.jp</FONT><FONT color=""#ff0000"" size=""2"">まで希望商品をお問合わせ下さい！</FONT>
</center>",■スバル■フォレスター■ドライカーボン製スーパーショートアンテナ50mm■ヘリカルコイル内蔵■日本製：カルースオートパーツ,車検対応改造純正激安サスペンションエアロ競技用ホイールナットロックナットワイドトレッドスペーサーワイトレHIDシートカバーバッテリーエアクリーナースパークプラグヘッドライト200系ハイエースプリウスヴェルファイア■スバル■フォレスター■ドライカーボン製スーパーショートアンテナ50mm■ヘリカルコイル内蔵■日本製,日本製。■スバル■フォレスター■ドライカーボン製スーパーショートアンテナ50mm■ヘリカルコイル内蔵■日本製[rn]
24-4115,http://tshop.r10s.jp/carus/cabinet/exterior/carbon_m_img.jpg?fitin=700:700,3840.0000,,車用品・バイク用品 > カー用品 > 外装パーツ > その他,■スバル■BRZ■ドライカーボン製ショートアンテナ70mm■ヘリカルコイル内蔵■日本製,日本製,"<table border=""0"">
<tr>
<TD align=""center"" width=""245"" style=""border-width : 1px;border-style : solid;border-color : #ffa600;"" bgcolor=""#ffa600"">
<B><FONT size=""2""><BR>【車種で検索】<br>
      車種別で商品を見つける！<BR>
      </font></B><br>
</TD>
</tr>
<tr>
<TD bgcolor=""#ffffff"">

<img src=""http://image.rakuten.co.jp/carus/cabinet/top2007/domestic.gif"" width=""245"" border=""0"">
<BR><font size=""4"">国産車種別はこちら</font>
</TD>
</tr>
<tr>
<TD bgcolor=""#ffffff"">

<img src=""http://image.rakuten.co.jp/carus/cabinet/top2007/import.gif"" width=""245"" border=""0"">
<BR><font size=""4"">輸入車種別はこちら</font>
</TD>
</tr>
</table><BR>【SB068】<center>
<TABLE>
  <TBODY>
    <TR>
      <TD><IMG src=""http://image.rakuten.co.jp/carus/cabinet/hiace_300bn.jpg"" width=""180"" alt=""200系ハイエース""><BR>
      <font size=""1"">【200系ハイエースのパーツはこちら】</font></TD>
      <TD><IMG src=""http://image.rakuten.co.jp/carus/cabinet/prius_300bn.jpg"" width=""180"" alt=""プリウス""><BR>
      <font size=""1"">【30プリウスのパーツはこちら】</font></TD>
      <TD><IMG src=""http://image.rakuten.co.jp/carus/cabinet/aqua_300bn.jpg"" width=""180"" alt=""アクア""><BR>
      <font size=""1"">【アクアのパーツはこちら】</font></TD>
　　</TR>
    <TR>
      <TD><IMG src=""http://image.rakuten.co.jp/carus/cabinet/priusa_300bn.jpg"" width=""180"" alt=""プリウスα""><BR>
      <font size=""1"">【プリウスαのパーツはこちら】</font></TD>
      <TD><IMG src=""http://image.rakuten.co.jp/carus/cabinet/every_300bn.jpg"" width=""180"" alt=""エブリイワゴン""><BR>
      <font size=""1"">【エブリイワゴンのパーツはこちら】</font></TD>
      <TD><IMG src=""http://image.rakuten.co.jp/carus/cabinet/serena_300bn.jpg"" width=""180"" alt=""セレナC26""><BR>
      <font size=""1"">【セレナC26のパーツはこちら】</font></TD>
　　</TR>
    <TR>
      <TD><IMG src=""http://image.rakuten.co.jp/carus/cabinet/jimny_300bn.jpg"" width=""180"" alt=""ジムニー""><BR>
      <font size=""1"">【ジムニーのパーツはこちら】</font></TD>
      <TD><IMG src=""http://image.rakuten.co.jp/carus/cabinet/alphard_300bn.jpg"" width=""180"" alt=""アルファード""><BR>
      <font size=""1"">【アルファードのパーツはこちら】</font></TD>
      <TD><IMG src=""http://image.rakuten.co.jp/carus/cabinet/vellfire_300bn.jpg"" width=""180"" alt=""ヴェルファイア""><BR>
      <font size=""1"">【ヴェルファイアのパーツはこちら】</font></TD>
　　</TR>
<TR>
   <TD colspan=""3""><IMG src=""http://image.rakuten.co.jp/carus/cabinet/top2007/iris.jpg"" width=""550"" style=""border-width : 1px;border-style : solid;border-color : #ff0000;""><BR>
            <FONT size=""2"">【収納ラック】軽自動車・普通車・ＲＶ車など各種あり</FONT></TD>
    </TR>
<TR>
      <TD colspan=""3""><IMG src=""http://image.rakuten.co.jp/carus/cabinet/top2007/img59369572.jpg"" width=""550"" style=""border-width : 1px;border-style : solid;border-color : #ff0000;"" alt=""プラグ""><BR>
            <font size=""2"">ノーマルからチューニングエンジンまで各種お選びください！</font></TD>
    </TR>
<TR>
      <TD colspan=""3""><IMG src=""http://image.rakuten.co.jp/carus/cabinet/mcgard-bnr2.jpg"" width=""550"" style=""border-width : 1px;border-style : solid;border-color : #ff0000;""><BR>
            <FONT size=""2"">【ホイールに鍵】マックガードを車種別でご用意しております！</FONT></TD>
    </TR>
    <TR>
      <TD colspan=""3""><IMG src=""http://image.rakuten.co.jp/carus/cabinet/top2007/aircleaner_bn.jpg"" width=""550"" style=""border-width : 1px;border-style : solid;border-color : #ff0000;"" alt=""エアクリーナー""><BR>
            <FONT size=""2"">640車種以上！豊富な車種バリエーション！</FONT></TD>
    </TR>
  </TBODY>
      </TABLE>
<BR>
<FONT color=""#ff0000"" size=""2"">欲しいパーツが見つからない場合は</FONT><FONT size=""2"">info@carus.co.jp</FONT><FONT color=""#ff0000"" size=""2"">まで希望商品をお問合わせ下さい！</FONT>
</center>",■スバル■BRZ■ドライカーボン製ショートアンテナ70mm■ヘリカルコイル内蔵■日本製：カルースオートパーツ,車検対応改造純正激安サスペンションエアロ競技用ホイールナットロックナットワイドトレッドスペーサーワイトレHIDシートカバーバッテリーエアクリーナースパークプラグヘッドライト200系ハイエースプリウスヴェルファイア■スバル■BRZ■ドライカーボン製ショートアンテナ70mm■ヘリカルコイル内蔵■日本製,日本製。■スバル■BRZ■ドライカーボン製ショートアンテナ70mm■ヘリカルコイル内蔵■日本製[rn]
24-4116,http://tshop.r10s.jp/carus/cabinet/exterior/carbon_m_img.jpg?fitin=700:700,3840.0000,,車用品・バイク用品 > カー用品 > 外装パーツ > その他,■スバル■ルクラ■ドライカーボン製ショートアンテナ70mm■ヘリカルコイル内蔵■日本製,日本製,"<table border=""0"">
<tr>
<TD align=""center"" width=""245"" style=""border-width : 1px;border-style : solid;border-color : #ffa600;"" bgcolor=""#ffa600"">
<B><FONT size=""2""><BR>【車種で検索】<br>
      車種別で商品を見つける！<BR>
      </font></B><br>
</TD>
</tr>
<tr>
<TD bgcolor=""#ffffff"">

<img src=""http://image.rakuten.co.jp/carus/cabinet/top2007/domestic.gif"" width=""245"" border=""0"">
<BR><font size=""4"">国産車種別はこちら</font>
</TD>
</tr>
<tr>
<TD bgcolor=""#ffffff"">

<img src=""http://image.rakuten.co.jp/carus/cabinet/top2007/import.gif"" width=""245"" border=""0"">
<BR><font size=""4"">輸入車種別はこちら</font>
</TD>
</tr>
</table><BR>【SB050】【SB051】<center>
<TABLE>
  <TBODY>
    <TR>
      <TD><IMG src=""http://image.rakuten.co.jp/carus/cabinet/hiace_300bn.jpg"" width=""180"" alt=""200系ハイエース""><BR>
      <font size=""1"">【200系ハイエースのパーツはこちら】</font></TD>
      <TD><IMG src=""http://image.rakuten.co.jp/carus/cabinet/prius_300bn.jpg"" width=""180"" alt=""プリウス""><BR>
      <font size=""1"">【30プリウスのパーツはこちら】</font></TD>
      <TD><IMG src=""http://image.rakuten.co.jp/carus/cabinet/aqua_300bn.jpg"" width=""180"" alt=""アクア""><BR>
      <font size=""1"">【アクアのパーツはこちら】</font></TD>
　　</TR>
    <TR>
      <TD><IMG src=""http://image.rakuten.co.jp/carus/cabinet/priusa_300bn.jpg"" width=""180"" alt=""プリウスα""><BR>
      <font size=""1"">【プリウスαのパーツはこちら】</font></TD>
      <TD><IMG src=""http://image.rakuten.co.jp/carus/cabinet/every_300bn.jpg"" width=""180"" alt=""エブリイワゴン""><BR>
      <font size=""1"">【エブリイワゴンのパーツはこちら】</font></TD>
      <TD><IMG src=""http://image.rakuten.co.jp/carus/cabinet/serena_300bn.jpg"" width=""180"" alt=""セレナC26""><BR>
      <font size=""1"">【セレナC26のパーツはこちら】</font></TD>
　　</TR>
    <TR>
      <TD><IMG src=""http://image.rakuten.co.jp/carus/cabinet/jimny_300bn.jpg"" width=""180"" alt=""ジムニー""><BR>
      <font size=""1"">【ジムニーのパーツはこちら】</font></TD>
      <TD><IMG src=""http://image.rakuten.co.jp/carus/cabinet/alphard_300bn.jpg"" width=""180"" alt=""アルファード""><BR>
      <font size=""1"">【アルファードのパーツはこちら】</font></TD>
      <TD><IMG src=""http://image.rakuten.co.jp/carus/cabinet/vellfire_300bn.jpg"" width=""180"" alt=""ヴェルファイア""><BR>
      <font size=""1"">【ヴェルファイアのパーツはこちら】</font></TD>
　　</TR>
<TR>
   <TD colspan=""3""><IMG src=""http://image.rakuten.co.jp/carus/cabinet/top2007/iris.jpg"" width=""550"" style=""border-width : 1px;border-style : solid;border-color : #ff0000;""><BR>
            <FONT size=""2"">【収納ラック】軽自動車・普通車・ＲＶ車など各種あり</FONT></TD>
    </TR>
<TR>
      <TD colspan=""3""><IMG src=""http://image.rakuten.co.jp/carus/cabinet/top2007/img59369572.jpg"" width=""550"" style=""border-width : 1px;border-style : solid;border-color : #ff0000;"" alt=""プラグ""><BR>
            <font size=""2"">ノーマルからチューニングエンジンまで各種お選びください！</font></TD>
    </TR>
<TR>
      <TD colspan=""3""><IMG src=""http://image.rakuten.co.jp/carus/cabinet/mcgard-bnr2.jpg"" width=""550"" style=""border-width : 1px;border-style : solid;border-color : #ff0000;""><BR>
            <FONT size=""2"">【ホイールに鍵】マックガードを車種別でご用意しております！</FONT></TD>
    </TR>
    <TR>
      <TD colspan=""3""><IMG src=""http://image.rakuten.co.jp/carus/cabinet/top2007/aircleaner_bn.jpg"" width=""550"" style=""border-width : 1px;border-style : solid;border-color : #ff0000;"" alt=""エアクリーナー""><BR>
            <FONT size=""2"">640車種以上！豊富な車種バリエーション！</FONT></TD>
    </TR>
  </TBODY>
      </TABLE>
<BR>
<FONT color=""#ff0000"" size=""2"">欲しいパーツが見つからない場合は</FONT><FONT size=""2"">info@carus.co.jp</FONT><FONT color=""#ff0000"" size=""2"">まで希望商品をお問合わせ下さい！</FONT>
</center>",■スバル■ルクラ■ドライカーボン製ショートアンテナ70mm■ヘリカルコイル内蔵■日本製：カルースオートパーツ,車検対応改造純正激安サスペンションエアロ競技用ホイールナットロックナットワイドトレッドスペーサーワイトレHIDシートカバーバッテリーエアクリーナースパークプラグヘッドライト200系ハイエースプリウスヴェルファイア■スバル■ルクラ■ドライカーボン製ショートアンテナ70mm■ヘリカルコイル内蔵■日本製,日本製。■スバル■ルクラ■ドライカーボン製ショートアンテナ70mm■ヘリカルコイル内蔵■日本製[rn]
24-4117,http://tshop.r10s.jp/carus/cabinet/exterior/euro_short_antena.jpg?fitin=700:700,1363.2000,,車用品・バイク用品 > カー用品 > 外装パーツ > その他,【あす楽】■スバル■フォレスター■ネジ径5ミリ、6ミリ、7ミリ付属■超ショートな全長約80ミリ！■ユーロショートアンテナ【ユーロアンテナ 取付簡単 ねじ込み式 5mm 6mm 7mm ネジ付属】,【簡単交換】,"<table border=""0"">
<tr>
<TD align=""center"" width=""245"" style=""border-width : 1px;border-style : solid;border-color : #ffa600;"" bgcolor=""#ffa600"">
<B><FONT size=""2""><BR>【車種で検索】<br>
      車種別で商品を見つける！<BR>
      </font></B><br>
</TD>
</tr>
<tr>
<TD bgcolor=""#ffffff"">

<img src=""http://image.rakuten.co.jp/carus/cabinet/top2007/domestic.gif"" width=""245"" border=""0"">
<BR><font size=""4"">国産車種別はこちら</font>
</TD>
</tr>
<tr>
<TD bgcolor=""#ffffff"">

<img src=""http://image.rakuten.co.jp/carus/cabinet/top2007/import.gif"" width=""245"" border=""0"">
<BR><font size=""4"">輸入車種別はこちら</font>
</TD>
</tr>
</table><BR>【SB043】【SB044】<center>
<TABLE>
  <TBODY>
    <TR>
      <TD><IMG src=""http://image.rakuten.co.jp/carus/cabinet/hiace_300bn.jpg"" width=""180"" alt=""200系ハイエース""><BR>
      <font size=""1"">【200系ハイエースのパーツはこちら】</font></TD>
      <TD><IMG src=""http://image.rakuten.co.jp/carus/cabinet/prius_300bn.jpg"" width=""180"" alt=""プリウス""><BR>
      <font size=""1"">【30プリウスのパーツはこちら】</font></TD>
      <TD><IMG src=""http://image.rakuten.co.jp/carus/cabinet/aqua_300bn.jpg"" width=""180"" alt=""アクア""><BR>
      <font size=""1"">【アクアのパーツはこちら】</font></TD>
　　</TR>
    <TR>
      <TD><IMG src=""http://image.rakuten.co.jp/carus/cabinet/priusa_300bn.jpg"" width=""180"" alt=""プリウスα""><BR>
      <font size=""1"">【プリウスαのパーツはこちら】</font></TD>
      <TD><IMG src=""http://image.rakuten.co.jp/carus/cabinet/every_300bn.jpg"" width=""180"" alt=""エブリイワゴン""><BR>
      <font size=""1"">【エブリイワゴンのパーツはこちら】</font></TD>
      <TD><IMG src=""http://image.rakuten.co.jp/carus/cabinet/serena_300bn.jpg"" width=""180"" alt=""セレナC26""><BR>
      <font size=""1"">【セレナC26のパーツはこちら】</font></TD>
　　</TR>
    <TR>
      <TD><IMG src=""http://image.rakuten.co.jp/carus/cabinet/jimny_300bn.jpg"" width=""180"" alt=""ジムニー""><BR>
      <font size=""1"">【ジムニーのパーツはこちら】</font></TD>
      <TD><IMG src=""http://image.rakuten.co.jp/carus/cabinet/alphard_300bn.jpg"" width=""180"" alt=""アルファード""><BR>
      <font size=""1"">【アルファードのパーツはこちら】</font></TD>
      <TD><IMG src=""http://image.rakuten.co.jp/carus/cabinet/vellfire_300bn.jpg"" width=""180"" alt=""ヴェルファイア""><BR>
      <font size=""1"">【ヴェルファイアのパーツはこちら】</font></TD>
　　</TR>
<TR>
   <TD colspan=""3""><IMG src=""http://image.rakuten.co.jp/carus/cabinet/top2007/iris.jpg"" width=""550"" style=""border-width : 1px;border-style : solid;border-color : #ff0000;""><BR>
            <FONT size=""2"">【収納ラック】軽自動車・普通車・ＲＶ車など各種あり</FONT></TD>
    </TR>
<TR>
      <TD colspan=""3""><IMG src=""http://image.rakuten.co.jp/carus/cabinet/top2007/img59369572.jpg"" width=""550"" style=""border-width : 1px;border-style : solid;border-color : #ff0000;"" alt=""プラグ""><BR>
            <font size=""2"">ノーマルからチューニングエンジンまで各種お選びください！</font></TD>
    </TR>
<TR>
      <TD colspan=""3""><IMG src=""http://image.rakuten.co.jp/carus/cabinet/mcgard-bnr2.jpg"" width=""550"" style=""border-width : 1px;border-style : solid;border-color : #ff0000;""><BR>
            <FONT size=""2"">【ホイールに鍵】マックガードを車種別でご用意しております！</FONT></TD>
    </TR>
    <TR>
      <TD colspan=""3""><IMG src=""http://image.rakuten.co.jp/carus/cabinet/top2007/aircleaner_bn.jpg"" width=""550"" style=""border-width : 1px;border-style : solid;border-color : #ff0000;"" alt=""エアクリーナー""><BR>
            <FONT size=""2"">640車種以上！豊富な車種バリエーション！</FONT></TD>
    </TR>
  </TBODY>
      </TABLE>
<BR>
<FONT color=""#ff0000"" size=""2"">欲しいパーツが見つからない場合は</FONT><FONT size=""2"">info@carus.co.jp</FONT><FONT color=""#ff0000"" size=""2"">まで希望商品をお問合わせ下さい！</FONT>
</center>",【あす楽】■スバル■フォレスター■ネジ径5ミリ、6ミリ、7ミリ付属■超ショートな全長約80ミリ！■ユーロショートアンテナ【ユーロアンテナ 取付簡単 ねじ込み式 5mm 6mm 7mm ネジ付属】：カルースオートパーツ,車検対応改造純正激安サスペンションエアロ競技用ホイールナットロックナットワイドトレッドスペーサーワイトレHIDシートカバーバッテリーエアクリーナースパークプラグヘッドライト200系ハイエースプリウスヴェルファイア【あす楽】■スバル■フォレスター■ネジ径5ミリ、6ミリ、7ミリ付属■超ショートな全長約80ミリ！■ユーロショートアンテナ【ユーロアンテナ 取付簡単 ねじ込み式 5mm 6mm 7mm ネジ付属】,【簡単交換】。【あす楽】■スバル■フォレスター■ネジ径5ミリ、6ミリ、7ミリ付属■超ショートな全長約80ミリ！■ユーロショートアンテナ【ユーロアンテナ 取付簡単 ねじ込み式 5mm 6mm 7mm ネジ付属】[rn]
24-4118,http://tshop.r10s.jp/carus/cabinet/exterior/carbon_s_img.jpg?fitin=700:700,3840.0000,,車用品・バイク用品 > カー用品 > 外装パーツ > その他,■スバル■トレジア■ドライカーボン製スーパーショートアンテナ50mm■ヘリカルコイル内蔵■日本製,日本製,"<table border=""0"">
<tr>
<TD align=""center"" width=""245"" style=""border-width : 1px;border-style : solid;border-color : #ffa600;"" bgcolor=""#ffa600"">
<B><FONT size=""2""><BR>【車種で検索】<br>
      車種別で商品を見つける！<BR>
      </font></B><br>
</TD>
</tr>
<tr>
<TD bgcolor=""#ffffff"">

<img src=""http://image.rakuten.co.jp/carus/cabinet/top2007/domestic.gif"" width=""245"" border=""0"">
<BR><font size=""4"">国産車種別はこちら</font>
</TD>
</tr>
<tr>
<TD bgcolor=""#ffffff"">

<img src=""http://image.rakuten.co.jp/carus/cabinet/top2007/import.gif"" width=""245"" border=""0"">
<BR><font size=""4"">輸入車種別はこちら</font>
</TD>
</tr>
</table><BR>【SB036】<center>
<TABLE>
  <TBODY>
    <TR>
      <TD><IMG src=""http://image.rakuten.co.jp/carus/cabinet/hiace_300bn.jpg"" width=""180"" alt=""200系ハイエース""><BR>
      <font size=""1"">【200系ハイエースのパーツはこちら】</font></TD>
      <TD><IMG src=""http://image.rakuten.co.jp/carus/cabinet/prius_300bn.jpg"" width=""180"" alt=""プリウス""><BR>
      <font size=""1"">【30プリウスのパーツはこちら】</font></TD>
      <TD><IMG src=""http://image.rakuten.co.jp/carus/cabinet/aqua_300bn.jpg"" width=""180"" alt=""アクア""><BR>
      <font size=""1"">【アクアのパーツはこちら】</font></TD>
　　</TR>
    <TR>
      <TD><IMG src=""http://image.rakuten.co.jp/carus/cabinet/priusa_300bn.jpg"" width=""180"" alt=""プリウスα""><BR>
      <font size=""1"">【プリウスαのパーツはこちら】</font></TD>
      <TD><IMG src=""http://image.rakuten.co.jp/carus/cabinet/every_300bn.jpg"" width=""180"" alt=""エブリイワゴン""><BR>
      <font size=""1"">【エブリイワゴンのパーツはこちら】</font></TD>
      <TD><IMG src=""http://image.rakuten.co.jp/carus/cabinet/serena_300bn.jpg"" width=""180"" alt=""セレナC26""><BR>
      <font size=""1"">【セレナC26のパーツはこちら】</font></TD>
　　</TR>
    <TR>
      <TD><IMG src=""http://image.rakuten.co.jp/carus/cabinet/jimny_300bn.jpg"" width=""180"" alt=""ジムニー""><BR>
      <font size=""1"">【ジムニーのパーツはこちら】</font></TD>
      <TD><IMG src=""http://image.rakuten.co.jp/carus/cabinet/alphard_300bn.jpg"" width=""180"" alt=""アルファード""><BR>
      <font size=""1"">【アルファードのパーツはこちら】</font></TD>
      <TD><IMG src=""http://image.rakuten.co.jp/carus/cabinet/vellfire_300bn.jpg"" width=""180"" alt=""ヴェルファイア""><BR>
      <font size=""1"">【ヴェルファイアのパーツはこちら】</font></TD>
　　</TR>
<TR>
   <TD colspan=""3""><IMG src=""http://image.rakuten.co.jp/carus/cabinet/top2007/iris.jpg"" width=""550"" style=""border-width : 1px;border-style : solid;border-color : #ff0000;""><BR>
            <FONT size=""2"">【収納ラック】軽自動車・普通車・ＲＶ車など各種あり</FONT></TD>
    </TR>
<TR>
      <TD colspan=""3""><IMG src=""http://image.rakuten.co.jp/carus/cabinet/top2007/img59369572.jpg"" width=""550"" style=""border-width : 1px;border-style : solid;border-color : #ff0000;"" alt=""プラグ""><BR>
            <font size=""2"">ノーマルからチューニングエンジンまで各種お選びください！</font></TD>
    </TR>
<TR>
      <TD colspan=""3""><IMG src=""http://image.rakuten.co.jp/carus/cabinet/mcgard-bnr2.jpg"" width=""550"" style=""border-width : 1px;border-style : solid;border-color : #ff0000;""><BR>
            <FONT size=""2"">【ホイールに鍵】マックガードを車種別でご用意しております！</FONT></TD>
    </TR>
    <TR>
      <TD colspan=""3""><IMG src=""http://image.rakuten.co.jp/carus/cabinet/top2007/aircleaner_bn.jpg"" width=""550"" style=""border-width : 1px;border-style : solid;border-color : #ff0000;"" alt=""エアクリーナー""><BR>
            <FONT size=""2"">640車種以上！豊富な車種バリエーション！</FONT></TD>
    </TR>
  </TBODY>
      </TABLE>
<BR>
<FONT color=""#ff0000"" size=""2"">欲しいパーツが見つからない場合は</FONT><FONT size=""2"">info@carus.co.jp</FONT><FONT color=""#ff0000"" size=""2"">まで希望商品をお問合わせ下さい！</FONT>
</center>",■スバル■トレジア■ドライカーボン製スーパーショートアンテナ50mm■ヘリカルコイル内蔵■日本製：カルースオートパーツ,車検対応改造純正激安サスペンションエアロ競技用ホイールナットロックナットワイドトレッドスペーサーワイトレHIDシートカバーバッテリーエアクリーナースパークプラグヘッドライト200系ハイエースプリウスヴェルファイア■スバル■トレジア■ドライカーボン製スーパーショートアンテナ50mm■ヘリカルコイル内蔵■日本製,日本製。■スバル■トレジア■ドライカーボン製スーパーショートアンテナ50mm■ヘリカルコイル内蔵■日本製[rn]
24-4119,http://tshop.r10s.jp/carus/cabinet/exterior/euro_short_antena.jpg?fitin=700:700,1363.2000,,車用品・バイク用品 > カー用品 > 外装パーツ > その他,【あす楽】■スバル■トレジア■ネジ径5ミリ、6ミリ、7ミリ付属■超ショートな全長約80ミリ！■ユーロショートアンテナ【ユーロアンテナ 取付簡単 ねじ込み式 5mm 6mm 7mm ネジ付属】,【簡単交換】,"<table border=""0"">
<tr>
<TD align=""center"" width=""245"" style=""border-width : 1px;border-style : solid;border-color : #ffa600;"" bgcolor=""#ffa600"">
<B><FONT size=""2""><BR>【車種で検索】<br>
      車種別で商品を見つける！<BR>
      </font></B><br>
</TD>
</tr>
<tr>
<TD bgcolor=""#ffffff"">

<img src=""http://image.rakuten.co.jp/carus/cabinet/top2007/domestic.gif"" width=""245"" border=""0"">
<BR><font size=""4"">国産車種別はこちら</font>
</TD>
</tr>
<tr>
<TD bgcolor=""#ffffff"">

<img src=""http://image.rakuten.co.jp/carus/cabinet/top2007/import.gif"" width=""245"" border=""0"">
<BR><font size=""4"">輸入車種別はこちら</font>
</TD>
</tr>
</table><BR>【SB036】<center>
<TABLE>
  <TBODY>
    <TR>
      <TD><IMG src=""http://image.rakuten.co.jp/carus/cabinet/hiace_300bn.jpg"" width=""180"" alt=""200系ハイエース""><BR>
      <font size=""1"">【200系ハイエースのパーツはこちら】</font></TD>
      <TD><IMG src=""http://image.rakuten.co.jp/carus/cabinet/prius_300bn.jpg"" width=""180"" alt=""プリウス""><BR>
      <font size=""1"">【30プリウスのパーツはこちら】</font></TD>
      <TD><IMG src=""http://image.rakuten.co.jp/carus/cabinet/aqua_300bn.jpg"" width=""180"" alt=""アクア""><BR>
      <font size=""1"">【アクアのパーツはこちら】</font></TD>
　　</TR>
    <TR>
      <TD><IMG src=""http://image.rakuten.co.jp/carus/cabinet/priusa_300bn.jpg"" width=""180"" alt=""プリウスα""><BR>
      <font size=""1"">【プリウスαのパーツはこちら】</font></TD>
      <TD><IMG src=""http://image.rakuten.co.jp/carus/cabinet/every_300bn.jpg"" width=""180"" alt=""エブリイワゴン""><BR>
      <font size=""1"">【エブリイワゴンのパーツはこちら】</font></TD>
      <TD><IMG src=""http://image.rakuten.co.jp/carus/cabinet/serena_300bn.jpg"" width=""180"" alt=""セレナC26""><BR>
      <font size=""1"">【セレナC26のパーツはこちら】</font></TD>
　　</TR>
    <TR>
      <TD><IMG src=""http://image.rakuten.co.jp/carus/cabinet/jimny_300bn.jpg"" width=""180"" alt=""ジムニー""><BR>
      <font size=""1"">【ジムニーのパーツはこちら】</font></TD>
      <TD><IMG src=""http://image.rakuten.co.jp/carus/cabinet/alphard_300bn.jpg"" width=""180"" alt=""アルファード""><BR>
      <font size=""1"">【アルファードのパーツはこちら】</font></TD>
      <TD><IMG src=""http://image.rakuten.co.jp/carus/cabinet/vellfire_300bn.jpg"" width=""180"" alt=""ヴェルファイア""><BR>
      <font size=""1"">【ヴェルファイアのパーツはこちら】</font></TD>
　　</TR>
<TR>
   <TD colspan=""3""><IMG src=""http://image.rakuten.co.jp/carus/cabinet/top2007/iris.jpg"" width=""550"" style=""border-width : 1px;border-style : solid;border-color : #ff0000;""><BR>
            <FONT size=""2"">【収納ラック】軽自動車・普通車・ＲＶ車など各種あり</FONT></TD>
    </TR>
<TR>
      <TD colspan=""3""><IMG src=""http://image.rakuten.co.jp/carus/cabinet/top2007/img59369572.jpg"" width=""550"" style=""border-width : 1px;border-style : solid;border-color : #ff0000;"" alt=""プラグ""><BR>
            <font size=""2"">ノーマルからチューニングエンジンまで各種お選びください！</font></TD>
    </TR>
<TR>
      <TD colspan=""3""><IMG src=""http://image.rakuten.co.jp/carus/cabinet/mcgard-bnr2.jpg"" width=""550"" style=""border-width : 1px;border-style : solid;border-color : #ff0000;""><BR>
            <FONT size=""2"">【ホイールに鍵】マックガードを車種別でご用意しております！</FONT></TD>
    </TR>
    <TR>
      <TD colspan=""3""><IMG src=""http://image.rakuten.co.jp/carus/cabinet/top2007/aircleaner_bn.jpg"" width=""550"" style=""border-width : 1px;border-style : solid;border-color : #ff0000;"" alt=""エアクリーナー""><BR>
            <FONT size=""2"">640車種以上！豊富な車種バリエーション！</FONT></TD>
    </TR>
  </TBODY>
      </TABLE>
<BR>
<FONT color=""#ff0000"" size=""2"">欲しいパーツが見つからない場合は</FONT><FONT size=""2"">info@carus.co.jp</FONT><FONT color=""#ff0000"" size=""2"">まで希望商品をお問合わせ下さい！</FONT>
</center>",【あす楽】■スバル■トレジア■ネジ径5ミリ、6ミリ、7ミリ付属■超ショートな全長約80ミリ！■ユーロショートアンテナ【ユーロアンテナ 取付簡単 ねじ込み式 5mm 6mm 7mm ネジ付属】：カルースオートパーツ,車検対応改造純正激安サスペンションエアロ競技用ホイールナットロックナットワイドトレッドスペーサーワイトレHIDシートカバーバッテリーエアクリーナースパークプラグヘッドライト200系ハイエースプリウスヴェルファイア【あす楽】■スバル■トレジア■ネジ径5ミリ、6ミリ、7ミリ付属■超ショートな全長約80ミリ！■ユーロショートアンテナ【ユーロアンテナ 取付簡単 ねじ込み式 5mm 6mm 7mm ネジ付属】,【簡単交換】。【あす楽】■スバル■トレジア■ネジ径5ミリ、6ミリ、7ミリ付属■超ショートな全長約80ミリ！■ユーロショートアンテナ【ユーロアンテナ 取付簡単 ねじ込み式 5mm 6mm 7mm ネジ付属】[rn]
24-4120,http://tshop.r10s.jp/carus/cabinet/exterior/euro_short_antena.jpg?fitin=700:700,1363.2000,,車用品・バイク用品 > カー用品 > 外装パーツ > その他,【あす楽】■スバル■インプレッサ■ネジ径5ミリ、6ミリ、7ミリ付属■超ショートな全長約80ミリ！■ユーロショートアンテナ【ユーロアンテナ 取付簡単 ねじ込み式 5mm 6mm 7mm ネジ付属】,【簡単交換】,"<table border=""0"">
<tr>
<TD align=""center"" width=""245"" style=""border-width : 1px;border-style : solid;border-color : #ffa600;"" bgcolor=""#ffa600"">
<B><FONT size=""2""><BR>【車種で検索】<br>
      車種別で商品を見つける！<BR>
      </font></B><br>
</TD>
</tr>
<tr>
<TD bgcolor=""#ffffff"">

<img src=""http://image.rakuten.co.jp/carus/cabinet/top2007/domestic.gif"" width=""245"" border=""0"">
<BR><font size=""4"">国産車種別はこちら</font>
</TD>
</tr>
<tr>
<TD bgcolor=""#ffffff"">

<img src=""http://image.rakuten.co.jp/carus/cabinet/top2007/import.gif"" width=""245"" border=""0"">
<BR><font size=""4"">輸入車種別はこちら</font>
</TD>
</tr>
</table><BR>【SB007】【SB011】<center>
<TABLE>
  <TBODY>
    <TR>
      <TD><IMG src=""http://image.rakuten.co.jp/carus/cabinet/hiace_300bn.jpg"" width=""180"" alt=""200系ハイエース""><BR>
      <font size=""1"">【200系ハイエースのパーツはこちら】</font></TD>
      <TD><IMG src=""http://image.rakuten.co.jp/carus/cabinet/prius_300bn.jpg"" width=""180"" alt=""プリウス""><BR>
      <font size=""1"">【30プリウスのパーツはこちら】</font></TD>
      <TD><IMG src=""http://image.rakuten.co.jp/carus/cabinet/aqua_300bn.jpg"" width=""180"" alt=""アクア""><BR>
      <font size=""1"">【アクアのパーツはこちら】</font></TD>
　　</TR>
    <TR>
      <TD><IMG src=""http://image.rakuten.co.jp/carus/cabinet/priusa_300bn.jpg"" width=""180"" alt=""プリウスα""><BR>
      <font size=""1"">【プリウスαのパーツはこちら】</font></TD>
      <TD><IMG src=""http://image.rakuten.co.jp/carus/cabinet/every_300bn.jpg"" width=""180"" alt=""エブリイワゴン""><BR>
      <font size=""1"">【エブリイワゴンのパーツはこちら】</font></TD>
      <TD><IMG src=""http://image.rakuten.co.jp/carus/cabinet/serena_300bn.jpg"" width=""180"" alt=""セレナC26""><BR>
      <font size=""1"">【セレナC26のパーツはこちら】</font></TD>
　　</TR>
    <TR>
      <TD><IMG src=""http://image.rakuten.co.jp/carus/cabinet/jimny_300bn.jpg"" width=""180"" alt=""ジムニー""><BR>
      <font size=""1"">【ジムニーのパーツはこちら】</font></TD>
      <TD><IMG src=""http://image.rakuten.co.jp/carus/cabinet/alphard_300bn.jpg"" width=""180"" alt=""アルファード""><BR>
      <font size=""1"">【アルファードのパーツはこちら】</font></TD>
      <TD><IMG src=""http://image.rakuten.co.jp/carus/cabinet/vellfire_300bn.jpg"" width=""180"" alt=""ヴェルファイア""><BR>
      <font size=""1"">【ヴェルファイアのパーツはこちら】</font></TD>
　　</TR>
<TR>
   <TD colspan=""3""><IMG src=""http://image.rakuten.co.jp/carus/cabinet/top2007/iris.jpg"" width=""550"" style=""border-width : 1px;border-style : solid;border-color : #ff0000;""><BR>
            <FONT size=""2"">【収納ラック】軽自動車・普通車・ＲＶ車など各種あり</FONT></TD>
    </TR>
<TR>
      <TD colspan=""3""><IMG src=""http://image.rakuten.co.jp/carus/cabinet/top2007/img59369572.jpg"" width=""550"" style=""border-width : 1px;border-style : solid;border-color : #ff0000;"" alt=""プラグ""><BR>
            <font size=""2"">ノーマルからチューニングエンジンまで各種お選びください！</font></TD>
    </TR>
<TR>
      <TD colspan=""3""><IMG src=""http://image.rakuten.co.jp/carus/cabinet/mcgard-bnr2.jpg"" width=""550"" style=""border-width : 1px;border-style : solid;border-color : #ff0000;""><BR>
            <FONT size=""2"">【ホイールに鍵】マックガードを車種別でご用意しております！</FONT></TD>
    </TR>
    <TR>
      <TD colspan=""3""><IMG src=""http://image.rakuten.co.jp/carus/cabinet/top2007/aircleaner_bn.jpg"" width=""550"" style=""border-width : 1px;border-style : solid;border-color : #ff0000;"" alt=""エアクリーナー""><BR>
            <FONT size=""2"">640車種以上！豊富な車種バリエーション！</FONT></TD>
    </TR>
  </TBODY>
      </TABLE>
<BR>
<FONT color=""#ff0000"" size=""2"">欲しいパーツが見つからない場合は</FONT><FONT size=""2"">info@carus.co.jp</FONT><FONT color=""#ff0000"" size=""2"">まで希望商品をお問合わせ下さい！</FONT>
</center>",【あす楽】■スバル■インプレッサ■ネジ径5ミリ、6ミリ、7ミリ付属■超ショートな全長約80ミリ！■ユーロショートアンテナ【ユーロアンテナ 取付簡単 ねじ込み式 5mm 6mm 7mm ネジ付属】：カルースオートパーツ,車検対応改造純正激安サスペンションエアロ競技用ホイールナットロックナットワイドトレッドスペーサーワイトレHIDシートカバーバッテリーエアクリーナースパークプラグヘッドライト200系ハイエースプリウスヴェルファイア【あす楽】■スバル■インプレッサ■ネジ径5ミリ、6ミリ、7ミリ付属■超ショートな全長約80ミリ！■ユーロショートアンテナ【ユーロアンテナ 取付簡単 ねじ込み式 5mm 6mm 7mm ネジ付属】,【簡単交換】。【あす楽】■スバル■インプレッサ■ネジ径5ミリ、6ミリ、7ミリ付属■超ショートな全長約80ミリ！■ユーロショートアンテナ【ユーロアンテナ 取付簡単 ねじ込み式 5mm 6mm 7mm ネジ付属】[rn]
24-4121,http://tshop.r10s.jp/tokyocar/cabinet/others/eyeline_film/img59425477.jpg?fitin=700:700,1328.0000,,車用品・バイク用品 > カー用品 > 外装パーツ > その他,SilkBlaze シルクブレイズ【CR-Z】アイラインフィルム Ver.2,,"<img src=http://image.rakuten.co.jp/tokyocar/cabinet/shopdesign/iteminfo.gif>
<table border=""1"" width=""680"" style=""border-collapse: collapse"" bordercolor=""#C0C0C0"" cellspacing=""0"">
  
  <TR>
    <td rowspan=""1"" bgcolor=""#EEEEEE"" align=""center"" width=""500""><font size=""2"">商品名</font></TD>
    <td rowspan=""1"" bgcolor=""#EEEEEE"" align=""center"" width=""80""><font size=""2"">参考取付<br>
      時間（H）</font></TD>
  </TR>
  <TR>
    <TD><STRONG>SilkBlaze アイラインフィルム Ver.2</STRONG></TD>
    <td align=""center"">0.5h</TD>
  </TR>
    <td colspan=""3""><TABLE border=0 cellSpacing=1 cellPadding=2 width=""100%"">
        <TBODY>
<tr>
<TD width=""20%"">■適合車種</TD>
<td> CR-Z…ZF1</td>
</tr>

<tr>
<TD width=""20%"">■年式</TD>
<td> H22.02～</td>
</tr>

<tr>
<TD width=""20%"">■カラー</TD>
<td> クリアオレンジ/クリアブルー</td>
</tr>

<tr>
<TD>■セット内容</TD>
<td>
 本体(L/R) 取付説明書</td>
</tr>
          <TR>
            <TD>■納　　期</TD>
            <TD>メーカー受注生産の為、注文確定から1週間～10日程お時間がかかります。<BR>
<FONT COLOR=FF0000 size=2>※ご注文後のキャンセル・返品はお受け出来ません。</font></TD>
          </TR>
<tr>
            <TD colSpan=2><BR>
■貼るだけでお手軽にドレスアップが可能です。車種専用施工マニュアル付属。<BR>
■3次元曲面へ貼りやすい高品質フィルム使用しています。<BR>
透過フィルムにより、ライティングを妨げません。<BR>
■クリアオレンジ・クリアブルーの２色からお好みによりお選びいただけます。<BR>
<BR>
【ご注意】<BR>
※メーカー受注生産の為、ご注文後のキャンセル・返品はお受け出来ません。ご了承下さい。
</tr></tbody>
</table>
</tr></table><table width=""810"">
  <tbody>
 <tr>
  <td>


<link rel=""stylesheet"" href=""http://www.rakuten.ne.jp/gold/tokyocar/chaser_banner.css"">


<style type=""text/css"">
#rakutenLimitedId_header{
display:none;
}
</style>

<!-- 受注生産品の納期案内 
<TABLE border=1 cellSpacing=1 borderColor=#ed3424 cellPadding=2 width=760>
<TBODY>
<TR>
<TD bgColor=#ed3424>
<P align=center><STRONG><FONT color=#ffffff 
size=4>受注生産品の納期に関して</FONT></STRONG></P></TD></TR>
<TR>
<TD>
<TT>弊社取扱のあるメーカー受注生産品はメーカー年末年始休業の為、<BR>
通常よりお時間を頂きますのであらかじめご了承下さい。<BR><BR>
<FONT 
color=#ff0000><STRONG>
・エアロパーツ塗装済み →　 年内のご注文はすべて2016/01/05より約6週間～<BR>
・エアロパーツ未塗装　 →　 年内のご注文はすべて2016/01/05より約4週間～<BR>
・受注生産シートカバー →　 年内のご注文はすべて2016/01/05より約2.5ヶ月～<BR><BR>
※その他受注生産品に関しましては2016/01/05から商品ページ記載の製作期間を頂きますのであらかじめご了承下さい。</CENTER></STRONG></FONT><BR><BR>期間中は大変ご不便おかけいたしますが、何卒ご理解とご協力を賜りますようお願い申し上げます。</TT></TD></TR></TBODY></TABLE>
<BR>
-->

<!-- シルバーウィーク休業案内
<CENTER>
<TABLE border=1 cellSpacing=1 borderColor=#ed3424 cellPadding=2 width=900>
<TBODY>
<TR>
<TD bgColor=#ed3424>
<P align=center><STRONG><FONT color=#ffffff 
size=4>ゴールデンウィーク休業のご連絡</FONT></STRONG></P></TD></TR>
<TR>
<TD>
<TT>平素より東京カー用品流通センターをご愛顧いただきまして、誠にありがとうございます。<BR>誠に勝手ながら弊社ゴールデンウィーク期間は下記の通り、業務を休業とさせて頂きますので何卒よろしくお願い申し上げます。<BR><BR>
<FONT 
color=#ff0000><STRONG><CENTER>休業日：2016年05月03日(火)～2016年05月05日(木)</CENTER></STRONG></FONT><BR>
メールでのお問い合わせやご注文は休業期間中も24時間受付中です。<BR>
ご注文の確定連絡や発送業務、メール返答は<FONT 
color=#ff0000><STRONG>2016年05月06(金)</STRONG></FONT>より順次対応させて頂きます。<BR>期間中は大変ご不便おかけいたしますが、何卒ご理解とご協力を賜りますようお願い申し上げます。</TT></TD></TR></TBODY></TABLE>
</CENTER>-->

</div>
<div id=""main_contents""><!--店舗キャンペーンバナー-->



<center>
<div>

<img src=http://image.rakuten.co.jp/tokyocar/cabinet/shopdesign/bunner/imgrc0099055340.jpg alt=""純正交換HIDバーナー"" style=""border-style:none;"" width=""810""><BR>


<img src=""http://image.rakuten.co.jp/tokyocar/cabinet/others/imgrc0102168198.jpg"" alt=""GARAX S.D.iミニコン"" style=""margin: 2px 0px 2px 0px;"" ""border-style:none;"" width=""201""><img src=""http://image.rakuten.co.jp/tokyocar/cabinet/others/imgrc0102168638.jpg"" alt=""GARAX イリュージョンスキャナー"" style=""margin: 2px 0px 2px 2px;"" ""border-style:none;"" width=""201""><img src=""http://image.rakuten.co.jp/tokyocar/cabinet/others/imgrc0102168656.jpg"" alt=""エンブレムシート"" style=""margin: 2px 0px 2px 2px;"" ""border-style:none;"" width=""201""><img src=""http://image.rakuten.co.jp/tokyocar/cabinet/others/imgrc0102168677.jpg"" alt=""ナビバイザー"" style=""margin: 2px 0px 2px 2px;"" ""border-style:none;"" width=""201""><BR>

<img src=http://image.rakuten.co.jp/tokyocar/cabinet/others/imgrc0102167848.jpg alt=""GARAX　LEDコンバージョンキット"" style=""margin: 0px 2px 0px 0px;"" ""border-style:none;"" width=""404"" ><img src=http://image.rakuten.co.jp/tokyocar/cabinet/others/imgrc0102167873.jpg alt=""ウイングミラー ツインモーション"" style=""border-style:none;"" width=""404""><BR>

<img src=http://image.rakuten.co.jp/tokyocar/cabinet/others/imgrc0102167000.jpg alt=""車種専用ドアバイザー"" style=""border-style:none;"" width=""810""vspace=""2""><BR>

<img src=http://image.rakuten.co.jp/tokyocar/cabinet/others/imgrc0102166817.jpg alt=""グリッドタイヤ"" style=""border-style:none;"" width=""810""></div></center>

<style>
div{
    line-height: 0;
}
</style>
</td>
  </tr>
  </tbody>
 </table>",SilkBlaze シルクブレイズ【CR-Z】アイラインフィルム Ver.2：東京カー用品流通センター,SilkBlaze シルクブレイズ【CR-Z】アイラインフィルム Ver.2,SilkBlaze シルクブレイズ【CR-Z】アイラインフィルム Ver.2[rn]
24-4122,http://tshop.r10s.jp/tokyocar/cabinet/chrome_meck_parts/img59188890.jpg?fitin=700:700,3600.0000,,車用品・バイク用品 > カー用品 > 外装パーツ > その他,SilkBlaze シルクブレイズルームミラーカバー Aタイプ（大）,,"<img src=http://image.rakuten.co.jp/tokyocar/cabinet/shopdesign/iteminfo.gif>
<table border=""1"" width=""680"" style=""border-collapse: collapse"" bordercolor=""#C0C0C0"" cellspacing=""0"">
  
  <TR>
    <td rowspan=""1"" bgcolor=""#EEEEEE"" align=""center"" width=""500""><font size=""2"">商品名</font></TD>
    
    <td rowspan=""1"" bgcolor=""#EEEEEE"" align=""center"" width=""80""><font size=""2"">参考取付<br>
      時間（H）</font></TD>
  </TR>
  
  <TR>
    <TD><STRONG>SilkBlaze ルームミラーカバー Aタイプ（大）</STRONG></TD>
       <td align=""center"">0.5h</TD>
  </TR>
    <td colspan=""3""><TABLE border=0 cellSpacing=1 cellPadding=2 width=""100%"">
        <TBODY>
<tr>
<TD width=""20%"">■適合車種</TD>
<td> ・LEXUS/IS250/350…GSE2#(05/09～)<BR>
・カムリ…ACV4#(06/01～)<BR>
・クラウン…GRS20＃(08/02～)<BR>
・クラウン/マジェスタ…GRS18#(03/12～08/01)<BR>
・クラウンマジェスタ…UZS186/187(04/07～09/02)<BR>
・クルーガー…ACU/MCU2#(00/11～07/05)<BR>
・クルーガーハイブリッド…MHU28(05/03～07/05)<BR>
・ハイラックスサーフ*…KDN/VZN/TRN/GRN21#(04/08～09/07)<BR>
・ハリアー…MCU/ACU/GSU3#(03/02～)<BR>
・ハリアーハイブリッド…MHU38(05/03～)<BR>
・マークX…GRX120/125(04/11～)<BR>
・ランドクルーザー…UZJ200/URJ202(07/09～)<BR>
・ランドクルーザープラド…GRJ/KDJ/RZJ/TRJ/VZJ12#(02/10～)<BR>
※その他対応車種につきましてはメーカーにお問い合わせ下さい。</td>
</tr>

<tr>
<TD width=""20%"">■カラー</TD>
<td> クローム/スモーク/ピアノブラック</td>
</tr>

<tr>
<TD>■セット内容</TD>
<td>
・本体<BR>
・アダプター<BR>
・取付説明書<BR>
</td>
</tr>
          <TR>
            <TD>■納　　期</TD>
            <TD>注文確定から2～3営業日程度<BR><FONT COLOR=FF0000 size=2>※欠品の場合お時間を頂く場合がございます。</font></TD>
          </TR>
<tr>
            <TD colSpan=2><BR>
■純正ルームミラーに被せるだけで、お手軽にルームミラーをイメージチェンジ<BR>
■両面テープ施工済み、貼り付けるだけの簡単取り付け <BR>
</tr></tbody>
</table>
</tr></table>
<BR>
<img src=http://image.rakuten.co.jp/tokyocar/cabinet/shopdesign/soldoutinfo.gif><table width=""810"">
  <tbody>
 <tr>
  <td>


<link rel=""stylesheet"" href=""http://www.rakuten.ne.jp/gold/tokyocar/chaser_banner.css"">


<style type=""text/css"">
#rakutenLimitedId_header{
display:none;
}
</style>

<!-- 受注生産品の納期案内 
<TABLE border=1 cellSpacing=1 borderColor=#ed3424 cellPadding=2 width=760>
<TBODY>
<TR>
<TD bgColor=#ed3424>
<P align=center><STRONG><FONT color=#ffffff 
size=4>受注生産品の納期に関して</FONT></STRONG></P></TD></TR>
<TR>
<TD>
<TT>弊社取扱のあるメーカー受注生産品はメーカー年末年始休業の為、<BR>
通常よりお時間を頂きますのであらかじめご了承下さい。<BR><BR>
<FONT 
color=#ff0000><STRONG>
・エアロパーツ塗装済み →　 年内のご注文はすべて2016/01/05より約6週間～<BR>
・エアロパーツ未塗装　 →　 年内のご注文はすべて2016/01/05より約4週間～<BR>
・受注生産シートカバー →　 年内のご注文はすべて2016/01/05より約2.5ヶ月～<BR><BR>
※その他受注生産品に関しましては2016/01/05から商品ページ記載の製作期間を頂きますのであらかじめご了承下さい。</CENTER></STRONG></FONT><BR><BR>期間中は大変ご不便おかけいたしますが、何卒ご理解とご協力を賜りますようお願い申し上げます。</TT></TD></TR></TBODY></TABLE>
<BR>
-->

<!-- シルバーウィーク休業案内
<CENTER>
<TABLE border=1 cellSpacing=1 borderColor=#ed3424 cellPadding=2 width=900>
<TBODY>
<TR>
<TD bgColor=#ed3424>
<P align=center><STRONG><FONT color=#ffffff 
size=4>ゴールデンウィーク休業のご連絡</FONT></STRONG></P></TD></TR>
<TR>
<TD>
<TT>平素より東京カー用品流通センターをご愛顧いただきまして、誠にありがとうございます。<BR>誠に勝手ながら弊社ゴールデンウィーク期間は下記の通り、業務を休業とさせて頂きますので何卒よろしくお願い申し上げます。<BR><BR>
<FONT 
color=#ff0000><STRONG><CENTER>休業日：2016年05月03日(火)～2016年05月05日(木)</CENTER></STRONG></FONT><BR>
メールでのお問い合わせやご注文は休業期間中も24時間受付中です。<BR>
ご注文の確定連絡や発送業務、メール返答は<FONT 
color=#ff0000><STRONG>2016年05月06(金)</STRONG></FONT>より順次対応させて頂きます。<BR>期間中は大変ご不便おかけいたしますが、何卒ご理解とご協力を賜りますようお願い申し上げます。</TT></TD></TR></TBODY></TABLE>
</CENTER>-->

</div>
<div id=""main_contents""><!--店舗キャンペーンバナー-->



<center>
<div>

<img src=http://image.rakuten.co.jp/tokyocar/cabinet/shopdesign/bunner/imgrc0099055340.jpg alt=""純正交換HIDバーナー"" style=""border-style:none;"" width=""810""><BR>


<img src=""http://image.rakuten.co.jp/tokyocar/cabinet/others/imgrc0102168198.jpg"" alt=""GARAX S.D.iミニコン"" style=""margin: 2px 0px 2px 0px;"" ""border-style:none;"" width=""201""><img src=""http://image.rakuten.co.jp/tokyocar/cabinet/others/imgrc0102168638.jpg"" alt=""GARAX イリュージョンスキャナー"" style=""margin: 2px 0px 2px 2px;"" ""border-style:none;"" width=""201""><img src=""http://image.rakuten.co.jp/tokyocar/cabinet/others/imgrc0102168656.jpg"" alt=""エンブレムシート"" style=""margin: 2px 0px 2px 2px;"" ""border-style:none;"" width=""201""><img src=""http://image.rakuten.co.jp/tokyocar/cabinet/others/imgrc0102168677.jpg"" alt=""ナビバイザー"" style=""margin: 2px 0px 2px 2px;"" ""border-style:none;"" width=""201""><BR>

<img src=http://image.rakuten.co.jp/tokyocar/cabinet/others/imgrc0102167848.jpg alt=""GARAX　LEDコンバージョンキット"" style=""margin: 0px 2px 0px 0px;"" ""border-style:none;"" width=""404"" ><img src=http://image.rakuten.co.jp/tokyocar/cabinet/others/imgrc0102167873.jpg alt=""ウイングミラー ツインモーション"" style=""border-style:none;"" width=""404""><BR>

<img src=http://image.rakuten.co.jp/tokyocar/cabinet/others/imgrc0102167000.jpg alt=""車種専用ドアバイザー"" style=""border-style:none;"" width=""810""vspace=""2""><BR>

<img src=http://image.rakuten.co.jp/tokyocar/cabinet/others/imgrc0102166817.jpg alt=""グリッドタイヤ"" style=""border-style:none;"" width=""810""></div></center>

<style>
div{
    line-height: 0;
}
</style>
</td>
  </tr>
  </tbody>
 </table>",SilkBlaze シルクブレイズルームミラーカバー Aタイプ（大）：東京カー用品流通センター,SilkBlaze シルクブレイズルームミラーカバー Aタイプ（大）,SilkBlaze シルクブレイズルームミラーカバー Aタイプ（大）[rn]
24-4123,http://tshop.r10s.jp/tokyocar/cabinet/others/led_winker/imgrc0098270769.jpg?fitin=700:700,9952.0000,,車用品・バイク用品 > カー用品 > 外装パーツ > その他,GARAX ギャラクスマルチLEDドアミラーウィンカー クリア【トヨタ汎用Aタイプ】,,"<STYLE type=""text/css""><!--
table.atype{border:1px solid #C0C0C0;}
.atype td{color:#000000;border-bottom:1px dashed #cccccc;}
--></STYLE>
<img src=http://image.rakuten.co.jp/tokyocar/cabinet/shopdesign/iteminfo.gif>
<table class=atype border=""1"" width=""680"" style=""border-collapse: collapse"" bordercolor=""#C0C0C0"" cellspacing=""0"">
  <TR>
    <td rowspan=""1"" bgcolor=""#EEEEEE"" align=""center"" width=""500""><font size=""2"">商品名</font></TD>
    <td rowspan=""1"" bgcolor=""#EEEEEE"" align=""center"" width=""80""><font size=""2"">参考取付<br>
      時間（H）</font></TD>
  </TR>
   <TR>
    <TD><STRONG>GARAX マルチLEDドアミラーウィンカー </TD>
    <td align=""center"">1.5～2.0h</TD>
  </TR>
    <td colspan=""3""><TABLE border=0 cellSpacing=1 cellPadding=6 width=""100%"">
        <TBODY>
<tr>
<TD width=""20%"">■適合車種</TD>
<td> ヴィッツ…KSP130/NCP131/NSP13# (H22.12～現行)<BR>
ポルテ…NCP14#/NSP140 (H24.07～現行)<BR>
スペイド…NCP14#/NSP140 (H24.07～現行)<BR>
アクア…NHP10 (H23.12～H26.12)<BR>
カローラアクシオ…NEK165/NRE160/NEZ16#/ZRE162 (H24.04～現行)<BR>
カローラフィールダー…NEK165/NRE160/NEZ16#/ZRE162 (H24.04～現行)<BR>
オーリス…NZE18#/ZRE186 (H24.08～現行)<BR>
プレミオ…NZT260/ZRT26# (H24.12～現行)<BR>
アリオン…NZT260/ZRT26# (H24.12～現行)<BR>
カムリハイブリッド…AVV50 (H23.08～現行)<BR>
アイシス…ZGM1# (H25.10～現行)</td>
</tr>

<tr>
<TD width=""20%"">■カラー</TD>
<td> 【ウェルカムライト色】クリア<BR>
【ウィンカー色】アンバー<BR>
【デイライト色】クリア<BR>
</td>
</tr>

<TD>■セット内容</TD>
<td>
 本体×2(L/R)/配線キット×2/エレクトロタップ/取付説明書<BR>
※商品にミラー本体は含まれておりません。</td>
</tr>
          <TR>
            <TD>■納　　期</TD>
            <TD>注文確定から2～3営業日程度<BR><FONT COLOR=FF0000 size=2>※欠品の場合お時間を頂く場合がございます。</font></TD>
          </TR>
<tr>
            <TD colSpan=2>
■純正交換タイプで違和感の無い装着感。<BR>
■ウェルカムライトはLED片側4発、合計8発使用で抜群の明るさを実現。<BR>
■ウィンカーとデイライトは内部のバーに反射させて照射。<BR>
■ウィンカー点灯時はデイライトが消灯。<BR>
■安心の保安基準適合<BR>
■メーカー保証はご購入から3ヶ月です。<BR>
<BR>
【ご注意】<BR>
※取り付けの際は作業前に必ずバッテリーのマイナス端子を外してください。<BR>
※万が一商品に不具合があった場合はメーカー保証規定に準じての対応となります。<BR>
その際の取り外し工賃等二次的に発生した費用等は一切保証致しかねますのであらかじめご了承ください。</td></tr>
</table><table width=""810"">
  <tbody>
 <tr>
  <td>


<link rel=""stylesheet"" href=""http://www.rakuten.ne.jp/gold/tokyocar/chaser_banner.css"">


<style type=""text/css"">
#rakutenLimitedId_header{
display:none;
}
</style>

<!-- 受注生産品の納期案内 
<TABLE border=1 cellSpacing=1 borderColor=#ed3424 cellPadding=2 width=760>
<TBODY>
<TR>
<TD bgColor=#ed3424>
<P align=center><STRONG><FONT color=#ffffff 
size=4>受注生産品の納期に関して</FONT></STRONG></P></TD></TR>
<TR>
<TD>
<TT>弊社取扱のあるメーカー受注生産品はメーカー年末年始休業の為、<BR>
通常よりお時間を頂きますのであらかじめご了承下さい。<BR><BR>
<FONT 
color=#ff0000><STRONG>
・エアロパーツ塗装済み →　 年内のご注文はすべて2016/01/05より約6週間～<BR>
・エアロパーツ未塗装　 →　 年内のご注文はすべて2016/01/05より約4週間～<BR>
・受注生産シートカバー →　 年内のご注文はすべて2016/01/05より約2.5ヶ月～<BR><BR>
※その他受注生産品に関しましては2016/01/05から商品ページ記載の製作期間を頂きますのであらかじめご了承下さい。</CENTER></STRONG></FONT><BR><BR>期間中は大変ご不便おかけいたしますが、何卒ご理解とご協力を賜りますようお願い申し上げます。</TT></TD></TR></TBODY></TABLE>
<BR>
-->

<!-- シルバーウィーク休業案内
<CENTER>
<TABLE border=1 cellSpacing=1 borderColor=#ed3424 cellPadding=2 width=900>
<TBODY>
<TR>
<TD bgColor=#ed3424>
<P align=center><STRONG><FONT color=#ffffff 
size=4>ゴールデンウィーク休業のご連絡</FONT></STRONG></P></TD></TR>
<TR>
<TD>
<TT>平素より東京カー用品流通センターをご愛顧いただきまして、誠にありがとうございます。<BR>誠に勝手ながら弊社ゴールデンウィーク期間は下記の通り、業務を休業とさせて頂きますので何卒よろしくお願い申し上げます。<BR><BR>
<FONT 
color=#ff0000><STRONG><CENTER>休業日：2016年05月03日(火)～2016年05月05日(木)</CENTER></STRONG></FONT><BR>
メールでのお問い合わせやご注文は休業期間中も24時間受付中です。<BR>
ご注文の確定連絡や発送業務、メール返答は<FONT 
color=#ff0000><STRONG>2016年05月06(金)</STRONG></FONT>より順次対応させて頂きます。<BR>期間中は大変ご不便おかけいたしますが、何卒ご理解とご協力を賜りますようお願い申し上げます。</TT></TD></TR></TBODY></TABLE>
</CENTER>-->

</div>
<div id=""main_contents""><!--店舗キャンペーンバナー-->



<center>
<div>

<img src=http://image.rakuten.co.jp/tokyocar/cabinet/shopdesign/bunner/imgrc0099055340.jpg alt=""純正交換HIDバーナー"" style=""border-style:none;"" width=""810""><BR>


<img src=""http://image.rakuten.co.jp/tokyocar/cabinet/others/imgrc0102168198.jpg"" alt=""GARAX S.D.iミニコン"" style=""margin: 2px 0px 2px 0px;"" ""border-style:none;"" width=""201""><img src=""http://image.rakuten.co.jp/tokyocar/cabinet/others/imgrc0102168638.jpg"" alt=""GARAX イリュージョンスキャナー"" style=""margin: 2px 0px 2px 2px;"" ""border-style:none;"" width=""201""><img src=""http://image.rakuten.co.jp/tokyocar/cabinet/others/imgrc0102168656.jpg"" alt=""エンブレムシート"" style=""margin: 2px 0px 2px 2px;"" ""border-style:none;"" width=""201""><img src=""http://image.rakuten.co.jp/tokyocar/cabinet/others/imgrc0102168677.jpg"" alt=""ナビバイザー"" style=""margin: 2px 0px 2px 2px;"" ""border-style:none;"" width=""201""><BR>

<img src=http://image.rakuten.co.jp/tokyocar/cabinet/others/imgrc0102167848.jpg alt=""GARAX　LEDコンバージョンキット"" style=""margin: 0px 2px 0px 0px;"" ""border-style:none;"" width=""404"" ><img src=http://image.rakuten.co.jp/tokyocar/cabinet/others/imgrc0102167873.jpg alt=""ウイングミラー ツインモーション"" style=""border-style:none;"" width=""404""><BR>

<img src=http://image.rakuten.co.jp/tokyocar/cabinet/others/imgrc0102167000.jpg alt=""車種専用ドアバイザー"" style=""border-style:none;"" width=""810""vspace=""2""><BR>

<img src=http://image.rakuten.co.jp/tokyocar/cabinet/others/imgrc0102166817.jpg alt=""グリッドタイヤ"" style=""border-style:none;"" width=""810""></div></center>

<style>
div{
    line-height: 0;
}
</style>
</td>
  </tr>
  </tbody>
 </table>",GARAX ギャラクスマルチLEDドアミラーウィンカー クリア【トヨタ汎用Aタイプ】：東京カー用品流通センター,GARAX ギャラクスマルチLEDドアミラーウィンカー クリア【トヨタ汎用Aタイプ】,GARAX ギャラクスマルチLEDドアミラーウィンカー クリア【トヨタ汎用Aタイプ】[rn]
24-4124,http://tshop.r10s.jp/tokyocar/cabinet/others/imgrc0099169760.jpg?fitin=700:700,10664.0000,,車用品・バイク用品 > カー用品 > 外装パーツ > その他,SilkBlaze シルクブレイズカーボンルームミラーカバー Aタイプ（大）,,"<STYLE type=""text/css""><!--
table.atype{border:1px solid #C0C0C0;}
.atype td{color:#000000;border-bottom:1px dashed #cccccc;}
--></STYLE>
<img src=http://image.rakuten.co.jp/tokyocar/cabinet/shopdesign/iteminfo.gif>
<table class=atype border=""1"" width=""680"" style=""border-collapse: collapse"" bordercolor=""#C0C0C0"" cellspacing=""0"">
  <TR>
    <td rowspan=""1"" bgcolor=""#EEEEEE"" align=""center"" width=""500""><font size=""2"">商品名</font></TD>
    
    <td rowspan=""1"" bgcolor=""#EEEEEE"" align=""center"" width=""80""><font size=""2"">参考取付<br>
      時間（H）</font></TD>
  </TR>
  
  <TR>
    <TD><STRONG>SilkBlaze カーボンルームミラーカバー Aタイプ（大）</STRONG></TD>
       <td align=""center"">0.5h</TD>
  </TR>
    <td colspan=""3""><TABLE border=0 cellSpacing=1 cellPadding=6 width=""100%"">
        <TBODY>
<tr>
<TD width=""20%"">■適合車種</TD>
<td> ・LEXUS/IS250/350…GSE2#(05/09～)<BR>
・カムリ…ACV4#(06/01～)<BR>
・クラウン…GRS20＃(08/02～)<BR>
・クラウン/マジェスタ…GRS18#(03/12～08/01)<BR>
・クラウンマジェスタ…UZS186/187(04/07～09/02)<BR>
・クルーガー…ACU/MCU2#(00/11～07/05)<BR>
・クルーガーハイブリッド…MHU28(05/03～07/05)<BR>
・ハイラックスサーフ*…KDN/VZN/TRN/GRN21#(04/08～09/07)<BR>
・ハリアー…MCU/ACU/GSU3#(03/02～)<BR>
・ハリアーハイブリッド…MHU38(05/03～)<BR>
・マークX…GRX120/125(04/11～)<BR>
・ランドクルーザー…UZJ200/URJ202(07/09～)<BR>
・ランドクルーザープラド…GRJ/KDJ/RZJ/TRJ/VZJ12#(02/10～)<BR>
※その他対応車種につきましてはメーカーにお問い合わせ下さい。</td>
</tr>

<tr>
<TD width=""20%"">■カラー</TD>
<td> カーボン</td>
</tr>

<tr>
<TD>■セット内容</TD>
<td>
・本体<BR>
・アダプター<BR>
・取付説明書<BR>
</td>
</tr>
          <TR>
            <TD>■納　　期</TD>
            <TD>注文確定から2～3営業日程度<BR><FONT COLOR=FF0000 size=2>※欠品の場合お時間を頂く場合がございます。</font></TD>
          </TR>
<tr>
            <TD colSpan=2><BR>
■純正ルームミラーに被せるだけで、お手軽にルームミラーをイメージチェンジ<BR>
■両面テープ施工済み、貼り付けるだけの簡単取り付け <BR>
</tr></tbody>
</table>
</tr></table><table width=""810"">
  <tbody>
 <tr>
  <td>


<link rel=""stylesheet"" href=""http://www.rakuten.ne.jp/gold/tokyocar/chaser_banner.css"">


<style type=""text/css"">
#rakutenLimitedId_header{
display:none;
}
</style>

<!-- 受注生産品の納期案内 
<TABLE border=1 cellSpacing=1 borderColor=#ed3424 cellPadding=2 width=760>
<TBODY>
<TR>
<TD bgColor=#ed3424>
<P align=center><STRONG><FONT color=#ffffff 
size=4>受注生産品の納期に関して</FONT></STRONG></P></TD></TR>
<TR>
<TD>
<TT>弊社取扱のあるメーカー受注生産品はメーカー年末年始休業の為、<BR>
通常よりお時間を頂きますのであらかじめご了承下さい。<BR><BR>
<FONT 
color=#ff0000><STRONG>
・エアロパーツ塗装済み →　 年内のご注文はすべて2016/01/05より約6週間～<BR>
・エアロパーツ未塗装　 →　 年内のご注文はすべて2016/01/05より約4週間～<BR>
・受注生産シートカバー →　 年内のご注文はすべて2016/01/05より約2.5ヶ月～<BR><BR>
※その他受注生産品に関しましては2016/01/05から商品ページ記載の製作期間を頂きますのであらかじめご了承下さい。</CENTER></STRONG></FONT><BR><BR>期間中は大変ご不便おかけいたしますが、何卒ご理解とご協力を賜りますようお願い申し上げます。</TT></TD></TR></TBODY></TABLE>
<BR>
-->

<!-- シルバーウィーク休業案内
<CENTER>
<TABLE border=1 cellSpacing=1 borderColor=#ed3424 cellPadding=2 width=900>
<TBODY>
<TR>
<TD bgColor=#ed3424>
<P align=center><STRONG><FONT color=#ffffff 
size=4>ゴールデンウィーク休業のご連絡</FONT></STRONG></P></TD></TR>
<TR>
<TD>
<TT>平素より東京カー用品流通センターをご愛顧いただきまして、誠にありがとうございます。<BR>誠に勝手ながら弊社ゴールデンウィーク期間は下記の通り、業務を休業とさせて頂きますので何卒よろしくお願い申し上げます。<BR><BR>
<FONT 
color=#ff0000><STRONG><CENTER>休業日：2016年05月03日(火)～2016年05月05日(木)</CENTER></STRONG></FONT><BR>
メールでのお問い合わせやご注文は休業期間中も24時間受付中です。<BR>
ご注文の確定連絡や発送業務、メール返答は<FONT 
color=#ff0000><STRONG>2016年05月06(金)</STRONG></FONT>より順次対応させて頂きます。<BR>期間中は大変ご不便おかけいたしますが、何卒ご理解とご協力を賜りますようお願い申し上げます。</TT></TD></TR></TBODY></TABLE>
</CENTER>-->

</div>
<div id=""main_contents""><!--店舗キャンペーンバナー-->



<center>
<div>

<img src=http://image.rakuten.co.jp/tokyocar/cabinet/shopdesign/bunner/imgrc0099055340.jpg alt=""純正交換HIDバーナー"" style=""border-style:none;"" width=""810""><BR>


<img src=""http://image.rakuten.co.jp/tokyocar/cabinet/others/imgrc0102168198.jpg"" alt=""GARAX S.D.iミニコン"" style=""margin: 2px 0px 2px 0px;"" ""border-style:none;"" width=""201""><img src=""http://image.rakuten.co.jp/tokyocar/cabinet/others/imgrc0102168638.jpg"" alt=""GARAX イリュージョンスキャナー"" style=""margin: 2px 0px 2px 2px;"" ""border-style:none;"" width=""201""><img src=""http://image.rakuten.co.jp/tokyocar/cabinet/others/imgrc0102168656.jpg"" alt=""エンブレムシート"" style=""margin: 2px 0px 2px 2px;"" ""border-style:none;"" width=""201""><img src=""http://image.rakuten.co.jp/tokyocar/cabinet/others/imgrc0102168677.jpg"" alt=""ナビバイザー"" style=""margin: 2px 0px 2px 2px;"" ""border-style:none;"" width=""201""><BR>

<img src=http://image.rakuten.co.jp/tokyocar/cabinet/others/imgrc0102167848.jpg alt=""GARAX　LEDコンバージョンキット"" style=""margin: 0px 2px 0px 0px;"" ""border-style:none;"" width=""404"" ><img src=http://image.rakuten.co.jp/tokyocar/cabinet/others/imgrc0102167873.jpg alt=""ウイングミラー ツインモーション"" style=""border-style:none;"" width=""404""><BR>

<img src=http://image.rakuten.co.jp/tokyocar/cabinet/others/imgrc0102167000.jpg alt=""車種専用ドアバイザー"" style=""border-style:none;"" width=""810""vspace=""2""><BR>

<img src=http://image.rakuten.co.jp/tokyocar/cabinet/others/imgrc0102166817.jpg alt=""グリッドタイヤ"" style=""border-style:none;"" width=""810""></div></center>

<style>
div{
    line-height: 0;
}
</style>
</td>
  </tr>
  </tbody>
 </table>",SilkBlaze シルクブレイズカーボンルームミラーカバー Aタイプ（大）：東京カー用品流通センター,SilkBlaze シルクブレイズカーボンルームミラーカバー Aタイプ（大）,SilkBlaze シルクブレイズカーボンルームミラーカバー Aタイプ（大）[rn]
24-4125,http://tshop.r10s.jp/tokyocar/cabinet/others/imgrc0099402170.jpg?fitin=700:700,18504.0000,,車用品・バイク用品 > カー用品 > 外装パーツ > その他,GARAXギャラクスデイタイムランニングライトキット[直径16mm/クリア]ライトユニット10個入り,,"【GARAX デイタイムランニングライトキット/ライトユニット10個入り】<BR><BR>
■品番 ： DRL-A1-W<BR><BR>
■適合車種 ： 汎用 12V国産車<BR><BR>
■LEDカラー ： クリア (300cd以下：その他灯火類基準)<BR><BR>
■ユニットサイズ ： 奥行20mm/直径16mm<BR>
■セット内容 ： ライトユニット×10/コントロールユニット×1/取付説明書/保証書<BR><BR>
■納期<BR>注文確定から2～3営業日程度<BR>※欠品の場合お時間を頂く場合がございます。<BR><BR>
・ACCオンで点灯し、昼夜を問わず車の存在をアピール<BR>
・ギャラクス高輝度LEDで視認性が大幅に向上！<BR>
・安心のメーカー保証付き(※購入から3か月までの初期不良のみ)<BR>
・安心の車検対応(※IG連動の場合のみ)<BR><BR>
【ご注意】<BR>
※本商品をお取付の際、取付部にホールソー等で穴あけ加工が必要となります。<BR>
作業や知識等でご不安な場合はショップへご依頼して頂く事をお勧め致します。<BR>
※点灯チェックは取付部への穴開け加工の前に行って頂く事をお勧め致します。<BR>
※商品に不良があった場合の工賃や穴あけ加工後の部品等の二次的な費用に関しましての<BR>
保証は一切お受けできませんのでご了承下さい。<BR>
※取付の際は作業前に必ずバッテリーのマイナス端子を外して下さい。<BR>
※付属の取付説明書通りに取り付けた場合のみ車検対応となります。<BR>
※スモール連動の場合は車検非対応となります。<table width=""810"">
  <tbody>
 <tr>
  <td>


<link rel=""stylesheet"" href=""http://www.rakuten.ne.jp/gold/tokyocar/chaser_banner.css"">


<style type=""text/css"">
#rakutenLimitedId_header{
display:none;
}
</style>

<!-- 受注生産品の納期案内 
<TABLE border=1 cellSpacing=1 borderColor=#ed3424 cellPadding=2 width=760>
<TBODY>
<TR>
<TD bgColor=#ed3424>
<P align=center><STRONG><FONT color=#ffffff 
size=4>受注生産品の納期に関して</FONT></STRONG></P></TD></TR>
<TR>
<TD>
<TT>弊社取扱のあるメーカー受注生産品はメーカー年末年始休業の為、<BR>
通常よりお時間を頂きますのであらかじめご了承下さい。<BR><BR>
<FONT 
color=#ff0000><STRONG>
・エアロパーツ塗装済み →　 年内のご注文はすべて2016/01/05より約6週間～<BR>
・エアロパーツ未塗装　 →　 年内のご注文はすべて2016/01/05より約4週間～<BR>
・受注生産シートカバー →　 年内のご注文はすべて2016/01/05より約2.5ヶ月～<BR><BR>
※その他受注生産品に関しましては2016/01/05から商品ページ記載の製作期間を頂きますのであらかじめご了承下さい。</CENTER></STRONG></FONT><BR><BR>期間中は大変ご不便おかけいたしますが、何卒ご理解とご協力を賜りますようお願い申し上げます。</TT></TD></TR></TBODY></TABLE>
<BR>
-->

<!-- シルバーウィーク休業案内
<CENTER>
<TABLE border=1 cellSpacing=1 borderColor=#ed3424 cellPadding=2 width=900>
<TBODY>
<TR>
<TD bgColor=#ed3424>
<P align=center><STRONG><FONT color=#ffffff 
size=4>ゴールデンウィーク休業のご連絡</FONT></STRONG></P></TD></TR>
<TR>
<TD>
<TT>平素より東京カー用品流通センターをご愛顧いただきまして、誠にありがとうございます。<BR>誠に勝手ながら弊社ゴールデンウィーク期間は下記の通り、業務を休業とさせて頂きますので何卒よろしくお願い申し上げます。<BR><BR>
<FONT 
color=#ff0000><STRONG><CENTER>休業日：2016年05月03日(火)～2016年05月05日(木)</CENTER></STRONG></FONT><BR>
メールでのお問い合わせやご注文は休業期間中も24時間受付中です。<BR>
ご注文の確定連絡や発送業務、メール返答は<FONT 
color=#ff0000><STRONG>2016年05月06(金)</STRONG></FONT>より順次対応させて頂きます。<BR>期間中は大変ご不便おかけいたしますが、何卒ご理解とご協力を賜りますようお願い申し上げます。</TT></TD></TR></TBODY></TABLE>
</CENTER>-->

</div>
<div id=""main_contents""><!--店舗キャンペーンバナー-->



<center>
<div>

<img src=http://image.rakuten.co.jp/tokyocar/cabinet/shopdesign/bunner/imgrc0099055340.jpg alt=""純正交換HIDバーナー"" style=""border-style:none;"" width=""810""><BR>


<img src=""http://image.rakuten.co.jp/tokyocar/cabinet/others/imgrc0102168198.jpg"" alt=""GARAX S.D.iミニコン"" style=""margin: 2px 0px 2px 0px;"" ""border-style:none;"" width=""201""><img src=""http://image.rakuten.co.jp/tokyocar/cabinet/others/imgrc0102168638.jpg"" alt=""GARAX イリュージョンスキャナー"" style=""margin: 2px 0px 2px 2px;"" ""border-style:none;"" width=""201""><img src=""http://image.rakuten.co.jp/tokyocar/cabinet/others/imgrc0102168656.jpg"" alt=""エンブレムシート"" style=""margin: 2px 0px 2px 2px;"" ""border-style:none;"" width=""201""><img src=""http://image.rakuten.co.jp/tokyocar/cabinet/others/imgrc0102168677.jpg"" alt=""ナビバイザー"" style=""margin: 2px 0px 2px 2px;"" ""border-style:none;"" width=""201""><BR>

<img src=http://image.rakuten.co.jp/tokyocar/cabinet/others/imgrc0102167848.jpg alt=""GARAX　LEDコンバージョンキット"" style=""margin: 0px 2px 0px 0px;"" ""border-style:none;"" width=""404"" ><img src=http://image.rakuten.co.jp/tokyocar/cabinet/others/imgrc0102167873.jpg alt=""ウイングミラー ツインモーション"" style=""border-style:none;"" width=""404""><BR>

<img src=http://image.rakuten.co.jp/tokyocar/cabinet/others/imgrc0102167000.jpg alt=""車種専用ドアバイザー"" style=""border-style:none;"" width=""810""vspace=""2""><BR>

<img src=http://image.rakuten.co.jp/tokyocar/cabinet/others/imgrc0102166817.jpg alt=""グリッドタイヤ"" style=""border-style:none;"" width=""810""></div></center>

<style>
div{
    line-height: 0;
}
</style>
</td>
  </tr>
  </tbody>
 </table>",GARAXギャラクスデイタイムランニングライトキット[直径16mm/クリア]ライトユニット10個入り：東京カー用品流通センター,GARAXギャラクスデイタイムランニングライトキット[直径16mm/クリア]ライトユニット10個入り,GARAXギャラクスデイタイムランニングライトキット[直径16mm/クリア]ライトユニット10個入り[rn]
24-4126,http://tshop.r10s.jp/tokyocar/cabinet/winkerposition/siecle/img58564751.jpg?fitin=700:700,6360.0000,,車用品・バイク用品 > カー用品 > 外装パーツ > その他,J-ROAD siecleウインカーポジションキットS608complete[S608C-04A]メーカー直送商品（代引不可),,"<img src=http://image.rakuten.co.jp/tokyocar/cabinet/shopdesign/iteminfo.gif>
<table border=""1"" width=""680"" style=""border-collapse: collapse"" bordercolor=""#C0C0C0"" cellspacing=""0"">
  <tr>
    <td rowspan=""1"" bgcolor=""#EEEEEE"" align=""center"" width=""460""><font size=""2"">商品名</font></td>
     <td rowspan=""1"" bgcolor=""#EEEEEE"" align=""center"" width=""80""><font size=""2"">参考取付<br>
      時間（H）</font></td>
  </tr>
  <tr>
    <td><STRONG>ウインカーポジションキットS608complete[S608C-04A]</STRONG></td>
    <td align=""center"">0.5h</td>
  </tr>
  <tr>
    <td colspan=""3""><TABLE border=0 cellSpacing=1 cellPadding=2 width=""100%"">
        <TBODY>
          <TR>
            <TD width=""20%"">■適合車種</TD>
            <TD width=""80%"">適合車種はメーカー適合表(pdf)をご確認下さい<BR>
<font color=ff0000 size=2>※商品品番により適合車種が変わりますので必ずご確認下さい。</font>
</TD>
          </TR>
          <TR>
            <TD>■取付タイプ</TD>
            <TD>カプラー接続</TD>
          <TR>
            <TD>■機　　能</TD>
            <TD>・純正復帰機能 有<BR>
・光量調整機能 有<BR>
・モード切替機能 有<BR>
・LED対応 可能</TD>
          </TR>
          <TR>
            <TD>■対応容量</TD>
            <TD>21W×2</TD>
          </TR>
          <TR>
            <TD>■納　　期</TD>
            <TD>メーカー直送(通常2～3営業日以内出荷)<BR>
メーカー在庫切れの場合、入荷までお時間を頂く場合が御座います。<BR>
<font color=ff0000 size=2>※メーカーからの直送のため代引きは不可となります。申し訳ありませんがご了承下さい。</font>
</TD>
          </TR>
          <TR>
            <TD colSpan=2><BR>
              ■従来のウインカーポジションキットに必要だった純正ウインカーの＋線をテスターで探し<BR>
さらにその純正配線をカットしての取付をカプラー取付で簡単にしたS608completeシリーズ<BR>
■純正ウインカーの配線をカットすることなくウインカーポジションキットの取付が可能となりました。<BR>
■本体機能はS608Pと同じになりますのでLEDウインカーにも対応可能です。<BR>
</TD>
          </TR>
        </TBODY>
      </TABLE></TD>
  </tr>
</table><table width=""810"">
  <tbody>
 <tr>
  <td>


<link rel=""stylesheet"" href=""http://www.rakuten.ne.jp/gold/tokyocar/chaser_banner.css"">


<style type=""text/css"">
#rakutenLimitedId_header{
display:none;
}
</style>

<!-- 受注生産品の納期案内 
<TABLE border=1 cellSpacing=1 borderColor=#ed3424 cellPadding=2 width=760>
<TBODY>
<TR>
<TD bgColor=#ed3424>
<P align=center><STRONG><FONT color=#ffffff 
size=4>受注生産品の納期に関して</FONT></STRONG></P></TD></TR>
<TR>
<TD>
<TT>弊社取扱のあるメーカー受注生産品はメーカー年末年始休業の為、<BR>
通常よりお時間を頂きますのであらかじめご了承下さい。<BR><BR>
<FONT 
color=#ff0000><STRONG>
・エアロパーツ塗装済み →　 年内のご注文はすべて2016/01/05より約6週間～<BR>
・エアロパーツ未塗装　 →　 年内のご注文はすべて2016/01/05より約4週間～<BR>
・受注生産シートカバー →　 年内のご注文はすべて2016/01/05より約2.5ヶ月～<BR><BR>
※その他受注生産品に関しましては2016/01/05から商品ページ記載の製作期間を頂きますのであらかじめご了承下さい。</CENTER></STRONG></FONT><BR><BR>期間中は大変ご不便おかけいたしますが、何卒ご理解とご協力を賜りますようお願い申し上げます。</TT></TD></TR></TBODY></TABLE>
<BR>
-->

<!-- シルバーウィーク休業案内
<CENTER>
<TABLE border=1 cellSpacing=1 borderColor=#ed3424 cellPadding=2 width=900>
<TBODY>
<TR>
<TD bgColor=#ed3424>
<P align=center><STRONG><FONT color=#ffffff 
size=4>ゴールデンウィーク休業のご連絡</FONT></STRONG></P></TD></TR>
<TR>
<TD>
<TT>平素より東京カー用品流通センターをご愛顧いただきまして、誠にありがとうございます。<BR>誠に勝手ながら弊社ゴールデンウィーク期間は下記の通り、業務を休業とさせて頂きますので何卒よろしくお願い申し上げます。<BR><BR>
<FONT 
color=#ff0000><STRONG><CENTER>休業日：2016年05月03日(火)～2016年05月05日(木)</CENTER></STRONG></FONT><BR>
メールでのお問い合わせやご注文は休業期間中も24時間受付中です。<BR>
ご注文の確定連絡や発送業務、メール返答は<FONT 
color=#ff0000><STRONG>2016年05月06(金)</STRONG></FONT>より順次対応させて頂きます。<BR>期間中は大変ご不便おかけいたしますが、何卒ご理解とご協力を賜りますようお願い申し上げます。</TT></TD></TR></TBODY></TABLE>
</CENTER>-->

</div>
<div id=""main_contents""><!--店舗キャンペーンバナー-->



<center>
<div>

<img src=http://image.rakuten.co.jp/tokyocar/cabinet/shopdesign/bunner/imgrc0099055340.jpg alt=""純正交換HIDバーナー"" style=""border-style:none;"" width=""810""><BR>


<img src=""http://image.rakuten.co.jp/tokyocar/cabinet/others/imgrc0102168198.jpg"" alt=""GARAX S.D.iミニコン"" style=""margin: 2px 0px 2px 0px;"" ""border-style:none;"" width=""201""><img src=""http://image.rakuten.co.jp/tokyocar/cabinet/others/imgrc0102168638.jpg"" alt=""GARAX イリュージョンスキャナー"" style=""margin: 2px 0px 2px 2px;"" ""border-style:none;"" width=""201""><img src=""http://image.rakuten.co.jp/tokyocar/cabinet/others/imgrc0102168656.jpg"" alt=""エンブレムシート"" style=""margin: 2px 0px 2px 2px;"" ""border-style:none;"" width=""201""><img src=""http://image.rakuten.co.jp/tokyocar/cabinet/others/imgrc0102168677.jpg"" alt=""ナビバイザー"" style=""margin: 2px 0px 2px 2px;"" ""border-style:none;"" width=""201""><BR>

<img src=http://image.rakuten.co.jp/tokyocar/cabinet/others/imgrc0102167848.jpg alt=""GARAX　LEDコンバージョンキット"" style=""margin: 0px 2px 0px 0px;"" ""border-style:none;"" width=""404"" ><img src=http://image.rakuten.co.jp/tokyocar/cabinet/others/imgrc0102167873.jpg alt=""ウイングミラー ツインモーション"" style=""border-style:none;"" width=""404""><BR>

<img src=http://image.rakuten.co.jp/tokyocar/cabinet/others/imgrc0102167000.jpg alt=""車種専用ドアバイザー"" style=""border-style:none;"" width=""810""vspace=""2""><BR>

<img src=http://image.rakuten.co.jp/tokyocar/cabinet/others/imgrc0102166817.jpg alt=""グリッドタイヤ"" style=""border-style:none;"" width=""810""></div></center>

<style>
div{
    line-height: 0;
}
</style>
</td>
  </tr>
  </tbody>
 </table>",J-ROAD siecleウインカーポジションキットS608complete[S608C-04A]メーカー直送商品（代引不可)：東京カー用品流通センター,J-ROAD siecleウインカーポジションキットS608complete[S608C-04A]メーカー直送商品（代引不可),J-ROAD siecleウインカーポジションキットS608complete[S608C-04A]メーカー直送商品（代引不可)[rn]
24-4127,http://tshop.r10s.jp/tokyocar/cabinet/others/eyeline_film/img59424755.jpg?fitin=700:700,1328.0000,,車用品・バイク用品 > カー用品 > 外装パーツ > その他,SilkBlaze シルクブレイズ【11系キューブ S/S FOUR/M/E】アイラインフィルム,,"<img src=http://image.rakuten.co.jp/tokyocar/cabinet/shopdesign/iteminfo.gif>
<table border=""1"" width=""680"" style=""border-collapse: collapse"" bordercolor=""#C0C0C0"" cellspacing=""0"">
  
  <TR>
    <td rowspan=""2"" bgcolor=""#EEEEEE"" align=""center"" width=""500""><font size=""2"">商品名</font></TD>
    <td bgcolor=""#EEEEEE"" align=""center"" width=""100""><font size=""2"">メーカー定価</font></TD>
    <td rowspan=""2"" bgcolor=""#EEEEEE"" align=""center"" width=""80""><font size=""2"">参考取付<br>
      時間（H）</font></TD>
  </TR>
  <TR>
    <td bgcolor=""#EEEEEE"" align=""center""><font size=""2"">税込価格</font></TD>
  </TR>
  <TR>
    <TD><STRONG>SilkBlaze アイラインフィルム</STRONG></TD>
    <td align=""center"">1,890円</TD>
    <td align=""center"">0.5h</TD>
  </TR>
    <td colspan=""3""><TABLE border=0 cellSpacing=1 cellPadding=2 width=""100%"">
        <TBODY>
<tr>
<TD width=""20%"">■適合車種</TD>
<td> キューブ…S/S FOUR/M/E Z11</td>
</tr>

<tr>
<TD width=""20%"">■年式</TD>
<td> H14.10～H20.11</td>
</tr>

<tr>
<TD width=""20%"">■カラー</TD>
<td> クリアオレンジ/クリアブルー</td>
</tr>

<tr>
<TD>■セット内容</TD>
<td>
 本体(L/R) 取付説明書</td>
</tr>
          <TR>
            <TD>■納　　期</TD>
            <TD>メーカー受注生産の為、注文確定から1週間～10日程お時間がかかります。<BR>
<FONT COLOR=FF0000 size=2>※ご注文後のキャンセル・返品はお受け出来ません。</font></TD>
          </TR>
<tr>
            <TD colSpan=2><BR>
■貼るだけでお手軽にドレスアップが可能です。車種専用施工マニュアル付属。<BR>
■3次元曲面へ貼りやすい高品質フィルム使用しています。<BR>
透過フィルムにより、ライティングを妨げません。<BR>
■クリアオレンジ・クリアブルーの２色からお好みによりお選びいただけます。<BR>
<BR>
【ご注意】<BR>
※メーカー受注生産の為、ご注文後のキャンセル・返品はお受け出来ません。ご了承下さい。
</tr></tbody>
</table>
</tr></table><table width=""810"">
  <tbody>
 <tr>
  <td>


<link rel=""stylesheet"" href=""http://www.rakuten.ne.jp/gold/tokyocar/chaser_banner.css"">


<style type=""text/css"">
#rakutenLimitedId_header{
display:none;
}
</style>

<!-- 受注生産品の納期案内 
<TABLE border=1 cellSpacing=1 borderColor=#ed3424 cellPadding=2 width=760>
<TBODY>
<TR>
<TD bgColor=#ed3424>
<P align=center><STRONG><FONT color=#ffffff 
size=4>受注生産品の納期に関して</FONT></STRONG></P></TD></TR>
<TR>
<TD>
<TT>弊社取扱のあるメーカー受注生産品はメーカー年末年始休業の為、<BR>
通常よりお時間を頂きますのであらかじめご了承下さい。<BR><BR>
<FONT 
color=#ff0000><STRONG>
・エアロパーツ塗装済み →　 年内のご注文はすべて2016/01/05より約6週間～<BR>
・エアロパーツ未塗装　 →　 年内のご注文はすべて2016/01/05より約4週間～<BR>
・受注生産シートカバー →　 年内のご注文はすべて2016/01/05より約2.5ヶ月～<BR><BR>
※その他受注生産品に関しましては2016/01/05から商品ページ記載の製作期間を頂きますのであらかじめご了承下さい。</CENTER></STRONG></FONT><BR><BR>期間中は大変ご不便おかけいたしますが、何卒ご理解とご協力を賜りますようお願い申し上げます。</TT></TD></TR></TBODY></TABLE>
<BR>
-->

<!-- シルバーウィーク休業案内
<CENTER>
<TABLE border=1 cellSpacing=1 borderColor=#ed3424 cellPadding=2 width=900>
<TBODY>
<TR>
<TD bgColor=#ed3424>
<P align=center><STRONG><FONT color=#ffffff 
size=4>ゴールデンウィーク休業のご連絡</FONT></STRONG></P></TD></TR>
<TR>
<TD>
<TT>平素より東京カー用品流通センターをご愛顧いただきまして、誠にありがとうございます。<BR>誠に勝手ながら弊社ゴールデンウィーク期間は下記の通り、業務を休業とさせて頂きますので何卒よろしくお願い申し上げます。<BR><BR>
<FONT 
color=#ff0000><STRONG><CENTER>休業日：2016年05月03日(火)～2016年05月05日(木)</CENTER></STRONG></FONT><BR>
メールでのお問い合わせやご注文は休業期間中も24時間受付中です。<BR>
ご注文の確定連絡や発送業務、メール返答は<FONT 
color=#ff0000><STRONG>2016年05月06(金)</STRONG></FONT>より順次対応させて頂きます。<BR>期間中は大変ご不便おかけいたしますが、何卒ご理解とご協力を賜りますようお願い申し上げます。</TT></TD></TR></TBODY></TABLE>
</CENTER>-->

</div>
<div id=""main_contents""><!--店舗キャンペーンバナー-->



<center>
<div>

<img src=http://image.rakuten.co.jp/tokyocar/cabinet/shopdesign/bunner/imgrc0099055340.jpg alt=""純正交換HIDバーナー"" style=""border-style:none;"" width=""810""><BR>


<img src=""http://image.rakuten.co.jp/tokyocar/cabinet/others/imgrc0102168198.jpg"" alt=""GARAX S.D.iミニコン"" style=""margin: 2px 0px 2px 0px;"" ""border-style:none;"" width=""201""><img src=""http://image.rakuten.co.jp/tokyocar/cabinet/others/imgrc0102168638.jpg"" alt=""GARAX イリュージョンスキャナー"" style=""margin: 2px 0px 2px 2px;"" ""border-style:none;"" width=""201""><img src=""http://image.rakuten.co.jp/tokyocar/cabinet/others/imgrc0102168656.jpg"" alt=""エンブレムシート"" style=""margin: 2px 0px 2px 2px;"" ""border-style:none;"" width=""201""><img src=""http://image.rakuten.co.jp/tokyocar/cabinet/others/imgrc0102168677.jpg"" alt=""ナビバイザー"" style=""margin: 2px 0px 2px 2px;"" ""border-style:none;"" width=""201""><BR>

<img src=http://image.rakuten.co.jp/tokyocar/cabinet/others/imgrc0102167848.jpg alt=""GARAX　LEDコンバージョンキット"" style=""margin: 0px 2px 0px 0px;"" ""border-style:none;"" width=""404"" ><img src=http://image.rakuten.co.jp/tokyocar/cabinet/others/imgrc0102167873.jpg alt=""ウイングミラー ツインモーション"" style=""border-style:none;"" width=""404""><BR>

<img src=http://image.rakuten.co.jp/tokyocar/cabinet/others/imgrc0102167000.jpg alt=""車種専用ドアバイザー"" style=""border-style:none;"" width=""810""vspace=""2""><BR>

<img src=http://image.rakuten.co.jp/tokyocar/cabinet/others/imgrc0102166817.jpg alt=""グリッドタイヤ"" style=""border-style:none;"" width=""810""></div></center>

<style>
div{
    line-height: 0;
}
</style>
</td>
  </tr>
  </tbody>
 </table>",SilkBlaze シルクブレイズ【11系キューブ S/S FOUR/M/E】アイラインフィルム：東京カー用品流通センター,SilkBlaze シルクブレイズ【11系キューブ S/S FOUR/M/E】アイラインフィルム,SilkBlaze シルクブレイズ【11系キューブ S/S FOUR/M/E】アイラインフィルム[rn]
24-4128,http://tshop.r10s.jp/tokyocar/cabinet/others/herical_antena/img61801101.jpg?fitin=700:700,7024.0000,,車用品・バイク用品 > カー用品 > 外装パーツ > その他,SilkBlaze シルクブレイズ【NHP10 アクア】ヘリカルシャークアンテナ/塗装済み,,"<img src=http://image.rakuten.co.jp/tokyocar/cabinet/shopdesign/iteminfo.gif>
<table border=""1"" width=""680"" style=""border-collapse: collapse"" bordercolor=""#C0C0C0"" cellspacing=""0"">
  
  <TR>
    <td rowspan=""1"" bgcolor=""#EEEEEE"" align=""center"" width=""500""><font size=""2"">商品名</font></TD>
    <td rowspan=""1"" bgcolor=""#EEEEEE"" align=""center"" width=""80""><font size=""2"">参考取付<br>
      時間（H）</font></TD>
  </TR>
  <TR>
    <TD><STRONG>SilkBlaze ヘリカルシャークアンテナ</STRONG></TD>
    <td align=""center"">0.5h</TD>
  </TR>
    <td colspan=""3""><TABLE border=0 cellSpacing=1 cellPadding=2 width=""100%"">
        <TBODY>
<tr>
<TD width=""20%"">■適合車種</TD>
<td> アクア…NHP10 (H23.12～H26.12)</tr>
<tr>
<TD>■カラー</TD>
<td>・040 スーパーホワイトII<BR>
・070 ホワイトパールCrystalShine<BR>
・082 ライムホワイトパール CrystalShine<BR>
・1F7 シルバーメタリック<BR>
・202 ブラック<BR>
・209 ブラックマイカ<BR>
・37Ｊ サテンホワイトパール<BR>
・Ｄ4Ｓ クリスタルブラックマイカ<BR>
<font color=""red"">※ご注文時にカラーを選択して下さい。</font></td>
</tr>

<tr>
<TD>■セット内容</TD>
<td>
 シャークアンテナカバー×1/アンテナ本体×1/Z型ステー×1/M4・M5ボルト・ワッシャー×各1/取付説明書</td>
</tr>
          <TR>
            <TD>■納　　期</TD>
            <TD>注文確定から2～3営業日<BR>
※欠品の場合お時間頂く場合がございます</TD>
          </TR>
<tr>
            <TD colSpan=2><BR>
■純正アンテナからの交換タイプ。<BR>
■両面テープ施工済みで簡単取付。<BR>
■接着面にはゴムモールが付いており、車両に傷を付ける事なく取付できます。<BR>
■図説による分かりやすい取付説明書付き<BR>
■外寸寸法：全長約163mm/幅約76mm/高さ約73mm(最長部寸法)<BR><BR>
【ご注意】<BR>
・塗装色は新車時の色調を基に塗装されていますので経年変化による色ずれは予めご了承下さい。<BR>
・取付部にかかる部分は車両の経年変化によりアンテナを取り外した際、周囲との色調が異なる場合がございます。<BR>
・取り外す際、両面テープが残る場合がございます。<BR>
</tr></tbody> 
</table>
</tr></table><table width=""810"">
  <tbody>
 <tr>
  <td>


<link rel=""stylesheet"" href=""http://www.rakuten.ne.jp/gold/tokyocar/chaser_banner.css"">


<style type=""text/css"">
#rakutenLimitedId_header{
display:none;
}
</style>

<!-- 受注生産品の納期案内 
<TABLE border=1 cellSpacing=1 borderColor=#ed3424 cellPadding=2 width=760>
<TBODY>
<TR>
<TD bgColor=#ed3424>
<P align=center><STRONG><FONT color=#ffffff 
size=4>受注生産品の納期に関して</FONT></STRONG></P></TD></TR>
<TR>
<TD>
<TT>弊社取扱のあるメーカー受注生産品はメーカー年末年始休業の為、<BR>
通常よりお時間を頂きますのであらかじめご了承下さい。<BR><BR>
<FONT 
color=#ff0000><STRONG>
・エアロパーツ塗装済み →　 年内のご注文はすべて2016/01/05より約6週間～<BR>
・エアロパーツ未塗装　 →　 年内のご注文はすべて2016/01/05より約4週間～<BR>
・受注生産シートカバー →　 年内のご注文はすべて2016/01/05より約2.5ヶ月～<BR><BR>
※その他受注生産品に関しましては2016/01/05から商品ページ記載の製作期間を頂きますのであらかじめご了承下さい。</CENTER></STRONG></FONT><BR><BR>期間中は大変ご不便おかけいたしますが、何卒ご理解とご協力を賜りますようお願い申し上げます。</TT></TD></TR></TBODY></TABLE>
<BR>
-->

<!-- シルバーウィーク休業案内
<CENTER>
<TABLE border=1 cellSpacing=1 borderColor=#ed3424 cellPadding=2 width=900>
<TBODY>
<TR>
<TD bgColor=#ed3424>
<P align=center><STRONG><FONT color=#ffffff 
size=4>ゴールデンウィーク休業のご連絡</FONT></STRONG></P></TD></TR>
<TR>
<TD>
<TT>平素より東京カー用品流通センターをご愛顧いただきまして、誠にありがとうございます。<BR>誠に勝手ながら弊社ゴールデンウィーク期間は下記の通り、業務を休業とさせて頂きますので何卒よろしくお願い申し上げます。<BR><BR>
<FONT 
color=#ff0000><STRONG><CENTER>休業日：2016年05月03日(火)～2016年05月05日(木)</CENTER></STRONG></FONT><BR>
メールでのお問い合わせやご注文は休業期間中も24時間受付中です。<BR>
ご注文の確定連絡や発送業務、メール返答は<FONT 
color=#ff0000><STRONG>2016年05月06(金)</STRONG></FONT>より順次対応させて頂きます。<BR>期間中は大変ご不便おかけいたしますが、何卒ご理解とご協力を賜りますようお願い申し上げます。</TT></TD></TR></TBODY></TABLE>
</CENTER>-->

</div>
<div id=""main_contents""><!--店舗キャンペーンバナー-->



<center>
<div>

<img src=http://image.rakuten.co.jp/tokyocar/cabinet/shopdesign/bunner/imgrc0099055340.jpg alt=""純正交換HIDバーナー"" style=""border-style:none;"" width=""810""><BR>


<img src=""http://image.rakuten.co.jp/tokyocar/cabinet/others/imgrc0102168198.jpg"" alt=""GARAX S.D.iミニコン"" style=""margin: 2px 0px 2px 0px;"" ""border-style:none;"" width=""201""><img src=""http://image.rakuten.co.jp/tokyocar/cabinet/others/imgrc0102168638.jpg"" alt=""GARAX イリュージョンスキャナー"" style=""margin: 2px 0px 2px 2px;"" ""border-style:none;"" width=""201""><img src=""http://image.rakuten.co.jp/tokyocar/cabinet/others/imgrc0102168656.jpg"" alt=""エンブレムシート"" style=""margin: 2px 0px 2px 2px;"" ""border-style:none;"" width=""201""><img src=""http://image.rakuten.co.jp/tokyocar/cabinet/others/imgrc0102168677.jpg"" alt=""ナビバイザー"" style=""margin: 2px 0px 2px 2px;"" ""border-style:none;"" width=""201""><BR>

<img src=http://image.rakuten.co.jp/tokyocar/cabinet/others/imgrc0102167848.jpg alt=""GARAX　LEDコンバージョンキット"" style=""margin: 0px 2px 0px 0px;"" ""border-style:none;"" width=""404"" ><img src=http://image.rakuten.co.jp/tokyocar/cabinet/others/imgrc0102167873.jpg alt=""ウイングミラー ツインモーション"" style=""border-style:none;"" width=""404""><BR>

<img src=http://image.rakuten.co.jp/tokyocar/cabinet/others/imgrc0102167000.jpg alt=""車種専用ドアバイザー"" style=""border-style:none;"" width=""810""vspace=""2""><BR>

<img src=http://image.rakuten.co.jp/tokyocar/cabinet/others/imgrc0102166817.jpg alt=""グリッドタイヤ"" style=""border-style:none;"" width=""810""></div></center>

<style>
div{
    line-height: 0;
}
</style>
</td>
  </tr>
  </tbody>
 </table>",SilkBlaze シルクブレイズ【NHP10 アクア】ヘリカルシャークアンテナ/塗装済み：東京カー用品流通センター,SilkBlaze シルクブレイズ【NHP10 アクア】ヘリカルシャークアンテナ/塗装済み,SilkBlaze シルクブレイズ【NHP10 アクア】ヘリカルシャークアンテナ/塗装済み[rn]
24-4129,http://tshop.r10s.jp/tokyocar/cabinet/winkerposition/garax/img59298699.jpg?fitin=700:700,11840.0000,,車用品・バイク用品 > カー用品 > 外装パーツ > その他,GARAX ギャラクスウィンカーポジションキットダブルクワッド[WKQ-ES5]【50系エスティマ】,,"<img src=http://image.rakuten.co.jp/tokyocar/cabinet/winkerposition/garax/img59298578.jpg>
<img src=http://image.rakuten.co.jp/tokyocar/cabinet/shopdesign/iteminfo.gif>
<table border=""1"" width=""680"" style=""border-collapse: collapse"" bordercolor=""#C0C0C0"" cellspacing=""0"">
  
  <TR>
    <td rowspan=""1"" bgcolor=""#EEEEEE"" align=""center"" width=""460""><font size=""2"">商品名</font></TD>
    <td rowspan=""1"" bgcolor=""#EEEEEE"" align=""center"" width=""80""><font size=""2"">参考取付<br>
      時間（H）</font></TD>
  </TR>
   <TR>
    <TD><STRONG>GARAX  ウィンカーポジションキット ダブルクワッド[WKQ-ES5]</STRONG></TD>
    <td align=""center"">1.0～2.0h</TD>
  </TR>
    <td colspan=""3""><TABLE border=0 cellSpacing=1 cellPadding=2 width=""100%"">
        <TBODY>
<TR>
<TD width=""20%"">■適合車種</TD>
<TD> 50系エスティマ…ACR/GSR5#(H18.01～H28.05)<BR>
20系エスティマハイブリッド…AHR20(H18.06～H20.12)</TD>
</TR>


<TR>
<TD>■セット内容</TD>
<TD>本体×1/リアウィンカーキャンセラー×1/エレクトロタップ×2/両面テープ/タイラップ/取付説明書 </TD>
</TR>
          <TR>
            <TD>■納　　期</TD>
            <TD>注文確定から2～3営業日程度<BR><FONT COLOR=FF0000 size=2>※欠品の場合お時間を頂く場合がございます。</font></TD>
          </TR>

<TR>
            <TD colSpan=2><BR>
・専用スイッチで２つの点灯モードを選択できます。 <BR>
・フロント・ドアミラー・リア部分のウィンカーをポジションへ変更可能 <BR>
・リアウィンカーキャンセラー付属でリアウィンカー ポジション化の選択が可能 <BR>
・車検対応（保安基準適合品）、安心のメーカー１年保証付きです。<BR>
【ご注意】<BR>
ウィンカーをLEDに変更している場合、点灯不良となる場合があります。</TD>
</TR> 
</TBODY>
      </TABLE></TD>
  </TR>
</table><table width=""810"">
  <tbody>
 <tr>
  <td>


<link rel=""stylesheet"" href=""http://www.rakuten.ne.jp/gold/tokyocar/chaser_banner.css"">


<style type=""text/css"">
#rakutenLimitedId_header{
display:none;
}
</style>

<!-- 受注生産品の納期案内 
<TABLE border=1 cellSpacing=1 borderColor=#ed3424 cellPadding=2 width=760>
<TBODY>
<TR>
<TD bgColor=#ed3424>
<P align=center><STRONG><FONT color=#ffffff 
size=4>受注生産品の納期に関して</FONT></STRONG></P></TD></TR>
<TR>
<TD>
<TT>弊社取扱のあるメーカー受注生産品はメーカー年末年始休業の為、<BR>
通常よりお時間を頂きますのであらかじめご了承下さい。<BR><BR>
<FONT 
color=#ff0000><STRONG>
・エアロパーツ塗装済み →　 年内のご注文はすべて2016/01/05より約6週間～<BR>
・エアロパーツ未塗装　 →　 年内のご注文はすべて2016/01/05より約4週間～<BR>
・受注生産シートカバー →　 年内のご注文はすべて2016/01/05より約2.5ヶ月～<BR><BR>
※その他受注生産品に関しましては2016/01/05から商品ページ記載の製作期間を頂きますのであらかじめご了承下さい。</CENTER></STRONG></FONT><BR><BR>期間中は大変ご不便おかけいたしますが、何卒ご理解とご協力を賜りますようお願い申し上げます。</TT></TD></TR></TBODY></TABLE>
<BR>
-->

<!-- シルバーウィーク休業案内
<CENTER>
<TABLE border=1 cellSpacing=1 borderColor=#ed3424 cellPadding=2 width=900>
<TBODY>
<TR>
<TD bgColor=#ed3424>
<P align=center><STRONG><FONT color=#ffffff 
size=4>ゴールデンウィーク休業のご連絡</FONT></STRONG></P></TD></TR>
<TR>
<TD>
<TT>平素より東京カー用品流通センターをご愛顧いただきまして、誠にありがとうございます。<BR>誠に勝手ながら弊社ゴールデンウィーク期間は下記の通り、業務を休業とさせて頂きますので何卒よろしくお願い申し上げます。<BR><BR>
<FONT 
color=#ff0000><STRONG><CENTER>休業日：2016年05月03日(火)～2016年05月05日(木)</CENTER></STRONG></FONT><BR>
メールでのお問い合わせやご注文は休業期間中も24時間受付中です。<BR>
ご注文の確定連絡や発送業務、メール返答は<FONT 
color=#ff0000><STRONG>2016年05月06(金)</STRONG></FONT>より順次対応させて頂きます。<BR>期間中は大変ご不便おかけいたしますが、何卒ご理解とご協力を賜りますようお願い申し上げます。</TT></TD></TR></TBODY></TABLE>
</CENTER>-->

</div>
<div id=""main_contents""><!--店舗キャンペーンバナー-->



<center>
<div>

<img src=http://image.rakuten.co.jp/tokyocar/cabinet/shopdesign/bunner/imgrc0099055340.jpg alt=""純正交換HIDバーナー"" style=""border-style:none;"" width=""810""><BR>


<img src=""http://image.rakuten.co.jp/tokyocar/cabinet/others/imgrc0102168198.jpg"" alt=""GARAX S.D.iミニコン"" style=""margin: 2px 0px 2px 0px;"" ""border-style:none;"" width=""201""><img src=""http://image.rakuten.co.jp/tokyocar/cabinet/others/imgrc0102168638.jpg"" alt=""GARAX イリュージョンスキャナー"" style=""margin: 2px 0px 2px 2px;"" ""border-style:none;"" width=""201""><img src=""http://image.rakuten.co.jp/tokyocar/cabinet/others/imgrc0102168656.jpg"" alt=""エンブレムシート"" style=""margin: 2px 0px 2px 2px;"" ""border-style:none;"" width=""201""><img src=""http://image.rakuten.co.jp/tokyocar/cabinet/others/imgrc0102168677.jpg"" alt=""ナビバイザー"" style=""margin: 2px 0px 2px 2px;"" ""border-style:none;"" width=""201""><BR>

<img src=http://image.rakuten.co.jp/tokyocar/cabinet/others/imgrc0102167848.jpg alt=""GARAX　LEDコンバージョンキット"" style=""margin: 0px 2px 0px 0px;"" ""border-style:none;"" width=""404"" ><img src=http://image.rakuten.co.jp/tokyocar/cabinet/others/imgrc0102167873.jpg alt=""ウイングミラー ツインモーション"" style=""border-style:none;"" width=""404""><BR>

<img src=http://image.rakuten.co.jp/tokyocar/cabinet/others/imgrc0102167000.jpg alt=""車種専用ドアバイザー"" style=""border-style:none;"" width=""810""vspace=""2""><BR>

<img src=http://image.rakuten.co.jp/tokyocar/cabinet/others/imgrc0102166817.jpg alt=""グリッドタイヤ"" style=""border-style:none;"" width=""810""></div></center>

<style>
div{
    line-height: 0;
}
</style>
</td>
  </tr>
  </tbody>
 </table>",GARAX ギャラクスウィンカーポジションキットダブルクワッド[WKQ-ES5]【50系エスティマ】：東京カー用品流通センター,GARAX ギャラクスウィンカーポジションキットダブルクワッド[WKQ-ES5]【50系エスティマ】,GARAX ギャラクスウィンカーポジションキットダブルクワッド[WKQ-ES5]【50系エスティマ】[rn]
24-4130,http://tshop.r10s.jp/tokyocar/cabinet/others/tail_lens_film/img59626489.jpg?fitin=700:700,1328.0000,,車用品・バイク用品 > カー用品 > 外装パーツ > その他,SilkBlaze シルクブレイズテールレンズフィルム【20系エスティマハイブリッド】,,"<img src=http://image.rakuten.co.jp/tokyocar/cabinet/shopdesign/iteminfo.gif>
<table border=""1"" width=""680"" style=""border-collapse: collapse"" bordercolor=""#C0C0C0"" cellspacing=""0"">
  
  <TR>
    <td rowspan=""2"" bgcolor=""#EEEEEE"" align=""center"" width=""500""><font size=""2"">商品名</font></TD>
    <td bgcolor=""#EEEEEE"" align=""center"" width=""100""><font size=""2"">メーカー定価</font></TD>
    <td rowspan=""2"" bgcolor=""#EEEEEE"" align=""center"" width=""80""><font size=""2"">参考取付<br>
      時間（H）</font></TD>
  </TR>
  <TR>
    <td bgcolor=""#EEEEEE"" align=""center""><font size=""2"">税込価格</font></TD>
  </TR>
  <TR>
    <TD><STRONG>SilkBlaze テールレンズフィルム</STRONG></TD>
    <td align=""center"">1,890円</TD>
    <td align=""center"">0.5h</TD>
  </TR>
    <td colspan=""3""><TABLE border=0 cellSpacing=1 cellPadding=2 width=""100%"">
        <TBODY>
<tr>
<TD width=""20%"">■適合車種</TD>
<td> 20系エスティマハイブリット…AHR20W<BR>
※全グレード</td>
</tr>

<tr>
<TD width=""20%"">■年式</TD>
<td> H18.06～現行</td>
</tr>

<tr>
<TD width=""20%"">■カラー</TD>
<td> クリアレッド</td>
</tr>

<tr>
<TD>■セット内容</TD>
<td>
 本体(L/R) 取付説明書</td>
</tr>
          <TR>
            <TD>■納　　期</TD>
            <TD>メーカー受注生産の為、注文確定から1週間～10日程お時間がかかります。<BR>
<FONT COLOR=FF0000 size=2>※ご注文後のキャンセル・返品はお受け出来ません。</font></TD>
          </TR>
<tr>
            <TD colSpan=2><BR>
■テールレンズの曲面に貼りやすい高品質フィルムを採用<BR>
クリアテールも良いけどアクセントが欲しい方にオススメ<BR>
後付感がなく自然に仕上がります。<BR>
<BR>
【ご注意】<BR>
※メーカー受注生産の為、ご注文後のキャンセル・返品はお受け出来ません。ご了承下さい。
</tr></tbody>
</table>
</tr></table><table width=""810"">
  <tbody>
 <tr>
  <td>


<link rel=""stylesheet"" href=""http://www.rakuten.ne.jp/gold/tokyocar/chaser_banner.css"">


<style type=""text/css"">
#rakutenLimitedId_header{
display:none;
}
</style>

<!-- 受注生産品の納期案内 
<TABLE border=1 cellSpacing=1 borderColor=#ed3424 cellPadding=2 width=760>
<TBODY>
<TR>
<TD bgColor=#ed3424>
<P align=center><STRONG><FONT color=#ffffff 
size=4>受注生産品の納期に関して</FONT></STRONG></P></TD></TR>
<TR>
<TD>
<TT>弊社取扱のあるメーカー受注生産品はメーカー年末年始休業の為、<BR>
通常よりお時間を頂きますのであらかじめご了承下さい。<BR><BR>
<FONT 
color=#ff0000><STRONG>
・エアロパーツ塗装済み →　 年内のご注文はすべて2016/01/05より約6週間～<BR>
・エアロパーツ未塗装　 →　 年内のご注文はすべて2016/01/05より約4週間～<BR>
・受注生産シートカバー →　 年内のご注文はすべて2016/01/05より約2.5ヶ月～<BR><BR>
※その他受注生産品に関しましては2016/01/05から商品ページ記載の製作期間を頂きますのであらかじめご了承下さい。</CENTER></STRONG></FONT><BR><BR>期間中は大変ご不便おかけいたしますが、何卒ご理解とご協力を賜りますようお願い申し上げます。</TT></TD></TR></TBODY></TABLE>
<BR>
-->

<!-- シルバーウィーク休業案内
<CENTER>
<TABLE border=1 cellSpacing=1 borderColor=#ed3424 cellPadding=2 width=900>
<TBODY>
<TR>
<TD bgColor=#ed3424>
<P align=center><STRONG><FONT color=#ffffff 
size=4>ゴールデンウィーク休業のご連絡</FONT></STRONG></P></TD></TR>
<TR>
<TD>
<TT>平素より東京カー用品流通センターをご愛顧いただきまして、誠にありがとうございます。<BR>誠に勝手ながら弊社ゴールデンウィーク期間は下記の通り、業務を休業とさせて頂きますので何卒よろしくお願い申し上げます。<BR><BR>
<FONT 
color=#ff0000><STRONG><CENTER>休業日：2016年05月03日(火)～2016年05月05日(木)</CENTER></STRONG></FONT><BR>
メールでのお問い合わせやご注文は休業期間中も24時間受付中です。<BR>
ご注文の確定連絡や発送業務、メール返答は<FONT 
color=#ff0000><STRONG>2016年05月06(金)</STRONG></FONT>より順次対応させて頂きます。<BR>期間中は大変ご不便おかけいたしますが、何卒ご理解とご協力を賜りますようお願い申し上げます。</TT></TD></TR></TBODY></TABLE>
</CENTER>-->

</div>
<div id=""main_contents""><!--店舗キャンペーンバナー-->



<center>
<div>

<img src=http://image.rakuten.co.jp/tokyocar/cabinet/shopdesign/bunner/imgrc0099055340.jpg alt=""純正交換HIDバーナー"" style=""border-style:none;"" width=""810""><BR>


<img src=""http://image.rakuten.co.jp/tokyocar/cabinet/others/imgrc0102168198.jpg"" alt=""GARAX S.D.iミニコン"" style=""margin: 2px 0px 2px 0px;"" ""border-style:none;"" width=""201""><img src=""http://image.rakuten.co.jp/tokyocar/cabinet/others/imgrc0102168638.jpg"" alt=""GARAX イリュージョンスキャナー"" style=""margin: 2px 0px 2px 2px;"" ""border-style:none;"" width=""201""><img src=""http://image.rakuten.co.jp/tokyocar/cabinet/others/imgrc0102168656.jpg"" alt=""エンブレムシート"" style=""margin: 2px 0px 2px 2px;"" ""border-style:none;"" width=""201""><img src=""http://image.rakuten.co.jp/tokyocar/cabinet/others/imgrc0102168677.jpg"" alt=""ナビバイザー"" style=""margin: 2px 0px 2px 2px;"" ""border-style:none;"" width=""201""><BR>

<img src=http://image.rakuten.co.jp/tokyocar/cabinet/others/imgrc0102167848.jpg alt=""GARAX　LEDコンバージョンキット"" style=""margin: 0px 2px 0px 0px;"" ""border-style:none;"" width=""404"" ><img src=http://image.rakuten.co.jp/tokyocar/cabinet/others/imgrc0102167873.jpg alt=""ウイングミラー ツインモーション"" style=""border-style:none;"" width=""404""><BR>

<img src=http://image.rakuten.co.jp/tokyocar/cabinet/others/imgrc0102167000.jpg alt=""車種専用ドアバイザー"" style=""border-style:none;"" width=""810""vspace=""2""><BR>

<img src=http://image.rakuten.co.jp/tokyocar/cabinet/others/imgrc0102166817.jpg alt=""グリッドタイヤ"" style=""border-style:none;"" width=""810""></div></center>

<style>
div{
    line-height: 0;
}
</style>
</td>
  </tr>
  </tbody>
 </table>",SilkBlaze シルクブレイズテールレンズフィルム【20系エスティマハイブリッド】：東京カー用品流通センター,SilkBlaze シルクブレイズテールレンズフィルム【20系エスティマハイブリッド】,SilkBlaze シルクブレイズテールレンズフィルム【20系エスティマハイブリッド】[rn]
24-4131,http://tshop.r10s.jp/tokyocar/cabinet/aeroparts/valdy/img59768908.jpg?fitin=700:700,22208.0000,,車用品・バイク用品 > カー用品 > 外装パーツ > その他,VALDY ヴァルディワイドバイザー20系アルファード/ヴェルファイア [前期/後期](代引き不可),,"<img src=http://image.rakuten.co.jp/tokyocar/cabinet/shopdesign/iteminfo.gif>
<table border=""1"" width=""680"" style=""border-collapse: collapse"" bordercolor=""#C0C0C0"" cellspacing=""0"">
  <tr>
    <td rowspan=""2"" bgcolor=""#EEEEEE"" align=""center"" width=""460""><font size=""2"">商品名</font></td>
    <td bgcolor=""#EEEEEE"" align=""center"" width=""140""><font size=""2"">メーカー定価</font></td>
    <td rowspan=""2"" bgcolor=""#EEEEEE"" align=""center"" width=""80""><font size=""2"">参考取付<br>
      時間（H）</font></td>
  </tr>
  <tr>
    <td bgcolor=""#EEEEEE"" align=""center""><font size=""2"">税込価格</font></td>
  </tr>
  <tr>
    <td><STRONG>ヴァルディ ワイドバイザー</STRONG></td>
    <td align=""center"">29,400円</td>
    <td align=""center"">0.5h</td>
  </tr>
  <tr>
    <td colspan=""3""><TABLE border=0 cellSpacing=1 cellPadding=2 width=""100%"">
        <TBODY>
          <TR>
            <TD width=""20%"">■適合車種</TD>
            <TD width=""80%"">20アルファード/ヴェルファイア</TD>
          </TR>
          
<TR>
            <TD>■適合型式</TD>
            <TD>ANH[GGH]20/25</TD>
          </TR>

<TR>
<TD>■年式</TD>
<TD>H20.05～H26.12[前期/後期]</TD>
</TR>

<TR>
<TD>■セット内容</TD>
<TD> フロント用×2(L/R)/スライドドア用×2(L/R)</TD>
</TR>




          <TR>
            <TD>■納　　期</TD>
            <TD>通常、注文確定から3～4営業日<BR>
※メーカー欠品の場合お時間を頂く場合がございます。<BR>
<FONT COLOR=FF0000 size=2>
※こちらの商品は都合により代引きは不可となります。
申し訳ありませんがご了承下さい。</TD>
          </TR>
          <TR>
            <TD colSpan=2><BR>
              ■雨の日や強い横風の日にウィンドウを開閉したい時に便利！<BR>
■機能性はもちろん、大きすぎないバイザーサイズはドレスアップとしても効果を発揮。<BR>
<BR>
【ご注意】<BR>
・必ず適合車種をご確認の上、ご注文下さい。<BR>
</TD>
          </TR>
        </TBODY>
      </TABLE></TD>
  </tr>
</table><table width=""810"">
  <tbody>
 <tr>
  <td>


<link rel=""stylesheet"" href=""http://www.rakuten.ne.jp/gold/tokyocar/chaser_banner.css"">


<style type=""text/css"">
#rakutenLimitedId_header{
display:none;
}
</style>

<!-- 受注生産品の納期案内 
<TABLE border=1 cellSpacing=1 borderColor=#ed3424 cellPadding=2 width=760>
<TBODY>
<TR>
<TD bgColor=#ed3424>
<P align=center><STRONG><FONT color=#ffffff 
size=4>受注生産品の納期に関して</FONT></STRONG></P></TD></TR>
<TR>
<TD>
<TT>弊社取扱のあるメーカー受注生産品はメーカー年末年始休業の為、<BR>
通常よりお時間を頂きますのであらかじめご了承下さい。<BR><BR>
<FONT 
color=#ff0000><STRONG>
・エアロパーツ塗装済み →　 年内のご注文はすべて2016/01/05より約6週間～<BR>
・エアロパーツ未塗装　 →　 年内のご注文はすべて2016/01/05より約4週間～<BR>
・受注生産シートカバー →　 年内のご注文はすべて2016/01/05より約2.5ヶ月～<BR><BR>
※その他受注生産品に関しましては2016/01/05から商品ページ記載の製作期間を頂きますのであらかじめご了承下さい。</CENTER></STRONG></FONT><BR><BR>期間中は大変ご不便おかけいたしますが、何卒ご理解とご協力を賜りますようお願い申し上げます。</TT></TD></TR></TBODY></TABLE>
<BR>
-->

<!-- シルバーウィーク休業案内
<CENTER>
<TABLE border=1 cellSpacing=1 borderColor=#ed3424 cellPadding=2 width=900>
<TBODY>
<TR>
<TD bgColor=#ed3424>
<P align=center><STRONG><FONT color=#ffffff 
size=4>ゴールデンウィーク休業のご連絡</FONT></STRONG></P></TD></TR>
<TR>
<TD>
<TT>平素より東京カー用品流通センターをご愛顧いただきまして、誠にありがとうございます。<BR>誠に勝手ながら弊社ゴールデンウィーク期間は下記の通り、業務を休業とさせて頂きますので何卒よろしくお願い申し上げます。<BR><BR>
<FONT 
color=#ff0000><STRONG><CENTER>休業日：2016年05月03日(火)～2016年05月05日(木)</CENTER></STRONG></FONT><BR>
メールでのお問い合わせやご注文は休業期間中も24時間受付中です。<BR>
ご注文の確定連絡や発送業務、メール返答は<FONT 
color=#ff0000><STRONG>2016年05月06(金)</STRONG></FONT>より順次対応させて頂きます。<BR>期間中は大変ご不便おかけいたしますが、何卒ご理解とご協力を賜りますようお願い申し上げます。</TT></TD></TR></TBODY></TABLE>
</CENTER>-->

</div>
<div id=""main_contents""><!--店舗キャンペーンバナー-->



<center>
<div>

<img src=http://image.rakuten.co.jp/tokyocar/cabinet/shopdesign/bunner/imgrc0099055340.jpg alt=""純正交換HIDバーナー"" style=""border-style:none;"" width=""810""><BR>


<img src=""http://image.rakuten.co.jp/tokyocar/cabinet/others/imgrc0102168198.jpg"" alt=""GARAX S.D.iミニコン"" style=""margin: 2px 0px 2px 0px;"" ""border-style:none;"" width=""201""><img src=""http://image.rakuten.co.jp/tokyocar/cabinet/others/imgrc0102168638.jpg"" alt=""GARAX イリュージョンスキャナー"" style=""margin: 2px 0px 2px 2px;"" ""border-style:none;"" width=""201""><img src=""http://image.rakuten.co.jp/tokyocar/cabinet/others/imgrc0102168656.jpg"" alt=""エンブレムシート"" style=""margin: 2px 0px 2px 2px;"" ""border-style:none;"" width=""201""><img src=""http://image.rakuten.co.jp/tokyocar/cabinet/others/imgrc0102168677.jpg"" alt=""ナビバイザー"" style=""margin: 2px 0px 2px 2px;"" ""border-style:none;"" width=""201""><BR>

<img src=http://image.rakuten.co.jp/tokyocar/cabinet/others/imgrc0102167848.jpg alt=""GARAX　LEDコンバージョンキット"" style=""margin: 0px 2px 0px 0px;"" ""border-style:none;"" width=""404"" ><img src=http://image.rakuten.co.jp/tokyocar/cabinet/others/imgrc0102167873.jpg alt=""ウイングミラー ツインモーション"" style=""border-style:none;"" width=""404""><BR>

<img src=http://image.rakuten.co.jp/tokyocar/cabinet/others/imgrc0102167000.jpg alt=""車種専用ドアバイザー"" style=""border-style:none;"" width=""810""vspace=""2""><BR>

<img src=http://image.rakuten.co.jp/tokyocar/cabinet/others/imgrc0102166817.jpg alt=""グリッドタイヤ"" style=""border-style:none;"" width=""810""></div></center>

<style>
div{
    line-height: 0;
}
</style>
</td>
  </tr>
  </tbody>
 </table>",VALDY ヴァルディワイドバイザー20系アルファード/ヴェルファイア [前期/後期](代引き不可)：東京カー用品流通センター,VALDY ヴァルディワイドバイザー20系アルファード/ヴェルファイア [前期/後期](代引き不可),VALDY ヴァルディワイドバイザー20系アルファード/ヴェルファイア [前期/後期](代引き不可)[rn]
24-4132,http://tshop.r10s.jp/tokyocar/cabinet/chrome_meck_parts/imgrc0081505269.jpg?fitin=700:700,6720.0000,,車用品・バイク用品 > カー用品 > 外装パーツ > その他,SilkBlaze シルクブレイズ【80系ノア[Si]/ヴォクシー[Zs]】リフレクタークロームカバー,,"<STYLE type=""text/css""><!--
table.atype{border:1px solid #C0C0C0;}
.atype td{color:#000000;border-bottom:1px dashed #cccccc;}
--></STYLE>
<img src=http://image.rakuten.co.jp/tokyocar/cabinet/shopdesign/iteminfo.gif>
<table class=atype 
border=""1"" width=""680"" style=""border-collapse: collapse"" bordercolor=""#C0C0C0"" cellspacing=""0"">
  <TR>
    <td rowspan=""1"" bgcolor=""#EEEEEE"" align=""center"" width=""500""><font size=""2"">商品名</font></TD>
    <td rowspan=""1"" bgcolor=""#EEEEEE"" align=""center"" width=""80""><font size=""2"">参考取付<br>
      時間（H）</font></TD>
  </TR>
  <TR>
    <TD><STRONG>SilkBlaze リフレクタークロームガーニッシュ</STRONG></TD>
    <td align=""center"">0.2h</TD>
  </TR>
    <td colspan=""3""><TABLE border=0 cellSpacing=1 cellPadding=6 width=""100%"">
        <TBODY>
<tr>
<TD width=""20%"">■適合車種</TD>
<td>80系ノア Si/ヴォクシー Zs…ZRR80W</td>
</tr>
<tr>
<TD width=""20%"">■適合年式</TD>
<td>H26.01～現行(2014.01～現行)</td>
</tr>
<tr>
<TD width=""20%"">■メッキカラー</TD>
<td> クロームメッキ</td>
</tr>
<tr>
<TD>■材質</TD>
<td>ABS素材<BR>
</td>
</tr>
<tr>
<TD>■セット内容</TD>
<td>本体(両面テープ施工済み)×2 / 取付説明書<BR>
</td>
</tr>
          <TR>
            <TD>■納　　期</TD>
            <TD>注文確定から2～3営業日程度<BR><FONT COLOR=FF0000 size=2>※欠品の場合お時間を頂く場合がございます。</font></TD>
          </TR>
<tr>
            <TD colSpan=2>
■射出成形による細部にまでこだわった車種専用設計!<BR>
■高級感を演出する綺麗でなめらかなの仕上がり。<BR>
■両面テープ施工済み、貼るだけでお手軽にドレスアップが可能です。</tr></tbody>
</table>
</tr></table>
<BR><table width=""810"">
  <tbody>
 <tr>
  <td>


<link rel=""stylesheet"" href=""http://www.rakuten.ne.jp/gold/tokyocar/chaser_banner.css"">


<style type=""text/css"">
#rakutenLimitedId_header{
display:none;
}
</style>

<!-- 受注生産品の納期案内 
<TABLE border=1 cellSpacing=1 borderColor=#ed3424 cellPadding=2 width=760>
<TBODY>
<TR>
<TD bgColor=#ed3424>
<P align=center><STRONG><FONT color=#ffffff 
size=4>受注生産品の納期に関して</FONT></STRONG></P></TD></TR>
<TR>
<TD>
<TT>弊社取扱のあるメーカー受注生産品はメーカー年末年始休業の為、<BR>
通常よりお時間を頂きますのであらかじめご了承下さい。<BR><BR>
<FONT 
color=#ff0000><STRONG>
・エアロパーツ塗装済み →　 年内のご注文はすべて2016/01/05より約6週間～<BR>
・エアロパーツ未塗装　 →　 年内のご注文はすべて2016/01/05より約4週間～<BR>
・受注生産シートカバー →　 年内のご注文はすべて2016/01/05より約2.5ヶ月～<BR><BR>
※その他受注生産品に関しましては2016/01/05から商品ページ記載の製作期間を頂きますのであらかじめご了承下さい。</CENTER></STRONG></FONT><BR><BR>期間中は大変ご不便おかけいたしますが、何卒ご理解とご協力を賜りますようお願い申し上げます。</TT></TD></TR></TBODY></TABLE>
<BR>
-->

<!-- シルバーウィーク休業案内
<CENTER>
<TABLE border=1 cellSpacing=1 borderColor=#ed3424 cellPadding=2 width=900>
<TBODY>
<TR>
<TD bgColor=#ed3424>
<P align=center><STRONG><FONT color=#ffffff 
size=4>ゴールデンウィーク休業のご連絡</FONT></STRONG></P></TD></TR>
<TR>
<TD>
<TT>平素より東京カー用品流通センターをご愛顧いただきまして、誠にありがとうございます。<BR>誠に勝手ながら弊社ゴールデンウィーク期間は下記の通り、業務を休業とさせて頂きますので何卒よろしくお願い申し上げます。<BR><BR>
<FONT 
color=#ff0000><STRONG><CENTER>休業日：2016年05月03日(火)～2016年05月05日(木)</CENTER></STRONG></FONT><BR>
メールでのお問い合わせやご注文は休業期間中も24時間受付中です。<BR>
ご注文の確定連絡や発送業務、メール返答は<FONT 
color=#ff0000><STRONG>2016年05月06(金)</STRONG></FONT>より順次対応させて頂きます。<BR>期間中は大変ご不便おかけいたしますが、何卒ご理解とご協力を賜りますようお願い申し上げます。</TT></TD></TR></TBODY></TABLE>
</CENTER>-->

</div>
<div id=""main_contents""><!--店舗キャンペーンバナー-->



<center>
<div>

<img src=http://image.rakuten.co.jp/tokyocar/cabinet/shopdesign/bunner/imgrc0099055340.jpg alt=""純正交換HIDバーナー"" style=""border-style:none;"" width=""810""><BR>


<img src=""http://image.rakuten.co.jp/tokyocar/cabinet/others/imgrc0102168198.jpg"" alt=""GARAX S.D.iミニコン"" style=""margin: 2px 0px 2px 0px;"" ""border-style:none;"" width=""201""><img src=""http://image.rakuten.co.jp/tokyocar/cabinet/others/imgrc0102168638.jpg"" alt=""GARAX イリュージョンスキャナー"" style=""margin: 2px 0px 2px 2px;"" ""border-style:none;"" width=""201""><img src=""http://image.rakuten.co.jp/tokyocar/cabinet/others/imgrc0102168656.jpg"" alt=""エンブレムシート"" style=""margin: 2px 0px 2px 2px;"" ""border-style:none;"" width=""201""><img src=""http://image.rakuten.co.jp/tokyocar/cabinet/others/imgrc0102168677.jpg"" alt=""ナビバイザー"" style=""margin: 2px 0px 2px 2px;"" ""border-style:none;"" width=""201""><BR>

<img src=http://image.rakuten.co.jp/tokyocar/cabinet/others/imgrc0102167848.jpg alt=""GARAX　LEDコンバージョンキット"" style=""margin: 0px 2px 0px 0px;"" ""border-style:none;"" width=""404"" ><img src=http://image.rakuten.co.jp/tokyocar/cabinet/others/imgrc0102167873.jpg alt=""ウイングミラー ツインモーション"" style=""border-style:none;"" width=""404""><BR>

<img src=http://image.rakuten.co.jp/tokyocar/cabinet/others/imgrc0102167000.jpg alt=""車種専用ドアバイザー"" style=""border-style:none;"" width=""810""vspace=""2""><BR>

<img src=http://image.rakuten.co.jp/tokyocar/cabinet/others/imgrc0102166817.jpg alt=""グリッドタイヤ"" style=""border-style:none;"" width=""810""></div></center>

<style>
div{
    line-height: 0;
}
</style>
</td>
  </tr>
  </tbody>
 </table>",SilkBlaze シルクブレイズ【80系ノア[Si]/ヴォクシー[Zs]】リフレクタークロームカバー：東京カー用品流通センター,SilkBlaze シルクブレイズ【80系ノア[Si]/ヴォクシー[Zs]】リフレクタークロームカバー,SilkBlaze シルクブレイズ【80系ノア[Si]/ヴォクシー[Zs]】リフレクタークロームカバー[rn]
24-4133,http://tshop.r10s.jp/tokyocar/cabinet/chrome_meck_parts/imgrc0081497938.jpg?fitin=700:700,6584.0000,,車用品・バイク用品 > カー用品 > 外装パーツ > その他,SilkBlaze シルクブレイズ【80系ノア/ヴォクシー/エスクァイア】バックドアクロームガーニッシュ,,"<STYLE type=""text/css""><!--
table.atype{border:1px solid #C0C0C0;}
.atype td{color:#000000;border-bottom:1px dashed #cccccc;}
--></STYLE>
<img src=http://image.rakuten.co.jp/tokyocar/cabinet/shopdesign/iteminfo.gif>
<table class=atype border=""1"" width=""680"" style=""border-collapse: collapse"" bordercolor=""#C0C0C0"" cellspacing=""0"">
  <TR>
    <td rowspan=""1"" bgcolor=""#EEEEEE"" align=""center"" width=""500""><font size=""2"">商品名</font></TD>
    <td rowspan=""1"" bgcolor=""#EEEEEE"" align=""center"" width=""80""><font size=""2"">参考取付<br>
      時間（H）</font></TD>
  </TR>
  <TR>
    <TD><STRONG>SilkBlaze バックドアクロームガーニッシュ 80系ノア/ヴォクシー</STRONG></TD>
    <td align=""center"">0.2h</TD>
  </TR>
    <td colspan=""3""><TABLE border=0 cellSpacing=1 cellPadding=6 width=""100%"">
        <TBODY>
<tr>
<TD width=""20%"">■適合車種</TD>
<td>80系ノア/ヴォクシー…ZRR80W</td>
</tr>
<tr>
<TD width=""20%"">■適合年式</TD>
<td>H26.01～現行(2014.01～現行)</td>
</tr>
<tr>
<TD width=""20%"">■メッキカラー</TD>
<td> クロームメッキ</td>
</tr>
<tr>
<TD>■材質</TD>
<td>ABS素材<BR>
</td>
</tr>
<tr>
<TD>■セット内容</TD>
<td>本体(両面テープ施工済み)×1 / 取付説明書<BR>
</td>
</tr>
          <TR>
            <TD>■納　　期</TD>
            <TD>注文確定から2～3営業日程度<BR><FONT COLOR=FF0000 size=2>※欠品の場合お時間を頂く場合がございます。</font></TD>
          </TR>
<tr>
            <TD colSpan=2>
■射出成形による細部にまでこだわった車種専用設計!<BR>
■高級感を演出する綺麗でなめらかなの仕上がり。<BR>
■両面テープ施工済み、貼るだけでお手軽にドレスアップが可能です。</tr></tbody>
</table>
</tr></table>
<BR><table width=""810"">
  <tbody>
 <tr>
  <td>


<link rel=""stylesheet"" href=""http://www.rakuten.ne.jp/gold/tokyocar/chaser_banner.css"">


<style type=""text/css"">
#rakutenLimitedId_header{
display:none;
}
</style>

<!-- 受注生産品の納期案内 
<TABLE border=1 cellSpacing=1 borderColor=#ed3424 cellPadding=2 width=760>
<TBODY>
<TR>
<TD bgColor=#ed3424>
<P align=center><STRONG><FONT color=#ffffff 
size=4>受注生産品の納期に関して</FONT></STRONG></P></TD></TR>
<TR>
<TD>
<TT>弊社取扱のあるメーカー受注生産品はメーカー年末年始休業の為、<BR>
通常よりお時間を頂きますのであらかじめご了承下さい。<BR><BR>
<FONT 
color=#ff0000><STRONG>
・エアロパーツ塗装済み →　 年内のご注文はすべて2016/01/05より約6週間～<BR>
・エアロパーツ未塗装　 →　 年内のご注文はすべて2016/01/05より約4週間～<BR>
・受注生産シートカバー →　 年内のご注文はすべて2016/01/05より約2.5ヶ月～<BR><BR>
※その他受注生産品に関しましては2016/01/05から商品ページ記載の製作期間を頂きますのであらかじめご了承下さい。</CENTER></STRONG></FONT><BR><BR>期間中は大変ご不便おかけいたしますが、何卒ご理解とご協力を賜りますようお願い申し上げます。</TT></TD></TR></TBODY></TABLE>
<BR>
-->

<!-- シルバーウィーク休業案内
<CENTER>
<TABLE border=1 cellSpacing=1 borderColor=#ed3424 cellPadding=2 width=900>
<TBODY>
<TR>
<TD bgColor=#ed3424>
<P align=center><STRONG><FONT color=#ffffff 
size=4>ゴールデンウィーク休業のご連絡</FONT></STRONG></P></TD></TR>
<TR>
<TD>
<TT>平素より東京カー用品流通センターをご愛顧いただきまして、誠にありがとうございます。<BR>誠に勝手ながら弊社ゴールデンウィーク期間は下記の通り、業務を休業とさせて頂きますので何卒よろしくお願い申し上げます。<BR><BR>
<FONT 
color=#ff0000><STRONG><CENTER>休業日：2016年05月03日(火)～2016年05月05日(木)</CENTER></STRONG></FONT><BR>
メールでのお問い合わせやご注文は休業期間中も24時間受付中です。<BR>
ご注文の確定連絡や発送業務、メール返答は<FONT 
color=#ff0000><STRONG>2016年05月06(金)</STRONG></FONT>より順次対応させて頂きます。<BR>期間中は大変ご不便おかけいたしますが、何卒ご理解とご協力を賜りますようお願い申し上げます。</TT></TD></TR></TBODY></TABLE>
</CENTER>-->

</div>
<div id=""main_contents""><!--店舗キャンペーンバナー-->



<center>
<div>

<img src=http://image.rakuten.co.jp/tokyocar/cabinet/shopdesign/bunner/imgrc0099055340.jpg alt=""純正交換HIDバーナー"" style=""border-style:none;"" width=""810""><BR>


<img src=""http://image.rakuten.co.jp/tokyocar/cabinet/others/imgrc0102168198.jpg"" alt=""GARAX S.D.iミニコン"" style=""margin: 2px 0px 2px 0px;"" ""border-style:none;"" width=""201""><img src=""http://image.rakuten.co.jp/tokyocar/cabinet/others/imgrc0102168638.jpg"" alt=""GARAX イリュージョンスキャナー"" style=""margin: 2px 0px 2px 2px;"" ""border-style:none;"" width=""201""><img src=""http://image.rakuten.co.jp/tokyocar/cabinet/others/imgrc0102168656.jpg"" alt=""エンブレムシート"" style=""margin: 2px 0px 2px 2px;"" ""border-style:none;"" width=""201""><img src=""http://image.rakuten.co.jp/tokyocar/cabinet/others/imgrc0102168677.jpg"" alt=""ナビバイザー"" style=""margin: 2px 0px 2px 2px;"" ""border-style:none;"" width=""201""><BR>

<img src=http://image.rakuten.co.jp/tokyocar/cabinet/others/imgrc0102167848.jpg alt=""GARAX　LEDコンバージョンキット"" style=""margin: 0px 2px 0px 0px;"" ""border-style:none;"" width=""404"" ><img src=http://image.rakuten.co.jp/tokyocar/cabinet/others/imgrc0102167873.jpg alt=""ウイングミラー ツインモーション"" style=""border-style:none;"" width=""404""><BR>

<img src=http://image.rakuten.co.jp/tokyocar/cabinet/others/imgrc0102167000.jpg alt=""車種専用ドアバイザー"" style=""border-style:none;"" width=""810""vspace=""2""><BR>

<img src=http://image.rakuten.co.jp/tokyocar/cabinet/others/imgrc0102166817.jpg alt=""グリッドタイヤ"" style=""border-style:none;"" width=""810""></div></center>

<style>
div{
    line-height: 0;
}
</style>
</td>
  </tr>
  </tbody>
 </table>",SilkBlaze シルクブレイズ【80系ノア/ヴォクシー/エスクァイア】バックドアクロームガーニッシュ：東京カー用品流通センター,SilkBlaze シルクブレイズ【80系ノア/ヴォクシー/エスクァイア】バックドアクロームガーニッシュ,SilkBlaze シルクブレイズ【80系ノア/ヴォクシー/エスクァイア】バックドアクロームガーニッシュ[rn]
24-4134,http://tshop.r10s.jp/tokyocar/cabinet/aeroparts/silkblaze/imgrc0098637986.jpg?fitin=700:700,37752.0000,,車用品・バイク用品 > カー用品 > 外装パーツ > その他,SilkBlaze シルクブレイズ【80系ノア】[G/Xグレード]フロントスポイラー(純正単色塗装済み)[代引き不可商品],,"<STYLE type=""text/css""><!--
table.atype{border:1px solid #C0C0C0;}
.atype td{color:#000000;border-bottom:1px dashed #cccccc;}
--></STYLE>
<img src=http://image.rakuten.co.jp/tokyocar/cabinet/shopdesign/iteminfo.gif>
<table class=atype border=""1"" width=""680"" style=""border-collapse: collapse"" bordercolor=""#C0C0C0"" cellspacing=""0"">
  <TR>
    <td rowspan=""1"" bgcolor=""#EEEEEE"" align=""center"" width=""500""><font size=""2"">商品名</font></TD>
    <td rowspan=""1"" bgcolor=""#EEEEEE"" align=""center"" width=""80""><font size=""2"">参考取付<br>
      時間（H）</font></TD>
  </TR>
  <TR>
    <TD><STRONG>SilkBlaze 80系ノア G/Xグレード用フロントスポイラー</STRONG></TD>
    <td align=""center"">0.5h～</TD>
  </TR>
    <td colspan=""3""><TABLE border=0 cellSpacing=1 cellPadding=6 width=""100%"">
        <TBODY>
<tr>
<TD width=""20%"">■適合車種</TD>
<td>80系ノア/ノアハイブリッド…ZRR8#/ZWR8#</td>
</tr>
<tr>
<TD width=""20%"">■適合年式</TD>
<td>H26.01～現行(2014.01～現行)</td>
</tr>
<tr>
<TD width=""20%"">■適合グレード</TD>
<td> ・Gグレード<BR>・Xグレード</td>
</tr>
<tr>
<TD>■材質</TD>
<td>FRP素材<BR>
</td>
</tr>
<tr>
<TD>■塗装パターン</TD>
<td>純正色単色塗装<BR>
</td>
</tr>
<tr>
<TD>■セット内容</TD>
<td>本体(両面テープ施工済み)×1 / 取付説明書<BR>
</td>
</tr>
          <TR>
            <TD>■納　　期</TD>
            <TD>メーカー受注生産の為、ご注文確定から3～4週間<BR><FONT COLOR=FF0000 size=2>※メーカー生産状況により予定納期より遅れる場合がございますのであらかじめご了承下さい。</font></TD>
          </TR>
<tr>
            <TD colSpan=2>
■精度の高い国内工場で生産。<BR>
■軽くて強度が高いFRP製<BR>
■ダウン量(純正比)：フロント中央 40mm/サイド15mm<BR>
■純正色塗装で違和感の無い仕上がり。<BR><BR>
【ご注意】<BR>
※貼り付け前には必ずフィッティング調整を行って下さい。<BR>
※お取付前には必ず商品の状態をご確認下さい。<BR>万が一不良があった際にお取付後は補償の対象外となります。<BR>
※商品に不具合があった場合は商品到着後1週間以内にご連絡下さい。<BR>
商品到着後1週間を経過した場合は対応できかねますのでご注意下さい。</tr></tbody>
</table>
</tr></table>
<BR><table width=""810"">
  <tbody>
 <tr>
  <td>


<link rel=""stylesheet"" href=""http://www.rakuten.ne.jp/gold/tokyocar/chaser_banner.css"">


<style type=""text/css"">
#rakutenLimitedId_header{
display:none;
}
</style>

<!-- 受注生産品の納期案内 
<TABLE border=1 cellSpacing=1 borderColor=#ed3424 cellPadding=2 width=760>
<TBODY>
<TR>
<TD bgColor=#ed3424>
<P align=center><STRONG><FONT color=#ffffff 
size=4>受注生産品の納期に関して</FONT></STRONG></P></TD></TR>
<TR>
<TD>
<TT>弊社取扱のあるメーカー受注生産品はメーカー年末年始休業の為、<BR>
通常よりお時間を頂きますのであらかじめご了承下さい。<BR><BR>
<FONT 
color=#ff0000><STRONG>
・エアロパーツ塗装済み →　 年内のご注文はすべて2016/01/05より約6週間～<BR>
・エアロパーツ未塗装　 →　 年内のご注文はすべて2016/01/05より約4週間～<BR>
・受注生産シートカバー →　 年内のご注文はすべて2016/01/05より約2.5ヶ月～<BR><BR>
※その他受注生産品に関しましては2016/01/05から商品ページ記載の製作期間を頂きますのであらかじめご了承下さい。</CENTER></STRONG></FONT><BR><BR>期間中は大変ご不便おかけいたしますが、何卒ご理解とご協力を賜りますようお願い申し上げます。</TT></TD></TR></TBODY></TABLE>
<BR>
-->

<!-- シルバーウィーク休業案内
<CENTER>
<TABLE border=1 cellSpacing=1 borderColor=#ed3424 cellPadding=2 width=900>
<TBODY>
<TR>
<TD bgColor=#ed3424>
<P align=center><STRONG><FONT color=#ffffff 
size=4>ゴールデンウィーク休業のご連絡</FONT></STRONG></P></TD></TR>
<TR>
<TD>
<TT>平素より東京カー用品流通センターをご愛顧いただきまして、誠にありがとうございます。<BR>誠に勝手ながら弊社ゴールデンウィーク期間は下記の通り、業務を休業とさせて頂きますので何卒よろしくお願い申し上げます。<BR><BR>
<FONT 
color=#ff0000><STRONG><CENTER>休業日：2016年05月03日(火)～2016年05月05日(木)</CENTER></STRONG></FONT><BR>
メールでのお問い合わせやご注文は休業期間中も24時間受付中です。<BR>
ご注文の確定連絡や発送業務、メール返答は<FONT 
color=#ff0000><STRONG>2016年05月06(金)</STRONG></FONT>より順次対応させて頂きます。<BR>期間中は大変ご不便おかけいたしますが、何卒ご理解とご協力を賜りますようお願い申し上げます。</TT></TD></TR></TBODY></TABLE>
</CENTER>-->

</div>
<div id=""main_contents""><!--店舗キャンペーンバナー-->



<center>
<div>

<img src=http://image.rakuten.co.jp/tokyocar/cabinet/shopdesign/bunner/imgrc0099055340.jpg alt=""純正交換HIDバーナー"" style=""border-style:none;"" width=""810""><BR>


<img src=""http://image.rakuten.co.jp/tokyocar/cabinet/others/imgrc0102168198.jpg"" alt=""GARAX S.D.iミニコン"" style=""margin: 2px 0px 2px 0px;"" ""border-style:none;"" width=""201""><img src=""http://image.rakuten.co.jp/tokyocar/cabinet/others/imgrc0102168638.jpg"" alt=""GARAX イリュージョンスキャナー"" style=""margin: 2px 0px 2px 2px;"" ""border-style:none;"" width=""201""><img src=""http://image.rakuten.co.jp/tokyocar/cabinet/others/imgrc0102168656.jpg"" alt=""エンブレムシート"" style=""margin: 2px 0px 2px 2px;"" ""border-style:none;"" width=""201""><img src=""http://image.rakuten.co.jp/tokyocar/cabinet/others/imgrc0102168677.jpg"" alt=""ナビバイザー"" style=""margin: 2px 0px 2px 2px;"" ""border-style:none;"" width=""201""><BR>

<img src=http://image.rakuten.co.jp/tokyocar/cabinet/others/imgrc0102167848.jpg alt=""GARAX　LEDコンバージョンキット"" style=""margin: 0px 2px 0px 0px;"" ""border-style:none;"" width=""404"" ><img src=http://image.rakuten.co.jp/tokyocar/cabinet/others/imgrc0102167873.jpg alt=""ウイングミラー ツインモーション"" style=""border-style:none;"" width=""404""><BR>

<img src=http://image.rakuten.co.jp/tokyocar/cabinet/others/imgrc0102167000.jpg alt=""車種専用ドアバイザー"" style=""border-style:none;"" width=""810""vspace=""2""><BR>

<img src=http://image.rakuten.co.jp/tokyocar/cabinet/others/imgrc0102166817.jpg alt=""グリッドタイヤ"" style=""border-style:none;"" width=""810""></div></center>

<style>
div{
    line-height: 0;
}
</style>
</td>
  </tr>
  </tbody>
 </table>",SilkBlaze シルクブレイズ【80系ノア】[G/Xグレード]フロントスポイラー(純正単色塗装済み)[代引き不可商品]：東京カー用品流通センター,SilkBlaze シルクブレイズ【80系ノア】[G/Xグレード]フロントスポイラー(純正単色塗装済み)[代引き不可商品],SilkBlaze シルクブレイズ【80系ノア】[G/Xグレード]フロントスポイラー(純正単色塗装済み)[代引き不可商品][rn]
24-4135,http://tshop.r10s.jp/tokyocar/cabinet/chrome_meck_parts/imgrc0081702118.jpg?fitin=700:700,13240.0000,,車用品・バイク用品 > カー用品 > 外装パーツ > その他,SilkBlaze シルクブレイズ【80系ノア/ヴォクシー】サイドドアパネルクロームモール,,"<STYLE type=""text/css""><!--
table.atype{border:1px solid #C0C0C0;}
.atype td{color:#000000;border-bottom:1px dashed #cccccc;}
--></STYLE>
<img src=http://image.rakuten.co.jp/tokyocar/cabinet/shopdesign/iteminfo.gif>
<table class=atype border=""1"" width=""680"" style=""border-collapse: collapse"" bordercolor=""#C0C0C0"" cellspacing=""0"">
  <TR>
    <td rowspan=""1"" bgcolor=""#EEEEEE"" align=""center"" width=""500""><font size=""2"">商品名</font></TD>
    <td rowspan=""1"" bgcolor=""#EEEEEE"" align=""center"" width=""80""><font size=""2"">参考取付<br>
      時間（H）</font></TD>
  </TR>
  <TR>
    <TD><STRONG>SilkBlaze サイドドアパネルクロームモール
 80系ノア/ヴォクシー</STRONG></TD>
    <td align=""center"">0.2h</TD>
  </TR>
    <td colspan=""3""><TABLE border=0 cellSpacing=1 cellPadding=6 width=""100%"">
        <TBODY>
<tr>
<TD width=""20%"">■適合車種</TD>
<td>80系ノア/ヴォクシー…ZRR80W<BR>
Siグレード/Zsグレード</td>
</tr>
<tr>
<TD width=""20%"">■適合年式</TD>
<td>H26.01～現行(2014.01～現行)</td>
</tr>
<tr>
<TD width=""20%"">■メッキカラー</TD>
<td> クロームメッキ</td>
</tr>
<tr>
<TD>■材質</TD>
<td>ABS素材<BR>
</td>
</tr>
<tr>
<TD>■セット内容</TD>
<td>本体(両面テープ施工済み)片側2Pの合計4P / 取付説明書<BR>
</td>
</tr>
          <TR>
            <TD>■納　　期</TD>
            <TD>注文確定から2～3営業日程度<BR><FONT COLOR=FF0000 size=2>※欠品の場合お時間を頂く場合がございます。</font></TD>
          </TR>
<tr>
            <TD colSpan=2>
■射出成形による細部にまでこだわった車種専用設計!<BR>
■高級感を演出する綺麗でなめらかなの仕上がり。<BR>
■両面テープ施工済み、貼るだけでお手軽にドレスアップが可能です。</tr></tbody>
</table>
</tr></table>
<BR><table width=""810"">
  <tbody>
 <tr>
  <td>


<link rel=""stylesheet"" href=""http://www.rakuten.ne.jp/gold/tokyocar/chaser_banner.css"">


<style type=""text/css"">
#rakutenLimitedId_header{
display:none;
}
</style>

<!-- 受注生産品の納期案内 
<TABLE border=1 cellSpacing=1 borderColor=#ed3424 cellPadding=2 width=760>
<TBODY>
<TR>
<TD bgColor=#ed3424>
<P align=center><STRONG><FONT color=#ffffff 
size=4>受注生産品の納期に関して</FONT></STRONG></P></TD></TR>
<TR>
<TD>
<TT>弊社取扱のあるメーカー受注生産品はメーカー年末年始休業の為、<BR>
通常よりお時間を頂きますのであらかじめご了承下さい。<BR><BR>
<FONT 
color=#ff0000><STRONG>
・エアロパーツ塗装済み →　 年内のご注文はすべて2016/01/05より約6週間～<BR>
・エアロパーツ未塗装　 →　 年内のご注文はすべて2016/01/05より約4週間～<BR>
・受注生産シートカバー →　 年内のご注文はすべて2016/01/05より約2.5ヶ月～<BR><BR>
※その他受注生産品に関しましては2016/01/05から商品ページ記載の製作期間を頂きますのであらかじめご了承下さい。</CENTER></STRONG></FONT><BR><BR>期間中は大変ご不便おかけいたしますが、何卒ご理解とご協力を賜りますようお願い申し上げます。</TT></TD></TR></TBODY></TABLE>
<BR>
-->

<!-- シルバーウィーク休業案内
<CENTER>
<TABLE border=1 cellSpacing=1 borderColor=#ed3424 cellPadding=2 width=900>
<TBODY>
<TR>
<TD bgColor=#ed3424>
<P align=center><STRONG><FONT color=#ffffff 
size=4>ゴールデンウィーク休業のご連絡</FONT></STRONG></P></TD></TR>
<TR>
<TD>
<TT>平素より東京カー用品流通センターをご愛顧いただきまして、誠にありがとうございます。<BR>誠に勝手ながら弊社ゴールデンウィーク期間は下記の通り、業務を休業とさせて頂きますので何卒よろしくお願い申し上げます。<BR><BR>
<FONT 
color=#ff0000><STRONG><CENTER>休業日：2016年05月03日(火)～2016年05月05日(木)</CENTER></STRONG></FONT><BR>
メールでのお問い合わせやご注文は休業期間中も24時間受付中です。<BR>
ご注文の確定連絡や発送業務、メール返答は<FONT 
color=#ff0000><STRONG>2016年05月06(金)</STRONG></FONT>より順次対応させて頂きます。<BR>期間中は大変ご不便おかけいたしますが、何卒ご理解とご協力を賜りますようお願い申し上げます。</TT></TD></TR></TBODY></TABLE>
</CENTER>-->

</div>
<div id=""main_contents""><!--店舗キャンペーンバナー-->



<center>
<div>

<img src=http://image.rakuten.co.jp/tokyocar/cabinet/shopdesign/bunner/imgrc0099055340.jpg alt=""純正交換HIDバーナー"" style=""border-style:none;"" width=""810""><BR>


<img src=""http://image.rakuten.co.jp/tokyocar/cabinet/others/imgrc0102168198.jpg"" alt=""GARAX S.D.iミニコン"" style=""margin: 2px 0px 2px 0px;"" ""border-style:none;"" width=""201""><img src=""http://image.rakuten.co.jp/tokyocar/cabinet/others/imgrc0102168638.jpg"" alt=""GARAX イリュージョンスキャナー"" style=""margin: 2px 0px 2px 2px;"" ""border-style:none;"" width=""201""><img src=""http://image.rakuten.co.jp/tokyocar/cabinet/others/imgrc0102168656.jpg"" alt=""エンブレムシート"" style=""margin: 2px 0px 2px 2px;"" ""border-style:none;"" width=""201""><img src=""http://image.rakuten.co.jp/tokyocar/cabinet/others/imgrc0102168677.jpg"" alt=""ナビバイザー"" style=""margin: 2px 0px 2px 2px;"" ""border-style:none;"" width=""201""><BR>

<img src=http://image.rakuten.co.jp/tokyocar/cabinet/others/imgrc0102167848.jpg alt=""GARAX　LEDコンバージョンキット"" style=""margin: 0px 2px 0px 0px;"" ""border-style:none;"" width=""404"" ><img src=http://image.rakuten.co.jp/tokyocar/cabinet/others/imgrc0102167873.jpg alt=""ウイングミラー ツインモーション"" style=""border-style:none;"" width=""404""><BR>

<img src=http://image.rakuten.co.jp/tokyocar/cabinet/others/imgrc0102167000.jpg alt=""車種専用ドアバイザー"" style=""border-style:none;"" width=""810""vspace=""2""><BR>

<img src=http://image.rakuten.co.jp/tokyocar/cabinet/others/imgrc0102166817.jpg alt=""グリッドタイヤ"" style=""border-style:none;"" width=""810""></div></center>

<style>
div{
    line-height: 0;
}
</style>
</td>
  </tr>
  </tbody>
 </table>",SilkBlaze シルクブレイズ【80系ノア/ヴォクシー】サイドドアパネルクロームモール：東京カー用品流通センター,SilkBlaze シルクブレイズ【80系ノア/ヴォクシー】サイドドアパネルクロームモール,SilkBlaze シルクブレイズ【80系ノア/ヴォクシー】サイドドアパネルクロームモール[rn]
24-4136,http://tshop.r10s.jp/tokyocar/cabinet/chrome_meck_parts/imgrc0081702629.jpg?fitin=700:700,11024.0000,,車用品・バイク用品 > カー用品 > 外装パーツ > その他,SilkBlaze シルクブレイズ【80系ヴォクシーZsグレード】フロントバンパーグリルクロームモール,,"<STYLE type=""text/css""><!--
table.atype{border:1px solid #C0C0C0;}
.atype td{color:#000000;border-bottom:1px dashed #cccccc;}
--></STYLE>
<img src=http://image.rakuten.co.jp/tokyocar/cabinet/shopdesign/iteminfo.gif>
<table class=atype border=""1"" width=""680"" style=""border-collapse: collapse"" bordercolor=""#C0C0C0"" cellspacing=""0"">
  <TR>
    <td rowspan=""1"" bgcolor=""#EEEEEE"" align=""center"" width=""500""><font size=""2"">商品名</font></TD>
    <td rowspan=""1"" bgcolor=""#EEEEEE"" align=""center"" width=""80""><font size=""2"">参考取付<br>
      時間（H）</font></TD>
  </TR>
  <TR>
    <TD><STRONG>SilkBlaze フロントバンパーグリル クロームモール</STRONG></TD>
    <td align=""center"">0.2h</TD>
  </TR>
    <td colspan=""3""><TABLE border=0 cellSpacing=1 cellPadding=6 width=""100%"">
        <TBODY>
<tr>
<TD width=""20%"">■適合車種</TD>
<td>80系ヴォクシー…ZRR80W</td>
</tr>
<tr>
<TD width=""20%"">■グレード</TD>
<td>Zsグレード専用(煌も含む)</td>
</tr>
<tr>
<TD width=""20%"">■適合年式</TD>
<td>H26.01～現行(2014.01～現行)</td>
</tr>
<tr>
<TD width=""20%"">■メッキカラー</TD>
<td> クロームメッキ</td>
</tr>
<tr>
<TD>■材質</TD>
<td>ABS素材<BR>
</td>
</tr>
<tr>
<TD>■セット内容</TD>
<td>本体(両面テープ施工済み)×2 / 取付説明書<BR>
</td>
</tr>
          <TR>
            <TD>■納　　期</TD>
            <TD>注文確定から2～3営業日程度<BR><FONT COLOR=FF0000 size=2>※欠品の場合お時間を頂く場合がございます。</font></TD>
          </TR>
<tr>
            <TD colSpan=2>
■射出成形による細部にまでこだわった車種専用設計!<BR>
■高級感を演出する綺麗でなめらかなの仕上がり。<BR>
■両面テープ施工済み、貼るだけでお手軽にドレスアップが可能です。</tr></tbody>
</table>
</tr></table>
<BR><table width=""810"">
  <tbody>
 <tr>
  <td>


<link rel=""stylesheet"" href=""http://www.rakuten.ne.jp/gold/tokyocar/chaser_banner.css"">


<style type=""text/css"">
#rakutenLimitedId_header{
display:none;
}
</style>

<!-- 受注生産品の納期案内 
<TABLE border=1 cellSpacing=1 borderColor=#ed3424 cellPadding=2 width=760>
<TBODY>
<TR>
<TD bgColor=#ed3424>
<P align=center><STRONG><FONT color=#ffffff 
size=4>受注生産品の納期に関して</FONT></STRONG></P></TD></TR>
<TR>
<TD>
<TT>弊社取扱のあるメーカー受注生産品はメーカー年末年始休業の為、<BR>
通常よりお時間を頂きますのであらかじめご了承下さい。<BR><BR>
<FONT 
color=#ff0000><STRONG>
・エアロパーツ塗装済み →　 年内のご注文はすべて2016/01/05より約6週間～<BR>
・エアロパーツ未塗装　 →　 年内のご注文はすべて2016/01/05より約4週間～<BR>
・受注生産シートカバー →　 年内のご注文はすべて2016/01/05より約2.5ヶ月～<BR><BR>
※その他受注生産品に関しましては2016/01/05から商品ページ記載の製作期間を頂きますのであらかじめご了承下さい。</CENTER></STRONG></FONT><BR><BR>期間中は大変ご不便おかけいたしますが、何卒ご理解とご協力を賜りますようお願い申し上げます。</TT></TD></TR></TBODY></TABLE>
<BR>
-->

<!-- シルバーウィーク休業案内
<CENTER>
<TABLE border=1 cellSpacing=1 borderColor=#ed3424 cellPadding=2 width=900>
<TBODY>
<TR>
<TD bgColor=#ed3424>
<P align=center><STRONG><FONT color=#ffffff 
size=4>ゴールデンウィーク休業のご連絡</FONT></STRONG></P></TD></TR>
<TR>
<TD>
<TT>平素より東京カー用品流通センターをご愛顧いただきまして、誠にありがとうございます。<BR>誠に勝手ながら弊社ゴールデンウィーク期間は下記の通り、業務を休業とさせて頂きますので何卒よろしくお願い申し上げます。<BR><BR>
<FONT 
color=#ff0000><STRONG><CENTER>休業日：2016年05月03日(火)～2016年05月05日(木)</CENTER></STRONG></FONT><BR>
メールでのお問い合わせやご注文は休業期間中も24時間受付中です。<BR>
ご注文の確定連絡や発送業務、メール返答は<FONT 
color=#ff0000><STRONG>2016年05月06(金)</STRONG></FONT>より順次対応させて頂きます。<BR>期間中は大変ご不便おかけいたしますが、何卒ご理解とご協力を賜りますようお願い申し上げます。</TT></TD></TR></TBODY></TABLE>
</CENTER>-->

</div>
<div id=""main_contents""><!--店舗キャンペーンバナー-->



<center>
<div>

<img src=http://image.rakuten.co.jp/tokyocar/cabinet/shopdesign/bunner/imgrc0099055340.jpg alt=""純正交換HIDバーナー"" style=""border-style:none;"" width=""810""><BR>


<img src=""http://image.rakuten.co.jp/tokyocar/cabinet/others/imgrc0102168198.jpg"" alt=""GARAX S.D.iミニコン"" style=""margin: 2px 0px 2px 0px;"" ""border-style:none;"" width=""201""><img src=""http://image.rakuten.co.jp/tokyocar/cabinet/others/imgrc0102168638.jpg"" alt=""GARAX イリュージョンスキャナー"" style=""margin: 2px 0px 2px 2px;"" ""border-style:none;"" width=""201""><img src=""http://image.rakuten.co.jp/tokyocar/cabinet/others/imgrc0102168656.jpg"" alt=""エンブレムシート"" style=""margin: 2px 0px 2px 2px;"" ""border-style:none;"" width=""201""><img src=""http://image.rakuten.co.jp/tokyocar/cabinet/others/imgrc0102168677.jpg"" alt=""ナビバイザー"" style=""margin: 2px 0px 2px 2px;"" ""border-style:none;"" width=""201""><BR>

<img src=http://image.rakuten.co.jp/tokyocar/cabinet/others/imgrc0102167848.jpg alt=""GARAX　LEDコンバージョンキット"" style=""margin: 0px 2px 0px 0px;"" ""border-style:none;"" width=""404"" ><img src=http://image.rakuten.co.jp/tokyocar/cabinet/others/imgrc0102167873.jpg alt=""ウイングミラー ツインモーション"" style=""border-style:none;"" width=""404""><BR>

<img src=http://image.rakuten.co.jp/tokyocar/cabinet/others/imgrc0102167000.jpg alt=""車種専用ドアバイザー"" style=""border-style:none;"" width=""810""vspace=""2""><BR>

<img src=http://image.rakuten.co.jp/tokyocar/cabinet/others/imgrc0102166817.jpg alt=""グリッドタイヤ"" style=""border-style:none;"" width=""810""></div></center>

<style>
div{
    line-height: 0;
}
</style>
</td>
  </tr>
  </tbody>
 </table>",SilkBlaze シルクブレイズ【80系ヴォクシーZsグレード】フロントバンパーグリルクロームモール：東京カー用品流通センター,SilkBlaze シルクブレイズ【80系ヴォクシーZsグレード】フロントバンパーグリルクロームモール,SilkBlaze シルクブレイズ【80系ヴォクシーZsグレード】フロントバンパーグリルクロームモール[rn]
24-4137,http://tshop.r10s.jp/tokyocar/cabinet/chrome_meck_parts/imgrc0081497752.jpg?fitin=700:700,7248.0000,,車用品・バイク用品 > カー用品 > 外装パーツ > その他,SilkBlaze シルクブレイズ【80系ヴォクシー】ヘッドライトクロームカバー[クロームメッキ],,"<STYLE type=""text/css""><!--
table.atype{border:1px solid #C0C0C0;}
.atype td{color:#000000;border-bottom:1px dashed #cccccc;}
--></STYLE>
<img src=http://image.rakuten.co.jp/tokyocar/cabinet/shopdesign/iteminfo.gif>
<table class=atype border=""1"" width=""680"" style=""border-collapse: collapse"" bordercolor=""#C0C0C0"" cellspacing=""0"">
  <TR>
    <td rowspan=""1"" bgcolor=""#EEEEEE"" align=""center"" width=""500""><font size=""2"">商品名</font></TD>
    <td rowspan=""1"" bgcolor=""#EEEEEE"" align=""center"" width=""80""><font size=""2"">参考取付<br>
      時間（H）</font></TD>
  </TR>
  <TR>
    <TD><STRONG>SilkBlaze ヘッドライトクロームカバー 80系ヴォクシー</STRONG></TD>
    <td align=""center"">0.2h</TD>
  </TR>
    <td colspan=""3""><TABLE border=0 cellSpacing=1 cellPadding=6 width=""100%"">
        <TBODY>
<tr>
<TD width=""20%"">■適合車種</TD>
<td>80系ヴォクシー…ZRR80W</td>
</tr>
<tr>
<TD width=""20%"">■適合年式</TD>
<td>H26.01～現行(2014.01～現行)</td>
</tr>
<tr>
<TD width=""20%"">■メッキカラー</TD>
<td> クロームメッキ</td>
</tr>
<tr>
<TD>■材質</TD>
<td>ABS素材<BR>
</td>
</tr>
<tr>
<TD>■セット内容</TD>
<td>本体(両面テープ施工済み)×2 / 取付説明書<BR>
</td>
</tr>
          <TR>
            <TD>■納　　期</TD>
            <TD>注文確定から2～3営業日程度<BR><FONT COLOR=FF0000 size=2>※欠品の場合お時間を頂く場合がございます。</font></TD>
          </TR>
<tr>
            <TD colSpan=2>
■射出成形による細部にまでこだわった車種専用設計!<BR>
■高級感を演出する綺麗でなめらかなの仕上がり。<BR>
■両面テープ施工済み、貼るだけでお手軽にドレスアップが可能です。</tr></tbody>
</table>
</tr></table>
<BR><table width=""810"">
  <tbody>
 <tr>
  <td>


<link rel=""stylesheet"" href=""http://www.rakuten.ne.jp/gold/tokyocar/chaser_banner.css"">


<style type=""text/css"">
#rakutenLimitedId_header{
display:none;
}
</style>

<!-- 受注生産品の納期案内 
<TABLE border=1 cellSpacing=1 borderColor=#ed3424 cellPadding=2 width=760>
<TBODY>
<TR>
<TD bgColor=#ed3424>
<P align=center><STRONG><FONT color=#ffffff 
size=4>受注生産品の納期に関して</FONT></STRONG></P></TD></TR>
<TR>
<TD>
<TT>弊社取扱のあるメーカー受注生産品はメーカー年末年始休業の為、<BR>
通常よりお時間を頂きますのであらかじめご了承下さい。<BR><BR>
<FONT 
color=#ff0000><STRONG>
・エアロパーツ塗装済み →　 年内のご注文はすべて2016/01/05より約6週間～<BR>
・エアロパーツ未塗装　 →　 年内のご注文はすべて2016/01/05より約4週間～<BR>
・受注生産シートカバー →　 年内のご注文はすべて2016/01/05より約2.5ヶ月～<BR><BR>
※その他受注生産品に関しましては2016/01/05から商品ページ記載の製作期間を頂きますのであらかじめご了承下さい。</CENTER></STRONG></FONT><BR><BR>期間中は大変ご不便おかけいたしますが、何卒ご理解とご協力を賜りますようお願い申し上げます。</TT></TD></TR></TBODY></TABLE>
<BR>
-->

<!-- シルバーウィーク休業案内
<CENTER>
<TABLE border=1 cellSpacing=1 borderColor=#ed3424 cellPadding=2 width=900>
<TBODY>
<TR>
<TD bgColor=#ed3424>
<P align=center><STRONG><FONT color=#ffffff 
size=4>ゴールデンウィーク休業のご連絡</FONT></STRONG></P></TD></TR>
<TR>
<TD>
<TT>平素より東京カー用品流通センターをご愛顧いただきまして、誠にありがとうございます。<BR>誠に勝手ながら弊社ゴールデンウィーク期間は下記の通り、業務を休業とさせて頂きますので何卒よろしくお願い申し上げます。<BR><BR>
<FONT 
color=#ff0000><STRONG><CENTER>休業日：2016年05月03日(火)～2016年05月05日(木)</CENTER></STRONG></FONT><BR>
メールでのお問い合わせやご注文は休業期間中も24時間受付中です。<BR>
ご注文の確定連絡や発送業務、メール返答は<FONT 
color=#ff0000><STRONG>2016年05月06(金)</STRONG></FONT>より順次対応させて頂きます。<BR>期間中は大変ご不便おかけいたしますが、何卒ご理解とご協力を賜りますようお願い申し上げます。</TT></TD></TR></TBODY></TABLE>
</CENTER>-->

</div>
<div id=""main_contents""><!--店舗キャンペーンバナー-->



<center>
<div>

<img src=http://image.rakuten.co.jp/tokyocar/cabinet/shopdesign/bunner/imgrc0099055340.jpg alt=""純正交換HIDバーナー"" style=""border-style:none;"" width=""810""><BR>


<img src=""http://image.rakuten.co.jp/tokyocar/cabinet/others/imgrc0102168198.jpg"" alt=""GARAX S.D.iミニコン"" style=""margin: 2px 0px 2px 0px;"" ""border-style:none;"" width=""201""><img src=""http://image.rakuten.co.jp/tokyocar/cabinet/others/imgrc0102168638.jpg"" alt=""GARAX イリュージョンスキャナー"" style=""margin: 2px 0px 2px 2px;"" ""border-style:none;"" width=""201""><img src=""http://image.rakuten.co.jp/tokyocar/cabinet/others/imgrc0102168656.jpg"" alt=""エンブレムシート"" style=""margin: 2px 0px 2px 2px;"" ""border-style:none;"" width=""201""><img src=""http://image.rakuten.co.jp/tokyocar/cabinet/others/imgrc0102168677.jpg"" alt=""ナビバイザー"" style=""margin: 2px 0px 2px 2px;"" ""border-style:none;"" width=""201""><BR>

<img src=http://image.rakuten.co.jp/tokyocar/cabinet/others/imgrc0102167848.jpg alt=""GARAX　LEDコンバージョンキット"" style=""margin: 0px 2px 0px 0px;"" ""border-style:none;"" width=""404"" ><img src=http://image.rakuten.co.jp/tokyocar/cabinet/others/imgrc0102167873.jpg alt=""ウイングミラー ツインモーション"" style=""border-style:none;"" width=""404""><BR>

<img src=http://image.rakuten.co.jp/tokyocar/cabinet/others/imgrc0102167000.jpg alt=""車種専用ドアバイザー"" style=""border-style:none;"" width=""810""vspace=""2""><BR>

<img src=http://image.rakuten.co.jp/tokyocar/cabinet/others/imgrc0102166817.jpg alt=""グリッドタイヤ"" style=""border-style:none;"" width=""810""></div></center>

<style>
div{
    line-height: 0;
}
</style>
</td>
  </tr>
  </tbody>
 </table>",SilkBlaze シルクブレイズ【80系ヴォクシー】ヘッドライトクロームカバー[クロームメッキ]：東京カー用品流通センター,SilkBlaze シルクブレイズ【80系ヴォクシー】ヘッドライトクロームカバー[クロームメッキ],SilkBlaze シルクブレイズ【80系ヴォクシー】ヘッドライトクロームカバー[クロームメッキ][rn]
24-4138,http://tshop.r10s.jp/tokyocar/cabinet/aeroparts/silkblaze/imgrc0098945627.jpg?fitin=700:700,296304.0000,,車用品・バイク用品 > カー用品 > 外装パーツ > その他,SilkBlaze GLANZENシルクブレイズ グレンツェン【80系ヴォクシー Zsグレード】エアロ3P(Fバンパー/Sステップ/Rバンパー)(純正色塗装+ガンメタ塗分塗装)[バックフォグ無し][代引き不可商品],,"<STYLE type=""text/css""><!--
table.atype{border:1px solid #C0C0C0;}
.atype td{color:#000000;border-bottom:1px dashed #cccccc;}
--></STYLE>
<img src=http://image.rakuten.co.jp/tokyocar/cabinet/shopdesign/iteminfo.gif>
<table class=atype border=""1"" width=""680"" style=""border-collapse: collapse"" bordercolor=""#C0C0C0"" cellspacing=""0"">
  <TR>
    <td rowspan=""1"" bgcolor=""#EEEEEE"" align=""center"" width=""500""><font size=""2"">商品名</font></TD>
    <td rowspan=""1"" bgcolor=""#EEEEEE"" align=""center"" width=""80""><font size=""2"">参考取付<br>
      時間（H）</font></TD>
  </TR>
  <TR>
    <TD><STRONG>SilkBlaze 80系ヴォクシー用エアロ3Pセット</STRONG></TD>
    <td align=""center"">1.5h～</TD>
  </TR>
    <td colspan=""3""><TABLE border=0 cellSpacing=1 cellPadding=6 width=""100%"">
        <TBODY>
<tr>
<TD width=""20%"">■適合車種</TD>
<td>80系ヴォクシー…ZRR80W / ZRR85W<BR>※ハイブリッド不可</td>
</tr>
<tr>
<TD width=""20%"">■適合年式</TD>
<td>H26.01～現行(2014.01～現行)</td>
</tr>
<tr>
<TD width=""20%"">■適合グレード</TD>
<td> Zsグレード専用<BR>※ハイブリッド車は車両接近通報装置などの装備が異なる為適合不可となります。</td>
</tr>
<tr>
<TD>■材質</TD>
<td>FRP素材<BR>
</td>
</tr>
<tr>
<TD>■塗装パターン</TD>
<td>純正色+11GY09ガンメタ塗り分け塗装<BR>
</td>
</tr>
<tr>
<TD>■セット内容</TD>
<td>フロントバンパー/サイドステップ/リアバンパー/ビス/ナット/ワッシャー/両面テープ/メッキモール/ゴムチューブ/GLANZENエンブレム/LEDデイライト球/ABSメッシュ/純正リフレクター/取付説明書<BR>
</td>
</tr>
          <TR>
            <TD>■納　　期</TD>
            <TD>メーカー受注生産の為、ご注文確定から約6週間<BR><FONT COLOR=FF0000 size=3>※メーカー生産状況により予定納期より遅れる場合がございますのであらかじめご了承下さい。</font></TD>
          </TR>
<tr>
            <TD colSpan=2>
■精度の高い国内工場で生産。<BR>
■軽くて強度が高いFRP製<BR>
■フロントバンパーはグリル一体型のスピンドル風デザイン<BR>
■フロントバンパーのフォグ部分には片側計5発、計10発のLEDデイライト搭載。<BR>
■純正色同色塗装と11GY09ガンメタの塗り分けで違和感なくかつスポーティさを演出<BR><BR>
【ご注意】<BR>
※全長は純正と比べてフロントバンパー+55mm、リア+35mm長くなりますのでご購入前には必ずご注意下さい。<BR>
※フロントフォグランプが装着されていない車両の場合は別途純正フォグランプユニットが必要です。<BR>
※デイライトの保安基準要件はイグニッション連動で点灯する構造が必要です。<BR>スモール連動は保安基準には適合しませんのでご注意下さい。<BR>
※お取付前には必ずフィッティング調整を行って下さい。<BR>万が一不良があった際にお取付後は補償の対象外となります。<BR>
※商品に不具合があった場合は商品到着後1週間以内にご連絡下さい。<BR>
商品到着後1週間を経過した場合は対応できかねますのでご注意下さい。</tr></tbody>
</table>
</tr></table>
<BR><table width=""810"">
  <tbody>
 <tr>
  <td>


<link rel=""stylesheet"" href=""http://www.rakuten.ne.jp/gold/tokyocar/chaser_banner.css"">


<style type=""text/css"">
#rakutenLimitedId_header{
display:none;
}
</style>

<!-- 受注生産品の納期案内 
<TABLE border=1 cellSpacing=1 borderColor=#ed3424 cellPadding=2 width=760>
<TBODY>
<TR>
<TD bgColor=#ed3424>
<P align=center><STRONG><FONT color=#ffffff 
size=4>受注生産品の納期に関して</FONT></STRONG></P></TD></TR>
<TR>
<TD>
<TT>弊社取扱のあるメーカー受注生産品はメーカー年末年始休業の為、<BR>
通常よりお時間を頂きますのであらかじめご了承下さい。<BR><BR>
<FONT 
color=#ff0000><STRONG>
・エアロパーツ塗装済み →　 年内のご注文はすべて2016/01/05より約6週間～<BR>
・エアロパーツ未塗装　 →　 年内のご注文はすべて2016/01/05より約4週間～<BR>
・受注生産シートカバー →　 年内のご注文はすべて2016/01/05より約2.5ヶ月～<BR><BR>
※その他受注生産品に関しましては2016/01/05から商品ページ記載の製作期間を頂きますのであらかじめご了承下さい。</CENTER></STRONG></FONT><BR><BR>期間中は大変ご不便おかけいたしますが、何卒ご理解とご協力を賜りますようお願い申し上げます。</TT></TD></TR></TBODY></TABLE>
<BR>
-->

<!-- シルバーウィーク休業案内
<CENTER>
<TABLE border=1 cellSpacing=1 borderColor=#ed3424 cellPadding=2 width=900>
<TBODY>
<TR>
<TD bgColor=#ed3424>
<P align=center><STRONG><FONT color=#ffffff 
size=4>ゴールデンウィーク休業のご連絡</FONT></STRONG></P></TD></TR>
<TR>
<TD>
<TT>平素より東京カー用品流通センターをご愛顧いただきまして、誠にありがとうございます。<BR>誠に勝手ながら弊社ゴールデンウィーク期間は下記の通り、業務を休業とさせて頂きますので何卒よろしくお願い申し上げます。<BR><BR>
<FONT 
color=#ff0000><STRONG><CENTER>休業日：2016年05月03日(火)～2016年05月05日(木)</CENTER></STRONG></FONT><BR>
メールでのお問い合わせやご注文は休業期間中も24時間受付中です。<BR>
ご注文の確定連絡や発送業務、メール返答は<FONT 
color=#ff0000><STRONG>2016年05月06(金)</STRONG></FONT>より順次対応させて頂きます。<BR>期間中は大変ご不便おかけいたしますが、何卒ご理解とご協力を賜りますようお願い申し上げます。</TT></TD></TR></TBODY></TABLE>
</CENTER>-->

</div>
<div id=""main_contents""><!--店舗キャンペーンバナー-->



<center>
<div>

<img src=http://image.rakuten.co.jp/tokyocar/cabinet/shopdesign/bunner/imgrc0099055340.jpg alt=""純正交換HIDバーナー"" style=""border-style:none;"" width=""810""><BR>


<img src=""http://image.rakuten.co.jp/tokyocar/cabinet/others/imgrc0102168198.jpg"" alt=""GARAX S.D.iミニコン"" style=""margin: 2px 0px 2px 0px;"" ""border-style:none;"" width=""201""><img src=""http://image.rakuten.co.jp/tokyocar/cabinet/others/imgrc0102168638.jpg"" alt=""GARAX イリュージョンスキャナー"" style=""margin: 2px 0px 2px 2px;"" ""border-style:none;"" width=""201""><img src=""http://image.rakuten.co.jp/tokyocar/cabinet/others/imgrc0102168656.jpg"" alt=""エンブレムシート"" style=""margin: 2px 0px 2px 2px;"" ""border-style:none;"" width=""201""><img src=""http://image.rakuten.co.jp/tokyocar/cabinet/others/imgrc0102168677.jpg"" alt=""ナビバイザー"" style=""margin: 2px 0px 2px 2px;"" ""border-style:none;"" width=""201""><BR>

<img src=http://image.rakuten.co.jp/tokyocar/cabinet/others/imgrc0102167848.jpg alt=""GARAX　LEDコンバージョンキット"" style=""margin: 0px 2px 0px 0px;"" ""border-style:none;"" width=""404"" ><img src=http://image.rakuten.co.jp/tokyocar/cabinet/others/imgrc0102167873.jpg alt=""ウイングミラー ツインモーション"" style=""border-style:none;"" width=""404""><BR>

<img src=http://image.rakuten.co.jp/tokyocar/cabinet/others/imgrc0102167000.jpg alt=""車種専用ドアバイザー"" style=""border-style:none;"" width=""810""vspace=""2""><BR>

<img src=http://image.rakuten.co.jp/tokyocar/cabinet/others/imgrc0102166817.jpg alt=""グリッドタイヤ"" style=""border-style:none;"" width=""810""></div></center>

<style>
div{
    line-height: 0;
}
</style>
</td>
  </tr>
  </tbody>
 </table>",SilkBlaze GLANZENシルクブレイズ グレンツェン【80系ヴォクシー Zsグレード】エアロ3P(Fバンパー/Sステップ/Rバンパー)(純正色塗装+ガンメタ塗分塗装)[バックフォグ無し][代引き不可商品]：東京カー用品流通センター,SilkBlaze GLANZENシルクブレイズ グレンツェン【80系ヴォクシー Zsグレード】エアロ3P(Fバンパー/Sステップ/Rバンパー)(純正色塗装+ガンメタ塗分塗装)[バックフォグ無し][代引き不可商品],SilkBlaze GLANZENシルクブレイズ グレンツェン【80系ヴォクシー Zsグレード】エアロ3P(Fバンパー/Sステップ/Rバンパー)(純正色塗装+ガンメタ塗分塗装)[バックフォグ無し][代引き不可商品][rn]
24-4139,http://tshop.r10s.jp/tokyocar/cabinet/chrome_meck_parts/imgrc0081702956.jpg?fitin=700:700,9472.0000,,車用品・バイク用品 > カー用品 > 外装パーツ > その他,SilkBlaze シルクブレイズ【80系ヴォクシー】テールランプカバー,,"<STYLE type=""text/css""><!--
table.atype{border:1px solid #C0C0C0;}
.atype td{color:#000000;border-bottom:1px dashed #cccccc;}
--></STYLE>
<img src=http://image.rakuten.co.jp/tokyocar/cabinet/shopdesign/iteminfo.gif>
<table class=atype 
border=""1"" width=""680"" style=""border-collapse: collapse"" bordercolor=""#C0C0C0"" cellspacing=""0"">
  <TR>
    <td rowspan=""1"" bgcolor=""#EEEEEE"" align=""center"" width=""500""><font size=""2"">商品名</font></TD>
    <td rowspan=""1"" bgcolor=""#EEEEEE"" align=""center"" width=""80""><font size=""2"">参考取付<br>
      時間（H）</font></TD>
  </TR>
  <TR>
    <TD><STRONG>SilkBlaze テールランプカバー 80系ヴォクシー</STRONG></TD>
    <td align=""center"">0.2h</TD>
  </TR>
    <td colspan=""3""><TABLE border=0 cellSpacing=1 cellPadding=6 width=""100%"">
        <TBODY>
<tr>
<TD width=""20%"">■適合車種</TD>
<td>80系ヴォクシー…ZRR80W</td>
</tr>
<tr>
<TD width=""20%"">■適合年式</TD>
<td>H26.01～現行(2014.01～現行)</td>
</tr>
<tr>
<TD width=""20%"">■メッキカラー</TD>
<td> クロームメッキ</td>
</tr>
<tr>
<TD>■材質</TD>
<td>ABS素材<BR>
</td>
</tr>
<tr>
<TD>■セット内容</TD>
<td>本体(両面テープ施工済み)×2 / 取付説明書<BR>
</td>
</tr>
          <TR>
            <TD>■納　　期</TD>
            <TD>注文確定から2～3営業日程度<BR><FONT COLOR=FF0000 size=2>※欠品の場合お時間を頂く場合がございます。</font></TD>
          </TR>
<tr>
            <TD colSpan=2>
■射出成形による細部にまでこだわった車種専用設計!<BR>
■高級感を演出する綺麗でなめらかなの仕上がり。<BR>
■両面テープ施工済み、貼るだけでお手軽にドレスアップが可能です。</tr></tbody>
</table>
</tr></table><table width=""810"">
  <tbody>
 <tr>
  <td>


<link rel=""stylesheet"" href=""http://www.rakuten.ne.jp/gold/tokyocar/chaser_banner.css"">


<style type=""text/css"">
#rakutenLimitedId_header{
display:none;
}
</style>

<!-- 受注生産品の納期案内 
<TABLE border=1 cellSpacing=1 borderColor=#ed3424 cellPadding=2 width=760>
<TBODY>
<TR>
<TD bgColor=#ed3424>
<P align=center><STRONG><FONT color=#ffffff 
size=4>受注生産品の納期に関して</FONT></STRONG></P></TD></TR>
<TR>
<TD>
<TT>弊社取扱のあるメーカー受注生産品はメーカー年末年始休業の為、<BR>
通常よりお時間を頂きますのであらかじめご了承下さい。<BR><BR>
<FONT 
color=#ff0000><STRONG>
・エアロパーツ塗装済み →　 年内のご注文はすべて2016/01/05より約6週間～<BR>
・エアロパーツ未塗装　 →　 年内のご注文はすべて2016/01/05より約4週間～<BR>
・受注生産シートカバー →　 年内のご注文はすべて2016/01/05より約2.5ヶ月～<BR><BR>
※その他受注生産品に関しましては2016/01/05から商品ページ記載の製作期間を頂きますのであらかじめご了承下さい。</CENTER></STRONG></FONT><BR><BR>期間中は大変ご不便おかけいたしますが、何卒ご理解とご協力を賜りますようお願い申し上げます。</TT></TD></TR></TBODY></TABLE>
<BR>
-->

<!-- シルバーウィーク休業案内
<CENTER>
<TABLE border=1 cellSpacing=1 borderColor=#ed3424 cellPadding=2 width=900>
<TBODY>
<TR>
<TD bgColor=#ed3424>
<P align=center><STRONG><FONT color=#ffffff 
size=4>ゴールデンウィーク休業のご連絡</FONT></STRONG></P></TD></TR>
<TR>
<TD>
<TT>平素より東京カー用品流通センターをご愛顧いただきまして、誠にありがとうございます。<BR>誠に勝手ながら弊社ゴールデンウィーク期間は下記の通り、業務を休業とさせて頂きますので何卒よろしくお願い申し上げます。<BR><BR>
<FONT 
color=#ff0000><STRONG><CENTER>休業日：2016年05月03日(火)～2016年05月05日(木)</CENTER></STRONG></FONT><BR>
メールでのお問い合わせやご注文は休業期間中も24時間受付中です。<BR>
ご注文の確定連絡や発送業務、メール返答は<FONT 
color=#ff0000><STRONG>2016年05月06(金)</STRONG></FONT>より順次対応させて頂きます。<BR>期間中は大変ご不便おかけいたしますが、何卒ご理解とご協力を賜りますようお願い申し上げます。</TT></TD></TR></TBODY></TABLE>
</CENTER>-->

</div>
<div id=""main_contents""><!--店舗キャンペーンバナー-->



<center>
<div>

<img src=http://image.rakuten.co.jp/tokyocar/cabinet/shopdesign/bunner/imgrc0099055340.jpg alt=""純正交換HIDバーナー"" style=""border-style:none;"" width=""810""><BR>


<img src=""http://image.rakuten.co.jp/tokyocar/cabinet/others/imgrc0102168198.jpg"" alt=""GARAX S.D.iミニコン"" style=""margin: 2px 0px 2px 0px;"" ""border-style:none;"" width=""201""><img src=""http://image.rakuten.co.jp/tokyocar/cabinet/others/imgrc0102168638.jpg"" alt=""GARAX イリュージョンスキャナー"" style=""margin: 2px 0px 2px 2px;"" ""border-style:none;"" width=""201""><img src=""http://image.rakuten.co.jp/tokyocar/cabinet/others/imgrc0102168656.jpg"" alt=""エンブレムシート"" style=""margin: 2px 0px 2px 2px;"" ""border-style:none;"" width=""201""><img src=""http://image.rakuten.co.jp/tokyocar/cabinet/others/imgrc0102168677.jpg"" alt=""ナビバイザー"" style=""margin: 2px 0px 2px 2px;"" ""border-style:none;"" width=""201""><BR>

<img src=http://image.rakuten.co.jp/tokyocar/cabinet/others/imgrc0102167848.jpg alt=""GARAX　LEDコンバージョンキット"" style=""margin: 0px 2px 0px 0px;"" ""border-style:none;"" width=""404"" ><img src=http://image.rakuten.co.jp/tokyocar/cabinet/others/imgrc0102167873.jpg alt=""ウイングミラー ツインモーション"" style=""border-style:none;"" width=""404""><BR>

<img src=http://image.rakuten.co.jp/tokyocar/cabinet/others/imgrc0102167000.jpg alt=""車種専用ドアバイザー"" style=""border-style:none;"" width=""810""vspace=""2""><BR>

<img src=http://image.rakuten.co.jp/tokyocar/cabinet/others/imgrc0102166817.jpg alt=""グリッドタイヤ"" style=""border-style:none;"" width=""810""></div></center>

<style>
div{
    line-height: 0;
}
</style>
</td>
  </tr>
  </tbody>
 </table>",SilkBlaze シルクブレイズ【80系ヴォクシー】テールランプカバー：東京カー用品流通センター,SilkBlaze シルクブレイズ【80系ヴォクシー】テールランプカバー,SilkBlaze シルクブレイズ【80系ヴォクシー】テールランプカバー[rn]
24-4140,http://tshop.r10s.jp/tokyocar/cabinet/others/imgrc0101675294.jpg?fitin=700:700,13840.0000,,車用品・バイク用品 > カー用品 > 外装パーツ > その他,SilkBlaze シルクブレイズ【30系ヴェルファイア】テールランプカバー,,"<img src=http://image.rakuten.co.jp/tokyocar/cabinet/shopdesign/iteminfo.gif>
<table border=""1"" width=""680"" style=""border-collapse: collapse"" bordercolor=""#C0C0C0"" cellspacing=""0"">
  
  <TR>
    <td rowspan=""1"" bgcolor=""#EEEEEE"" align=""center"" width=""500""><font size=""2"">商品名</font></TD>
    <td rowspan=""1"" bgcolor=""#EEEEEE"" align=""center"" width=""80""><font size=""2"">参考取付<br>
      時間（H）</font></TD>
  </TR>
  <TR>
    <TD><STRONG>SilkBlaze 30系ヴェルファイア テールランプカバー</STRONG></TD>
    <td align=""center"">0.5h</TD>
  </TR>
    <td colspan=""3""><TABLE border=0 cellSpacing=1 cellPadding=2 width=""100%"">
        <TBODY>
<tr>
<TD width=""20%"">■適合車種</TD>
<td> 30ヴェルファイア…GGH/AGH/AYH3#W</td>
</tr>
<TR>
<TD>■年式</TD>
<TD>H27.01～</TD>
</TR>

<tr>
<TD width=""20%"">■カラー</TD>
<td> レッド/ブラック/スモーク</td>
</tr>

<tr>
<TD>■セット内容</TD>
<td>
・本体<BR>
・両面テープ<BR>
・取付説明書<BR>
</td>
</tr>
          <TR>
            <TD>■納　　期</TD>
            <TD>注文確定から2～3営業日程度<BR><FONT COLOR=FF0000 size=2>※欠品の場合お時間を頂く場合がございます。</font></TD>
          </TR>
<tr>
            <TD colSpan=2><BR>
■両面テープ施工済み。貼るだけでお手軽にドレスアップが可能です。<BR>
</tr></tbody>
</table>
</tr></table><table width=""810"">
  <tbody>
 <tr>
  <td>


<link rel=""stylesheet"" href=""http://www.rakuten.ne.jp/gold/tokyocar/chaser_banner.css"">


<style type=""text/css"">
#rakutenLimitedId_header{
display:none;
}
</style>

<!-- 受注生産品の納期案内 
<TABLE border=1 cellSpacing=1 borderColor=#ed3424 cellPadding=2 width=760>
<TBODY>
<TR>
<TD bgColor=#ed3424>
<P align=center><STRONG><FONT color=#ffffff 
size=4>受注生産品の納期に関して</FONT></STRONG></P></TD></TR>
<TR>
<TD>
<TT>弊社取扱のあるメーカー受注生産品はメーカー年末年始休業の為、<BR>
通常よりお時間を頂きますのであらかじめご了承下さい。<BR><BR>
<FONT 
color=#ff0000><STRONG>
・エアロパーツ塗装済み →　 年内のご注文はすべて2016/01/05より約6週間～<BR>
・エアロパーツ未塗装　 →　 年内のご注文はすべて2016/01/05より約4週間～<BR>
・受注生産シートカバー →　 年内のご注文はすべて2016/01/05より約2.5ヶ月～<BR><BR>
※その他受注生産品に関しましては2016/01/05から商品ページ記載の製作期間を頂きますのであらかじめご了承下さい。</CENTER></STRONG></FONT><BR><BR>期間中は大変ご不便おかけいたしますが、何卒ご理解とご協力を賜りますようお願い申し上げます。</TT></TD></TR></TBODY></TABLE>
<BR>
-->

<!-- シルバーウィーク休業案内
<CENTER>
<TABLE border=1 cellSpacing=1 borderColor=#ed3424 cellPadding=2 width=900>
<TBODY>
<TR>
<TD bgColor=#ed3424>
<P align=center><STRONG><FONT color=#ffffff 
size=4>ゴールデンウィーク休業のご連絡</FONT></STRONG></P></TD></TR>
<TR>
<TD>
<TT>平素より東京カー用品流通センターをご愛顧いただきまして、誠にありがとうございます。<BR>誠に勝手ながら弊社ゴールデンウィーク期間は下記の通り、業務を休業とさせて頂きますので何卒よろしくお願い申し上げます。<BR><BR>
<FONT 
color=#ff0000><STRONG><CENTER>休業日：2016年05月03日(火)～2016年05月05日(木)</CENTER></STRONG></FONT><BR>
メールでのお問い合わせやご注文は休業期間中も24時間受付中です。<BR>
ご注文の確定連絡や発送業務、メール返答は<FONT 
color=#ff0000><STRONG>2016年05月06(金)</STRONG></FONT>より順次対応させて頂きます。<BR>期間中は大変ご不便おかけいたしますが、何卒ご理解とご協力を賜りますようお願い申し上げます。</TT></TD></TR></TBODY></TABLE>
</CENTER>-->

</div>
<div id=""main_contents""><!--店舗キャンペーンバナー-->



<center>
<div>

<img src=http://image.rakuten.co.jp/tokyocar/cabinet/shopdesign/bunner/imgrc0099055340.jpg alt=""純正交換HIDバーナー"" style=""border-style:none;"" width=""810""><BR>


<img src=""http://image.rakuten.co.jp/tokyocar/cabinet/others/imgrc0102168198.jpg"" alt=""GARAX S.D.iミニコン"" style=""margin: 2px 0px 2px 0px;"" ""border-style:none;"" width=""201""><img src=""http://image.rakuten.co.jp/tokyocar/cabinet/others/imgrc0102168638.jpg"" alt=""GARAX イリュージョンスキャナー"" style=""margin: 2px 0px 2px 2px;"" ""border-style:none;"" width=""201""><img src=""http://image.rakuten.co.jp/tokyocar/cabinet/others/imgrc0102168656.jpg"" alt=""エンブレムシート"" style=""margin: 2px 0px 2px 2px;"" ""border-style:none;"" width=""201""><img src=""http://image.rakuten.co.jp/tokyocar/cabinet/others/imgrc0102168677.jpg"" alt=""ナビバイザー"" style=""margin: 2px 0px 2px 2px;"" ""border-style:none;"" width=""201""><BR>

<img src=http://image.rakuten.co.jp/tokyocar/cabinet/others/imgrc0102167848.jpg alt=""GARAX　LEDコンバージョンキット"" style=""margin: 0px 2px 0px 0px;"" ""border-style:none;"" width=""404"" ><img src=http://image.rakuten.co.jp/tokyocar/cabinet/others/imgrc0102167873.jpg alt=""ウイングミラー ツインモーション"" style=""border-style:none;"" width=""404""><BR>

<img src=http://image.rakuten.co.jp/tokyocar/cabinet/others/imgrc0102167000.jpg alt=""車種専用ドアバイザー"" style=""border-style:none;"" width=""810""vspace=""2""><BR>

<img src=http://image.rakuten.co.jp/tokyocar/cabinet/others/imgrc0102166817.jpg alt=""グリッドタイヤ"" style=""border-style:none;"" width=""810""></div></center>

<style>
div{
    line-height: 0;
}
</style>
</td>
  </tr>
  </tbody>
 </table>",SilkBlaze シルクブレイズ【30系ヴェルファイア】テールランプカバー：東京カー用品流通センター,SilkBlaze シルクブレイズ【30系ヴェルファイア】テールランプカバー,SilkBlaze シルクブレイズ【30系ヴェルファイア】テールランプカバー[rn]
24-4141,http://tshop.r10s.jp/tokyocar/cabinet/others/imgrc0101675296.jpg?fitin=700:700,2096.0000,,車用品・バイク用品 > カー用品 > 外装パーツ > その他,SilkBlaze シルクブレイズ【30系アルファード/ヴェルファイア】ハイマウントストップランプカバー,,"<img src=http://image.rakuten.co.jp/tokyocar/cabinet/shopdesign/iteminfo.gif>
<table border=""1"" width=""680"" style=""border-collapse: collapse"" bordercolor=""#C0C0C0"" cellspacing=""0"">
  
  <TR>
    <td rowspan=""1"" bgcolor=""#EEEEEE"" align=""center"" width=""500""><font size=""2"">商品名</font></TD>
    <td rowspan=""1"" bgcolor=""#EEEEEE"" align=""center"" width=""80""><font size=""2"">参考取付<br>
      時間（H）</font></TD>
  </TR>
  <TR>
    <TD><STRONG>SilkBlaze 30アルファード/ヴェルファイア ハイマウントストップランプカバー </STRONG></TD>
    <td align=""center"">0.5h</TD>
  </TR>
    <td colspan=""3""><TABLE border=0 cellSpacing=1 cellPadding=2 width=""100%"">
        <TBODY>
<tr>
<TD width=""20%"">■適合車種</TD>
<td> 30アルファード/ヴェルファイア…GGH/AGH/AYH3#W</td>
</tr>
<TR>
<TD>■年式</TD>
<TD>H27.01～</TD>
</TR>

<tr>
<TD width=""20%"">■カラー</TD>
<td>レッド/ブラック/スモーク</td>
</tr>

<tr>
<TD>■セット内容</TD>
<td>
・本体<BR>
・両面テープ<BR>
・取付説明書<BR>
</td>
</tr>
          <TR>
            <TD>■納　　期</TD>
            <TD>注文確定から2～3営業日程度<BR><FONT COLOR=FF0000 size=2>※欠品の場合お時間を頂く場合がございます。</font></TD>
          </TR>
<tr>
            <TD colSpan=2><BR>
■両面テープ施工済み。貼るだけでお手軽にドレスアップが可能です。<BR>
</tr></tbody>
</table>
</tr></table><table width=""810"">
  <tbody>
 <tr>
  <td>


<link rel=""stylesheet"" href=""http://www.rakuten.ne.jp/gold/tokyocar/chaser_banner.css"">


<style type=""text/css"">
#rakutenLimitedId_header{
display:none;
}
</style>

<!-- 受注生産品の納期案内 
<TABLE border=1 cellSpacing=1 borderColor=#ed3424 cellPadding=2 width=760>
<TBODY>
<TR>
<TD bgColor=#ed3424>
<P align=center><STRONG><FONT color=#ffffff 
size=4>受注生産品の納期に関して</FONT></STRONG></P></TD></TR>
<TR>
<TD>
<TT>弊社取扱のあるメーカー受注生産品はメーカー年末年始休業の為、<BR>
通常よりお時間を頂きますのであらかじめご了承下さい。<BR><BR>
<FONT 
color=#ff0000><STRONG>
・エアロパーツ塗装済み →　 年内のご注文はすべて2016/01/05より約6週間～<BR>
・エアロパーツ未塗装　 →　 年内のご注文はすべて2016/01/05より約4週間～<BR>
・受注生産シートカバー →　 年内のご注文はすべて2016/01/05より約2.5ヶ月～<BR><BR>
※その他受注生産品に関しましては2016/01/05から商品ページ記載の製作期間を頂きますのであらかじめご了承下さい。</CENTER></STRONG></FONT><BR><BR>期間中は大変ご不便おかけいたしますが、何卒ご理解とご協力を賜りますようお願い申し上げます。</TT></TD></TR></TBODY></TABLE>
<BR>
-->

<!-- シルバーウィーク休業案内
<CENTER>
<TABLE border=1 cellSpacing=1 borderColor=#ed3424 cellPadding=2 width=900>
<TBODY>
<TR>
<TD bgColor=#ed3424>
<P align=center><STRONG><FONT color=#ffffff 
size=4>ゴールデンウィーク休業のご連絡</FONT></STRONG></P></TD></TR>
<TR>
<TD>
<TT>平素より東京カー用品流通センターをご愛顧いただきまして、誠にありがとうございます。<BR>誠に勝手ながら弊社ゴールデンウィーク期間は下記の通り、業務を休業とさせて頂きますので何卒よろしくお願い申し上げます。<BR><BR>
<FONT 
color=#ff0000><STRONG><CENTER>休業日：2016年05月03日(火)～2016年05月05日(木)</CENTER></STRONG></FONT><BR>
メールでのお問い合わせやご注文は休業期間中も24時間受付中です。<BR>
ご注文の確定連絡や発送業務、メール返答は<FONT 
color=#ff0000><STRONG>2016年05月06(金)</STRONG></FONT>より順次対応させて頂きます。<BR>期間中は大変ご不便おかけいたしますが、何卒ご理解とご協力を賜りますようお願い申し上げます。</TT></TD></TR></TBODY></TABLE>
</CENTER>-->

</div>
<div id=""main_contents""><!--店舗キャンペーンバナー-->



<center>
<div>

<img src=http://image.rakuten.co.jp/tokyocar/cabinet/shopdesign/bunner/imgrc0099055340.jpg alt=""純正交換HIDバーナー"" style=""border-style:none;"" width=""810""><BR>


<img src=""http://image.rakuten.co.jp/tokyocar/cabinet/others/imgrc0102168198.jpg"" alt=""GARAX S.D.iミニコン"" style=""margin: 2px 0px 2px 0px;"" ""border-style:none;"" width=""201""><img src=""http://image.rakuten.co.jp/tokyocar/cabinet/others/imgrc0102168638.jpg"" alt=""GARAX イリュージョンスキャナー"" style=""margin: 2px 0px 2px 2px;"" ""border-style:none;"" width=""201""><img src=""http://image.rakuten.co.jp/tokyocar/cabinet/others/imgrc0102168656.jpg"" alt=""エンブレムシート"" style=""margin: 2px 0px 2px 2px;"" ""border-style:none;"" width=""201""><img src=""http://image.rakuten.co.jp/tokyocar/cabinet/others/imgrc0102168677.jpg"" alt=""ナビバイザー"" style=""margin: 2px 0px 2px 2px;"" ""border-style:none;"" width=""201""><BR>

<img src=http://image.rakuten.co.jp/tokyocar/cabinet/others/imgrc0102167848.jpg alt=""GARAX　LEDコンバージョンキット"" style=""margin: 0px 2px 0px 0px;"" ""border-style:none;"" width=""404"" ><img src=http://image.rakuten.co.jp/tokyocar/cabinet/others/imgrc0102167873.jpg alt=""ウイングミラー ツインモーション"" style=""border-style:none;"" width=""404""><BR>

<img src=http://image.rakuten.co.jp/tokyocar/cabinet/others/imgrc0102167000.jpg alt=""車種専用ドアバイザー"" style=""border-style:none;"" width=""810""vspace=""2""><BR>

<img src=http://image.rakuten.co.jp/tokyocar/cabinet/others/imgrc0102166817.jpg alt=""グリッドタイヤ"" style=""border-style:none;"" width=""810""></div></center>

<style>
div{
    line-height: 0;
}
</style>
</td>
  </tr>
  </tbody>
 </table>",SilkBlaze シルクブレイズ【30系アルファード/ヴェルファイア】ハイマウントストップランプカバー：東京カー用品流通センター,SilkBlaze シルクブレイズ【30系アルファード/ヴェルファイア】ハイマウントストップランプカバー,SilkBlaze シルクブレイズ【30系アルファード/ヴェルファイア】ハイマウントストップランプカバー[rn]
24-4142,http://tshop.r10s.jp/tokyocar/cabinet/chrome_meck_parts/img59194598.jpg?fitin=700:700,6160.0000,,車用品・バイク用品 > カー用品 > 外装パーツ > その他,SilkBlaze シルクブレイズテールライトカバークロームメッキ【70系ヴォクシー後期】,,"<img src=http://image.rakuten.co.jp/tokyocar/cabinet/shopdesign/iteminfo.gif>
<table border=""1"" width=""680"" style=""border-collapse: collapse"" bordercolor=""#C0C0C0"" cellspacing=""0"">
  
  <TR>
    <td rowspan=""1"" bgcolor=""#EEEEEE"" align=""center"" width=""500""><font size=""2"">商品名</font></TD>
    <td rowspan=""1"" bgcolor=""#EEEEEE"" align=""center"" width=""80""><font size=""2"">参考取付<br>
      時間（H）</font></TD>
  </TR>
  <TR>
    <TD><STRONG>SilkBlaze クロームメッキテールライトカバー ヴォクシー後期 </STRONG></TD>
    <td align=""center"">0.5h</TD>
  </TR>
    <td colspan=""3""><TABLE border=0 cellSpacing=1 cellPadding=2 width=""100%"">
        <TBODY>
<tr>
<TD width=""20%"">■適合車種</TD>
<td> 70系ヴォクシー…ZRR70/75 後期</td>
</tr>

<tr>
<TD width=""20%"">■メッキカラー</TD>
<td> クロームメッキ</td>
</tr>

<tr>
<TD>■セット内容</TD>
<td>
・本体×2(左/右)<BR>
・強力両面テープ(施工済み)<BR>
・取付説明書<BR>
</td>
</tr>
          <TR>
            <TD>■納　　期</TD>
            <TD>注文確定から2～3営業日程度<BR><FONT COLOR=FF0000 size=2>※欠品の場合お時間を頂く場合がございます。</font></TD>
          </TR>
<tr>
            <TD colSpan=2><BR>
■3次元クローム処理を施した高級感のあるデザインで、貼るだけで最大限にクルマの魅力を引き立てます。<BR>
■両面テープ施工済み、貼るだけでお手軽にドレスアップが可能です。<BR>
</tr></tbody>
</table>
</tr></table>
<BR>
<img src=http://image.rakuten.co.jp/tokyocar/cabinet/shopdesign/soldoutinfo.gif><table width=""810"">
  <tbody>
 <tr>
  <td>


<link rel=""stylesheet"" href=""http://www.rakuten.ne.jp/gold/tokyocar/chaser_banner.css"">


<style type=""text/css"">
#rakutenLimitedId_header{
display:none;
}
</style>

<!-- 受注生産品の納期案内 
<TABLE border=1 cellSpacing=1 borderColor=#ed3424 cellPadding=2 width=760>
<TBODY>
<TR>
<TD bgColor=#ed3424>
<P align=center><STRONG><FONT color=#ffffff 
size=4>受注生産品の納期に関して</FONT></STRONG></P></TD></TR>
<TR>
<TD>
<TT>弊社取扱のあるメーカー受注生産品はメーカー年末年始休業の為、<BR>
通常よりお時間を頂きますのであらかじめご了承下さい。<BR><BR>
<FONT 
color=#ff0000><STRONG>
・エアロパーツ塗装済み →　 年内のご注文はすべて2016/01/05より約6週間～<BR>
・エアロパーツ未塗装　 →　 年内のご注文はすべて2016/01/05より約4週間～<BR>
・受注生産シートカバー →　 年内のご注文はすべて2016/01/05より約2.5ヶ月～<BR><BR>
※その他受注生産品に関しましては2016/01/05から商品ページ記載の製作期間を頂きますのであらかじめご了承下さい。</CENTER></STRONG></FONT><BR><BR>期間中は大変ご不便おかけいたしますが、何卒ご理解とご協力を賜りますようお願い申し上げます。</TT></TD></TR></TBODY></TABLE>
<BR>
-->

<!-- シルバーウィーク休業案内
<CENTER>
<TABLE border=1 cellSpacing=1 borderColor=#ed3424 cellPadding=2 width=900>
<TBODY>
<TR>
<TD bgColor=#ed3424>
<P align=center><STRONG><FONT color=#ffffff 
size=4>ゴールデンウィーク休業のご連絡</FONT></STRONG></P></TD></TR>
<TR>
<TD>
<TT>平素より東京カー用品流通センターをご愛顧いただきまして、誠にありがとうございます。<BR>誠に勝手ながら弊社ゴールデンウィーク期間は下記の通り、業務を休業とさせて頂きますので何卒よろしくお願い申し上げます。<BR><BR>
<FONT 
color=#ff0000><STRONG><CENTER>休業日：2016年05月03日(火)～2016年05月05日(木)</CENTER></STRONG></FONT><BR>
メールでのお問い合わせやご注文は休業期間中も24時間受付中です。<BR>
ご注文の確定連絡や発送業務、メール返答は<FONT 
color=#ff0000><STRONG>2016年05月06(金)</STRONG></FONT>より順次対応させて頂きます。<BR>期間中は大変ご不便おかけいたしますが、何卒ご理解とご協力を賜りますようお願い申し上げます。</TT></TD></TR></TBODY></TABLE>
</CENTER>-->

</div>
<div id=""main_contents""><!--店舗キャンペーンバナー-->



<center>
<div>

<img src=http://image.rakuten.co.jp/tokyocar/cabinet/shopdesign/bunner/imgrc0099055340.jpg alt=""純正交換HIDバーナー"" style=""border-style:none;"" width=""810""><BR>


<img src=""http://image.rakuten.co.jp/tokyocar/cabinet/others/imgrc0102168198.jpg"" alt=""GARAX S.D.iミニコン"" style=""margin: 2px 0px 2px 0px;"" ""border-style:none;"" width=""201""><img src=""http://image.rakuten.co.jp/tokyocar/cabinet/others/imgrc0102168638.jpg"" alt=""GARAX イリュージョンスキャナー"" style=""margin: 2px 0px 2px 2px;"" ""border-style:none;"" width=""201""><img src=""http://image.rakuten.co.jp/tokyocar/cabinet/others/imgrc0102168656.jpg"" alt=""エンブレムシート"" style=""margin: 2px 0px 2px 2px;"" ""border-style:none;"" width=""201""><img src=""http://image.rakuten.co.jp/tokyocar/cabinet/others/imgrc0102168677.jpg"" alt=""ナビバイザー"" style=""margin: 2px 0px 2px 2px;"" ""border-style:none;"" width=""201""><BR>

<img src=http://image.rakuten.co.jp/tokyocar/cabinet/others/imgrc0102167848.jpg alt=""GARAX　LEDコンバージョンキット"" style=""margin: 0px 2px 0px 0px;"" ""border-style:none;"" width=""404"" ><img src=http://image.rakuten.co.jp/tokyocar/cabinet/others/imgrc0102167873.jpg alt=""ウイングミラー ツインモーション"" style=""border-style:none;"" width=""404""><BR>

<img src=http://image.rakuten.co.jp/tokyocar/cabinet/others/imgrc0102167000.jpg alt=""車種専用ドアバイザー"" style=""border-style:none;"" width=""810""vspace=""2""><BR>

<img src=http://image.rakuten.co.jp/tokyocar/cabinet/others/imgrc0102166817.jpg alt=""グリッドタイヤ"" style=""border-style:none;"" width=""810""></div></center>

<style>
div{
    line-height: 0;
}
</style>
</td>
  </tr>
  </tbody>
 </table>",SilkBlaze シルクブレイズテールライトカバークロームメッキ【70系ヴォクシー後期】：東京カー用品流通センター,SilkBlaze シルクブレイズテールライトカバークロームメッキ【70系ヴォクシー後期】,SilkBlaze シルクブレイズテールライトカバークロームメッキ【70系ヴォクシー後期】[rn]
24-4143,http://tshop.r10s.jp/tokyocar/cabinet/others/eyeline_film/img59418514.jpg?fitin=700:700,1328.0000,,車用品・バイク用品 > カー用品 > 外装パーツ > その他,SilkBlaze シルクブレイズ【70系ヴォクシー前期】アイラインフィルム,,"<img src=http://image.rakuten.co.jp/tokyocar/cabinet/shopdesign/iteminfo.gif>
<table border=""1"" width=""680"" style=""border-collapse: collapse"" bordercolor=""#C0C0C0"" cellspacing=""0"">
  
  <TR>
    <td rowspan=""1"" bgcolor=""#EEEEEE"" align=""center"" width=""500""><font size=""2"">商品名</font></TD>
    <td rowspan=""1"" bgcolor=""#EEEEEE"" align=""center"" width=""80""><font size=""2"">参考取付<br>
      時間（H）</font></TD>
  </TR>
  <TR>
    <TD><STRONG>SilkBlaze アイラインフィルム</STRONG></TD>
    <td align=""center"">0.5h</TD>
  </TR>
    <td colspan=""3""><TABLE border=0 cellSpacing=1 cellPadding=2 width=""100%"">
        <TBODY>
<tr>
<TD width=""20%"">■適合車種</TD>
<td> 70系ヴォクシー…ZRR 70/75　前期</td>
</tr>

<tr>
<TD width=""20%"">■年式</TD>
<td> H19.06～H22.04</td>
</tr>

<tr>
<TD width=""20%"">■カラー</TD>
<td> クリアオレンジ/クリアブルー</td>
</tr>

<tr>
<TD>■セット内容</TD>
<td>
 本体(L/R) 取付説明書</td>
</tr>
          <TR>
            <TD>■納　　期</TD>
            <TD>メーカー受注生産の為、注文確定から1週間～10日程お時間がかかります。<BR>
<FONT COLOR=FF0000 size=2>※ご注文後のキャンセル・返品はお受け出来ません。</font></TD>
          </TR>
<tr>
            <TD colSpan=2><BR>
■貼るだけでお手軽にドレスアップが可能です。車種専用施工マニュアル付属。<BR>
■3次元曲面へ貼りやすい高品質フィルム使用しています。<BR>
透過フィルムにより、ライティングを妨げません。<BR>
■クリアオレンジ・クリアブルーの２色からお好みによりお選びいただけます。<BR>
<BR>
【ご注意】<BR>
※メーカー受注生産の為、ご注文後のキャンセル・返品はお受け出来ません。ご了承下さい。
</tr></tbody>
</table>
</tr></table><table width=""810"">
  <tbody>
 <tr>
  <td>


<link rel=""stylesheet"" href=""http://www.rakuten.ne.jp/gold/tokyocar/chaser_banner.css"">


<style type=""text/css"">
#rakutenLimitedId_header{
display:none;
}
</style>

<!-- 受注生産品の納期案内 
<TABLE border=1 cellSpacing=1 borderColor=#ed3424 cellPadding=2 width=760>
<TBODY>
<TR>
<TD bgColor=#ed3424>
<P align=center><STRONG><FONT color=#ffffff 
size=4>受注生産品の納期に関して</FONT></STRONG></P></TD></TR>
<TR>
<TD>
<TT>弊社取扱のあるメーカー受注生産品はメーカー年末年始休業の為、<BR>
通常よりお時間を頂きますのであらかじめご了承下さい。<BR><BR>
<FONT 
color=#ff0000><STRONG>
・エアロパーツ塗装済み →　 年内のご注文はすべて2016/01/05より約6週間～<BR>
・エアロパーツ未塗装　 →　 年内のご注文はすべて2016/01/05より約4週間～<BR>
・受注生産シートカバー →　 年内のご注文はすべて2016/01/05より約2.5ヶ月～<BR><BR>
※その他受注生産品に関しましては2016/01/05から商品ページ記載の製作期間を頂きますのであらかじめご了承下さい。</CENTER></STRONG></FONT><BR><BR>期間中は大変ご不便おかけいたしますが、何卒ご理解とご協力を賜りますようお願い申し上げます。</TT></TD></TR></TBODY></TABLE>
<BR>
-->

<!-- シルバーウィーク休業案内
<CENTER>
<TABLE border=1 cellSpacing=1 borderColor=#ed3424 cellPadding=2 width=900>
<TBODY>
<TR>
<TD bgColor=#ed3424>
<P align=center><STRONG><FONT color=#ffffff 
size=4>ゴールデンウィーク休業のご連絡</FONT></STRONG></P></TD></TR>
<TR>
<TD>
<TT>平素より東京カー用品流通センターをご愛顧いただきまして、誠にありがとうございます。<BR>誠に勝手ながら弊社ゴールデンウィーク期間は下記の通り、業務を休業とさせて頂きますので何卒よろしくお願い申し上げます。<BR><BR>
<FONT 
color=#ff0000><STRONG><CENTER>休業日：2016年05月03日(火)～2016年05月05日(木)</CENTER></STRONG></FONT><BR>
メールでのお問い合わせやご注文は休業期間中も24時間受付中です。<BR>
ご注文の確定連絡や発送業務、メール返答は<FONT 
color=#ff0000><STRONG>2016年05月06(金)</STRONG></FONT>より順次対応させて頂きます。<BR>期間中は大変ご不便おかけいたしますが、何卒ご理解とご協力を賜りますようお願い申し上げます。</TT></TD></TR></TBODY></TABLE>
</CENTER>-->

</div>
<div id=""main_contents""><!--店舗キャンペーンバナー-->



<center>
<div>

<img src=http://image.rakuten.co.jp/tokyocar/cabinet/shopdesign/bunner/imgrc0099055340.jpg alt=""純正交換HIDバーナー"" style=""border-style:none;"" width=""810""><BR>


<img src=""http://image.rakuten.co.jp/tokyocar/cabinet/others/imgrc0102168198.jpg"" alt=""GARAX S.D.iミニコン"" style=""margin: 2px 0px 2px 0px;"" ""border-style:none;"" width=""201""><img src=""http://image.rakuten.co.jp/tokyocar/cabinet/others/imgrc0102168638.jpg"" alt=""GARAX イリュージョンスキャナー"" style=""margin: 2px 0px 2px 2px;"" ""border-style:none;"" width=""201""><img src=""http://image.rakuten.co.jp/tokyocar/cabinet/others/imgrc0102168656.jpg"" alt=""エンブレムシート"" style=""margin: 2px 0px 2px 2px;"" ""border-style:none;"" width=""201""><img src=""http://image.rakuten.co.jp/tokyocar/cabinet/others/imgrc0102168677.jpg"" alt=""ナビバイザー"" style=""margin: 2px 0px 2px 2px;"" ""border-style:none;"" width=""201""><BR>

<img src=http://image.rakuten.co.jp/tokyocar/cabinet/others/imgrc0102167848.jpg alt=""GARAX　LEDコンバージョンキット"" style=""margin: 0px 2px 0px 0px;"" ""border-style:none;"" width=""404"" ><img src=http://image.rakuten.co.jp/tokyocar/cabinet/others/imgrc0102167873.jpg alt=""ウイングミラー ツインモーション"" style=""border-style:none;"" width=""404""><BR>

<img src=http://image.rakuten.co.jp/tokyocar/cabinet/others/imgrc0102167000.jpg alt=""車種専用ドアバイザー"" style=""border-style:none;"" width=""810""vspace=""2""><BR>

<img src=http://image.rakuten.co.jp/tokyocar/cabinet/others/imgrc0102166817.jpg alt=""グリッドタイヤ"" style=""border-style:none;"" width=""810""></div></center>

<style>
div{
    line-height: 0;
}
</style>
</td>
  </tr>
  </tbody>
 </table>",SilkBlaze シルクブレイズ【70系ヴォクシー前期】アイラインフィルム：東京カー用品流通センター,SilkBlaze シルクブレイズ【70系ヴォクシー前期】アイラインフィルム,SilkBlaze シルクブレイズ【70系ヴォクシー前期】アイラインフィルム[rn]
24-4144,http://tshop.r10s.jp/tokyocar/cabinet/others/eyeline_film/img59418538.jpg?fitin=700:700,1328.0000,,車用品・バイク用品 > カー用品 > 外装パーツ > その他,SilkBlaze シルクブレイズ【70系ノア前期】アイラインフィルムVer.2,,"<img src=http://image.rakuten.co.jp/tokyocar/cabinet/shopdesign/iteminfo.gif>
<table border=""1"" width=""680"" style=""border-collapse: collapse"" bordercolor=""#C0C0C0"" cellspacing=""0"">
  
  <TR>
    <td rowspan=""2"" bgcolor=""#EEEEEE"" align=""center"" width=""500""><font size=""2"">商品名</font></TD>
    <td bgcolor=""#EEEEEE"" align=""center"" width=""100""><font size=""2"">メーカー定価</font></TD>
    <td rowspan=""2"" bgcolor=""#EEEEEE"" align=""center"" width=""80""><font size=""2"">参考取付<br>
      時間（H）</font></TD>
  </TR>
  <TR>
    <td bgcolor=""#EEEEEE"" align=""center""><font size=""2"">税込価格</font></TD>
  </TR>
  <TR>
    <TD><STRONG>SilkBlaze アイラインフィルム Ver.2</STRONG></TD>
    <td align=""center"">1,890円</TD>
    <td align=""center"">0.5h</TD>
  </TR>
    <td colspan=""3""><TABLE border=0 cellSpacing=1 cellPadding=2 width=""100%"">
        <TBODY>
<tr>
<TD width=""20%"">■適合車種</TD>
<td> 70系ノア…ZRR70W(G)/75W(G)</td>
</tr>

<tr>
<TD width=""20%"">■年式</TD>
<td> H19.06～H22.04</td>
</tr>

<tr>
<TD width=""20%"">■カラー</TD>
<td> クリアオレンジ/クリアブルー</td>
</tr>

<tr>
<TD>■セット内容</TD>
<td>
 本体(L/R) 取付説明書</td>
</tr>
          <TR>
            <TD>■納　　期</TD>
            <TD>メーカー受注生産の為、注文確定から1週間～10日程お時間がかかります。<BR>
<FONT COLOR=FF0000 size=2>※ご注文後のキャンセル・返品はお受け出来ません。</font></TD>
          </TR>
<tr>
            <TD colSpan=2><BR>
■貼るだけでお手軽にドレスアップが可能です。車種専用施工マニュアル付属。<BR>
■3次元曲面へ貼りやすい高品質フィルム使用しています。<BR>
透過フィルムにより、ライティングを妨げません。<BR>
■クリアオレンジ・クリアブルーの２色からお好みによりお選びいただけます。<BR>
<BR>
【ご注意】<BR>
※メーカー受注生産の為、ご注文後のキャンセル・返品はお受け出来ません。ご了承下さい。
</tr></tbody>
</table>
</tr></table><table width=""810"">
  <tbody>
 <tr>
  <td>


<link rel=""stylesheet"" href=""http://www.rakuten.ne.jp/gold/tokyocar/chaser_banner.css"">


<style type=""text/css"">
#rakutenLimitedId_header{
display:none;
}
</style>

<!-- 受注生産品の納期案内 
<TABLE border=1 cellSpacing=1 borderColor=#ed3424 cellPadding=2 width=760>
<TBODY>
<TR>
<TD bgColor=#ed3424>
<P align=center><STRONG><FONT color=#ffffff 
size=4>受注生産品の納期に関して</FONT></STRONG></P></TD></TR>
<TR>
<TD>
<TT>弊社取扱のあるメーカー受注生産品はメーカー年末年始休業の為、<BR>
通常よりお時間を頂きますのであらかじめご了承下さい。<BR><BR>
<FONT 
color=#ff0000><STRONG>
・エアロパーツ塗装済み →　 年内のご注文はすべて2016/01/05より約6週間～<BR>
・エアロパーツ未塗装　 →　 年内のご注文はすべて2016/01/05より約4週間～<BR>
・受注生産シートカバー →　 年内のご注文はすべて2016/01/05より約2.5ヶ月～<BR><BR>
※その他受注生産品に関しましては2016/01/05から商品ページ記載の製作期間を頂きますのであらかじめご了承下さい。</CENTER></STRONG></FONT><BR><BR>期間中は大変ご不便おかけいたしますが、何卒ご理解とご協力を賜りますようお願い申し上げます。</TT></TD></TR></TBODY></TABLE>
<BR>
-->

<!-- シルバーウィーク休業案内
<CENTER>
<TABLE border=1 cellSpacing=1 borderColor=#ed3424 cellPadding=2 width=900>
<TBODY>
<TR>
<TD bgColor=#ed3424>
<P align=center><STRONG><FONT color=#ffffff 
size=4>ゴールデンウィーク休業のご連絡</FONT></STRONG></P></TD></TR>
<TR>
<TD>
<TT>平素より東京カー用品流通センターをご愛顧いただきまして、誠にありがとうございます。<BR>誠に勝手ながら弊社ゴールデンウィーク期間は下記の通り、業務を休業とさせて頂きますので何卒よろしくお願い申し上げます。<BR><BR>
<FONT 
color=#ff0000><STRONG><CENTER>休業日：2016年05月03日(火)～2016年05月05日(木)</CENTER></STRONG></FONT><BR>
メールでのお問い合わせやご注文は休業期間中も24時間受付中です。<BR>
ご注文の確定連絡や発送業務、メール返答は<FONT 
color=#ff0000><STRONG>2016年05月06(金)</STRONG></FONT>より順次対応させて頂きます。<BR>期間中は大変ご不便おかけいたしますが、何卒ご理解とご協力を賜りますようお願い申し上げます。</TT></TD></TR></TBODY></TABLE>
</CENTER>-->

</div>
<div id=""main_contents""><!--店舗キャンペーンバナー-->



<center>
<div>

<img src=http://image.rakuten.co.jp/tokyocar/cabinet/shopdesign/bunner/imgrc0099055340.jpg alt=""純正交換HIDバーナー"" style=""border-style:none;"" width=""810""><BR>


<img src=""http://image.rakuten.co.jp/tokyocar/cabinet/others/imgrc0102168198.jpg"" alt=""GARAX S.D.iミニコン"" style=""margin: 2px 0px 2px 0px;"" ""border-style:none;"" width=""201""><img src=""http://image.rakuten.co.jp/tokyocar/cabinet/others/imgrc0102168638.jpg"" alt=""GARAX イリュージョンスキャナー"" style=""margin: 2px 0px 2px 2px;"" ""border-style:none;"" width=""201""><img src=""http://image.rakuten.co.jp/tokyocar/cabinet/others/imgrc0102168656.jpg"" alt=""エンブレムシート"" style=""margin: 2px 0px 2px 2px;"" ""border-style:none;"" width=""201""><img src=""http://image.rakuten.co.jp/tokyocar/cabinet/others/imgrc0102168677.jpg"" alt=""ナビバイザー"" style=""margin: 2px 0px 2px 2px;"" ""border-style:none;"" width=""201""><BR>

<img src=http://image.rakuten.co.jp/tokyocar/cabinet/others/imgrc0102167848.jpg alt=""GARAX　LEDコンバージョンキット"" style=""margin: 0px 2px 0px 0px;"" ""border-style:none;"" width=""404"" ><img src=http://image.rakuten.co.jp/tokyocar/cabinet/others/imgrc0102167873.jpg alt=""ウイングミラー ツインモーション"" style=""border-style:none;"" width=""404""><BR>

<img src=http://image.rakuten.co.jp/tokyocar/cabinet/others/imgrc0102167000.jpg alt=""車種専用ドアバイザー"" style=""border-style:none;"" width=""810""vspace=""2""><BR>

<img src=http://image.rakuten.co.jp/tokyocar/cabinet/others/imgrc0102166817.jpg alt=""グリッドタイヤ"" style=""border-style:none;"" width=""810""></div></center>

<style>
div{
    line-height: 0;
}
</style>
</td>
  </tr>
  </tbody>
 </table>",SilkBlaze シルクブレイズ【70系ノア前期】アイラインフィルムVer.2：東京カー用品流通センター,SilkBlaze シルクブレイズ【70系ノア前期】アイラインフィルムVer.2,SilkBlaze シルクブレイズ【70系ノア前期】アイラインフィルムVer.2[rn]
24-4145,http://tshop.r10s.jp/tokyocar/cabinet/chrome_meck_parts/imgrc0070354955.jpg?fitin=700:700,8872.0000,,車用品・バイク用品 > カー用品 > 外装パーツ > その他,SilkBlaze シルクブレイズ【30系プリウス/40系プリウスα】インナードアハンドルクロームトリム(フロント/リアセット),,"<STYLE type=""text/css""><!--
table.atype{border:1px solid #C0C0C0;}
.atype td{color:#000000;border-bottom:1px dashed #cccccc;}
--></STYLE>
<img src=http://image.rakuten.co.jp/tokyocar/cabinet/shopdesign/iteminfo.gif>
<table class=atype border=""1"" width=""680"" style=""border-collapse: collapse"" bordercolor=""#C0C0C0"" cellspacing=""0"">
  
  <TR>
    <td rowspan=""1"" bgcolor=""#EEEEEE"" align=""center"" width=""500""><font size=""2"">商品名</font></TD>
    <td rowspan=""1"" bgcolor=""#EEEEEE"" align=""center"" width=""80""><font size=""2"">参考取付<br>
      時間（H）</font></TD>
  </TR>
  <TR>
    <TD><STRONG>SilkBlaze インナードアハンドルクロームトリム</STRONG></TD>
    <td align=""center"">1.0h～</TD>
  </TR>
    <td colspan=""3""><TABLE border=0 cellSpacing=1 cellPadding=6 width=""100%"">
        <TBODY>
<tr>
<TD width=""20%"">■適合車種</TD>
<td> ・30系プリウス…ZVW30 (H21.05～H27.11)<BR>
・40系プリウスα…ZVW40/41(H23.05～H26.11)</td>
</tr>

<tr>
<TD width=""20%"">■カラー</TD>
<td> クロームメッキ</td>
</tr>

<tr>
<TD>■セット内容</TD>
<td> ・ドアハンドル×4 (フロント/リア各左右1セット)<BR>
・取付説明書</td>
</tr>
          <TR>
            <TD>■納　　期</TD>
            <TD>注文確定から2～3営業日程度<BR><FONT COLOR=FF0000 size=2>※欠品の場合お時間を頂く場合がございます。</font></TD>
          </TR>
<tr>
            <TD colSpan=2>
■インテリアに映えるクロームのドアハンドルで高級感を演出。<BR>
■車種専用設計により抜群のフィッティングを実現。<BR><BR>
【ご注意】<BR>
※取付の際は必ず純正のゴムストッパーを使用して下さい。<BR>
※取付後は必ず取付状態及び動作の確認を行って下さい。<BR>
※車種専用の為他車種への転用はできません。<BR>
※不良に関しての対応はお取付前に限ります。<BR>
※製品の不良や取付方の不備等による車両側の破損・故障等は保証の対象外となります。</tr></tbody>
</table>
</tr></table>
<BR>
<img src=http://image.rakuten.co.jp/tokyocar/cabinet/shopdesign/soldoutinfo.gif><table width=""810"">
  <tbody>
 <tr>
  <td>


<link rel=""stylesheet"" href=""http://www.rakuten.ne.jp/gold/tokyocar/chaser_banner.css"">


<style type=""text/css"">
#rakutenLimitedId_header{
display:none;
}
</style>

<!-- 受注生産品の納期案内 
<TABLE border=1 cellSpacing=1 borderColor=#ed3424 cellPadding=2 width=760>
<TBODY>
<TR>
<TD bgColor=#ed3424>
<P align=center><STRONG><FONT color=#ffffff 
size=4>受注生産品の納期に関して</FONT></STRONG></P></TD></TR>
<TR>
<TD>
<TT>弊社取扱のあるメーカー受注生産品はメーカー年末年始休業の為、<BR>
通常よりお時間を頂きますのであらかじめご了承下さい。<BR><BR>
<FONT 
color=#ff0000><STRONG>
・エアロパーツ塗装済み →　 年内のご注文はすべて2016/01/05より約6週間～<BR>
・エアロパーツ未塗装　 →　 年内のご注文はすべて2016/01/05より約4週間～<BR>
・受注生産シートカバー →　 年内のご注文はすべて2016/01/05より約2.5ヶ月～<BR><BR>
※その他受注生産品に関しましては2016/01/05から商品ページ記載の製作期間を頂きますのであらかじめご了承下さい。</CENTER></STRONG></FONT><BR><BR>期間中は大変ご不便おかけいたしますが、何卒ご理解とご協力を賜りますようお願い申し上げます。</TT></TD></TR></TBODY></TABLE>
<BR>
-->

<!-- シルバーウィーク休業案内
<CENTER>
<TABLE border=1 cellSpacing=1 borderColor=#ed3424 cellPadding=2 width=900>
<TBODY>
<TR>
<TD bgColor=#ed3424>
<P align=center><STRONG><FONT color=#ffffff 
size=4>ゴールデンウィーク休業のご連絡</FONT></STRONG></P></TD></TR>
<TR>
<TD>
<TT>平素より東京カー用品流通センターをご愛顧いただきまして、誠にありがとうございます。<BR>誠に勝手ながら弊社ゴールデンウィーク期間は下記の通り、業務を休業とさせて頂きますので何卒よろしくお願い申し上げます。<BR><BR>
<FONT 
color=#ff0000><STRONG><CENTER>休業日：2016年05月03日(火)～2016年05月05日(木)</CENTER></STRONG></FONT><BR>
メールでのお問い合わせやご注文は休業期間中も24時間受付中です。<BR>
ご注文の確定連絡や発送業務、メール返答は<FONT 
color=#ff0000><STRONG>2016年05月06(金)</STRONG></FONT>より順次対応させて頂きます。<BR>期間中は大変ご不便おかけいたしますが、何卒ご理解とご協力を賜りますようお願い申し上げます。</TT></TD></TR></TBODY></TABLE>
</CENTER>-->

</div>
<div id=""main_contents""><!--店舗キャンペーンバナー-->



<center>
<div>

<img src=http://image.rakuten.co.jp/tokyocar/cabinet/shopdesign/bunner/imgrc0099055340.jpg alt=""純正交換HIDバーナー"" style=""border-style:none;"" width=""810""><BR>


<img src=""http://image.rakuten.co.jp/tokyocar/cabinet/others/imgrc0102168198.jpg"" alt=""GARAX S.D.iミニコン"" style=""margin: 2px 0px 2px 0px;"" ""border-style:none;"" width=""201""><img src=""http://image.rakuten.co.jp/tokyocar/cabinet/others/imgrc0102168638.jpg"" alt=""GARAX イリュージョンスキャナー"" style=""margin: 2px 0px 2px 2px;"" ""border-style:none;"" width=""201""><img src=""http://image.rakuten.co.jp/tokyocar/cabinet/others/imgrc0102168656.jpg"" alt=""エンブレムシート"" style=""margin: 2px 0px 2px 2px;"" ""border-style:none;"" width=""201""><img src=""http://image.rakuten.co.jp/tokyocar/cabinet/others/imgrc0102168677.jpg"" alt=""ナビバイザー"" style=""margin: 2px 0px 2px 2px;"" ""border-style:none;"" width=""201""><BR>

<img src=http://image.rakuten.co.jp/tokyocar/cabinet/others/imgrc0102167848.jpg alt=""GARAX　LEDコンバージョンキット"" style=""margin: 0px 2px 0px 0px;"" ""border-style:none;"" width=""404"" ><img src=http://image.rakuten.co.jp/tokyocar/cabinet/others/imgrc0102167873.jpg alt=""ウイングミラー ツインモーション"" style=""border-style:none;"" width=""404""><BR>

<img src=http://image.rakuten.co.jp/tokyocar/cabinet/others/imgrc0102167000.jpg alt=""車種専用ドアバイザー"" style=""border-style:none;"" width=""810""vspace=""2""><BR>

<img src=http://image.rakuten.co.jp/tokyocar/cabinet/others/imgrc0102166817.jpg alt=""グリッドタイヤ"" style=""border-style:none;"" width=""810""></div></center>

<style>
div{
    line-height: 0;
}
</style>
</td>
  </tr>
  </tbody>
 </table>",SilkBlaze シルクブレイズ【30系プリウス/40系プリウスα】インナードアハンドルクロームトリム(フロント/リアセット)：東京カー用品流通センター,SilkBlaze シルクブレイズ【30系プリウス/40系プリウスα】インナードアハンドルクロームトリム(フロント/リアセット),SilkBlaze シルクブレイズ【30系プリウス/40系プリウスα】インナードアハンドルクロームトリム(フロント/リアセット)[rn]
24-4146,http://tshop.r10s.jp/tokyocar/cabinet/others/eyeline_film/img59767476.jpg?fitin=700:700,1328.0000,,車用品・バイク用品 > カー用品 > 外装パーツ > その他,SilkBlaze シルクブレイズ【40系プリウスα(アルファ)前期】アイラインフィルム Ver.2,,"<img src=http://image.rakuten.co.jp/tokyocar/cabinet/shopdesign/iteminfo.gif>
<table border=""1"" width=""680"" style=""border-collapse: collapse"" bordercolor=""#C0C0C0"" cellspacing=""0"">
  
  <TR>
    <td rowspan=""2"" bgcolor=""#EEEEEE"" align=""center"" width=""500""><font size=""2"">商品名</font></TD>
    <td bgcolor=""#EEEEEE"" align=""center"" width=""100""><font size=""2"">メーカー定価</font></TD>
    <td rowspan=""2"" bgcolor=""#EEEEEE"" align=""center"" width=""80""><font size=""2"">参考取付<br>
      時間（H）</font></TD>
  </TR>
  <TR>
    <td bgcolor=""#EEEEEE"" align=""center""><font size=""2"">税込価格</font></TD>
  </TR>
  <TR>
    <TD><STRONG>SilkBlaze アイラインフィルム Ver.2</STRONG></TD>
    <td align=""center"">1,890円</TD>
    <td align=""center"">0.5h</TD>
  </TR>
    <td colspan=""3""><TABLE border=0 cellSpacing=1 cellPadding=2 width=""100%"">
        <TBODY>
<tr>
<TD width=""20%"">■適合車種</TD>
<td> 40系プリウスα…ZVW40</td>
</tr>

<tr>
<TD width=""20%"">■年式</TD>
<td> H23.05～H26.11(前期)</td>
</tr>

<tr>
<TD width=""20%"">■カラー</TD>
<td> クリアオレンジ/クリアブルー</td>
</tr>

<tr>
<TD>■セット内容</TD>
<td>
 本体(L/R) 取付説明書</td>
</tr>
          <TR>
            <TD>■納　　期</TD>
            <TD>メーカー受注生産の為、注文確定から1週間～10日程お時間がかかります。<BR>
<FONT COLOR=FF0000 size=2>※ご注文後のキャンセル・返品はお受け出来ません。</font></TD>
          </TR>
<tr>
            <TD colSpan=2><BR>
■貼るだけでお手軽にドレスアップが可能です。車種専用施工マニュアル付属。<BR>
■3次元曲面へ貼りやすい高品質フィルム使用しています。<BR>
透過フィルムにより、ライティングを妨げません。<BR>
■クリアオレンジ・クリアブルーの２色からお好みによりお選びいただけます。<BR>
<BR>
【ご注意】<BR>
※メーカー受注生産の為、ご注文後のキャンセル・返品はお受け出来ません。ご了承下さい。
</tr></tbody>
</table>
</tr></table><table width=""810"">
  <tbody>
 <tr>
  <td>


<link rel=""stylesheet"" href=""http://www.rakuten.ne.jp/gold/tokyocar/chaser_banner.css"">


<style type=""text/css"">
#rakutenLimitedId_header{
display:none;
}
</style>

<!-- 受注生産品の納期案内 
<TABLE border=1 cellSpacing=1 borderColor=#ed3424 cellPadding=2 width=760>
<TBODY>
<TR>
<TD bgColor=#ed3424>
<P align=center><STRONG><FONT color=#ffffff 
size=4>受注生産品の納期に関して</FONT></STRONG></P></TD></TR>
<TR>
<TD>
<TT>弊社取扱のあるメーカー受注生産品はメーカー年末年始休業の為、<BR>
通常よりお時間を頂きますのであらかじめご了承下さい。<BR><BR>
<FONT 
color=#ff0000><STRONG>
・エアロパーツ塗装済み →　 年内のご注文はすべて2016/01/05より約6週間～<BR>
・エアロパーツ未塗装　 →　 年内のご注文はすべて2016/01/05より約4週間～<BR>
・受注生産シートカバー →　 年内のご注文はすべて2016/01/05より約2.5ヶ月～<BR><BR>
※その他受注生産品に関しましては2016/01/05から商品ページ記載の製作期間を頂きますのであらかじめご了承下さい。</CENTER></STRONG></FONT><BR><BR>期間中は大変ご不便おかけいたしますが、何卒ご理解とご協力を賜りますようお願い申し上げます。</TT></TD></TR></TBODY></TABLE>
<BR>
-->

<!-- シルバーウィーク休業案内
<CENTER>
<TABLE border=1 cellSpacing=1 borderColor=#ed3424 cellPadding=2 width=900>
<TBODY>
<TR>
<TD bgColor=#ed3424>
<P align=center><STRONG><FONT color=#ffffff 
size=4>ゴールデンウィーク休業のご連絡</FONT></STRONG></P></TD></TR>
<TR>
<TD>
<TT>平素より東京カー用品流通センターをご愛顧いただきまして、誠にありがとうございます。<BR>誠に勝手ながら弊社ゴールデンウィーク期間は下記の通り、業務を休業とさせて頂きますので何卒よろしくお願い申し上げます。<BR><BR>
<FONT 
color=#ff0000><STRONG><CENTER>休業日：2016年05月03日(火)～2016年05月05日(木)</CENTER></STRONG></FONT><BR>
メールでのお問い合わせやご注文は休業期間中も24時間受付中です。<BR>
ご注文の確定連絡や発送業務、メール返答は<FONT 
color=#ff0000><STRONG>2016年05月06(金)</STRONG></FONT>より順次対応させて頂きます。<BR>期間中は大変ご不便おかけいたしますが、何卒ご理解とご協力を賜りますようお願い申し上げます。</TT></TD></TR></TBODY></TABLE>
</CENTER>-->

</div>
<div id=""main_contents""><!--店舗キャンペーンバナー-->



<center>
<div>

<img src=http://image.rakuten.co.jp/tokyocar/cabinet/shopdesign/bunner/imgrc0099055340.jpg alt=""純正交換HIDバーナー"" style=""border-style:none;"" width=""810""><BR>


<img src=""http://image.rakuten.co.jp/tokyocar/cabinet/others/imgrc0102168198.jpg"" alt=""GARAX S.D.iミニコン"" style=""margin: 2px 0px 2px 0px;"" ""border-style:none;"" width=""201""><img src=""http://image.rakuten.co.jp/tokyocar/cabinet/others/imgrc0102168638.jpg"" alt=""GARAX イリュージョンスキャナー"" style=""margin: 2px 0px 2px 2px;"" ""border-style:none;"" width=""201""><img src=""http://image.rakuten.co.jp/tokyocar/cabinet/others/imgrc0102168656.jpg"" alt=""エンブレムシート"" style=""margin: 2px 0px 2px 2px;"" ""border-style:none;"" width=""201""><img src=""http://image.rakuten.co.jp/tokyocar/cabinet/others/imgrc0102168677.jpg"" alt=""ナビバイザー"" style=""margin: 2px 0px 2px 2px;"" ""border-style:none;"" width=""201""><BR>

<img src=http://image.rakuten.co.jp/tokyocar/cabinet/others/imgrc0102167848.jpg alt=""GARAX　LEDコンバージョンキット"" style=""margin: 0px 2px 0px 0px;"" ""border-style:none;"" width=""404"" ><img src=http://image.rakuten.co.jp/tokyocar/cabinet/others/imgrc0102167873.jpg alt=""ウイングミラー ツインモーション"" style=""border-style:none;"" width=""404""><BR>

<img src=http://image.rakuten.co.jp/tokyocar/cabinet/others/imgrc0102167000.jpg alt=""車種専用ドアバイザー"" style=""border-style:none;"" width=""810""vspace=""2""><BR>

<img src=http://image.rakuten.co.jp/tokyocar/cabinet/others/imgrc0102166817.jpg alt=""グリッドタイヤ"" style=""border-style:none;"" width=""810""></div></center>

<style>
div{
    line-height: 0;
}
</style>
</td>
  </tr>
  </tbody>
 </table>",SilkBlaze シルクブレイズ【40系プリウスα(アルファ)前期】アイラインフィルム Ver.2：東京カー用品流通センター,SilkBlaze シルクブレイズ【40系プリウスα(アルファ)前期】アイラインフィルム Ver.2,SilkBlaze シルクブレイズ【40系プリウスα(アルファ)前期】アイラインフィルム Ver.2[rn]
24-4147,http://tshop.r10s.jp/tokyocar/cabinet/chrome_meck_parts/imgrc0075814411.jpg?fitin=700:700,1328.0000,,車用品・バイク用品 > カー用品 > 外装パーツ > その他,SilkBlaze シルクブレイズクロームモール (4.5m)[クロームメッキタイプ],,"<STYLE type=""text/css""><!--
table.atype{border:1px solid #C0C0C0;}
.atype td{color:#000000;border-bottom:1px dashed #cccccc;}
--></STYLE>
<img src=http://image.rakuten.co.jp/tokyocar/cabinet/shopdesign/iteminfo.gif>
<table class=atype border=""1"" width=""680"" style=""border-collapse: collapse"" bordercolor=""#C0C0C0"" cellspacing=""0"">
  <TR>
    <td rowspan=""1"" bgcolor=""#EEEEEE"" align=""center"" width=""500""><font size=""2"">商品名</font></TD>
    <td rowspan=""1"" bgcolor=""#EEEEEE"" align=""center"" width=""80""><font size=""2"">参考取付<br>
      時間（H）</font></TD>
  </TR>
  <TR>
    <TD><STRONG>SilkBlaze クロームモール</STRONG></TD>
    <td align=""center"">0.5h</TD>
  </TR>
    <td colspan=""3""><TABLE border=0 cellSpacing=1 cellPadding=6 width=""100%"">
        <TBODY>
<tr>
<TD width=""20%"">■適合車種</TD>
<td> 汎用</td>
</tr>
<tr>
<TD width=""20%"">■カラー</TD>
<td> クロームメッキ</td>
</tr>
<tr>
<TD>■セット内容</TD>
<td>
・本体×1 (4.5m) ※両面テープ施工済み</td>
</tr>
          <TR>
            <TD>■納　　期</TD>
            <TD>注文確定から2～3営業日程度<BR><FONT COLOR=FF0000 size=2>※欠品の場合お時間を頂く場合がございます。</font></TD>
          </TR>
<tr>
            <TD colSpan=2>
■汎用高品質クロームモール。<BR>
■幅6mm×長さ4.5m×厚み3mm。<BR>
■光の反射が波打たない半円の形状。<BR>
■3M製両面テープ施工済みで簡単に取付が可能。<BR>
■自由な長さにカット出来るので、多種多様に使用できます。</tr></tbody>
</table>
</tr></table><table width=""810"">
  <tbody>
 <tr>
  <td>


<link rel=""stylesheet"" href=""http://www.rakuten.ne.jp/gold/tokyocar/chaser_banner.css"">


<style type=""text/css"">
#rakutenLimitedId_header{
display:none;
}
</style>

<!-- 受注生産品の納期案内 
<TABLE border=1 cellSpacing=1 borderColor=#ed3424 cellPadding=2 width=760>
<TBODY>
<TR>
<TD bgColor=#ed3424>
<P align=center><STRONG><FONT color=#ffffff 
size=4>受注生産品の納期に関して</FONT></STRONG></P></TD></TR>
<TR>
<TD>
<TT>弊社取扱のあるメーカー受注生産品はメーカー年末年始休業の為、<BR>
通常よりお時間を頂きますのであらかじめご了承下さい。<BR><BR>
<FONT 
color=#ff0000><STRONG>
・エアロパーツ塗装済み →　 年内のご注文はすべて2016/01/05より約6週間～<BR>
・エアロパーツ未塗装　 →　 年内のご注文はすべて2016/01/05より約4週間～<BR>
・受注生産シートカバー →　 年内のご注文はすべて2016/01/05より約2.5ヶ月～<BR><BR>
※その他受注生産品に関しましては2016/01/05から商品ページ記載の製作期間を頂きますのであらかじめご了承下さい。</CENTER></STRONG></FONT><BR><BR>期間中は大変ご不便おかけいたしますが、何卒ご理解とご協力を賜りますようお願い申し上げます。</TT></TD></TR></TBODY></TABLE>
<BR>
-->

<!-- シルバーウィーク休業案内
<CENTER>
<TABLE border=1 cellSpacing=1 borderColor=#ed3424 cellPadding=2 width=900>
<TBODY>
<TR>
<TD bgColor=#ed3424>
<P align=center><STRONG><FONT color=#ffffff 
size=4>ゴールデンウィーク休業のご連絡</FONT></STRONG></P></TD></TR>
<TR>
<TD>
<TT>平素より東京カー用品流通センターをご愛顧いただきまして、誠にありがとうございます。<BR>誠に勝手ながら弊社ゴールデンウィーク期間は下記の通り、業務を休業とさせて頂きますので何卒よろしくお願い申し上げます。<BR><BR>
<FONT 
color=#ff0000><STRONG><CENTER>休業日：2016年05月03日(火)～2016年05月05日(木)</CENTER></STRONG></FONT><BR>
メールでのお問い合わせやご注文は休業期間中も24時間受付中です。<BR>
ご注文の確定連絡や発送業務、メール返答は<FONT 
color=#ff0000><STRONG>2016年05月06(金)</STRONG></FONT>より順次対応させて頂きます。<BR>期間中は大変ご不便おかけいたしますが、何卒ご理解とご協力を賜りますようお願い申し上げます。</TT></TD></TR></TBODY></TABLE>
</CENTER>-->

</div>
<div id=""main_contents""><!--店舗キャンペーンバナー-->



<center>
<div>

<img src=http://image.rakuten.co.jp/tokyocar/cabinet/shopdesign/bunner/imgrc0099055340.jpg alt=""純正交換HIDバーナー"" style=""border-style:none;"" width=""810""><BR>


<img src=""http://image.rakuten.co.jp/tokyocar/cabinet/others/imgrc0102168198.jpg"" alt=""GARAX S.D.iミニコン"" style=""margin: 2px 0px 2px 0px;"" ""border-style:none;"" width=""201""><img src=""http://image.rakuten.co.jp/tokyocar/cabinet/others/imgrc0102168638.jpg"" alt=""GARAX イリュージョンスキャナー"" style=""margin: 2px 0px 2px 2px;"" ""border-style:none;"" width=""201""><img src=""http://image.rakuten.co.jp/tokyocar/cabinet/others/imgrc0102168656.jpg"" alt=""エンブレムシート"" style=""margin: 2px 0px 2px 2px;"" ""border-style:none;"" width=""201""><img src=""http://image.rakuten.co.jp/tokyocar/cabinet/others/imgrc0102168677.jpg"" alt=""ナビバイザー"" style=""margin: 2px 0px 2px 2px;"" ""border-style:none;"" width=""201""><BR>

<img src=http://image.rakuten.co.jp/tokyocar/cabinet/others/imgrc0102167848.jpg alt=""GARAX　LEDコンバージョンキット"" style=""margin: 0px 2px 0px 0px;"" ""border-style:none;"" width=""404"" ><img src=http://image.rakuten.co.jp/tokyocar/cabinet/others/imgrc0102167873.jpg alt=""ウイングミラー ツインモーション"" style=""border-style:none;"" width=""404""><BR>

<img src=http://image.rakuten.co.jp/tokyocar/cabinet/others/imgrc0102167000.jpg alt=""車種専用ドアバイザー"" style=""border-style:none;"" width=""810""vspace=""2""><BR>

<img src=http://image.rakuten.co.jp/tokyocar/cabinet/others/imgrc0102166817.jpg alt=""グリッドタイヤ"" style=""border-style:none;"" width=""810""></div></center>

<style>
div{
    line-height: 0;
}
</style>
</td>
  </tr>
  </tbody>
 </table>",SilkBlaze シルクブレイズクロームモール (4.5m)[クロームメッキタイプ]：東京カー用品流通センター,SilkBlaze シルクブレイズクロームモール (4.5m)[クロームメッキタイプ],SilkBlaze シルクブレイズクロームモール (4.5m)[クロームメッキタイプ][rn]
24-4148,http://tshop.r10s.jp/autofilecharge/cabinet/02692498/imgrc0071132201.jpg?fitin=700:700,10672.0000,,車用品・バイク用品 > カー用品 > 外装パーツ > その他,緊急入荷[2][スマートフォントレイおまけ][本土のみ送料無料] 60系ハリアー ウイングミラー [ ツインモーション ] シルクブレイズ,「通常点滅」と「フロー点滅」を選択可能!!,"<style>
#syouhinWaku1{width:630px; background-color:#D80A2A; margin-top:10px;}
#syouhinTxt{font-size:12px; line-height:30px; width:600px; padding:5px;}
</style>


<div id=""syouhinWaku1"">
<img src=""http://image.rakuten.co.jp/autofilecharge/cabinet/shouhin01/al_sd_03.jpg"" >
<div id=""syouhinTxt"">

<TABLE WIDTH=620 BORDER=1 CELLPADDING=2 CELLSPACING=0>

  <TR>
    <TD BGCOLOR=#f0f0f0>商品名</TD>
    <TD BGCOLOR=#FFFFFF>
<b><font size=2 color=#C81818>≪内部の配線変更で「通常」と「フロー」2種類から選択が可能！≫</font><br>
<font size=2>シルクブレイズ/SilkBlaze　ウィングミラー　ツインモーション</font></b>
</TD>
  </TR>
  <TR>
    <TD BGCOLOR=#f0f0f0>プレゼント</TD>
    <TD BGCOLOR=#FFFFFF>
<br>

<center><b><font size=3 color=green>
シルクブレイズ　スマートフォントレイ　レッドロゴ<br>
プレゼント！！</font></b>

<br><br>
<font size=2><b><font color=#C81818>スマートフォントレイ</font>⇒</b><B>こちらで販売中</B><BR></B>
</font></center>
</TD>
  </TR>
  <TR>
    <TD BGCOLOR=#f0f0f0>適合</TD>
    <TD BGCOLOR=#FFFFFF><font size=2>
・ハリアー…ZSU 6#W　（H25.12～）<br>
・ハリアー ハイブリッド…AVU 6#W　（H25.12～）<br>
<br>
<font color=#C81818>※寒冷地仕様車にも適合<br>
※純正でヒーターのない車両では、製品のヒーター機能は使用はできません。</font></font>

</TD>
  </TR>

 <TR>
    <TD BGCOLOR=#f0f0f0>LED数</TD>
    <TD BGCOLOR=#FFFFFF><font size=2>片側36個 合計72個　<br>
※ウィンカーに連動し鏡面内部のＬＥＤが点灯します</font></TD>
  </TR>

 <TR>
    <TD BGCOLOR=#f0f0f0>LEDカラー</TD>
    <TD BGCOLOR=#FFFFFF><font size=2>アンバー</font></TD>
  </TR>

  <TR>
    <TD BGCOLOR=#f0f0f0>セット内容</TD>
    <TD BGCOLOR=#FFFFFF>
<font size=2>本体×2(L/R) <br>
エレクトロタップ×4 <br>
結束バンド×2<br>
ヒートシュリンクチューブ×2<br>
取扱説明書
</font>
</TD>
  </TR>


  <tr>
    <td bgcolor=""#f0f0f0"">製品仕様</td>
    <td bgcolor=""#FFFFFF"">
<font size=""2"">
<font color=#C81818><b>【ツインモーション 「通常点滅」or「フロー点滅」設定可能】</font></b><br>
・ミラー右部分に羽のような形状のLEDを一定の時間で点灯させる「通常点滅」と、流れるように点灯する「フロー点滅」2つのモードを搭載。配線の取り回しを変えることで任意に設定可能。抜群の明るさで安全性もUP<br>
<font color=#C81818><b>【ブルーミラーレンズを採用】</font></b><br>
・目に優しく視認性の高いR700のブルーミラーレンズの採用で昼夜を問わず最良の視界を確保。
後方車両の眩しさを軽減する事もできます。<br>
<font color=#C81818><b>【ミラーヒーター装備】</font></b><br>
・寒冷地仕様車など、ヒーター内蔵タイプのミラーでも純正のヒーター機能を損なう事なく交換が可能です。（純正でヒーターのない車両では、製品のヒーター機能は使用はできません。）<br>
<font color=#C81818><b>【シルクブレイズロゴ入り】</font></b><br>
レンズ下部には高品質の証であるシルクブレイズロゴ入り。<br>
<font color=#C81818><b>【ハウジング一体式ミラー 車種専用設計】</font></b><br>
・純正ミラーに合わせた車種専用設計。ハウジング一体式ミラーで抜群のフィット感と耐久性を実現。純正ミラーと交換するだけでOK！<br>
<font color=#C81818><b>【広角ミラー採用で安全性アップ】</font></b><br>
・広角ミラー採用で視認性の範囲は格段にアップ。視認性の向上と安全性を高めます。

</font></td>
  </tr>

<tr>
    <td bgcolor=""#f0f0f0"">他アイテム</td>
    <td bgcolor=""#FFFFFF"">
<font size=2><b><font color=#C81818>60系ハリアー他タイプあります</font><br>
⇒</b><B>こちらをクリック</B><BR></B>
</font>

<font size=2><b><font color=#C81818>ウィングミラー(他車種/他タイプ)あります</font><br>
⇒</b><B>こちらをクリック</B><BR></B>
</font>

<font size=2><b><font color=#C81818>スマートフォントレイ</font><br>
⇒</b><B>こちらをクリック</B><BR></B>
</font>
</td>
  </tr>

  <tr>
    <td bgcolor=""#f0f0f0"">点灯イメージ</td>
    <td bgcolor=""#FFFFFF""><font size=2><b>※点灯イメージは「シルクブレイズ」HPにてご確認下さい。</font></b><br>
</td>
  </tr>

  <TR>
    <TD BGCOLOR=#f0f0f0>定価</TD>
    <TD BGCOLOR=#FFFFFF><font size=2>ウィングミラー：本体13,800円+税<br>
スマートフォントレイ：本体1,500円+税</font></TD>
  </TR>
  <TR>
    <TD BGCOLOR=#f0f0f0>メーカー</TD>
    <TD BGCOLOR=#FFFFFF><font size=2>
シルクブレイズ/SilkBlaze<br>
(株式会社 ケースペック/K'SPEC/KSPEC)</font><BR>

</TD>
  </TR>
  <TR>
    <TD WIDTH=35% BGCOLOR=#f0f0f0>送料</TD>
    <TD WIDTH=65% BGCOLOR=#FFFFFF><font size=2>
<b><font color=#C81818>送料無料 (本土のみ)</font></b><br>
２２０円（北海道）<br>
７６０円（沖縄・離島）　</font>

</TD>
  </TR> 


  <TR>
    <TD WIDTH=35% BGCOLOR=#f0f0f0>ご注意</TD>
    <TD WIDTH=65% BGCOLOR=#FFFFFF>
<font size=2 color=#C81818>
●商品開封後、取付作業前に必ずミラーの破損・割れが無いか確認して下さい。取付作業中、作業後の返品はお受けできませんので予めご了承ください。不具合を発見した場合は、商品到着後7日以内（初期不良期間内）にご連絡下さい。<br>
●純正ドアミラーウインカー装着車で後付含む補助方向指示器が無い事、かつ純正ウィンカーと連動して点灯する場合のみ補助方向指示器として保安基準適合となりますが、最終的には検査員の個別判断によります。事前に検査を受けられる場所に御確認ください。
</font>
</TD>
  </TR> 

  </TR>
</TABLE>
</div>
</div>

<img src=""http://image.rakuten.co.jp/autofilecharge/cabinet/shouhin01/al_sd_04.gif"" alt=""オートファイル"" ><br>
<font size=2 color=FFFFFF>誕生日 記念日 父の日 母の日 プレゼント 男性 女性 父 母 お祝い 記念品 贈り物 ギフト 両親 喜ばれる 人気 人気ランキング クリスマス クリスマスプレゼント バレンタインデー バレンタイン 便利グッズ 車 車用品 カー用品 カーパーツ パーツ 高品質 自分へのごほうび アイデア商品 かっこいい カッコいい ウィングミラー ドアミラー ブルーレンズ iPhone アイフォン アンドロイド Android 車載ホルダー スマートフォンスタンド スマホスタンド ケイタイホルダー 携帯電話ホルダー 携帯ホルダー スマートフォンホルダー 小物収納 キー置き場 キー置場 小物置場 小物置き場 マット パッド すべり止め
</font><img SRC=https://image.rakuten.co.jp/autofilecharge/cabinet/other/imgrc0071288017.jpg WIDTH=680 BORDER=0>

<br>
<br>


<img SRC=http://image.rakuten.co.jp/autofilecharge/cabinet/other/imgrc0070488504.jpg  WIDTH=680 BORDER=0>

<br><br>


<img SRC=http://image.rakuten.co.jp/autofilecharge/cabinet/other/imgrc0070305280.jpg width=""680"" BORDER=0>

<br><br>





<table BORDER=0>

<img SRC=http://image.rakuten.co.jp/autofilecharge/cabinet/04919705/imgrc0068551503.jpg WIDTH=680 BORDER=0>
</table>

<br>











<table BORDER=0 ALIGN=left>
<tr>

<td>

<img SRC=http://image.rakuten.co.jp/autofilecharge/cabinet/04919705/imgrc0070732999.jpg WIDTH=337 BORDER=0>
</td>

<td>

<img SRC=http://image.rakuten.co.jp/autofilecharge/cabinet/04919705/imgrc0070780636.jpg WIDTH=337 BORDER=0>
</td>

</tr>
</table>

<br>













<table BORDER=0>

<img SRC=http://image.rakuten.co.jp/autofilecharge/cabinet/other/img62767231.jpg WIDTH=680 BORDER=0>

</table>
<br>


<img SRC=http://image.rakuten.co.jp/autofilecharge/cabinet/other/imgrc0070674803.jpg  WIDTH=680 BORDER=0>

<br><br>



<img SRC=http://image.rakuten.co.jp/autofilecharge/cabinet/other/imgrc0070440128.jpg  WIDTH=680 BORDER=0>",緊急入荷[2][スマートフォントレイおまけ][本土のみ送料無料] 60系ハリアー ウイングミラー [ ツインモーション ] シルクブレイズ：オートファイルオンライン,緊急入荷[2][スマートフォントレイおまけ][本土のみ送料無料] 60系ハリアー ウイングミラー [ ツインモーション ] シルクブレイズ,「通常点滅」と「フロー点滅」を選択可能!!。緊急入荷[2][スマートフォントレイおまけ][本土のみ送料無料] 60系ハリアー ウイングミラー [ ツインモーション ] シルクブレイズ[rn]
24-4149,http://tshop.r10s.jp/autofilecharge/cabinet/02692498/imgrc0071132266.jpg?fitin=700:700,10672.0000,,車用品・バイク用品 > カー用品 > 外装パーツ > その他,緊急入荷[2][スマートフォントレイおまけ][本土のみ送料無料] 80系ノア/ヴォクシー/エスクァイア ウイングミラー [ ツインモーション ] シルクブレイズ,「通常点滅」と「フロー点滅」を選択可能!!,"<style>
#syouhinWaku1{width:630px; background-color:#D80A2A; margin-top:10px;}
#syouhinTxt{font-size:12px; line-height:30px; width:600px; padding:5px;}
</style>


<div id=""syouhinWaku1"">
<img src=""http://image.rakuten.co.jp/autofilecharge/cabinet/shouhin01/al_sd_03.jpg"" >
<div id=""syouhinTxt"">

<TABLE WIDTH=620 BORDER=1 CELLPADDING=2 CELLSPACING=0>

  <TR>
    <TD BGCOLOR=#f0f0f0>商品名</TD>
    <TD BGCOLOR=#FFFFFF>
<b><font size=2 color=#C81818>≪内部の配線変更で「通常」と「フロー」2種類から選択が可能！≫</font><br>
<font size=2>シルクブレイズ/SilkBlaze　ウィングミラー　ツインモーション</font></b>
</TD>
  </TR>
  <TR>
    <TD BGCOLOR=#f0f0f0>プレゼント</TD>
    <TD BGCOLOR=#FFFFFF>
<br>

<center><b><font size=3 color=green>
シルクブレイズ　スマートフォントレイ　レッドロゴ<br>
プレゼント！！</font></b>

<br><br>
<font size=2><b><font color=#C81818>スマートフォントレイ</font>⇒</b><B>こちらで販売中</B><BR></B>
</font></center>
</TD>
  </TR>
  <TR>
    <TD BGCOLOR=#f0f0f0>適合</TD>
    <TD BGCOLOR=#FFFFFF><font size=2>
・ノア/ヴォクシー…ZRR 8#G/8#W　（H26.01～）<br>
・ノア/ヴォクシー ハイブリッド…ZWR 8#G/8#W　（H26.01～）<br>
・エスクァイア…ZRR 8#G/W　（H26.10～）<br>
・エスクァイア ハイブリッド…ZWR 8#G/W　（H26.10～）<br>
<br>
<font color=#C81818>※寒冷地仕様車にも適合<br>
※純正でヒーターのない車両では、製品のヒーター機能は使用はできません。</font></font>

</TD>
  </TR>

 <TR>
    <TD BGCOLOR=#f0f0f0>LED数</TD>
    <TD BGCOLOR=#FFFFFF><font size=2>片側36個 合計72個　<br>
※ウィンカーに連動し鏡面内部のＬＥＤが点灯します</font></TD>
  </TR>

 <TR>
    <TD BGCOLOR=#f0f0f0>LEDカラー</TD>
    <TD BGCOLOR=#FFFFFF><font size=2>アンバー</font></TD>
  </TR>

  <TR>
    <TD BGCOLOR=#f0f0f0>セット内容</TD>
    <TD BGCOLOR=#FFFFFF>
<font size=2>本体×2(L/R) <br>
エレクトロタップ×4 <br>
結束バンド×2<br>
ヒートシュリンクチューブ×2<br>
取扱説明書
</font>
</TD>
  </TR>


  <tr>
    <td bgcolor=""#f0f0f0"">製品仕様</td>
    <td bgcolor=""#FFFFFF"">
<font size=""2"">
<font color=#C81818><b>【ツインモーション 「通常点滅」or「フロー点滅」設定可能】</font></b><br>
・ミラー右部分に羽のような形状のLEDを一定の時間で点灯させる「通常点滅」と、流れるように点灯する「フロー点滅」2つのモードを搭載。配線の取り回しを変えることで任意に設定可能。抜群の明るさで安全性もUP<br>
<font color=#C81818><b>【ブルーミラーレンズを採用】</font></b><br>
・目に優しく視認性の高いR700のブルーミラーレンズの採用で昼夜を問わず最良の視界を確保。
後方車両の眩しさを軽減する事もできます。<br>
<font color=#C81818><b>【ミラーヒーター装備】</font></b><br>
・寒冷地仕様車など、ヒーター内蔵タイプのミラーでも純正のヒーター機能を損なう事なく交換が可能です。（純正でヒーターのない車両では、製品のヒーター機能は使用はできません。）<br>
<font color=#C81818><b>【シルクブレイズロゴ入り】</font></b><br>
レンズ下部には高品質の証であるシルクブレイズロゴ入り。<br>
<font color=#C81818><b>【ハウジング一体式ミラー 車種専用設計】</font></b><br>
・純正ミラーに合わせた車種専用設計。ハウジング一体式ミラーで抜群のフィット感と耐久性を実現。純正ミラーと交換するだけでOK！<br>
<font color=#C81818><b>【広角ミラー採用で安全性アップ】</font></b><br>
・広角ミラー採用で視認性の範囲は格段にアップ。視認性の向上と安全性を高めます。

</font></td>
  </tr>

<tr>
    <td bgcolor=""#f0f0f0"">他アイテム</td>
    <td bgcolor=""#FFFFFF"">
<font size=2><b><font color=#C81818>80系ノア/ヴォクシー/エスクァイア他タイプあります</font><br>
⇒</b><B>こちらをクリック</B><BR></B>
</font>

<font size=2><b><font color=#C81818>ウィングミラー(他車種/他タイプ)あります</font><br>
⇒</b><B>こちらをクリック</B><BR></B>
</font>

<font size=2><b><font color=#C81818>スマートフォントレイ</font><br>
⇒</b><B>こちらをクリック</B><BR></B>
</font>
</td>
  </tr>

  <tr>
    <td bgcolor=""#f0f0f0"">点灯イメージ</td>
    <td bgcolor=""#FFFFFF""><font size=2><b>※点灯イメージは「シルクブレイズ」HPにてご確認下さい。</font></b><br>
</td>
  </tr>

  <TR>
    <TD BGCOLOR=#f0f0f0>定価</TD>
    <TD BGCOLOR=#FFFFFF><font size=2>ウィングミラー：本体13,800円+税<br>
スマートフォントレイ：本体1,500円+税</font></TD>
  </TR>
  <TR>
    <TD BGCOLOR=#f0f0f0>メーカー</TD>
    <TD BGCOLOR=#FFFFFF><font size=2>
シルクブレイズ/SilkBlaze<br>
(株式会社 ケースペック/K'SPEC/KSPEC)</font><BR>

</TD>
  </TR>
  <TR>
    <TD WIDTH=35% BGCOLOR=#f0f0f0>送料</TD>
    <TD WIDTH=65% BGCOLOR=#FFFFFF><font size=2>
<b><font color=#C81818>送料無料 (本土のみ)</font></b><br>
２２０円（北海道）<br>
７６０円（沖縄・離島）　</font>

</TD>
  </TR> 


  <TR>
    <TD WIDTH=35% BGCOLOR=#f0f0f0>ご注意</TD>
    <TD WIDTH=65% BGCOLOR=#FFFFFF>
<font size=2 color=#C81818>
●商品開封後、取付作業前に必ずミラーの破損・割れが無いか確認して下さい。取付作業中、作業後の返品はお受けできませんので予めご了承ください。不具合を発見した場合は、商品到着後7日以内（初期不良期間内）にご連絡下さい。<br>
●純正ドアミラーウインカー装着車で後付含む補助方向指示器が無い事、かつ純正ウィンカーと連動して点灯する場合のみ補助方向指示器として保安基準適合となりますが、最終的には検査員の個別判断によります。事前に検査を受けられる場所に御確認ください。
</font>
</TD>
  </TR> 

  </TR>
</TABLE>
</div>
</div>

<img src=""http://image.rakuten.co.jp/autofilecharge/cabinet/shouhin01/al_sd_04.gif"" alt=""オートファイル"" ><br>
<font size=2 color=FFFFFF>誕生日 記念日 父の日 母の日 プレゼント 男性 女性 父 母 お祝い 記念品 贈り物 ギフト 両親 喜ばれる 人気 人気ランキング クリスマス クリスマスプレゼント バレンタインデー バレンタイン 便利グッズ 車 車用品 カー用品 カーパーツ パーツ 高品質 自分へのごほうび アイデア商品 かっこいい カッコいい ウィングミラー ドアミラー ブルーレンズ iPhone アイフォン アンドロイド Android 車載ホルダー スマートフォンスタンド スマホスタンド ケイタイホルダー 携帯電話ホルダー 携帯ホルダー スマートフォンホルダー 小物収納 キー置き場 キー置場 小物置場 小物置き場 マット パッド すべり止め  80系ノア ヴォクシー 80系ヴォクシー ノア 80系ノア 80系ヴォクシー 80ヴォクシー 80ノア VOXY NOAH</font><img SRC=https://image.rakuten.co.jp/autofilecharge/cabinet/other/imgrc0071288017.jpg WIDTH=680 BORDER=0>

<br>
<br>


<img SRC=http://image.rakuten.co.jp/autofilecharge/cabinet/other/imgrc0070488504.jpg  WIDTH=680 BORDER=0>

<br><br>


<img SRC=http://image.rakuten.co.jp/autofilecharge/cabinet/other/imgrc0070305280.jpg width=""680"" BORDER=0>

<br><br>





<table BORDER=0>

<img SRC=http://image.rakuten.co.jp/autofilecharge/cabinet/04919705/imgrc0068551503.jpg WIDTH=680 BORDER=0>
</table>

<br>











<table BORDER=0 ALIGN=left>
<tr>

<td>

<img SRC=http://image.rakuten.co.jp/autofilecharge/cabinet/04919705/imgrc0070732999.jpg WIDTH=337 BORDER=0>
</td>

<td>

<img SRC=http://image.rakuten.co.jp/autofilecharge/cabinet/04919705/imgrc0070780636.jpg WIDTH=337 BORDER=0>
</td>

</tr>
</table>

<br>













<table BORDER=0>

<img SRC=http://image.rakuten.co.jp/autofilecharge/cabinet/other/img62767231.jpg WIDTH=680 BORDER=0>

</table>
<br>


<img SRC=http://image.rakuten.co.jp/autofilecharge/cabinet/other/imgrc0070674803.jpg  WIDTH=680 BORDER=0>

<br><br>



<img SRC=http://image.rakuten.co.jp/autofilecharge/cabinet/other/imgrc0070440128.jpg  WIDTH=680 BORDER=0>",緊急入荷[2][スマートフォントレイおまけ][本土のみ送料無料] 80系ノア/ヴォクシー/エスクァイア ウイングミラー [ ツインモーション ] シルクブレイズ：オートファイルオンライン,緊急入荷[2][スマートフォントレイおまけ][本土のみ送料無料] 80系ノア/ヴォクシー/エスクァイア ウイングミラー [ ツインモーション ] シルクブレイズ,「通常点滅」と「フロー点滅」を選択可能!!。緊急入荷[2][スマートフォントレイおまけ][本土のみ送料無料] 80系ノア/ヴォクシー/エスクァイア ウイングミラー [ ツインモーション ] シルクブレイズ[rn]
24-4150,http://tshop.r10s.jp/autofilecharge/cabinet/02692498/imgrc0070818369.jpg?fitin=700:700,7632.0000,,車用品・バイク用品 > カー用品 > 外装パーツ > その他,S660 ホンダウイングミラー [ ツインモーション ] シルクブレイズ,「通常点滅」と「フロー点滅」を選択可能!!,"<style>
#syouhinWaku1{width:630px; background-color:#D80A2A; margin-top:10px;}
#syouhinTxt{font-size:12px; line-height:30px; width:600px; padding:5px;}
</style>


<div id=""syouhinWaku1"">
<img src=""http://image.rakuten.co.jp/autofilecharge/cabinet/shouhin01/al_sd_03.jpg"" >
<div id=""syouhinTxt"">

<TABLE WIDTH=620 BORDER=1 CELLPADDING=2 CELLSPACING=0>

  <TR>
    <TD BGCOLOR=#f0f0f0>商品名</TD>
    <TD BGCOLOR=#FFFFFF>
<b><font size=2 color=#C81818>≪内部の配線変更で「通常」と「フロー」2種類から選択が可能！≫</font><br>
<font size=2>シルクブレイズ/SilkBlaze　ウィングミラー　ツインモーション</font></b>
</TD>
  </TR>

  <TR>
    <TD BGCOLOR=#f0f0f0>適合</TD>
    <TD BGCOLOR=#FFFFFF><font size=2>
S660…JW5　（H27.04～）</font></font>

</TD>
  </TR>

 <TR>
    <TD BGCOLOR=#f0f0f0>LED数</TD>
    <TD BGCOLOR=#FFFFFF><font size=2>片側24個 合計48個　<br>
※ウィンカーに連動し鏡面内部のＬＥＤが点灯します</font></TD>
  </TR>

 <TR>
    <TD BGCOLOR=#f0f0f0>LEDカラー</TD>
    <TD BGCOLOR=#FFFFFF><font size=2>アンバー</font></TD>
  </TR>

  <TR>
    <TD BGCOLOR=#f0f0f0>セット内容</TD>
    <TD BGCOLOR=#FFFFFF>
<font size=2>本体×2(L/R) <br>
エレクトロタップ×4 <br>
結束バンド×2<br>
ヒートシュリンクチューブ×2<br>
取扱説明書
</font>
</TD>
  </TR>


  <tr>
    <td bgcolor=""#f0f0f0"">製品仕様</td>
    <td bgcolor=""#FFFFFF"">
<font size=""2"">
<font color=#C81818><b>【ツインモーション 「通常点滅」or「フロー点滅」設定可能】</font></b><br>
・ミラー右部分に羽のような形状のLEDを一定の時間で点灯させる「通常点滅」と、流れるように点灯する「フロー点滅」2つのモードを搭載。配線の取り回しを変えることで任意に設定可能。抜群の明るさで安全性もUP<br>
<font color=#C81818><b>【ブルーミラーレンズを採用】</font></b><br>
・目に優しく視認性の高いR700のブルーミラーレンズの採用で昼夜を問わず最良の視界を確保。
後方車両の眩しさを軽減する事もできます。<br>
<font color=#C81818><b>【シルクブレイズロゴ入り】</font></b><br>
レンズ下部には高品質の証であるシルクブレイズロゴ入り。<br>
<font color=#C81818><b>【ハウジング一体式ミラー 車種専用設計】</font></b><br>
・純正ミラーに合わせた車種専用設計。ハウジング一体式ミラーで抜群のフィット感と耐久性を実現。純正ミラーと交換するだけでOK！<br>
<font color=#C81818><b>【広角ミラー採用で安全性アップ】</font></b><br>
・広角ミラー採用で視認性の範囲は格段にアップ。視認性の向上と安全性を高めます。

</font></td>
  </tr>

<tr>
    <td bgcolor=""#f0f0f0"">他アイテム</td>
    <td bgcolor=""#FFFFFF"">
<font size=2><b><font color=#C81818>S660他アイテムあります</font><br>
⇒</b><B>こちらをクリック</B><BR></B>
</font>

<font size=2><b><font color=#C81818>ウィングミラー(他車種/他タイプ)あります</font><br>
⇒</b><B>こちらをクリック</B><BR></B>
</font></td>
  </tr>

  <tr>
    <td bgcolor=""#f0f0f0"">点灯イメージ</td>
    <td bgcolor=""#FFFFFF""><font size=2><b>※点灯イメージは「シルクブレイズ」HPにてご確認下さい。</font></b><br>
</td>
  </tr>

  <TR>
    <TD BGCOLOR=#f0f0f0>定価</TD>
    <TD BGCOLOR=#FFFFFF><font size=2>本体10,800円+税</font></TD>
  </TR>
  <TR>
    <TD BGCOLOR=#f0f0f0>メーカー</TD>
    <TD BGCOLOR=#FFFFFF><font size=2>
シルクブレイズ/SilkBlaze<br>
(株式会社 ケースペック/K'SPEC/KSPEC)</font><BR>

</TD>
  </TR>
  <TR>
    <TD WIDTH=35% BGCOLOR=#f0f0f0>送料</TD>
    <TD WIDTH=65% BGCOLOR=#FFFFFF><font size=2>
　840円<br>
1050円（北海道）<br>
1500円（沖縄・離島）　</font>

</TD>
  </TR> 


  <TR>
    <TD WIDTH=35% BGCOLOR=#f0f0f0>ご注意</TD>
    <TD WIDTH=65% BGCOLOR=#FFFFFF>
<font size=2 color=#C81818>
●商品開封後、取付作業前に必ずミラーの破損・割れが無いか確認して下さい。取付作業中、作業後の返品はお受けできませんので予めご了承ください。不具合を発見した場合は、商品到着後7日以内（初期不良期間内）にご連絡下さい。<br>
●純正ドアミラーウインカー装着車で後付含む補助方向指示器が無い事、かつ純正ウィンカーと連動して点灯する場合のみ補助方向指示器として保安基準適合となりますが、最終的には検査員の個別判断によります。事前に検査を受けられる場所に御確認ください。
</font>
</TD>
  </TR> 

  </TR>
</TABLE>
</div>
</div>

<img src=""http://image.rakuten.co.jp/autofilecharge/cabinet/shouhin01/al_sd_04.gif"" alt=""オートファイル"" ><br>
<font size=2 color=FFFFFF>誕生日/記念日/父の日/母の日/プレゼント/男性/女性/父/母/お祝い/記念品/贈り物/ギフト/両親/喜ばれる/人気/人気ランキング/クリスマス/クリスマスプレゼント/バレンタインデー/バレンタイン/便利グッズ/車/車用品/カー用品/カーパーツ/パーツ/高品質/自分へのごほうび/アイデア商品/ブルーレンズ/ドアミラー
</font><img SRC=https://image.rakuten.co.jp/autofilecharge/cabinet/other/imgrc0071288017.jpg WIDTH=680 BORDER=0>

<br>
<br>


<img SRC=http://image.rakuten.co.jp/autofilecharge/cabinet/other/imgrc0070488504.jpg  WIDTH=680 BORDER=0>

<br><br>


<img SRC=http://image.rakuten.co.jp/autofilecharge/cabinet/other/imgrc0070305280.jpg width=""680"" BORDER=0>

<br><br>





<table BORDER=0>

<img SRC=http://image.rakuten.co.jp/autofilecharge/cabinet/04919705/imgrc0068551503.jpg WIDTH=680 BORDER=0>
</table>

<br>











<table BORDER=0 ALIGN=left>
<tr>

<td>

<img SRC=http://image.rakuten.co.jp/autofilecharge/cabinet/04919705/imgrc0070732999.jpg WIDTH=337 BORDER=0>
</td>

<td>

<img SRC=http://image.rakuten.co.jp/autofilecharge/cabinet/04919705/imgrc0070780636.jpg WIDTH=337 BORDER=0>
</td>

</tr>
</table>

<br>













<table BORDER=0>

<img SRC=http://image.rakuten.co.jp/autofilecharge/cabinet/other/img62767231.jpg WIDTH=680 BORDER=0>

</table>
<br>


<img SRC=http://image.rakuten.co.jp/autofilecharge/cabinet/other/imgrc0070674803.jpg  WIDTH=680 BORDER=0>

<br><br>



<img SRC=http://image.rakuten.co.jp/autofilecharge/cabinet/other/imgrc0070440128.jpg  WIDTH=680 BORDER=0>",S660 ホンダウイングミラー [ ツインモーション ] シルクブレイズ：オートファイルオンライン,S660 ホンダウイングミラー [ ツインモーション ] シルクブレイズ,「通常点滅」と「フロー点滅」を選択可能!!。S660 ホンダウイングミラー [ ツインモーション ] シルクブレイズ[rn]
24-4151,http://tshop.r10s.jp/autofilecharge/cabinet/02692498/imgrc0071132530.jpg?fitin=700:700,10672.0000,,車用品・バイク用品 > カー用品 > 外装パーツ > その他,[本土のみ送料無料][スマートフォントレイおまけ]ウイングミラー [ ツインモーション ] 20系アルファード/ヴェルファイア70系ノア/ヴォクシー50系エスティマ シルクブレイズ,「通常点滅」と「フロー点滅」を選択可能!!,"<style>
#syouhinWaku1{width:630px; background-color:#D80A2A; margin-top:10px;}
#syouhinTxt{font-size:12px; line-height:30px; width:600px; padding:5px;}
</style>


<div id=""syouhinWaku1"">
<img src=""http://image.rakuten.co.jp/autofilecharge/cabinet/shouhin01/al_sd_03.jpg"" >
<div id=""syouhinTxt"">

<TABLE WIDTH=620 BORDER=1 CELLPADDING=2 CELLSPACING=0>

  <TR>
    <TD BGCOLOR=#f0f0f0>商品名</TD>
    <TD BGCOLOR=#FFFFFF>
<b><font size=2 color=#C81818>≪内部の配線変更で「通常」と「フロー」2種類から選択が可能！≫</font><br>
<font size=2>シルクブレイズ/SilkBlaze　ウィングミラー　ツインモーション</font></b>
</TD>
  </TR>
  <TR>
    <TD BGCOLOR=#f0f0f0>プレゼント</TD>
    <TD BGCOLOR=#FFFFFF>
<br>

<center><b><font size=3 color=green>
シルクブレイズ　スマートフォントレイ　レッドロゴ<br>
プレゼント！！</font></b>

<br><br>
<font size=2><b><font color=#C81818>スマートフォントレイ</font>⇒</b><B>こちらで販売中</B><BR></B>
</font></center>
</TD>
  </TR>
  <TR>
    <TD BGCOLOR=#f0f0f0>適合</TD>
    <TD BGCOLOR=#FFFFFF><font size=2>
・20系アルファード/ヴェルファイア…ANH[GGH]20/25 （H20.05～）<br>
・20系アルファード/ヴェルファイア ハイブリッド…ATH20W （H23.12～）<br>
・70系ノア/ヴォクシー…ZRR70/75（H19.06～）<br>
・50系エスティマ…ACR[GSR]50/55（H18.01～）<br>
・20系エスティマ ハイブリッド…AHR20W（H18.06～）<br>
<br>
<font color=#C81818>※寒冷地仕様車にも適合<br>
※純正でヒーターのない車両では、製品のヒーター機能は使用はできません。</font></font>

</TD>
  </TR>

 <TR>
    <TD BGCOLOR=#f0f0f0>LED数</TD>
    <TD BGCOLOR=#FFFFFF><font size=2>片側36個 合計72個　<br>
※ウィンカーに連動し鏡面内部のＬＥＤが点灯します</font></TD>
  </TR>

 <TR>
    <TD BGCOLOR=#f0f0f0>LEDカラー</TD>
    <TD BGCOLOR=#FFFFFF><font size=2>アンバー</font></TD>
  </TR>

  <TR>
    <TD BGCOLOR=#f0f0f0>セット内容</TD>
    <TD BGCOLOR=#FFFFFF>
<font size=2>本体×2(L/R) <br>
エレクトロタップ×4 <br>
結束バンド×2<br>
ヒートシュリンクチューブ×2<br>
取扱説明書
</font>
</TD>
  </TR>


  <tr>
    <td bgcolor=""#f0f0f0"">製品仕様</td>
    <td bgcolor=""#FFFFFF"">
<font size=""2"">
<font color=#C81818><b>【ツインモーション 「通常点滅」or「フロー点滅」設定可能】</font></b><br>
・ミラー右部分に羽のような形状のLEDを一定の時間で点灯させる「通常点滅」と、流れるように点灯する「フロー点滅」2つのモードを搭載。配線の取り回しを変えることで任意に設定可能。抜群の明るさで安全性もUP<br>
<font color=#C81818><b>【ブルーミラーレンズを採用】</font></b><br>
・目に優しく視認性の高いR700のブルーミラーレンズの採用で昼夜を問わず最良の視界を確保。
後方車両の眩しさを軽減する事もできます。<br>
<font color=#C81818><b>【ミラーヒーター装備】</font></b><br>
・寒冷地仕様車など、ヒーター内蔵タイプのミラーでも純正のヒーター機能を損なう事なく交換が可能です。（純正でヒーターのない車両では、製品のヒーター機能は使用はできません。）<br>
<font color=#C81818><b>【シルクブレイズロゴ入り】</font></b><br>
レンズ下部には高品質の証であるシルクブレイズロゴ入り。<br>
<font color=#C81818><b>【ハウジング一体式ミラー 車種専用設計】</font></b><br>
・純正ミラーに合わせた車種専用設計。ハウジング一体式ミラーで抜群のフィット感と耐久性を実現。純正ミラーと交換するだけでOK！<br>
<font color=#C81818><b>【広角ミラー採用で安全性アップ】</font></b><br>
・広角ミラー採用で視認性の範囲は格段にアップ。視認性の向上と安全性を高めます。

</font></td>
  </tr>

<tr>
    <td bgcolor=""#f0f0f0"">他アイテム</td>
    <td bgcolor=""#FFFFFF"">
<font size=2><b><font color=#C81818>20アルファード/ヴェルファイア他タイプあります</font><br>
⇒</b><B>こちらをクリック</B><BR></B>
</font>

<font size=2><b><font color=#C81818>70ノア/ヴォクシー他タイプあります</font><br>
⇒</b><B>こちらをクリック</B><BR></B>
</font>

<font size=2><b><font color=#C81818>50エスティマ他タイプあります</font><br>
⇒</b><B>こちらをクリック</B><BR></B>
</font>

<font size=2><b><font color=#C81818>ウィングミラー(他車種/他タイプ)あります</font><br>
⇒</b><B>こちらをクリック</B><BR></B>
</font>

<font size=2><b><font color=#C81818>スマートフォントレイ</font><br>
⇒</b><B>こちらをクリック</B><BR></B>
</font>

</td>
  </tr>

  <tr>
    <td bgcolor=""#f0f0f0"">点灯イメージ</td>
    <td bgcolor=""#FFFFFF""><font size=2><b>※点灯イメージは「シルクブレイズ」HPにてご確認下さい。</font></b><br>
</td>
  </tr>

  <TR>
    <TD BGCOLOR=#f0f0f0>定価</TD>
    <TD BGCOLOR=#FFFFFF><font size=2>ウィングミラー：本体13,800円+税<br>
スマートフォントレイ：本体1,500円+税</font></TD>
  </TR>
  <TR>
    <TD BGCOLOR=#f0f0f0>メーカー</TD>
    <TD BGCOLOR=#FFFFFF><font size=2>
シルクブレイズ/SilkBlaze<br>
(株式会社 ケースペック/K'SPEC/KSPEC)</font><BR>

</TD>
  </TR>
  <TR>
    <TD WIDTH=35% BGCOLOR=#f0f0f0>送料</TD>
    <TD WIDTH=65% BGCOLOR=#FFFFFF><font size=2>
<b><font color=#C81818>送料無料 (本土のみ)</font></b><br>
２２０円（北海道）<br>
７６０円（沖縄・離島）　</font>

</TD>
  </TR> 


  <TR>
    <TD WIDTH=35% BGCOLOR=#f0f0f0>ご注意</TD>
    <TD WIDTH=65% BGCOLOR=#FFFFFF>
<font size=2 color=#C81818>
●商品開封後、取付作業前に必ずミラーの破損・割れが無いか確認して下さい。取付作業中、作業後の返品はお受けできませんので予めご了承ください。不具合を発見した場合は、商品到着後7日以内（初期不良期間内）にご連絡下さい。<br>
●純正ドアミラーウインカー装着車で後付含む補助方向指示器が無い事、かつ純正ウィンカーと連動して点灯する場合のみ補助方向指示器として保安基準適合となりますが、最終的には検査員の個別判断によります。事前に検査を受けられる場所に御確認ください。
</font>
</TD>
  </TR> 

  </TR>
</TABLE>
</div>
</div>

<img src=""http://image.rakuten.co.jp/autofilecharge/cabinet/shouhin01/al_sd_04.gif"" alt=""オートファイル"" ><br>
<font size=2 color=FFFFFF>誕生日 記念日 父の日 母の日 プレゼント 男性 女性 父 母 お祝い 記念品 贈り物 ギフト 両親 喜ばれる 人気 人気ランキング クリスマス クリスマスプレゼント バレンタインデー バレンタイン 便利グッズ 車 車用品 カー用品 カーパーツ パーツ 高品質 自分へのごほうび アイデア商品 かっこいい カッコいい ウィングミラー ドアミラー ブルーレンズ iPhone アイフォン アンドロイド Android 車載ホルダー スマートフォンスタンド スマホスタンド ケイタイホルダー 携帯電話ホルダー 携帯ホルダー スマートフォンホルダー 小物収納 キー置き場 キー置場 小物置場 小物置き場 マット パッド すべり止め アルファード20 ヴェルファイア20 20系ヴェルファイア アルファード20系 ヴェルファイア20系 20アルファード 20ヴェルファイア 70系ヴォクシー 70ノア 70ヴォクシー ノア70系 ヴォクシー70系 ノア70 ヴォクシー70 50エスティマ エスティマ50 エスティマ50系 ESTIMA VOXY NOAH
</font><img SRC=https://image.rakuten.co.jp/autofilecharge/cabinet/other/imgrc0071288017.jpg WIDTH=680 BORDER=0>

<br>
<br>


<img SRC=http://image.rakuten.co.jp/autofilecharge/cabinet/other/imgrc0070488504.jpg  WIDTH=680 BORDER=0>

<br><br>


<img SRC=http://image.rakuten.co.jp/autofilecharge/cabinet/other/imgrc0070305280.jpg width=""680"" BORDER=0>

<br><br>





<table BORDER=0>

<img SRC=http://image.rakuten.co.jp/autofilecharge/cabinet/04919705/imgrc0068551503.jpg WIDTH=680 BORDER=0>
</table>

<br>











<table BORDER=0 ALIGN=left>
<tr>

<td>

<img SRC=http://image.rakuten.co.jp/autofilecharge/cabinet/04919705/imgrc0070732999.jpg WIDTH=337 BORDER=0>
</td>

<td>

<img SRC=http://image.rakuten.co.jp/autofilecharge/cabinet/04919705/imgrc0070780636.jpg WIDTH=337 BORDER=0>
</td>

</tr>
</table>

<br>













<table BORDER=0>

<img SRC=http://image.rakuten.co.jp/autofilecharge/cabinet/other/img62767231.jpg WIDTH=680 BORDER=0>

</table>
<br>


<img SRC=http://image.rakuten.co.jp/autofilecharge/cabinet/other/imgrc0070674803.jpg  WIDTH=680 BORDER=0>

<br><br>



<img SRC=http://image.rakuten.co.jp/autofilecharge/cabinet/other/imgrc0070440128.jpg  WIDTH=680 BORDER=0>",[本土のみ送料無料][スマートフォントレイおまけ]ウイングミラー [ ツインモーション ] 20系アルファード/ヴェルファイア70系ノア/ヴォクシー50系エスティマ シルクブレイズ：オートファイルオンライン,[本土のみ送料無料][スマートフォントレイおまけ]ウイングミラー [ ツインモーション ] 20系アルファード/ヴェルファイア70系ノア/ヴォクシー50系エスティマ シルクブレイズ,「通常点滅」と「フロー点滅」を選択可能!!。[本土のみ送料無料][スマートフォントレイおまけ]ウイングミラー [ ツインモーション ] 20系アルファード/ヴェルファイア70系ノア/ヴォクシー50系エスティマ シルクブレイズ[rn]
24-4152,http://tshop.r10s.jp/toptuner/cabinet/product_2134/sbz123318c0002.jpg?fitin=700:700,9255.2000,,車用品・バイク用品 > カー用品 > 外装パーツ > その他,シルクブレイズ ノア ZRR/ZWR80系 ウイングミラー ツインモーション 【長納期商品】,【80/85 ノア noah ミラープレート】,"<style TYPE=""text/css""><!--table.detail-item-info{width:810px;border-collapse:collapse;border-spacing:0;}.detail-item-info th{width:140px;background-color:#F7F7F7;color:#8C8C8C;font-weight:normal;font-size:12px;text-align:left;padding:6px 0 6px 6px;border:1px #ccc dotted;vertical-align:top;}.detail-item-info td{color:#000;font-size:12px;padding:6px 0 6px 6px;border:1px #ccc dotted;}.tosou{font-size:14px;}.tosou a:link{color:#01187E;}.tosou a:visited{color:#01187E;}.tosou a:hover{color:#990100;}.tosou a:active{color:#990100;}  -→</style><br/><br/><table class=""detail-item-info""><tr><th>メーカーコード</th><td>SB-WINGM-37</td></tr><tr><th>備考</th><td>【ウイングミラー ツインモーション】<br/><br/>【ツインモーションとは・・・】<br/>■羽のような形状のLEDを一定の時間で点灯させる点滅モードと同形状が流れるように点灯する2つのモードを搭載しています。<br/>■配線の取り回しを変えることで任意に設定可能とした新機能です。<br/><br/>【後方からの注目度アップ!!】<br/>■ウィンカーに連動しLEDが点灯します。サイドから後方に向けて、ドライバーの意思表示を抜群の明るさで確実にアピール!! 安全性も高まります。<br/><br/>【発光パターン選択可能】<br/>■ウィンカー点灯時にLEDの光が流れるように点滅する「フロー点滅」機能搭載。 「通常点滅」と「フロー点滅」から発光パターンを選択可能です。<br/><br/>【ブルーミラー採用】<br/>■目に優しく視認性の高いブルーミラーの採用で昼夜を問わず最良の視界を確保します。<br/><br/>【ミラーヒーター装備】<br/>■寒冷地仕様車など、ヒーター内蔵タイプのミラーでも純正のヒーター機能を損なう事なく交換が可能です。(純正でヒーターのない車両では、製品のヒーター機能は使用はできません。)<br/><br/>【ハウジング一体式】<br/>■純正ミラーに合わせた車種専用設計。ハウジング一体式ミラーで抜群のフィット感と耐久性を実現。純正ミラーと交換するだけでOK!!<br/><br/>【曲面複合タイプ】<br/>■曲面レンズで広範囲の視界を確保!! 複合ミラー構造で下側への視野が向上します。駐車時に便利!!<br/><br/>【シルクブレイズロゴ入り】<br/>レンズ下部には高品質の証であるシルクブレイズロゴ入り。<br/><br/>■セット内容：本体×2(L/R) / エレクトロタップ×4 / 結束バンド / ヒートシュリンクチューブ / 取扱説明書<br/>■LED数：片側36個 合計72個 (ウインカーに連動し鏡面内部のLEDが点灯します)<br/>■LEDカラー：アンバー<br/><br/><br/>【注意事項】<br/>※こちらの商品は平成29年3月22日現在 納期3-4ヶ月となっております。<br/>※時期により変動する場合がございます。お問い合わせ下さい。<br/><br/>【適合車種】<br/>&nbsp;&nbsp;ノア<br/><br/>【型式】<br/>&nbsp;&nbsp;ZRR/ZWR80系<br/><br/><br/>【付属品】<br/>&nbsp;&nbsp;有り<br/></td></tr><tr><th>車種</th><td>80/85 ノア noah</td></tr><tr><th><hr></th><td><hr></td></tr><tr><th>キーワード</th><td>80 85 ノア noah 80ノア noah、シルクブレイズ SILK BLAZE K-SPEC 爆音皇帝 ZERO-STYLE 、Mirror Lens Plate/ミラープレート、エアロパーツ チューニングパーツ アフターパーツ AERO </td></tr><tr><th><hr></th><td><hr></td></tr></table>",シルクブレイズ ノア ZRR/ZWR80系 ウイングミラー ツインモーション 【長納期商品】：TopTuner 楽天市場店,足回りエアロパーツチューニングマフラー車高調塗装カーボンエアクリーナーAutoStyleエアロバンパースポイラーオートスタイルアフターパーツフロントスポイラーサイドステップディフューザーウイングサスペンションブレーキシルクブレイズ ノア ZRR/ZWR80系 ウイングミラー ツインモーション 【長納期商品】,【80/85 ノア noah ミラープレート】。シルクブレイズ ノア ZRR/ZWR80系 ウイングミラー ツインモーション 【長納期商品】[rn]
24-4153,http://tshop.r10s.jp/toptuner/cabinet/product_1992/sbz126518c0002.jpg?fitin=700:700,9255.2000,,車用品・バイク用品 > カー用品 > 外装パーツ > その他,シルクブレイズ ヴェルファイア 30系 ウイングミラー ツインモーション 【長納期商品】,【30 ヴェルファイア ミラープレート】,"<style TYPE=""text/css""><!--table.detail-item-info{width:810px;border-collapse:collapse;border-spacing:0;}.detail-item-info th{width:140px;background-color:#F7F7F7;color:#8C8C8C;font-weight:normal;font-size:12px;text-align:left;padding:6px 0 6px 6px;border:1px #ccc dotted;vertical-align:top;}.detail-item-info td{color:#000;font-size:12px;padding:6px 0 6px 6px;border:1px #ccc dotted;}.tosou{font-size:14px;}.tosou a:link{color:#01187E;}.tosou a:visited{color:#01187E;}.tosou a:hover{color:#990100;}.tosou a:active{color:#990100;}  -→</style><br/><br/><table class=""detail-item-info""><tr><th>メーカーコード</th><td>SB-WINGM-36</td></tr><tr><th>備考</th><td>【ウイングミラー ツインモーション】<br/><br/>【ツインモーションとは・・・】<br/>■羽のような形状のLEDを一定の時間で点灯させる点滅モードと同形状が流れるように点灯する2つのモードを搭載しています。<br/>■配線の取り回しを変えることで任意に設定可能とした新機能です。<br/><br/>【後方からの注目度アップ!!】<br/>■ウィンカーに連動しLEDが点灯します。サイドから後方に向けて、ドライバーの意思表示を抜群の明るさで確実にアピール!! 安全性も高まります。<br/><br/>【発光パターン選択可能】<br/>■ウィンカー点灯時にLEDの光が流れるように点滅する「フロー点滅」機能搭載。 「通常点滅」と「フロー点滅」から発光パターンを選択可能です。<br/><br/>【ブルーミラー採用】<br/>■目に優しく視認性の高いブルーミラーの採用で昼夜を問わず最良の視界を確保します。<br/><br/>【ミラーヒーター装備】<br/>■寒冷地仕様車など、ヒーター内蔵タイプのミラーでも純正のヒーター機能を損なう事なく交換が可能です。(純正でヒーターのない車両では、製品のヒーター機能は使用はできません。)<br/><br/>【ハウジング一体式】<br/>■純正ミラーに合わせた車種専用設計。ハウジング一体式ミラーで抜群のフィット感と耐久性を実現。純正ミラーと交換するだけでOK!!<br/><br/>【曲面複合タイプ】<br/>■曲面レンズで広範囲の視界を確保!! 複合ミラー構造で下側への視野が向上します。駐車時に便利!!<br/><br/>【シルクブレイズロゴ入り】<br/>レンズ下部には高品質の証であるシルクブレイズロゴ入り。<br/><br/>■セット内容：本体×2(L/R) / エレクトロタップ×4 / 結束バンド / ヒートシュリンクチューブ / 取扱説明書<br/>■LED数：片側36個 合計72個 (ウインカーに連動し鏡面内部のLEDが点灯します)<br/>■LEDカラー：アンバー<br/><br/><br/>【注意事項】<br/>※こちらの商品は2016年11月14日現在、納期が2017年2月中旬予定となっております。<br/><br/>【適合車種】<br/>&nbsp;&nbsp;ヴェルファイア/ヴェルファイアハイブリッド<br/><br/>【型式】<br/>&nbsp;&nbsp;AGH/GGH 30系・AYH30W<br/><br/><br/>【付属品】<br/>&nbsp;&nbsp;有り<br/></td></tr><tr><th>車種</th><td>30 ヴェルファイア</td></tr><tr><th><hr></th><td><hr></td></tr><tr><th>キーワード</th><td>30ヴェルファイア vellfire dba-agh30w dba-agh35w dba-ggh30w dba-ggh35w ベルファイア、シルクブレイズ SILK BLAZE K-SPEC 爆音皇帝 ZERO-STYLE 、Mirror Lens Plate/ミラープレート、エアロパーツ チューニングパーツ アフターパーツ AERO </td></tr><tr><th><hr></th><td><hr></td></tr></table>",シルクブレイズ ヴェルファイア 30系 ウイングミラー ツインモーション 【長納期商品】：TopTuner 楽天市場店,足回りエアロパーツチューニングマフラー車高調塗装カーボンエアクリーナーAutoStyleエアロバンパースポイラーオートスタイルアフターパーツフロントスポイラーサイドステップディフューザーウイングサスペンションブレーキシルクブレイズ ヴェルファイア 30系 ウイングミラー ツインモーション 【長納期商品】,【30 ヴェルファイア ミラープレート】。シルクブレイズ ヴェルファイア 30系 ウイングミラー ツインモーション 【長納期商品】[rn]
24-4154,http://tshop.r10s.jp/autostyle/cabinet/product_3274/sbz123318c0002.jpg?fitin=700:700,8980.0000,,車用品・バイク用品 > カー用品 > 外装パーツ > その他,シルクブレイズ ノア ZRR/ZWR80系 ウイングミラー ツインモーション 【長納期商品】,【80/85 ノア noah ミラープレート】,"<style TYPE=""text/css""><!--table.detail-item-info{width:810px;border-collapse:collapse;border-spacing:0;}.detail-item-info th{width:140px;background-color:#F7F7F7;color:#8C8C8C;font-weight:normal;font-size:12px;text-align:left;padding:6px 0 6px 6px;border:1px #ccc dotted;vertical-align:top;}.detail-item-info td{color:#000;font-size:12px;padding:6px 0 6px 6px;border:1px #ccc dotted;}.tosou{font-size:14px;}.tosou a:link{color:#01187E;}.tosou a:visited{color:#01187E;}.tosou a:hover{color:#990100;}.tosou a:active{color:#990100;}  -→</style><br/><br/><table class=""detail-item-info""><tr><th>メーカーコード</th><td>SB-WINGM-37</td></tr><tr><th>備考</th><td>【ウイングミラー ツインモーション】<br/><br/>【ツインモーションとは・・・】<br/>■羽のような形状のLEDを一定の時間で点灯させる点滅モードと同形状が流れるように点灯する2つのモードを搭載しています。<br/>■配線の取り回しを変えることで任意に設定可能とした新機能です。<br/><br/>【後方からの注目度アップ!!】<br/>■ウィンカーに連動しLEDが点灯します。サイドから後方に向けて、ドライバーの意思表示を抜群の明るさで確実にアピール!! 安全性も高まります。<br/><br/>【発光パターン選択可能】<br/>■ウィンカー点灯時にLEDの光が流れるように点滅する「フロー点滅」機能搭載。 「通常点滅」と「フロー点滅」から発光パターンを選択可能です。<br/><br/>【ブルーミラー採用】<br/>■目に優しく視認性の高いブルーミラーの採用で昼夜を問わず最良の視界を確保します。<br/><br/>【ミラーヒーター装備】<br/>■寒冷地仕様車など、ヒーター内蔵タイプのミラーでも純正のヒーター機能を損なう事なく交換が可能です。(純正でヒーターのない車両では、製品のヒーター機能は使用はできません。)<br/><br/>【ハウジング一体式】<br/>■純正ミラーに合わせた車種専用設計。ハウジング一体式ミラーで抜群のフィット感と耐久性を実現。純正ミラーと交換するだけでOK!!<br/><br/>【曲面複合タイプ】<br/>■曲面レンズで広範囲の視界を確保!! 複合ミラー構造で下側への視野が向上します。駐車時に便利!!<br/><br/>【シルクブレイズロゴ入り】<br/>レンズ下部には高品質の証であるシルクブレイズロゴ入り。<br/><br/>■セット内容：本体×2(L/R) / エレクトロタップ×4 / 結束バンド / ヒートシュリンクチューブ / 取扱説明書<br/>■LED数：片側36個 合計72個 (ウインカーに連動し鏡面内部のLEDが点灯します)<br/>■LEDカラー：アンバー<br/><br/><br/>【注意事項】<br/>※こちらの商品は平成29年3月22日現在 納期3-4ヶ月となっております。<br/>※時期により変動する場合がございます。お問い合わせ下さい。<br/><br/>【適合車種】<br/>&nbsp;&nbsp;ノア<br/><br/>【型式】<br/>&nbsp;&nbsp;ZRR/ZWR80系<br/><br/><br/>【付属品】<br/>&nbsp;&nbsp;有り<br/></td></tr><tr><th>車種</th><td>80/85 ノア noah</td></tr><tr><th><hr></th><td><hr></td></tr><tr><th>キーワード</th><td>80 85 ノア noah 80ノア noah、シルクブレイズ SILK BLAZE K-SPEC 爆音皇帝 ZERO-STYLE 、Mirror Lens Plate/ミラープレート、エアロパーツ チューニングパーツ アフターパーツ AERO </td></tr><tr><th><hr></th><td><hr></td></tr></table><img src=""https://www.rakuten.ne.jp/gold/autostyle/img/weekly_MVP.png"" alt="""">",シルクブレイズ ノア ZRR/ZWR80系 ウイングミラー ツインモーション 【長納期商品】：Autostyle,カタログエアロパーツチューニング車オールペン塗装取り付け持ち込み通販エアロ塗装済みオートスタイルAutoStyleアフターパーツパーツホイールタイヤバンパーサスペンションブレーキシルクブレイズ ノア ZRR/ZWR80系 ウイングミラー ツインモーション 【長納期商品】,【80/85 ノア noah ミラープレート】。シルクブレイズ ノア ZRR/ZWR80系 ウイングミラー ツインモーション 【長納期商品】[rn]
24-4155,http://tshop.r10s.jp/autostyle/cabinet/product_3274/sbz132318c0002.jpg?fitin=700:700,8980.0000,,車用品・バイク用品 > カー用品 > 外装パーツ > その他,シルクブレイズ ハリアー ZSU/AVU60系 ウイングミラー ツインモーション 【長納期商品】,【65W 60W ハリアー HARRIER ミラープレート】,"<style TYPE=""text/css""><!--table.detail-item-info{width:810px;border-collapse:collapse;border-spacing:0;}.detail-item-info th{width:140px;background-color:#F7F7F7;color:#8C8C8C;font-weight:normal;font-size:12px;text-align:left;padding:6px 0 6px 6px;border:1px #ccc dotted;vertical-align:top;}.detail-item-info td{color:#000;font-size:12px;padding:6px 0 6px 6px;border:1px #ccc dotted;}.tosou{font-size:14px;}.tosou a:link{color:#01187E;}.tosou a:visited{color:#01187E;}.tosou a:hover{color:#990100;}.tosou a:active{color:#990100;}  -→</style><br/><br/><table class=""detail-item-info""><tr><th>メーカーコード</th><td>SB-WINGM-38</td></tr><tr><th>備考</th><td>【ウイングミラー ツインモーション】<br/><br/>【ツインモーションとは・・・】<br/>■羽のような形状のLEDを一定の時間で点灯させる点滅モードと同形状が流れるように点灯する2つのモードを搭載しています。<br/>■配線の取り回しを変えることで任意に設定可能とした新機能です。<br/><br/>【後方からの注目度アップ!!】<br/>■ウィンカーに連動しLEDが点灯します。サイドから後方に向けて、ドライバーの意思表示を抜群の明るさで確実にアピール!! 安全性も高まります。<br/><br/>【発光パターン選択可能】<br/>■ウィンカー点灯時にLEDの光が流れるように点滅する「フロー点滅」機能搭載。 「通常点滅」と「フロー点滅」から発光パターンを選択可能です。<br/><br/>【ブルーミラー採用】<br/>■目に優しく視認性の高いブルーミラーの採用で昼夜を問わず最良の視界を確保します。<br/><br/>【ミラーヒーター装備】<br/>■寒冷地仕様車など、ヒーター内蔵タイプのミラーでも純正のヒーター機能を損なう事なく交換が可能です。(純正でヒーターのない車両では、製品のヒーター機能は使用はできません。)<br/><br/>【ハウジング一体式】<br/>■純正ミラーに合わせた車種専用設計。ハウジング一体式ミラーで抜群のフィット感と耐久性を実現。純正ミラーと交換するだけでOK!!<br/><br/>【曲面複合タイプ】<br/>■曲面レンズで広範囲の視界を確保!! 複合ミラー構造で下側への視野が向上します。駐車時に便利!!<br/><br/>【シルクブレイズロゴ入り】<br/>レンズ下部には高品質の証であるシルクブレイズロゴ入り。<br/><br/>■セット内容：本体×2(L/R) / エレクトロタップ×4 / 結束バンド / ヒートシュリンクチューブ / 取扱説明書<br/>■LED数：片側36個 合計72個 (ウインカーに連動し鏡面内部のLEDが点灯します)<br/>■LEDカラー：アンバー<br/><br/><br/>【注意事項】<br/>※こちらの商品は平成29年3月21日現在 納期4ヶ月以上となっております。<br/>※時期により変動する場合がございます。お問い合わせ下さい。<br/><br/><br/>【適合車種】<br/>&nbsp;&nbsp;ハリアー<br/><br/>【型式】<br/>&nbsp;&nbsp;ZSU/AVU60系<br/><br/><br/>【付属品】<br/>&nbsp;&nbsp;有り<br/></td></tr><tr><th>車種</th><td>65W 60W ハリアー HARRIER</td></tr><tr><th><hr></th><td><hr></td></tr><tr><th>キーワード</th><td>65w 60w ハリアー harrier 60ハリアー、シルクブレイズ SILK BLAZE K-SPEC 爆音皇帝 ZERO-STYLE 、Mirror Lens Plate/ミラープレート、エアロパーツ チューニングパーツ アフターパーツ AERO </td></tr><tr><th><hr></th><td><hr></td></tr></table><img src=""https://www.rakuten.ne.jp/gold/autostyle/img/weekly_MVP.png"" alt="""">",シルクブレイズ ハリアー ZSU/AVU60系 ウイングミラー ツインモーション 【長納期商品】：Autostyle,カタログエアロパーツチューニング車オールペン塗装取り付け持ち込み通販エアロ塗装済みオートスタイルAutoStyleアフターパーツパーツホイールタイヤバンパーサスペンションブレーキシルクブレイズ ハリアー ZSU/AVU60系 ウイングミラー ツインモーション 【長納期商品】,【65W 60W ハリアー HARRIER ミラープレート】。シルクブレイズ ハリアー ZSU/AVU60系 ウイングミラー ツインモーション 【長納期商品】[rn]
24-4156,http://tshop.r10s.jp/tokyocar/cabinet/gio_crystal/img59165925.jpg?fitin=700:700,2496.0000,,車用品・バイク用品 > カー用品 > 外装パーツ > その他,GIO ジオドアミラーウィンカークロームトリムクリスタルタイプ TYPE-G,,"<img src=http://image.rakuten.co.jp/tokyocar/cabinet/shopdesign/iteminfo.gif>
<table border=""1"" width=""680"" style=""border-collapse: collapse"" bordercolor=""#C0C0C0"" cellspacing=""0"">
  
  <TR>
    <td rowspan=""1"" bgcolor=""#EEEEEE"" align=""center"" width=""500""><font size=""2"">商品名</font></TD>
    <td rowspan=""1"" bgcolor=""#EEEEEE"" align=""center"" width=""80""><font size=""2"">参考取付<br>
      時間（H）</font></TD>
  </TR>
  <TR>
    <TD><STRONG>GIO ドアミラーウィンカークロームトリム 【TYPE-G】</TD>
    <td align=""center"">0.5h</TD>
  </TR>
    <td colspan=""3""><TABLE border=0 cellSpacing=1 cellPadding=2 width=""100%"">
        <TBODY>
<tr>
<TD width=""20%"">■適合車種</TD>
<td>・20系アルファード …ANH[GGH]20W/25W<BR>
・ヴェルファイア …ANH[GGH]20W/25W<BR>
・70 系ノア/ヴォクシー …ZRR70W(G)/75W(G)<BR>
・50系エスティマ …ACR[GSR]50W/55W<BR>
・エスティマハイブリッド …AHR20W<BR>
・ヴァンガード …ACA[GSA]33W/38W</td>
</tr>
<tr>
<TD width=""20%"">■カラー</TD>
<td> クローム</td>
</tr>
<tr>
<TD width=""20%"">■材質</TD>
<td> ABS射出成形/クロームメッキ仕上</td>
</tr>
<tr>
<TD>■セット内容</TD>
<td>
・本体×2(L/R)
・取付説明書</td>
</tr>
          <TR>
            <TD>■納　　期</TD>
            <TD>注文確定から2～3営業日程度<BR><FONT COLOR=FF0000 size=2>※欠品の場合お時間を頂く場合がございます。</font></TD>
          </TR>
<tr>
            <TD colSpan=2><BR>
■クロームメッキとクリスタルでドアミラーウィンカーをドレスアップ！<BR>
貼るだけで最大限にクルマの魅力を引き立てます。<BR>
■サイドにはバランスよくクリスタルが配置されております。<BR>
左右合計10個(大2個・小8個)のクリスタルとGIOのロゴ刻印で上品にドレスアップ<BR>
</tr></tbody> 
</table>
</tr></table>
<BR>
<img src=http://image.rakuten.co.jp/tokyocar/cabinet/shopdesign/soldoutinfo.gif><table width=""810"">
  <tbody>
 <tr>
  <td>


<link rel=""stylesheet"" href=""http://www.rakuten.ne.jp/gold/tokyocar/chaser_banner.css"">


<style type=""text/css"">
#rakutenLimitedId_header{
display:none;
}
</style>

<!-- 受注生産品の納期案内 
<TABLE border=1 cellSpacing=1 borderColor=#ed3424 cellPadding=2 width=760>
<TBODY>
<TR>
<TD bgColor=#ed3424>
<P align=center><STRONG><FONT color=#ffffff 
size=4>受注生産品の納期に関して</FONT></STRONG></P></TD></TR>
<TR>
<TD>
<TT>弊社取扱のあるメーカー受注生産品はメーカー年末年始休業の為、<BR>
通常よりお時間を頂きますのであらかじめご了承下さい。<BR><BR>
<FONT 
color=#ff0000><STRONG>
・エアロパーツ塗装済み →　 年内のご注文はすべて2016/01/05より約6週間～<BR>
・エアロパーツ未塗装　 →　 年内のご注文はすべて2016/01/05より約4週間～<BR>
・受注生産シートカバー →　 年内のご注文はすべて2016/01/05より約2.5ヶ月～<BR><BR>
※その他受注生産品に関しましては2016/01/05から商品ページ記載の製作期間を頂きますのであらかじめご了承下さい。</CENTER></STRONG></FONT><BR><BR>期間中は大変ご不便おかけいたしますが、何卒ご理解とご協力を賜りますようお願い申し上げます。</TT></TD></TR></TBODY></TABLE>
<BR>
-->

<!-- シルバーウィーク休業案内
<CENTER>
<TABLE border=1 cellSpacing=1 borderColor=#ed3424 cellPadding=2 width=900>
<TBODY>
<TR>
<TD bgColor=#ed3424>
<P align=center><STRONG><FONT color=#ffffff 
size=4>ゴールデンウィーク休業のご連絡</FONT></STRONG></P></TD></TR>
<TR>
<TD>
<TT>平素より東京カー用品流通センターをご愛顧いただきまして、誠にありがとうございます。<BR>誠に勝手ながら弊社ゴールデンウィーク期間は下記の通り、業務を休業とさせて頂きますので何卒よろしくお願い申し上げます。<BR><BR>
<FONT 
color=#ff0000><STRONG><CENTER>休業日：2016年05月03日(火)～2016年05月05日(木)</CENTER></STRONG></FONT><BR>
メールでのお問い合わせやご注文は休業期間中も24時間受付中です。<BR>
ご注文の確定連絡や発送業務、メール返答は<FONT 
color=#ff0000><STRONG>2016年05月06(金)</STRONG></FONT>より順次対応させて頂きます。<BR>期間中は大変ご不便おかけいたしますが、何卒ご理解とご協力を賜りますようお願い申し上げます。</TT></TD></TR></TBODY></TABLE>
</CENTER>-->

</div>
<div id=""main_contents""><!--店舗キャンペーンバナー-->



<center>
<div>

<img src=http://image.rakuten.co.jp/tokyocar/cabinet/shopdesign/bunner/imgrc0099055340.jpg alt=""純正交換HIDバーナー"" style=""border-style:none;"" width=""810""><BR>


<img src=""http://image.rakuten.co.jp/tokyocar/cabinet/others/imgrc0102168198.jpg"" alt=""GARAX S.D.iミニコン"" style=""margin: 2px 0px 2px 0px;"" ""border-style:none;"" width=""201""><img src=""http://image.rakuten.co.jp/tokyocar/cabinet/others/imgrc0102168638.jpg"" alt=""GARAX イリュージョンスキャナー"" style=""margin: 2px 0px 2px 2px;"" ""border-style:none;"" width=""201""><img src=""http://image.rakuten.co.jp/tokyocar/cabinet/others/imgrc0102168656.jpg"" alt=""エンブレムシート"" style=""margin: 2px 0px 2px 2px;"" ""border-style:none;"" width=""201""><img src=""http://image.rakuten.co.jp/tokyocar/cabinet/others/imgrc0102168677.jpg"" alt=""ナビバイザー"" style=""margin: 2px 0px 2px 2px;"" ""border-style:none;"" width=""201""><BR>

<img src=http://image.rakuten.co.jp/tokyocar/cabinet/others/imgrc0102167848.jpg alt=""GARAX　LEDコンバージョンキット"" style=""margin: 0px 2px 0px 0px;"" ""border-style:none;"" width=""404"" ><img src=http://image.rakuten.co.jp/tokyocar/cabinet/others/imgrc0102167873.jpg alt=""ウイングミラー ツインモーション"" style=""border-style:none;"" width=""404""><BR>

<img src=http://image.rakuten.co.jp/tokyocar/cabinet/others/imgrc0102167000.jpg alt=""車種専用ドアバイザー"" style=""border-style:none;"" width=""810""vspace=""2""><BR>

<img src=http://image.rakuten.co.jp/tokyocar/cabinet/others/imgrc0102166817.jpg alt=""グリッドタイヤ"" style=""border-style:none;"" width=""810""></div></center>

<style>
div{
    line-height: 0;
}
</style>
</td>
  </tr>
  </tbody>
 </table>",GIO ジオドアミラーウィンカークロームトリムクリスタルタイプ TYPE-G：東京カー用品流通センター,GIO ジオドアミラーウィンカークロームトリムクリスタルタイプ TYPE-G,GIO ジオドアミラーウィンカークロームトリムクリスタルタイプ TYPE-G[rn]
24-4157,http://tshop.r10s.jp/tokyocar/cabinet/others/eyeline_film/imgrc0083112463.jpg?fitin=700:700,1328.0000,,車用品・バイク用品 > カー用品 > 外装パーツ > その他,SilkBlaze シルクブレイズ【60系 ハリアー】アイラインフィルム Ver.1,,"<STYLE type=""text/css""><!--
table.atype{border:1px solid #C0C0C0;}
.atype td{color:#000000;border-bottom:1px dashed #cccccc;}
--></STYLE>
<img src=http://image.rakuten.co.jp/tokyocar/cabinet/shopdesign/iteminfo.gif>
<table class=atype border=""1"" width=""680"" style=""border-collapse: collapse"" bordercolor=""#C0C0C0"" cellspacing=""0"">
  
  <TR>
    <td rowspan=""1"" bgcolor=""#EEEEEE"" align=""center"" width=""500""><font size=""2"">商品名</font></TD>
    <td rowspan=""1"" bgcolor=""#EEEEEE"" align=""center"" width=""80""><font size=""2"">参考取付<br>
      時間（H）</font></TD>
  </TR>
  <TR>
    <TD><STRONG>SilkBlaze 【60系 ハリアー】アイラインフィルムVer.1</STRONG></TD>
    <td align=""center"">0.5h</TD>
  </TR>
    <td colspan=""3""><TABLE border=0 cellSpacing=1 cellPadding=2 width=""100%"">
        <TBODY>
<tr>
<TD width=""20%"">■適合車種</TD>
<td> 60系 ハリアー … ZSU60/65　AVU65</td>
</tr>

<tr>
<TD width=""20%"">■年式</TD>
<td> H25.12～現行(2013.12～現行)</td>
</tr>

<tr>
<TD width=""20%"">■カラー</TD>
<td> クリアオレンジ/クリアブルー</td>
</tr>

<tr>
<TD>■セット内容</TD>
<td>
 本体(L/R) 取付説明書</td>
</tr>
          <TR>
            <TD>■納　　期</TD>
            <TD>メーカー受注生産の為、注文確定から1週間～10日程お時間がかかります。<BR>
<FONT COLOR=FF0000 size=2>※ご注文後のキャンセル・返品はお受け出来ません。</font></TD>
          </TR>
<tr>
            <TD colSpan=2>
■貼るだけでお手軽にドレスアップが可能です。車種専用施工マニュアル付属。<BR>
■3次元曲面へ貼りやすい高品質フィルム使用しています。<BR>
透過フィルムにより、ライティングを妨げません。<BR>
■クリアオレンジ・クリアブルーの２色からお好みによりお選びいただけます。<BR>
<BR>
【ご注意】<BR>
※メーカー受注生産の為、ご注文後のキャンセル・返品はお受け出来ません。ご了承下さい。
</tr></tbody>
</table>
</tr></table><table width=""810"">
  <tbody>
 <tr>
  <td>


<link rel=""stylesheet"" href=""http://www.rakuten.ne.jp/gold/tokyocar/chaser_banner.css"">


<style type=""text/css"">
#rakutenLimitedId_header{
display:none;
}
</style>

<!-- 受注生産品の納期案内 
<TABLE border=1 cellSpacing=1 borderColor=#ed3424 cellPadding=2 width=760>
<TBODY>
<TR>
<TD bgColor=#ed3424>
<P align=center><STRONG><FONT color=#ffffff 
size=4>受注生産品の納期に関して</FONT></STRONG></P></TD></TR>
<TR>
<TD>
<TT>弊社取扱のあるメーカー受注生産品はメーカー年末年始休業の為、<BR>
通常よりお時間を頂きますのであらかじめご了承下さい。<BR><BR>
<FONT 
color=#ff0000><STRONG>
・エアロパーツ塗装済み →　 年内のご注文はすべて2016/01/05より約6週間～<BR>
・エアロパーツ未塗装　 →　 年内のご注文はすべて2016/01/05より約4週間～<BR>
・受注生産シートカバー →　 年内のご注文はすべて2016/01/05より約2.5ヶ月～<BR><BR>
※その他受注生産品に関しましては2016/01/05から商品ページ記載の製作期間を頂きますのであらかじめご了承下さい。</CENTER></STRONG></FONT><BR><BR>期間中は大変ご不便おかけいたしますが、何卒ご理解とご協力を賜りますようお願い申し上げます。</TT></TD></TR></TBODY></TABLE>
<BR>
-->

<!-- シルバーウィーク休業案内
<CENTER>
<TABLE border=1 cellSpacing=1 borderColor=#ed3424 cellPadding=2 width=900>
<TBODY>
<TR>
<TD bgColor=#ed3424>
<P align=center><STRONG><FONT color=#ffffff 
size=4>ゴールデンウィーク休業のご連絡</FONT></STRONG></P></TD></TR>
<TR>
<TD>
<TT>平素より東京カー用品流通センターをご愛顧いただきまして、誠にありがとうございます。<BR>誠に勝手ながら弊社ゴールデンウィーク期間は下記の通り、業務を休業とさせて頂きますので何卒よろしくお願い申し上げます。<BR><BR>
<FONT 
color=#ff0000><STRONG><CENTER>休業日：2016年05月03日(火)～2016年05月05日(木)</CENTER></STRONG></FONT><BR>
メールでのお問い合わせやご注文は休業期間中も24時間受付中です。<BR>
ご注文の確定連絡や発送業務、メール返答は<FONT 
color=#ff0000><STRONG>2016年05月06(金)</STRONG></FONT>より順次対応させて頂きます。<BR>期間中は大変ご不便おかけいたしますが、何卒ご理解とご協力を賜りますようお願い申し上げます。</TT></TD></TR></TBODY></TABLE>
</CENTER>-->

</div>
<div id=""main_contents""><!--店舗キャンペーンバナー-->



<center>
<div>

<img src=http://image.rakuten.co.jp/tokyocar/cabinet/shopdesign/bunner/imgrc0099055340.jpg alt=""純正交換HIDバーナー"" style=""border-style:none;"" width=""810""><BR>


<img src=""http://image.rakuten.co.jp/tokyocar/cabinet/others/imgrc0102168198.jpg"" alt=""GARAX S.D.iミニコン"" style=""margin: 2px 0px 2px 0px;"" ""border-style:none;"" width=""201""><img src=""http://image.rakuten.co.jp/tokyocar/cabinet/others/imgrc0102168638.jpg"" alt=""GARAX イリュージョンスキャナー"" style=""margin: 2px 0px 2px 2px;"" ""border-style:none;"" width=""201""><img src=""http://image.rakuten.co.jp/tokyocar/cabinet/others/imgrc0102168656.jpg"" alt=""エンブレムシート"" style=""margin: 2px 0px 2px 2px;"" ""border-style:none;"" width=""201""><img src=""http://image.rakuten.co.jp/tokyocar/cabinet/others/imgrc0102168677.jpg"" alt=""ナビバイザー"" style=""margin: 2px 0px 2px 2px;"" ""border-style:none;"" width=""201""><BR>

<img src=http://image.rakuten.co.jp/tokyocar/cabinet/others/imgrc0102167848.jpg alt=""GARAX　LEDコンバージョンキット"" style=""margin: 0px 2px 0px 0px;"" ""border-style:none;"" width=""404"" ><img src=http://image.rakuten.co.jp/tokyocar/cabinet/others/imgrc0102167873.jpg alt=""ウイングミラー ツインモーション"" style=""border-style:none;"" width=""404""><BR>

<img src=http://image.rakuten.co.jp/tokyocar/cabinet/others/imgrc0102167000.jpg alt=""車種専用ドアバイザー"" style=""border-style:none;"" width=""810""vspace=""2""><BR>

<img src=http://image.rakuten.co.jp/tokyocar/cabinet/others/imgrc0102166817.jpg alt=""グリッドタイヤ"" style=""border-style:none;"" width=""810""></div></center>

<style>
div{
    line-height: 0;
}
</style>
</td>
  </tr>
  </tbody>
 </table>",SilkBlaze シルクブレイズ【60系 ハリアー】アイラインフィルム Ver.1：東京カー用品流通センター,SilkBlaze シルクブレイズ【60系 ハリアー】アイラインフィルム Ver.1,SilkBlaze シルクブレイズ【60系 ハリアー】アイラインフィルム Ver.1[rn]
24-4158,http://tshop.r10s.jp/morisan/cabinet/emon2/img65015363.jpg?fitin=700:700,552.0000,,車用品・バイク用品 > カー用品 > 外装パーツ > その他,AODEA（エーモン）　両面テープはがし剤　強力な両面テープもキレイにはがせる,【楽天カード決済ならポイントUP!!】,"<div align= center >
  <center>
  <table bordercolor= #111111  border= 1  width= 600  style= border-collapse: collapse  cellpadding= 0  cellspacing= 0 >
    <tr>
      <td align= middle  bgColor= #E6E6E6  width= 75 ><b><font size= 2 >商品の詳細</font></b></td>
      <td>
         <font size=""2"">■強力な両面テープもキレイにはがせる!<br>
         <br>
         ■天然オレンジオイルを主成分とした手にも素材にも優しい溶液<br>
         <br>
         ■スクレーパーとの併用でより簡単に作業できる<br>
         <br>
         ■車外用 <br>
         <br>
         <br>
         【仕様】<br>
         ・主成分:天然オレンジオイル　第四類 第三石油類 火気厳禁<br>
         ・内容量:30ml<br>
         <br>
         【内容物】<br>
         ・両面テープはがし剤:1個</font></td>
    </table>
  </center>
  </div><p>　</p>
<div align=""center"">
  <center>
<table border=""0"" cellpadding=""0"" cellspacing=""0"" style=""border-collapse: collapse"" bordercolor=""#111111"" width=""650"">
  <tr>
    <td width=""100%"" height=""30"">
    <p align=""center"">
<img border=""0"" src=""http://image.rakuten.co.jp/morisan/cabinet/top/img39628042.gif"" width=""600"" height=""10""></td>
  </tr>
  </table>

  </center>
</div>
<p>　</p>",AODEA（エーモン）　両面テープはがし剤　強力な両面テープもキレイにはがせる：森の中のオーディオ屋さん,デッドニングアメリカ雑貨スピーカーウーファーエアロワイパーカーオーディオワコーズWAKO'Sリアビジョンフリップダウンモニター制振シート防音シートクリスタルガイザーコカコーラティッシュアメ雑貨京都インナーバッフルエンジンオイル森の中のオーディオ屋さんAODEA（エーモン）　両面テープはがし剤　強力な両面テープもキレイにはがせる,【楽天カード決済ならポイントUP!!】。AODEA（エーモン）　両面テープはがし剤　強力な両面テープもキレイにはがせる[rn]
24-4159,http://tshop.r10s.jp/morisan/cabinet/emon2/img65015357.jpg?fitin=700:700,616.0000,,車用品・バイク用品 > カー用品 > 外装パーツ > その他,【メール便 ゆうパケット299円】　AODEA（エーモン）　はがせるシリコン粘着剤　簡単取り付け・キレイにはがせる粘着剤,【楽天カード決済ならポイントUP!!】,"<div align= center >
  <center>
  <table bordercolor= #111111  border= 1  width= 600  style= border-collapse: collapse  cellpadding= 0  cellspacing= 0 >
    <tr>
      <td align= middle  bgColor= #E6E6E6  width= 75 ><b><font size= 2 >商品の詳細</font></b></td>
      <td>
         <font size=""2"">■素材を選ばず簡単取り付け・キレイにはがせる粘着剤<br>
         <br>
         ■フィギュアなどの両面テープで固定しにくい物の固定に<br>
         <br>
         ■PP・PEなどプラスチックもOK<br>
         <br>
         ■凸凹面につかえる<br>
         <br>
         ■車内用 <br>
         <br>
         <br>
         【仕様】<br>
         ・透明<br>
         ・材質:内容物/変成シリコン樹脂　　チューブ/アルミ<br>
         ・硬化後使用温度範囲:-10~85℃<br>
         ・内容量:20g<br>
         <br>
         【内容物】<br>
         ・はがせるシリコン粘着剤:1本</font></td>
    </table>
  </center>
  </div><p>　</p>
<div align=""center"">
  <center>
<table border=""0"" cellpadding=""0"" cellspacing=""0"" style=""border-collapse: collapse"" bordercolor=""#111111"" width=""650"">
  <tr>
    <td width=""100%"" height=""30"">
    <p align=""center"">
<img border=""0"" src=""http://image.rakuten.co.jp/morisan/cabinet/top/img39628042.gif"" width=""600"" height=""10""></td>
  </tr>
  </table>

  </center>
</div>
<p>　</p>",【メール便 ゆうパケット299円】　AODEA（エーモン）　はがせるシリコン粘着剤　簡単取り付け・キレイにはがせる粘着剤：森の中のオーディオ屋さん,デッドニングアメリカ雑貨スピーカーウーファーエアロワイパーカーオーディオワコーズWAKO'Sリアビジョンフリップダウンモニター制振シート防音シートクリスタルガイザーコカコーラティッシュアメ雑貨京都インナーバッフルエンジンオイル森の中のオーディオ屋さん【メール便 ゆうパケット299円】　AODEA（エーモン）　はがせるシリコン粘着剤　簡単取り付け・キレイにはがせる粘着剤,【楽天カード決済ならポイントUP!!】。【メール便 ゆうパケット299円】　AODEA（エーモン）　はがせるシリコン粘着剤　簡単取り付け・キレイにはがせる粘着剤[rn]
24-4160,http://tshop.r10s.jp/morisan/cabinet/emon2/img65015405.jpg?fitin=700:700,248.0000,,車用品・バイク用品 > カー用品 > 外装パーツ > その他,【メール便 ゆうパケット299円】　AODEA（エーモン）　スクレーパー　ステッカー・テープはがし　プラスチック刃採用,【楽天カード決済ならポイントUP!!】,"<div align= center >
  <center>
  <table bordercolor= #111111  border= 1  width= 600  style= border-collapse: collapse  cellpadding= 0  cellspacing= 0 >
    <tr>
      <td align= middle  bgColor= #E6E6E6  width= 75 ><b><font size= 2 >商品の詳細</font></b></td>
      <td>
         <font size=""2"">■ガラス面に貼ったステッカーをはがす!<br>
         <br>
         ■強力な両面テープもきれいにはがせる<br>
         <br>
         ■はがし面を傷めにくいプラスチック刃を採用<br>
         <br>
         ■両面テープはがし剤との併用で作業効率UP! <br>
         <br>
         <br>
         【仕様】<br>
         ・材質:POM<br>
         <br>
         【内容物】<br>
         ・スクレーパー:4個</font></td>
    </table>
  </center>
  </div><p>　</p>
<div align=""center"">
  <center>
<table border=""0"" cellpadding=""0"" cellspacing=""0"" style=""border-collapse: collapse"" bordercolor=""#111111"" width=""650"">
  <tr>
    <td width=""100%"" height=""30"">
    <p align=""center"">
<img border=""0"" src=""http://image.rakuten.co.jp/morisan/cabinet/top/img39628042.gif"" width=""600"" height=""10""></td>
  </tr>
  </table>

  </center>
</div>
<p>　</p>",【メール便 ゆうパケット299円】　AODEA（エーモン）　スクレーパー　ステッカー・テープはがし　プラスチック刃採用：森の中のオーディオ屋さん,デッドニングアメリカ雑貨スピーカーウーファーエアロワイパーカーオーディオワコーズWAKO'Sリアビジョンフリップダウンモニター制振シート防音シートクリスタルガイザーコカコーラティッシュアメ雑貨京都インナーバッフルエンジンオイル森の中のオーディオ屋さん【メール便 ゆうパケット299円】　AODEA（エーモン）　スクレーパー　ステッカー・テープはがし　プラスチック刃採用,【楽天カード決済ならポイントUP!!】。【メール便 ゆうパケット299円】　AODEA（エーモン）　スクレーパー　ステッカー・テープはがし　プラスチック刃採用[rn]
24-4161,http://tshop.r10s.jp/morisan/cabinet/emon2/img65015408.jpg?fitin=700:700,248.0000,,車用品・バイク用品 > カー用品 > 外装パーツ > その他,【メール便 ゆうパケット299円】　AODEA（エーモン）　目盛り付きマスキングテープ　1mm間隔の目盛り入り　車内・車外用,【楽天カード決済ならポイントUP!!】,"<div align= center >
  <center>
  <table bordercolor= #111111  border= 1  width= 600  style= border-collapse: collapse  cellpadding= 0  cellspacing= 0 >
    <tr>
      <td align= middle  bgColor= #E6E6E6  width= 75 ><b><font size= 2 >商品の詳細</font></b></td>
      <td>
         <font size=""2"">■目盛りの入ったマスキングテープ<br>
         <br>
         ■位置決めカンタン!<br>
         <br>
         ■LEDなど取り付けの位置決めに<br>
         <br>
         ■ステッカーなどの位置決めに<br>
         <br>
         ■塗装時のマスキングに<br>
         <br>
         ■1mm間隔の目盛り入り<br>
         <br>
         ■車内・車外用 <br>
         <br>
         <br>
         【仕様】<br>
         ・サイズ:幅20mm　長さ:15m<br>
         ・目盛:0～10cm(繰り返し印刷)<br>
         ・材質:基材/平面紙　粘着剤/アクリル系粘着剤<br>
         <br>
         【内容物】<br>
         ・目盛り付きマスキングテープ:1巻</font></td>
    </table>
  </center>
  </div><p>　</p>
<div align=""center"">
  <center>
<table border=""0"" cellpadding=""0"" cellspacing=""0"" style=""border-collapse: collapse"" bordercolor=""#111111"" width=""650"">
  <tr>
    <td width=""100%"" height=""30"">
    <p align=""center"">
<img border=""0"" src=""http://image.rakuten.co.jp/morisan/cabinet/top/img39628042.gif"" width=""600"" height=""10""></td>
  </tr>
  </table>

  </center>
</div>
<p>　</p>",【メール便 ゆうパケット299円】　AODEA（エーモン）　目盛り付きマスキングテープ　1mm間隔の目盛り入り　車内・車外用：森の中のオーディオ屋さん,デッドニングアメリカ雑貨スピーカーウーファーエアロワイパーカーオーディオワコーズWAKO'Sリアビジョンフリップダウンモニター制振シート防音シートクリスタルガイザーコカコーラティッシュアメ雑貨京都インナーバッフルエンジンオイル森の中のオーディオ屋さん【メール便 ゆうパケット299円】　AODEA（エーモン）　目盛り付きマスキングテープ　1mm間隔の目盛り入り　車内・車外用,【楽天カード決済ならポイントUP!!】。【メール便 ゆうパケット299円】　AODEA（エーモン）　目盛り付きマスキングテープ　1mm間隔の目盛り入り　車内・車外用[rn]
24-4162,http://tshop.r10s.jp/morisan/cabinet/emon2/img65085351.jpg?fitin=700:700,376.0000,,車用品・バイク用品 > カー用品 > 外装パーツ > その他,【メール便 ゆうパケット299円】　AODEA（エーモン）　パックプライマー　テープ下処理/接着促進,【楽天カード決済ならポイントUP!!】,"<div align= center >
  <center>
  <table bordercolor= #111111  border= 1  width= 600 style=""border-collapse: collapse"" cellpadding=""0"" cellspacing=""0"" >
    <tr>
      <td align= middle  bgColor= #E4E4E4  width= 75 ><b><font size= 2 >商品の詳細</font></b></td>
      <td width= 489 >
         <font size=""2"">■両面テープをより確実に接着するための下地づくりに<br>
         <br>
         ■接着促進剤<br>
         <br>
         ■サイズ：60×100mm<br>
         <br>
         ■入り数：2枚</font></td>
    </table>
  </center>
  </div><p>　</p>
<div align=""center"">
  <center>
<table border=""0"" cellpadding=""0"" cellspacing=""0"" style=""border-collapse: collapse"" bordercolor=""#111111"" width=""650"">
  <tr>
    <td width=""100%"" height=""30"">
    <p align=""center"">
<img border=""0"" src=""http://image.rakuten.co.jp/morisan/cabinet/top/img39628042.gif"" width=""600"" height=""10""></td>
  </tr>
  </table>

  </center>
</div>
<p>　</p>",【メール便 ゆうパケット299円】　AODEA（エーモン）　パックプライマー　テープ下処理/接着促進：森の中のオーディオ屋さん,デッドニングアメリカ雑貨スピーカーウーファーエアロワイパーカーオーディオワコーズWAKO'Sリアビジョンフリップダウンモニター制振シート防音シートクリスタルガイザーコカコーラティッシュアメ雑貨京都インナーバッフルエンジンオイル森の中のオーディオ屋さん【メール便 ゆうパケット299円】　AODEA（エーモン）　パックプライマー　テープ下処理/接着促進,【楽天カード決済ならポイントUP!!】。【メール便 ゆうパケット299円】　AODEA（エーモン）　パックプライマー　テープ下処理/接着促進[rn]
24-4163,http://tshop.r10s.jp/morisan/cabinet/emon2/img65015443.jpg?fitin=700:700,208.0000,,車用品・バイク用品 > カー用品 > 外装パーツ > その他,【メール便 ゆうパケット299円】　AODEA（エーモン）　両面テープ前処理剤　接着面の汚れをふき取る前処理剤　汚れ取り・脱脂用,【楽天カード決済ならポイントUP!!】,"<div align= center >
  <center>
  <table bordercolor= #111111  border= 1  width= 600  style= border-collapse: collapse  cellpadding= 0  cellspacing= 0 >
    <tr>
      <td align= middle  bgColor= #E3E3E3  width= 86 >
       <b><font size= 2 >商品の詳細</font></b></td>
      <td width= 478 >
         <font size=""2"">■両面テープを貼る前に接着面の汚れをふき取る前処理剤<br>
         <br>
         ■下地処理効果があるので、テープの接着性を高める除菌効果があります<br>
         <br>
         ■汚れ取り・脱脂用<br>
         <br>
         ■サイズ　100×200mm<br>
         <br>
         ■入り数　2枚 </font></td>
    </table>
  </center>
  </div><p>　</p>
<div align=""center"">
  <center>
<table border=""0"" cellpadding=""0"" cellspacing=""0"" style=""border-collapse: collapse"" bordercolor=""#111111"" width=""650"">
  <tr>
    <td width=""100%"" height=""30"">
    <p align=""center"">
<img border=""0"" src=""http://image.rakuten.co.jp/morisan/cabinet/top/img39628042.gif"" width=""600"" height=""10""></td>
  </tr>
  </table>

  </center>
</div>
<p>　</p>",【メール便 ゆうパケット299円】　AODEA（エーモン）　両面テープ前処理剤　接着面の汚れをふき取る前処理剤　汚れ取り・脱脂用：森の中のオーディオ屋さん,デッドニングアメリカ雑貨スピーカーウーファーエアロワイパーカーオーディオワコーズWAKO'Sリアビジョンフリップダウンモニター制振シート防音シートクリスタルガイザーコカコーラティッシュアメ雑貨京都インナーバッフルエンジンオイル森の中のオーディオ屋さん【メール便 ゆうパケット299円】　AODEA（エーモン）　両面テープ前処理剤　接着面の汚れをふき取る前処理剤　汚れ取り・脱脂用,【楽天カード決済ならポイントUP!!】。【メール便 ゆうパケット299円】　AODEA（エーモン）　両面テープ前処理剤　接着面の汚れをふき取る前処理剤　汚れ取り・脱脂用[rn]
24-4164,http://tshop.r10s.jp/auto-craft/cabinet/00900372/img61232488.jpg?fitin=700:700,2494.4000,,車用品・バイク用品 > カー用品 > 外装パーツ > その他,cusco クスコ  オフセット・ナンバーステー BNR34 スカイラインGT-R (1999.01 ～ 2002.08),,"【商品コード】 281 550 L<br>【備考】 左側オフセット用<br><font color=""ff0000"">※ 商品の仕様は予告なく変更される事がございます。必ずメーカーHPをご確認ください。</font><br><br>
※車検対応と保安基準適合の違い<br>
※返品・キャンセルについて",cusco クスコ  オフセット・ナンバーステー BNR34 スカイラインGT-R (1999.01 ～ 2002.08)：オートクラフト,中古車新車板金塗装アライメント爪折りエアロホイールマフラーバケットシートメータープラグタイヤサスペンション車高調シートレールステアリングシフトノブオーディオナビゲーションcusco クスコ  オフセット・ナンバーステー BNR34 スカイラインGT-R (1999.01 ～ 2002.08),cusco クスコ  オフセット・ナンバーステー BNR34 スカイラインGT-R (1999.01 ～ 2002.08)[rn]
24-4165,http://tshop.r10s.jp/auto-craft/cabinet/00258677/img34918293.jpg?fitin=700:700,5967.2000,,車用品・バイク用品 > カー用品 > 外装パーツ > その他,Ｒｉｍ　リムコーポレーション製200系 ハイエーススチール製 ピラーコーナー交換タイプ 【代引不可】,　,"<IMG src=""http://image.rakuten.co.jp/auto-craft/cabinet/i/item01.gif"" width=""300"" height=""29"" border=""0""><BR>
            <TABLE cellspacing=""0"" cellpadding=""0"" width=""300"" border=""0"">
<TBODY><TR>
 <TD width=""300"" background=""http://image.rakuten.co.jp/auto-craft/cabinet/i/item02.gif"">
<DIV style=""margin:10 10 10 10; line-height:1.4;"">

<!--ここに説明文-->
200系ハイエース用<BR>コーナーパネルです<BR>左側のみで交換タイプですので取り付けは専門店にてお願いします<BR>スチール製・未塗装品になります。<BR>
<!--ここまで-->

</DIV></TD>
</TR>
</TBODY>
</TABLE>
<IMG src=""http://image.rakuten.co.jp/auto-craft/cabinet/i/item03.gif"" width=""300"" height=""5"" border=""0""><BR><br><br>
※車検対応と保安基準適合の違い<br>
※返品・キャンセルについて",Ｒｉｍ　リムコーポレーション製200系 ハイエーススチール製 ピラーコーナー交換タイプ 【代引不可】：オートクラフト,中古車新車板金塗装アライメント爪折りエアロホイールマフラーバケットシートメータープラグタイヤサスペンション車高調シートレールステアリングシフトノブオーディオナビゲーションＲｉｍ　リムコーポレーション製200系 ハイエーススチール製 ピラーコーナー交換タイプ 【代引不可】,　。Ｒｉｍ　リムコーポレーション製200系 ハイエーススチール製 ピラーコーナー交換タイプ 【代引不可】[rn]
24-4166,http://tshop.r10s.jp/stylemarket/cabinet/managed/img1/1923.jpg?fitin=700:700,40089.6000,,車用品・バイク用品 > カー用品 > 外装パーツ > その他,【送料無料】SUNTREX ヒッチメンバー「TUG MASTER」スタンダードシリーズ TM102110 汎用ハーネス トヨタ ハイラックスサーフ210など,国内シェアNo.1。ヒッチメンバーの決定版！,"<p><img src=""http://www.rakuten.ne.jp/gold/stylemarket/wp-content/themes/stylemarket/images/shop/detail_icon_pack_ok.gif"" alt=""同梱可""><img src=""http://www.rakuten.ne.jp/gold/stylemarket/wp-content/themes/stylemarket/images/shop/detail_icon_gift_ng.gif"" alt=""ラッピング不可""><img src=""http://www.rakuten.ne.jp/gold/stylemarket/wp-content/themes/stylemarket/images/shop/detail_icon_zaiko_or.gif"" alt=""メーカー取寄""><img src=""http://www.rakuten.ne.jp/gold/stylemarket/wp-content/themes/stylemarket/images/shop/detail_icon_sitei_ng.gif"" alt=""日時指定変動あり""><img src=""http://www.rakuten.ne.jp/gold/stylemarket/wp-content/themes/stylemarket/images/shop/detail_icon_payment_bank.gif"" alt=""銀行振込""><img src=""http://www.rakuten.ne.jp/gold/stylemarket/wp-content/themes/stylemarket/images/shop/detail_icon_payment_daibiki.gif"" alt=""代金引換""><img src=""http://www.rakuten.ne.jp/gold/stylemarket/wp-content/themes/stylemarket/images/shop/detail_icon_souryou_fr.gif"" alt=""送料無料""><br><img src=""http://www.rakuten.ne.jp/gold/stylemarket/wp-content/themes/stylemarket/images/shop/detail_icon_yajirusi.gif"">アイコンの説明はこちら</p>",【送料無料】SUNTREX ヒッチメンバー「TUG MASTER」スタンダードシリーズ TM102110 汎用ハーネス トヨタ ハイラックスサーフ210など：スタイルマーケット　楽天市場店,激安タイヤ中古カー用品カーパーツカーナビゲーション安いCARカーオーディオ車アウトレットホイルステップワゴンシートカバースタッドレスヘルメット販売マフラーサスペンションオートエアロパーツ【送料無料】SUNTREX ヒッチメンバー「TUG MASTER」スタンダードシリーズ TM102110 汎用ハーネス トヨタ ハイラックスサーフ210など,国内シェアNo.1。ヒッチメンバーの決定版！。【送料無料】SUNTREX ヒッチメンバー「TUG MASTER」スタンダードシリーズ TM102110 汎用ハーネス トヨタ ハイラックスサーフ210など[rn]
24-4167,http://tshop.r10s.jp/zebrand/cabinet/0099/2bbtl6c1be_0.jpg?fitin=700:700,2064.0000,,車用品・バイク用品 > カー用品 > 外装パーツ > その他,カーメイト ドアを衝撃やキズから守る 「J型」でしっかりドアエッジを挟み込む「ドアモールJタイプ」 ブラック / CZ334,,"<table style='border-collapse:collapse!important;'><tbody><tr><th style='border:1px solid #000000;color:#ffffff;background-color:#404040;vertical-align:middle;white-space:nowrap;padding: 10px;width:20%;'><br />商品名<br /><br /></th><td style='border:1px solid #000000;color:#000000;background-color:#ffffff;padding: 20px;'>カーメイト(CARMATE) ドアを衝撃やキズから守る 「J型」でしっかりドアエッジを挟み込む「ドアモールJタイプ」 ブラック CZ334</td></tr><tr><th style='border:1px solid #000000;color:#ffffff;background-color:#404040;vertical-align:middle;white-space:nowrap;padding: 10px;'>ブランド</th><td style='border:1px solid #000000;color:#000000;background-color:#ffffff;padding: 20px;'>カーメイト (CARMATE)</td></tr><tr><th style='border:1px solid #000000;color:#ffffff;background-color:#404040;vertical-align:middle;white-space:nowrap;padding: 10px;'>メーカー型番</th><td style='border:1px solid #000000;color:#000000;background-color:#ffffff;padding: 20px;'>CZ334</td></tr><tr><th style='border:1px solid #000000;color:#ffffff;background-color:#404040;vertical-align:middle;white-space:nowrap;padding: 10px;'>JAN</th><td style='border:1px solid #000000;color:#000000;background-color:#ffffff;padding: 20px;'>4973007521341</td></tr><tr><th style='border:1px solid #000000;color:#ffffff;background-color:#404040;vertical-align:middle;white-space:nowrap;padding: 10px;'><br />商品仕様<br /><br /></th><td style='border:1px solid #000000;color:#000000;background-color:#ffffff;padding: 20px;'>生産国：日本
付属品：両面テープ
全長 : 6m
</td></tr></tbody></table><br /><br />※お一人様3個まで<br />他ネットショップでも併売しているため、ご注文後に在庫切れとなる場合がございます。予めご了承ください。<br />商品の詳細（カラー等）については、ページの下部にある商品説明欄をご確認のうえ、ご注文ください。<br />品薄または希少等の理由により、参考価格よりも高い価格で販売されている場合があります。ご注文の際には必ず販売価格をご確認ください。<br /><!-- ↓ここからコンパス「共通説明文(大)」設置用HTMLタグです↓(※この文章も一緒にお貼り付けください。)

　※当HTMLタグを貼付け時、既に入力されているHTMLがある場合、
　　そちらを削除すると後から元に戻す事ができません。
　　削除される場合は、必ずお手元にバックアップをお願いします。　　　　　-->
<link href=""https://www.rakuten.ne.jp/gold/zebrand/compass/shop/css/style_rms.css"" type=""text/css"" media=""all"" rel=""stylesheet"">

<table width=""728"" cellpadding=""0"" cellspacing=""0"" border=""0"" style=""margin:0 auto; padding:0;"">
<tr>
<td>

</td>
</tr>
</table>
<!-- ↑ここまでがcompass for 楽天市場 ショップページ設置用HTMLタグです↑　-->",カーメイト ドアを衝撃やキズから守る 「J型」でしっかりドアエッジを挟み込む「ドアモールJタイプ」 ブラック / CZ334：ゼブランド,カーメイト ドアを衝撃やキズから守る 「J型」でしっかりドアエッジを挟み込む「ドアモールJタイプ」 ブラック / CZ334,カーメイト ドアを衝撃やキズから守る 「J型」でしっかりドアエッジを挟み込む「ドアモールJタイプ」 ブラック / CZ334[rn]
24-4168,http://tshop.r10s.jp/stylemarket/cabinet/managed/img1/1923.jpg?fitin=700:700,43545.6000,,車用品・バイク用品 > カー用品 > 外装パーツ > その他,【送料無料】SUNTREX ヒッチメンバー「TUG MASTER」スタンダードシリーズ TM109141 専用ハーネス トヨタ ハイエース バン（標準・ロング）/レジアス エース,国内シェアNo.1。ヒッチメンバーの決定版！,"<p><img src=""http://www.rakuten.ne.jp/gold/stylemarket/wp-content/themes/stylemarket/images/shop/detail_icon_pack_ok.gif"" alt=""同梱可""><img src=""http://www.rakuten.ne.jp/gold/stylemarket/wp-content/themes/stylemarket/images/shop/detail_icon_gift_ng.gif"" alt=""ラッピング不可""><img src=""http://www.rakuten.ne.jp/gold/stylemarket/wp-content/themes/stylemarket/images/shop/detail_icon_zaiko_or.gif"" alt=""メーカー取寄""><img src=""http://www.rakuten.ne.jp/gold/stylemarket/wp-content/themes/stylemarket/images/shop/detail_icon_sitei_ng.gif"" alt=""日時指定変動あり""><img src=""http://www.rakuten.ne.jp/gold/stylemarket/wp-content/themes/stylemarket/images/shop/detail_icon_payment_bank.gif"" alt=""銀行振込""><img src=""http://www.rakuten.ne.jp/gold/stylemarket/wp-content/themes/stylemarket/images/shop/detail_icon_payment_daibiki.gif"" alt=""代金引換""><img src=""http://www.rakuten.ne.jp/gold/stylemarket/wp-content/themes/stylemarket/images/shop/detail_icon_souryou_fr.gif"" alt=""送料無料""><br><img src=""http://www.rakuten.ne.jp/gold/stylemarket/wp-content/themes/stylemarket/images/shop/detail_icon_yajirusi.gif"">アイコンの説明はこちら</p>",【送料無料】SUNTREX ヒッチメンバー「TUG MASTER」スタンダードシリーズ TM109141 専用ハーネス トヨタ ハイエース バン（標準・ロング）/レジアス エース：スタイルマーケット　楽天市場店,激安タイヤ中古カー用品カーパーツカーナビゲーション安いCARカーオーディオ車アウトレットホイルステップワゴンシートカバースタッドレスヘルメット販売マフラーサスペンションオートエアロパーツ【送料無料】SUNTREX ヒッチメンバー「TUG MASTER」スタンダードシリーズ TM109141 専用ハーネス トヨタ ハイエース バン（標準・ロング）/レジアス エース,国内シェアNo.1。ヒッチメンバーの決定版！。【送料無料】SUNTREX ヒッチメンバー「TUG MASTER」スタンダードシリーズ TM109141 専用ハーネス トヨタ ハイエース バン（標準・ロング）/レジアス エース[rn]
24-4169,http://tshop.r10s.jp/stylemarket/cabinet/managed/img1/1923.jpg?fitin=700:700,40089.6000,,車用品・バイク用品 > カー用品 > 外装パーツ > その他,【送料無料】SUNTREX ヒッチメンバー「TUG MASTER」スタンダードシリーズ TM427110 汎用ハーネス ミツビシ アウトランダー,国内シェアNo.1。ヒッチメンバーの決定版！,"<p><img src=""http://www.rakuten.ne.jp/gold/stylemarket/wp-content/themes/stylemarket/images/shop/detail_icon_pack_ok.gif"" alt=""同梱可""><img src=""http://www.rakuten.ne.jp/gold/stylemarket/wp-content/themes/stylemarket/images/shop/detail_icon_gift_ng.gif"" alt=""ラッピング不可""><img src=""http://www.rakuten.ne.jp/gold/stylemarket/wp-content/themes/stylemarket/images/shop/detail_icon_zaiko_or.gif"" alt=""メーカー取寄""><img src=""http://www.rakuten.ne.jp/gold/stylemarket/wp-content/themes/stylemarket/images/shop/detail_icon_sitei_ng.gif"" alt=""日時指定変動あり""><img src=""http://www.rakuten.ne.jp/gold/stylemarket/wp-content/themes/stylemarket/images/shop/detail_icon_payment_bank.gif"" alt=""銀行振込""><img src=""http://www.rakuten.ne.jp/gold/stylemarket/wp-content/themes/stylemarket/images/shop/detail_icon_payment_daibiki.gif"" alt=""代金引換""><img src=""http://www.rakuten.ne.jp/gold/stylemarket/wp-content/themes/stylemarket/images/shop/detail_icon_souryou_fr.gif"" alt=""送料無料""><br><img src=""http://www.rakuten.ne.jp/gold/stylemarket/wp-content/themes/stylemarket/images/shop/detail_icon_yajirusi.gif"">アイコンの説明はこちら</p>",【送料無料】SUNTREX ヒッチメンバー「TUG MASTER」スタンダードシリーズ TM427110 汎用ハーネス ミツビシ アウトランダー：スタイルマーケット　楽天市場店,激安タイヤ中古カー用品カーパーツカーナビゲーション安いCARカーオーディオ車アウトレットホイルステップワゴンシートカバースタッドレスヘルメット販売マフラーサスペンションオートエアロパーツ【送料無料】SUNTREX ヒッチメンバー「TUG MASTER」スタンダードシリーズ TM427110 汎用ハーネス ミツビシ アウトランダー,国内シェアNo.1。ヒッチメンバーの決定版！。【送料無料】SUNTREX ヒッチメンバー「TUG MASTER」スタンダードシリーズ TM427110 汎用ハーネス ミツビシ アウトランダー[rn]
24-4170,http://tshop.r10s.jp/rhyme-store/cabinet/main20160920164523/b017339jte.jpg?fitin=700:700,34208.0000,,車用品・バイク用品 > カー用品 > 外装パーツ > その他,【楽天ポイント２倍！・送料無料(一部離島除く)】BELLOF(ベロフ)ヘッドライトLEDコンバージョンバルブ FORCERAY(フォースレイ)H4Hi/Low 6500K DBA2012,,"<CENTER><TABLE width=""100%"" bgcolor=""#777777"" cellpadding=""3"" cellspacing=""1""><TBODY><TR><TD width=90 bgcolor=""#00FF99""><B>■商品名</B></TD><TD bgcolor=""#FFFFFF""><BR>BELLOF(ベロフ)ヘッドライトLEDコンバージョンバルブ FORCERAY(フォースレイ)H4Hi/Low 6500K DBA2012<BR><BR></TD></TR><TR><TD bgcolor=""#cccccc""><B>■JAN</B></TD><TD bgcolor=""#FFFFFF""><BR>4541244515609<BR><BR></TD></TR><TR><TD bgcolor=""#cccccc""><B>■型番</B></TD><TD bgcolor=""#FFFFFF""><BR>DBA2012<BR><BR></TD></TR><TR><TD bgcolor=""#cccccc""><B>■重量</B></TD><TD bgcolor=""#FFFFFF""><BR>734g<BR><BR></TD></TR><TR><TD bgcolor=""#cccccc""><B>■商品仕様</B></TD><TD bgcolor=""#FFFFFF""><BR>3年保証 明るさ5000ルーメン 色温度 6500K<br>◎優れた配光を実現<BR>H4LEDバルブの多くはロービーム側に遮光のシェードを設けてカットラインを再現しています。<BR>しかし、LEDの光をロスするばかりか、シェードで遮った光がLED自体に戻り上昇した温度が原因で寿命を縮める可能性があります。本製品はシェードは採用せず、山型に配列したLEDの光を、メッキ蒸着した独自のアシンメトリー形状のボディに反射させ、光のロスをなくすことにより理想的なカットラインを実現しました。<BR>◎大光量&省エネルギーの両立!!<BR>ハイビーム・ロービームともにレンズなし小型LEDを採用。明るさは業界最高クラスの5000ルーメンを実現。ハロゲンバルブ比約半分の消費電力で約1.5倍の明るさ! ロービームや瞬時に大光量が必要なハイビームにも十分対応可能です。<BR>◎優れた放熱機構で明るさと寿命を維持<BR>大光量で発光したLEDの熱を確実に冷却する為、受熱能力と熱移動に優れた銅をバルブの中心に使用。さらに、自己放熱能力に優れたアルミを放熱フィンに使用し、そのフィンに防塵・防水IP67仕様の高速ファンで風を当てることで確実に放熱させ、10,000時間以上の長寿命を実現しています。<BR>◎過酷な使用条件にも対応<BR>外気温-30℃~90℃の環境下でも使用可能。さらに9V~16Vまでの電圧に対応。ハイブリッド車やEV車など電圧の変化する車両でも使用可能です。<br><BR><BR></TD></TR><TR><TD bgcolor=""#cccccc""><B>■商品説明</B></TD><TD bgcolor=""#FFFFFF""><BR><br>■高輝度LED片側10ヶによる最高クラスの明るさと配光で、手軽にハロゲンバルブをLEDヘッドライトへ<br><br>■フォース・レイH4バルブは、ハイビーム側にレンズなし小型LEDを10ヶ、ロービーム側にも10ヶ配置する事で、ハイビーム・ロービームともにヘッドライト用LEDバルブでは最高クラスの明るさ5000ルーメン（車1台分）を実現<br><br>■山型に配列したLEDの光を、メッキ蒸着した独自のアシンメトリー形状のボディに反射させ、光のロスをなくし、反射熱による短寿命を回避しながら、ヘッドライトの照射光は理想的なカットラインを実現<br><br>■大光量で発光したLEDの熱を確実に冷却する為、受熱能力と熱移動に優れた銅をバルブの中心に使用<br><br>■自己放熱能力に優れたアルミを放熱フィンに使用し、そのフィンに防塵・防水IP67仕様の高速ファンで風を当てることで確実に放熱させ、10,000時間以上の長寿命を実現<br><br>■外気温－30℃～90℃の環境下でも使用可能<br><br>■9～16Vまでの電圧の変化に対応するので、ハイブリッド車などの電圧の変化する車両でも使用可能<br><br>■品番：DBA2012<br><br>■タイプ：H4 Hi/Low<br><br>■色温度：6500K<br><br>■明るさ：5000ルーメン（車1台分）<br><br>■車検対応<br><br>※必ず適合をご確認の上、ご購入下さい。<br>※画像はイメージの為、現物の色合いとは多少異なります。<BR><BR></TD></TR><TR><TD bgcolor=""#cccccc""><B>■配送方法</B></TD><TD bgcolor=""#FFFFFF""><BR>当店の商品は他出品モールとの併売の為、在庫状況は常に変動がございます。<br>また、発送は提携先の他モールより発送する為、配送用の箱に他モールロゴが記載される場合がございますこと予めご了承ください。<BR><BR></TD></TR><TR><TD colspan=""2"" bgcolor=""#FFFFFF"" align=""right""></TD></TR></TBODY></TABLE></CENTER><!-- 注意喚起　ここから -->
<div align=""center"">
<img src=""http://image.rakuten.co.jp/furai-do/cabinet/imgrc0087519801.jpg"" width=""880"" alt="""">
</div>
<br>
<div align=""center"">
<img src=""http://image.rakuten.co.jp/rhyme-store/cabinet/imgrc0078302166.jpg"" width=""880"" height=""170"" alt="""">
</div>

<br>

<!-- 注意喚起　ここまで -->


<!-- 楽天キャンペーンバナー　ここから -->
<DIV align=""center""> 

<img src=""http://image.rakuten.co.jp/furai-do/cabinet/imgrc0086844309.jpg"" width=""670"" alt=""Sbcan""> </DIV>
<br>
<DIV align=""center"">
 
<img src=""http://image.rakuten.co.jp/furai-do/cabinet/imgrc0086844352.jpg"" width=""670"" alt=""Sbcan""> </DIV>
<br>
<!-- 楽天キャンペーンバナー　ここまで -->

<img src=""http://image.rakuten.co.jp/rhyme-store/cabinet/imgrc0077914032.jpg"" width=""100%"" alt=""500off""><br><br>

<img src=""http://image.rakuten.co.jp/rhyme-store/cabinet/imgrc0074352400.jpg"" width=""100%"" >


<style type=""text/css"">
<!--

span.catch_copy,
span.item_name {
  line-height: 180%;
}

/* キャッチコピー上部にラベルがつく */
span.catch_copy:before {
    content: ""楽天ポイント２倍！""; /*ラベル内の文言*/
    width: 120px; /*ラベルのサイズ*/
    background-color: #bf0000; /*ラベルの色*/
    font-size: 13px;
    color: #fff;
    text-align: center;
    display: block;
    padding: 1px 4px;
    margin-bottom: 4px;
    border-radius: 2px;
    clear: both;
}

/* 商品名下に境界線が入る */
span.item_name {
    display: block;
    border-bottom: 2px dotted #ddd;
    padding-bottom: 8px;
}

/* 価格に枠線がつく */
table#rakutenLimitedId_cart {
    background-color: #f8f8f8;
    border: 1px solid #ddd;
    padding: 8px;
    margin: 16px 0;
}

span.price1 {
    color: #333 !important;
    font-weight: bold;
    font-size: 80% !important;
    line-height: 30px;
    display: inline-block;
    margin-right: 16px;
}

-->
</style>",【楽天ポイント２倍！・送料無料(一部離島除く)】BELLOF(ベロフ)ヘッドライトLEDコンバージョンバルブ FORCERAY(フォースレイ)H4Hi/Low 6500K DBA2012：RHYME STORE,送料無料ゲーミングマウスiphoneスマホケースパソコン安い【楽天ポイント２倍！・送料無料(一部離島除く)】BELLOF(ベロフ)ヘッドライトLEDコンバージョンバルブ FORCERAY(フォースレイ)H4Hi/Low 6500K DBA2012,【楽天ポイント２倍！・送料無料(一部離島除く)】BELLOF(ベロフ)ヘッドライトLEDコンバージョンバルブ FORCERAY(フォースレイ)H4Hi/Low 6500K DBA2012[rn]
24-4171,http://tshop.r10s.jp/rhyme-store/cabinet/main20160918134025/b0058g00wy.jpg?fitin=700:700,2452.8000,,車用品・バイク用品 > カー用品 > 外装パーツ > その他,【楽天ポイント２倍！・送料無料(一部離島除く)】PIAA ( ピア ) 白熱球 【ノーザンスターホワイト】 T10 12V5W 2個入り H-532,,"<CENTER><TABLE width=""100%"" bgcolor=""#777777"" cellpadding=""3"" cellspacing=""1""><TBODY><TR><TD width=90 bgcolor=""#00FF99""><B>■商品名</B></TD><TD bgcolor=""#FFFFFF""><BR>PIAA ( ピア ) 白熱球 【ノーザンスターホワイト】 T10 12V5W 2個入り H-532<BR><BR></TD></TR><TR><TD bgcolor=""#cccccc""><B>■JAN</B></TD><TD bgcolor=""#FFFFFF""><BR>4960311006398<BR><BR></TD></TR><TR><TD bgcolor=""#cccccc""><B>■型番</B></TD><TD bgcolor=""#FFFFFF""><BR>H-532<BR><BR></TD></TR><TR><TD bgcolor=""#cccccc""><B>■重量</B></TD><TD bgcolor=""#FFFFFF""><BR>27g<BR><BR></TD></TR><TR><TD bgcolor=""#cccccc""><B>■サイズ(L×W×H)</B></TD><TD bgcolor=""#FFFFFF""><BR>10cm × 5cm × 3cm<BR><BR></TD></TR><TR><TD bgcolor=""#cccccc""><B>■商品仕様</B></TD><TD bgcolor=""#FFFFFF""><BR>生産国：日本<br>バルブ形状：T10<br>色温度：4400K<br><BR><BR></TD></TR><TR><TD bgcolor=""#cccccc""><B>■商品説明</B></TD><TD bgcolor=""#FFFFFF""><BR>バリエーション<p>バリエーションは以下よりお選びいただけます。</p><br />            <b>照射光（色温度）</b>        <b>消費電力</b>        <b>8000K</b>        <b>5100K</b>        <b>4800K</b>        <b>4400K</b>        <b>4250K</b>                                                             <br/><br>競技車専用         <br/><br>車検対応        <br/><br>車検対応        <br/><br>車検対応        <br/><br>車検対応                <b>H4</b>        60/55W        <p>● H-296</p>        <p>● H-510<br/>（130/120W相当）</p>        <p>● H-780<br/>（140/125W相当）</p>        <p>● H-630<br/>（135/125W相当）</p>        <p>● H-610<br/>（135/125W相当）</p>                <b>IH01</b>        60/55W        ---        ---        ---        <p>● H-378<br/>（ホワイト＆ホワイト4300K、100/90W相当）※1</p>        ---                <b>H3a/H3</b>        35W (H3a)<br/>55W (H3)        <p>● H-391 (H3)</p>        <p>● H-511 (H3)<br/>（110W相当）</p>        <p>● H-781 (H3)<br/>（110W相当）</p>        <p>● H-631 (H3)<br/>（110W相当）</p>        <p>● H-611 (H3a) <br/>（35W→70W相当 ） <br><br>● H-612 (H3)<br/>（55W→110W相当）</p>                <b>H3c</b>        55W (H3c)        ---        ---        ---        ---        <p>● H-613<br/>（110W相当）</p>                <b>H1</b>        55W        <p>● H-392</p>        <p>● H-512<br/>（110W相当）</p>        <p>● H-782<br/>（110W相当）</p>        <p>● H-632<br/>（110W相当）</p>        <p>● H-614<br/>（110W相当）</p>                <b>H7</b>        55W        <p>● H-393</p>        <p>● H-513<br/>（110W相当）</p>        <p>● H-783<br/>（115W相当）</p>        <p>● H-633<br/>（110W相当）</p>        <p>● H-615<br/>（110W相当）</p>                <b>HB</b>        55W （HB)        <p>● H-394</p>        <p>● H-514<br/>（110W相当）</p>        <p>● H-784<br/>（115W相当）</p>        <p>● H-634<br/>（110W相当）</p>        <p>● H-616<br/>（110W相当）</p>                <b>H8/H9/H11</b>        H8=35W<br/>H9=65W<br/>H11=55W        ---        <p>● H-515 (H11)<br/>（110W相当）</p>        <p>● H-785 (H8) <br/>（70W相当） <br/><br>● H-786 (H9)<br/>（125W相当） <br/><br>● H-787 (H11)<br/>（115W相当）</p>        <p>● H-635 (H8)<br/>（35W→70W相当） <br/><br>● H-636 (H11)<br/>（55W→110W相当）</p>        <p>● H-617 (H8)<br/>（35W→70W相当） <br/><br>● H-618 (H11)<br/>（55W→110W相当）</p>                <b>T10</b>        5W        <p>● H-387<br/>（競技車専用）※3</p>        <p>● H-531<br/>（ライセンスプレートは、車検非対応）※3</p>        <p>● H-535<br/>（競技車専用）※3</p>        <p>● H-532※3</p>        <p>● H-533※3</p>    <br/>            <b>照射光（色温度）</b>        <b>消費電力</b>        <b>Lo/4000K <br/>Hi /3600K</b>        <b>3750K</b>        <b>3600K</b>        <b>3200K</b>        <b>2500K</b>                                                            <br/><br>車検対応        <br/><br>車検対応        <br/><br>車検対応<br/><br>輸入車対応        <br/><br>車検対応        <br/><br>車検対応                <b>H4</b>        60/55W        <p>● H-600<br/>(60/80W→140/165W相当)</p>        <p>● H-690<br/>（120/110W相当）</p>        <p>● H-820</p>        <p>● H-166<br/>（110/100W相当）</p>        <p>● H-116<br/>（130/120W相当）※2</p>                <b>IH01</b>        60/55W        ---        ---        ---        ---        ---                <b>H3a/H3</b>        35W (H3a)<br/>55W (H3)        ---        <p>● H-691 (H3)<br/>（100W相当）</p>        <p>● H-821 (H3)</p>        <p>● H-174 (H3a)<br/>（35W→60W相当） <br/><br>● H-176 (H3)<br/>（55W→85W相当）</p>        <p>● H-119 (H3a)<br/>（35W→70W相当）※2 <br/><br>● H-120 (H3)<br/>（55W→110W相当）※2</p>                <b>H3c</b>        55W (H3c)        ---        ---        ---        ---        <p>● H-125 ※2</p>                <b>H1</b>        55W        ---        <p>● H-692<br/>（100W相当）</p>        <p>● H-822</p>        <p>● H-184<br/>（100W相当）</p>        <p>● H-127<br/>（110W相当）※2</p>                <b>H7</b>        55W        ---        <p>● H-693<br/>（100W相当）</p>        <p>● H-823</p>        <p>● H-235<br/>（65W相当）</p>        <p>● H-136<br/>（110W相当）※2</p>                <b>HB</b>        55W （HB)        ---        <p>● H-694<br/>（100W相当）</p>        <p>● H-825(HB3 (9005)/60W)          <br/><br>● H-826(HB4 (9006)/51W) </p>        <p>● H-188<br/>（85W相当）</p>        <p>● H-131<br/>（110W相当）※2</p>                <b>H8/H9/H11</b>        H8=35W<br/>H9=65W<br/>H11=55W        ---        <p>● H-695 (H8)<br/>（35W→70W相当） <br/><br>● H-696 (H11) <br/>（55W→100W相当）</p>        <p>● H-824 (H11)</p>        ---        <p>● H-476 (H8)<br/>（35W→70W相当）※2 <br/><br>● H-350 (H11)<br/>（55W→110W相当）※2</p>                <b>T10</b>        5W        ---        <p>● H-534※3</p>        ---        ---        <p>● H-133<br/>（競技車専用）※3</p>    <p>※1 H378は、SUPER WHITE&WHITEバルブになります。</p><p>※2 プラズマイオンイエローシリーズは、平成18年1月1日以降に製作された車両のヘッドライトに装着された場合は、車検非対応です。但し、純正フォグランプへの装着は車検対応です。</p><p>※3 T10タイプは、装着箇所及び使用用途により、車検に適合しない場合があります。保安基準などの自動車関連法規を遵守してください。また、T10タイプは白熱球になります。</p><p>※明るさ相当は、色光による明るさ感（白熱球を蛍光灯に替えた時の様な感覚）を数値イメージとして表現したものです。※色温度（K=ケルビン）は、色光を表す単位であり、数値が高いほど蒼みが高まります。光源の温度・明るさとは関係ありません。</p><BR><BR></TD></TR><TR><TD bgcolor=""#cccccc""><B>■配送方法</B></TD><TD bgcolor=""#FFFFFF""><BR>当店の商品は他出品モールとの併売の為、在庫状況は常に変動がございます。<br>また、発送は提携先の他モールより発送する為、配送用の箱に他モールロゴが記載される場合がございますこと予めご了承ください。<BR><BR></TD></TR><TR><TD colspan=""2"" bgcolor=""#FFFFFF"" align=""right""></TD></TR></TBODY></TABLE></CENTER><!-- 注意喚起　ここから -->
<div align=""center"">
<img src=""http://image.rakuten.co.jp/furai-do/cabinet/imgrc0087519801.jpg"" width=""880"" alt="""">
</div>
<br>
<div align=""center"">
<img src=""http://image.rakuten.co.jp/rhyme-store/cabinet/imgrc0078302166.jpg"" width=""880"" height=""170"" alt="""">
</div>

<br>

<!-- 注意喚起　ここまで -->


<!-- 楽天キャンペーンバナー　ここから -->
<DIV align=""center""> 

<img src=""http://image.rakuten.co.jp/furai-do/cabinet/imgrc0086844309.jpg"" width=""670"" alt=""Sbcan""> </DIV>
<br>
<DIV align=""center"">
 
<img src=""http://image.rakuten.co.jp/furai-do/cabinet/imgrc0086844352.jpg"" width=""670"" alt=""Sbcan""> </DIV>
<br>
<!-- 楽天キャンペーンバナー　ここまで -->

<img src=""http://image.rakuten.co.jp/rhyme-store/cabinet/imgrc0077914032.jpg"" width=""100%"" alt=""500off""><br><br>

<img src=""http://image.rakuten.co.jp/rhyme-store/cabinet/imgrc0074352400.jpg"" width=""100%"" >


<style type=""text/css"">
<!--

span.catch_copy,
span.item_name {
  line-height: 180%;
}

/* キャッチコピー上部にラベルがつく */
span.catch_copy:before {
    content: ""楽天ポイント２倍！""; /*ラベル内の文言*/
    width: 120px; /*ラベルのサイズ*/
    background-color: #bf0000; /*ラベルの色*/
    font-size: 13px;
    color: #fff;
    text-align: center;
    display: block;
    padding: 1px 4px;
    margin-bottom: 4px;
    border-radius: 2px;
    clear: both;
}

/* 商品名下に境界線が入る */
span.item_name {
    display: block;
    border-bottom: 2px dotted #ddd;
    padding-bottom: 8px;
}

/* 価格に枠線がつく */
table#rakutenLimitedId_cart {
    background-color: #f8f8f8;
    border: 1px solid #ddd;
    padding: 8px;
    margin: 16px 0;
}

span.price1 {
    color: #333 !important;
    font-weight: bold;
    font-size: 80% !important;
    line-height: 30px;
    display: inline-block;
    margin-right: 16px;
}

-->
</style>",【楽天ポイント２倍！・送料無料(一部離島除く)】PIAA ( ピア ) 白熱球 【ノーザンスターホワイト】 T10 12V5W 2個入り H-532：RHYME STORE,送料無料ゲーミングマウスiphoneスマホケースパソコン安い【楽天ポイント２倍！・送料無料(一部離島除く)】PIAA ( ピア ) 白熱球 【ノーザンスターホワイト】 T10 12V5W 2個入り H-532,【楽天ポイント２倍！・送料無料(一部離島除く)】PIAA ( ピア ) 白熱球 【ノーザンスターホワイト】 T10 12V5W 2個入り H-532[rn]
24-4172,http://tshop.r10s.jp/autowing/cabinet/autbahn/autbahn.jpg?fitin=700:700,16045.6000,,車用品・バイク用品 > カー用品 > 外装パーツ > その他,クーポンで3%off!5/30 13:59迄!H25 AUTBAHN アウトバーン 広角ドレスアップサイドミラー ホンダ【親水加工無料】【コンビニ受取対応商品】,アウトバーン ミラー AUTBAHN,"<TABLE cellspacing=""1"" cellpadding=""1"" border=""0"" bgcolor=""#0080FF"" width=""700"">
  <TR>
    <TD align=""center"" colspan=""2""><FONT size=""-1""><font color=""#ffffff"" size=""3"" face=メイリオ><b>適　合　車　種</b></font></FONT></TD>
  </TR><TR>
    <TD colspan=""2"" bgcolor=""#ffffff""><BR>
    <FONT size=""-1"">●エリシオン　年式：２００４／０５－２０１３／１０　型式：ＲＲ１～６系　備考：<Br></FONT><BR>
    <FONT size=""-1"" color=""#cc0000""><B>※ご購入前に、必ず適合のご確認をお願いします。<BR>
    適合は　⇒　コチラ</B></FONT><FONT color=""#cc0000""><BR>
    </FONT><BR>
    </TD>
  </TR><TR>
    <TD align=""center"" colspan=""2""><FONT size=""-2""><B><FONT size=""+0"" color=""#ffffff"">商　品　説　明</FONT></B></FONT></TD>
  </TR><tr bgcolor=""#ffffff"">
    <TD align=""left"" colspan=""2""><FONT size=""-1""><SPAN class=""item_desc""><BR>
    <B>■距離感を損なわず最大限の視界を確保。</B><BR>
    一つ一つ丁寧に加工し、ひずみを なくしたことで 距離感を損なわず、ゆがみのない広域な視界 を作り出すことに成功しました。<BR>
    <BR>
    <B>■曲げ角600Ｒ-1000Rで視野が約２倍に広がります。</B><BR>
    アウトバーンは、ミラー部分を曲面状にして純正のミラーより死角をなくし、安全性を飛躍的に向上させる革新的広角ドアミラーです。<BR>
    車線変更や高速道路での合流、車庫入れなどのバック時に純正ミラーと、アウトバーンの映り込みが全く違います。<BR>
    <BR>
    <B>■５色のカラーによって、ドレスアップにも最適。</B><BR>
    ・ガラス材に塗装しているのではなく、化学変化によりカラーを出していますので、発色のクオリティーが違います。<BR>
    ・カラーは全5種類<BR>
    【ブルー】 　太陽光反射を抑え、目の疲れを和らげます クリアな視界を確保出来る一番人気のカラーです<BR>
    【ライトブルー】　 眩しさを抑え、赤色光を大幅にカット、黄色光を減らし 車のヘッドライト等の光を軟らかく見せるカラーです<BR>
    【シルバー】　 純正ミラーに多く使用されているカラーです 防眩加工はしておりません<BR>
    【ゴールド】 　コントラスト効果も高く悪条件での視界を明るく 確保しやすいカラーです<B>※+1,500円となります。</B><BR>
    【ピンクパープル】　 コントラストと防眩効果が高いカラーです<B>※+3,000円となります。</B><BR>
    <BR>
    <B>■防眩加工により、夜間走行時の眩しさを軽減。<BR>
    ■ミラーハウジングに綺麗に装着できます。<BR>
    ■超強力特殊両面テープで取り付け簡単。<BR>
    ■厚さ２ｍｍのミラーで、さりげなく装着。<BR>
    ■国産車、輸入車、社外ミラーと適合車種も豊富。</B><BR>
    <BR>
    </SPAN></FONT><FONT size=""-1"" color=""#0000ff""><SPAN class=""item_desc""><B>■親水加工無料</B></SPAN></FONT><FONT size=""-1""><SPAN class=""item_desc""><BR>
    親水加工をする事により雨が水滴にならずクリアな後方視界が
えられます
（光触媒の効果により親水効果は半永久的です）<BR>
    ※プラス2週間ほど納期がかかります。<BR>
    <BR>
    <B>■付属品</B><BR>
    ・広角ドアミラーアウトバーン左右１セット　ｘ1<BR>
    ・取付け用、強力両面テープ大小左右分セット　ｘ1<BR>
    ・取り付け補助用吸盤　ｘ１<BR>
    ・取付け説明書　ｘ１<BR>
    <BR>
    </SPAN></FONT><tr bgcolor=""#ffffff"">
    <TD align=""center"" colspan=""2"" bgcolor=""#cc0000""><B><FONT color=""#ffffff"">※　注　意　※</FONT></B></TD>
  <tr bgcolor=""#ffffff"">
    <TD align=""left"" colspan=""2""><BR>
    <FONT size=""-1"">●<B>必ず適合をご確認</B>下さい。<BR>
    ●弊社在庫がある商品以外はメーカー取り寄せとなっておりまして、納期に2ヶ月～頂く場合もございます。<BR>
    <B>納期の目安</B><BR>
    メーカー在庫有り　⇒　約7日前後での発送<BR>
    メーカー在庫無し　⇒　約2ヶ月前後での発送（受注生産）<BR>
    ※お急ぎの場合は必ず在庫確認をお願いします。<BR>
    ●<B>キャンセル不可商品</B>となります。<BR>
    ●親水加工をご希望の場合は<B>プラス2週間</B>ほど納期がかかります。<BR>
    ●商品画像はイメージ画像となり、実際の商品とは車種により形状等が変わってきます。<BR>
    <BR>
    </FONT></TD>
  </TABLE><style type=""text/css"">
<!--


/* お買い物かごボタンの大きさ */
td > input {font-size: 20px;padding:20px 50px;width: auto;}

 td.sdtext {font-family: ""メイリオ"",""ＭＳ Ｐゴシック"",""ＭＳ ゴシック"";}
 td.topT_sdtext {font-family: ""メイリオ"",""ＭＳ Ｐゴシック"",""ＭＳ ゴシック"";}
 td.exT_sdtext {font-family: ""メイリオ"",""ＭＳ Ｐゴシック"",""ＭＳ ゴシック"";}
 td.inT_sdtext {font-family: ""メイリオ"",""ＭＳ Ｐゴシック"",""ＭＳ ゴシック"";}
body {font-family: ""メイリオ"",""ＭＳ Ｐゴシック"",""ＭＳ ゴシック"";}

.item_name {
display:block;
font-family: ""メイリオ"",""ＭＳ Ｐゴシック"",""ＭＳ ゴシック"";
}

.catch_copy {
display:block;
color:""#0000ff"";
font-family: ""メイリオ"",""ＭＳ Ｐゴシック"",""ＭＳ ゴシック"";
size:""small"";}

.item_desc {font-family: ""メイリオ"",""ＭＳ Ｐゴシック"",""ＭＳ ゴシック"";}
.item_number_title {font-family: ""メイリオ"",""ＭＳ Ｐゴシック"",""ＭＳ ゴシック"";}
.item_number {font-family: ""メイリオ"",""ＭＳ Ｐゴシック"",""ＭＳ ゴシック"";}
.unit {font-family: ""メイリオ"",""ＭＳ Ｐゴシック"",""ＭＳ ゴシック"";}
.price1 {font-family: ""メイリオ"",""ＭＳ Ｐゴシック"",""ＭＳ ゴシック"";}
.price2 {font-family: ""メイリオ"",""ＭＳ Ｐゴシック"",""ＭＳ ゴシック"";}
.tax_postage {font-family: ""メイリオ"",""ＭＳ Ｐゴシック"",""ＭＳ ゴシック"";}
.etc_link:link {font-family: ""メイリオ"",""ＭＳ Ｐゴシック"",""ＭＳ ゴシック"";}
.etc_link:visited {font-family: ""メイリオ"",""ＭＳ Ｐゴシック"",""ＭＳ ゴシック"";}
.etc_link:active {font-family: ""メイリオ"",""ＭＳ Ｐゴシック"",""ＭＳ ゴシック"";}
.etc_link:hover {font-family: ""メイリオ"",""ＭＳ Ｐゴシック"",""ＭＳ ゴシック"";}
.time_sale {font-family: ""メイリオ"",""ＭＳ Ｐゴシック"",""ＭＳ ゴシック"";}
.sale_desc {font-family: ""メイリオ"",""ＭＳ Ｐゴシック"",""ＭＳ ゴシック"";}
.double_price_title {font-family: ""メイリオ"",""ＭＳ Ｐゴシック"",""ＭＳ ゴシック"";}
.double_price {font-family: ""メイリオ"",""ＭＳ Ｐゴシック"",""ＭＳ ゴシック"";}
.open_price_title {font-family: ""メイリオ"",""ＭＳ Ｐゴシック"",""ＭＳ ゴシック"";}
.open_price {font-family: ""メイリオ"",""ＭＳ Ｐゴシック"",""ＭＳ ゴシック"";}
.choice {font-family: ""メイリオ"",""ＭＳ Ｐゴシック"",""ＭＳ ゴシック"";}
.rest {font-family: ""メイリオ"",""ＭＳ Ｐゴシック"",""ＭＳ ゴシック"";}
.soldout_msg {font-family: ""メイリオ"",""ＭＳ Ｐゴシック"",""ＭＳ ゴシック"";}
.inventory_title {font-family: ""メイリオ"",""ＭＳ Ｐゴシック"",""ＭＳ ゴシック"";}
.inventory {font-family: ""メイリオ"",""ＭＳ Ｐゴシック"",""ＭＳ ゴシック"";}
.inventory_choice_name {font-family: ""メイリオ"",""ＭＳ Ｐゴシック"",""ＭＳ ゴシック"";}
.inventory_choice_name {font-family: ""メイリオ"",""ＭＳ Ｐゴシック"",""ＭＳ ゴシック"";}
.inventory_desc {font-family: ""メイリオ"",""ＭＳ Ｐゴシック"",""ＭＳ ゴシック"";}
.inventory_soldout {font-family: ""メイリオ"",""ＭＳ Ｐゴシック"",""ＭＳ ゴシック"";}
.inventory_rest {font-family: ""メイリオ"",""ＭＳ Ｐゴシック"",""ＭＳ ゴシック"";}
.lossleader_item_name {font-family: ""メイリオ"",""ＭＳ Ｐゴシック"",""ＭＳ ゴシック"";}
.lossleader_item_name:link {font-family: ""メイリオ"",""ＭＳ Ｐゴシック"",""ＭＳ ゴシック"";}
.lossleader_item_name:visited {font-family: ""メイリオ"",""ＭＳ Ｐゴシック"",""ＭＳ ゴシック"";}
.lossleader_item_name:active {font-family: ""メイリオ"",""ＭＳ Ｐゴシック"",""ＭＳ ゴシック"";}
.lossleader_price1 {font-family: ""メイリオ"",""ＭＳ Ｐゴシック"",""ＭＳ ゴシック"";}
.lossleader_price2 {font-family: ""メイリオ"",""ＭＳ Ｐゴシック"",""ＭＳ ゴシック"";}
.lossleader_double_price_title {font-family: ""メイリオ"",""ＭＳ Ｐゴシック"",""ＭＳ ゴシック"";}
.lossleader_double_price {font-family: ""メイリオ"",""ＭＳ Ｐゴシック"",""ＭＳ ゴシック"";}
.lossleader_open_price_title {font-family: ""メイリオ"",""ＭＳ Ｐゴシック"",""ＭＳ ゴシック"";}
.lossleader_open_price {font-family: ""メイリオ"",""ＭＳ Ｐゴシック"",""ＭＳ ゴシック"";}
.sa_catch_copy {font-family: ""メイリオ"",""ＭＳ Ｐゴシック"",""ＭＳ ゴシック"";}
.sa_item_name {font-family: ""メイリオ"",""ＭＳ Ｐゴシック"",""ＭＳ ゴシック"";}
.sa_item_desc {font-family: ""メイリオ"",""ＭＳ Ｐゴシック"",""ＭＳ ゴシック"";}
.sa_sale_desc {font-family: ""メイリオ"",""ＭＳ Ｐゴシック"",""ＭＳ ゴシック"";}
.present_catch_copy {font-family: ""メイリオ"",""ＭＳ Ｐゴシック"",""ＭＳ ゴシック"";}
.present_item_name {font-family: ""メイリオ"",""ＭＳ Ｐゴシック"",""ＭＳ ゴシック"";}
.present_entry_term {font-family: ""メイリオ"",""ＭＳ Ｐゴシック"",""ＭＳ ゴシック"";}
.present_item_desc {font-family: ""メイリオ"",""ＭＳ Ｐゴシック"",""ＭＳ ゴシック"";}
.win_cnt_title {font-family: ""メイリオ"",""ＭＳ Ｐゴシック"",""ＭＳ ゴシック"";}
.win_cnt {font-family: ""メイリオ"",""ＭＳ Ｐゴシック"",""ＭＳ ゴシック"";}
.present_end_msg {font-family: ""メイリオ"",""ＭＳ Ｐゴシック"",""ＭＳ ゴシック"";}
.gbuy_catch_copy { color: #000000; font-size: 150%; font-weight:bold;}
.gbuy_item_name { color: #000000; font-size: 150%; font-weight:bold;}
.gbuy_time_sale {font-family: ""メイリオ"",""ＭＳ Ｐゴシック"",""ＭＳ ゴシック"";}
.gbuy_item_desc {font-family: ""メイリオ"",""ＭＳ Ｐゴシック"",""ＭＳ ゴシック"";}
.gbuy_sale_desc {font-family: ""メイリオ"",""ＭＳ Ｐゴシック"",""ＭＳ ゴシック"";}
.gbuy_price1 {font-family: ""メイリオ"",""ＭＳ Ｐゴシック"",""ＭＳ ゴシック"";}
.gbuy_price2 {font-family: ""メイリオ"",""ＭＳ Ｐゴシック"",""ＭＳ ゴシック"";}
.gbuy_double_price_title {font-family: ""メイリオ"",""ＭＳ Ｐゴシック"",""ＭＳ ゴシック"";}
.gbuy_double_price {font-family: ""メイリオ"",""ＭＳ Ｐゴシック"",""ＭＳ ゴシック"";}
.gbuy_final_price {font-family: ""メイリオ"",""ＭＳ Ｐゴシック"",""ＭＳ ゴシック"";}
.gbuy_open_price_title {font-family: ""メイリオ"",""ＭＳ Ｐゴシック"",""ＭＳ ゴシック"";}
.gbuy_open_price {font-family: ""メイリオ"",""ＭＳ Ｐゴシック"",""ＭＳ ゴシック"";}
.gbuy_table_detail_title {font-family: ""メイリオ"",""ＭＳ Ｐゴシック"",""ＭＳ ゴシック"";}

-->
</style>



<Font size=4 color=red>
※必ずご確認ください！<br>
◆バッテリーをご注文の際、配達地が離島の場合（沖縄県本島は除く）別途1000円を頂戴しての発送となりますの。<br>
あらかじめご了承ください。（送料無料商品・送料別商品すべて）<br><br>
◆ゆうメール（メール便）送料無料の商品に送料別の商品を購入した場合
別途送料が発生します。<br>
ご購入時は送料が表示されませんが当店受注後に送料を追加いたしますのでご了承ください。<br><br>

◆ゆうメールでの発送の際は、『コンビニ受取は不可』となりますのでご了承ください。
<Br>また、コンビニ受取をご指定の場合は運送便　『+650～1080円』　での出荷をさせて頂きますのでご了承ください。<br><br>

◆ご注文者とお届け先の違うお荷物につきまして<br>
ギフト配送を希望された場合金額が表示されているお買い上げ明細書等は同封いたしません。<br>
金額が記載された書類が必要な方は必ず備考欄に同封希望の旨ご記入くださいますようお願いいたします。
<br></Font>




<img src=""http://image.rakuten.co.jp/autowing/cabinet/tyu-monmae1.jpg"" border=""0""><br><br>



<HR SIZE=3 NOSHADE>　<br><img src=http://image.rakuten.co.jp/autowing/cabinet/imgrc0062091547.jpg>
<br><br>

<br>
<style type=""text/css"">
<!-- 
a:hover {
opacity:0.8;
filter:alpha(opacity=80);
-ms-filter: ""alpha( opacity=80 )"";
}
-->
</style>",クーポンで3%off!5/30 13:59迄!H25 AUTBAHN アウトバーン 広角ドレスアップサイドミラー ホンダ【親水加工無料】【コンビニ受取対応商品】：オートウイング,カーオーディオライトLEDカロッツェリアユピテルレーダーレイブリックスピーカーバッテリークラリオンケンウッドアルパインパイオニア水素消臭抗菌ホタテ水素バスカーナビ入浴剤クーポンで3%off!5/30 13:59迄!H25 AUTBAHN アウトバーン 広角ドレスアップサイドミラー ホンダ【親水加工無料】【コンビニ受取対応商品】,アウトバーン ミラー AUTBAHN。クーポンで3%off!5/30 13:59迄!H25 AUTBAHN アウトバーン 広角ドレスアップサイドミラー ホンダ【親水加工無料】【コンビニ受取対応商品】[rn]
24-4173,http://tshop.r10s.jp/autowing/cabinet/autbahn/autbahn.jpg?fitin=700:700,16045.6000,,車用品・バイク用品 > カー用品 > 外装パーツ > その他,クーポンで3%off!5/30 13:59迄!GL14 AUTBAHN アウトバーン 広角ドレスアップサイドミラー フォルクスワーゲン【親水加工無料】【コンビニ受取対応商品】,アウトバーン ミラー AUTBAHN,"<TABLE cellspacing=""1"" cellpadding=""1"" border=""0"" bgcolor=""#0080FF"" width=""700"">
  <TR>
    <TD align=""center"" colspan=""2""><FONT size=""-1""><font color=""#ffffff"" size=""3"" face=メイリオ><b>適　合　車　種</b></font></FONT></TD>
  </TR><TR>
    <TD colspan=""2"" bgcolor=""#ffffff""><BR>
    <FONT size=""-1"">●ポロ　年式：２００９／１０－　型式：６Ｒ　備考：後期型<Br></FONT><BR>
    <FONT size=""-1"" color=""#cc0000""><B>※ご購入前に、必ず適合のご確認をお願いします。<BR>
    適合は　⇒　コチラ</B></FONT><FONT color=""#cc0000""><BR>
    </FONT><BR>
    </TD>
  </TR><TR>
    <TD align=""center"" colspan=""2""><FONT size=""-2""><B><FONT size=""+0"" color=""#ffffff"">商　品　説　明</FONT></B></FONT></TD>
  </TR><tr bgcolor=""#ffffff"">
    <TD align=""left"" colspan=""2""><FONT size=""-1""><SPAN class=""item_desc""><BR>
    <B>■距離感を損なわず最大限の視界を確保。</B><BR>
    一つ一つ丁寧に加工し、ひずみを なくしたことで 距離感を損なわず、ゆがみのない広域な視界 を作り出すことに成功しました。<BR>
    <BR>
    <B>■曲げ角600Ｒ-1000Rで視野が約２倍に広がります。</B><BR>
    アウトバーンは、ミラー部分を曲面状にして純正のミラーより死角をなくし、安全性を飛躍的に向上させる革新的広角ドアミラーです。<BR>
    車線変更や高速道路での合流、車庫入れなどのバック時に純正ミラーと、アウトバーンの映り込みが全く違います。<BR>
    <BR>
    <B>■５色のカラーによって、ドレスアップにも最適。</B><BR>
    ・ガラス材に塗装しているのではなく、化学変化によりカラーを出していますので、発色のクオリティーが違います。<BR>
    ・カラーは全5種類<BR>
    【ブルー】 　太陽光反射を抑え、目の疲れを和らげます クリアな視界を確保出来る一番人気のカラーです<BR>
    【ライトブルー】　 眩しさを抑え、赤色光を大幅にカット、黄色光を減らし 車のヘッドライト等の光を軟らかく見せるカラーです<BR>
    【シルバー】　 純正ミラーに多く使用されているカラーです 防眩加工はしておりません<BR>
    【ゴールド】 　コントラスト効果も高く悪条件での視界を明るく 確保しやすいカラーです<B>※+1,500円となります。</B><BR>
    【ピンクパープル】　 コントラストと防眩効果が高いカラーです<B>※+3,000円となります。</B><BR>
    <BR>
    <B>■防眩加工により、夜間走行時の眩しさを軽減。<BR>
    ■ミラーハウジングに綺麗に装着できます。<BR>
    ■超強力特殊両面テープで取り付け簡単。<BR>
    ■厚さ２ｍｍのミラーで、さりげなく装着。<BR>
    ■国産車、輸入車、社外ミラーと適合車種も豊富。</B><BR>
    <BR>
    </SPAN></FONT><FONT size=""-1"" color=""#0000ff""><SPAN class=""item_desc""><B>■親水加工無料</B></SPAN></FONT><FONT size=""-1""><SPAN class=""item_desc""><BR>
    親水加工をする事により雨が水滴にならずクリアな後方視界が
えられます
（光触媒の効果により親水効果は半永久的です）<BR>
    ※プラス2週間ほど納期がかかります。<BR>
    <BR>
    <B>■付属品</B><BR>
    ・広角ドアミラーアウトバーン左右１セット　ｘ1<BR>
    ・取付け用、強力両面テープ大小左右分セット　ｘ1<BR>
    ・取り付け補助用吸盤　ｘ１<BR>
    ・取付け説明書　ｘ１<BR>
    <BR>
    </SPAN></FONT><tr bgcolor=""#ffffff"">
    <TD align=""center"" colspan=""2"" bgcolor=""#cc0000""><B><FONT color=""#ffffff"">※　注　意　※</FONT></B></TD>
  <tr bgcolor=""#ffffff"">
    <TD align=""left"" colspan=""2""><BR>
    <FONT size=""-1"">●<B>必ず適合をご確認</B>下さい。<BR>
    ●弊社在庫がある商品以外はメーカー取り寄せとなっておりまして、納期に2ヶ月～頂く場合もございます。<BR>
    <B>納期の目安</B><BR>
    メーカー在庫有り　⇒　約7日前後での発送<BR>
    メーカー在庫無し　⇒　約2ヶ月前後での発送（受注生産）<BR>
    ※お急ぎの場合は必ず在庫確認をお願いします。<BR>
    ●<B>キャンセル不可商品</B>となります。<BR>
    ●親水加工をご希望の場合は<B>プラス2週間</B>ほど納期がかかります。<BR>
    ●商品画像はイメージ画像となり、実際の商品とは車種により形状等が変わってきます。<BR>
    <BR>
    </FONT></TD>
  </TABLE><style type=""text/css"">
<!--


/* お買い物かごボタンの大きさ */
td > input {font-size: 20px;padding:20px 50px;width: auto;}

 td.sdtext {font-family: ""メイリオ"",""ＭＳ Ｐゴシック"",""ＭＳ ゴシック"";}
 td.topT_sdtext {font-family: ""メイリオ"",""ＭＳ Ｐゴシック"",""ＭＳ ゴシック"";}
 td.exT_sdtext {font-family: ""メイリオ"",""ＭＳ Ｐゴシック"",""ＭＳ ゴシック"";}
 td.inT_sdtext {font-family: ""メイリオ"",""ＭＳ Ｐゴシック"",""ＭＳ ゴシック"";}
body {font-family: ""メイリオ"",""ＭＳ Ｐゴシック"",""ＭＳ ゴシック"";}

.item_name {
display:block;
font-family: ""メイリオ"",""ＭＳ Ｐゴシック"",""ＭＳ ゴシック"";
}

.catch_copy {
display:block;
color:""#0000ff"";
font-family: ""メイリオ"",""ＭＳ Ｐゴシック"",""ＭＳ ゴシック"";
size:""small"";}

.item_desc {font-family: ""メイリオ"",""ＭＳ Ｐゴシック"",""ＭＳ ゴシック"";}
.item_number_title {font-family: ""メイリオ"",""ＭＳ Ｐゴシック"",""ＭＳ ゴシック"";}
.item_number {font-family: ""メイリオ"",""ＭＳ Ｐゴシック"",""ＭＳ ゴシック"";}
.unit {font-family: ""メイリオ"",""ＭＳ Ｐゴシック"",""ＭＳ ゴシック"";}
.price1 {font-family: ""メイリオ"",""ＭＳ Ｐゴシック"",""ＭＳ ゴシック"";}
.price2 {font-family: ""メイリオ"",""ＭＳ Ｐゴシック"",""ＭＳ ゴシック"";}
.tax_postage {font-family: ""メイリオ"",""ＭＳ Ｐゴシック"",""ＭＳ ゴシック"";}
.etc_link:link {font-family: ""メイリオ"",""ＭＳ Ｐゴシック"",""ＭＳ ゴシック"";}
.etc_link:visited {font-family: ""メイリオ"",""ＭＳ Ｐゴシック"",""ＭＳ ゴシック"";}
.etc_link:active {font-family: ""メイリオ"",""ＭＳ Ｐゴシック"",""ＭＳ ゴシック"";}
.etc_link:hover {font-family: ""メイリオ"",""ＭＳ Ｐゴシック"",""ＭＳ ゴシック"";}
.time_sale {font-family: ""メイリオ"",""ＭＳ Ｐゴシック"",""ＭＳ ゴシック"";}
.sale_desc {font-family: ""メイリオ"",""ＭＳ Ｐゴシック"",""ＭＳ ゴシック"";}
.double_price_title {font-family: ""メイリオ"",""ＭＳ Ｐゴシック"",""ＭＳ ゴシック"";}
.double_price {font-family: ""メイリオ"",""ＭＳ Ｐゴシック"",""ＭＳ ゴシック"";}
.open_price_title {font-family: ""メイリオ"",""ＭＳ Ｐゴシック"",""ＭＳ ゴシック"";}
.open_price {font-family: ""メイリオ"",""ＭＳ Ｐゴシック"",""ＭＳ ゴシック"";}
.choice {font-family: ""メイリオ"",""ＭＳ Ｐゴシック"",""ＭＳ ゴシック"";}
.rest {font-family: ""メイリオ"",""ＭＳ Ｐゴシック"",""ＭＳ ゴシック"";}
.soldout_msg {font-family: ""メイリオ"",""ＭＳ Ｐゴシック"",""ＭＳ ゴシック"";}
.inventory_title {font-family: ""メイリオ"",""ＭＳ Ｐゴシック"",""ＭＳ ゴシック"";}
.inventory {font-family: ""メイリオ"",""ＭＳ Ｐゴシック"",""ＭＳ ゴシック"";}
.inventory_choice_name {font-family: ""メイリオ"",""ＭＳ Ｐゴシック"",""ＭＳ ゴシック"";}
.inventory_choice_name {font-family: ""メイリオ"",""ＭＳ Ｐゴシック"",""ＭＳ ゴシック"";}
.inventory_desc {font-family: ""メイリオ"",""ＭＳ Ｐゴシック"",""ＭＳ ゴシック"";}
.inventory_soldout {font-family: ""メイリオ"",""ＭＳ Ｐゴシック"",""ＭＳ ゴシック"";}
.inventory_rest {font-family: ""メイリオ"",""ＭＳ Ｐゴシック"",""ＭＳ ゴシック"";}
.lossleader_item_name {font-family: ""メイリオ"",""ＭＳ Ｐゴシック"",""ＭＳ ゴシック"";}
.lossleader_item_name:link {font-family: ""メイリオ"",""ＭＳ Ｐゴシック"",""ＭＳ ゴシック"";}
.lossleader_item_name:visited {font-family: ""メイリオ"",""ＭＳ Ｐゴシック"",""ＭＳ ゴシック"";}
.lossleader_item_name:active {font-family: ""メイリオ"",""ＭＳ Ｐゴシック"",""ＭＳ ゴシック"";}
.lossleader_price1 {font-family: ""メイリオ"",""ＭＳ Ｐゴシック"",""ＭＳ ゴシック"";}
.lossleader_price2 {font-family: ""メイリオ"",""ＭＳ Ｐゴシック"",""ＭＳ ゴシック"";}
.lossleader_double_price_title {font-family: ""メイリオ"",""ＭＳ Ｐゴシック"",""ＭＳ ゴシック"";}
.lossleader_double_price {font-family: ""メイリオ"",""ＭＳ Ｐゴシック"",""ＭＳ ゴシック"";}
.lossleader_open_price_title {font-family: ""メイリオ"",""ＭＳ Ｐゴシック"",""ＭＳ ゴシック"";}
.lossleader_open_price {font-family: ""メイリオ"",""ＭＳ Ｐゴシック"",""ＭＳ ゴシック"";}
.sa_catch_copy {font-family: ""メイリオ"",""ＭＳ Ｐゴシック"",""ＭＳ ゴシック"";}
.sa_item_name {font-family: ""メイリオ"",""ＭＳ Ｐゴシック"",""ＭＳ ゴシック"";}
.sa_item_desc {font-family: ""メイリオ"",""ＭＳ Ｐゴシック"",""ＭＳ ゴシック"";}
.sa_sale_desc {font-family: ""メイリオ"",""ＭＳ Ｐゴシック"",""ＭＳ ゴシック"";}
.present_catch_copy {font-family: ""メイリオ"",""ＭＳ Ｐゴシック"",""ＭＳ ゴシック"";}
.present_item_name {font-family: ""メイリオ"",""ＭＳ Ｐゴシック"",""ＭＳ ゴシック"";}
.present_entry_term {font-family: ""メイリオ"",""ＭＳ Ｐゴシック"",""ＭＳ ゴシック"";}
.present_item_desc {font-family: ""メイリオ"",""ＭＳ Ｐゴシック"",""ＭＳ ゴシック"";}
.win_cnt_title {font-family: ""メイリオ"",""ＭＳ Ｐゴシック"",""ＭＳ ゴシック"";}
.win_cnt {font-family: ""メイリオ"",""ＭＳ Ｐゴシック"",""ＭＳ ゴシック"";}
.present_end_msg {font-family: ""メイリオ"",""ＭＳ Ｐゴシック"",""ＭＳ ゴシック"";}
.gbuy_catch_copy { color: #000000; font-size: 150%; font-weight:bold;}
.gbuy_item_name { color: #000000; font-size: 150%; font-weight:bold;}
.gbuy_time_sale {font-family: ""メイリオ"",""ＭＳ Ｐゴシック"",""ＭＳ ゴシック"";}
.gbuy_item_desc {font-family: ""メイリオ"",""ＭＳ Ｐゴシック"",""ＭＳ ゴシック"";}
.gbuy_sale_desc {font-family: ""メイリオ"",""ＭＳ Ｐゴシック"",""ＭＳ ゴシック"";}
.gbuy_price1 {font-family: ""メイリオ"",""ＭＳ Ｐゴシック"",""ＭＳ ゴシック"";}
.gbuy_price2 {font-family: ""メイリオ"",""ＭＳ Ｐゴシック"",""ＭＳ ゴシック"";}
.gbuy_double_price_title {font-family: ""メイリオ"",""ＭＳ Ｐゴシック"",""ＭＳ ゴシック"";}
.gbuy_double_price {font-family: ""メイリオ"",""ＭＳ Ｐゴシック"",""ＭＳ ゴシック"";}
.gbuy_final_price {font-family: ""メイリオ"",""ＭＳ Ｐゴシック"",""ＭＳ ゴシック"";}
.gbuy_open_price_title {font-family: ""メイリオ"",""ＭＳ Ｐゴシック"",""ＭＳ ゴシック"";}
.gbuy_open_price {font-family: ""メイリオ"",""ＭＳ Ｐゴシック"",""ＭＳ ゴシック"";}
.gbuy_table_detail_title {font-family: ""メイリオ"",""ＭＳ Ｐゴシック"",""ＭＳ ゴシック"";}

-->
</style>



<Font size=4 color=red>
※必ずご確認ください！<br>
◆バッテリーをご注文の際、配達地が離島の場合（沖縄県本島は除く）別途1000円を頂戴しての発送となりますの。<br>
あらかじめご了承ください。（送料無料商品・送料別商品すべて）<br><br>
◆ゆうメール（メール便）送料無料の商品に送料別の商品を購入した場合
別途送料が発生します。<br>
ご購入時は送料が表示されませんが当店受注後に送料を追加いたしますのでご了承ください。<br><br>

◆ゆうメールでの発送の際は、『コンビニ受取は不可』となりますのでご了承ください。
<Br>また、コンビニ受取をご指定の場合は運送便　『+650～1080円』　での出荷をさせて頂きますのでご了承ください。<br><br>

◆ご注文者とお届け先の違うお荷物につきまして<br>
ギフト配送を希望された場合金額が表示されているお買い上げ明細書等は同封いたしません。<br>
金額が記載された書類が必要な方は必ず備考欄に同封希望の旨ご記入くださいますようお願いいたします。
<br></Font>




<img src=""http://image.rakuten.co.jp/autowing/cabinet/tyu-monmae1.jpg"" border=""0""><br><br>



<HR SIZE=3 NOSHADE>　<br><img src=http://image.rakuten.co.jp/autowing/cabinet/imgrc0062091547.jpg>
<br><br>

<br>
<style type=""text/css"">
<!-- 
a:hover {
opacity:0.8;
filter:alpha(opacity=80);
-ms-filter: ""alpha( opacity=80 )"";
}
-->
</style>",クーポンで3%off!5/30 13:59迄!GL14 AUTBAHN アウトバーン 広角ドレスアップサイドミラー フォルクスワーゲン【親水加工無料】【コンビニ受取対応商品】：オートウイング,カーオーディオライトLEDカロッツェリアユピテルレーダーレイブリックスピーカーバッテリークラリオンケンウッドアルパインパイオニア水素消臭抗菌ホタテ水素バスカーナビ入浴剤クーポンで3%off!5/30 13:59迄!GL14 AUTBAHN アウトバーン 広角ドレスアップサイドミラー フォルクスワーゲン【親水加工無料】【コンビニ受取対応商品】,アウトバーン ミラー AUTBAHN。クーポンで3%off!5/30 13:59迄!GL14 AUTBAHN アウトバーン 広角ドレスアップサイドミラー フォルクスワーゲン【親水加工無料】【コンビニ受取対応商品】[rn]
24-4174,http://tshop.r10s.jp/autowing/cabinet/autbahn/autbahn.jpg?fitin=700:700,16045.6000,,車用品・バイク用品 > カー用品 > 外装パーツ > その他,クーポンで3%off!5/30 13:59迄!M10 AUTBAHN アウトバーン 広角ドレスアップサイドミラー メルセデスベンツ【親水加工無料】【コンビニ受取対応商品】,アウトバーン ミラー AUTBAHN,"<TABLE cellspacing=""1"" cellpadding=""1"" border=""0"" bgcolor=""#0080FF"" width=""700"">
  <TR>
    <TD align=""center"" colspan=""2""><FONT size=""-1""><font color=""#ffffff"" size=""3"" face=メイリオ><b>適　合　車　種</b></font></FONT></TD>
  </TR><TR>
    <TD colspan=""2"" bgcolor=""#ffffff""><BR>
    <FONT size=""-1"">●Ａクラス　年式：１９９８／１１－２００５／０１　型式：Ｗ１６８　備考：　<Br>●ＣＬＫクラス　年式：２００２／０４－２００９／０４　型式：Ｗ２０９　備考：ミラーサイズ左右同形　要型紙確認<Br>●ＣＬＫクラス　年式：１９９７／１０－２００２／０４　型式：Ｗ２０８　備考：ミラーサイズ左右同形　要型紙確認<Br>●ＳＬクラス　年式：２００１／１０－２００４／０６　型式：Ｒ２３０　備考：要型紙確認<Br>●ＳＬクラス　年式：１９９７／０９－２００１／１０　型式：Ｒ１２９　備考：後期型1　要型紙確認<Br>●ＳＬＫクラス　年式：１９９７／０１－２００４／０８　型式：Ｒ１７０　備考：<Br></FONT><BR>
    <FONT size=""-1"" color=""#cc0000""><B>※ご購入前に、必ず適合のご確認をお願いします。<BR>
    適合は　⇒　コチラ</B></FONT><FONT color=""#cc0000""><BR>
    </FONT><BR>
    </TD>
  </TR><TR>
    <TD align=""center"" colspan=""2""><FONT size=""-2""><B><FONT size=""+0"" color=""#ffffff"">商　品　説　明</FONT></B></FONT></TD>
  </TR><tr bgcolor=""#ffffff"">
    <TD align=""left"" colspan=""2""><FONT size=""-1""><SPAN class=""item_desc""><BR>
    <B>■距離感を損なわず最大限の視界を確保。</B><BR>
    一つ一つ丁寧に加工し、ひずみを なくしたことで 距離感を損なわず、ゆがみのない広域な視界 を作り出すことに成功しました。<BR>
    <BR>
    <B>■曲げ角600Ｒ-1000Rで視野が約２倍に広がります。</B><BR>
    アウトバーンは、ミラー部分を曲面状にして純正のミラーより死角をなくし、安全性を飛躍的に向上させる革新的広角ドアミラーです。<BR>
    車線変更や高速道路での合流、車庫入れなどのバック時に純正ミラーと、アウトバーンの映り込みが全く違います。<BR>
    <BR>
    <B>■５色のカラーによって、ドレスアップにも最適。</B><BR>
    ・ガラス材に塗装しているのではなく、化学変化によりカラーを出していますので、発色のクオリティーが違います。<BR>
    ・カラーは全5種類<BR>
    【ブルー】 　太陽光反射を抑え、目の疲れを和らげます クリアな視界を確保出来る一番人気のカラーです<BR>
    【ライトブルー】　 眩しさを抑え、赤色光を大幅にカット、黄色光を減らし 車のヘッドライト等の光を軟らかく見せるカラーです<BR>
    【シルバー】　 純正ミラーに多く使用されているカラーです 防眩加工はしておりません<BR>
    【ゴールド】 　コントラスト効果も高く悪条件での視界を明るく 確保しやすいカラーです<B>※+1,500円となります。</B><BR>
    【ピンクパープル】　 コントラストと防眩効果が高いカラーです<B>※+3,000円となります。</B><BR>
    <BR>
    <B>■防眩加工により、夜間走行時の眩しさを軽減。<BR>
    ■ミラーハウジングに綺麗に装着できます。<BR>
    ■超強力特殊両面テープで取り付け簡単。<BR>
    ■厚さ２ｍｍのミラーで、さりげなく装着。<BR>
    ■国産車、輸入車、社外ミラーと適合車種も豊富。</B><BR>
    <BR>
    </SPAN></FONT><FONT size=""-1"" color=""#0000ff""><SPAN class=""item_desc""><B>■親水加工無料</B></SPAN></FONT><FONT size=""-1""><SPAN class=""item_desc""><BR>
    親水加工をする事により雨が水滴にならずクリアな後方視界が
えられます
（光触媒の効果により親水効果は半永久的です）<BR>
    ※プラス2週間ほど納期がかかります。<BR>
    <BR>
    <B>■付属品</B><BR>
    ・広角ドアミラーアウトバーン左右１セット　ｘ1<BR>
    ・取付け用、強力両面テープ大小左右分セット　ｘ1<BR>
    ・取り付け補助用吸盤　ｘ１<BR>
    ・取付け説明書　ｘ１<BR>
    <BR>
    </SPAN></FONT><tr bgcolor=""#ffffff"">
    <TD align=""center"" colspan=""2"" bgcolor=""#cc0000""><B><FONT color=""#ffffff"">※　注　意　※</FONT></B></TD>
  <tr bgcolor=""#ffffff"">
    <TD align=""left"" colspan=""2""><BR>
    <FONT size=""-1"">●<B>必ず適合をご確認</B>下さい。<BR>
    ●弊社在庫がある商品以外はメーカー取り寄せとなっておりまして、納期に2ヶ月～頂く場合もございます。<BR>
    <B>納期の目安</B><BR>
    メーカー在庫有り　⇒　約7日前後での発送<BR>
    メーカー在庫無し　⇒　約2ヶ月前後での発送（受注生産）<BR>
    ※お急ぎの場合は必ず在庫確認をお願いします。<BR>
    ●<B>キャンセル不可商品</B>となります。<BR>
    ●親水加工をご希望の場合は<B>プラス2週間</B>ほど納期がかかります。<BR>
    ●商品画像はイメージ画像となり、実際の商品とは車種により形状等が変わってきます。<BR>
    <BR>
    </FONT></TD>
  </TABLE><style type=""text/css"">
<!--


/* お買い物かごボタンの大きさ */
td > input {font-size: 20px;padding:20px 50px;width: auto;}

 td.sdtext {font-family: ""メイリオ"",""ＭＳ Ｐゴシック"",""ＭＳ ゴシック"";}
 td.topT_sdtext {font-family: ""メイリオ"",""ＭＳ Ｐゴシック"",""ＭＳ ゴシック"";}
 td.exT_sdtext {font-family: ""メイリオ"",""ＭＳ Ｐゴシック"",""ＭＳ ゴシック"";}
 td.inT_sdtext {font-family: ""メイリオ"",""ＭＳ Ｐゴシック"",""ＭＳ ゴシック"";}
body {font-family: ""メイリオ"",""ＭＳ Ｐゴシック"",""ＭＳ ゴシック"";}

.item_name {
display:block;
font-family: ""メイリオ"",""ＭＳ Ｐゴシック"",""ＭＳ ゴシック"";
}

.catch_copy {
display:block;
color:""#0000ff"";
font-family: ""メイリオ"",""ＭＳ Ｐゴシック"",""ＭＳ ゴシック"";
size:""small"";}

.item_desc {font-family: ""メイリオ"",""ＭＳ Ｐゴシック"",""ＭＳ ゴシック"";}
.item_number_title {font-family: ""メイリオ"",""ＭＳ Ｐゴシック"",""ＭＳ ゴシック"";}
.item_number {font-family: ""メイリオ"",""ＭＳ Ｐゴシック"",""ＭＳ ゴシック"";}
.unit {font-family: ""メイリオ"",""ＭＳ Ｐゴシック"",""ＭＳ ゴシック"";}
.price1 {font-family: ""メイリオ"",""ＭＳ Ｐゴシック"",""ＭＳ ゴシック"";}
.price2 {font-family: ""メイリオ"",""ＭＳ Ｐゴシック"",""ＭＳ ゴシック"";}
.tax_postage {font-family: ""メイリオ"",""ＭＳ Ｐゴシック"",""ＭＳ ゴシック"";}
.etc_link:link {font-family: ""メイリオ"",""ＭＳ Ｐゴシック"",""ＭＳ ゴシック"";}
.etc_link:visited {font-family: ""メイリオ"",""ＭＳ Ｐゴシック"",""ＭＳ ゴシック"";}
.etc_link:active {font-family: ""メイリオ"",""ＭＳ Ｐゴシック"",""ＭＳ ゴシック"";}
.etc_link:hover {font-family: ""メイリオ"",""ＭＳ Ｐゴシック"",""ＭＳ ゴシック"";}
.time_sale {font-family: ""メイリオ"",""ＭＳ Ｐゴシック"",""ＭＳ ゴシック"";}
.sale_desc {font-family: ""メイリオ"",""ＭＳ Ｐゴシック"",""ＭＳ ゴシック"";}
.double_price_title {font-family: ""メイリオ"",""ＭＳ Ｐゴシック"",""ＭＳ ゴシック"";}
.double_price {font-family: ""メイリオ"",""ＭＳ Ｐゴシック"",""ＭＳ ゴシック"";}
.open_price_title {font-family: ""メイリオ"",""ＭＳ Ｐゴシック"",""ＭＳ ゴシック"";}
.open_price {font-family: ""メイリオ"",""ＭＳ Ｐゴシック"",""ＭＳ ゴシック"";}
.choice {font-family: ""メイリオ"",""ＭＳ Ｐゴシック"",""ＭＳ ゴシック"";}
.rest {font-family: ""メイリオ"",""ＭＳ Ｐゴシック"",""ＭＳ ゴシック"";}
.soldout_msg {font-family: ""メイリオ"",""ＭＳ Ｐゴシック"",""ＭＳ ゴシック"";}
.inventory_title {font-family: ""メイリオ"",""ＭＳ Ｐゴシック"",""ＭＳ ゴシック"";}
.inventory {font-family: ""メイリオ"",""ＭＳ Ｐゴシック"",""ＭＳ ゴシック"";}
.inventory_choice_name {font-family: ""メイリオ"",""ＭＳ Ｐゴシック"",""ＭＳ ゴシック"";}
.inventory_choice_name {font-family: ""メイリオ"",""ＭＳ Ｐゴシック"",""ＭＳ ゴシック"";}
.inventory_desc {font-family: ""メイリオ"",""ＭＳ Ｐゴシック"",""ＭＳ ゴシック"";}
.inventory_soldout {font-family: ""メイリオ"",""ＭＳ Ｐゴシック"",""ＭＳ ゴシック"";}
.inventory_rest {font-family: ""メイリオ"",""ＭＳ Ｐゴシック"",""ＭＳ ゴシック"";}
.lossleader_item_name {font-family: ""メイリオ"",""ＭＳ Ｐゴシック"",""ＭＳ ゴシック"";}
.lossleader_item_name:link {font-family: ""メイリオ"",""ＭＳ Ｐゴシック"",""ＭＳ ゴシック"";}
.lossleader_item_name:visited {font-family: ""メイリオ"",""ＭＳ Ｐゴシック"",""ＭＳ ゴシック"";}
.lossleader_item_name:active {font-family: ""メイリオ"",""ＭＳ Ｐゴシック"",""ＭＳ ゴシック"";}
.lossleader_price1 {font-family: ""メイリオ"",""ＭＳ Ｐゴシック"",""ＭＳ ゴシック"";}
.lossleader_price2 {font-family: ""メイリオ"",""ＭＳ Ｐゴシック"",""ＭＳ ゴシック"";}
.lossleader_double_price_title {font-family: ""メイリオ"",""ＭＳ Ｐゴシック"",""ＭＳ ゴシック"";}
.lossleader_double_price {font-family: ""メイリオ"",""ＭＳ Ｐゴシック"",""ＭＳ ゴシック"";}
.lossleader_open_price_title {font-family: ""メイリオ"",""ＭＳ Ｐゴシック"",""ＭＳ ゴシック"";}
.lossleader_open_price {font-family: ""メイリオ"",""ＭＳ Ｐゴシック"",""ＭＳ ゴシック"";}
.sa_catch_copy {font-family: ""メイリオ"",""ＭＳ Ｐゴシック"",""ＭＳ ゴシック"";}
.sa_item_name {font-family: ""メイリオ"",""ＭＳ Ｐゴシック"",""ＭＳ ゴシック"";}
.sa_item_desc {font-family: ""メイリオ"",""ＭＳ Ｐゴシック"",""ＭＳ ゴシック"";}
.sa_sale_desc {font-family: ""メイリオ"",""ＭＳ Ｐゴシック"",""ＭＳ ゴシック"";}
.present_catch_copy {font-family: ""メイリオ"",""ＭＳ Ｐゴシック"",""ＭＳ ゴシック"";}
.present_item_name {font-family: ""メイリオ"",""ＭＳ Ｐゴシック"",""ＭＳ ゴシック"";}
.present_entry_term {font-family: ""メイリオ"",""ＭＳ Ｐゴシック"",""ＭＳ ゴシック"";}
.present_item_desc {font-family: ""メイリオ"",""ＭＳ Ｐゴシック"",""ＭＳ ゴシック"";}
.win_cnt_title {font-family: ""メイリオ"",""ＭＳ Ｐゴシック"",""ＭＳ ゴシック"";}
.win_cnt {font-family: ""メイリオ"",""ＭＳ Ｐゴシック"",""ＭＳ ゴシック"";}
.present_end_msg {font-family: ""メイリオ"",""ＭＳ Ｐゴシック"",""ＭＳ ゴシック"";}
.gbuy_catch_copy { color: #000000; font-size: 150%; font-weight:bold;}
.gbuy_item_name { color: #000000; font-size: 150%; font-weight:bold;}
.gbuy_time_sale {font-family: ""メイリオ"",""ＭＳ Ｐゴシック"",""ＭＳ ゴシック"";}
.gbuy_item_desc {font-family: ""メイリオ"",""ＭＳ Ｐゴシック"",""ＭＳ ゴシック"";}
.gbuy_sale_desc {font-family: ""メイリオ"",""ＭＳ Ｐゴシック"",""ＭＳ ゴシック"";}
.gbuy_price1 {font-family: ""メイリオ"",""ＭＳ Ｐゴシック"",""ＭＳ ゴシック"";}
.gbuy_price2 {font-family: ""メイリオ"",""ＭＳ Ｐゴシック"",""ＭＳ ゴシック"";}
.gbuy_double_price_title {font-family: ""メイリオ"",""ＭＳ Ｐゴシック"",""ＭＳ ゴシック"";}
.gbuy_double_price {font-family: ""メイリオ"",""ＭＳ Ｐゴシック"",""ＭＳ ゴシック"";}
.gbuy_final_price {font-family: ""メイリオ"",""ＭＳ Ｐゴシック"",""ＭＳ ゴシック"";}
.gbuy_open_price_title {font-family: ""メイリオ"",""ＭＳ Ｐゴシック"",""ＭＳ ゴシック"";}
.gbuy_open_price {font-family: ""メイリオ"",""ＭＳ Ｐゴシック"",""ＭＳ ゴシック"";}
.gbuy_table_detail_title {font-family: ""メイリオ"",""ＭＳ Ｐゴシック"",""ＭＳ ゴシック"";}

-->
</style>



<Font size=4 color=red>
※必ずご確認ください！<br>
◆バッテリーをご注文の際、配達地が離島の場合（沖縄県本島は除く）別途1000円を頂戴しての発送となりますの。<br>
あらかじめご了承ください。（送料無料商品・送料別商品すべて）<br><br>
◆ゆうメール（メール便）送料無料の商品に送料別の商品を購入した場合
別途送料が発生します。<br>
ご購入時は送料が表示されませんが当店受注後に送料を追加いたしますのでご了承ください。<br><br>

◆ゆうメールでの発送の際は、『コンビニ受取は不可』となりますのでご了承ください。
<Br>また、コンビニ受取をご指定の場合は運送便　『+650～1080円』　での出荷をさせて頂きますのでご了承ください。<br><br>

◆ご注文者とお届け先の違うお荷物につきまして<br>
ギフト配送を希望された場合金額が表示されているお買い上げ明細書等は同封いたしません。<br>
金額が記載された書類が必要な方は必ず備考欄に同封希望の旨ご記入くださいますようお願いいたします。
<br></Font>




<img src=""http://image.rakuten.co.jp/autowing/cabinet/tyu-monmae1.jpg"" border=""0""><br><br>



<HR SIZE=3 NOSHADE>　<br><img src=http://image.rakuten.co.jp/autowing/cabinet/imgrc0062091547.jpg>
<br><br>

<br>
<style type=""text/css"">
<!-- 
a:hover {
opacity:0.8;
filter:alpha(opacity=80);
-ms-filter: ""alpha( opacity=80 )"";
}
-->
</style>",クーポンで3%off!5/30 13:59迄!M10 AUTBAHN アウトバーン 広角ドレスアップサイドミラー メルセデスベンツ【親水加工無料】【コンビニ受取対応商品】：オートウイング,カーオーディオライトLEDカロッツェリアユピテルレーダーレイブリックスピーカーバッテリークラリオンケンウッドアルパインパイオニア水素消臭抗菌ホタテ水素バスカーナビ入浴剤クーポンで3%off!5/30 13:59迄!M10 AUTBAHN アウトバーン 広角ドレスアップサイドミラー メルセデスベンツ【親水加工無料】【コンビニ受取対応商品】,アウトバーン ミラー AUTBAHN。クーポンで3%off!5/30 13:59迄!M10 AUTBAHN アウトバーン 広角ドレスアップサイドミラー メルセデスベンツ【親水加工無料】【コンビニ受取対応商品】[rn]
24-4175,http://tshop.r10s.jp/ainekusu/cabinet/02293854/img63220835.gif?fitin=700:700,817.6000,,車用品・バイク用品 > カー用品 > 外装パーツ > その他,【CARMATE カーメイト】カー用品 便利グッズコーナーポール集光L2シルバー【CZ209】,店内複数エントリーPT最大20倍チャンス！5/31 23:59まで,"<div align=""center""><img src=""
http://image.rakuten.co.jp/ainekusu/cabinet/02293854/img63220834.gif
"" width=""600"" border=""0""></div><br><br><style type=""text/css"">
 body{
 background-image:url(http://image.rakuten.co.jp/ainekusu/cabinet/02769636/20140802_mara.jpg);
 background-repeat:repeat-y;
 background-position:right;
 }


  /* 項目選択 横幅
+++++++++++++++++++++++++++++++++ */
#normal_basket_10034246 {
    width:300px;
}

#normal_basket_10034246 td .choice{
	font-size:12px;
	line-height:1.4;
	
}

 
  /* 項目選択 フォント
+++++++++++++++++++++++++++++++++ */
 
 <!--
td.inventory font{font-size:12px;color:#FF0000;}
td.inventory{word-wrap:break-word; width:80px;}
-->
 
 /* 項目選択 テーブル幅
+++++++++++++++++++++++++++++++++ */

td.inventory_choice_name{
    padding:5px;
    margin:10px 0px;
}




 </style>",【CARMATE カーメイト】カー用品 便利グッズコーナーポール集光L2シルバー【CZ209】：アットマックス＠,cn-gp550dポータブル電源ガーデンバリアゴリラセットアップ込40b19lドライブレコーダーカーナビゲーションワコーズ GDXゴリラレーダー探知機静音計画100d23lサーキュレータージャンプスターターカーバッテリーcarrozzeriaジェントスエアコンガス【CARMATE カーメイト】カー用品 便利グッズコーナーポール集光L2シルバー【CZ209】,店内複数エントリーPT最大20倍チャンス！5/31 23:59まで。【CARMATE カーメイト】カー用品 便利グッズコーナーポール集光L2シルバー【CZ209】[rn]
24-4176,http://tshop.r10s.jp/ainekusu/cabinet/02293854/img63220838.gif?fitin=700:700,660.8000,,車用品・バイク用品 > カー用品 > 外装パーツ > その他,【CARMATE カーメイト】カー用品 便利グッズエアクッションドアガードクリア キズの予防に。。【CZ227】,店内複数エントリーPT最大20倍チャンス！5/31 23:59まで,"<div align=""center""><img src=""

"" width=""600"" border=""0""></div><br><br><style type=""text/css"">
 body{
 background-image:url(http://image.rakuten.co.jp/ainekusu/cabinet/02769636/20140802_mara.jpg);
 background-repeat:repeat-y;
 background-position:right;
 }


  /* 項目選択 横幅
+++++++++++++++++++++++++++++++++ */
#normal_basket_10034246 {
    width:300px;
}

#normal_basket_10034246 td .choice{
	font-size:12px;
	line-height:1.4;
	
}

 
  /* 項目選択 フォント
+++++++++++++++++++++++++++++++++ */
 
 <!--
td.inventory font{font-size:12px;color:#FF0000;}
td.inventory{word-wrap:break-word; width:80px;}
-->
 
 /* 項目選択 テーブル幅
+++++++++++++++++++++++++++++++++ */

td.inventory_choice_name{
    padding:5px;
    margin:10px 0px;
}




 </style>",【CARMATE カーメイト】カー用品 便利グッズエアクッションドアガードクリア キズの予防に。。【CZ227】：アットマックス＠,cn-gp550dポータブル電源ガーデンバリアゴリラセットアップ込40b19lドライブレコーダーカーナビゲーションワコーズ GDXゴリラレーダー探知機静音計画100d23lサーキュレータージャンプスターターカーバッテリーcarrozzeriaジェントスエアコンガス【CARMATE カーメイト】カー用品 便利グッズエアクッションドアガードクリア キズの予防に。。【CZ227】,店内複数エントリーPT最大20倍チャンス！5/31 23:59まで。【CARMATE カーメイト】カー用品 便利グッズエアクッションドアガードクリア キズの予防に。。【CZ227】[rn]
24-4177,http://tshop.r10s.jp/hotroadparts/cabinet/1512/7151207818_1.jpg?fitin=700:700,3200.0000,,車用品・バイク用品 > カー用品 > 外装パーツ > その他,フロントワイパーアーム(6箇所セット) マジカルアートシート ブラック レガシィ BP5/BPE(2003.5～2006.10) /HASEPRO/ハセプロ：MS-WAS5,レガシィ BP5/BPE(2003.5～2006.10),"マジカルアートシートは、高耐候塩ビシートの表面にカーボン柄の凹凸をつけで見た目、手触り等をリアルカーボンに近い仕上がりにしています。<br>カーボンアイテム中最薄商品となり厚さ0.2mm以下なので施工部分の段差が少なく、仕上がりの違和感もあまり感じません。<br><br>ドライヤー等で熱することによりかなりの伸縮性を発揮します。<br>内装、外装どちらでも使用可能です。<br><br><br>■適合車種 ： レガシィ BP5/BPE(2003.5～2006.10) <br>■商品内容 ： フロントワイパーアーム(6箇所セット)<br>■カラー ： ブラック<br><br>■メーカー品番 ： MS-WAS5<br>■メーカー ： HASEPRO/ハセプロ<br><br><br>※商品画像はイメージとなり他のカラーが使用されている場合がございますが、販売カラーはブラックとなります。<br>※車種専用のカーボン柄シートのみの販売となります。<!-- ここからGランキング -->
<!--
<div style=""height:355px; width:674px; overflow:hidden; margin-bottom:15px; margin-top:-20px; padding:0"">
<br />
</div>
-->

<!-- ここまでGランキング -->
<!-- ここから リア受 -->
<div style=""width:674px; height:30px; background-image:url('http://www.rakuten.ne.jp/gold/hotroadparts/orders/bnrl.jpg'); background-repeat: no-repeat;"" align=""center"">
  <p style=""color:#545D7C; font-size:20px; font-family:'ヒラギノ角ゴ Pro W3', 'Hiragino Kaku Gothic Pro', 'メイリオ', Meiryo, Osaka, 'ＭＳ Ｐゴシック', 'MS PGothic', sans-serif; font-weight:bold; margin:0; line-height:30px; text-align:left; padding-left:35px"">Thanks For Your Orders</p></div>
  <div style=""background-color:#FFFFFF; width:672px; margin-bottom:15px; padding:0; height:345px; overflow:hidden; border:1px solid #666666;"">

</div>
<!-- ここまで リア受 -->
<!-- ここから リアコメ -->
<div style=""width:674px; height:30px; background-image:url('http://www.rakuten.ne.jp/gold/hotroadparts/orders/bnrl.jpg'); background-repeat: no-repeat;"" align=""center"">
  <p style=""color:#545D7C; font-size:20px; font-family:'ヒラギノ角ゴ Pro W3', 'Hiragino Kaku Gothic Pro', 'メイリオ', Meiryo, Osaka, 'ＭＳ Ｐゴシック', 'MS PGothic', sans-serif; font-weight:bold; margin:0; line-height:30px; text-align:left; padding-left:35px"">Reviews Of Our Consumers</p></div>
  <div style=""background-color:#FFFFFF; width:672px; margin-bottom:15px; padding:0; height:370px; overflow:hidden; border:1px solid #666666;"">

</div>
<!-- ここまで リアコメ -->


<table width=""680"" border=""0"" cellpadding=""2"" cellspacing=""0"">
<tr>
<td align=""center""><img src=""http://image.rakuten.co.jp/hotroadparts/cabinet/banner/20130429_008.jpg"" width=""336"" height=""70"" border=""0""></td>
<td colspan=""2"" align=""center""><img src=""http://image.rakuten.co.jp/hotroadparts/cabinet/banner/20130429_007.jpg"" width=""336"" height=""70"" border=""0""></td>
</tr>
<tr>
<td align=""center""><img src=""http://image.rakuten.co.jp/hotroadparts/cabinet/banner/20130429_006.jpg"" width=""336"" height=""70"" border=""0""></td>
<td colspan=""2"" align=""center""><img src=""http://image.rakuten.co.jp/hotroadparts/cabinet/banner/20130429_005.jpg"" width=""336"" height=""70"" border=""0""></td>
</tr>
</table>",フロントワイパーアーム(6箇所セット) マジカルアートシート ブラック レガシィ BP5/BPE(2003.5～2006.10) /HASEPRO/ハセプロ：MS-WAS5：カー用品通販のホットロードパーツ,フロントワイパーアーム(6箇所セット) マジカルアートシート ブラック レガシィ BP5/BPE(2003.5～2006.10) /HASEPRO/ハセプロ：MS-WAS5,レガシィ BP5/BPE(2003.5～2006.10) 。フロントワイパーアーム(6箇所セット) マジカルアートシート ブラック レガシィ BP5/BPE(2003.5～2006.10) /HASEPRO/ハセプロ：MS-WAS5[rn]
24-4178,http://tshop.r10s.jp/autogarage/cabinet/shiftknob/ru-mu/imgrc0062272651.jpg?fitin=700:700,800.0000,,車用品・バイク用品 > カー用品 > 外装パーツ > その他,Bピラーミラー　死角安全にどうぞ！ 左側用  送料無料,,"<table cellpadding=""0"" cellspacing=""0"" class=""setumei"">

<!--１行目ここから-->
<tr><th>
<!--項目１-->
商品説明文
</th><td>
<!--内容１-->
Bピラーミラーになります。どんなタイプのお車にも取り付け可能でサイズも適度でドアミラーだけでは見えない斜め後方などの死角を安全に確認できる便利なお品です。　
<!--１行目ここまで-->

<!--２行目ここから-->
<tr><th>
<!--項目２-->
サイズ
</th><td>
<!--内容２-->
 5.6cmX18.3cmX5.5cm （縦X横X高さ） （各サイズは最長部基準です。）
</td></tr>
<!--２行目ここまで-->

<!--３行目ここから-->
<tr><th>
<!--項目３-->
素材
</th><td>
<!--内容３-->
プラスチック＋鏡
</td></tr>
<!--３行目ここまで-->

<!--４行目ここから-->
<tr><th>
<!--項目４-->
タイプ</th><td>
<!--内容４-->
汎用品です。
</td></tr>
<!--４行目ここまで-->

<!--5行目ここから-->
<tr><th>
<!--項目5-->
設置</th><td>
<!--内容5-->
本体裏面の両面テープにて簡単にお車に取り付けできます。
</td></tr>
<!--5行目ここまで-->

<!--6行目ここから-->
<tr><th>
<!--項目6-->
備考</th><td>
<!--内容6-->
普通郵便の場合は送料無料です。代引きをお選びいただいた場合は代引き手数料370円がかかります。 
</td></tr>
<!--6行目ここまで-->

</table><img src=""http://image.rakuten.co.jp/autogarage/cabinet/layout_img/sp.gif"" width=""650"" height=""1"" border=""0"" />",Bピラーミラー　死角安全にどうぞ！ 左側用  送料無料：AUTO GARAGE 楽天市場支店,Bピラーミラー　死角安全にどうぞ！ 左側用  送料無料,Bピラーミラー　死角安全にどうぞ！ 左側用  送料無料[rn]
24-4179,http://tshop.r10s.jp/autogarage/cabinet/shiftknob/waiperfin/img57587719.jpg?fitin=700:700,1344.0000,,車用品・バイク用品 > カー用品 > 外装パーツ > その他,汎用ワイパースタンド付きワイパーフィン熱や凍結から守る,,"<table cellpadding=""0"" cellspacing=""0"" class=""setumei"">

<!--１行目ここから-->
<tr><th>
<!--項目１-->
商品説明文
</th><td>
<!--内容１-->
汎用ワイパースタンド付きワイパーフィンです。ワイパーのゴムは常にフロンとガラスに接している状態ですが、すこし浮かせてやることで夏場なら熱、冬場なら凍結からワイパーのゴムを守り寿命を少しでも長くします。長く愛車に乗らない時などは特に便利です。スタンドしていただくときは手動ですがワイパー利用時に自動的に倒れてワイパー利用可能となりますので便利です。

<br><br>スタンド付きだけではなくスタイリッシュなワイパーフィンもついたお得な商品です。スタンドとして利用しないときはワイパーフィンになります。

<!--１行目ここまで-->

<!--２行目ここから-->
<tr><th>
<!--項目２-->
サイズ
</th><td>
<!--内容２-->
13.5cmX2.5cm（縦X横）（縦X横)（各サイズは最長部基準です。）
</td></tr>
<!--２行目ここまで-->

<!--３行目ここから-->
<tr><th>
<!--項目３-->
素材
</th><td>
<!--内容３-->
プラスチック</td></tr>
<!--３行目ここまで-->

<!--４行目ここから-->
<tr><th>
<!--項目４-->
タイプ</th><td>
<!--内容４-->
汎用品です</td></tr>
<!--４行目ここまで-->

<!--5行目ここから-->
<tr><th>
<!--項目5-->
取り付け方法</th><td>
<!--内容5-->
ワイパーのアームの部分に取り付けます。固定は付属ネジです。
</td></tr>
<!--5行目ここまで-->

<!--6行目ここから-->
<tr><th>
<!--項目6-->
備考</th><td>
<!--内容6-->
値段重視の方は普通郵便発送205円が可能です。（ただし輸送時の破損紛失時補償はございませんのでご承知の上ご指定ください。）代引きの場合は普通郵便代引きが一番お安く送料205円と手数料370円の合計575円になります。
</td></tr>
<!--6行目ここまで-->

</table><img src=""http://image.rakuten.co.jp/autogarage/cabinet/layout_img/sp.gif"" width=""650"" height=""1"" border=""0"" />",汎用ワイパースタンド付きワイパーフィン熱や凍結から守る：AUTO GARAGE 楽天市場支店,汎用ワイパースタンド付きワイパーフィン熱や凍結から守る,汎用ワイパースタンド付きワイパーフィン熱や凍結から守る[rn]
24-4180,http://tshop.r10s.jp/autogarage/cabinet/shiftknob/sidemaker/img56743765.jpg?fitin=700:700,2064.0000,,車用品・バイク用品 > カー用品 > 外装パーツ > その他,おしゃれ!汎用・高輝度・LEDサイドマーカー type5,,"<table cellpadding=""0"" cellspacing=""0"" class=""setumei"">

<!--１行目ここから-->
<tr><th>
<!--項目１-->
商品説明文
</th><td>
<!--内容１-->
汎用・高輝度・LEDサイドマーカーです。裏面の両面テープで貼り付けるだけの汎用タイプですのでいろんな車種に簡単にお取り付けできます。

<!--１行目ここまで-->

<!--２行目ここから-->
<tr><th>
<!--項目２-->
サイズ
</th><td>
<!--内容２-->
4cmX6.5cmX1.5cm （縦X横X厚み)（各サイズは最長部基準です。）</td></tr>
<!--２行目ここまで-->

<!--３行目ここから-->
<tr><th>
<!--項目３-->
素材
</th><td>
<!--内容３-->
プラスチック、LEDの数は１つのサイドマーカーあたり6個です。</td></tr>
<!--３行目ここまで-->

<!--４行目ここから-->
<tr><th>
<!--項目４-->
タイプ</th><td>
<!--内容４-->
汎用品です</td></tr>
<!--４行目ここまで-->

<!--5行目ここから-->
<tr><th>
<!--項目5-->
取り付け方法</th><td>
<!--内容5-->
裏面両面テープより簡単にお車に取り付けできます。
</td></tr>
<!--5行目ここまで-->

<!--6行目ここから-->
<tr><th>
<!--項目6-->
備考</th><td>
<!--内容6-->
値段重視の方はメール便発送164円が可能です。（ただし輸送時の破損紛失時補償はございませんのでご承知の上ご指定ください。）代引きの場合は普通郵便代引きが一番お安く送料205円と手数料370円の合計575円になります。

</td></tr>
<!--6行目ここまで-->

</table><img src=""http://image.rakuten.co.jp/autogarage/cabinet/layout_img/sp.gif"" width=""650"" height=""1"" border=""0"" />",おしゃれ!汎用・高輝度・LEDサイドマーカー type5：AUTO GARAGE 楽天市場支店,おしゃれ!汎用・高輝度・LEDサイドマーカー type5,おしゃれ!汎用・高輝度・LEDサイドマーカー type5[rn]
24-4181,http://tshop.r10s.jp/autogarage/cabinet/shiftknob/sidemaker/img56743755.jpg?fitin=700:700,2064.0000,,車用品・バイク用品 > カー用品 > 外装パーツ > その他,おしゃれ!汎用・高輝度・LEDサイドマーカーtype2,,"<table cellpadding=""0"" cellspacing=""0"" class=""setumei"">

<!--１行目ここから-->
<tr><th>
<!--項目１-->
商品説明文
</th><td>
<!--内容１-->
汎用・高輝度・LEDサイドマーカーです。裏面の両面テープで貼り付けるだけの汎用タイプですのでいろんな車種に簡単にお取り付けできます。2個で1セットです。

<!--１行目ここまで-->

<!--２行目ここから-->
<tr><th>
<!--項目２-->
サイズ
</th><td>
<!--内容２-->
3cmX10.5cmX1.5cm （縦X横X厚み）（各サイズは最長部基準です。）
</td></tr>
<!--２行目ここまで-->

<!--３行目ここから-->
<tr><th>
<!--項目３-->
素材
</th><td>
<!--内容３-->
プラスチック、LEDの数は１つのサイドマーカーあたり6個です。</td></tr>
<!--３行目ここまで-->

<!--４行目ここから-->
<tr><th>
<!--項目４-->
タイプ</th><td>
<!--内容４-->
汎用品です</td></tr>
<!--４行目ここまで-->

<!--5行目ここから-->
<tr><th>
<!--項目5-->
取り付け方法</th><td>
<!--内容5-->
裏面両面テープより簡単にお車に取り付けできます。
</td></tr>
<!--5行目ここまで-->

<!--6行目ここから-->
<tr><th>
<!--項目6-->
備考</th><td>
<!--内容6-->
値段重視の方はメール便発送164円が可能です。（ただし輸送時の破損紛失時補償はございませんのでご承知の上ご指定ください。）代引きの場合は普通郵便代引きが一番お安く送料205円と手数料370円の合計575円になります。
</td></tr>
<!--6行目ここまで-->

</table><img src=""http://image.rakuten.co.jp/autogarage/cabinet/layout_img/sp.gif"" width=""650"" height=""1"" border=""0"" />",おしゃれ!汎用・高輝度・LEDサイドマーカーtype2：AUTO GARAGE 楽天市場支店,おしゃれ!汎用・高輝度・LEDサイドマーカーtype2,おしゃれ!汎用・高輝度・LEDサイドマーカーtype2[rn]
24-4182,http://tshop.r10s.jp/autogarage/cabinet/shiftknob/sidemaker/img56743738.jpg?fitin=700:700,1664.0000,,車用品・バイク用品 > カー用品 > 外装パーツ > その他,3色から選択汎用・高輝度・LEDサイドマーカーtype1,,"<table cellpadding=""0"" cellspacing=""0"" class=""setumei"">

<!--１行目ここから-->
<tr><th>
<!--項目１-->
商品説明文
</th><td>
<!--内容１-->
汎用・高輝度・LEDサイドマーカーです。裏面の両面テープで貼り付けるだけの汎用タイプですのでいろんな車種に簡単にお取り付けできます。オレンジ、ブルー、ホワイトを揃えました。2個で1セットです。

<!--１行目ここまで-->

<!--２行目ここから-->
<tr><th>
<!--項目２-->
サイズ
</th><td>
<!--内容２-->
4cmX6.5cmX1.5cm （縦X横X厚み） （各サイズは最長部基準です。）
</td></tr>
<!--２行目ここまで-->

<!--３行目ここから-->
<tr><th>
<!--項目３-->
素材
</th><td>
<!--内容３-->
プラスチック、片側LEDが3個搭載されています。</td></tr>
<!--３行目ここまで-->

<!--４行目ここから-->
<tr><th>
<!--項目４-->
タイプ</th><td>
<!--内容４-->
汎用品です</td></tr>
<!--４行目ここまで-->

<!--5行目ここから-->
<tr><th>
<!--項目5-->
取り付け方法</th><td>
<!--内容5-->
裏面両面テープより簡単にお車に取り付けできます。
</td></tr>
<!--5行目ここまで-->

<!--6行目ここから-->
<tr><th>
<!--項目6-->
備考</th><td>
<!--内容6-->
値段重視の方はメール便発送164円が可能です。（ただし輸送時の破損紛失時補償はございませんのでご承知の上ご指定ください。）代引きの場合は普通郵便代引きが一番お安く送料205円と手数料370円の合計575円になります。
</td></tr>
<!--6行目ここまで-->

</table><img src=""http://image.rakuten.co.jp/autogarage/cabinet/layout_img/sp.gif"" width=""650"" height=""1"" border=""0"" />",3色から選択汎用・高輝度・LEDサイドマーカーtype1：AUTO GARAGE 楽天市場支店,3色から選択汎用・高輝度・LEDサイドマーカーtype1,3色から選択汎用・高輝度・LEDサイドマーカーtype1[rn]
24-4183,http://tshop.r10s.jp/autogarage/cabinet/shiftknob/sidemaker/img56743760.jpg?fitin=700:700,2384.0000,,車用品・バイク用品 > カー用品 > 外装パーツ > その他,3色から選択汎用・高輝度・LEDサイドマーカーtype3,,"<table cellpadding=""0"" cellspacing=""0"" class=""setumei"">

<!--１行目ここから-->
<tr><th>
<!--項目１-->
商品説明文
</th><td>
<!--内容１-->
汎用・高輝度・LEDサイドマーカーです。裏面の両面テープで貼り付けるだけの汎用タイプですのでいろんな車種に簡単にお取り付けできます。オレンジ、ブルー、ホワイトを揃えました。2個で1セットです。

<!--１行目ここまで-->

<!--２行目ここから-->
<tr><th>
<!--項目２-->
サイズ
</th><td>
<!--内容２-->
2.2cmX10cmX1.5cm （縦X横X厚み）（各サイズは最長部基準です。）</td></tr>
<!--２行目ここまで-->

<!--３行目ここから-->
<tr><th>
<!--項目３-->
素材
</th><td>
<!--内容３-->
プラスチック、LEDの数は１つのサイドマーカーあたり4個です。</td></tr>
<!--３行目ここまで-->

<!--４行目ここから-->
<tr><th>
<!--項目４-->
タイプ</th><td>
<!--内容４-->
汎用品です</td></tr>
<!--４行目ここまで-->

<!--5行目ここから-->
<tr><th>
<!--項目5-->
取り付け方法</th><td>
<!--内容5-->
裏面両面テープより簡単にお車に取り付けできます。
</td></tr>
<!--5行目ここまで-->

<!--6行目ここから-->
<tr><th>
<!--項目6-->
備考</th><td>
<!--内容6-->
値段重視の方はメール便発送164円が可能です。（ただし輸送時の破損紛失時補償はございませんのでご承知の上ご指定ください。）代引きの場合は普通郵便代引きが一番お安く送料205円と手数料370円の合計575円になります。
</td></tr>
<!--6行目ここまで-->

</table><img src=""http://image.rakuten.co.jp/autogarage/cabinet/layout_img/sp.gif"" width=""650"" height=""1"" border=""0"" />",3色から選択汎用・高輝度・LEDサイドマーカーtype3：AUTO GARAGE 楽天市場支店,3色から選択汎用・高輝度・LEDサイドマーカーtype3,3色から選択汎用・高輝度・LEDサイドマーカーtype3[rn]
24-4184,http://tshop.r10s.jp/autogarage/cabinet/shiftknob/sidemaker/img56743765.jpg?fitin=700:700,2064.0000,,車用品・バイク用品 > カー用品 > 外装パーツ > その他,TOYOTA TACOMA 取り付け例あり おしゃれ!汎用・高輝度・LEDサイドマーカー type5,,"<table cellpadding=""0"" cellspacing=""0"" class=""setumei"">

<!--１行目ここから-->
<tr><th>
<!--項目１-->
商品説明文
</th><td>
<!--内容１-->
この商品はTACOMA専用の商品ではなく参考までに取り付け例として紹介しております。 画像は過去にお買い上げいただいたお客様からいただいた写真で取り付けには加工等が必要でそのまま 着かない場合がございますのでご了承の上ご注文お願いいたします。<br><br>

汎用・高輝度・LEDサイドマーカーです。裏面の両面テープで貼り付けるだけの汎用タイプですのでいろんな車種に簡単にお取り付けできます。

<!--１行目ここまで-->

<!--２行目ここから-->
<tr><th>
<!--項目２-->
サイズ
</th><td>
<!--内容２-->
4cmX6.5cmX1.5cm （縦X横X厚み)（各サイズは最長部基準です。）</td></tr>
<!--２行目ここまで-->

<!--３行目ここから-->
<tr><th>
<!--項目３-->
素材
</th><td>
<!--内容３-->
プラスチック、LEDの数は１つのサイドマーカーあたり6個です。</td></tr>
<!--３行目ここまで-->

<!--４行目ここから-->
<tr><th>
<!--項目４-->
タイプ</th><td>
<!--内容４-->
汎用品です</td></tr>
<!--４行目ここまで-->

<!--5行目ここから-->
<tr><th>
<!--項目5-->
取り付け方法</th><td>
<!--内容5-->
裏面両面テープより簡単にお車に取り付けできます。
</td></tr>
<!--5行目ここまで-->

<!--6行目ここから-->
<tr><th>
<!--項目6-->
備考</th><td>
<!--内容6-->
値段重視の方はメール便発送164円が可能です。（ただし輸送時の破損紛失時補償はございませんのでご承知の上ご指定ください。）代引きの場合は普通郵便代引きが一番お安く送料205円と手数料370円の合計575円になります。

</td></tr>
<!--6行目ここまで-->

</table><img src=""http://image.rakuten.co.jp/autogarage/cabinet/layout_img/sp.gif"" width=""650"" height=""1"" border=""0"" />",TOYOTA TACOMA 取り付け例あり おしゃれ!汎用・高輝度・LEDサイドマーカー type5：AUTO GARAGE 楽天市場支店,TOYOTA TACOMA 取り付け例あり おしゃれ!汎用・高輝度・LEDサイドマーカー type5,TOYOTA TACOMA 取り付け例あり おしゃれ!汎用・高輝度・LEDサイドマーカー type5[rn]
24-4185,http://tshop.r10s.jp/autogarage/cabinet/shiftknob/waiperfin/img56742330.jpg?fitin=700:700,624.0000,,車用品・バイク用品 > カー用品 > 外装パーツ > その他,3色より選択スポーティワイパーフィンカッコ良い/機能的,,"<table cellpadding=""0"" cellspacing=""0"" class=""setumei"">

<!--１行目ここから-->
<tr><th>
<!--項目１-->
商品説明文
</th><td>
<!--内容１-->
スポーティワイパーフィンです。あなたのお車をおしゃれに格好よくドレスアップすると共に風の抵抗を利用しワイパーの浮きを沈める機能的な商品です。

<!--１行目ここまで-->

<!--２行目ここから-->
<tr><th>
<!--項目２-->
サイズ
</th><td>
<!--内容２-->
4cmX21cm（縦X横） （各サイズは最長部基準です。）</td></tr>
<!--２行目ここまで-->

<!--３行目ここから-->
<tr><th>
<!--項目３-->
素材
</th><td>
<!--内容３-->
プラスチック</td></tr>
<!--３行目ここまで-->

<!--４行目ここから-->
<tr><th>
<!--項目４-->
タイプ</th><td>
<!--内容４-->
汎用品です</td></tr>
<!--４行目ここまで-->

<!--5行目ここから-->
<tr><th>
<!--項目5-->
取り付け方法</th><td>
<!--内容5-->
付属専用金具にて取り付けます。</td></tr>
<!--5行目ここまで-->

<!--6行目ここから-->
<tr><th>
<!--項目6-->
備考</th><td>
<!--内容6-->
値段重視の方は普通郵便発送205円が可能です。（ただし輸送時の破損紛失時補償はございませんのでご承知の上ご指定ください。）代引きの場合は普通郵便代引きが一番お安く送料205円と手数料370円の合計575円になります。</td></tr>
<!--6行目ここまで-->

</table><img src=""http://image.rakuten.co.jp/autogarage/cabinet/layout_img/sp.gif"" width=""650"" height=""1"" border=""0"" />",3色より選択スポーティワイパーフィンカッコ良い/機能的：AUTO GARAGE 楽天市場支店,3色より選択スポーティワイパーフィンカッコ良い/機能的,3色より選択スポーティワイパーフィンカッコ良い/機能的[rn]
24-4186,http://tshop.r10s.jp/autogarage/cabinet/shiftknob/dami-anntena/img56305870.jpg?fitin=700:700,1104.0000,,車用品・バイク用品 > カー用品 > 外装パーツ > その他,ダミーアンテナベンツ風　カー用品　外装パーツ　ルーフアンテナ,シャークフィンダミーアンテナ　外装パーツ　ベンツ　,"<table cellpadding=""0"" cellspacing=""0"" class=""setumei"">

<!--１行目ここから-->
<tr><th>
<!--項目１-->
商品説明文
</th><td>
<!--内容１-->
ダミーアンテナベンツ風です。ヨーロピアンドレスアップにいかがですか？</td></tr>
<!--１行目ここまで-->

<!--２行目ここから-->
<tr><th>
<!--項目２-->
サイズ
</th><td>
<!--内容２-->
7.5cmX8cmX6cm （縦X横X高さ） （各サイズは最長部基準です。）
</td></tr>
<!--２行目ここまで-->

<!--３行目ここから-->
<tr><th>
<!--項目３-->
素材
</th><td>
<!--内容３-->
プラスチック製
</td></tr>
<!--３行目ここまで-->

<!--４行目ここから-->
<tr><th>
<!--項目４-->
タイプ</th><td>
<!--内容４-->
汎用品です</td></tr>
<!--４行目ここまで-->

<!--5行目ここから-->
<tr><th>
<!--項目６-->
取り付け方法</th><td>
<!--内容６-->
付属裏面の両面テープにてお車に貼り付けます。装着前にお車側の脱脂をよく行ってください。
</td></tr>
<!--5行目ここまで-->

<!--6行目ここから-->
<tr><th>
<!--項目６-->
備考</th><td>
<!--内容６-->
値段重視の方は普通郵便発送205円が可能です。（ただし輸送時の破損紛失時補償はございませんのでご承知の上ご指定ください。）代引きの場合は手数料370円が追加になります。
</td></tr>
<!--6行目ここまで-->

</table><img src=""http://image.rakuten.co.jp/autogarage/cabinet/layout_img/sp.gif"" width=""650"" height=""1"" border=""0"" />",ダミーアンテナベンツ風　カー用品　外装パーツ　ルーフアンテナ：AUTO GARAGE 楽天市場支店,ダミーアンテナベンツ風　カー用品　外装パーツ　ルーフアンテナ,シャークフィンダミーアンテナ　外装パーツ　ベンツ　。ダミーアンテナベンツ風　カー用品　外装パーツ　ルーフアンテナ[rn]
24-4187,http://tshop.r10s.jp/autogarage/cabinet/shiftknob/protector/imgrc0064872160.jpg?fitin=700:700,784.0000,,車用品・バイク用品 > カー用品 > 外装パーツ > その他,カーボン調 バンパープロテクターバンパーガード　愛車をプロテクト,プロテクター　傷防止　ガード,"<table cellpadding=""0"" cellspacing=""0"" class=""setumei"">

<!--１行目ここから-->
<tr><th>
<!--項目１-->
商品説明文
</th><td>
<!--内容１-->
カーボン調 バンパープロテクターです。あなたのお車をドレスアップすると共にバンパーのコーナーをガードします。パンパーのコーナー付近を保護する機能性のほか、ヨーロッパ車のようなファッション性も兼ね備えた商品です。厚みがありますので愛車をしっかり守ります。<br><br>  

また柔軟性がありますのでバンパー以外の場所にプロテクターとして貼り付けることも可能です。アイデアに応じてお使いください。<!--１行目ここまで-->

<!--２行目ここから-->
<tr><th>
<!--項目２-->
サイズ
</th><td>
<!--内容２-->
11.2cmX2cmX0.5cm（縦X横X厚み） （各サイズは最長部基準。） </td></tr>
<!--２行目ここまで-->

<!--３行目ここから-->
<tr><th>
<!--項目３-->
素材
</th><td>
<!--内容３-->
柔軟性のあるプラスチック　 　
</td></tr>
<!--３行目ここまで-->

<!--４行目ここから-->
<tr><th>
<!--項目４-->
タイプ</th><td>
<!--内容４-->
汎用品です。</td></tr>
<!--４行目ここまで-->

<!--５行目ここから-->
<tr><th>
<!--項目５-->
取付方法</th><td>
<!--内容５-->
本体裏面の両面テープにて簡単にお車に取り付けできます。
</td></tr>
<!--５行目ここまで-->

<!--６行目ここから-->
<tr><th>
<!--項目６-->
備考</th><td>
<!--内容６-->
値段重視の方は定形外郵便発送400円が可能です。（ただし輸送時の破損紛失時補償はございませんのでご承知の上ご指定ください。）代引きの場合は普通郵便代引きが一番お安く送料400円と手数料370円の合計770円になります。
</td></tr>
<!--６行目ここまで-->

</table><img src=""http://image.rakuten.co.jp/autogarage/cabinet/layout_img/sp.gif"" width=""650"" height=""1"" border=""0"" />",カーボン調 バンパープロテクターバンパーガード　愛車をプロテクト：AUTO GARAGE 楽天市場支店,カーボン調 バンパープロテクターバンパーガード　愛車をプロテクト,プロテクター　傷防止　ガード。カーボン調 バンパープロテクターバンパーガード　愛車をプロテクト[rn]
24-4188,http://tshop.r10s.jp/autogarage/cabinet/shiftknob/protector/imgrc0062831307.jpg?fitin=700:700,544.0000,,車用品・バイク用品 > カー用品 > 外装パーツ > その他,汎用メッキ枠付きリフレクター小 バンパーやエアロにどうぞ,リフレクター 反射板 リアバンパーなどに 安全確保,"<table cellpadding=""0"" cellspacing=""0"" class=""setumei"">

<!--１行目ここから-->
<tr><th>
<!--項目１-->
商品説明文
</th><td>
<!--内容１-->
リアバンパー等にのリフレクターの装着により後方車への視認性を向上するほか メッキ枠付きですのでリアビューのファッション性にも優れた商品となります。 
<!--１行目ここまで-->

<!--２行目ここから-->
<tr><th>
<!--項目２-->
サイズ
</th><td>
<!--内容２-->
3.2cm×6.3cm×1cm　（縦×横×厚さ）（最長部基準です。）</td></tr>
<!--２行目ここまで-->

<!--３行目ここから-->
<tr><th>
<!--項目３-->
素材
</th><td>
<!--内容３-->
プラスチック　 　
</td></tr>
<!--３行目ここまで-->

<!--４行目ここから-->
<tr><th>
<!--項目４-->
タイプ</th><td>
<!--内容４-->
汎用品です。</td></tr>
<!--４行目ここまで-->

<!--５行目ここから-->
<tr><th>
<!--項目５-->
取付方法</th><td>
<!--内容５-->
本体裏面の両面テープにて愛車に簡単貼り付けできます。 </td></tr>
<!--５行目ここまで-->

<!--６行目ここから-->
<tr><th>
<!--項目６-->
備考</th><td>
<!--内容６-->
値段重視の方は定形外郵便発送140円が可能です。（ただし輸送時の破損紛失時補償はございませんのでご承知の上ご指定ください。）代引きの場合は普通郵便代引きが一番お安く送料140円と手数料370円の合計510円になります。
</td></tr>
<!--６行目ここまで-->

</table><img src=""http://image.rakuten.co.jp/autogarage/cabinet/layout_img/sp.gif"" width=""650"" height=""1"" border=""0"" />",汎用メッキ枠付きリフレクター小 バンパーやエアロにどうぞ：AUTO GARAGE 楽天市場支店,汎用メッキ枠付きリフレクター小 バンパーやエアロにどうぞ,リフレクター 反射板 リアバンパーなどに 安全確保。汎用メッキ枠付きリフレクター小 バンパーやエアロにどうぞ[rn]
24-4189,http://tshop.r10s.jp/autogarage/cabinet/shiftknob/dami-anntena/img56350602.jpg?fitin=700:700,1104.0000,,車用品・バイク用品 > カー用品 > 外装パーツ > その他,ドレスアップにダミーアンテナアウディAUDI風ルーフアンテナ　カー用品　外装パーツ　ルーフアンテナ,シャークフィンダミーアンテナ　外装パーツ　AUDI,"<table cellpadding=""0"" cellspacing=""0"" class=""setumei"">

<!--１行目ここから-->
<tr><th>
<!--項目１-->
商品説明文
</th><td>
<!--内容１-->
ダミーアンテナアウディAUDI風です。ヨーロピアンドレスアップにいかがでしょうか？愛車のルーフが物足りないと感じませんか？是非ともこのダミーアンテナを取り付けてください。シャークフィンBMW風アンテナやベンツ風アンテナとはまた違った印象を与えます。</td></tr>
<!--１行目ここまで-->

<!--２行目ここから-->
<tr><th>
<!--項目２-->
サイズ
</th><td>
<!--内容２-->
10cmX4cmX4.4cm（長さＸ高さX幅） （各サイズは最長部基準です。）</td></tr>
<!--２行目ここまで-->

<!--３行目ここから-->
<tr><th>
<!--項目３-->
素材
</th><td>
<!--内容３-->
プラスチック製
</td></tr>
<!--３行目ここまで-->

<!--４行目ここから-->
<tr><th>
<!--項目４-->
タイプ</th><td>
<!--内容４-->
汎用品です</td></tr>
<!--４行目ここまで-->

<!--5行目ここから-->
<tr><th>
<!--項目６-->
取り付け方法</th><td>
<!--内容６-->
付属裏面の両面テープにてお車に貼り付けます。装着前にお車側の脱脂をよく行ってください。
</td></tr>
<!--5行目ここまで-->

<!--6行目ここから-->
<tr><th>
<!--項目６-->
備考</th><td>
<!--内容６-->
値段重視の方は普通郵便発送205円が可能です。（ただし輸送時の破損紛失時補償はございませんのでご承知の上ご指定ください。）代引きの場合は手数料370円が追加になります。
</td></tr>
<!--6行目ここまで-->

</table><img src=""http://image.rakuten.co.jp/autogarage/cabinet/layout_img/sp.gif"" width=""650"" height=""1"" border=""0"" />",ドレスアップにダミーアンテナアウディAUDI風ルーフアンテナ　カー用品　外装パーツ　ルーフアンテナ：AUTO GARAGE 楽天市場支店,ドレスアップにダミーアンテナアウディAUDI風ルーフアンテナ　カー用品　外装パーツ　ルーフアンテナ,シャークフィンダミーアンテナ　外装パーツ　AUDI。ドレスアップにダミーアンテナアウディAUDI風ルーフアンテナ　カー用品　外装パーツ　ルーフアンテナ[rn]
24-4190,http://tshop.r10s.jp/autogarage/cabinet/shiftknob/bonpin/img56757613.jpg?fitin=700:700,784.0000,,車用品・バイク用品 > カー用品 > 外装パーツ > その他,3色から/簡単装着アルミダミーボンネットピン type1ボンピン,,"<table cellpadding=""0"" cellspacing=""0"" class=""setumei"">

<!--１行目ここから-->
<tr><th>
<!--項目１-->
商品説明文
</th><td>
<!--内容１-->
アルミダミーボンネットピンtype1です。裏面両面テープによる簡単装着です。フロント周りのアクセントにどうぞ、スポーティ度倍増します。ご希望の色をお選びください。
<!--１行目ここまで-->

<!--２行目ここから-->
<tr><th>
<!--項目２-->
サイズ
</th><td>
<!--内容２-->
8.5cmX4cm(縦X横） (最長部基準です。）
</td></tr>
<!--２行目ここまで-->

<!--３行目ここから-->
<tr><th>
<!--項目３-->
素材
</th><td>
<!--内容３-->
アルミ</td></tr>
<!--３行目ここまで-->

<!--４行目ここから-->
<tr><th>
<!--項目４-->
タイプ</th><td>
<!--内容４-->
汎用品です</td></tr>
<!--４行目ここまで-->

<!--5行目ここから-->
<tr><th>
<!--項目5-->
取り付け方法</th><td>
<!--内容5-->
裏面両面テープより簡単にお車に取り付けできます。
</td></tr>
<!--5行目ここまで-->

<!--6行目ここから-->
<tr><th>
<!--項目6-->
備考</th><td>
<!--内容6-->
値段重視の方はメール便発送164円が可能です。（ただし輸送時の破損紛失時補償はございませんのでご承知の上ご指定ください。）代引きの場合は普通郵便代引きが一番お安く送料205円と手数料370円の合計575円になります。
</td></tr>
<!--6行目ここまで-->

</table><img src=""http://image.rakuten.co.jp/autogarage/cabinet/layout_img/sp.gif"" width=""650"" height=""1"" border=""0"" />",3色から/簡単装着アルミダミーボンネットピン type1ボンピン：AUTO GARAGE 楽天市場支店,3色から/簡単装着アルミダミーボンネットピン type1ボンピン,3色から/簡単装着アルミダミーボンネットピン type1ボンピン[rn]
24-4191,http://tshop.r10s.jp/autogarage/cabinet/shiftknob/rotarcover/img56318325.jpg?fitin=700:700,2144.0000,,車用品・バイク用品 > カー用品 > 外装パーツ > その他,トヨタ　アクアG’s 取り付け例あり　ローターディスクブレーキ風カラードラムブレーキカバー　ハイグレードタイプ,ディスクブレーキ カバー ディスクブレーキ　4穴 5穴,"<table cellpadding=""0"" cellspacing=""0"" class=""setumei"">

<!--１行目ここから-->
<tr><th>
<!--項目１-->
商品説明文
</th><td>
<!--内容１-->
この商品はアクア専用の商品ではなく参考までに取り付け例として紹介しております。 画像は過去にお買い上げいただいたお客様からいただいた写真で取り付けには加工等が必要でそのまま 着かない場合がございますのでご了承の上ご注文お願いいたします。<br><br>ローターディスクブレーキ風カラードラムブレーキカバーです。あなたの愛車（ドラムブレーキ車）のドレスアップにいかがでしょうか？。
<!--１行目ここまで-->

<!--２行目ここから-->
<tr><th>
<!--項目２-->
サイズ
</th><td>
<!--内容２-->
直径26cm
</td></tr>
<!--２行目ここまで-->

<!--３行目ここから-->
<tr><th>
<!--項目３-->
素材
</th><td>
<!--内容３-->
アルミ</td></tr>
<!--３行目ここまで-->

<!--４行目ここから-->
<tr><th>
<!--項目４-->
タイプ</th><td>
<!--内容４-->
汎用品です</td></tr>
<!--４行目ここまで-->

<!--5行目ここから-->
<tr><th>
<!--項目5-->
取り付け方法</th><td>
<!--内容5-->
14インチホイル車もしくはそれ以上に適合します。
4穴、5穴車に使用できます。
</td></tr>
<!--5行目ここまで-->

<!--6行目ここから-->
<tr><th>
<!--項目6-->
備考</th><td>
<!--内容6-->
値段重視の方は普通郵便400円が可能です。（ただし輸送時の破損紛失時補償はございませんのでご承知の上ご指定ください。）代引きの場合は普通郵便代引きが一番お安く送料40と手数料370円の合計770円になります。
</td></tr>
<!--6行目ここまで-->

</table><img src=""http://image.rakuten.co.jp/autogarage/cabinet/layout_img/sp.gif"" width=""650"" height=""1"" border=""0"" />",トヨタ　アクアG&rsquo;s 取り付け例あり　ローターディスクブレーキ風カラードラムブレーキカバー　ハイグレードタイプ：AUTO GARAGE 楽天市場支店,トヨタ　アクアG&rsquo;s 取り付け例あり　ローターディスクブレーキ風カラードラムブレーキカバー　ハイグレードタイプ,ディスクブレーキ カバー ディスクブレーキ　4穴 5穴 。トヨタ　アクアG&rsquo;s 取り付け例あり　ローターディスクブレーキ風カラードラムブレーキカバー　ハイグレードタイプ[rn]
24-4192,http://tshop.r10s.jp/autogarage/cabinet/shiftknob/numbercap/imgrc0062272885.jpg?fitin=700:700,624.0000,,車用品・バイク用品 > カー用品 > 外装パーツ > その他,クリスタルライセンスボルトキャップ お得な4個セット,ナンバープレートのドレスアップに,"<table cellpadding=""0"" cellspacing=""0"" class=""setumei"">

<!--１行目ここから-->
<tr><th>
<!--項目１-->
商品説明文
</th><td>
<!--内容１-->
クリスタルライセンスボルトキャップ お得な4個セットです。純正のままだとナンバープレートのボルト付近は素っ気ないのですが、この商品を装着していただくことによりクリスタルがプレート周りの高級感が増します。是非この機会にどうぞ。 <!--１行目ここまで-->

<!--２行目ここから-->
<tr><th>
<!--項目２-->
サイズ
</th><td>
<!--内容２-->
1.4cmX1cm （クリスタルカバー部分;直径X高さ） （各サイズは最長部基準です。）</td></tr>
<!--２行目ここまで-->

<!--３行目ここから-->
<tr><th>
<!--項目３-->
素材
</th><td>
<!--内容３-->
プラスチック　
</td></tr>
<!--３行目ここまで-->

<!--４行目ここから-->
<tr><th>
<!--項目４-->
タイプ</th><td>
<!--内容４-->
汎用品です</td></tr>
<!--４行目ここまで-->

<!--5行目ここから-->
<tr><th>
<!--項目5-->
取り付け方法</th><td>
<!--内容5-->
付属ボルトに愛車のナンバープレートと共に固定します。 
</td></tr>
<!--5行目ここまで-->

<!--6行目ここから-->
<tr><th>
<!--項目6-->
備考</th><td>
<!--内容6-->
値段重視の方は定形外郵便発送140円が可能です。（ただし輸送時の破損紛失時補償はございませんのでご承知の上ご指定ください。）代引きの場合は普通郵便代引きが一番お安く送料140円と手数料370円の合計510円になります。
</td></tr>
<!--6行目ここまで-->

</table><img src=""http://image.rakuten.co.jp/autogarage/cabinet/layout_img/sp.gif"" width=""650"" height=""1"" border=""0"" />",クリスタルライセンスボルトキャップ お得な4個セット：AUTO GARAGE 楽天市場支店,クリスタルライセンスボルトキャップ お得な4個セット,ナンバープレートのドレスアップに。クリスタルライセンスボルトキャップ お得な4個セット[rn]
24-4193,http://tshop.r10s.jp/autogarage/cabinet/shiftknob/protector/img56344425.jpg?fitin=700:700,1584.0000,,車用品・バイク用品 > カー用品 > 外装パーツ > その他,2色より選択/高級感クリスタルドアプロテクター愛車の保護に　ドアエッジプロテクター,汎用　ドアガード　ドアエッジプロテクター ドアプロテクター,"<table cellpadding=""0"" cellspacing=""0"" class=""setumei"">

<!--１行目ここから-->
<tr><th>
<!--項目１-->
商品説明文
</th><td>
<!--内容１-->
クリスタルドアプロテクターです。柔らかい素材を使用しておりますのでドアプロテクターとしての利用のほかいろいろアイデアに応じて使えそうです。クリスタルデコレーションを3つ埋め込んでますので高級感もあります。4つで1セットです。
<!--１行目ここまで-->

<!--２行目ここから-->
<tr><th>
<!--項目２-->
サイズ
</th><td>
<!--内容２-->
11.5cmX1.9cmX1.2cm（長X幅X厚） （各サイズは最長部基準。）
</td></tr>
<!--２行目ここまで-->

<!--３行目ここから-->
<tr><th>
<!--項目３-->
素材
</th><td>
<!--内容３-->
ゴムのような柔らかい素材です。曲面にもある程度対応します。</td></tr>
<!--３行目ここまで-->

<!--４行目ここから-->
<tr><th>
<!--項目４-->
タイプ</th><td>
<!--内容４-->
汎用品です</td></tr>
<!--４行目ここまで-->

<!--5行目ここから-->
<tr><th>
<!--項目5-->
取り付け方法</th><td>
<!--内容5-->
裏面強力両面テープにより簡単にお車に取り付けできます。
</td></tr>
<!--5行目ここまで-->

<!--6行目ここから-->
<tr><th>
<!--項目6-->
備考</th><td>
<!--内容6-->
値段重視の方はメール便発送164円が可能です。（ただし輸送時の破損紛失時補償はございませんのでご承知の上ご指定ください。）代引きの場合は普通郵便代引きが一番お安く送料205円と手数料370円の合計575円になります。
</td></tr>
<!--6行目ここまで-->

</table><img src=""http://image.rakuten.co.jp/autogarage/cabinet/layout_img/sp.gif"" width=""650"" height=""1"" border=""0"" />",2色より選択/高級感クリスタルドアプロテクター愛車の保護に　ドアエッジプロテクター：AUTO GARAGE 楽天市場支店,2色より選択/高級感クリスタルドアプロテクター愛車の保護に　ドアエッジプロテクター,汎用　ドアガード　ドアエッジプロテクター ドアプロテクター。2色より選択/高級感クリスタルドアプロテクター愛車の保護に　ドアエッジプロテクター[rn]
24-4194,http://tshop.r10s.jp/autogarage/cabinet/shiftknob/numbercap/img57579348.jpg?fitin=700:700,384.0000,,車用品・バイク用品 > カー用品 > 外装パーツ > その他,簡単装着ナンバープレートボルトカバーボルトキャップtype2,,"<table cellpadding=""0"" cellspacing=""0"" class=""setumei"">

<!--１行目ここから-->
<tr><th>
<!--項目１-->
商品説明文
</th><td>
<!--内容１-->
ナンバープレートボルトカバーtype2です。通常はボルトの頭がむき出しになっていて素っ気ない部分をこのアイテムにより高級感を演出できます。取り付けも本品をボルトの上に裏面両面テープで貼り付けるだけです。

<br><br>ボルトのヘッドがむき出しにならずナンバーへのいたずらなどにも役立つかもしれません。またプチおしゃれを演出したい方には最適な商品です。<br><br>

<br><br>色はガンメタで高級感があります。<br><br>

<!--１行目ここまで-->

<!--２行目ここから-->
<tr><th>
<!--項目２-->
サイズ
</th><td>
<!--内容２-->
2.2cmX8mm(直径X厚）
</td></tr>
<!--２行目ここまで-->

<!--３行目ここから-->
<tr><th>
<!--項目３-->
素材
</th><td>
<!--内容３-->
プラスチック</td></tr>
<!--３行目ここまで-->

<!--４行目ここから-->
<tr><th>
<!--項目４-->
タイプ</th><td>
<!--内容４-->
汎用品です</td></tr>
<!--４行目ここまで-->

<!--5行目ここから-->
<tr><th>
<!--項目5-->
取り付け方法</th><td>
<!--内容5-->
裏面両面テープでナンバープレートのボルトに貼り付けます。
</td></tr>
<!--5行目ここまで-->

<!--6行目ここから-->
<tr><th>
<!--項目6-->
備考</th><td>
<!--内容6-->
値段重視の方はメール便発送164円が可能です。（ただし輸送時の破損紛失時補償はございませんのでご承知の上ご指定ください。）代引きの場合は普通郵便代引きが一番お安く送料140円と手数料370円の合計510円になります。
</td></tr>
<!--6行目ここまで-->

</table><img src=""http://image.rakuten.co.jp/autogarage/cabinet/layout_img/sp.gif"" width=""650"" height=""1"" border=""0"" />",簡単装着ナンバープレートボルトカバーボルトキャップtype2：AUTO GARAGE 楽天市場支店,簡単装着ナンバープレートボルトカバーボルトキャップtype2,簡単装着ナンバープレートボルトカバーボルトキャップtype2[rn]
24-4195,http://tshop.r10s.jp/j-auto/cabinet/04852773/imgrc0069394435.jpg?fitin=700:700,9440.0000,,車用品・バイク用品 > カー用品 > 外装パーツ > その他,ハイエース２００系　フルＬＥＤ　チューブタイプ　クリアホワイト＆レッドタイプ　　前期後期共通　１型～４型まで対応,,"<table width=""400"" bgcolor=""#999999"" cellspacing=""1"" cellpadding=""3""><tr><th colspan=""2"" align=""center"" bgcolor=""#e6e6e6""><b><font color=""#343434"">商品説明</font></b></th></tr><tr><th width=""94"" align=""center"" bgcolor=""#e6e6e6""><font size=""2"" color=""#333333"">商品名</font></th><td width=""291"" bgcolor=""#ffffff""><font size=""2"" color=""#343434"">●トヨタハイエース、レジアスエース（２００系）ＬＥＤ　クリアホワイト＆レッドタイプ　テール　チューブ管　ＬＥＤ　左右セット　新品未使用品です。&nbsp;</font></td></tr><tr><th width=""94"" align=""center"" bgcolor=""#e6e6e6""><font size=""2"" color=""#333333"">適合車種</font></th><td width=""291"" bgcolor=""#ffffff""><font size=""2"" color=""#343434"">●Ｈ１６年８月以降のハイエース　標準　ワイド共通　１型～４型まで対応！&nbsp;<br /><br />●純正カプラー差し替えかんたん装着タイプです。&nbsp;</font></td></tr><tr><th width=""94"" align=""center"" bgcolor=""#e6e6e6""><font size=""2"" color=""#333333"">商品内容</font></th><td width=""291"" bgcolor=""#ffffff""><font size=""2"" color=""#343434"">（商品説明は下記の通りです。）&nbsp;<br /><br />●高輝度LEDとファイバーを使用しておりますのでリアビューに今風のオシャレなユーロスタイルを演出致します。&nbsp;<br /><br />●ファイバーは均等に温もりのある優しい発光を致します。&nbsp;<br /><br />●ナイトシーンでのインパクトも抜群です。&nbsp;<br /><br />●スモール＆ブレーキ(LED28発・ファイバー7本）レッド光&nbsp;<br /><br />●ウィンカー（LED8発・ファイバー1本）イエロー光&nbsp;<br /><br />●バック（LED8発・ファイバー1本）ホワイト光&nbsp;<br /><br />●上記の高輝度LED片側48発・ファイバー9本のREDタイプテールです。&nbsp;<br /><br />●ハイフラ防止抵抗内臓型になります。&nbsp;<br /><br />●ブレーキ、スモール、バックすべてＬＥＤで点灯。 また赤色反射板を内臓致しておりますので夜間の安全性向上にも繋がります。 装着もｊ純正カプラーと同じ形状のものを採用しておりますのでカプラーオンにて装着可能です。&nbsp;<br /><br />●２００系ワイド＆標準共通　レジアスエース共通。&nbsp;<br /><br />●裏側パッキン左右付いております。&nbsp;<br /><br />●高輝度LED採用、鮮やかな色合いで演出します。</font></td></tr></table>",ハイエース２００系　フルＬＥＤ　チューブタイプ　クリアホワイト＆レッドタイプ　　前期後期共通　１型～４型まで対応：オートモービルパーツ,ハイエース２００系　フルＬＥＤ　チューブタイプ　クリアホワイト＆レッドタイプ　　前期後期共通　１型～４型まで対応,ハイエース２００系　フルＬＥＤ　チューブタイプ　クリアホワイト＆レッドタイプ　　前期後期共通　１型～４型まで対応[rn]
24-4196,http://tshop.r10s.jp/j-auto/cabinet/04852751/imgrc0070399641.jpg?fitin=700:700,9440.0000,,車用品・バイク用品 > カー用品 > 外装パーツ > その他,ハイエース２００系　フルＬＥＤ　チューブタイプ　表面クリア　　インナーブラックタイプ　　前期後期共通　１型～４型まで対応,,●トヨタハイエース、レジアスエース（２００系）ＬＥＤ　表面クリア/インナーッブラック　テール　チューブ管　ＬＥＤ　左右セット　新品未使用品です。●Ｈ１６年８月以降のハイエース　標準　ワイド共通　１型～４型まで対応！●純正カプラー差し替えかんたん装着タイプです。（商品説明は下記の通りです。）●高輝度LEDとファイバーを使用しておりますのでリアビューに今風のオシャレなユーロスタイルを演出致します。●ファイバーは均等に温もりのある優しい発光を致します。●ナイトシーンでのインパクトも抜群です。●スモール＆ブレーキ(LED28発・ファイバー7本）レッド光●ウィンカー（LED8発・ファイバー1本）イエロー光●バック（LED8発・ファイバー1本）ホワイト光●上記の高輝度LED片側48発・ファイバー9本のREDタイプテールです。●ハイフラ防止抵抗内臓型になります。●ブレーキ、スモール、バックすべてＬＥＤで点灯。また赤色反射板を内臓致しておりますので夜間の安全性向上にも繋がります。装着もｊ純正カプラーと同じ形状のものを採用しておりますのでカプラーオンにて装着可能です。●２００系ワイド＆標準共通　レジアスエース共通。●裏側パッキン左右付いております。●高輝度LED採用、鮮やかな色合いで演出します。,ハイエース２００系　フルＬＥＤ　チューブタイプ　表面クリア　　インナーブラックタイプ　　前期後期共通　１型～４型まで対応：オートモービルパーツ,ハイエース２００系　フルＬＥＤ　チューブタイプ　表面クリア　　インナーブラックタイプ　　前期後期共通　１型～４型まで対応,ハイエース２００系　フルＬＥＤ　チューブタイプ　表面クリア　　インナーブラックタイプ　　前期後期共通　１型～４型まで対応[rn]
24-4197,http://tshop.r10s.jp/j-auto/cabinet/05233763/imgrc0072316092.jpg?fitin=700:700,9440.0000,,車用品・バイク用品 > カー用品 > 外装パーツ > その他,高品質！ハイエース２００系　標準＆ワイド車共通　縦型ラインタイプ両側合計２００発ＬＥＤテール　クリアレッドタイプ,,"<table width=""400"" bgcolor=""#999999"" cellspacing=""1"" cellpadding=""3""><tr><th colspan=""2"" align=""center"" bgcolor=""#e6e6e6""><b><font color=""#343434"">商品説明</font></b></th></tr><tr><th width=""94"" align=""center"" bgcolor=""#e6e6e6""><font size=""2"" color=""#333333"">商品名</font></th><td width=""291"" bgcolor=""#ffffff""><font size=""2"" color=""#343434"">●『スーパーSALE　10％OFF対象商品』高品質！ハイエース２００系　標準＆ワイド車共通　縦型ラインタイプ両側合計２００発ＬＥＤテール　クリアレッドタイプ&nbsp;</font></td></tr><tr><th width=""94"" align=""center"" bgcolor=""#e6e6e6""><font size=""2"" color=""#333333"">適合車種</font></th><td width=""291"" bgcolor=""#ffffff""><font size=""2"" color=""#343434"">●Ｈ１６年８月以降～現行４型タイプのハイエース＆レジアスエースに幅広く対応！&nbsp;<br /><br />●クリアテールハウジング内に従来にはない片側１００発左右合計２００発のLEDを搭載！&nbsp;<br /><br />●標準車＆ワイド車両適合！ ※スモール＆ブレーキ部分　４４発LED　赤色レッド発光 ※ウィンカー部分　４４発LED　オレンジ発光 ※バックランプ部分　１２発LED　ホワイト　白発光&nbsp;</font></td></tr><tr><th width=""94"" align=""center"" bgcolor=""#e6e6e6""><font size=""2"" color=""#333333"">商品内容</font></th><td width=""291"" bgcolor=""#ffffff""><font size=""2"" color=""#343434"">●クリアレンズ内にたくさんのLEDを搭載しておりますので点灯時と非点灯時の見た目が３６０度変化！昼間と夜間の差がはっきり醸し出されるクラス最高峰の圧倒されるほどの２００発LEDタイプ！&nbsp;<br /><br />●裏面完全防水、ハイフラ防水機能を搭載！&nbsp;<br /><br />●夜間、ナイトシーンで鮮やかな２００発ＬＥＤを演出！後続車にアピール度満点！　追突防止にも役立ちます。&nbsp;<br /><br />●テール裏面に装着するラバーパッキンも左右付属。&nbsp;<br /><br />●装着は純正カプラーオンでかんたん装着！&nbsp;<br /><br />●スタイルも視認性も従来のLEDテールに比べて大幅ＵＰ！！ (ハイフラ防止用のユニットは左右に設置済みです。)&nbsp;</font></td></tr></table>",高品質！ハイエース２００系　標準＆ワイド車共通　縦型ラインタイプ両側合計２００発ＬＥＤテール　クリアレッドタイプ：オートモービルパーツ,高品質！ハイエース２００系　標準＆ワイド車共通　縦型ラインタイプ両側合計２００発ＬＥＤテール　クリアレッドタイプ,高品質！ハイエース２００系　標準＆ワイド車共通　縦型ラインタイプ両側合計２００発ＬＥＤテール　クリアレッドタイプ[rn]
24-4198,http://tshop.r10s.jp/j-auto/cabinet/04844261/imgrc0069095310.jpg?fitin=700:700,2072.0000,,車用品・バイク用品 > カー用品 > 外装パーツ > その他,送料無料！工事現場、自動車ボディ、工場施設、工事現場などに！超反射性能！黄色イエロー色反射蛍光テープ幅５ｃｍＸ長さ４５ｍタップリサイズ,,"<div class='c6spwrp'><style><!--.c6spwrp div,.c6spwrp img,.c6spwrp table,.c6spwrp tr,.c6spwrp td{width:auto;height:auto;padding:0;margin:0;overflow:hidden}.c6spwrp td{float:none !important}.c6spwrp,.c6spwrp div,.c6spwrp div h3,.c6spwrp div p{display:block}.c6spwrp div table{display:table;width:auto;height:auto;padding:0;margin:0;border-spacing:0}.c6spwrp div table tr,.c6spwrp div table tbody tr{display:table-row}.c6spwrp div table tr td,.c6spwrp div table tbody tr td{display:table-cell;float:none !important;vertical-align:top}.c6spwrp table table{width:100%}.c6spwrp,.c6spwrp th,.c6spwrp td{color:#000000;font-size:16px !important;font-family:'ヒラギノ角ゴ Pro W3','Hiragino Kaku Gothic Pro',メイリオ,Meiryo,Osaka,'ＭＳ Ｐゴシック','MS PGothic',sans-serif;text-align:center}.c6spwrp div h3,.c6spwrp div p,.c6spwrp strong{word-wrap:break-word;word-break:break-all;padding:0;margin-top:0.5em;margin-bottom:0.5em;line-height:1.4;text-align:left;overflow:visible}.c6spwrp div h3,.c6spwrp strong{font-size:117%;}.c6spim{vertical-align:top}.c6spwrp div.c6spim{margin-left:auto;margin-right:auto;text-align:center}.c6spwrp p.c6spim{text-align:center}.c6spwrp div img,.c6spwrp div a img{border:none;vertical-align:bottom}.c6spwrp div,.c6spwrp table {height:auto}.c6spwrp div{overflow:hidden}.c6spwrp div div{overflow:visible}.c6spwrp > div:after,.c6spwrp > table:after {content:"""";display:block;height:0;clear:both;visibility:hidden}.c6spwrp{width:710px;height:auto;background:#FFFFFF;margin-left:auto;margin-right:auto;padding:0}#c6spb0{background:transparent;padding:5px 0}#c6spb0 table{border-spacing:10px;margin:-10px;width:730px}#c6spc0{width:706px;background:#ffffff;border:solid #000000 2px;padding:0}.c6spim{width:100%;height:auto}--></style><!--[if gte IE 6.0]><style>.c6spwrp,.c6spwrp div,.c6spwrp h3,.c6spwrp p,.c6spwrp th,.c6spwrp td{zoom:1}.c6spwrp,.c6spwrp th,.c6spwrp td{font-size:16px !important}.c6spwrp{width:710px}#c6spc0{width:710px}</style><![endif]--><div id=""c6spb0""><table cellspacing=""10""><tr><td id=""c6spc0""><p>●お買い得タップリサイズ、幅５ｃｍＸ長さ４５ｍサイズの蛍光反射テープ　（イエロー黄色反射）タイプ<br><br>●貼る場所も自由自在、長さがタップリ４５ｍ　貼りやすく、曲がりにくい材質、防水タイプの表面仕上げになっております。<br><br>●夜間で光が当たると鮮やかに発光反射になります。　<br><br>●高精度発光タイプ！<br><br>●トラックのリア、荷台部分、工場施設内、工事現場、駐車場の支柱などでの事故防止などにも！<br><br>●夜間にアピール度満点、使い方、貼り方いろいろあります！！<br><br>●商品の性質上、箱、商品等に細かい擦れ等がある場合があります。<br><br>●但し、コメントしている以外に、商品に初期不良がありましたら到着後７日以内にご連絡ください。<br><br>●管理番号　７２８　反射テープ　黄</table></div></div>",送料無料！工事現場、自動車ボディ、工場施設、工事現場などに！超反射性能！黄色イエロー色反射蛍光テープ幅５ｃｍＸ長さ４５ｍタップリサイズ：オートモービルパーツ,送料無料！工事現場、自動車ボディ、工場施設、工事現場などに！超反射性能！黄色イエロー色反射蛍光テープ幅５ｃｍＸ長さ４５ｍタップリサイズ,送料無料！工事現場、自動車ボディ、工場施設、工事現場などに！超反射性能！黄色イエロー色反射蛍光テープ幅５ｃｍＸ長さ４５ｍタップリサイズ[rn]
24-4199,http://tshop.r10s.jp/j-auto/cabinet/04844266/imgrc0068683339.jpg?fitin=700:700,1360.0000,,車用品・バイク用品 > カー用品 > 外装パーツ > その他,愛車のドレスアップに　メッキ　モール　プロテクターテープ１５Ｍたっぷりサイズ　幅　１０ｍｍ １ｃｍ幅,,"<table width=""400"" bgcolor=""#999999"" cellspacing=""1"" cellpadding=""3""><tr><th colspan=""2"" align=""center"" bgcolor=""#e6e6e6""><b><font color=""#343434"">商品説明</font></b></th></tr><tr><th width=""94"" align=""center"" bgcolor=""#e6e6e6""><font size=""2"" color=""#333333"">商品名</font></th><td width=""291"" bgcolor=""#ffffff""><font size=""2"" color=""#343434"">●愛車のドレスアップに　メッキ　モール　プロテクターテープ１５Ｍたっぷりサイズ　幅　１０ｍｍ!</font></td></tr><tr><th width=""94"" align=""center"" bgcolor=""#e6e6e6""><font size=""2"" color=""#333333"">適合車種</font></th><td width=""291"" bgcolor=""#ffffff""><font size=""2"" color=""#343434"">●汎用型</font></td></tr><tr><th width=""94"" align=""center"" bgcolor=""#e6e6e6""><font size=""2"" color=""#333333"">商品内容</font></th><td width=""291"" bgcolor=""#ffffff""><font size=""2"" color=""#343434"">メッキモールプロテクター両面テープ付き　長さ１５ｍサイズ１ロールセットです。 自由にカットしてすぐに使える両面テープ付！　たっぷり１５ｍです! 　<br /><br />■ 新品未使用 　<br /><br />■ カラー　：　メッキ調シルバー 表面セロファン加工済み　 　<br /><br />■ 裏面両面テープ付 　<br /><br />■ サイズ　：長さ１５Ｍ　厚み２ｍｍ　 　幅　１０ｍｍ&nbsp;<br /><br />●愛車のさりげないドレスアップに！フロントグリルやドアモール　ボデイードア　トランク　ボンネットなどにアクセントとして自由にカットして使用できます。&nbsp;<br /><br />●タップリ１５ｍサイズですので、普通車ぐるっと一周貼ってもまだ余ります。テープ表面にクリアセロファンが貼ってありますので、装着貼り付け後、セロファンをはがしていただくとさらに光沢の出るメッキ調になります。&nbsp;<br /><br />●ロール巻き１５Ｍサイズ&nbsp;<br /><br />●取り付け方法等は、各自で自己責任の上、ご理解ください。&nbsp;<br /><br />●イメージ写真等で、フロントグリル、ドアモール、バンパーコーナーなどにフレキシブルに曲線等でも対応できるテープになります。<br /><br />●１ロール約１５ｍのたっぷりサイズです。</font></td></tr></table>",愛車のドレスアップに　メッキ　モール　プロテクターテープ１５Ｍたっぷりサイズ　幅　１０ｍｍ １ｃｍ幅：オートモービルパーツ,愛車のドレスアップに　メッキ　モール　プロテクターテープ１５Ｍたっぷりサイズ　幅　１０ｍｍ １ｃｍ幅,愛車のドレスアップに　メッキ　モール　プロテクターテープ１５Ｍたっぷりサイズ　幅　１０ｍｍ １ｃｍ幅[rn]
24-4200,http://tshop.r10s.jp/j-auto/cabinet/04844266/imgrc0068683339.jpg?fitin=700:700,1360.0000,,車用品・バイク用品 > カー用品 > 外装パーツ > その他,愛車のドレスアップに　メッキ　モール　プロテクターテープ１５Ｍたっぷりサイズ　幅　１２ｍｍ,,"<table width=""400"" bgcolor=""#999999"" cellspacing=""1"" cellpadding=""3""><tr><th colspan=""2"" align=""center"" bgcolor=""#e6e6e6""><b><font color=""#343434"">商品説明</font></b></th></tr><tr><th width=""94"" align=""center"" bgcolor=""#e6e6e6""><font size=""2"" color=""#333333"">商品名</font></th><td width=""291"" bgcolor=""#ffffff""><font size=""2"" color=""#343434"">●メッキモールプロテクター両面テープ付き　長さ１５ｍサイズ１ロールセットです。 自由にカットしてすぐに使える両面テープ付！　たっぷり１５ｍです!&nbsp;</font></td></tr><tr><th width=""94"" align=""center"" bgcolor=""#e6e6e6""><font size=""2"" color=""#333333"">適合車種</font></th><td width=""291"" bgcolor=""#ffffff""><font size=""2"" color=""#343434"">●汎用型</font></td></tr><tr><th width=""94"" align=""center"" bgcolor=""#e6e6e6""><font size=""2"" color=""#333333"">商品内容</font></th><td width=""291"" bgcolor=""#ffffff""><font size=""2"" color=""#343434"">■ 新品未使用 　<br /><br />■ カラー　：　メッキ調シルバー 表面セロファン加工済み　 　<br /><br />■ 裏面両面テープ付 　<br /><br />■ サイズ　：長さ１５Ｍ　厚み２ｍｍ　 　幅　１２ｍｍ&nbsp;<br /><br />●愛車のさりげないドレスアップに！フロントグリルやドアモール　ボデイードア　トランク　ボンネットなどにアクセントとして自由にカットして使用できます。&nbsp;<br /><br />●タップリ１５ｍサイズですので、普通車ぐるっと一周貼ってもまだ余ります。テープ表面にクリアセロファンが貼ってありますので、装着貼り付け後、セロファンをはがしていただくとさらに光沢の出るメッキ調になります。&nbsp;<br /><br />●ロール巻き１５Ｍサイズ ●取り付け方法等は、各自で自己責任の上、ご理解ください。&nbsp;<br /><br />●イメージ写真等で、フロントグリル、ドアモール、バンパーコーナーなどにフレキシブルに曲線等でも対応できるテープになります。&nbsp;<br /><br />●１ロール約１５ｍのたっぷりサイズです。</font></td></tr></table>",愛車のドレスアップに　メッキ　モール　プロテクターテープ１５Ｍたっぷりサイズ　幅　１２ｍｍ：オートモービルパーツ,愛車のドレスアップに　メッキ　モール　プロテクターテープ１５Ｍたっぷりサイズ　幅　１２ｍｍ,愛車のドレスアップに　メッキ　モール　プロテクターテープ１５Ｍたっぷりサイズ　幅　１２ｍｍ[rn]
