16-77301,http://tshop.r10s.jp/fukuroya-shop/cabinet/02093156/poli/02674487/img59477677.jpg?fitin=700:700,620.0000,,日用品雑貨・文房具・手芸 > 日用品・生活雑貨 > 梱包資材 > その他,ナイロンポリ Ｌタイプ ＮＯ．７Ｂ４【１５０×２００mm】【１００枚入】【福助】,業務用真空袋,"<img width=""100%"" src=""http://image.rakuten.co.jp/fukuroya-shop/cabinet/9rks11.jpg""/><img width=""100%"" src=""http://image.rakuten.co.jp/fukuroya-shop/cabinet/9rks12.jpg""/>

最も一般的に利用されるポリ袋です。手触りが柔らかく、しなやかな素材。しわになりにくい。

●サイズ：幅１５０mm×長２００mm
●出荷ロット：1袋　１００枚入り
●構成：ＯＮｙ１５/Ｌ－ＬＤＰＥ６０
●用途
・こんにゃく、漬物、水産加工品
・米、煮豆、惣菜など
・冷凍食品
●商品特徴
・１袋１００枚入りとなっています。
・－４０℃の冷凍食品包装から、１００℃３０分の高温ボイル殺菌まで幅広く対応できます。
・ナイロンをベースに、Ｌ－ＬＤＰＥをラミネートしていますので、衝撃強度・突刺強度及び耐寒性に優れています。 
・ヒートシール性が良好で、真空包装・水物包装での耐ピンホール性が抜群です。
・ボイル殺菌・熱充填に適しています。
・開封性を良くするため、Ｖ型ノッチ加工されています。
・シール幅は、両サイド１０ｍｍ・底１０ｍｍの三方シール袋です。
・外装袋には、バーコードが印刷されています。",ナイロンポリ Ｌタイプ ＮＯ．７Ｂ４【１５０&times;２００mm】【１００枚入】【福助】：ふくろや楽天市場店,ポリ袋野菜袋ボードンボードン袋ＯＰＰポリ半透明レジ袋ナイロンポリ真空袋ゴミ袋クリスタルパックチャック付ユニパック結束テープ容器惣菜容器弁当容器ゴムバンド保冷バックナイロンポリ Ｌタイプ ＮＯ．７Ｂ４【１５０&times;２００mm】【１００枚入】【福助】,業務用真空袋。ナイロンポリ Ｌタイプ ＮＯ．７Ｂ４【１５０&times;２００mm】【１００枚入】【福助】[rn]
16-77302,http://tshop.r10s.jp/fukuroya-shop/cabinet/02093156/poli/02674487/img59477676.jpg?fitin=700:700,696.0000,,日用品雑貨・文房具・手芸 > 日用品・生活雑貨 > 梱包資材 > その他,ナイロンポリＬタイプ ＮＯ．７Ｂ【幅１５０mm×長２３０mm】【100枚入】【福助】,業務用真空袋,"<img width=""100%"" src=""http://image.rakuten.co.jp/fukuroya-shop/cabinet/9rks11.jpg""/><img width=""100%"" src=""http://image.rakuten.co.jp/fukuroya-shop/cabinet/9rks12.jpg""/>

最も一般的に利用されるポリ袋です。手触りが柔らかく、しなやかな素材。しわになりにくい。

●サイズ：幅１５０mm×長２３０mm
●出荷ロット：1袋　１００枚入り
●構成：ＯＮｙ１５/Ｌ－ＬＤＰＥ６０
●用途
・こんにゃく、漬物、水産加工品
・米、煮豆、惣菜など
・冷凍食品
●商品特徴
・１袋１００枚入りとなっています。
・－４０℃の冷凍食品包装から、１００℃３０分の高温ボイル殺菌まで幅広く対応できます。
・ナイロンをベースに、Ｌ－ＬＤＰＥをラミネートしていますので、衝撃強度・突刺強度及び耐寒性に優れています。 
・ヒートシール性が良好で、真空包装・水物包装での耐ピンホール性が抜群です。
・ボイル殺菌・熱充填に適しています。
・開封性を良くするため、Ｖ型ノッチ加工されています。
・シール幅は、両サイド１０ｍｍ・底１０ｍｍの三方シール袋です。
・外装袋には、バーコードが印刷されています。",ナイロンポリＬタイプ ＮＯ．７Ｂ【幅１５０mm&times;長２３０mm】【100枚入】【福助】：ふくろや楽天市場店,ポリ袋野菜袋ボードンボードン袋ＯＰＰポリ半透明レジ袋ナイロンポリ真空袋ゴミ袋クリスタルパックチャック付ユニパック結束テープ容器惣菜容器弁当容器ゴムバンド保冷バックナイロンポリＬタイプ ＮＯ．７Ｂ【幅１５０mm&times;長２３０mm】【100枚入】【福助】,業務用真空袋。ナイロンポリＬタイプ ＮＯ．７Ｂ【幅１５０mm&times;長２３０mm】【100枚入】【福助】[rn]
16-77303,http://tshop.r10s.jp/fukuroya-shop/cabinet/02093156/poli/02674487/img59477679.jpg?fitin=700:700,676.0000,,日用品雑貨・文房具・手芸 > 日用品・生活雑貨 > 梱包資材 > その他,ナイロンポリ Ｌタイプ ＮＯ．９Ｂ４【１６０×２００mm】【１００枚入】【福助】,業務用真空袋,"<img width=""100%"" src=""http://image.rakuten.co.jp/fukuroya-shop/cabinet/9rks11.jpg""/><img width=""100%"" src=""http://image.rakuten.co.jp/fukuroya-shop/cabinet/9rks12.jpg""/>

最も一般的に利用されるポリ袋です。手触りが柔らかく、しなやかな素材。しわになりにくい。

●サイズ：幅１６０mm×長２００mm
●出荷ロット：1袋　１００枚入り
●構成：ＯＮｙ１５/Ｌ－ＬＤＰＥ６０
●用途
・こんにゃく、漬物、水産加工品
・米、煮豆、惣菜など
・冷凍食品
●商品特徴
・１袋１００枚入りとなっています。
・－４０℃の冷凍食品包装から、１００℃３０分の高温ボイル殺菌まで幅広く対応できます。
・ナイロンをベースに、Ｌ－ＬＤＰＥをラミネートしていますので、衝撃強度・突刺強度及び耐寒性に優れています。 
・ヒートシール性が良好で、真空包装・水物包装での耐ピンホール性が抜群です。
・ボイル殺菌・熱充填に適しています。
・開封性を良くするため、Ｖ型ノッチ加工されています。
・シール幅は、両サイド１０ｍｍ・底１０ｍｍの三方シール袋です。
・外装袋には、バーコードが印刷されています。",ナイロンポリ Ｌタイプ ＮＯ．９Ｂ４【１６０&times;２００mm】【１００枚入】【福助】：ふくろや楽天市場店,ポリ袋野菜袋ボードンボードン袋ＯＰＰポリ半透明レジ袋ナイロンポリ真空袋ゴミ袋クリスタルパックチャック付ユニパック結束テープ容器惣菜容器弁当容器ゴムバンド保冷バックナイロンポリ Ｌタイプ ＮＯ．９Ｂ４【１６０&times;２００mm】【１００枚入】【福助】,業務用真空袋。ナイロンポリ Ｌタイプ ＮＯ．９Ｂ４【１６０&times;２００mm】【１００枚入】【福助】[rn]
16-77304,http://tshop.r10s.jp/fukuroya-shop/cabinet/02093156/poli/02674487/img60454008.jpg?fitin=700:700,636.0000,,日用品雑貨・文房具・手芸 > 日用品・生活雑貨 > 梱包資材 > その他,ナイロンポリ ＴＬタイプ16‐25【１６０×２５０mm】【１００枚入】【福助】,業務用真空袋,"最も一般的に利用されるポリ袋です。手触りが柔らかく、しなやかな素材。しわになりにくい。

●サイズ：幅１６０mm×長２５０mm
●出荷ロット：1袋　１００枚入り
●構成：ＯＮｙ１５/Ｌ－ＬＤＰＥ２５/Ｌ－ＬＤＰＥ３０
●用途
・こんにゃく、漬物、水産加工品
・米、煮豆、惣菜など
・冷凍食品
●商品特徴
・１袋１００枚入りとなっています。
・－４０℃の冷凍食品包装から、９５℃３０分の高温ボイル殺菌まで幅広く対応できます。
・真空包装適正に優れています。
フィルムのコシが柔軟であり、真空包装・水物包装・冷凍食品包装での耐ピンホールが抜群です。
・突刺強度に優れています。
ナイロンをベースに衝撃強度・突刺強度及び、耐寒性に優れています。
・ボイル殺菌・熱充填に適しています。
・開封性を良くするため、Ｖ型ノッチ加工されています。
・シール幅は、両サイド１０ｍｍ・底１０ｍｍの三方シール袋です。
・外装袋には、バーコードが印刷されています。",ナイロンポリ ＴＬタイプ16‐25【１６０&times;２５０mm】【１００枚入】【福助】：ふくろや楽天市場店,ポリ袋野菜袋ボードンボードン袋ＯＰＰポリ半透明レジ袋ナイロンポリ真空袋ゴミ袋クリスタルパックチャック付ユニパック結束テープ容器惣菜容器弁当容器ゴムバンド保冷バックナイロンポリ ＴＬタイプ16‐25【１６０&times;２５０mm】【１００枚入】【福助】,業務用真空袋。ナイロンポリ ＴＬタイプ16‐25【１６０&times;２５０mm】【１００枚入】【福助】[rn]
16-77305,http://tshop.r10s.jp/fukuroya-shop/cabinet/02093156/poli/02674487/imgrc0087691021.jpg?fitin=700:700,812.0000,,日用品雑貨・文房具・手芸 > 日用品・生活雑貨 > 梱包資材 > その他,ナイロンポリ ＴＬタイプ18‐26【160×260mm】【100枚入】【福助】,業務用真空袋,"最も一般的に利用されるポリ袋です。手触りが柔らかく、しなやかな素材。しわになりにくい。

●サイズ：幅１８０mm×長２６０mm
●出荷ロット：1袋　１００枚入り
●構成：ＯＮｙ１５/Ｌ－ＬＤＰＥ２５/Ｌ－ＬＤＰＥ３０
●用途
・こんにゃく、漬物、水産加工品
・米、煮豆、惣菜など
・冷凍食品
●商品特徴
・１袋１００枚入りとなっています。
・－４０℃の冷凍食品包装から、９５℃３０分の高温ボイル殺菌まで幅広く対応できます。
・真空包装適正に優れています。
フィルムのコシが柔軟であり、真空包装・水物包装・冷凍食品包装での耐ピンホールが抜群です。
・突刺強度に優れています。
ナイロンをベースに衝撃強度・突刺強度及び、耐寒性に優れています。
・ボイル殺菌・熱充填に適しています。
・開封性を良くするため、Ｖ型ノッチ加工されています。
・シール幅は、両サイド１０ｍｍ・底１０ｍｍの三方シール袋です。
・外装袋には、バーコードが印刷されています。",ナイロンポリ ＴＬタイプ18‐26【160&times;260mm】【100枚入】【福助】：ふくろや楽天市場店,ポリ袋野菜袋ボードンボードン袋ＯＰＰポリ半透明レジ袋ナイロンポリ真空袋ゴミ袋クリスタルパックチャック付ユニパック結束テープ容器惣菜容器弁当容器ゴムバンド保冷バックナイロンポリ ＴＬタイプ18‐26【160&times;260mm】【100枚入】【福助】,業務用真空袋。ナイロンポリ ＴＬタイプ18‐26【160&times;260mm】【100枚入】【福助】[rn]
16-77306,http://tshop.r10s.jp/fukuroya-shop/cabinet/02093156/poli/02674487/img59477678.jpg?fitin=700:700,768.0000,,日用品雑貨・文房具・手芸 > 日用品・生活雑貨 > 梱包資材 > その他,ナイロンポリ Ｌタイプ ＮＯ．９Ｂ【１６０×２５０mm】【１００枚入】【福助】,業務用真空袋,"<img width=""100%"" src=""http://image.rakuten.co.jp/fukuroya-shop/cabinet/9rks11.jpg""/><img width=""100%"" src=""http://image.rakuten.co.jp/fukuroya-shop/cabinet/9rks12.jpg""/>

最も一般的に利用されるポリ袋です。手触りが柔らかく、しなやかな素材。しわになりにくい。

●サイズ：幅１６０mm×長２５０mm
●出荷ロット：1袋　１００枚入り
●構成：ＯＮｙ１５/Ｌ－ＬＤＰＥ６０
●用途
・こんにゃく、漬物、水産加工品
・米、煮豆、惣菜など
・冷凍食品
●商品特徴
・１袋１００枚入りとなっています。
・－４０℃の冷凍食品包装から、１００℃３０分の高温ボイル殺菌まで幅広く対応できます。
・ナイロンをベースに、Ｌ－ＬＤＰＥをラミネートしていますので、衝撃強度・突刺強度及び耐寒性に優れています。 
・ヒートシール性が良好で、真空包装・水物包装での耐ピンホール性が抜群です。
・ボイル殺菌・熱充填に適しています。
・開封性を良くするため、Ｖ型ノッチ加工されています。
・シール幅は、両サイド１０ｍｍ・底１０ｍｍの三方シール袋です。
・外装袋には、バーコードが印刷されています。",ナイロンポリ Ｌタイプ ＮＯ．９Ｂ【１６０&times;２５０mm】【１００枚入】【福助】：ふくろや楽天市場店,ポリ袋野菜袋ボードンボードン袋ＯＰＰポリ半透明レジ袋ナイロンポリ真空袋ゴミ袋クリスタルパックチャック付ユニパック結束テープ容器惣菜容器弁当容器ゴムバンド保冷バックナイロンポリ Ｌタイプ ＮＯ．９Ｂ【１６０&times;２５０mm】【１００枚入】【福助】,業務用真空袋。ナイロンポリ Ｌタイプ ＮＯ．９Ｂ【１６０&times;２５０mm】【１００枚入】【福助】[rn]
16-77307,http://tshop.r10s.jp/fukuroya-shop/cabinet/02093156/poli/02674487/img59477681.jpg?fitin=700:700,840.0000,,日用品雑貨・文房具・手芸 > 日用品・生活雑貨 > 梱包資材 > その他,ナイロンポリ Ｌタイプ ＮＯ．１１Ｂ【幅１８０mm×長２６０mm】【１００枚入】【福助】,業務用真空袋,"<img width=""100%"" src=""http://image.rakuten.co.jp/fukuroya-shop/cabinet/9rks11.jpg""/><img width=""100%"" src=""http://image.rakuten.co.jp/fukuroya-shop/cabinet/9rks12.jpg""/>

最も一般的に利用されるポリ袋です。手触りが柔らかく、しなやかな素材。しわになりにくい。

●サイズ：幅１８０mm×長２６０mm
●出荷ロット：1袋　１００枚入り
●構成：ＯＮｙ１５/Ｌ－ＬＤＰＥ６０
●用途
・こんにゃく、漬物、水産加工品
・米、煮豆、惣菜など
・冷凍食品
●商品特徴
・１袋１００枚入りとなっています。
・－４０℃の冷凍食品包装から、１００℃３０分の高温ボイル殺菌まで幅広く対応できます。
・ナイロンをベースに、Ｌ－ＬＤＰＥをラミネートしていますので、衝撃強度・突刺強度及び耐寒性に優れています。 
・ヒートシール性が良好で、真空包装・水物包装での耐ピンホール性が抜群です。
・ボイル殺菌・熱充填に適しています。
・開封性を良くするため、Ｖ型ノッチ加工されています。
・シール幅は、両サイド１０ｍｍ・底１０ｍｍの三方シール袋です。
・外装袋には、バーコードが印刷されています。",ナイロンポリ Ｌタイプ ＮＯ．１１Ｂ【幅１８０mm&times;長２６０mm】【１００枚入】【福助】：ふくろや楽天市場店,ポリ袋野菜袋ボードンボードン袋ＯＰＰポリ半透明レジ袋ナイロンポリ真空袋ゴミ袋クリスタルパックチャック付ユニパック結束テープ容器惣菜容器弁当容器ゴムバンド保冷バックナイロンポリ Ｌタイプ ＮＯ．１１Ｂ【幅１８０mm&times;長２６０mm】【１００枚入】【福助】,業務用真空袋。ナイロンポリ Ｌタイプ ＮＯ．１１Ｂ【幅１８０mm&times;長２６０mm】【１００枚入】【福助】[rn]
16-77308,http://tshop.r10s.jp/fukuroya-shop/cabinet/02093156/poli/02674487/imgrc0086146333.jpg?fitin=700:700,1092.0000,,日用品雑貨・文房具・手芸 > 日用品・生活雑貨 > 梱包資材 > その他,ナイロンポリ ＴＬタイプ17‐40【170×400mm】【100枚入】【福助】,業務用真空袋,"最も一般的に利用されるポリ袋です。手触りが柔らかく、しなやかな素材。しわになりにくい。

●サイズ：幅１７０mm×長４００mm
●出荷ロット：1袋　１００枚入り
●構成：ＯＮｙ１５/Ｌ－ＬＤＰＥ２５/Ｌ－ＬＤＰＥ３０
●用途
・こんにゃく、漬物、水産加工品
・米、煮豆、惣菜など
・冷凍食品
●商品特徴
・１袋１００枚入りとなっています。
・－４０℃の冷凍食品包装から、９５℃３０分の高温ボイル殺菌まで幅広く対応できます。
・真空包装適正に優れています。
フィルムのコシが柔軟であり、真空包装・水物包装・冷凍食品包装での耐ピンホールが抜群です。
・突刺強度に優れています。
ナイロンをベースに衝撃強度・突刺強度及び、耐寒性に優れています。
・ボイル殺菌・熱充填に適しています。
・開封性を良くするため、Ｖ型ノッチ加工されています。
・シール幅は、両サイド１０ｍｍ・底１０ｍｍの三方シール袋です。
・外装袋には、バーコードが印刷されています。",ナイロンポリ ＴＬタイプ17‐40【170&times;400mm】【100枚入】【福助】：ふくろや楽天市場店,ポリ袋野菜袋ボードンボードン袋ＯＰＰポリ半透明レジ袋ナイロンポリ真空袋ゴミ袋クリスタルパックチャック付ユニパック結束テープ容器惣菜容器弁当容器ゴムバンド保冷バックナイロンポリ ＴＬタイプ17‐40【170&times;400mm】【100枚入】【福助】,業務用真空袋。ナイロンポリ ＴＬタイプ17‐40【170&times;400mm】【100枚入】【福助】[rn]
16-77309,http://tshop.r10s.jp/fukuroya-shop/cabinet/02093156/poli/02674487/imgrc0081217463.jpg?fitin=700:700,1264.0000,,日用品雑貨・文房具・手芸 > 日用品・生活雑貨 > 梱包資材 > その他,ナイロンポリ Ｆタイプ ＮＯ．２３【170×380mm】【100枚入】【福助】,業務用真空袋,"最も一般的に利用されるポリ袋です。手触りが柔らかく、しなやかな素材。しわになりにくい。

●サイズ：幅１７０mm×長３８０mm
●出荷ロット：１袋　１００枚入
●構成：ＯＮｙ１５/ＬＤＰＥ２０/Ｌ－ＬＤＰＥ４０
●用途
・ちくわ、蒲鉾など
・天ぷら、薩摩揚げ、一夜干し、スモークサーモン、しめ鯖、鰹節、甘露煮、蒲焼など
・タケノコ、れんこん、山菜など
・カレー、シチュー、ミートソース、たまご焼き、肉団子など
●商品特徴
・－４０℃の冷凍食品包装から、８５℃３０分のボイル殺菌まで幅広く対応できます。
・フィルムのコシが極めて柔軟で、真空包装適正（脱気適正）に優れています。
・ナイロンをベースに、Ｌ－ＬＤＰＥをラミネートしていますので、衝撃強度・突刺強度及び耐寒性に優れています。 
・真空包装・水物包装・冷凍食品包装での耐ピンホール性が抜群です。
・開封性を良くするため、Ｕ型ノッチ加工されています。
・シール幅は、両サイド５ｍｍ・底５ｍｍの三方シール袋です。
・外装袋には、バーコードが印刷されています。",ナイロンポリ Ｆタイプ ＮＯ．２３【170&times;380mm】【100枚入】【福助】：ふくろや楽天市場店,ポリ袋野菜袋ボードンボードン袋ＯＰＰポリ半透明レジ袋ナイロンポリ真空袋ゴミ袋クリスタルパックチャック付ユニパック結束テープ容器惣菜容器弁当容器ゴムバンド保冷バックナイロンポリ Ｆタイプ ＮＯ．２３【170&times;380mm】【100枚入】【福助】,業務用真空袋。ナイロンポリ Ｆタイプ ＮＯ．２３【170&times;380mm】【100枚入】【福助】[rn]
16-77310,http://tshop.r10s.jp/fukuroya-shop/cabinet/02093156/poli/02674487/imgrc0085308322.jpg?fitin=700:700,1048.0000,,日用品雑貨・文房具・手芸 > 日用品・生活雑貨 > 梱包資材 > その他,ナイロンポリ Ｌタイプ ＮＯ．１２【幅１８０mm×長３００mm】【１００枚入】【福助】,業務用真空袋,"<img width=""100%"" src=""http://image.rakuten.co.jp/fukuroya-shop/cabinet/9rks11.jpg""/><img width=""100%"" src=""http://image.rakuten.co.jp/fukuroya-shop/cabinet/9rks12.jpg""/>

最も一般的に利用されるポリ袋です。手触りが柔らかく、しなやかな素材。しわになりにくい。

●サイズ：幅１８０mm×長３００mm
●出荷ロット：1袋　１００枚入り
●構成：ＯＮｙ１５/Ｌ－ＬＤＰＥ６０
●用途
・こんにゃく、漬物、水産加工品
・米、煮豆、惣菜など
・冷凍食品
●商品特徴
・１袋１００枚入りとなっています。
・－４０℃の冷凍食品包装から、１００℃３０分の高温ボイル殺菌まで幅広く対応できます。
・ナイロンをベースに、Ｌ－ＬＤＰＥをラミネートしていますので、衝撃強度・突刺強度及び耐寒性に優れています。 
・ヒートシール性が良好で、真空包装・水物包装での耐ピンホール性が抜群です。
・ボイル殺菌・熱充填に適しています。
・開封性を良くするため、Ｖ型ノッチ加工されています。
・シール幅は、両サイド１０ｍｍ・底１０ｍｍの三方シール袋です。
・外装袋には、バーコードが印刷されています。",ナイロンポリ Ｌタイプ ＮＯ．１２【幅１８０mm&times;長３００mm】【１００枚入】【福助】：ふくろや楽天市場店,ポリ袋野菜袋ボードンボードン袋ＯＰＰポリ半透明レジ袋ナイロンポリ真空袋ゴミ袋クリスタルパックチャック付ユニパック結束テープ容器惣菜容器弁当容器ゴムバンド保冷バックナイロンポリ Ｌタイプ ＮＯ．１２【幅１８０mm&times;長３００mm】【１００枚入】【福助】,業務用真空袋。ナイロンポリ Ｌタイプ ＮＯ．１２【幅１８０mm&times;長３００mm】【１００枚入】【福助】[rn]
16-77311,http://tshop.r10s.jp/fukuroya-shop/cabinet/02093156/poli/02674487/img59477680.jpg?fitin=700:700,904.0000,,日用品雑貨・文房具・手芸 > 日用品・生活雑貨 > 梱包資材 > その他,ナイロンポリ Ｌタイプ ＮＯ．１１【１８０×２７０mm】【１００枚入】【福助】,業務用真空袋,"<img width=""100%"" src=""http://image.rakuten.co.jp/fukuroya-shop/cabinet/9rks11.jpg""/><img width=""100%"" src=""http://image.rakuten.co.jp/fukuroya-shop/cabinet/9rks12.jpg""/>

最も一般的に利用されるポリ袋です。手触りが柔らかく、しなやかな素材。しわになりにくい。

●サイズ：幅１８０mm×長２７０mm
●出荷ロット：1袋　１００枚入り
●構成：ＯＮｙ１５/Ｌ－ＬＤＰＥ６０
●用途
・こんにゃく、漬物、水産加工品
・米、煮豆、惣菜など
・冷凍食品
●商品特徴
・１袋１００枚入りとなっています。
・－４０℃の冷凍食品包装から、１００℃３０分の高温ボイル殺菌まで幅広く対応できます。
・ナイロンをベースに、Ｌ－ＬＤＰＥをラミネートしていますので、衝撃強度・突刺強度及び耐寒性に優れています。 
・ヒートシール性が良好で、真空包装・水物包装での耐ピンホール性が抜群です。
・ボイル殺菌・熱充填に適しています。
・開封性を良くするため、Ｖ型ノッチ加工されています。
・シール幅は、両サイド１０ｍｍ・底１０ｍｍの三方シール袋です。
・外装袋には、バーコードが印刷されています。",ナイロンポリ Ｌタイプ ＮＯ．１１【１８０&times;２７０mm】【１００枚入】【福助】：ふくろや楽天市場店,ポリ袋野菜袋ボードンボードン袋ＯＰＰポリ半透明レジ袋ナイロンポリ真空袋ゴミ袋クリスタルパックチャック付ユニパック結束テープ容器惣菜容器弁当容器ゴムバンド保冷バックナイロンポリ Ｌタイプ ＮＯ．１１【１８０&times;２７０mm】【１００枚入】【福助】,業務用真空袋。ナイロンポリ Ｌタイプ ＮＯ．１１【１８０&times;２７０mm】【１００枚入】【福助】[rn]
16-77312,http://tshop.r10s.jp/fukuroya-shop/cabinet/02093156/poli/02674487/img63344999.jpg?fitin=700:700,601.6000,,日用品雑貨・文房具・手芸 > 日用品・生活雑貨 > 梱包資材 > その他,ナイロンポリ ＴＬタイプ15‐25【１５０×２５０mm】【１００枚入】【福助】,業務用真空袋,"最も一般的に利用されるポリ袋です。手触りが柔らかく、しなやかな素材。しわになりにくい。

●サイズ：幅１５０mm×長２５０mm
●出荷ロット：1袋　１００枚入り
●構成：ＯＮｙ１５/Ｌ－ＬＤＰＥ２５/Ｌ－ＬＤＰＥ３０
●用途
・こんにゃく、漬物、水産加工品
・米、煮豆、惣菜など
・冷凍食品
●商品特徴
・１袋１００枚入りとなっています。
・－４０℃の冷凍食品包装から、９５℃３０分の高温ボイル殺菌まで幅広く対応できます。
・真空包装適正に優れています。
フィルムのコシが柔軟であり、真空包装・水物包装・冷凍食品包装での耐ピンホールが抜群です。
・突刺強度に優れています。
ナイロンをベースに衝撃強度・突刺強度及び、耐寒性に優れています。
・ボイル殺菌・熱充填に適しています。
・開封性を良くするため、Ｖ型ノッチ加工されています。
・シール幅は、両サイド１０ｍｍ・底１０ｍｍの三方シール袋です。
・外装袋には、バーコードが印刷されています。",ナイロンポリ ＴＬタイプ15‐25【１５０&times;２５０mm】【１００枚入】【福助】：ふくろや楽天市場店,ポリ袋野菜袋ボードンボードン袋ＯＰＰポリ半透明レジ袋ナイロンポリ真空袋ゴミ袋クリスタルパックチャック付ユニパック結束テープ容器惣菜容器弁当容器ゴムバンド保冷バックナイロンポリ ＴＬタイプ15‐25【１５０&times;２５０mm】【１００枚入】【福助】,業務用真空袋。ナイロンポリ ＴＬタイプ15‐25【１５０&times;２５０mm】【１００枚入】【福助】[rn]
16-77313,http://tshop.r10s.jp/fukuroya-shop/cabinet/02093156/poli/02674487/imgrc0070914317.jpg?fitin=700:700,1104.0000,,日用品雑貨・文房具・手芸 > 日用品・生活雑貨 > 梱包資材 > その他,ナイロンポリ ＴＬタイプ20‐35【２００×３５０mm】【１００枚入】【福助】,業務用真空袋,"最も一般的に利用されるポリ袋です。手触りが柔らかく、しなやかな素材。しわになりにくい。

●サイズ：幅２００mm×長３５０mm
●出荷ロット：1袋　１００枚入り
●構成：ＯＮｙ１５/Ｌ－ＬＤＰＥ２５/Ｌ－ＬＤＰＥ３０
●用途
・こんにゃく、漬物、水産加工品
・米、煮豆、惣菜など
・冷凍食品
●商品特徴
・１袋１００枚入りとなっています。
・－４０℃の冷凍食品包装から、９５℃３０分の高温ボイル殺菌まで幅広く対応できます。
・真空包装適正に優れています。
フィルムのコシが柔軟であり、真空包装・水物包装・冷凍食品包装での耐ピンホールが抜群です。
・突刺強度に優れています。
ナイロンをベースに衝撃強度・突刺強度及び、耐寒性に優れています。
・ボイル殺菌・熱充填に適しています。
・開封性を良くするため、Ｖ型ノッチ加工されています。
・シール幅は、両サイド１０ｍｍ・底１０ｍｍの三方シール袋です。
・外装袋には、バーコードが印刷されています。",ナイロンポリ ＴＬタイプ20‐35【２００&times;３５０mm】【１００枚入】【福助】：ふくろや楽天市場店,ポリ袋野菜袋ボードンボードン袋ＯＰＰポリ半透明レジ袋ナイロンポリ真空袋ゴミ袋クリスタルパックチャック付ユニパック結束テープ容器惣菜容器弁当容器ゴムバンド保冷バックナイロンポリ ＴＬタイプ20‐35【２００&times;３５０mm】【１００枚入】【福助】,業務用真空袋。ナイロンポリ ＴＬタイプ20‐35【２００&times;３５０mm】【１００枚入】【福助】[rn]
16-77314,http://tshop.r10s.jp/fukuroya-shop/cabinet/27rk24.jpg?fitin=700:700,800.0000,,日用品雑貨・文房具・手芸 > 日用品・生活雑貨 > 梱包資材 > その他,ナイロンポリ Ｃタイプ ＮＯ．７【巾150*全体長260*チャック下235*底折込部41ｍｍ】【50枚入】【福助】,チャック付スタンド袋。杏仁豆腐、精米、ペットフードなど,,ナイロンポリ Ｃタイプ ＮＯ．７【巾150*全体長260*チャック下235*底折込部41ｍｍ】【50枚入】【福助】：ふくろや楽天市場店,ポリ袋野菜袋ボードンボードン袋ＯＰＰポリ半透明レジ袋ナイロンポリ真空袋ゴミ袋クリスタルパックチャック付ユニパック結束テープ容器惣菜容器弁当容器ゴムバンド保冷バックナイロンポリ Ｃタイプ ＮＯ．７【巾150*全体長260*チャック下235*底折込部41ｍｍ】【50枚入】【福助】,チャック付スタンド袋。杏仁豆腐、精米、ペットフードなど。ナイロンポリ Ｃタイプ ＮＯ．７【巾150*全体長260*チャック下235*底折込部41ｍｍ】【50枚入】【福助】[rn]
16-77315,http://tshop.r10s.jp/fukuroya-shop/cabinet/02093156/poli/02648296/img59399790.jpg?fitin=700:700,800.0000,,日用品雑貨・文房具・手芸 > 日用品・生活雑貨 > 梱包資材 > その他,ニューポリ０２ＮＯ．８【0.02×130×250mm】【1000枚入】【ポリ袋】【福助】,薄手ポリ袋で、コスト削減！,"【商品特徴】
最も一般的に利用されるポリ袋です。手触りが柔らかく、しなやかな素材。しわになりにくい。
【サイズ】
厚み0.02mm×幅130mm×長250mm
【出荷ロット】
1箱　1000枚入
【出荷時の当店の商品梱包について】
梱包用の段ボールは当店使用のリサイクル（再利用）段ボールを利用させていただきます。パッキンは新聞紙などを使用させていただきますので、ご了承願います。
もし、商品が破損した場合は返品をさせていただきます。",ニューポリ０２ＮＯ．８【0.02&times;130&times;250mm】【1000枚入】【ポリ袋】【福助】：ふくろや楽天市場店,ポリ袋野菜袋ボードンボードン袋ＯＰＰポリ半透明レジ袋ナイロンポリ真空袋ゴミ袋クリスタルパックチャック付ユニパック結束テープ容器惣菜容器弁当容器ゴムバンド保冷バックニューポリ０２ＮＯ．８【0.02&times;130&times;250mm】【1000枚入】【ポリ袋】【福助】,薄手ポリ袋で、コスト削減！。ニューポリ０２ＮＯ．８【0.02&times;130&times;250mm】【1000枚入】【ポリ袋】【福助】[rn]
16-77316,http://tshop.r10s.jp/fukuroya-shop/cabinet/02093156/poli/02648296/img59399791.jpg?fitin=700:700,888.0000,,日用品雑貨・文房具・手芸 > 日用品・生活雑貨 > 梱包資材 > その他,ニューポリ０２ＮＯ．９【0.02×150×250mm】【1000枚入】【ポリ袋】【福助】,薄手ポリ袋で、コスト削減！,"【商品特徴】
最も一般的に利用されるポリ袋です。手触りが柔らかく、しなやかな素材。しわになりにくい。
【サイズ】
厚み0.02mm×幅150mm×長250mm
【出荷ロット】
1箱　1000枚入
【出荷時の当店の商品梱包について】
梱包用の段ボールは当店使用のリサイクル（再利用）段ボールを利用させていただきます。パッキンは新聞紙などを使用させていただきますので、ご了承願います。
もし、商品が破損した場合は返品をさせていただきます。",ニューポリ０２ＮＯ．９【0.02&times;150&times;250mm】【1000枚入】【ポリ袋】【福助】：ふくろや楽天市場店,ポリ袋野菜袋ボードンボードン袋ＯＰＰポリ半透明レジ袋ナイロンポリ真空袋ゴミ袋クリスタルパックチャック付ユニパック結束テープ容器惣菜容器弁当容器ゴムバンド保冷バックニューポリ０２ＮＯ．９【0.02&times;150&times;250mm】【1000枚入】【ポリ袋】【福助】,薄手ポリ袋で、コスト削減！。ニューポリ０２ＮＯ．９【0.02&times;150&times;250mm】【1000枚入】【ポリ袋】【福助】[rn]
16-77317,http://tshop.r10s.jp/fukuroya-shop/cabinet/02093156/poli/02648296/img59399793.jpg?fitin=700:700,1080.0000,,日用品雑貨・文房具・手芸 > 日用品・生活雑貨 > 梱包資材 > その他,ニューポリ０２ＮＯ．１０【0.02×180×270mm】【1000枚入】【ポリ袋】【福助】,薄手ポリ袋で、コスト削減！,"【商品特徴】
最も一般的に利用されるポリ袋です。手触りが柔らかく、しなやかな素材。しわになりにくい。
【サイズ】
厚み0.02mm×幅180mm×長270mm
【出荷ロット】
1箱　1000枚入
【出荷時の当店の商品梱包について】
梱包用の段ボールは当店使用のリサイクル（再利用）段ボールを利用させていただきます。パッキンは新聞紙などを使用させていただきますので、ご了承願います。
もし、商品が破損した場合は返品をさせていただきます。",ニューポリ０２ＮＯ．１０【0.02&times;180&times;270mm】【1000枚入】【ポリ袋】【福助】：ふくろや楽天市場店,ポリ袋野菜袋ボードンボードン袋ＯＰＰポリ半透明レジ袋ナイロンポリ真空袋ゴミ袋クリスタルパックチャック付ユニパック結束テープ容器惣菜容器弁当容器ゴムバンド保冷バックニューポリ０２ＮＯ．１０【0.02&times;180&times;270mm】【1000枚入】【ポリ袋】【福助】,薄手ポリ袋で、コスト削減！。ニューポリ０２ＮＯ．１０【0.02&times;180&times;270mm】【1000枚入】【ポリ袋】【福助】[rn]
16-77318,http://tshop.r10s.jp/fukuroya-shop/cabinet/02093156/poli/02648296/img59399795.jpg?fitin=700:700,1392.0000,,日用品雑貨・文房具・手芸 > 日用品・生活雑貨 > 梱包資材 > その他,ニューポリ０２ＮＯ．１１【0.02×200×300mm】【1000枚入】【ポリ袋】【福助】,薄手ポリ袋で、コスト削減！,"【商品特徴】
最も一般的に利用されるポリ袋です。手触りが柔らかく、しなやかな素材。しわになりにくい。
【サイズ】
厚み0.02mm×幅200mm×長300mm
【出荷ロット】
1箱　1000枚入
【出荷時の当店の商品梱包について】
梱包用の段ボールは当店使用のリサイクル（再利用）段ボールを利用させていただきます。パッキンは新聞紙などを使用させていただきますので、ご了承願います。
もし、商品が破損した場合は返品をさせていただきます。",ニューポリ０２ＮＯ．１１【0.02&times;200&times;300mm】【1000枚入】【ポリ袋】【福助】：ふくろや楽天市場店,ポリ袋野菜袋ボードンボードン袋ＯＰＰポリ半透明レジ袋ナイロンポリ真空袋ゴミ袋クリスタルパックチャック付ユニパック結束テープ容器惣菜容器弁当容器ゴムバンド保冷バックニューポリ０２ＮＯ．１１【0.02&times;200&times;300mm】【1000枚入】【ポリ袋】【福助】,薄手ポリ袋で、コスト削減！。ニューポリ０２ＮＯ．１１【0.02&times;200&times;300mm】【1000枚入】【ポリ袋】【福助】[rn]
16-77319,http://tshop.r10s.jp/fukuroya-shop/cabinet/02093156/poli/02648296/img59399797.jpg?fitin=700:700,1640.0000,,日用品雑貨・文房具・手芸 > 日用品・生活雑貨 > 梱包資材 > その他,ニューポリ０２No.１２【0.02×230×340mm】【1000枚入】【ポリ袋】【福助】,薄手ポリ袋で、コスト削減！,"【商品特徴】
最も一般的に利用されるポリ袋です。手触りが柔らかく、しなやかな素材。しわになりにくい。
【サイズ】
厚み0.02mm×幅230mm×長340mm
【出荷ロット】
1箱　1000枚入り
【出荷時の当店の商品梱包について】
梱包用の段ボールは当店使用のリサイクル（再利用）段ボールを利用させていただきます。パッキンは新聞紙などを使用させていただきますので、ご了承願います。
もし、商品が破損した場合は返品をさせていただきます。",ニューポリ０２No.１２【0.02&times;230&times;340mm】【1000枚入】【ポリ袋】【福助】：ふくろや楽天市場店,ポリ袋野菜袋ボードンボードン袋ＯＰＰポリ半透明レジ袋ナイロンポリ真空袋ゴミ袋クリスタルパックチャック付ユニパック結束テープ容器惣菜容器弁当容器ゴムバンド保冷バックニューポリ０２No.１２【0.02&times;230&times;340mm】【1000枚入】【ポリ袋】【福助】,薄手ポリ袋で、コスト削減！。ニューポリ０２No.１２【0.02&times;230&times;340mm】【1000枚入】【ポリ袋】【福助】[rn]
16-77320,http://tshop.r10s.jp/fukuroya-shop/cabinet/02093156/poli/02648296/img59399799.jpg?fitin=700:700,1992.0000,,日用品雑貨・文房具・手芸 > 日用品・生活雑貨 > 梱包資材 > その他,ニューポリ０２ＮＯ．１３【0.02×260×380mm】【1000枚入】【ポリ袋】【福助】,薄手ポリ袋で、コスト削減！,"【商品特徴】
最も一般的に利用されるポリ袋です。手触りが柔らかく、しなやかな素材。しわになりにくい。
【サイズ】
厚み0.02mm×幅260mm×長380mm
【出荷ロット】
1箱　1000枚入
【出荷時の当店の商品梱包について】
梱包用の段ボールは当店使用のリサイクル（再利用）段ボールを利用させていただきます。パッキンは新聞紙などを使用させていただきますので、ご了承願います。
もし、商品が破損した場合は返品をさせていただきます。",ニューポリ０２ＮＯ．１３【0.02&times;260&times;380mm】【1000枚入】【ポリ袋】【福助】：ふくろや楽天市場店,ポリ袋野菜袋ボードンボードン袋ＯＰＰポリ半透明レジ袋ナイロンポリ真空袋ゴミ袋クリスタルパックチャック付ユニパック結束テープ容器惣菜容器弁当容器ゴムバンド保冷バックニューポリ０２ＮＯ．１３【0.02&times;260&times;380mm】【1000枚入】【ポリ袋】【福助】,薄手ポリ袋で、コスト削減！。ニューポリ０２ＮＯ．１３【0.02&times;260&times;380mm】【1000枚入】【ポリ袋】【福助】[rn]
16-77321,http://tshop.r10s.jp/fukuroya-shop/cabinet/02093156/poli/02648296/img59399801.jpg?fitin=700:700,2968.0000,,日用品雑貨・文房具・手芸 > 日用品・生活雑貨 > 梱包資材 > その他,ニューポリ０２ＮＯ．１５【0.02×300×450mm】【1000枚入】【ポリ袋】【福助】,薄手ポリ袋で、コスト削減！,"【商品特徴】
最も一般的に利用されるポリ袋です。手触りが柔らかく、しなやかな素材。しわになりにくい。
【サイズ】
厚み0.02mm×幅300mm×長450mm
【出荷ロット】
1箱　1000枚入
【出荷時の当店の商品梱包について】
梱包用の段ボールは当店使用のリサイクル（再利用）段ボールを利用させていただきます。パッキンは新聞紙などを使用させていただきますので、ご了承願います。
もし、商品が破損した場合は返品をさせていただきます。",ニューポリ０２ＮＯ．１５【0.02&times;300&times;450mm】【1000枚入】【ポリ袋】【福助】：ふくろや楽天市場店,ポリ袋野菜袋ボードンボードン袋ＯＰＰポリ半透明レジ袋ナイロンポリ真空袋ゴミ袋クリスタルパックチャック付ユニパック結束テープ容器惣菜容器弁当容器ゴムバンド保冷バックニューポリ０２ＮＯ．１５【0.02&times;300&times;450mm】【1000枚入】【ポリ袋】【福助】,薄手ポリ袋で、コスト削減！。ニューポリ０２ＮＯ．１５【0.02&times;300&times;450mm】【1000枚入】【ポリ袋】【福助】[rn]
16-77322,http://tshop.r10s.jp/fukuroya-shop/cabinet/02093156/poli/04341276/imgrc0073885785.jpg?fitin=700:700,110.4000,,日用品雑貨・文房具・手芸 > 日用品・生活雑貨 > 梱包資材 > その他,ＯＰＰクリスタルパックＳ４‐８【0.03×40×80mm】【100枚入】【OPP】【シモジマ】,透明度があり、つやがある袋,,ＯＰＰクリスタルパックＳ４‐８【0.03&times;40&times;80mm】【100枚入】【OPP】【シモジマ】：ふくろや楽天市場店,ポリ袋野菜袋ボードンボードン袋ＯＰＰポリ半透明レジ袋ナイロンポリ真空袋ゴミ袋クリスタルパックチャック付ユニパック結束テープ容器惣菜容器弁当容器ゴムバンド保冷バックＯＰＰクリスタルパックＳ４‐８【0.03&times;40&times;80mm】【100枚入】【OPP】【シモジマ】,透明度があり、つやがある袋。ＯＰＰクリスタルパックＳ４‐８【0.03&times;40&times;80mm】【100枚入】【OPP】【シモジマ】[rn]
16-77323,http://tshop.r10s.jp/fukuroya-shop/cabinet/02093156/poli/04341276/imgrc0073885786.jpg?fitin=700:700,122.4000,,日用品雑貨・文房具・手芸 > 日用品・生活雑貨 > 梱包資材 > その他,ＯＰＰクリスタルパックＳ５‐８【0.03×50×80mm】【100枚入】【OPP】【シモジマ】,透明度があり、つやがある袋,,ＯＰＰクリスタルパックＳ５‐８【0.03&times;50&times;80mm】【100枚入】【OPP】【シモジマ】：ふくろや楽天市場店,ポリ袋野菜袋ボードンボードン袋ＯＰＰポリ半透明レジ袋ナイロンポリ真空袋ゴミ袋クリスタルパックチャック付ユニパック結束テープ容器惣菜容器弁当容器ゴムバンド保冷バックＯＰＰクリスタルパックＳ５‐８【0.03&times;50&times;80mm】【100枚入】【OPP】【シモジマ】,透明度があり、つやがある袋。ＯＰＰクリスタルパックＳ５‐８【0.03&times;50&times;80mm】【100枚入】【OPP】【シモジマ】[rn]
16-77324,http://tshop.r10s.jp/fukuroya-shop/cabinet/02093156/poli/04341276/imgrc0073885848.jpg?fitin=700:700,325.6000,,日用品雑貨・文房具・手芸 > 日用品・生活雑貨 > 梱包資材 > その他,ＯＰＰクリスタルパックＳテレカ用【0.03×90×57+3mm】【200枚入】【OPP】【シモジマ】,透明度があり、つやがある袋,"【使用例】
衣料品、アクセサリー、小物など高級用品の袋として
【商品特徴】
ＯＰＰ（透明感に優れている。フィルム自体は強度はあるが、熱シール性が悪いため、防湿性・気体遮断性には問題がある。）
【サイズ】
厚み０．０３mm×幅９０mm×長５７mm+３mm
【出荷ロット】
1袋　200枚入
【出荷時の当店の商品梱包について】
梱包用の段ボールは当店使用のリサイクル（再利用）段ボールを利用させていただきます。パッキンは新聞紙などを使用させていただきますので、ご了承願います。
もし、商品が破損した場合は返品をさせていただきます。",ＯＰＰクリスタルパックＳテレカ用【0.03&times;90&times;57+3mm】【200枚入】【OPP】【シモジマ】：ふくろや楽天市場店,ポリ袋野菜袋ボードンボードン袋ＯＰＰポリ半透明レジ袋ナイロンポリ真空袋ゴミ袋クリスタルパックチャック付ユニパック結束テープ容器惣菜容器弁当容器ゴムバンド保冷バックＯＰＰクリスタルパックＳテレカ用【0.03&times;90&times;57+3mm】【200枚入】【OPP】【シモジマ】,透明度があり、つやがある袋。ＯＰＰクリスタルパックＳテレカ用【0.03&times;90&times;57+3mm】【200枚入】【OPP】【シモジマ】[rn]
16-77325,http://tshop.r10s.jp/fukuroya-shop/cabinet/02093156/poli/04341276/imgrc0073885783.jpg?fitin=700:700,110.4000,,日用品雑貨・文房具・手芸 > 日用品・生活雑貨 > 梱包資材 > その他,ＯＰＰクリスタルパックＳ２．５‐２２【0.03×25×220mm】【100枚入】【OPP】【シモジマ】,透明度があり、つやがある袋,,ＯＰＰクリスタルパックＳ２．５‐２２【0.03&times;25&times;220mm】【100枚入】【OPP】【シモジマ】：ふくろや楽天市場店,ポリ袋野菜袋ボードンボードン袋ＯＰＰポリ半透明レジ袋ナイロンポリ真空袋ゴミ袋クリスタルパックチャック付ユニパック結束テープ容器惣菜容器弁当容器ゴムバンド保冷バックＯＰＰクリスタルパックＳ２．５‐２２【0.03&times;25&times;220mm】【100枚入】【OPP】【シモジマ】,透明度があり、つやがある袋。ＯＰＰクリスタルパックＳ２．５‐２２【0.03&times;25&times;220mm】【100枚入】【OPP】【シモジマ】[rn]
16-77326,http://tshop.r10s.jp/fukuroya-shop/cabinet/02093156/poli/04341276/imgrc0073885784.jpg?fitin=700:700,122.4000,,日用品雑貨・文房具・手芸 > 日用品・生活雑貨 > 梱包資材 > その他,ＯＰＰクリスタルパックＳ３.５‐２２【0.03×35×220mm】【100枚入】【OPP】【シモジマ】,透明度があり、つやがある袋,"【使用例】
衣料品、アクセサリー、小物など高級用品の袋として
【商品特徴】
ＯＰＰ（透明感に優れている。フィルム自体は強度はあるが、熱シール性が悪いため、防湿性・気体遮断性には問題がある。）
【サイズ】
厚み０．０３mm×幅３５mm×長２２０mm
【出荷ロット】
1袋　100枚入
【出荷時の当店の商品梱包について】
梱包用の段ボールは当店使用のリサイクル（再利用）段ボールを利用させていただきます。パッキンは新聞紙などを使用させていただきますので、ご了承願います。
もし、商品が破損した場合は返品をさせていただきます。",ＯＰＰクリスタルパックＳ３.５‐２２【0.03&times;35&times;220mm】【100枚入】【OPP】【シモジマ】：ふくろや楽天市場店,ポリ袋野菜袋ボードンボードン袋ＯＰＰポリ半透明レジ袋ナイロンポリ真空袋ゴミ袋クリスタルパックチャック付ユニパック結束テープ容器惣菜容器弁当容器ゴムバンド保冷バックＯＰＰクリスタルパックＳ３.５‐２２【0.03&times;35&times;220mm】【100枚入】【OPP】【シモジマ】,透明度があり、つやがある袋。ＯＰＰクリスタルパックＳ３.５‐２２【0.03&times;35&times;220mm】【100枚入】【OPP】【シモジマ】[rn]
16-77327,http://tshop.r10s.jp/fukuroya-shop/cabinet/02093156/poli/04341276/imgrc0073885787.jpg?fitin=700:700,133.6000,,日用品雑貨・文房具・手芸 > 日用品・生活雑貨 > 梱包資材 > その他,ＯＰＰクリスタルパックＳ４‐２５【0.03×40×250mm】【100枚入】【OPP】【シモジマ】,透明度があり、つやがある袋,"【使用例】
衣料品、アクセサリー、小物など高級用品の袋として
【商品特徴】
ＯＰＰ（透明感に優れている。フィルム自体は強度はあるが、熱シール性が悪いため、防湿性・気体遮断性には問題がある。）
【サイズ】
厚み０．０３mm×幅４０mm×長２５０mm
【出荷ロット】
1袋　100枚入
【出荷時の当店の商品梱包について】
梱包用の段ボールは当店使用のリサイクル（再利用）段ボールを利用させていただきます。パッキンは新聞紙などを使用させていただきますので、ご了承願います。
もし、商品が破損した場合は返品をさせていただきます。",ＯＰＰクリスタルパックＳ４‐２５【0.03&times;40&times;250mm】【100枚入】【OPP】【シモジマ】：ふくろや楽天市場店,ポリ袋野菜袋ボードンボードン袋ＯＰＰポリ半透明レジ袋ナイロンポリ真空袋ゴミ袋クリスタルパックチャック付ユニパック結束テープ容器惣菜容器弁当容器ゴムバンド保冷バックＯＰＰクリスタルパックＳ４‐２５【0.03&times;40&times;250mm】【100枚入】【OPP】【シモジマ】,透明度があり、つやがある袋。ＯＰＰクリスタルパックＳ４‐２５【0.03&times;40&times;250mm】【100枚入】【OPP】【シモジマ】[rn]
16-77328,http://tshop.r10s.jp/fukuroya-shop/cabinet/02093156/poli/04341276/imgrc0073885788.jpg?fitin=700:700,147.2000,,日用品雑貨・文房具・手芸 > 日用品・生活雑貨 > 梱包資材 > その他,ＯＰＰクリスタルパックＳ５‐２５【0.03×50×250mm】【100枚入】【OPP】【シモジマ】,透明度があり、つやがある袋,,ＯＰＰクリスタルパックＳ５‐２５【0.03&times;50&times;250mm】【100枚入】【OPP】【シモジマ】：ふくろや楽天市場店,ポリ袋野菜袋ボードンボードン袋ＯＰＰポリ半透明レジ袋ナイロンポリ真空袋ゴミ袋クリスタルパックチャック付ユニパック結束テープ容器惣菜容器弁当容器ゴムバンド保冷バックＯＰＰクリスタルパックＳ５‐２５【0.03&times;50&times;250mm】【100枚入】【OPP】【シモジマ】,透明度があり、つやがある袋。ＯＰＰクリスタルパックＳ５‐２５【0.03&times;50&times;250mm】【100枚入】【OPP】【シモジマ】[rn]
16-77329,http://tshop.r10s.jp/fukuroya-shop/cabinet/02093156/poli/04341276/imgrc0073885789.jpg?fitin=700:700,120.8000,,日用品雑貨・文房具・手芸 > 日用品・生活雑貨 > 梱包資材 > その他,ＯＰＰクリスタルパックＳ６‐１０【0.03×60×100mm】【100枚入】【OPP】【シモジマ】,透明度があり、つやがある袋,"【使用例】
衣料品、アクセサリー、小物など高級用品の袋として
【商品特徴】
ＯＰＰ（透明感に優れている。フィルム自体は強度はあるが、熱シール性が悪いため、防湿性・気体遮断性には問題がある。）
【サイズ】
厚み０．０３mm×幅６０mm×長１００mm
【出荷ロット】
1袋　100枚入
【出荷時の当店の商品梱包について】
梱包用の段ボールは当店使用のリサイクル（再利用）段ボールを利用させていただきます。パッキンは新聞紙などを使用させていただきますので、ご了承願います。
もし、商品が破損した場合は返品をさせていただきます。",ＯＰＰクリスタルパックＳ６‐１０【0.03&times;60&times;100mm】【100枚入】【OPP】【シモジマ】：ふくろや楽天市場店,ポリ袋野菜袋ボードンボードン袋ＯＰＰポリ半透明レジ袋ナイロンポリ真空袋ゴミ袋クリスタルパックチャック付ユニパック結束テープ容器惣菜容器弁当容器ゴムバンド保冷バックＯＰＰクリスタルパックＳ６‐１０【0.03&times;60&times;100mm】【100枚入】【OPP】【シモジマ】,透明度があり、つやがある袋。ＯＰＰクリスタルパックＳ６‐１０【0.03&times;60&times;100mm】【100枚入】【OPP】【シモジマ】[rn]
16-77330,http://tshop.r10s.jp/fukuroya-shop/cabinet/02093156/poli/04341276/imgrc0073885790.jpg?fitin=700:700,165.6000,,日用品雑貨・文房具・手芸 > 日用品・生活雑貨 > 梱包資材 > その他,ＯＰＰクリスタルパックＳ６‐２５【0.03×60×250mm】【100枚入】【OPP】【シモジマ】,透明度があり、つやがある袋,,ＯＰＰクリスタルパックＳ６‐２５【0.03&times;60&times;250mm】【100枚入】【OPP】【シモジマ】：ふくろや楽天市場店,ポリ袋野菜袋ボードンボードン袋ＯＰＰポリ半透明レジ袋ナイロンポリ真空袋ゴミ袋クリスタルパックチャック付ユニパック結束テープ容器惣菜容器弁当容器ゴムバンド保冷バックＯＰＰクリスタルパックＳ６‐２５【0.03&times;60&times;250mm】【100枚入】【OPP】【シモジマ】,透明度があり、つやがある袋。ＯＰＰクリスタルパックＳ６‐２５【0.03&times;60&times;250mm】【100枚入】【OPP】【シモジマ】[rn]
16-77331,http://tshop.r10s.jp/fukuroya-shop/cabinet/02093156/poli/04341276/imgrc0073885791.jpg?fitin=700:700,129.6000,,日用品雑貨・文房具・手芸 > 日用品・生活雑貨 > 梱包資材 > その他,ＯＰＰクリスタルパックＳ７‐１０【0.03×70×100mm】【100枚入】【OPP】【シモジマ】,透明度があり、つやがある袋,,ＯＰＰクリスタルパックＳ７‐１０【0.03&times;70&times;100mm】【100枚入】【OPP】【シモジマ】：ふくろや楽天市場店,ポリ袋野菜袋ボードンボードン袋ＯＰＰポリ半透明レジ袋ナイロンポリ真空袋ゴミ袋クリスタルパックチャック付ユニパック結束テープ容器惣菜容器弁当容器ゴムバンド保冷バックＯＰＰクリスタルパックＳ７‐１０【0.03&times;70&times;100mm】【100枚入】【OPP】【シモジマ】,透明度があり、つやがある袋。ＯＰＰクリスタルパックＳ７‐１０【0.03&times;70&times;100mm】【100枚入】【OPP】【シモジマ】[rn]
16-77332,http://tshop.r10s.jp/fukuroya-shop/cabinet/02093156/poli/04341276/imgrc0073885792.jpg?fitin=700:700,183.2000,,日用品雑貨・文房具・手芸 > 日用品・生活雑貨 > 梱包資材 > その他,ＯＰＰクリスタルパックＳ７‐２５【0.03×70×250mm】【100枚入】【OPP】【シモジマ】,透明度があり、つやがある袋,,ＯＰＰクリスタルパックＳ７‐２５【0.03&times;70&times;250mm】【100枚入】【OPP】【シモジマ】：ふくろや楽天市場店,ポリ袋野菜袋ボードンボードン袋ＯＰＰポリ半透明レジ袋ナイロンポリ真空袋ゴミ袋クリスタルパックチャック付ユニパック結束テープ容器惣菜容器弁当容器ゴムバンド保冷バックＯＰＰクリスタルパックＳ７‐２５【0.03&times;70&times;250mm】【100枚入】【OPP】【シモジマ】,透明度があり、つやがある袋。ＯＰＰクリスタルパックＳ７‐２５【0.03&times;70&times;250mm】【100枚入】【OPP】【シモジマ】[rn]
16-77333,http://tshop.r10s.jp/fukuroya-shop/cabinet/02093156/poli/04341276/imgrc0073885793.jpg?fitin=700:700,344.8000,,日用品雑貨・文房具・手芸 > 日用品・生活雑貨 > 梱包資材 > その他,ＯＰＰクリスタルパックＳ７‐４５【0.03×70×450mm】【100枚入】【OPP】【シモジマ】,透明度があり、つやがある袋,"【使用例】
衣料品、アクセサリー、小物など高級用品の袋として
【商品特徴】
ＯＰＰ（透明感に優れている。フィルム自体は強度はあるが、熱シール性が悪いため、防湿性・気体遮断性には問題がある。）
【サイズ】
厚み０．０３mm×幅７０mm×長４５０mm
【出荷ロット】
1袋　100枚入
【出荷時の当店の商品梱包について】
梱包用の段ボールは当店使用のリサイクル（再利用）段ボールを利用させていただきます。パッキンは新聞紙などを使用させていただきますので、ご了承願います。
もし、商品が破損した場合は返品をさせていただきます。",ＯＰＰクリスタルパックＳ７‐４５【0.03&times;70&times;450mm】【100枚入】【OPP】【シモジマ】：ふくろや楽天市場店,ポリ袋野菜袋ボードンボードン袋ＯＰＰポリ半透明レジ袋ナイロンポリ真空袋ゴミ袋クリスタルパックチャック付ユニパック結束テープ容器惣菜容器弁当容器ゴムバンド保冷バックＯＰＰクリスタルパックＳ７‐４５【0.03&times;70&times;450mm】【100枚入】【OPP】【シモジマ】,透明度があり、つやがある袋。ＯＰＰクリスタルパックＳ７‐４５【0.03&times;70&times;450mm】【100枚入】【OPP】【シモジマ】[rn]
16-77334,http://tshop.r10s.jp/fukuroya-shop/cabinet/02093156/poli/04341276/imgrc0073885794.jpg?fitin=700:700,140.0000,,日用品雑貨・文房具・手芸 > 日用品・生活雑貨 > 梱包資材 > その他,ＯＰＰクリスタルパックＳ８‐１２【0.03×80×120mm】【100枚入】【OPP】【シモジマ】,透明度があり、つやがある袋,"【使用例】
衣料品、アクセサリー、小物など高級用品の袋として
【商品特徴】
ＯＰＰ（透明感に優れている。フィルム自体は強度はあるが、熱シール性が悪いため、防湿性・気体遮断性には問題がある。）
【サイズ】
厚み０．０３mm×幅８０mm×長１２０mm
【出荷ロット】
1袋　100枚入
【出荷時の当店の商品梱包について】
梱包用の段ボールは当店使用のリサイクル（再利用）段ボールを利用させていただきます。パッキンは新聞紙などを使用させていただきますので、ご了承願います。
もし、商品が破損した場合は返品をさせていただきます。",ＯＰＰクリスタルパックＳ８‐１２【0.03&times;80&times;120mm】【100枚入】【OPP】【シモジマ】：ふくろや楽天市場店,ポリ袋野菜袋ボードンボードン袋ＯＰＰポリ半透明レジ袋ナイロンポリ真空袋ゴミ袋クリスタルパックチャック付ユニパック結束テープ容器惣菜容器弁当容器ゴムバンド保冷バックＯＰＰクリスタルパックＳ８‐１２【0.03&times;80&times;120mm】【100枚入】【OPP】【シモジマ】,透明度があり、つやがある袋。ＯＰＰクリスタルパックＳ８‐１２【0.03&times;80&times;120mm】【100枚入】【OPP】【シモジマ】[rn]
16-77335,http://tshop.r10s.jp/fukuroya-shop/cabinet/02093156/poli/04341276/imgrc0073885795.jpg?fitin=700:700,188.8000,,日用品雑貨・文房具・手芸 > 日用品・生活雑貨 > 梱包資材 > その他,ＯＰＰクリスタルパックＳ８‐２５【0.03×80×250mm】【100枚入】【OPP】【シモジマ】,透明度があり、つやがある袋,"【使用例】
衣料品、アクセサリー、小物など高級用品の袋として
【商品特徴】
ＯＰＰ（透明感に優れている。フィルム自体は強度はあるが、熱シール性が悪いため、防湿性・気体遮断性には問題がある。）
【サイズ】
厚み０．０３mm×幅８０mm×長２５０mm
【出荷ロット】
1袋　100枚入
【出荷時の当店の商品梱包について】
梱包用の段ボールは当店使用のリサイクル（再利用）段ボールを利用させていただきます。パッキンは新聞紙などを使用させていただきますので、ご了承願います。
もし、商品が破損した場合は返品をさせていただきます。",ＯＰＰクリスタルパックＳ８‐２５【0.03&times;80&times;250mm】【100枚入】【OPP】【シモジマ】：ふくろや楽天市場店,ポリ袋野菜袋ボードンボードン袋ＯＰＰポリ半透明レジ袋ナイロンポリ真空袋ゴミ袋クリスタルパックチャック付ユニパック結束テープ容器惣菜容器弁当容器ゴムバンド保冷バックＯＰＰクリスタルパックＳ８‐２５【0.03&times;80&times;250mm】【100枚入】【OPP】【シモジマ】,透明度があり、つやがある袋。ＯＰＰクリスタルパックＳ８‐２５【0.03&times;80&times;250mm】【100枚入】【OPP】【シモジマ】[rn]
16-77336,http://tshop.r10s.jp/fukuroya-shop/cabinet/02093156/poli/04341276/imgrc0073885796.jpg?fitin=700:700,163.2000,,日用品雑貨・文房具・手芸 > 日用品・生活雑貨 > 梱包資材 > その他,ＯＰＰクリスタルパックＳ９‐１５【0.03×90×150mm】【100枚入】【OPP】【シモジマ】,透明度があり、つやがある袋,"【使用例】
衣料品、アクセサリー、小物など高級用品の袋として
【商品特徴】
ＯＰＰ（透明感に優れている。フィルム自体は強度はあるが、熱シール性が悪いため、防湿性・気体遮断性には問題がある。）
【サイズ】
厚み０．０３mm×幅９０mm×長１５０mm
【出荷ロット】
1袋　100枚入
【出荷時の当店の商品梱包について】
梱包用の段ボールは当店使用のリサイクル（再利用）段ボールを利用させていただきます。パッキンは新聞紙などを使用させていただきますので、ご了承願います。
もし、商品が破損した場合は返品をさせていただきます。",ＯＰＰクリスタルパックＳ９‐１５【0.03&times;90&times;150mm】【100枚入】【OPP】【シモジマ】：ふくろや楽天市場店,ポリ袋野菜袋ボードンボードン袋ＯＰＰポリ半透明レジ袋ナイロンポリ真空袋ゴミ袋クリスタルパックチャック付ユニパック結束テープ容器惣菜容器弁当容器ゴムバンド保冷バックＯＰＰクリスタルパックＳ９‐１５【0.03&times;90&times;150mm】【100枚入】【OPP】【シモジマ】,透明度があり、つやがある袋。ＯＰＰクリスタルパックＳ９‐１５【0.03&times;90&times;150mm】【100枚入】【OPP】【シモジマ】[rn]
16-77337,http://tshop.r10s.jp/fukuroya-shop/cabinet/02093156/poli/04341276/imgrc0073885797.jpg?fitin=700:700,181.6000,,日用品雑貨・文房具・手芸 > 日用品・生活雑貨 > 梱包資材 > その他,ＯＰＰクリスタルパックＳ９‐１８【0.03×90×180mm】【100枚入】【OPP】【シモジマ】,透明度があり、つやがある袋,,ＯＰＰクリスタルパックＳ９‐１８【0.03&times;90&times;180mm】【100枚入】【OPP】【シモジマ】：ふくろや楽天市場店,ポリ袋野菜袋ボードンボードン袋ＯＰＰポリ半透明レジ袋ナイロンポリ真空袋ゴミ袋クリスタルパックチャック付ユニパック結束テープ容器惣菜容器弁当容器ゴムバンド保冷バックＯＰＰクリスタルパックＳ９‐１８【0.03&times;90&times;180mm】【100枚入】【OPP】【シモジマ】,透明度があり、つやがある袋。ＯＰＰクリスタルパックＳ９‐１８【0.03&times;90&times;180mm】【100枚入】【OPP】【シモジマ】[rn]
16-77338,http://tshop.r10s.jp/fukuroya-shop/cabinet/02093156/poli/04341276/imgrc0073885798.jpg?fitin=700:700,211.2000,,日用品雑貨・文房具・手芸 > 日用品・生活雑貨 > 梱包資材 > その他,ＯＰＰクリスタルパックＳ９‐２５【0.03×90×250mm】【100枚入】【OPP】【シモジマ】,透明度があり、つやがある袋,"【使用例】
衣料品、アクセサリー、小物など高級用品の袋として
【商品特徴】
ＯＰＰ（透明感に優れている。フィルム自体は強度はあるが、熱シール性が悪いため、防湿性・気体遮断性には問題がある。）
【サイズ】
厚み０．０３mm×幅９０mm×長２５０mm
【出荷ロット】
1袋　100枚入
【出荷時の当店の商品梱包について】
梱包用の段ボールは当店使用のリサイクル（再利用）段ボールを利用させていただきます。パッキンは新聞紙などを使用させていただきますので、ご了承願います。
もし、商品が破損した場合は返品をさせていただきます。",ＯＰＰクリスタルパックＳ９‐２５【0.03&times;90&times;250mm】【100枚入】【OPP】【シモジマ】：ふくろや楽天市場店,ポリ袋野菜袋ボードンボードン袋ＯＰＰポリ半透明レジ袋ナイロンポリ真空袋ゴミ袋クリスタルパックチャック付ユニパック結束テープ容器惣菜容器弁当容器ゴムバンド保冷バックＯＰＰクリスタルパックＳ９‐２５【0.03&times;90&times;250mm】【100枚入】【OPP】【シモジマ】,透明度があり、つやがある袋。ＯＰＰクリスタルパックＳ９‐２５【0.03&times;90&times;250mm】【100枚入】【OPP】【シモジマ】[rn]
16-77339,http://tshop.r10s.jp/wrapping-pcl/cabinet/koukoku/03056544/03056545/imgrc0066304955.jpg?fitin=700:700,880.0000,,日用品雑貨・文房具・手芸 > 文房具・事務用品 > ギフトラッピング用品 > リボン,マスキングテープ「mt」カラフル三角＆四角10巻セット 【送料無料】,パステルカラーの可愛い三角と四角が勢揃い,"☆【送料無料】1100円　全て15mm巾10m巻「mt」ブランド<br>
巾20mm以下のマスキングテープでしたら、送料の追加なく何巻でも、こちらに追加出来ます。<br>
沢山のご注文お待ちしております。<br>
・商品の内要は変更になる場合がございます。<br>
・お客様に少しでも安くmtを販売させていただきたいと考えております為、ラッピング　Ｐｉｃｃｏｌｏでは、mt_exやデザイナーmt以外は、8巻梱包で仕入れております。<br>
この為、上記以外のmtは1つづつ個包装はされておりません。<br>
mt_exやデザイナーmt以外の通常商品で個包装されている商品も、メーカーでの販売はございますが、こちらは価格が上がってしまいますので、ラッピング　Ｐｉｃｃｏｌｏではお客様に少しでも安くと考え、当社での梱包作業を行っております。<br>
ラッピング　Ｐｉｃｃｏｌｏでは新品の商品以外は販売いたしておりませんので、安心してお使いいただけます。<br>

こちらの商品は、クロネコヤマトメール便にて発送になります。<br>
日時のご指定は出来ません。<br>
☆メール便は、透明袋に入れたmtをクラフト封筒に入れて発送になりますので、多少つぶれてしまう場合もございます。<br>

尚、代引きをご希望のお客様は、クロネコヤマト便になりますので
クロネコヤマト便の送料と、代引き料金のご請求になります。<br>
格安セットの為、申し訳ございません。<br>",マスキングテープ「mt」カラフル三角＆四角10巻セット 【送料無料】：ラッピング　Ｐｉｃｃｏｌｏ,ラッピングシール雑貨マスキングテープりぼんクラフト紙グラシンマフィン型レースペーパー紙袋ワックスペーパーバーガー袋デザートカップビンオーピーパックパン袋レジ袋ポリ袋ラベンダースティックセパレーターマスキングテープ「mt」カラフル三角＆四角10巻セット 【送料無料】,パステルカラーの可愛い三角と四角が勢揃い。マスキングテープ「mt」カラフル三角＆四角10巻セット 【送料無料】[rn]
16-77340,http://tshop.r10s.jp/pinkmonkey/cabinet/tenpo/ywx051.jpg?fitin=700:700,365.6000,,日用品雑貨・文房具・手芸 > 文房具・事務用品 > ギフトラッピング用品 > リボン,ラッピング用ラメハートワンタッチリボン10本入り(幅45mm)(全7色)【クロネコDM便対応】,ギフトだけでなくイベントでの飾り付けや店舗の演出にも。,"<center>

<img src=""http://image.rakuten.co.jp/pinkmonkey/cabinet/banner/maila-ok.jpg"" width=""90%"" border=""0""></center>
<hr><font color=""ff0000"">※ご購入前に必ずお読みください</font><br>
＞＞ メール便についてはこちら<br>
<hr>
<br><br>


【商品説明】<br>
外側のラメハートリボンを押し上げるだけで、簡単に華やかなバタフライリボンが出来上がります♪
ブーケに使われるバスケットボウやリボンボウとも呼ばれます。 <br>

美しいラメ感のあるリボンは、角度によって色合いが変わります。 内側の細いリボンは結びつけるだけでなく、カールして飾りとしてアレンジすることもできます。<br>

ギフトラッピングだけでなく、様々なイベントでの飾り付けや店舗の演出にもオススメです。
１袋10本入りで、全７色の中からお好みのカラーをお選びください。<br><br>

■サイズ(約)　全長75×幅4.5cm（完成時：高さ6×幅22×奥行20cm）<br>
■カラー　レッド、ピンク、パープル、ブルー、グリーン、イエロー、レインボー<br>
■内容量　10本",ラッピング用ラメハートワンタッチリボン10本入り(幅45mm)(全7色)【クロネコDM便対応】：手芸材料のお店 アンシャンテ工房,革紐 通販レジン 材料レジン 型レジン パーツハンドメイド 材料 販売ハンドメイド アクセサリー 材料ハンドメイド 材料 激安ハンドメイド ピアス 材料ハンドメイド ブレスレット 材料カルトナージュ 材料 通販シリコンモールド レジン革紐  本革革紐 細いレザーコード 1mmレザーコード 平アクセサリー パーツ 通販 おすすめアクセサリー 金具ピアス 台紙ピアス ディスプレイレジン 封入 素材ラッピング用ラメハートワンタッチリボン10本入り(幅45mm)(全7色)【クロネコDM便対応】,ギフトだけでなくイベントでの飾り付けや店舗の演出にも。。ラッピング用ラメハートワンタッチリボン10本入り(幅45mm)(全7色)【クロネコDM便対応】[rn]
16-77341,http://tshop.r10s.jp/wrapping-pcl/cabinet/koukoku/03056544/03056545/imgrc0066733425.jpg?fitin=700:700,2160.0000,,日用品雑貨・文房具・手芸 > 文房具・事務用品 > ギフトラッピング用品 > リボン,マスキングテープ　柄入りmt 20巻+mt ex 5巻　計25巻セットNo.2【送料無料】,mt ex も5巻入のマスキングテープ25巻の福袋,"☆柄入りmt 20巻+mt ex 5巻 計25巻セットNo.2（全て15mm巾10m巻）☆<br>
・格安商品の為、お客様から商品の変更等はお引き受けできません。<br>
・こちらの商品は、メール便サイズギリギリまで mt＆mt ex が入っております。<br>
・シール等の同梱は多少出来ます。<br>
・mt等の同梱ご希望の場合は送料の追加がかかります。<br>
・mt ex 5巻は、個包装されております。<br>
・mt 20巻は個包装されておりません。10巻づつ袋入りにて発送になります。<br>
・商品の内要は変更になる場合がございます。<br>
・お客様に少しでも安くmtを販売させていただきたいと考えております為、ラッピング　Ｐｉｃｃｏｌｏでは、mt_exやデザイナーmt以外は、8巻梱包で仕入れております。<br>
この為、上記以外のmtは1つづつ個包装はされておりません。<br>
mt_exやデザイナーmt以外の通常商品で個包装されている商品も、メーカーでの販売はございますが、こちらは価格が上がってしまいますので、ラッピング　Ｐｉｃｃｏｌｏではお客様に少しでも安くと考え、当社での梱包作業を行っております。<br>
ラッピング　Ｐｉｃｃｏｌｏでは新品の商品以外は販売いたしておりませんので、安心してお使いいただけます。<br>
こちらの商品は、クロネコヤマトメール便にて発送になります。<br>
日時のご指定は出来ません。<br>
☆メール便は、透明袋に入れたmtをクラフト封筒に入れて発送になりますので、多少つぶれてしまう場合もございます。<br>

尚、代引きをご希望のお客様は、クロネコヤマト便になりますので
クロネコヤマト便の送料と、代引き料金のご請求になります。<br>
格安セットの為、申し訳ございません。<br>
メール便発送以外をご希望のお客様は送料がかかります<br>",マスキングテープ　柄入りmt 20巻+mt ex 5巻　計25巻セットNo.2【送料無料】 ：ラッピング　Ｐｉｃｃｏｌｏ,ラッピングシール雑貨マスキングテープりぼんクラフト紙グラシンマフィン型レースペーパー紙袋ワックスペーパーバーガー袋デザートカップビンオーピーパックパン袋レジ袋ポリ袋ラベンダースティックセパレーターマスキングテープ　柄入りmt 20巻+mt ex 5巻　計25巻セットNo.2【送料無料】,mt ex も5巻入のマスキングテープ25巻の福袋。マスキングテープ　柄入りmt 20巻+mt ex 5巻　計25巻セットNo.2【送料無料】[rn]
16-77342,http://tshop.r10s.jp/wrapping-pcl/cabinet/koukoku/03056544/03056545/imgrc0068753414.jpg?fitin=700:700,1680.0000,,日用品雑貨・文房具・手芸 > 文房具・事務用品 > ギフトラッピング用品 > リボン,マスキングテープ　ピンク・赤　大好き福袋　柄入りmt 20巻【送料無料】,ピンク・赤系　大集合　福袋　20巻,"☆ピンク・赤　大好き福袋　柄入りmt 20巻<br>【送料無料】2100円 （全て15mm巾10m巻）【カモ井加工紙】<br>
・mt 20巻は個包装されておりません。10巻づつ袋入りにて発送になります。<br>
・商品の内要は変更になる場合がございます。<br>
・20mm以下のmt＆mt exですと、5巻まで送料の追加なく同梱出来ます。 <br>
・シール等の同梱は出来ます。<br>
・お客様に少しでも安くmtを販売させていただきたいと考えております為、ラッピング　Ｐｉｃｃｏｌｏでは、mt_exやデザイナーmt以外は、8巻梱包で仕入れております。<br>
この為、上記以外のmtは1つづつ個包装はされておりません。<br>
mt_exやデザイナーmt以外の通常商品で個包装されている商品も、メーカーでの販売はございますが、こちらは価格が上がってしまいますので、ラッピング　Ｐｉｃｃｏｌｏではお客様に少しでも安くと考え、当社での梱包作業を行っております。<br>
ラッピング　Ｐｉｃｃｏｌｏでは新品の商品以外は販売いたしておりませんので、安心してお使いいただけます。<br>

こちらの商品は、クロネコヤマトメール便にて発送になります。<br>
日時のご指定は出来ません。<br>
☆メール便は、透明袋に入れたmtをクラフト封筒に入れて発送になりますので、多少つぶれてしまう場合もございます。<br>

尚、代引きをご希望のお客様は、クロネコヤマト便になりますので
クロネコヤマト便の送料と、代引き料金のご請求になります。<br>
格安セットの為、申し訳ございません。<br>
メール便発送以外をご希望のお客様は送料がかかります<br>",マスキングテープ　ピンク・赤　大好き福袋　柄入りmt 20巻【送料無料】：ラッピング　Ｐｉｃｃｏｌｏ,ラッピングシール雑貨マスキングテープりぼんクラフト紙グラシンマフィン型レースペーパー紙袋ワックスペーパーバーガー袋デザートカップビンオーピーパックパン袋レジ袋ポリ袋ラベンダースティックセパレーターマスキングテープ　ピンク・赤　大好き福袋　柄入りmt 20巻【送料無料】,ピンク・赤系　大集合　福袋　20巻。マスキングテープ　ピンク・赤　大好き福袋　柄入りmt 20巻【送料無料】[rn]
16-77343,http://tshop.r10s.jp/wrapping-pcl/cabinet/koukoku/03056544/03056545/imgrc0067276712.jpg?fitin=700:700,880.0000,,日用品雑貨・文房具・手芸 > 文房具・事務用品 > ギフトラッピング用品 > リボン,マスキングテープ「mt」水色大好き福袋　柄入り10巻セット【送料無料】全て15mm巾10m巻,☆当店人気の水色マスキングテープ10巻選んでみました☆,"☆水色大好き福袋　柄入り10巻セット☆<br> 【送料無料】1100円　全て15mm巾10m巻「mt」ブランド<br>
巾20mm以下のマスキングテープでしたら、送料の追加なく何巻でも、こちらに追加出来ます。<br>
沢山のご注文お待ちしております。<br>
・商品の内要は変更になる場合がございます。<br>
・お客様に少しでも安くmtを販売させていただきたいと考えております為、ラッピング　Ｐｉｃｃｏｌｏでは、mt_exやデザイナーmt以外は、8巻梱包で仕入れております。<br>
この為、上記以外のmtは1つづつ個包装はされておりません。<br>
mt_exやデザイナーmt以外の通常商品で個包装されている商品も、メーカーでの販売はございますが、こちらは価格が上がってしまいますので、ラッピング　Ｐｉｃｃｏｌｏではお客様に少しでも安くと考え、当社での梱包作業を行っております。<br>
ラッピング　Ｐｉｃｃｏｌｏでは新品の商品以外は販売いたしておりませんので、安心してお使いいただけます。<br>


こちらの商品は、クロネコヤマトメール便にて発送になります。<br>
日時のご指定は出来ません。<br>
☆メール便は、透明袋に入れたmtをクラフト封筒に入れて発送になりますので、多少つぶれてしまう場合もございます。<br>

尚、代引きをご希望のお客様は、クロネコヤマト便になりますので
クロネコヤマト便の送料と、代引き料金のご請求になります。<br>
格安セットの為、申し訳ございません。<br>",マスキングテープ「mt」水色大好き福袋　柄入り10巻セット【送料無料】全て15mm巾10m巻：ラッピング　Ｐｉｃｃｏｌｏ,ラッピングシール雑貨マスキングテープりぼんクラフト紙グラシンマフィン型レースペーパー紙袋ワックスペーパーバーガー袋デザートカップビンオーピーパックパン袋レジ袋ポリ袋ラベンダースティックセパレーターマスキングテープ「mt」水色大好き福袋　柄入り10巻セット【送料無料】全て15mm巾10m巻,☆当店人気の水色マスキングテープ10巻選んでみました☆。マスキングテープ「mt」水色大好き福袋　柄入り10巻セット【送料無料】全て15mm巾10m巻[rn]
16-77344,http://tshop.r10s.jp/wrapping-pcl/cabinet/koukoku/03056544/03056545/imgrc0067276714.jpg?fitin=700:700,880.0000,,日用品雑貨・文房具・手芸 > 文房具・事務用品 > ギフトラッピング用品 > リボン,マスキングテープ「mt」緑色大好き福袋　柄入り10巻セット 【送料無料】マスキングテープ15mm巾10m巻,☆当店人気の緑色マスキングテープ10巻選んでみました☆,"緑色大好き福袋　柄入り10巻セット【送料無料】　全て15mm巾10m巻「mt」ブランド<br>
巾20mm以下のマスキングテープでしたら、送料の追加なく何巻でも、こちらに追加出来ます。<br>
沢山のご注文お待ちしております。<br>
・商品の内要は変更になる場合がございます。<br>
・お客様に少しでも安くmtを販売させていただきたいと考えております為、ラッピング　Ｐｉｃｃｏｌｏでは、mt_exやデザイナーmt以外は、8巻梱包で仕入れております。<br>
この為、上記以外のmtは1つづつ個包装はされておりません。<br>
mt_exやデザイナーmt以外の通常商品で個包装されている商品も、メーカーでの販売はございますが、こちらは価格が上がってしまいますので、ラッピング　Ｐｉｃｃｏｌｏではお客様に少しでも安くと考え、当社での梱包作業を行っております。<br>
ラッピング　Ｐｉｃｃｏｌｏでは新品の商品以外は販売いたしておりませんので、安心してお使いいただけます。<br>

こちらの商品は、クロネコヤマトメール便にて発送になります。<br>
日時のご指定は出来ません。<br>
☆メール便は、透明袋に入れたmtをクラフト封筒に入れて発送になりますので、多少つぶれてしまう場合もございます。<br>

尚、代引きをご希望のお客様は、クロネコヤマト便になりますので
クロネコヤマト便の送料と、代引き料金のご請求になります。<br>
格安セットの為、申し訳ございません。<br>",マスキングテープ「mt」緑色大好き福袋　柄入り10巻セット 【送料無料】マスキングテープ15mm巾10m巻：ラッピング　Ｐｉｃｃｏｌｏ,ラッピングシール雑貨マスキングテープりぼんクラフト紙グラシンマフィン型レースペーパー紙袋ワックスペーパーバーガー袋デザートカップビンオーピーパックパン袋レジ袋ポリ袋ラベンダースティックセパレーターマスキングテープ「mt」緑色大好き福袋　柄入り10巻セット 【送料無料】マスキングテープ15mm巾10m巻,☆当店人気の緑色マスキングテープ10巻選んでみました☆。マスキングテープ「mt」緑色大好き福袋　柄入り10巻セット 【送料無料】マスキングテープ15mm巾10m巻[rn]
16-77345,http://tshop.r10s.jp/wrapping-pcl/cabinet/koukoku/03056544/03056545/imgrc0065674144.jpg?fitin=700:700,880.0000,,日用品雑貨・文房具・手芸 > 文房具・事務用品 > ギフトラッピング用品 > リボン,「mt」マスキングテープ(送料無料）15mm巾モノクロ10巻セット,☆当店人気のモノクロマスキングテープ10巻選んでみました☆,"マスキングテープ(送料無料）マスキングテープ(送料無料）☆15mm巾モノクロ10巻セット☆<br>
mt　マット ホワイト・ベタ（幅15mm×10ｍ巻）<br>
mt　マットブラック（幅15mm×10ｍ巻）<br>
mt　銀・ベタ（幅15mm×10ｍ巻）<br>
mt　ドット・ブラック（幅15mm×10m巻）<br>
mt　手描きドット・モノクロ（幅15mm×10m巻）<br>
mt　手描きボーダー・モノクロ（幅15mm×10m巻）<br>
mt　ストライプ・シルバー（幅15mm×10m巻）<br>
mt　ストライプ・ブラック（幅15mm×10m巻） <br>
mt　ボックス・モノクロ（幅15mm×10m巻）<br>
mt　つぎはぎ・G（幅15mm×10m巻） <br>
巾20mm以下のマスキングテープでしたら、送料の追加なく何巻でも、こちらに追加出来ます。<br>
沢山のご注文お待ちしております。<br>



こちらの商品は、クロネコヤマトメール便にて発送になります。<br>
日時のご指定は出来ません。<br>
☆メール便は、透明袋に入れたmtをクラフト封筒に入れて発送になりますので、多少つぶれてしまう場合もございます。<br>
・商品の内要は変更になる場合がございます。<br>
・お客様に少しでも安くmtを販売させていただきたいと考えております為、ラッピング　Ｐｉｃｃｏｌｏでは、mt_exやデザイナーmt以外は、8巻梱包で仕入れております。<br>
この為、上記以外のmtは1つづつ個包装はされておりません。<br>
mt_exやデザイナーmt以外の通常商品で個包装されている商品も、メーカーでの販売はございますが、こちらは価格が上がってしまいますので、ラッピング　Ｐｉｃｃｏｌｏではお客様に少しでも安くと考え、当社での梱包作業を行っております。<br>
ラッピング　Ｐｉｃｃｏｌｏでは新品の商品以外は販売いたしておりませんので、安心してお使いいただけます。<br>
尚、代引きをご希望のお客様は、クロネコヤマト便になりますので
クロネコヤマト便の送料と、代引き料金のご請求になります。<br>
格安セットの為、申し訳ございません。<br>",「mt」マスキングテープ(送料無料）15mm巾モノクロ10巻セット：ラッピング　Ｐｉｃｃｏｌｏ,ラッピングシール雑貨マスキングテープりぼんクラフト紙グラシンマフィン型レースペーパー紙袋ワックスペーパーバーガー袋デザートカップビンオーピーパックパン袋レジ袋ポリ袋ラベンダースティックセパレーター「mt」マスキングテープ(送料無料）15mm巾モノクロ10巻セット,☆当店人気のモノクロマスキングテープ10巻選んでみました☆。「mt」マスキングテープ(送料無料）15mm巾モノクロ10巻セット[rn]
16-77346,http://tshop.r10s.jp/wrapping-pcl/cabinet/koukoku/03056544/03056545/img62167000.jpg?fitin=700:700,960.0000,,日用品雑貨・文房具・手芸 > 文房具・事務用品 > ギフトラッピング用品 > リボン,「mt」マスキングテープ(送料無料）15mm巾金・銀・ブラック10巻セット,オーレ・エクセルの「Bird Pencil」も入っています,"マスキングテープ(送料無料）☆15mm巾金・銀・ブラック10巻セット<br>
mt 金・ベタ（幅15mm×10ｍ巻）<br>
mt  マットブラック（幅15mm×10ｍ巻）<br>
mt 銀・ベタ（幅15mm×10ｍ巻）<br>
Bird Pencil（幅15mm×10m巻）マスキングテープ（下の写真） <br>
オーレ・エクセルの描く、鳥とペン、雑貨たちの楽しくゆるやかな時間！<br>
mt　ドット・ブラック（幅15mm×10m巻）<br>
mt　ドット・金（幅15mm×10m巻）<br>
mt　ストライプ・シルバー（幅15mm×10m巻）<br>

mt　ストライプ・ゴールド（幅15mm×10m巻） <br>
mt　ストライプ・ブラック（幅15mm×10m巻） <br>
mt　つぎはぎ・G（幅15mm×10m巻） <br>
巾20mm以下のマスキングテープでしたら、送料の追加なく何巻でも、こちらに追加出来ます。<br>
沢山のご注文お待ちしております。<br>
・商品の内要は変更になる場合がございます。<br>
・お客様に少しでも安くmtを販売させていただきたいと考えております為、ラッピング　Ｐｉｃｃｏｌｏでは、mt_exやデザイナーmt以外は、8巻梱包で仕入れております。<br>
この為、上記以外のmtは1つづつ個包装はされておりません。<br>
mt_exやデザイナーmt以外の通常商品で個包装されている商品も、メーカーでの販売はございますが、こちらは価格が上がってしまいますので、ラッピング　Ｐｉｃｃｏｌｏではお客様に少しでも安くと考え、当社での梱包作業を行っております。<br>
ラッピング　Ｐｉｃｃｏｌｏでは新品の商品以外は販売いたしておりませんので、安心してお使いいただけます。<br>


こちらの商品は、クロネコヤマトメール便にて発送になります。<br>
日時のご指定は出来ません。<br>
☆メール便は、透明袋に入れたmtをクラフト封筒に入れて発送になりますので、多少つぶれてしまう場合もございます。<br>
尚、代引きをご希望のお客様は、クロネコヤマト便になりますので
クロネコヤマト便の送料と、代引き料金のご請求になります。<br>
格安セットの為、申し訳ございません。<br>",「mt」マスキングテープ(送料無料）15mm巾金・銀・ブラック10巻セット：ラッピング　Ｐｉｃｃｏｌｏ,ラッピングシール雑貨マスキングテープりぼんクラフト紙グラシンマフィン型レースペーパー紙袋ワックスペーパーバーガー袋デザートカップビンオーピーパックパン袋レジ袋ポリ袋ラベンダースティックセパレーター「mt」マスキングテープ(送料無料）15mm巾金・銀・ブラック10巻セット,オーレ・エクセルの「Bird Pencil」も入っています。「mt」マスキングテープ(送料無料）15mm巾金・銀・ブラック10巻セット[rn]
16-77347,http://tshop.r10s.jp/cocodecow/cabinet/085/637108.jpg?fitin=700:700,273.6000,,日用品雑貨・文房具・手芸 > 文房具・事務用品 > ギフトラッピング用品 > リボン,ヘイコー/シングルサテンリボン ライトブルー 9mm*20m/1419928,【税込1900円以上で送料無料】,"<img src=""http://image.rakuten.co.jp/cocodecow/cabinet/zaikocall.gif"" width=""303"" height=""100"" border=""0""><br /><BR>【仕様】<BR><BR>●サイズ：幅９ｍｍ×長さ２０ｍ<BR>●材質：ポリエステル<BR>●入数：１巻<BR>●片面のみ光沢があります。<BR>●装飾にも商品のラッピングにも最適なベーシックなリボンです。プレゼントやご贈答品等様々なシーンで活躍します。<BR><BR><BR><BR><BR><font size=""1"">【検索用キーワード】<BR>【検索用キーワード】<BR>ギフト　１４１９９２８</font>",ヘイコー/シングルサテンリボン ライトブルー 9mm*20m/1419928：ココデカウ,ここでかうココデカウcocodecowkokodekaukokodecowヘイコー/シングルサテンリボン ライトブルー 9mm*20m/1419928,【税込1900円以上で送料無料】。ヘイコー/シングルサテンリボン ライトブルー 9mm*20m/1419928[rn]
16-77348,http://tshop.r10s.jp/wrapping/cabinet/ribbon/001501301.gif?fitin=700:700,380.0000,,日用品雑貨・文房具・手芸 > 文房具・事務用品 > ギフトラッピング用品 > リボン,リボン ラッピング HEIKO/シモジマ ペーパーワイヤー 01 ホワイト 約幅2mm×20m巻き,3240円以上で送料無料！(沖縄県をのぞく),"リボンのようにも、タイのようにも使えるワイヤー入りの紙紐です！

ナチュラルな風合いのペーパーロープの芯にアルミワイヤーが入っています。<BR>
思いのままに形づけができるユニークな素材です。<BR>

10cm程度にカットすれば、袋の口をとめるタイとしてもお使いいただけます。<BR>

●サイズ：約幅2mm×20m巻き
<br>※商品に在庫数が表示されていない商品は自社販売と在庫を共有しているため、品切れとなる場合があります。また予告なくメーカー廃番となる場合があります。",リボン ラッピング HEIKO/シモジマ ペーパーワイヤー 01 ホワイト 約幅2mm&times;20m巻き：ラッピング倶楽部,ラッピング包装紙袋ワックスペーパーロー引き袋ボックス箱梱包マスキングテープリボンレジン手作りクラフトパンチスクラップブッキングハワイアンリボンレイスイーツデコ粘土ブライダルデコパージュシールリボン ラッピング HEIKO/シモジマ ペーパーワイヤー 01 ホワイト 約幅2mm&times;20m巻き,3240円以上で送料無料！(沖縄県をのぞく)。リボン ラッピング HEIKO/シモジマ ペーパーワイヤー 01 ホワイト 約幅2mm&times;20m巻き[rn]
16-77349,http://tshop.r10s.jp/wrapping/cabinet/ribbon/001443401.gif?fitin=700:700,448.8000,,日用品雑貨・文房具・手芸 > 文房具・事務用品 > ギフトラッピング用品 > リボン,リボン ラッピング HEIKO/シモジマ カールリボン イリデッセント  幅5mmｘ30m ホワイト,3240円以上で送料無料！(沖縄県をのぞく),"きらきら輝く オーロラカラーがきれいなリボン★<BR>
はさみなどでしごくことで、簡単にカールさせることができるリボンです。<BR>
何本か束にして作るとボリュームが出て、とってもかわいくゴージャスに仕上がります。<BR>
また長くのばしたタレの先だけをカールしたり、ちっちゃいカールをシールで貼てもキュート♪<BR>
ポリプロピレン製で水に強いのでブーケのラッピングにも向いています。<BR>
●サイズ：幅5mmｘ30ｍ巻<BR>
●材質：ポリプロピレン<BR>
＊ビニールっぽい素材です。織りのある布地のリボンではありません。<br>※商品に在庫数が表示されていない商品は自社販売と在庫を共有しているため、品切れとなる場合があります。また予告なくメーカー廃番となる場合があります。",リボン ラッピング HEIKO/シモジマ カールリボン イリデッセント  幅5mmｘ30m ホワイト：ラッピング倶楽部,ラッピング包装紙袋ワックスペーパーロー引き袋ボックス箱梱包マスキングテープリボンレジン手作りクラフトパンチスクラップブッキングハワイアンリボンレイスイーツデコ粘土ブライダルデコパージュシールリボン ラッピング HEIKO/シモジマ カールリボン イリデッセント  幅5mmｘ30m ホワイト,3240円以上で送料無料！(沖縄県をのぞく)。リボン ラッピング HEIKO/シモジマ カールリボン イリデッセント  幅5mmｘ30m ホワイト[rn]
16-77350,http://tshop.r10s.jp/wrapping/cabinet/ribbon/1501201.gif?fitin=700:700,380.0000,,日用品雑貨・文房具・手芸 > 文房具・事務用品 > ギフトラッピング用品 > リボン,【HEIKO/シモジマ】ペーパーラフィア　01 ホワイト　約幅5mm×50m巻き,ナチュラルラッピングに！,"『ラフィア』の風合いを紙で再現しました！<br>
●約幅5mm×50m巻き（広げると4cm程度の幅となります。）<br>●紙製<br>※商品に在庫数が表示されていない商品は自社販売と在庫を共有しているため、品切れとなる場合があります。また予告なくメーカー廃番となる場合があります。",【HEIKO/シモジマ】ペーパーラフィア　01 ホワイト　約幅5mm&times;50m巻き：ラッピング倶楽部,ラッピング包装紙袋ワックスペーパーロー引き袋ボックス箱梱包マスキングテープリボンレジン手作りクラフトパンチスクラップブッキングハワイアンリボンレイスイーツデコ粘土ブライダルデコパージュシール【HEIKO/シモジマ】ペーパーラフィア　01 ホワイト　約幅5mm&times;50m巻き,ナチュラルラッピングに！。【HEIKO/シモジマ】ペーパーラフィア　01 ホワイト　約幅5mm&times;50m巻き[rn]
16-77351,http://tshop.r10s.jp/wrapping/cabinet/w-acce/4901755179224.jpg?fitin=700:700,207.2000,,日用品雑貨・文房具・手芸 > 文房具・事務用品 > ギフトラッピング用品 > リボン,ラッピング タイ HEIKO/シモジマ リボンタイ グラデーションタイプ Pイエロー（15本入り）,3240円以上で送料無料！(沖縄県をのぞく),"リボン製のカラータイ。<BR>
質感があって安っぽくなりません。<BR>
綺麗なグラデーションがポイントです★<BR>
●入り数：15本<BR>
●サイズ：9ｘ120mm<BR>
●材　質：ポリエステル・ナイロン（ワイヤー入）<br>※商品に在庫数が表示されていない商品は自社販売と在庫を共有しているため、品切れとなる場合があります。また予告なくメーカー廃番となる場合があります。",ラッピング タイ HEIKO/シモジマ リボンタイ グラデーションタイプ Pイエロー（15本入り）：ラッピング倶楽部,ラッピング包装紙袋ワックスペーパーロー引き袋ボックス箱梱包マスキングテープリボンレジン手作りクラフトパンチスクラップブッキングハワイアンリボンレイスイーツデコ粘土ブライダルデコパージュシールラッピング タイ HEIKO/シモジマ リボンタイ グラデーションタイプ Pイエロー（15本入り）,3240円以上で送料無料！(沖縄県をのぞく)。ラッピング タイ HEIKO/シモジマ リボンタイ グラデーションタイプ Pイエロー（15本入り）[rn]
16-77352,http://tshop.r10s.jp/wrapping/cabinet/w-acce/4901755146820.jpg?fitin=700:700,241.6000,,日用品雑貨・文房具・手芸 > 文房具・事務用品 > ギフトラッピング用品 > リボン,ラッピング タイ HEIKO/シモジマ リボンタイ 無地 ゴールド（15本入り）,3240円以上で送料無料！(沖縄県をのぞく),"リボン製のカラータイ。<BR>
質感があって安っぽくなりません。ギフトラッピングに最適です♪<BR>
●入り数：15本<BR>
●サイズ：9ｘ120mm<BR>
●材　質：ポリエステル・ナイロン（ワイヤー入）<br>※商品に在庫数が表示されていない商品は自社販売と在庫を共有しているため、品切れとなる場合があります。また予告なくメーカー廃番となる場合があります。",ラッピング タイ HEIKO/シモジマ リボンタイ 無地 ゴールド（15本入り）：ラッピング倶楽部,ラッピング包装紙袋ワックスペーパーロー引き袋ボックス箱梱包マスキングテープリボンレジン手作りクラフトパンチスクラップブッキングハワイアンリボンレイスイーツデコ粘土ブライダルデコパージュシールラッピング タイ HEIKO/シモジマ リボンタイ 無地 ゴールド（15本入り）,3240円以上で送料無料！(沖縄県をのぞく)。ラッピング タイ HEIKO/シモジマ リボンタイ 無地 ゴールド（15本入り）[rn]
16-77353,http://tshop.r10s.jp/wrapping/cabinet/ikou_20100127_004/img10302519141.jpg?fitin=700:700,608.0000,,日用品雑貨・文房具・手芸 > 文房具・事務用品 > ギフトラッピング用品 > リボン,リボン ラッピング HEIKO/シモジマ Rラフィア トリプル イエロー（約幅3mm×30m巻き）,華やかな3色のレーヨン製ラフィア♪,"3色使いの華やかなレーヨン製ラフィアです。<br>
これ一つでぐっと手の込んだ雰囲気に！<br>
3本まとめて留めておけるように、切り込み入のメンコにしてあります。<br>
●約幅3mm×30m巻き(X3色)<br>
●材質：レーヨン<br>※商品に在庫数が表示されていない商品は自社販売と在庫を共有しているため、品切れとなる場合があります。また予告なくメーカー廃番となる場合があります。",リボン ラッピング HEIKO/シモジマ Rラフィア トリプル イエロー（約幅3mm&times;30m巻き）：ラッピング倶楽部,ラッピング包装紙袋ワックスペーパーロー引き袋ボックス箱梱包マスキングテープリボンレジン手作りクラフトパンチスクラップブッキングハワイアンリボンレイスイーツデコ粘土ブライダルデコパージュシールリボン ラッピング HEIKO/シモジマ Rラフィア トリプル イエロー（約幅3mm&times;30m巻き）,華やかな3色のレーヨン製ラフィア♪。リボン ラッピング HEIKO/シモジマ Rラフィア トリプル イエロー（約幅3mm&times;30m巻き）[rn]
16-77354,http://tshop.r10s.jp/wrapping/cabinet/ribbon/1473201.gif?fitin=700:700,197.6000,,日用品雑貨・文房具・手芸 > 文房具・事務用品 > ギフトラッピング用品 > リボン,【得々！人気者プライス】リボン ラッピング HEIKO/シモジマ カールリボン スプレンドレット 幅5mmｘ30m ホワイト,3240円以上で送料無料！(沖縄県をのぞく),"カールするとツヤが増して可愛い表情に★<BR>
はさみなどでしごくことで、簡単にカールさせることができるリボンです。<BR>
何本か束にして作るとキュートなカラーリングになり、<BR>
ひと味違ったラッピングが楽しめます。<BR>
また長くのばしたタレの先だけをカールしたり、ちっちゃいカールをシールで貼てもキュート♪<BR>
ポリプロピレン製で水に強いのでブーケのラッピングにも向いています。<BR>
●サイズ：幅5mmｘ30ｍ巻<BR>
●材質：ポリプロピレン<BR>
＊ビニールっぽい素材です。織りのある布地のリボンではありません。<br>※商品に在庫数が表示されていない商品は自社販売と在庫を共有しているため、品切れとなる場合があります。また予告なくメーカー廃番となる場合があります。",【得々！人気者プライス】リボン ラッピング HEIKO/シモジマ カールリボン スプレンドレット 幅5mmｘ30m ホワイト：ラッピング倶楽部,ラッピング包装紙袋ワックスペーパーロー引き袋ボックス箱梱包マスキングテープリボンレジン手作りクラフトパンチスクラップブッキングハワイアンリボンレイスイーツデコ粘土ブライダルデコパージュシール【得々！人気者プライス】リボン ラッピング HEIKO/シモジマ カールリボン スプレンドレット 幅5mmｘ30m ホワイト,3240円以上で送料無料！(沖縄県をのぞく)。【得々！人気者プライス】リボン ラッピング HEIKO/シモジマ カールリボン スプレンドレット 幅5mmｘ30m ホワイト[rn]
16-77355,http://tshop.r10s.jp/wrapping/cabinet/ribbon/4935728440714.jpg?fitin=700:700,1022.4000,,日用品雑貨・文房具・手芸 > 文房具・事務用品 > ギフトラッピング用品 > リボン,【東京リボン】44070ワンタッチ24(ワンタッチリボン）1（ゴールド）（約20mm×20m),中心のヒモをひっぱるだけで華やかなボウに！,"お好みの長さでボリュームが調整できるメタリックリボン。<br>
結びつけたり、両面シールで貼ったりしてお使いください。<br>
中心のヒモを引くと、ワンタッチでボウが出来あがります！<br>
カットする長さでボウのボリュームを調節できます。<br>
<br>
●サイズ：約20mmx20m<br>
●出来上がりサイズ：約7.5mm<br>
●材質：ナイロン、ポリエステル",【東京リボン】44070ワンタッチ24(ワンタッチリボン）1（ゴールド）（約20mm&times;20m)：ラッピング倶楽部,ラッピング包装紙袋ワックスペーパーロー引き袋ボックス箱梱包マスキングテープリボンレジン手作りクラフトパンチスクラップブッキングハワイアンリボンレイスイーツデコ粘土ブライダルデコパージュシール【東京リボン】44070ワンタッチ24(ワンタッチリボン）1（ゴールド）（約20mm&times;20m),中心のヒモをひっぱるだけで華やかなボウに！。【東京リボン】44070ワンタッチ24(ワンタッチリボン）1（ゴールド）（約20mm&times;20m)[rn]
16-77356,http://tshop.r10s.jp/wrapping/cabinet/ribbon/4935728440721.jpg?fitin=700:700,1022.4000,,日用品雑貨・文房具・手芸 > 文房具・事務用品 > ギフトラッピング用品 > リボン,【東京リボン】44070ワンタッチ24(ワンタッチリボン）2（シルバー）（約20mm×20m),中心のヒモをひっぱるだけで華やかなボウに！,"お好みの長さでボリュームが調整できるメタリックリボン。<br>
結びつけたり、両面シールで貼ったりしてお使いください。<br>
中心のヒモを引くと、ワンタッチでボウが出来あがります！<br>
カットする長さでボウのボリュームを調節できます。<br>
<br>
●サイズ：約20mmx20m<br>
●出来上がりサイズ：約7.5mm<br>
●材質：ナイロン、ポリエステル",【東京リボン】44070ワンタッチ24(ワンタッチリボン）2（シルバー）（約20mm&times;20m)：ラッピング倶楽部,ラッピング包装紙袋ワックスペーパーロー引き袋ボックス箱梱包マスキングテープリボンレジン手作りクラフトパンチスクラップブッキングハワイアンリボンレイスイーツデコ粘土ブライダルデコパージュシール【東京リボン】44070ワンタッチ24(ワンタッチリボン）2（シルバー）（約20mm&times;20m),中心のヒモをひっぱるだけで華やかなボウに！。【東京リボン】44070ワンタッチ24(ワンタッチリボン）2（シルバー）（約20mm&times;20m)[rn]
16-77357,http://tshop.r10s.jp/wrapping/cabinet/ribbon/1501202.gif?fitin=700:700,380.0000,,日用品雑貨・文房具・手芸 > 文房具・事務用品 > ギフトラッピング用品 > リボン,【HEIKO/シモジマ】ペーパーラフィア　02 ピンク　約幅5mm×50m巻き,ナチュラルラッピングに！,"『ラフィア』の風合いを紙で再現しました！<br>
●約幅5mm×50m巻き（広げると4cm程度の幅となります。）<br>●紙製<br>※商品に在庫数が表示されていない商品は自社販売と在庫を共有しているため、品切れとなる場合があります。また予告なくメーカー廃番となる場合があります。",【HEIKO/シモジマ】ペーパーラフィア　02 ピンク　約幅5mm&times;50m巻き：ラッピング倶楽部,ラッピング包装紙袋ワックスペーパーロー引き袋ボックス箱梱包マスキングテープリボンレジン手作りクラフトパンチスクラップブッキングハワイアンリボンレイスイーツデコ粘土ブライダルデコパージュシール【HEIKO/シモジマ】ペーパーラフィア　02 ピンク　約幅5mm&times;50m巻き,ナチュラルラッピングに！。【HEIKO/シモジマ】ペーパーラフィア　02 ピンク　約幅5mm&times;50m巻き[rn]
16-77358,http://tshop.r10s.jp/wrapping/cabinet/ribbon/4935728440820.jpg?fitin=700:700,1022.4000,,日用品雑貨・文房具・手芸 > 文房具・事務用品 > ギフトラッピング用品 > リボン,【東京リボン】44080ワンタッチライン(ワンタッチリボン）02（シルバー）（約10mm×20m),中心のヒモをひっぱるだけで華やかなボウに！,"お好みの長さでボリュームが調整できるメタリックリボン。<br>
結びつけたり、両面シールで貼ったりしてお使いください。<br>
中心のヒモを引くと、ワンタッチでボウが出来あがります！<br>
カットする長さでボウのボリュームを調節できます。<br>
<br>
●サイズ：約10mmx20m<br>
●出来上がりサイズ：約7.5mm<br>
●材質：ナイロン、ポリエステル",【東京リボン】44080ワンタッチライン(ワンタッチリボン）02（シルバー）（約10mm&times;20m)：ラッピング倶楽部,ラッピング包装紙袋ワックスペーパーロー引き袋ボックス箱梱包マスキングテープリボンレジン手作りクラフトパンチスクラップブッキングハワイアンリボンレイスイーツデコ粘土ブライダルデコパージュシール【東京リボン】44080ワンタッチライン(ワンタッチリボン）02（シルバー）（約10mm&times;20m),中心のヒモをひっぱるだけで華やかなボウに！。【東京リボン】44080ワンタッチライン(ワンタッチリボン）02（シルバー）（約10mm&times;20m)[rn]
16-77359,http://tshop.r10s.jp/wrapping/cabinet/004/4901755126204.jpg?fitin=700:700,939.2000,,日用品雑貨・文房具・手芸 > 文房具・事務用品 > ギフトラッピング用品 > リボン,【訳あり特価SALE！】リボン ラッピング HEIKO/シモジマ キャピタルリボン 幅36mmｘ50m コスモス【メンコに焼けがある為】,メンコに焼けがある為売り切りセール！,"<font color=""#ff6666"">ワケあり特価SALE！！</font><BR>バーコードシール部分に焼けがある為、特価にて販売致します！<BR>
広い幅で織り、製品の幅にカットした主に業務用に使われるリボンです。<br>
リーズナブルな価格と柔らかく結びやすいのが特長です。<br>
耳(縁の織り)がないため多少強度は落ちますが、一般的なプレゼントには充分の品質です。<br>
<br>
●サイズ：幅36mmｘ50m巻<br>
●材質：アセテート<br>",【訳あり特価SALE！】リボン ラッピング HEIKO/シモジマ キャピタルリボン 幅36mmｘ50m コスモス【メンコに焼けがある為】：ラッピング倶楽部,ラッピング包装紙袋ワックスペーパーロー引き袋ボックス箱梱包マスキングテープリボンレジン手作りクラフトパンチスクラップブッキングハワイアンリボンレイスイーツデコ粘土ブライダルデコパージュシール【訳あり特価SALE！】リボン ラッピング HEIKO/シモジマ キャピタルリボン 幅36mmｘ50m コスモス【メンコに焼けがある為】,メンコに焼けがある為売り切りセール！。【訳あり特価SALE！】リボン ラッピング HEIKO/シモジマ キャピタルリボン 幅36mmｘ50m コスモス【メンコに焼けがある為】[rn]
16-77360,http://tshop.r10s.jp/wrapping/cabinet/004/4901755117394.jpg?fitin=700:700,325.6000,,日用品雑貨・文房具・手芸 > 文房具・事務用品 > ギフトラッピング用品 > リボン,【訳あり特価SALE！】リボン ラッピング HEIKO/シモジマ カールリボン　モノカール幅12mmｘ30m 黒（ブラック）【メンコ部分にヤケがある為】,メンコ部分にヤケがある為売り切りセール,"<font color=""#ff6666"">ワケあり特価SALE！！</font><BR>
メンコのバーコード部分にヤケがある為、特価にて販売致します！<BR>
はさみなどでしごくことで、簡単にカールさせることができるリボンです。<br>
<br>
●サイズ：幅12mmｘ30ｍ巻<br>
●材質：ポリエステル<br>",【訳あり特価SALE！】リボン ラッピング HEIKO/シモジマ カールリボン　モノカール幅12mmｘ30m 黒（ブラック）【メンコ部分にヤケがある為】：ラッピング倶楽部,ラッピング包装紙袋ワックスペーパーロー引き袋ボックス箱梱包マスキングテープリボンレジン手作りクラフトパンチスクラップブッキングハワイアンリボンレイスイーツデコ粘土ブライダルデコパージュシール【訳あり特価SALE！】リボン ラッピング HEIKO/シモジマ カールリボン　モノカール幅12mmｘ30m 黒（ブラック）【メンコ部分にヤケがある為】,メンコ部分にヤケがある為売り切りセール。【訳あり特価SALE！】リボン ラッピング HEIKO/シモジマ カールリボン　モノカール幅12mmｘ30m 黒（ブラック）【メンコ部分にヤケがある為】[rn]
16-77361,http://tshop.r10s.jp/wrapping/cabinet/ribbon/2000000383651-01.jpg?fitin=700:700,2073.6000,,日用品雑貨・文房具・手芸 > 文房具・事務用品 > ギフトラッピング用品 > リボン,【39SALE！毎月3～9日限定！】【HEIKO/シモジマ】シングルサテンリボン3mm　お得な10色セット ピンク・レッド系,3240円以上で送料無料！(沖縄県をのぞく),"【シングルサテンリボン3mm幅】10巻<br>
<br>
ハワイアンリボンレイファンの方から絶大な支持を頂いている人気商品です！<br>
キュートなピンクとレッド系の色を厳選した10色です！<br>
<br>
・10巻入り<br>
・幅3mmｘ20ｍ<br>
【セット内容】<br>
ウスムラサキ・ モモ・ アカムラサキ・サクラ・ パンジー・ PT薄ピンク・ PT紫・ Fピンク・ ネオンカラーピンク・ ネオンカラーレッド<br>
<br>※商品に在庫数が表示されていない商品は自社販売と在庫を共有しているため、品切れとなる場合があります。また予告なくメーカー廃番となる場合があります。",【39SALE！毎月3～9日限定！】【HEIKO/シモジマ】シングルサテンリボン3mm　お得な10色セット ピンク・レッド系 ：ラッピング倶楽部,ラッピング包装紙袋ワックスペーパーロー引き袋ボックス箱梱包マスキングテープリボンレジン手作りクラフトパンチスクラップブッキングハワイアンリボンレイスイーツデコ粘土ブライダルデコパージュシール【39SALE！毎月3～9日限定！】【HEIKO/シモジマ】シングルサテンリボン3mm　お得な10色セット ピンク・レッド系,3240円以上で送料無料！(沖縄県をのぞく)。【39SALE！毎月3～9日限定！】【HEIKO/シモジマ】シングルサテンリボン3mm　お得な10色セット ピンク・レッド系[rn]
16-77362,http://tshop.r10s.jp/wrapping/cabinet/ribbon/2000000383644-01.jpg?fitin=700:700,2073.6000,,日用品雑貨・文房具・手芸 > 文房具・事務用品 > ギフトラッピング用品 > リボン,【39SALE！毎月3～9日限定！】【HEIKO/シモジマ】シングルサテンリボン3mm　お得な10色セット シック系,3240円以上で送料無料！(沖縄県をのぞく),"【シングルサテンリボン3mm幅】10巻<br>
<br>
ハワイアンリボンレイファンの方から絶大な支持を頂いている人気商品です！<br>
シックで大人っぽい雰囲気の色を厳選した10色です！<br>
<br>
・10巻入り<br>
・幅3mmｘ20ｍ<br>
【セット内容】<br>
クロ・コイムラサキ・コイアカ・コイグリーン・ネイビー・オリーブ・コガネイロ・コゲチャ・PTグレー・PTエンジ<br>
<br>※商品に在庫数が表示されていない商品は自社販売と在庫を共有しているため、品切れとなる場合があります。また予告なくメーカー廃番となる場合があります。",【39SALE！毎月3～9日限定！】【HEIKO/シモジマ】シングルサテンリボン3mm　お得な10色セット シック系 ：ラッピング倶楽部,ラッピング包装紙袋ワックスペーパーロー引き袋ボックス箱梱包マスキングテープリボンレジン手作りクラフトパンチスクラップブッキングハワイアンリボンレイスイーツデコ粘土ブライダルデコパージュシール【39SALE！毎月3～9日限定！】【HEIKO/シモジマ】シングルサテンリボン3mm　お得な10色セット シック系,3240円以上で送料無料！(沖縄県をのぞく)。【39SALE！毎月3～9日限定！】【HEIKO/シモジマ】シングルサテンリボン3mm　お得な10色セット シック系[rn]
16-77363,http://tshop.r10s.jp/wrapping/cabinet/ribbon/2000000383620-01.jpg?fitin=700:700,2073.6000,,日用品雑貨・文房具・手芸 > 文房具・事務用品 > ギフトラッピング用品 > リボン,【39SALE！毎月3～9日限定！】【HEIKO/シモジマ】シングルサテンリボン3mm　お得な10色セット グリーン・ブルー系,3240円以上で送料無料！(沖縄県をのぞく),"【シングルサテンリボン3mm幅】10巻<br>
<br>
ハワイアンリボンレイファンの方から絶大な支持を頂いている人気商品です！<br>
爽やかなグリーン・ブルー系の色を厳選した10色です！<br>
<br>
・10巻入り<br>
・幅3mmｘ20ｍ<br>
【セット内容】<br>
シロ・ ヒスイ・ Rブルー・エメラルド・ ピスタチオ・ クラウド・ PT薄水色（ミズ）・ Fシアン・ Fグリーン・ ネオンカラーグリーン<br>
<br>※商品に在庫数が表示されていない商品は自社販売と在庫を共有しているため、品切れとなる場合があります。また予告なくメーカー廃番となる場合があります。",【39SALE！毎月3～9日限定！】【HEIKO/シモジマ】シングルサテンリボン3mm　お得な10色セット グリーン・ブルー系 ：ラッピング倶楽部,ラッピング包装紙袋ワックスペーパーロー引き袋ボックス箱梱包マスキングテープリボンレジン手作りクラフトパンチスクラップブッキングハワイアンリボンレイスイーツデコ粘土ブライダルデコパージュシール【39SALE！毎月3～9日限定！】【HEIKO/シモジマ】シングルサテンリボン3mm　お得な10色セット グリーン・ブルー系,3240円以上で送料無料！(沖縄県をのぞく)。【39SALE！毎月3～9日限定！】【HEIKO/シモジマ】シングルサテンリボン3mm　お得な10色セット グリーン・ブルー系[rn]
16-77364,http://tshop.r10s.jp/wrapping/cabinet/ribbon/2000000383668-01n.jpg?fitin=700:700,2073.6000,,日用品雑貨・文房具・手芸 > 文房具・事務用品 > ギフトラッピング用品 > リボン,【39SALE！毎月3～9日限定！】【HEIKO/シモジマ】シングルサテンリボン3mm　お得な10色セット パステル系,3240円以上で送料無料！(沖縄県をのぞく),"【シングルサテンリボン3mm幅】10巻<br>
<br>
ハワイアンリボンレイファンの方から絶大な支持を頂いている人気商品です！<br>
優しいパステルカラーを厳選した10色です！<br>
<br>
・10巻入り<br>
・幅3mmｘ20ｍ<br>
【セット内容】<br>
サ－モン・PTクリーム・PT薄ピンク・PT紫・ PTウスダイダイ・ ベージュ・ アイボリー・ アップルG・ PT薄水色（ミズ）・ サクラ<br>
<br>※商品に在庫数が表示されていない商品は自社販売と在庫を共有しているため、品切れとなる場合があります。また予告なくメーカー廃番となる場合があります。",【39SALE！毎月3～9日限定！】【HEIKO/シモジマ】シングルサテンリボン3mm　お得な10色セット パステル系 ：ラッピング倶楽部,ラッピング包装紙袋ワックスペーパーロー引き袋ボックス箱梱包マスキングテープリボンレジン手作りクラフトパンチスクラップブッキングハワイアンリボンレイスイーツデコ粘土ブライダルデコパージュシール【39SALE！毎月3～9日限定！】【HEIKO/シモジマ】シングルサテンリボン3mm　お得な10色セット パステル系,3240円以上で送料無料！(沖縄県をのぞく)。【39SALE！毎月3～9日限定！】【HEIKO/シモジマ】シングルサテンリボン3mm　お得な10色セット パステル系[rn]
16-77365,http://tshop.r10s.jp/wrapping/cabinet/ribbon/2000000383637-01.jpg?fitin=700:700,2073.6000,,日用品雑貨・文房具・手芸 > 文房具・事務用品 > ギフトラッピング用品 > リボン,【39SALE！毎月3～9日限定！】【HEIKO/シモジマ】シングルサテンリボン3mm　お得な10色セット イエロー・オレンジ系,3240円以上で送料無料！(沖縄県をのぞく),"【シングルサテンリボン3mm幅】10巻<br>
<br>
ハワイアンリボンレイファンの方から絶大な支持を頂いている人気商品です！<br>
明るくて元気が出るイエローとオレンジ系の色を厳選した10色です！<br>
<br>
・10巻入り<br>
・幅3mmｘ20ｍ<br>
【セット内容】<br>
キイロ・ カナリア・ サーモン・オフホワイト・ PTクリーム・ PTウスダイダイ・ PTオレンジ・ Fオレンジ・ ネオンカラーイエロー・ ネオンカラーオレンジ<br>
<br>※商品に在庫数が表示されていない商品は自社販売と在庫を共有しているため、品切れとなる場合があります。また予告なくメーカー廃番となる場合があります。",【39SALE！毎月3～9日限定！】【HEIKO/シモジマ】シングルサテンリボン3mm　お得な10色セット イエロー・オレンジ系 ：ラッピング倶楽部,ラッピング包装紙袋ワックスペーパーロー引き袋ボックス箱梱包マスキングテープリボンレジン手作りクラフトパンチスクラップブッキングハワイアンリボンレイスイーツデコ粘土ブライダルデコパージュシール【39SALE！毎月3～9日限定！】【HEIKO/シモジマ】シングルサテンリボン3mm　お得な10色セット イエロー・オレンジ系,3240円以上で送料無料！(沖縄県をのぞく)。【39SALE！毎月3～9日限定！】【HEIKO/シモジマ】シングルサテンリボン3mm　お得な10色セット イエロー・オレンジ系[rn]
16-77366,http://tshop.r10s.jp/wrapping/cabinet/ribbon/4901755180503-01r.jpg?fitin=700:700,3732.0000,,日用品雑貨・文房具・手芸 > 文房具・事務用品 > ギフトラッピング用品 > リボン,【39SALE！毎月3～9日限定！】【HEIKO/シモジマ】シングルサテンリボン3mm お得な20色セレクションセット ククイ＆ウッドビーズ付き！,3240円以上で送料無料！(沖縄県をのぞく),"<img src=""http://image.rakuten.co.jp/wrapping/cabinet/ribbon/s-satin-ttl.gif""  width=""300"" border=""0""><br><img src=""http://image.rakuten.co.jp/wrapping/cabinet/ribbon/3mm20set-main.gif""  width=""300"" border=""0""> 
<br>
リボンの王道、サテンリボンです。<br>
しっとりした光沢が魅力ですが、お値段も高め・・・。<br>
このリボンはサテンの質感はそのままに、光沢を片面のみにすることによって、お手頃価格を実現しました！<br>
通常はナイロン糸を使用したサテンが一般的ですが、このリボンはポリエステル糸を使用することで光沢を高めています。<br>
ラッピングやディスプレイに！また、今話題のハワイアンリボンレイ作りにも最適です！！<br>
リボンレイ作りは、たくさんの色を揃えて、色の組み合わせの美しさを楽しみたいですね！<br>
そんなニーズにぴったりの20色セットです。<br>
単品で揃えるよりお得です！<br>
<br><br>
【シングルサテンリボン3mm幅】20巻セット<br>
ハワイアンリボンレイファンの方から絶大な支持を頂いている人気商品です！<br>
41色のカラーバリエから厳選した20色です！<br>
・幅3mmｘ20ｍ <br>
・20巻入り<br>
（サックス、Rブルー、ネイビー、コイムラサキ、アカムラサキ、ウスムラサキ、モモ、アカ、ワイン、ココア、シロ、アイボリー、コガネイロ、オリーブ、ヒスイ、ヤナギ、エメラルド、キイロ、オレンジ、コイグリーン）<br>※商品に在庫数が表示されていない商品は自社販売と在庫を共有しているため、品切れとなる場合があります。また予告なくメーカー廃番となる場合があります。",【39SALE！毎月3～9日限定！】【HEIKO/シモジマ】シングルサテンリボン3mm お得な20色セレクションセット ククイ＆ウッドビーズ付き！：ラッピング倶楽部,ラッピング包装紙袋ワックスペーパーロー引き袋ボックス箱梱包マスキングテープリボンレジン手作りクラフトパンチスクラップブッキングハワイアンリボンレイスイーツデコ粘土ブライダルデコパージュシール【39SALE！毎月3～9日限定！】【HEIKO/シモジマ】シングルサテンリボン3mm お得な20色セレクションセット ククイ＆ウッドビーズ付き！,3240円以上で送料無料！(沖縄県をのぞく)。【39SALE！毎月3～9日限定！】【HEIKO/シモジマ】シングルサテンリボン3mm お得な20色セレクションセット ククイ＆ウッドビーズ付き！[rn]
16-77367,http://tshop.r10s.jp/wrapping/cabinet/ribbon/4901755180510-01r.jpg?fitin=700:700,4838.4000,,日用品雑貨・文房具・手芸 > 文房具・事務用品 > ギフトラッピング用品 > リボン,【39SALE！毎月3～9日限定！】【HEIKO/シモジマ】シングルサテンリボン6mm お得な20色セレクションセット ククイ&ウッドビーズ付き！,3240円以上で送料無料！(沖縄県をのぞく),"【シングルサテンリボン6mm幅】20巻<br>
ハワイアンリボンレイファンの方から絶大な支持を頂いている人気商品です！<br>
41色のカラーバリエから厳選した20色にペインテッドククイナッツとペインテッドウッドビーズ各1個のオマケ付き♪（柄はお任せとなります。）！<br>
・幅6mmｘ20ｍ <br>
・20巻入り<br>
（サックス、Rブルー、ネイビー、コイムラサキ、アカムラサキ、ウスムラサキ、モモ、アカ、ワイン、ココア、シロ、アイボリー、コガネイロ、オリーブ、ヒスイ、ヤナギ、エメラルド、キイロ、オレンジ、コイグリーン）<br><br>
ペインテッドククイナッツとペインテッドウッドビーズ各1個のオマケ付き♪（柄はお任せとなります。）<br>※商品に在庫数が表示されていない商品は自社販売と在庫を共有しているため、品切れとなる場合があります。また予告なくメーカー廃番となる場合があります。",【39SALE！毎月3～9日限定！】【HEIKO/シモジマ】シングルサテンリボン6mm お得な20色セレクションセット ククイ&amp;ウッドビーズ付き！：ラッピング倶楽部,ラッピング包装紙袋ワックスペーパーロー引き袋ボックス箱梱包マスキングテープリボンレジン手作りクラフトパンチスクラップブッキングハワイアンリボンレイスイーツデコ粘土ブライダルデコパージュシール【39SALE！毎月3～9日限定！】【HEIKO/シモジマ】シングルサテンリボン6mm お得な20色セレクションセット ククイ&amp;ウッドビーズ付き！,3240円以上で送料無料！(沖縄県をのぞく)。【39SALE！毎月3～9日限定！】【HEIKO/シモジマ】シングルサテンリボン6mm お得な20色セレクションセット ククイ&amp;ウッドビーズ付き！[rn]
16-77368,http://tshop.r10s.jp/wrapping/cabinet/003/4901755118209.jpg?fitin=700:700,426.4000,,日用品雑貨・文房具・手芸 > 文房具・事務用品 > ギフトラッピング用品 > リボン,リボン ラッピング HEIKO/シモジマ シングルサテンリボン 幅12mm×20m ネオンカラー レッド,【ネコポス対応商品】当店一番人気片面サテンリボン！,"<img src=""http://www.rakuten.ne.jp/gold/wrapping/images/sp/373200_01.jpg"" width=""100%""><br><img src=""http://www.rakuten.ne.jp/gold/wrapping/images/sp/373200_02.jpg"" width=""100%""><br><img src=""http://www.rakuten.ne.jp/gold/wrapping/images/sp/373200_03.jpg"" width=""100%""><br>片面のみに光沢がある、お求めやすい価格のサテンリボンです。<br>
ナイロン糸を使用したサテンが一般的ですが、本リボンはポリエステル糸を使用することによって光沢を高めています。<br>
<br>
■サイズ：12mm幅×20m巻<br>
■色・柄：ネオンカラーレッド（蛍光赤）<br>
■材質：ポリエステル<br>
■入り数：1巻<br>
■シモジマ商品コード：#001420091<br>
<br>
【ご注意ください】<br>
商品に在庫数が表示されていない商品は自社販売と在庫を共有しているため、品切れとなる場合があります。<br>
また予告なくメーカー廃番となる場合があります。<br><P><IMG src=""http://image.rakuten.co.jp/wrapping/cabinet/nekoposu.jpg"" border=""0""></P>",リボン ラッピング HEIKO/シモジマ シングルサテンリボン 幅12mm&times;20m ネオンカラー レッド：ラッピング倶楽部,ラッピング包装紙袋ワックスペーパーロー引き袋ボックス箱梱包マスキングテープリボンレジン手作りクラフトパンチスクラップブッキングハワイアンリボンレイスイーツデコ粘土ブライダルデコパージュシールリボン ラッピング HEIKO/シモジマ シングルサテンリボン 幅12mm&times;20m ネオンカラー レッド,【ネコポス対応商品】当店一番人気片面サテンリボン！。リボン ラッピング HEIKO/シモジマ シングルサテンリボン 幅12mm&times;20m ネオンカラー レッド[rn]
16-77369,http://tshop.r10s.jp/wrapping/cabinet/003/4901755163889.jpg?fitin=700:700,274.4000,,日用品雑貨・文房具・手芸 > 文房具・事務用品 > ギフトラッピング用品 > リボン,リボン ラッピング HEIKO/シモジマ シングルサテンリボン 幅9mm×20m ネオンカラー レッド,【ネコポス対応商品】当店一番人気片面サテンリボン！,"<img src=""http://www.rakuten.ne.jp/gold/wrapping/images/sp/373200_01.jpg"" width=""100%""><br><img src=""http://www.rakuten.ne.jp/gold/wrapping/images/sp/373200_02.jpg"" width=""100%""><br><img src=""http://www.rakuten.ne.jp/gold/wrapping/images/sp/373200_03.jpg"" width=""100%""><br>片面のみに光沢がある、お求めやすい価格のサテンリボンです。<br>
ナイロン糸を使用したサテンが一般的ですが、本リボンはポリエステル糸を使用することによって光沢を高めています。<br>
<br>
■サイズ：9mm幅×20m巻<br>
■色・柄：ネオンカラーレッド（蛍光赤）<br>
■材質：ポリエステル<br>
■入り数：1巻<br>
■シモジマ商品コード：#001419991<br>
<br>
【ご注意ください】<br>
商品に在庫数が表示されていない商品は自社販売と在庫を共有しているため、品切れとなる場合があります。<br>
また予告なくメーカー廃番となる場合があります。<br><P><IMG src=""http://image.rakuten.co.jp/wrapping/cabinet/nekoposu.jpg"" border=""0""></P>",リボン ラッピング HEIKO/シモジマ シングルサテンリボン 幅9mm&times;20m ネオンカラー レッド：ラッピング倶楽部,ラッピング包装紙袋ワックスペーパーロー引き袋ボックス箱梱包マスキングテープリボンレジン手作りクラフトパンチスクラップブッキングハワイアンリボンレイスイーツデコ粘土ブライダルデコパージュシールリボン ラッピング HEIKO/シモジマ シングルサテンリボン 幅9mm&times;20m ネオンカラー レッド,【ネコポス対応商品】当店一番人気片面サテンリボン！。リボン ラッピング HEIKO/シモジマ シングルサテンリボン 幅9mm&times;20m ネオンカラー レッド[rn]
16-77370,http://tshop.r10s.jp/wrapping/cabinet/003/4901755163865.jpg?fitin=700:700,274.4000,,日用品雑貨・文房具・手芸 > 文房具・事務用品 > ギフトラッピング用品 > リボン,リボン ラッピング HEIKO/シモジマ シングルサテンリボン 幅9mm×20m ネオンカラー オレンジ,【ネコポス対応商品】当店一番人気片面サテンリボン！,"<img src=""http://www.rakuten.ne.jp/gold/wrapping/images/sp/373200_01.jpg"" width=""100%""><br><img src=""http://www.rakuten.ne.jp/gold/wrapping/images/sp/373200_02.jpg"" width=""100%""><br><img src=""http://www.rakuten.ne.jp/gold/wrapping/images/sp/373200_03.jpg"" width=""100%""><br>片面のみに光沢がある、お求めやすい価格のサテンリボンです。<br>
ナイロン糸を使用したサテンが一般的ですが、本リボンはポリエステル糸を使用することによって光沢を高めています。<br>
<br>
■サイズ：9mm幅×20m巻<br>
■色・柄：ネオンカラーオレンジ（蛍光オレンジ）<br>
■材質：ポリエステル<br>
■入り数：1巻<br>
■シモジマ商品コード：#001419989<br>
<br>
【ご注意ください】<br>
商品に在庫数が表示されていない商品は自社販売と在庫を共有しているため、品切れとなる場合があります。<br>
また予告なくメーカー廃番となる場合があります。<br><P><IMG src=""http://image.rakuten.co.jp/wrapping/cabinet/nekoposu.jpg"" border=""0""></P>",リボン ラッピング HEIKO/シモジマ シングルサテンリボン 幅9mm&times;20m ネオンカラー オレンジ：ラッピング倶楽部,ラッピング包装紙袋ワックスペーパーロー引き袋ボックス箱梱包マスキングテープリボンレジン手作りクラフトパンチスクラップブッキングハワイアンリボンレイスイーツデコ粘土ブライダルデコパージュシールリボン ラッピング HEIKO/シモジマ シングルサテンリボン 幅9mm&times;20m ネオンカラー オレンジ,【ネコポス対応商品】当店一番人気片面サテンリボン！。リボン ラッピング HEIKO/シモジマ シングルサテンリボン 幅9mm&times;20m ネオンカラー オレンジ[rn]
16-77371,http://tshop.r10s.jp/wrapping/cabinet/ribbon/s_satin_3mm/4901755160055-01.jpg?fitin=700:700,229.6000,,日用品雑貨・文房具・手芸 > 文房具・事務用品 > ギフトラッピング用品 > リボン,リボン ラッピング HEIKO/シモジマ シングルサテンリボン 幅3mmｘ20m ネオンカラー イエロー,【ネコポス対応商品】当店一番人気リボン！,"<img src=""http://www.rakuten.ne.jp/gold/wrapping/images/sp/373200_01.jpg?time=150810"" width=""100%""><br>
<img src=""http://www.rakuten.ne.jp/gold/wrapping/images/sp/373200_02.jpg"" width=""100%""><br>
<img src=""http://www.rakuten.ne.jp/gold/wrapping/images/sp/373200_03.jpg"" width=""100%""><br>
<br>
<br>
リボンの王道、サテンリボン。しっとりした光沢が魅力ですが、お値段も高め・・・。<br>
このリボンはサテンの質感はそのままに、光沢を片面のみにすることによって、お手頃価格を実現しました！<br>
通常はナイロン糸を使用したサテンが一般的ですが、このリボンはポリエステル糸を使用することで光沢を高めています。<br>
ラッピングやディスプレイに！また、大人気ホビー「ハワイアンリボンレイ」作りにも最適です！！<br>
<br>
シングルサテンで一番幅の細いリボンです。<br>
ハワイアンリボンレイでストラップなどの小物を作るのに、最も人気のある幅です。<br>
細さを生かした繊細なラッピングに♪<br>
2本使いや、他のリボンと組み合わせるのもおすすめです。<br>
結婚式の招待状などを綴じるのにもよく使われています。<br><br> 
●幅3mmｘ20ｍ巻き<br>
●材質：ポリエステル<br><br><P><IMG src=""http://image.rakuten.co.jp/wrapping/cabinet/nekoposu.jpg"" border=""0"" width=""100%""></P>",リボン ラッピング HEIKO/シモジマ シングルサテンリボン 幅3mmｘ20m ネオンカラー イエロー：ラッピング倶楽部,ラッピング包装紙袋ワックスペーパーロー引き袋ボックス箱梱包マスキングテープリボンレジン手作りクラフトパンチスクラップブッキングハワイアンリボンレイスイーツデコ粘土ブライダルデコパージュシールリボン ラッピング HEIKO/シモジマ シングルサテンリボン 幅3mmｘ20m ネオンカラー イエロー,【ネコポス対応商品】当店一番人気リボン！。リボン ラッピング HEIKO/シモジマ シングルサテンリボン 幅3mmｘ20m ネオンカラー イエロー[rn]
16-77372,http://tshop.r10s.jp/wrapping/cabinet/003/4901755162042.jpg?fitin=700:700,268.8000,,日用品雑貨・文房具・手芸 > 文房具・事務用品 > ギフトラッピング用品 > リボン,リボン ラッピング HEIKO/シモジマ シングルサテンリボン 幅6mm×20m ネオンカラー レッド,【ネコポス対応商品】当店一番人気片面サテンリボン！,"<img src=""http://www.rakuten.ne.jp/gold/wrapping/images/sp/373200_01.jpg"" width=""100%""><br><img src=""http://www.rakuten.ne.jp/gold/wrapping/images/sp/373200_02.jpg"" width=""100%""><br><img src=""http://www.rakuten.ne.jp/gold/wrapping/images/sp/373200_03.jpg"" width=""100%""><br>片面のみに光沢がある、お求めやすい価格のサテンリボンです。<br>
ナイロン糸を使用したサテンが一般的ですが、本リボンはポリエステル糸を使用することによって光沢を高めています。<br>
<br>
■サイズ：6mm幅×20m巻<br>
■色・柄：ネオンカラーレッド（蛍光赤）<br>
■材質：ポリエステル<br>
■入り数：1巻<br>
■シモジマ商品コード：#001419891<br>
<br>
【ご注意ください】<br>
商品に在庫数が表示されていない商品は自社販売と在庫を共有しているため、品切れとなる場合があります。<br>
また予告なくメーカー廃番となる場合があります。<br><P><IMG src=""http://image.rakuten.co.jp/wrapping/cabinet/nekoposu.jpg"" border=""0""></P>",リボン ラッピング HEIKO/シモジマ シングルサテンリボン 幅6mm&times;20m ネオンカラー レッド：ラッピング倶楽部,ラッピング包装紙袋ワックスペーパーロー引き袋ボックス箱梱包マスキングテープリボンレジン手作りクラフトパンチスクラップブッキングハワイアンリボンレイスイーツデコ粘土ブライダルデコパージュシールリボン ラッピング HEIKO/シモジマ シングルサテンリボン 幅6mm&times;20m ネオンカラー レッド,【ネコポス対応商品】当店一番人気片面サテンリボン！。リボン ラッピング HEIKO/シモジマ シングルサテンリボン 幅6mm&times;20m ネオンカラー レッド[rn]
16-77373,http://tshop.r10s.jp/wrapping/cabinet/003/4901755163841.jpg?fitin=700:700,274.4000,,日用品雑貨・文房具・手芸 > 文房具・事務用品 > ギフトラッピング用品 > リボン,リボン ラッピング HEIKO/シモジマ シングルサテンリボン 幅9mm×20m ネオンカラー イエロー,【ネコポス対応商品】当店一番人気片面サテンリボン！,"<img src=""http://www.rakuten.ne.jp/gold/wrapping/images/sp/373200_01.jpg"" width=""100%""><br><img src=""http://www.rakuten.ne.jp/gold/wrapping/images/sp/373200_02.jpg"" width=""100%""><br><img src=""http://www.rakuten.ne.jp/gold/wrapping/images/sp/373200_03.jpg"" width=""100%""><br>片面のみに光沢がある、お求めやすい価格のサテンリボンです。<br>
ナイロン糸を使用したサテンが一般的ですが、本リボンはポリエステル糸を使用することによって光沢を高めています。<br>
<br>
■サイズ：9mm幅×20m巻<br>
■色・柄：ネオンカラーイエロー（蛍光黄）<br>
■材質：ポリエステル<br>
■入り数：1巻<br>
■シモジマ商品コード：#001419987<br>
<br>
【ご注意ください】<br>
商品に在庫数が表示されていない商品は自社販売と在庫を共有しているため、品切れとなる場合があります。<br>
また予告なくメーカー廃番となる場合があります。<br><P><IMG src=""http://image.rakuten.co.jp/wrapping/cabinet/nekoposu.jpg"" border=""0""></P>",リボン ラッピング HEIKO/シモジマ シングルサテンリボン 幅9mm&times;20m ネオンカラー イエロー：ラッピング倶楽部,ラッピング包装紙袋ワックスペーパーロー引き袋ボックス箱梱包マスキングテープリボンレジン手作りクラフトパンチスクラップブッキングハワイアンリボンレイスイーツデコ粘土ブライダルデコパージュシールリボン ラッピング HEIKO/シモジマ シングルサテンリボン 幅9mm&times;20m ネオンカラー イエロー,【ネコポス対応商品】当店一番人気片面サテンリボン！。リボン ラッピング HEIKO/シモジマ シングルサテンリボン 幅9mm&times;20m ネオンカラー イエロー[rn]
16-77374,http://tshop.r10s.jp/wrapping/cabinet/ribbon/s_satin_3mm/4901755160079-01.jpg?fitin=700:700,229.6000,,日用品雑貨・文房具・手芸 > 文房具・事務用品 > ギフトラッピング用品 > リボン,リボン ラッピング HEIKO/シモジマ シングルサテンリボン 幅3mmｘ20m ネオンカラー オレンジ,【ネコポス対応商品】当店一番人気リボン！,"<img src=""http://www.rakuten.ne.jp/gold/wrapping/images/sp/373200_01.jpg"" width=""100%""><br>
<img src=""http://www.rakuten.ne.jp/gold/wrapping/images/sp/373200_02.jpg"" width=""100%""><br>
<img src=""http://www.rakuten.ne.jp/gold/wrapping/images/sp/373200_03.jpg"" width=""100%""><br>
<br>
<br>
リボンの王道、サテンリボン。しっとりした光沢が魅力ですが、お値段も高め・・・。<br>
このリボンはサテンの質感はそのままに、光沢を片面のみにすることによって、お手頃価格を実現しました！<br>
通常はナイロン糸を使用したサテンが一般的ですが、このリボンはポリエステル糸を使用することで光沢を高めています。<br>
ラッピングやディスプレイに！また、大人気ホビー「ハワイアンリボンレイ」作りにも最適です！！<br>
<br>
シングルサテンで一番幅の細いリボンです。<br>
ハワイアンリボンレイでストラップなどの小物を作るのに、最も人気のある幅です。<br>
細さを生かした繊細なラッピングに♪<br>
2本使いや、他のリボンと組み合わせるのもおすすめです。<br>
結婚式の招待状などを綴じるのにもよく使われています。<br><br> 
●幅3mmｘ20ｍ巻き<br>
●材質：ポリエステル<br><br><P><IMG src=""http://image.rakuten.co.jp/wrapping/cabinet/nekoposu.jpg"" border=""0"" width=""100%""></P>",リボン ラッピング HEIKO/シモジマ シングルサテンリボン 幅3mmｘ20m ネオンカラー オレンジ：ラッピング倶楽部,ラッピング包装紙袋ワックスペーパーロー引き袋ボックス箱梱包マスキングテープリボンレジン手作りクラフトパンチスクラップブッキングハワイアンリボンレイスイーツデコ粘土ブライダルデコパージュシールリボン ラッピング HEIKO/シモジマ シングルサテンリボン 幅3mmｘ20m ネオンカラー オレンジ,【ネコポス対応商品】当店一番人気リボン！。リボン ラッピング HEIKO/シモジマ シングルサテンリボン 幅3mmｘ20m ネオンカラー オレンジ[rn]
16-77375,http://tshop.r10s.jp/wrapping/cabinet/ribbon/s_satin_3mm/4901755160062-01.jpg?fitin=700:700,229.6000,,日用品雑貨・文房具・手芸 > 文房具・事務用品 > ギフトラッピング用品 > リボン,リボン ラッピング HEIKO/シモジマ シングルサテンリボン 幅3mmｘ20m ネオンカラー グリーン,【ネコポス対応商品】当店一番人気リボン！,"<img src=""http://www.rakuten.ne.jp/gold/wrapping/images/sp/373200_01.jpg?time=150810"" width=""100%""><br>
<img src=""http://www.rakuten.ne.jp/gold/wrapping/images/sp/373200_02.jpg"" width=""100%""><br>
<img src=""http://www.rakuten.ne.jp/gold/wrapping/images/sp/373200_03.jpg"" width=""100%""><br>
<br>
<br>
リボンの王道、サテンリボン。しっとりした光沢が魅力ですが、お値段も高め・・・。<br>
このリボンはサテンの質感はそのままに、光沢を片面のみにすることによって、お手頃価格を実現しました！<br>
通常はナイロン糸を使用したサテンが一般的ですが、このリボンはポリエステル糸を使用することで光沢を高めています。<br>
ラッピングやディスプレイに！また、大人気ホビー「ハワイアンリボンレイ」作りにも最適です！！<br>
<br>
シングルサテンで一番幅の細いリボンです。<br>
ハワイアンリボンレイでストラップなどの小物を作るのに、最も人気のある幅です。<br>
細さを生かした繊細なラッピングに♪<br>
2本使いや、他のリボンと組み合わせるのもおすすめです。<br>
結婚式の招待状などを綴じるのにもよく使われています。<br><br> 
●幅3mmｘ20ｍ巻き<br>
●材質：ポリエステル<br><br><P><IMG src=""http://image.rakuten.co.jp/wrapping/cabinet/nekoposu.jpg"" border=""0"" width=""100%""></P>",リボン ラッピング HEIKO/シモジマ シングルサテンリボン 幅3mmｘ20m ネオンカラー グリーン：ラッピング倶楽部,ラッピング包装紙袋ワックスペーパーロー引き袋ボックス箱梱包マスキングテープリボンレジン手作りクラフトパンチスクラップブッキングハワイアンリボンレイスイーツデコ粘土ブライダルデコパージュシールリボン ラッピング HEIKO/シモジマ シングルサテンリボン 幅3mmｘ20m ネオンカラー グリーン,【ネコポス対応商品】当店一番人気リボン！。リボン ラッピング HEIKO/シモジマ シングルサテンリボン 幅3mmｘ20m ネオンカラー グリーン[rn]
16-77376,http://tshop.r10s.jp/wrapping/cabinet/003/4901755118179.jpg?fitin=700:700,426.4000,,日用品雑貨・文房具・手芸 > 文房具・事務用品 > ギフトラッピング用品 > リボン,リボン ラッピング HEIKO/シモジマ シングルサテンリボン 幅12mm×20m ネオンカラー グリーン,【ネコポス対応商品】当店一番人気片面サテンリボン！,"<img src=""http://www.rakuten.ne.jp/gold/wrapping/images/sp/373200_01.jpg"" width=""100%""><br><img src=""http://www.rakuten.ne.jp/gold/wrapping/images/sp/373200_02.jpg"" width=""100%""><br><img src=""http://www.rakuten.ne.jp/gold/wrapping/images/sp/373200_03.jpg"" width=""100%""><br>片面のみに光沢がある、お求めやすい価格のサテンリボンです。<br>
ナイロン糸を使用したサテンが一般的ですが、本リボンはポリエステル糸を使用することによって光沢を高めています。<br>
<br>
■サイズ：12mm幅×20m巻<br>
■色・柄：ネオンカラーグリーン（蛍光緑）<br>
■材質：ポリエステル<br>
■入り数：1巻<br>
■シモジマ商品コード：#001420088<br>
<br>
【ご注意ください】<br>
商品に在庫数が表示されていない商品は自社販売と在庫を共有しているため、品切れとなる場合があります。<br>
また予告なくメーカー廃番となる場合があります。<br><P><IMG src=""http://image.rakuten.co.jp/wrapping/cabinet/nekoposu.jpg"" border=""0""></P>",リボン ラッピング HEIKO/シモジマ シングルサテンリボン 幅12mm&times;20m ネオンカラー グリーン：ラッピング倶楽部,ラッピング包装紙袋ワックスペーパーロー引き袋ボックス箱梱包マスキングテープリボンレジン手作りクラフトパンチスクラップブッキングハワイアンリボンレイスイーツデコ粘土ブライダルデコパージュシールリボン ラッピング HEIKO/シモジマ シングルサテンリボン 幅12mm&times;20m ネオンカラー グリーン,【ネコポス対応商品】当店一番人気片面サテンリボン！。リボン ラッピング HEIKO/シモジマ シングルサテンリボン 幅12mm&times;20m ネオンカラー グリーン[rn]
16-77377,http://tshop.r10s.jp/wrapping/cabinet/003/4901755118162.jpg?fitin=700:700,426.4000,,日用品雑貨・文房具・手芸 > 文房具・事務用品 > ギフトラッピング用品 > リボン,リボン ラッピング HEIKO/シモジマ シングルサテンリボン 幅12mm×20m ネオンカラー イエロー,【ネコポス対応商品】当店一番人気片面サテンリボン！,"<img src=""http://www.rakuten.ne.jp/gold/wrapping/images/sp/373200_01.jpg"" width=""100%""><br><img src=""http://www.rakuten.ne.jp/gold/wrapping/images/sp/373200_02.jpg"" width=""100%""><br><img src=""http://www.rakuten.ne.jp/gold/wrapping/images/sp/373200_03.jpg"" width=""100%""><br>片面のみに光沢がある、お求めやすい価格のサテンリボンです。<br>
ナイロン糸を使用したサテンが一般的ですが、本リボンはポリエステル糸を使用することによって光沢を高めています。<br>
<br>
■サイズ：12mm幅×20m巻<br>
■色・柄：ネオンカラーイエロー（蛍光黄）<br>
■材質：ポリエステル<br>
■入り数：1巻<br>
■シモジマ商品コード：#001420087<br>
<br>
【ご注意ください】<br>
商品に在庫数が表示されていない商品は自社販売と在庫を共有しているため、品切れとなる場合があります。<br>
また予告なくメーカー廃番となる場合があります。<br><P><IMG src=""http://image.rakuten.co.jp/wrapping/cabinet/nekoposu.jpg"" border=""0""></P>",リボン ラッピング HEIKO/シモジマ シングルサテンリボン 幅12mm&times;20m ネオンカラー イエロー：ラッピング倶楽部,ラッピング包装紙袋ワックスペーパーロー引き袋ボックス箱梱包マスキングテープリボンレジン手作りクラフトパンチスクラップブッキングハワイアンリボンレイスイーツデコ粘土ブライダルデコパージュシールリボン ラッピング HEIKO/シモジマ シングルサテンリボン 幅12mm&times;20m ネオンカラー イエロー,【ネコポス対応商品】当店一番人気片面サテンリボン！。リボン ラッピング HEIKO/シモジマ シングルサテンリボン 幅12mm&times;20m ネオンカラー イエロー[rn]
16-77378,http://tshop.r10s.jp/wrapping/cabinet/003/4901755162035.jpg?fitin=700:700,268.8000,,日用品雑貨・文房具・手芸 > 文房具・事務用品 > ギフトラッピング用品 > リボン,リボン ラッピング HEIKO/シモジマ シングルサテンリボン 幅6mm×20m ネオンカラー ピンク,【ネコポス対応商品】当店一番人気片面サテンリボン！,"<img src=""http://www.rakuten.ne.jp/gold/wrapping/images/sp/373200_01.jpg"" width=""100%""><br><img src=""http://www.rakuten.ne.jp/gold/wrapping/images/sp/373200_02.jpg"" width=""100%""><br><img src=""http://www.rakuten.ne.jp/gold/wrapping/images/sp/373200_03.jpg"" width=""100%""><br>片面のみに光沢がある、お求めやすい価格のサテンリボンです。<br>
ナイロン糸を使用したサテンが一般的ですが、本リボンはポリエステル糸を使用することによって光沢を高めています。<br>
<br>
■サイズ：6mm幅×20m巻<br>
■色・柄：ネオンカラーピンク（蛍光ピンク）<br>
■材質：ポリエステル<br>
■入り数：1巻<br>
■シモジマ商品コード：#001419890<br>
<br>
【ご注意ください】<br>
商品に在庫数が表示されていない商品は自社販売と在庫を共有しているため、品切れとなる場合があります。<br>
また予告なくメーカー廃番となる場合があります。<br><P><IMG src=""http://image.rakuten.co.jp/wrapping/cabinet/nekoposu.jpg"" border=""0""></P>",リボン ラッピング HEIKO/シモジマ シングルサテンリボン 幅6mm&times;20m ネオンカラー ピンク：ラッピング倶楽部,ラッピング包装紙袋ワックスペーパーロー引き袋ボックス箱梱包マスキングテープリボンレジン手作りクラフトパンチスクラップブッキングハワイアンリボンレイスイーツデコ粘土ブライダルデコパージュシールリボン ラッピング HEIKO/シモジマ シングルサテンリボン 幅6mm&times;20m ネオンカラー ピンク,【ネコポス対応商品】当店一番人気片面サテンリボン！。リボン ラッピング HEIKO/シモジマ シングルサテンリボン 幅6mm&times;20m ネオンカラー ピンク[rn]
16-77379,http://tshop.r10s.jp/wrapping/cabinet/003/4901755163858.jpg?fitin=700:700,274.4000,,日用品雑貨・文房具・手芸 > 文房具・事務用品 > ギフトラッピング用品 > リボン,リボン ラッピング HEIKO/シモジマ シングルサテンリボン 幅9mm×20m ネオンカラー グリーン,【ネコポス対応商品】当店一番人気片面サテンリボン！,"<img src=""http://www.rakuten.ne.jp/gold/wrapping/images/sp/373200_01.jpg"" width=""100%""><br><img src=""http://www.rakuten.ne.jp/gold/wrapping/images/sp/373200_02.jpg"" width=""100%""><br><img src=""http://www.rakuten.ne.jp/gold/wrapping/images/sp/373200_03.jpg"" width=""100%""><br>片面のみに光沢がある、お求めやすい価格のサテンリボンです。<br>
ナイロン糸を使用したサテンが一般的ですが、本リボンはポリエステル糸を使用することによって光沢を高めています。<br>
<br>
■サイズ：9mm幅×20m巻<br>
■色・柄：ネオンカラーグリーン（蛍光緑）<br>
■材質：ポリエステル<br>
■入り数：1巻<br>
■シモジマ商品コード：#001419988<br>
<br>
【ご注意ください】<br>
商品に在庫数が表示されていない商品は自社販売と在庫を共有しているため、品切れとなる場合があります。<br>
また予告なくメーカー廃番となる場合があります。<br><P><IMG src=""http://image.rakuten.co.jp/wrapping/cabinet/nekoposu.jpg"" border=""0""></P>",リボン ラッピング HEIKO/シモジマ シングルサテンリボン 幅9mm&times;20m ネオンカラー グリーン：ラッピング倶楽部,ラッピング包装紙袋ワックスペーパーロー引き袋ボックス箱梱包マスキングテープリボンレジン手作りクラフトパンチスクラップブッキングハワイアンリボンレイスイーツデコ粘土ブライダルデコパージュシールリボン ラッピング HEIKO/シモジマ シングルサテンリボン 幅9mm&times;20m ネオンカラー グリーン,【ネコポス対応商品】当店一番人気片面サテンリボン！。リボン ラッピング HEIKO/シモジマ シングルサテンリボン 幅9mm&times;20m ネオンカラー グリーン[rn]
16-77380,http://tshop.r10s.jp/wrapping/cabinet/003/4901755162011.jpg?fitin=700:700,268.8000,,日用品雑貨・文房具・手芸 > 文房具・事務用品 > ギフトラッピング用品 > リボン,リボン ラッピング HEIKO/シモジマ シングルサテンリボン 幅6mm×20m ネオンカラー グリーン,【ネコポス対応商品】当店一番人気片面サテンリボン！,"<img src=""http://www.rakuten.ne.jp/gold/wrapping/images/sp/373200_01.jpg"" width=""100%""><br><img src=""http://www.rakuten.ne.jp/gold/wrapping/images/sp/373200_02.jpg"" width=""100%""><br><img src=""http://www.rakuten.ne.jp/gold/wrapping/images/sp/373200_03.jpg"" width=""100%""><br>片面のみに光沢がある、お求めやすい価格のサテンリボンです。<br>
ナイロン糸を使用したサテンが一般的ですが、本リボンはポリエステル糸を使用することによって光沢を高めています。<br>
<br>
■サイズ：6mm幅×20m巻<br>
■色・柄：ネオンカラーグリーン（蛍光緑）<br>
■材質：ポリエステル<br>
■入り数：1巻<br>
■シモジマ商品コード：#001419888<br>
<br>
【ご注意ください】<br>
商品に在庫数が表示されていない商品は自社販売と在庫を共有しているため、品切れとなる場合があります。<br>
また予告なくメーカー廃番となる場合があります。<br><P><IMG src=""http://image.rakuten.co.jp/wrapping/cabinet/nekoposu.jpg"" border=""0""></P>",リボン ラッピング HEIKO/シモジマ シングルサテンリボン 幅6mm&times;20m ネオンカラー グリーン：ラッピング倶楽部,ラッピング包装紙袋ワックスペーパーロー引き袋ボックス箱梱包マスキングテープリボンレジン手作りクラフトパンチスクラップブッキングハワイアンリボンレイスイーツデコ粘土ブライダルデコパージュシールリボン ラッピング HEIKO/シモジマ シングルサテンリボン 幅6mm&times;20m ネオンカラー グリーン,【ネコポス対応商品】当店一番人気片面サテンリボン！。リボン ラッピング HEIKO/シモジマ シングルサテンリボン 幅6mm&times;20m ネオンカラー グリーン[rn]
16-77381,http://tshop.r10s.jp/wrapping/cabinet/003/4901755163872.jpg?fitin=700:700,274.4000,,日用品雑貨・文房具・手芸 > 文房具・事務用品 > ギフトラッピング用品 > リボン,リボン ラッピング HEIKO/シモジマ シングルサテンリボン 幅9mm×20m ネオンカラー ピンク,【ネコポス対応商品】当店一番人気片面サテンリボン！,"<img src=""http://www.rakuten.ne.jp/gold/wrapping/images/sp/373200_01.jpg"" width=""100%""><br><img src=""http://www.rakuten.ne.jp/gold/wrapping/images/sp/373200_02.jpg"" width=""100%""><br><img src=""http://www.rakuten.ne.jp/gold/wrapping/images/sp/373200_03.jpg"" width=""100%""><br>片面のみに光沢がある、お求めやすい価格のサテンリボンです。<br>
ナイロン糸を使用したサテンが一般的ですが、本リボンはポリエステル糸を使用することによって光沢を高めています。<br>
<br>
■サイズ：9mm幅×20m巻<br>
■色・柄：ネオンカラーピンク（蛍光ピンク）<br>
■材質：ポリエステル<br>
■入り数：1巻<br>
■シモジマ商品コード：#001419990<br>
<br>
【ご注意ください】<br>
商品に在庫数が表示されていない商品は自社販売と在庫を共有しているため、品切れとなる場合があります。<br>
また予告なくメーカー廃番となる場合があります。<br><P><IMG src=""http://image.rakuten.co.jp/wrapping/cabinet/nekoposu.jpg"" border=""0""></P>",リボン ラッピング HEIKO/シモジマ シングルサテンリボン 幅9mm&times;20m ネオンカラー ピンク：ラッピング倶楽部,ラッピング包装紙袋ワックスペーパーロー引き袋ボックス箱梱包マスキングテープリボンレジン手作りクラフトパンチスクラップブッキングハワイアンリボンレイスイーツデコ粘土ブライダルデコパージュシールリボン ラッピング HEIKO/シモジマ シングルサテンリボン 幅9mm&times;20m ネオンカラー ピンク,【ネコポス対応商品】当店一番人気片面サテンリボン！。リボン ラッピング HEIKO/シモジマ シングルサテンリボン 幅9mm&times;20m ネオンカラー ピンク[rn]
16-77382,http://tshop.r10s.jp/wrapping/cabinet/003/4901755118193.jpg?fitin=700:700,426.4000,,日用品雑貨・文房具・手芸 > 文房具・事務用品 > ギフトラッピング用品 > リボン,リボン ラッピング HEIKO/シモジマ シングルサテンリボン 幅12mm×20m ネオンカラー ピンク,【ネコポス対応商品】当店一番人気片面サテンリボン！,"<img src=""http://www.rakuten.ne.jp/gold/wrapping/images/sp/373200_01.jpg"" width=""100%""><br><img src=""http://www.rakuten.ne.jp/gold/wrapping/images/sp/373200_02.jpg"" width=""100%""><br><img src=""http://www.rakuten.ne.jp/gold/wrapping/images/sp/373200_03.jpg"" width=""100%""><br>片面のみに光沢がある、お求めやすい価格のサテンリボンです。<br>
ナイロン糸を使用したサテンが一般的ですが、本リボンはポリエステル糸を使用することによって光沢を高めています。<br>
<br>
■サイズ：12mm幅×20m巻<br>
■色・柄：ネオンカラーピンク（蛍光ピンク）<br>
■材質：ポリエステル<br>
■入り数：1巻<br>
■シモジマ商品コード：#001420090<br>
<br>
【ご注意ください】<br>
商品に在庫数が表示されていない商品は自社販売と在庫を共有しているため、品切れとなる場合があります。<br>
また予告なくメーカー廃番となる場合があります。<br><P><IMG src=""http://image.rakuten.co.jp/wrapping/cabinet/nekoposu.jpg"" border=""0""></P>",リボン ラッピング HEIKO/シモジマ シングルサテンリボン 幅12mm&times;20m ネオンカラー ピンク：ラッピング倶楽部,ラッピング包装紙袋ワックスペーパーロー引き袋ボックス箱梱包マスキングテープリボンレジン手作りクラフトパンチスクラップブッキングハワイアンリボンレイスイーツデコ粘土ブライダルデコパージュシールリボン ラッピング HEIKO/シモジマ シングルサテンリボン 幅12mm&times;20m ネオンカラー ピンク,【ネコポス対応商品】当店一番人気片面サテンリボン！。リボン ラッピング HEIKO/シモジマ シングルサテンリボン 幅12mm&times;20m ネオンカラー ピンク[rn]
16-77383,http://tshop.r10s.jp/wrapping/cabinet/ribbon/s_satin_3mm/4901755160093-01.jpg?fitin=700:700,229.6000,,日用品雑貨・文房具・手芸 > 文房具・事務用品 > ギフトラッピング用品 > リボン,リボン ラッピング HEIKO/シモジマ シングルサテンリボン 幅3mmｘ20m ネオンカラー レッド,【ネコポス対応商品】当店一番人気リボン！,"<img src=""http://www.rakuten.ne.jp/gold/wrapping/images/sp/373200_01.jpg?time=150810"" width=""100%""><br>
<img src=""http://www.rakuten.ne.jp/gold/wrapping/images/sp/373200_02.jpg"" width=""100%""><br>
<img src=""http://www.rakuten.ne.jp/gold/wrapping/images/sp/373200_03.jpg"" width=""100%""><br>
<br>
<br>
リボンの王道、サテンリボン。しっとりした光沢が魅力ですが、お値段も高め・・・。<br>
このリボンはサテンの質感はそのままに、光沢を片面のみにすることによって、お手頃価格を実現しました！<br>
通常はナイロン糸を使用したサテンが一般的ですが、このリボンはポリエステル糸を使用することで光沢を高めています。<br>
ラッピングやディスプレイに！また、大人気ホビー「ハワイアンリボンレイ」作りにも最適です！！<br>
<br>
シングルサテンで一番幅の細いリボンです。<br>
ハワイアンリボンレイでストラップなどの小物を作るのに、最も人気のある幅です。<br>
細さを生かした繊細なラッピングに♪<br>
2本使いや、他のリボンと組み合わせるのもおすすめです。<br>
結婚式の招待状などを綴じるのにもよく使われています。<br><br> 
●幅3mmｘ20ｍ巻き<br>
●材質：ポリエステル<br><br><P><IMG src=""http://image.rakuten.co.jp/wrapping/cabinet/nekoposu.jpg"" border=""0"" width=""100%""></P>",リボン ラッピング HEIKO/シモジマ シングルサテンリボン 幅3mmｘ20m ネオンカラー レッド：ラッピング倶楽部,ラッピング包装紙袋ワックスペーパーロー引き袋ボックス箱梱包マスキングテープリボンレジン手作りクラフトパンチスクラップブッキングハワイアンリボンレイスイーツデコ粘土ブライダルデコパージュシールリボン ラッピング HEIKO/シモジマ シングルサテンリボン 幅3mmｘ20m ネオンカラー レッド,【ネコポス対応商品】当店一番人気リボン！。リボン ラッピング HEIKO/シモジマ シングルサテンリボン 幅3mmｘ20m ネオンカラー レッド[rn]
16-77384,http://tshop.r10s.jp/wrapping/cabinet/003/4901755118186.jpg?fitin=700:700,426.4000,,日用品雑貨・文房具・手芸 > 文房具・事務用品 > ギフトラッピング用品 > リボン,リボン ラッピング HEIKO/シモジマ シングルサテンリボン 幅12mm×20m ネオンカラー オレンジ,【ネコポス対応商品】当店一番人気片面サテンリボン！,"<img src=""http://www.rakuten.ne.jp/gold/wrapping/images/sp/373200_01.jpg"" width=""100%""><br><img src=""http://www.rakuten.ne.jp/gold/wrapping/images/sp/373200_02.jpg"" width=""100%""><br><img src=""http://www.rakuten.ne.jp/gold/wrapping/images/sp/373200_03.jpg"" width=""100%""><br>片面のみに光沢がある、お求めやすい価格のサテンリボンです。<br>
ナイロン糸を使用したサテンが一般的ですが、本リボンはポリエステル糸を使用することによって光沢を高めています。<br>
<br>
■サイズ：12mm幅×20m巻<br>
■色・柄：ネオンカラーオレンジ（蛍光オレンジ）<br>
■材質：ポリエステル<br>
■入り数：1巻<br>
■シモジマ商品コード：#001420089<br>
<br>
【ご注意ください】<br>
商品に在庫数が表示されていない商品は自社販売と在庫を共有しているため、品切れとなる場合があります。<br>
また予告なくメーカー廃番となる場合があります。<br><P><IMG src=""http://image.rakuten.co.jp/wrapping/cabinet/nekoposu.jpg"" border=""0""></P>",リボン ラッピング HEIKO/シモジマ シングルサテンリボン 幅12mm&times;20m ネオンカラー オレンジ：ラッピング倶楽部,ラッピング包装紙袋ワックスペーパーロー引き袋ボックス箱梱包マスキングテープリボンレジン手作りクラフトパンチスクラップブッキングハワイアンリボンレイスイーツデコ粘土ブライダルデコパージュシールリボン ラッピング HEIKO/シモジマ シングルサテンリボン 幅12mm&times;20m ネオンカラー オレンジ,【ネコポス対応商品】当店一番人気片面サテンリボン！。リボン ラッピング HEIKO/シモジマ シングルサテンリボン 幅12mm&times;20m ネオンカラー オレンジ[rn]
16-77385,http://tshop.r10s.jp/wrapping/cabinet/003/4901755162004.jpg?fitin=700:700,268.8000,,日用品雑貨・文房具・手芸 > 文房具・事務用品 > ギフトラッピング用品 > リボン,リボン ラッピング HEIKO/シモジマ シングルサテンリボン 幅6mm×20m ネオンカラー イエロー,【ネコポス対応商品】当店一番人気片面サテンリボン！,"<img src=""http://www.rakuten.ne.jp/gold/wrapping/images/sp/373200_01.jpg"" width=""100%""><br><img src=""http://www.rakuten.ne.jp/gold/wrapping/images/sp/373200_02.jpg"" width=""100%""><br><img src=""http://www.rakuten.ne.jp/gold/wrapping/images/sp/373200_03.jpg"" width=""100%""><br>片面のみに光沢がある、お求めやすい価格のサテンリボンです。<br>
ナイロン糸を使用したサテンが一般的ですが、本リボンはポリエステル糸を使用することによって光沢を高めています。<br>
<br>
■サイズ：6mm幅×20m巻<br>
■色・柄：ネオンカラーイエロー（蛍光黄）<br>
■材質：ポリエステル<br>
■入り数：1巻<br>
■シモジマ商品コード：#001419887<br>
<br>
【ご注意ください】<br>
商品に在庫数が表示されていない商品は自社販売と在庫を共有しているため、品切れとなる場合があります。<br>
また予告なくメーカー廃番となる場合があります。<br><P><IMG src=""http://image.rakuten.co.jp/wrapping/cabinet/nekoposu.jpg"" border=""0""></P>",リボン ラッピング HEIKO/シモジマ シングルサテンリボン 幅6mm&times;20m ネオンカラー イエロー：ラッピング倶楽部,ラッピング包装紙袋ワックスペーパーロー引き袋ボックス箱梱包マスキングテープリボンレジン手作りクラフトパンチスクラップブッキングハワイアンリボンレイスイーツデコ粘土ブライダルデコパージュシールリボン ラッピング HEIKO/シモジマ シングルサテンリボン 幅6mm&times;20m ネオンカラー イエロー,【ネコポス対応商品】当店一番人気片面サテンリボン！。リボン ラッピング HEIKO/シモジマ シングルサテンリボン 幅6mm&times;20m ネオンカラー イエロー[rn]
16-77386,http://tshop.r10s.jp/wrapping/cabinet/003/4901755162028.jpg?fitin=700:700,268.8000,,日用品雑貨・文房具・手芸 > 文房具・事務用品 > ギフトラッピング用品 > リボン,リボン ラッピング HEIKO/シモジマ シングルサテンリボン 幅6mm×20m ネオンカラー オレンジ,【ネコポス対応商品】当店一番人気片面サテンリボン！,"<img src=""http://www.rakuten.ne.jp/gold/wrapping/images/sp/373200_01.jpg"" width=""100%""><br><img src=""http://www.rakuten.ne.jp/gold/wrapping/images/sp/373200_02.jpg"" width=""100%""><br><img src=""http://www.rakuten.ne.jp/gold/wrapping/images/sp/373200_03.jpg"" width=""100%""><br>片面のみに光沢がある、お求めやすい価格のサテンリボンです。<br>
ナイロン糸を使用したサテンが一般的ですが、本リボンはポリエステル糸を使用することによって光沢を高めています。<br>
<br>
■サイズ：6mm幅×20m巻<br>
■色・柄：ネオンカラーオレンジ（蛍光オレンジ）<br>
■材質：ポリエステル<br>
■入り数：1巻<br>
■シモジマ商品コード：#001419889<br>
<br>
【ご注意ください】<br>
商品に在庫数が表示されていない商品は自社販売と在庫を共有しているため、品切れとなる場合があります。<br>
また予告なくメーカー廃番となる場合があります。<br><P><IMG src=""http://image.rakuten.co.jp/wrapping/cabinet/nekoposu.jpg"" border=""0""></P>",リボン ラッピング HEIKO/シモジマ シングルサテンリボン 幅6mm&times;20m ネオンカラー オレンジ：ラッピング倶楽部,ラッピング包装紙袋ワックスペーパーロー引き袋ボックス箱梱包マスキングテープリボンレジン手作りクラフトパンチスクラップブッキングハワイアンリボンレイスイーツデコ粘土ブライダルデコパージュシールリボン ラッピング HEIKO/シモジマ シングルサテンリボン 幅6mm&times;20m ネオンカラー オレンジ,【ネコポス対応商品】当店一番人気片面サテンリボン！。リボン ラッピング HEIKO/シモジマ シングルサテンリボン 幅6mm&times;20m ネオンカラー オレンジ[rn]
16-77387,http://tshop.r10s.jp/wrapping/cabinet/ribbon/s_satin_3mm/4901755160086-01n.jpg?fitin=700:700,229.6000,,日用品雑貨・文房具・手芸 > 文房具・事務用品 > ギフトラッピング用品 > リボン,リボン ラッピング HEIKO/シモジマ シングルサテンリボン 幅3mmｘ20m ネオンカラー ピンク,【ネコポス対応商品】当店一番人気リボン！,"<img src=""http://www.rakuten.ne.jp/gold/wrapping/images/sp/373200_01.jpg?time=150810"" width=""100%""><br>
<img src=""http://www.rakuten.ne.jp/gold/wrapping/images/sp/373200_02.jpg"" width=""100%""><br>
<img src=""http://www.rakuten.ne.jp/gold/wrapping/images/sp/373200_03.jpg"" width=""100%""><br>
<br>
<br>
リボンの王道、サテンリボン。しっとりした光沢が魅力ですが、お値段も高め・・・。<br>
このリボンはサテンの質感はそのままに、光沢を片面のみにすることによって、お手頃価格を実現しました！<br>
通常はナイロン糸を使用したサテンが一般的ですが、このリボンはポリエステル糸を使用することで光沢を高めています。<br>
ラッピングやディスプレイに！また、大人気ホビー「ハワイアンリボンレイ」作りにも最適です！！<br>
<br>
シングルサテンで一番幅の細いリボンです。<br>
ハワイアンリボンレイでストラップなどの小物を作るのに、最も人気のある幅です。<br>
細さを生かした繊細なラッピングに♪<br>
2本使いや、他のリボンと組み合わせるのもおすすめです。<br>
結婚式の招待状などを綴じるのにもよく使われています。<br><br> 
●幅3mmｘ20ｍ巻き<br>
●材質：ポリエステル<br><br><P><IMG src=""http://image.rakuten.co.jp/wrapping/cabinet/nekoposu.jpg"" border=""0"" width=""100%""></P>",リボン ラッピング HEIKO/シモジマ シングルサテンリボン 幅3mmｘ20m ネオンカラー ピンク：ラッピング倶楽部,ラッピング包装紙袋ワックスペーパーロー引き袋ボックス箱梱包マスキングテープリボンレジン手作りクラフトパンチスクラップブッキングハワイアンリボンレイスイーツデコ粘土ブライダルデコパージュシールリボン ラッピング HEIKO/シモジマ シングルサテンリボン 幅3mmｘ20m ネオンカラー ピンク,【ネコポス対応商品】当店一番人気リボン！。リボン ラッピング HEIKO/シモジマ シングルサテンリボン 幅3mmｘ20m ネオンカラー ピンク[rn]
16-77388,http://tshop.r10s.jp/pinkmonkey/cabinet/tenpo/ywx050.jpg?fitin=700:700,240.0000,,日用品雑貨・文房具・手芸 > 文房具・事務用品 > ギフトラッピング用品 > リボン,ラッピング用ラメハートワンタッチリボン10本入り(幅30mm)(全6色)【クロネコDM便対応】,ギフトだけでなくイベントでの飾り付けや店舗の演出にも。,"<center>

<img src=""http://image.rakuten.co.jp/pinkmonkey/cabinet/banner/maila-ok.jpg"" width=""90%"" border=""0""></center>
<hr><font color=""ff0000"">※ご購入前に必ずお読みください</font><br>
＞＞ メール便についてはこちら<br>
<hr>
<br><br>


【商品説明】<br>
プレゼントのラッピングなどに大活躍！<br>
ラッピング用ラメハートワンタッチリボン！<br>

簡単に華やかなバタフライリボンが出来上がります♪ ブーケに使われるバスケットボウやリボンボウとも呼ばれます。 <br>

美しいラメ感のあるリボンは、角度によって色合いが変わります。 内側の細いリボンは結びつけるだけでなく、カールして飾りとしてアレンジすることもできます。<br>

ギフトラッピングだけでなく、様々なイベントでの飾り付けや店舗の演出にもオススメです。 １袋10本入りで、全６色の中からお好みのカラーをお選びください。<br><br>

■サイズ(約)　全長49×幅3cm（完成時：高さ5×幅15×奥行14cm）<br>
■カラー　レッド、ピンク、ブルー、グリーン、イエロー、レインボー<br>
■内容量　10本",ラッピング用ラメハートワンタッチリボン10本入り(幅30mm)(全6色)【クロネコDM便対応】：手芸材料のお店 アンシャンテ工房,革紐 通販レジン 材料レジン 型レジン パーツハンドメイド 材料 販売ハンドメイド アクセサリー 材料ハンドメイド 材料 激安ハンドメイド ピアス 材料ハンドメイド ブレスレット 材料カルトナージュ 材料 通販シリコンモールド レジン革紐  本革革紐 細いレザーコード 1mmレザーコード 平アクセサリー パーツ 通販 おすすめアクセサリー 金具ピアス 台紙ピアス ディスプレイレジン 封入 素材ラッピング用ラメハートワンタッチリボン10本入り(幅30mm)(全6色)【クロネコDM便対応】,ギフトだけでなくイベントでの飾り付けや店舗の演出にも。。ラッピング用ラメハートワンタッチリボン10本入り(幅30mm)(全6色)【クロネコDM便対応】[rn]
16-77389,http://tshop.r10s.jp/rtor/cabinet/02538250/img67468761.jpg?fitin=700:700,1467.2000,,日用品雑貨・文房具・手芸 > 文房具・事務用品 > ギフトラッピング用品 > リボン,【ラッピング用リボンセット】巻きリボン 9.1m×8種類のたっぷりセット 合計73m！,たっぷりリボン♪業務用にもおすすめ！,"クリスマスのラッピング用リボンのセットです。
8種類のいろいろなデザインのリボン。
各9.1m、合計73.1mのたっぷりセットです。

プラケースの前側にリボンを通すところがあるので、
箱に入れたまま引き出して使うことができます。

クリスマスのラッピングだけでなく、ツリーの飾りつけや
オーナメントに結んでも素敵です。
クラフト(工作)、フラワーアレンジメント、テーブル
デコレーションなど様々な使い方でお楽しみください。

■リボン幅(左から)
3.8cm、2.2cm、3.8cm、0.6cm、1.2cm、1.5cm、2.2cm、0.4cm
■長さ　各9.1m
■素材　ポリエステル、アクリルなど

台湾製",【ラッピング用リボンセット】巻きリボン 9.1m&times;8種類のたっぷりセット 合計73m！：お洗濯屋さん,【ラッピング用リボンセット】巻きリボン 9.1m&times;8種類のたっぷりセット 合計73m！,たっぷりリボン♪業務用にもおすすめ！。【ラッピング用リボンセット】巻きリボン 9.1m&times;8種類のたっぷりセット 合計73m！[rn]
16-77390,http://tshop.r10s.jp/cycle-line/cabinet/3125/603/wd3839454367.jpg?fitin=700:700,1662.4000,,日用品雑貨・文房具・手芸 > 文房具・事務用品 > ギフトラッピング用品 > リボン,ヘイコー リボンボウ レッド 15mm 50本入,,<table border='1' bordercolor='#fff' cellpadding='5'><tr><th bgcolor='#c00000' width='30%'><font color='#fff'>商品名</font></th><td>ヘイコー リボンボウ レッド 15mm 50本入</td></tr><tr><th bgcolor='#c00000' width='30%'><font color='#fff'>カテゴリー</font></th><td>日用品雑貨・文房具・手芸 文房具・事務用品 ラッピング用品 リボン</td></tr><tr><th bgcolor='#c00000' width='30%'><font color='#fff'>色</font></th><td>レッド</td></tr><tr><th bgcolor='#c00000' width='30%'><font color='#fff'>モデル</font></th><td>001410063</td></tr><tr><th bgcolor='#c00000' width='30%'><font color='#fff'>商品仕様</font></th><td>素材:ポリプロピレン</td></tr></table>,ヘイコー リボンボウ レッド 15mm 50本入：Cycle Smooth Wear,アンパンマンプラレールハイパーヨーヨーLEDプリキュアジグソーパズル パナソニックダイワポケットモンスター トミカ スマホケースバンダイケースシマノ家電BUFFALOiPhone送料無料アイリスオーヤマLEGOヘイコー リボンボウ レッド 15mm 50本入,ヘイコー リボンボウ レッド 15mm 50本入[rn]
16-77391,http://tshop.r10s.jp/auc-youstyle/cabinet/wrapping/ribon_1.jpg?fitin=700:700,80.0000,,日用品雑貨・文房具・手芸 > 文房具・事務用品 > ギフトラッピング用品 > リボン,リボン RIBBON 素敵なプレゼントをご使用 レッド/ゴールド,【名入れ不可】,"<img src=""http://image.rakuten.co.jp/auc-youstyle/cabinet/refillbanner/housou5-2.jpg"" width=""100%""  border=""0"" /><br>
<img src=""http://image.rakuten.co.jp/auc-youstyle/cabinet/refillbanner/housou2.jpg"" width=""100%""  border=""0"" /><br>

<TABLE BORDER='0' CELLSPACING='1' CELLPADDING='5' BGCOLOR=#ffffff WIDTH='100%'>
<TR BGCOLOR='#ffffff'>
<TD BGCOLOR='#ffffff' WIDTH='50%' ALIGN=LEFT>ラッピング  ◆包装紙</TD>

<TD BGCOLOR='#ffffff' WIDTH='22%' ALIGN=LEFT>◆のし</TD>

<TD BGCOLOR='#ffffff' WIDTH='22%' ALIGN=LEFT>◆リボン</TD></TR>
</TABLE><br>





<table align=""center"" width=""100%"" cellpadding=""0"" cellspacing=""0"" bgcolor=""#ffffff"">
<tr>
<td align=""center"" valign=""top"">
<table cellpadding=""10"" cellspacing=""0"" width=""100%"" bgcolor=""#ffffff""><tr><td valign=""middle""><p align=""LEFT""><font size=""3"" color=""#000000""><B>ご注文前に必ずご確認ください。</B></font></p><br>
<p align=""LEFT""><font size=""3"" color=""#000000"">★当店のラッピングは、包装紙・リボン・のし と別々に登録しております。</font></p><p align=""LEFT""><font size=""3"" color=""#000000"">　必要に応じてお選びください。</font></p><br>
<p align=""LEFT""><font size=""3"" color=""#000000"">★ラッピングをご希望の場合にはご購入商品と一緒に買い物かごへお入れ下さい。</font></p><br>
<p align=""LEFT""><font size=""3"" color=""#000000"">★１回のご注文で複数のラッピングをご希望の場合には、</font></p><p align=""LEFT""><font size=""3"" color=""#000000"">　必要個数分のラッピングをご注文ください。（１包装あたり 数量１個）</font></p><br>
<p align=""LEFT""><font size=""3"" color=""#000000"">★複数商品をご注文頂いた場合、まとめてラッピング希望か、 　一部の商品だけラッピング希望かについても備考欄にご記入下さい。</font></p><br>
<p align=""LEFT""><font size=""3"" color=""#000000"">★大きさや形状により、ラッピングができない商品もございます。 　事前に確認をさせて頂きますので、お気軽にお問い合わせ下さいませ。</font></p><br>
<p align=""LEFT""><font size=""3"" color=""#000000"">★購入明細書の同封について 　ギフト等の理由で、購入明細書が不必要な場合は、備考欄にご記入下さい。</font></p><br>
<p align=""LEFT""><font size=""3"" color=""#000000"">★ラッピング材のみのご注文はご遠慮いただいております。</font></p><br>
<p align=""LEFT""><font size=""3"" color=""#000000"">★のし　記載内容を備考欄にてご連絡ください。</font></p><br>
<p align=""LEFT""><font size=""3"" color=""#FF0000"">★画像はイメージ写真です。包装紙は付いておりません。包装紙をご希望のお客様は<font color=""#0000FF"">こちら</font>からご注文ください。</font></p></td></tr></table>
</td>
</tr>
</table>",リボン RIBBON 素敵なプレゼントをご使用 レッド/ゴールド：You STYLE,万年筆ボールペンLAMYラミーパーカーPARKERペリカンウォーターマンクロス名入れボールペンラミー サファリプラチナ万年筆ロットリングインク消耗品手帳リフィルセーラー万年筆モンブラン色鉛筆リボン RIBBON 素敵なプレゼントをご使用 レッド/ゴールド,【名入れ不可】。リボン RIBBON 素敵なプレゼントをご使用 レッド/ゴールド[rn]
16-77392,http://tshop.r10s.jp/wrapping-pcl/cabinet/koukoku/03056544/03056545/imgrc0065838258.jpg?fitin=700:700,1040.0000,,日用品雑貨・文房具・手芸 > 文房具・事務用品 > ギフトラッピング用品 > リボン,「mt」kids10巻セット福袋 No.1【送料無料】マスキングテープ,☆kids用mt10巻選んでみました☆,"☆kids10巻セット福袋 No.1☆<br> 【送料無料】1300円　全て「mt」ブランド<br>
巾20mm以下のマスキングテープでしたら、送料の追加なく何巻でも、こちらに追加出来ます。<br>
沢山のご注文お待ちしております。<br>


こちらの商品は、クロネコヤマトメール便にて発送になります。<br>
日時のご指定は出来ません。<br>
☆メール便は、透明袋に入れたmtをクラフト封筒に入れて発送になりますので、多少つぶれてしまう場合もございます。<br>

尚、代引きをご希望のお客様は、クロネコヤマト便になりますので
クロネコヤマト便の送料と、代引き料金のご請求になります。<br>
格安セットの為、申し訳ございません。<br>",「mt」kids10巻セット福袋 No.1【送料無料】マスキングテープ：ラッピング　Ｐｉｃｃｏｌｏ,ラッピングシール雑貨マスキングテープりぼんクラフト紙グラシンマフィン型レースペーパー紙袋ワックスペーパーバーガー袋デザートカップビンオーピーパックパン袋レジ袋ポリ袋ラベンダースティックセパレーター「mt」kids10巻セット福袋 No.1【送料無料】マスキングテープ,☆kids用mt10巻選んでみました☆。「mt」kids10巻セット福袋 No.1【送料無料】マスキングテープ[rn]
16-77393,http://tshop.r10s.jp/wrapping-pcl/cabinet/koukoku/03056544/03056545/imgrc0069051949.jpg?fitin=700:700,1040.0000,,日用品雑貨・文房具・手芸 > 文房具・事務用品 > ギフトラッピング用品 > リボン,「mt」kids10巻セット福袋　No.3【送料無料】マスキングテープ,☆kids用mt10巻選んでみました☆,"☆kids10巻セット福袋 No.3☆<br> 【送料無料】1300円　全て「mt」ブランド<br>
○ジグソーパズル
○積み木
○てんてん
○ぺたぺた
○しましま
○楽器テープ
○モチーフ・ハート
○ カラフル・ボーダー
○カラフル・ドット
○カラフル・ストライプ<br>
巾20mm以下のマスキングテープでしたら、送料の追加なく何巻でも、こちらに追加出来ます。<br>
沢山のご注文お待ちしております。<br>


こちらの商品は、クロネコヤマトメール便にて発送になります。<br>
日時のご指定は出来ません。<br>
☆メール便は、透明袋に入れたmtをクラフト封筒に入れて発送になりますので、多少つぶれてしまう場合もございます。<br>

尚、代引きをご希望のお客様は、クロネコヤマト便になりますので
クロネコヤマト便の送料と、代引き料金のご請求になります。<br>
格安セットの為、申し訳ございません。<br>",「mt」kids10巻セット福袋　No.3【送料無料】マスキングテープ：ラッピング　Ｐｉｃｃｏｌｏ,ラッピングシール雑貨マスキングテープりぼんクラフト紙グラシンマフィン型レースペーパー紙袋ワックスペーパーバーガー袋デザートカップビンオーピーパックパン袋レジ袋ポリ袋ラベンダースティックセパレーター「mt」kids10巻セット福袋　No.3【送料無料】マスキングテープ,☆kids用mt10巻選んでみました☆。「mt」kids10巻セット福袋　No.3【送料無料】マスキングテープ[rn]
16-77394,http://tshop.r10s.jp/wrapping-pcl/cabinet/koukoku/03056544/03056545/imgrc0068390697.jpg?fitin=700:700,1080.0000,,日用品雑貨・文房具・手芸 > 文房具・事務用品 > ギフトラッピング用品 > リボン,「mt」パステルカラー　12巻セット・福袋 【送料無料】マスキングテープ15mm巾10m巻,☆この春の新作・選んでみました☆,"「mt」パステルカラー　12巻セット・福袋 ☆<br> 【送料無料】1350円　　全て15mm巾10m巻「mt」ブランド<br>
巾20mm以下のマスキングテープでしたら、送料の追加なく何巻でも、こちらに追加出来ます。<br>
沢山のご注文お待ちしております。<br>
・商品の内要は変更になる場合がございます。<br>
・お客様に少しでも安くmtを販売させていただきたいと考えております為、ラッピング　Ｐｉｃｃｏｌｏでは、mt_exやデザイナーmt以外は、8巻梱包で仕入れております。<br>
この為、上記以外のmtは1つづつ個包装はされておりません。<br>
mt_exやデザイナーmt以外の通常商品で個包装されている商品も、メーカーでの販売はございますが、こちらは価格が上がってしまいますので、ラッピング　Ｐｉｃｃｏｌｏではお客様に少しでも安くと考え、当社での梱包作業を行っております。<br>
ラッピング　Ｐｉｃｃｏｌｏでは新品の商品以外は販売いたしておりませんので、安心してお使いいただけます。<br>

こちらの商品は、クロネコヤマトメール便にて発送になります。<br>
日時のご指定は出来ません。<br>
☆メール便は、透明袋に入れたmtをクラフト封筒に入れて発送になりますので、多少つぶれてしまう場合もございます。<br>

尚、代引きをご希望のお客様は、クロネコヤマト便になりますので
クロネコヤマト便の送料と、代引き料金のご請求になります。<br>
格安セットの為、申し訳ございません。<br>",「mt」パステルカラー　12巻セット・福袋 【送料無料】マスキングテープ15mm巾10m巻：ラッピング　Ｐｉｃｃｏｌｏ,ラッピングシール雑貨マスキングテープりぼんクラフト紙グラシンマフィン型レースペーパー紙袋ワックスペーパーバーガー袋デザートカップビンオーピーパックパン袋レジ袋ポリ袋ラベンダースティックセパレーター「mt」パステルカラー　12巻セット・福袋 【送料無料】マスキングテープ15mm巾10m巻,☆この春の新作・選んでみました☆。「mt」パステルカラー　12巻セット・福袋 【送料無料】マスキングテープ15mm巾10m巻[rn]
16-77395,http://tshop.r10s.jp/wrapping-pcl/cabinet/koukoku/03056544/03056545/imgrc0068552396.jpg?fitin=700:700,2200.0000,,日用品雑貨・文房具・手芸 > 文房具・事務用品 > ギフトラッピング用品 > リボン,マスキングテープmt ex お好きな 10巻　(送料無料）,☆お好みのmt_ex 10巻選んでください☆ラッピングに大活躍,"＊同じ商品を複数ご希望の場合は【備考欄】に書いてください<br>左上から<br>
こちらの商品は、定形外郵便にて発送になります。<br>
左上から<br>

＊【mt_ex Garden（花の柄）】色彩豊かな花々が美しく咲き誇っています。<br>

＊【mt ex 図鑑・動物（動物と鳥の柄）】遊び心にあふれた動物図鑑そのままのテープ。<br>

＊【mt ex 図鑑・植物】遊び心にあふれた植物図鑑そのままのテープ。<br>

＊【mt ex 図鑑・海洋生物】遊び心にあふれた海洋生物図鑑そのままのテープ。<br>

＊【mt ex 数（数字と楽しい柄達）】<br>

＊【mt ex 封蝋R】色々な封蝋をプリントしました。<br>

＊【mt ex 花R】彩り豊かな「花たち」がイッパイ。プレゼントに花を添えてください。<br>

＊【mt ex 世界の言葉・ありがとうR】いろんな国の「ありがとう」をプリント、世界共通の感謝の気持ちを演出。<br>

＊【mt ex　チケット】様々なチケットのコレクション風デザイン。<br>

＊【mt ex　旅の乗り物】さまざまな乗り物で、まるで世界を旅しているよう。<br>

＊【mt ex 鼓笛隊】動物たちの楽しい鼓笛隊の演奏がずっとずっと続いています。<br>

＊【mt ex 料理家の日記】レシピが生まれてきそうな楽しくてかわいいテープ。<br>

＊【mt ex 英字新聞】英字新聞をモチーフにした遊び心に満ちたテープ。<br>

＊【mt ex 図鑑・太陽系】太陽系の惑星図鑑をテープにデザインです。<br>

＊【mt ex 図鑑・鳥】人気の図鑑シリーズに「鳥」が登場です。<br>

＊【mt ex 重ねるテープ・くま&りす】跳ね回るくまとりすがユーモラス。<br>

＊【mt ex 重ねるテープ・うさぎ&りす】跳ね回るうさぎとりすが楽しそう。<br>

＊【mt ex マテリアル】<br>

＊【mt ex 迷彩・モノクロ】<br>

＊【mt ex 迷彩】<br>

＊【mt ex 図鑑・鉱物】<br>

＊【mt ex 名札】<br>
＊【mt ex 焼き菓子】真ん中の写真になります。<br>
＊【mt ex 飾り罫R・黒】一番下の写真です。<br>




こちらの商品は、定形外郵便にて発送になります。<br>
日時のご指定は出来ません。<br>
定形外郵便ですので、他の商品の同梱は出来ません。<br>
☆定形外郵便は、透明袋に入れたmtをクラフト封筒に入れて発送になりますので、多少つぶれてしまう場合もございます。<br>
尚、代引きをご希望のお客様は、クロネコヤマト便になりますので
クロネコヤマト便の送料と、代引き料金のご請求になります。<br>
格安セットの為、申し訳ございません。<br>",マスキングテープmt ex お好きな 10巻　(送料無料）：ラッピング　Ｐｉｃｃｏｌｏ,ラッピングシール雑貨マスキングテープりぼんクラフト紙グラシンマフィン型レースペーパー紙袋ワックスペーパーバーガー袋デザートカップビンオーピーパックパン袋レジ袋ポリ袋ラベンダースティックセパレーターマスキングテープmt ex お好きな 10巻　(送料無料）,☆お好みのmt_ex 10巻選んでください☆ラッピングに大活躍。マスキングテープmt ex お好きな 10巻　(送料無料）[rn]
16-77396,http://tshop.r10s.jp/wrapping-pcl/cabinet/koukoku/03056544/03056545/imgrc0065635536.jpg?fitin=700:700,920.0000,,日用品雑貨・文房具・手芸 > 文房具・事務用品 > ギフトラッピング用品 > リボン,マスキングテープ　mt_ex いろいろお花畑6巻　【送料無料】,mt_exシリーズからいろんな花々を6巻選んでみました。,"mt_ex いろいろお花畑6巻　1150円【送料無料】<br>【カモ井加工紙】「mt」ブランドのマスキングテープ<br><br>
＊【mt×Almedahls イタリアン・フラワーシェルフ】<br>
イタリアンなフラワーシェルフがかわいい。<br>
＊【mt ex 刺繍】<br>
チロリアンテープの柄。<br>
＊【flower・white】<br>
やわらかなタッチで描かれた花たちは、まるで楽しげにダンスを踊っているよう♪。<br>
＊【tulip】<br>
ベングト&ロッタが咲かせた、ピンクと赤のチューリップをどうぞ!<br>
＊【mt ex小花・ボタニカルアート】<br>
かわいい小花がたくさん。<br>
＊【mt ex小花・花畑】<br>
優しく暖かく、カラフルなお花畑。<br>
各1巻計6巻<br>
巾20mm以下のマスキングテープでしたら、送料の追加なく何巻でも、こちらに追加出来ます。<br>
沢山のご注文お待ちしております。<br>


こちらの商品は、クロネコヤマトメール便にて発送になります。<br>
日時のご指定は出来ません。<br>
☆メール便は、透明袋に入れたmtをクラフト封筒に入れて発送になりますので、多少つぶれてしまう場合もございます。<br>


尚、代引きをご希望のお客様は、クロネコヤマト便になりますので
クロネコヤマト便の送料と、代引き料金のご請求になります。<br>
格安セットの為、申し訳ございません。<br>",マスキングテープ　mt_ex いろいろお花畑6巻　【送料無料】：ラッピング　Ｐｉｃｃｏｌｏ,ラッピングシール雑貨マスキングテープりぼんクラフト紙グラシンマフィン型レースペーパー紙袋ワックスペーパーバーガー袋デザートカップビンオーピーパックパン袋レジ袋ポリ袋ラベンダースティックセパレーターマスキングテープ　mt_ex いろいろお花畑6巻　【送料無料】,mt_exシリーズからいろんな花々を6巻選んでみました。。マスキングテープ　mt_ex いろいろお花畑6巻　【送料無料】[rn]
16-77397,http://tshop.r10s.jp/wrapping-pcl/cabinet/koukoku/03056544/03056545/imgrc0068396643.jpg?fitin=700:700,600.0000,,日用品雑貨・文房具・手芸 > 文房具・事務用品 > ギフトラッピング用品 > リボン,「mt」パステルカラー　6巻セット・No.2【送料無料】マスキングテープ15mm巾10m巻,☆この春の新作・選んでみました☆,"☆「mt」パステルカラー　6巻セット・No.2 ☆<br> 【送料無料】750円　　全て15mm巾10m巻「mt」ブランド<br>
【パステルイエロー】
【パステルオレンジ】
【パステルレッド】
【パステルピンク】
【パステルブラウン】
【パステルグレー】
<br>
巾20mm以下のマスキングテープでしたら、送料の追加なく何巻でも、こちらに追加出来ます。<br>
沢山のご注文お待ちしております。<br>
・商品の内要は変更になる場合がございます。<br>
・お客様に少しでも安くmtを販売させていただきたいと考えております為、ラッピング　Ｐｉｃｃｏｌｏでは、mt_exやデザイナーmt以外は、8巻梱包で仕入れております。<br>
この為、上記以外のmtは1つづつ個包装はされておりません。<br>
mt_exやデザイナーmt以外の通常商品で個包装されている商品も、メーカーでの販売はございますが、こちらは価格が上がってしまいますので、ラッピング　Ｐｉｃｃｏｌｏではお客様に少しでも安くと考え、当社での梱包作業を行っております。<br>
ラッピング　Ｐｉｃｃｏｌｏでは新品の商品以外は販売いたしておりませんので、安心してお使いいただけます。<br>

こちらの商品は、クロネコヤマトメール便にて発送になります。<br>
日時のご指定は出来ません。<br>
☆メール便は、透明袋に入れたmtをクラフト封筒に入れて発送になりますので、多少つぶれてしまう場合もございます。<br>

尚、代引きをご希望のお客様は、クロネコヤマト便になりますので
クロネコヤマト便の送料と、代引き料金のご請求になります。<br>
格安セットの為、申し訳ございません。<br>",「mt」パステルカラー　6巻セット・No.2【送料無料】マスキングテープ15mm巾10m巻：ラッピング　Ｐｉｃｃｏｌｏ,ラッピングシール雑貨マスキングテープりぼんクラフト紙グラシンマフィン型レースペーパー紙袋ワックスペーパーバーガー袋デザートカップビンオーピーパックパン袋レジ袋ポリ袋ラベンダースティックセパレーター「mt」パステルカラー　6巻セット・No.2【送料無料】マスキングテープ15mm巾10m巻,☆この春の新作・選んでみました☆。「mt」パステルカラー　6巻セット・No.2【送料無料】マスキングテープ15mm巾10m巻[rn]
16-77398,http://tshop.r10s.jp/excelworld/cabinet/03638030/03843704/imgrc0062156655.jpg?fitin=700:700,1344.0000,,日用品雑貨・文房具・手芸 > 文房具・事務用品 > ギフトラッピング用品 > リボン,スウィート ダッフィー ＆ シェリーメイ リボン スイート 東京ディズニーシー限定ダッフィーグッズ 09386 〔おみやげ袋付き〕【あす楽 】,ダッフィー＆シェーリメイでお部屋をディズニーワールドに！,【商品名】スウィート  ダッフィー ＆ シェリーメイ リボン　スイート　09386　〔おみやげ袋付き〕<br />【サイズ】長さ：3m<br />【付属品】ディズニー専用ショップ袋 <br />【コメント】ギフトラッピングは無料ですのでお気軽にお申し付け下さいませ。<br><br>最新作<br>＞スイートコレクション<br>＞ジェラトーニコレクション<br>＞ジャーニーウィズダッフィー<br><br>＞ダッフィー＆シェリーメイカップルでお届け<br>＞スタンダードコレクション<br>＞コスチューム<br>＞ダッフィーのホームタウン<br>＞ギフト<br>＞マイフレンドダッフィー<br>＞ギフト<br>＞ジェラトーニコレクション<br>＞ケープコッドコレクション<br>＞ウェディング<br>＞イースターコレクション<br>＞スプリングヴォヤッジコレクション<br>＞スイートコレクション<br>＞ウィンターコレクション<br>＞30thハピネスザイヤーコレクション<br>＞七夕コレクション<br>＞クリスマスコレクション<br>＞スーベニアコイン<br><br>＞トップページへ<br><br>,スウィート ダッフィー ＆ シェリーメイ リボン スイート 東京ディズニーシー限定ダッフィーグッズ 09386 〔おみやげ袋付き〕【あす楽 】：エクセルワールド,クロムハーツコーチダッフィーピンキー＆ダイアンケイトスペードスウィート ダッフィー ＆ シェリーメイ リボン スイート 東京ディズニーシー限定ダッフィーグッズ 09386 〔おみやげ袋付き〕【あす楽 】,ダッフィー＆シェーリメイでお部屋をディズニーワールドに！。スウィート ダッフィー ＆ シェリーメイ リボン スイート 東京ディズニーシー限定ダッフィーグッズ 09386 〔おみやげ袋付き〕【あす楽 】[rn]
16-77399,http://tshop.r10s.jp/kashizairyo/cabinet/01782686/04411308/imgrc0065270845.jpg?fitin=700:700,360.0000,,日用品雑貨・文房具・手芸 > 文房具・事務用品 > ギフトラッピング用品 > リボン,【数量限定SALE】MTWRMR26　ラッピングシート　詰め替え用【ラッピング用品】,在庫整理の為大特価,"<br>
<img src=""http://image.rakuten.co.jp/kashizairyo/cabinet/03012963/04353411/imgrc0065231021.jpg"" border=""0"" width=""100%""><br>
<img src=""http://image.rakuten.co.jp/kashizairyo/cabinet/03012963/04353411/imgrc0065231018.jpg"" width=""100%""><br>
<img src=""http://image.rakuten.co.jp/kashizairyo/cabinet/03012957/04733840/imgrc0070604741.jpg"" width=""100%""><br>
さわやかな黄緑に、赤いりんごのアクセントが可愛らしい用紙<br>
◇サイズ　幅155mm×5.m<BR>",【数量限定SALE】MTWRMR26　ラッピングシート　詰め替え用【ラッピング用品】：スイートキッチン,ケーキ材料製菓材料お菓子材料和菓子材料イタリアンエスニック型製菓用チョコレートヴァローナクリームチーズ強力粉ドライフィグスキムミルク粉末寒天バレンタインマンゴーレシピホームベーカリーパン手作り【数量限定SALE】MTWRMR26　ラッピングシート　詰め替え用【ラッピング用品】,在庫整理の為大特価。【数量限定SALE】MTWRMR26　ラッピングシート　詰め替え用【ラッピング用品】[rn]
16-77400,http://tshop.r10s.jp/kashizairyo/cabinet/img56547612.jpg?fitin=700:700,240.0000,,日用品雑貨・文房具・手芸 > 文房具・事務用品 > ギフトラッピング用品 > リボン,【メール便可-2】エクセルサテンリボン ディープブルー 18mm 50M巻,【超お買い得品】,"大量在庫処分の為80％OFFの訳あり価格での販売です。リボンの中でも人気で定番のサテンリボンです。<BR><br>

◇色　ディープブルー<BR>
◇サイズ　18mm幅　50M巻<!-- 送料 start -->
<br>
<img src=""http://www.rakuten.ne.jp/gold/kashizairyo/frame/souryou/img/packet2.jpg"" alt=""送料"" width=""100%""/>
<br>
<!-- 送料 end　-->",【メール便可-2】エクセルサテンリボン ディープブルー 18mm 50M巻：スイートキッチン,ケーキ材料製菓材料お菓子材料和菓子材料イタリアンエスニック型製菓用チョコレートヴァローナクリームチーズ強力粉ドライフィグスキムミルク粉末寒天バレンタインマンゴーレシピホームベーカリーパン手作り【メール便可-2】エクセルサテンリボン ディープブルー 18mm 50M巻,【超お買い得品】。【メール便可-2】エクセルサテンリボン ディープブルー 18mm 50M巻[rn]
