18-31101,http://tshop.r10s.jp/webike-rb/cabinet/img751/22801079_0.jpg?fitin=700:700,10837.6000,,車用品・バイク用品 > バイク用品 > ブレーキ関連パーツ > ブレーキレバー > その他,【イベント開催中！】LSL レバー アジャスタブルクラッチレバー(ショート) アジャスターカラー：ブラック レバーカラー：ゴールド,LSL レバー アジャスタブルクラッチレバー(ショート),レバーカラー：アンスラサイト / アジャスターカラー：レッドはこちら<br />レバーカラー：アンスラサイト / アジャスターカラー：アンスラサイトはこちら<br />レバーカラー：アンスラサイト / アジャスターカラー：ブルーはこちら<br />レバーカラー：アンスラサイト / アジャスターカラー：ゴールドはこちら<br />レバーカラー：アンスラサイト / アジャスターカラー：シルバーはこちら<br />レバーカラー：アンスラサイト / アジャスターカラー：ブラックはこちら<br />レバーカラー：ゴールド / アジャスターカラー：レッドはこちら<br />レバーカラー：ゴールド / アジャスターカラー：アンスラサイトはこちら<br />レバーカラー：ゴールド / アジャスターカラー：ブルーはこちら<br />レバーカラー：ゴールド / アジャスターカラー：ゴールドはこちら<br />レバーカラー：ゴールド / アジャスターカラー：シルバーはこちら<br />レバーカラー：シルバー / アジャスターカラー：レッドはこちら<br />レバーカラー：シルバー / アジャスターカラー：アンスラサイトはこちら<br />レバーカラー：シルバー / アジャスターカラー：ブルーはこちら<br />レバーカラー：シルバー / アジャスターカラー：ゴールドはこちら<br />レバーカラー：シルバー / アジャスターカラー：シルバーはこちら<br />レバーカラー：シルバー / アジャスターカラー：ブラックはこちら<br />レバーカラー：ブラック / アジャスターカラー：レッドはこちら<br />レバーカラー：ブラック / アジャスターカラー：アンスラサイトはこちら<br />レバーカラー：ブラック / アジャスターカラー：ブルーはこちら<br />レバーカラー：ブラック / アジャスターカラー：ゴールドはこちら<br />レバーカラー：ブラック / アジャスターカラー：シルバーはこちら<br />レバーカラー：ブラック / アジャスターカラー：ブラックはこちら<br /><br />※リンク先に商品がない場合、すでに完売している商品となります。予めご了承ください。<br /><br />■商品番号<br>200SL13GO-SW<br><br>■JANコード<br>4548916167104<br><br>■商品概要<br>素材：アルミ<br>レバーサイズ：ショート<br><br>アジャスターカラー：ブラック レバーカラー：ゴールド<br><br>■適合車種<br>▼APRILIA<br>DORSODURO1200 [ドルソリューロ](11-) ETV1000 CAPONORD [カポノルド](01-07) RSV1000/MILLE/R [ミレ](01-04) RSV1000SP [ミレ](95-00) SL1000 FALCO [ファルコ](01-05) TUONO1000R [トゥオノ](05-10) <br><br>▼bimota<br>DB5(06-) DB6(06-) 1200 Sport(07-) <br><br>▼DUCATI<br>MONSTER S2R 1000 [モンスター](03-08) MONSTER S4 [モンスター](00-03) MONSTER S4R [モンスター](04-06) MONSTER900 [モンスター](i.E. 00-02) 998(02-03) 998R(02-03) 998S(02-03) 996BIPOSTO[ビポスト](98-01) 996STRADA[ストラーダ](98-01) 996R(98-01) GT1000(07-10) GT1000 Touring[ツーリング](07-10) PAULSMART1000LE [ポールスマート](06-09) SPORT1000S [スポルト](06-09) SPORT1000[スポルト](06-09) ST4(99-03) ST3(04-07) 900SS ie (99-02) SS1000DS(03-06) MULTISTRADA1100 [ムルチストラーダ](07-09) MULTISTRADA1100S [ムルチストラーダ](07-09) MULTISTRADA1000 [ムルチストラーダ](03-06) MULTISTRADA1000S [ムルチストラーダ](03-06) MULTISTRADA1000DS [ムルチストラーダ](03-06) 748BIPOSTO(99-02) 748S(99-02) 748R(99-02) 750SS ie (99-02) 620SPORT [スポルト](03-07) <br><br>■詳細説明<br>形状、質感、造型、最高のパフォーマンスを生み出すために作られたLSLのレバーは、アジャスト機構により手の大きさに合わせ6段階の調節ができます。<br>クラッチレバーは、純正レバーと比較し、手前に4ポジション、奥に1ポジションの設定が可能。<br>ブレーキレバーは、純正レバーに対し、手前に1ポジション、奥に1731ポジションの設定が可能です。<br>アジャスト機構にボールベアリングを採用。ベアリング内部には真鍮を使用し、節度ある動きで確実な操作が可能となります。<br><br><font color=red>■注意点<br>※車種により全てのダイヤル位置がご利用になれない場合があります。<br>※走行中のアジャスト調整は危険です。ご注意ください。<br>※輸入品につき取り寄せに時間の掛かる場合がございます。<br>※アジャスト機構のダイヤル位置 5・6へセッティングし、クラッチレバーを握り切る際、レバーがスイッチボックスに干渉する場合があります。<br>※LSLスタンダードレバーをハンドプロテクター付きの車輌に装着、操作の際、レバーがレバーエンド部プロテクターと干渉する恐れがあります。ショートレバー推奨。</font>,【イベント開催中！】LSL レバー アジャスタブルクラッチレバー(ショート) アジャスターカラー：ブラック レバーカラー：ゴールド：ウェビック　楽天市場店,バイクカスタム改造ドレスアップヘルメットマフラーカウルオートバイ二輪車大型バイク中型バイクバイク用品パーツミラーツーリングジャケットタイヤ原付サーキットオフロード【イベント開催中！】LSL レバー アジャスタブルクラッチレバー(ショート) アジャスターカラー：ブラック レバーカラー：ゴールド,LSL レバー アジャスタブルクラッチレバー(ショート)。【イベント開催中！】LSL レバー アジャスタブルクラッチレバー(ショート) アジャスターカラー：ブラック レバーカラー：ゴールド[rn]
18-31102,http://tshop.r10s.jp/webike-rb/cabinet/img751/22801081_0.jpg?fitin=700:700,10837.6000,,車用品・バイク用品 > バイク用品 > ブレーキ関連パーツ > ブレーキレバー > その他,【イベント開催中！】LSL レバー アジャスタブルクラッチレバー(ショート) アジャスターカラー：アンスラサイト レバーカラー：シルバー,LSL レバー アジャスタブルクラッチレバー(ショート),レバーカラー：アンスラサイト / アジャスターカラー：レッドはこちら<br />レバーカラー：アンスラサイト / アジャスターカラー：アンスラサイトはこちら<br />レバーカラー：アンスラサイト / アジャスターカラー：ブルーはこちら<br />レバーカラー：アンスラサイト / アジャスターカラー：ゴールドはこちら<br />レバーカラー：アンスラサイト / アジャスターカラー：シルバーはこちら<br />レバーカラー：アンスラサイト / アジャスターカラー：ブラックはこちら<br />レバーカラー：ゴールド / アジャスターカラー：レッドはこちら<br />レバーカラー：ゴールド / アジャスターカラー：アンスラサイトはこちら<br />レバーカラー：ゴールド / アジャスターカラー：ブルーはこちら<br />レバーカラー：ゴールド / アジャスターカラー：ゴールドはこちら<br />レバーカラー：ゴールド / アジャスターカラー：シルバーはこちら<br />レバーカラー：ゴールド / アジャスターカラー：ブラックはこちら<br />レバーカラー：シルバー / アジャスターカラー：レッドはこちら<br />レバーカラー：シルバー / アジャスターカラー：ブルーはこちら<br />レバーカラー：シルバー / アジャスターカラー：ゴールドはこちら<br />レバーカラー：シルバー / アジャスターカラー：シルバーはこちら<br />レバーカラー：シルバー / アジャスターカラー：ブラックはこちら<br />レバーカラー：ブラック / アジャスターカラー：レッドはこちら<br />レバーカラー：ブラック / アジャスターカラー：アンスラサイトはこちら<br />レバーカラー：ブラック / アジャスターカラー：ブルーはこちら<br />レバーカラー：ブラック / アジャスターカラー：ゴールドはこちら<br />レバーカラー：ブラック / アジャスターカラー：シルバーはこちら<br />レバーカラー：ブラック / アジャスターカラー：ブラックはこちら<br /><br />※リンク先に商品がない場合、すでに完売している商品となります。予めご了承ください。<br /><br />■商品番号<br>200SL13SI-AN<br><br>■JANコード<br>4548916169788<br><br>■商品概要<br>素材：アルミ<br>レバーサイズ：ショート<br><br>レバーカラー：シルバー アジャスターカラー：アンスラサイト<br><br>■適合車種<br>▼APRILIA<br>DORSODURO1200 [ドルソリューロ](11-) ETV1000 CAPONORD [カポノルド](01-07) RSV1000/MILLE/R [ミレ](01-04) RSV1000SP [ミレ](95-00) SL1000 FALCO [ファルコ](01-05) TUONO1000R [トゥオノ](05-10) <br><br>▼bimota<br>DB5(06-) DB6(06-) 1200 Sport(07-) <br><br>▼DUCATI<br>MONSTER S2R 1000 [モンスター](03-08) MONSTER S4 [モンスター](00-03) MONSTER S4R [モンスター](04-06) MONSTER900 [モンスター](i.E. 00-02) 998(02-03) 998R(02-03) 998S(02-03) 996BIPOSTO[ビポスト](98-01) 996STRADA[ストラーダ](98-01) 996R(98-01) GT1000(07-10) GT1000 Touring[ツーリング](07-10) PAULSMART1000LE [ポールスマート](06-09) SPORT1000S [スポルト](06-09) SPORT1000[スポルト](06-09) ST4(99-03) ST3(04-07) 900SS ie (99-02) SS1000DS(03-06) MULTISTRADA1100 [ムルチストラーダ](07-09) MULTISTRADA1100S [ムルチストラーダ](07-09) MULTISTRADA1000 [ムルチストラーダ](03-06) MULTISTRADA1000S [ムルチストラーダ](03-06) MULTISTRADA1000DS [ムルチストラーダ](03-06) 748BIPOSTO(99-02) 748S(99-02) 748R(99-02) 750SS ie (99-02) 620SPORT [スポルト](03-07) <br><br>■詳細説明<br>形状、質感、造型、最高のパフォーマンスを生み出すために作られたLSLのレバーは、アジャスト機構により手の大きさに合わせ6段階の調節ができます。<br>クラッチレバーは、純正レバーと比較し、手前に4ポジション、奥に1ポジションの設定が可能。<br>ブレーキレバーは、純正レバーに対し、手前に1ポジション、奥に1733ポジションの設定が可能です。<br>アジャスト機構にボールベアリングを採用。ベアリング内部には真鍮を使用し、節度ある動きで確実な操作が可能となります。<br><br><font color=red>■注意点<br>※車種により全てのダイヤル位置がご利用になれない場合があります。<br>※走行中のアジャスト調整は危険です。ご注意ください。<br>※輸入品につき取り寄せに時間の掛かる場合がございます。<br>※アジャスト機構のダイヤル位置 5・6へセッティングし、クラッチレバーを握り切る際、レバーがスイッチボックスに干渉する場合があります。<br>※LSLスタンダードレバーをハンドプロテクター付きの車輌に装着、操作の際、レバーがレバーエンド部プロテクターと干渉する恐れがあります。ショートレバー推奨。</font>,【イベント開催中！】LSL レバー アジャスタブルクラッチレバー(ショート) アジャスターカラー：アンスラサイト レバーカラー：シルバー：ウェビック　楽天市場店,バイクカスタム改造ドレスアップヘルメットマフラーカウルオートバイ二輪車大型バイク中型バイクバイク用品パーツミラーツーリングジャケットタイヤ原付サーキットオフロード【イベント開催中！】LSL レバー アジャスタブルクラッチレバー(ショート) アジャスターカラー：アンスラサイト レバーカラー：シルバー,LSL レバー アジャスタブルクラッチレバー(ショート)。【イベント開催中！】LSL レバー アジャスタブルクラッチレバー(ショート) アジャスターカラー：アンスラサイト レバーカラー：シルバー[rn]
18-31103,http://tshop.r10s.jp/webike-rb/cabinet/img751/22801082_0.jpg?fitin=700:700,10837.6000,,車用品・バイク用品 > バイク用品 > ブレーキ関連パーツ > ブレーキレバー > その他,【イベント開催中！】LSL レバー アジャスタブルクラッチレバー(ショート) アジャスターカラー：ブルー レバーカラー：シルバー,LSL レバー アジャスタブルクラッチレバー(ショート),レバーカラー：アンスラサイト / アジャスターカラー：レッドはこちら<br />レバーカラー：アンスラサイト / アジャスターカラー：アンスラサイトはこちら<br />レバーカラー：アンスラサイト / アジャスターカラー：ブルーはこちら<br />レバーカラー：アンスラサイト / アジャスターカラー：ゴールドはこちら<br />レバーカラー：アンスラサイト / アジャスターカラー：シルバーはこちら<br />レバーカラー：アンスラサイト / アジャスターカラー：ブラックはこちら<br />レバーカラー：ゴールド / アジャスターカラー：レッドはこちら<br />レバーカラー：ゴールド / アジャスターカラー：アンスラサイトはこちら<br />レバーカラー：ゴールド / アジャスターカラー：ブルーはこちら<br />レバーカラー：ゴールド / アジャスターカラー：ゴールドはこちら<br />レバーカラー：ゴールド / アジャスターカラー：シルバーはこちら<br />レバーカラー：ゴールド / アジャスターカラー：ブラックはこちら<br />レバーカラー：シルバー / アジャスターカラー：レッドはこちら<br />レバーカラー：シルバー / アジャスターカラー：アンスラサイトはこちら<br />レバーカラー：シルバー / アジャスターカラー：ゴールドはこちら<br />レバーカラー：シルバー / アジャスターカラー：シルバーはこちら<br />レバーカラー：シルバー / アジャスターカラー：ブラックはこちら<br />レバーカラー：ブラック / アジャスターカラー：レッドはこちら<br />レバーカラー：ブラック / アジャスターカラー：アンスラサイトはこちら<br />レバーカラー：ブラック / アジャスターカラー：ブルーはこちら<br />レバーカラー：ブラック / アジャスターカラー：ゴールドはこちら<br />レバーカラー：ブラック / アジャスターカラー：シルバーはこちら<br />レバーカラー：ブラック / アジャスターカラー：ブラックはこちら<br /><br />※リンク先に商品がない場合、すでに完売している商品となります。予めご了承ください。<br /><br />■商品番号<br>200SL13SI-BL<br><br>■JANコード<br>4548916175956<br><br>■商品概要<br>素材：アルミ<br>レバーサイズ：ショート<br><br>アジャスターカラー：ブルー レバーカラー：シルバー<br><br>■適合車種<br>▼APRILIA<br>DORSODURO1200 [ドルソリューロ](11-) ETV1000 CAPONORD [カポノルド](01-07) RSV1000/MILLE/R [ミレ](01-04) RSV1000SP [ミレ](95-00) SL1000 FALCO [ファルコ](01-05) TUONO1000R [トゥオノ](05-10) <br><br>▼bimota<br>DB5(06-) DB6(06-) 1200 Sport(07-) <br><br>▼DUCATI<br>MONSTER S2R 1000 [モンスター](03-08) MONSTER S4 [モンスター](00-03) MONSTER S4R [モンスター](04-06) MONSTER900 [モンスター](i.E. 00-02) 998(02-03) 998R(02-03) 998S(02-03) 996BIPOSTO[ビポスト](98-01) 996STRADA[ストラーダ](98-01) 996R(98-01) GT1000(07-10) GT1000 Touring[ツーリング](07-10) PAULSMART1000LE [ポールスマート](06-09) SPORT1000S [スポルト](06-09) SPORT1000[スポルト](06-09) ST4(99-03) ST3(04-07) 900SS ie (99-02) SS1000DS(03-06) MULTISTRADA1100 [ムルチストラーダ](07-09) MULTISTRADA1100S [ムルチストラーダ](07-09) MULTISTRADA1000 [ムルチストラーダ](03-06) MULTISTRADA1000S [ムルチストラーダ](03-06) MULTISTRADA1000DS [ムルチストラーダ](03-06) 748BIPOSTO(99-02) 748S(99-02) 748R(99-02) 750SS ie (99-02) 620SPORT [スポルト](03-07) <br><br>■詳細説明<br>形状、質感、造型、最高のパフォーマンスを生み出すために作られたLSLのレバーは、アジャスト機構により手の大きさに合わせ6段階の調節ができます。<br>クラッチレバーは、純正レバーと比較し、手前に4ポジション、奥に1ポジションの設定が可能。<br>ブレーキレバーは、純正レバーに対し、手前に1ポジション、奥に1734ポジションの設定が可能です。<br>アジャスト機構にボールベアリングを採用。ベアリング内部には真鍮を使用し、節度ある動きで確実な操作が可能となります。<br><br><font color=red>■注意点<br>※車種により全てのダイヤル位置がご利用になれない場合があります。<br>※走行中のアジャスト調整は危険です。ご注意ください。<br>※輸入品につき取り寄せに時間の掛かる場合がございます。<br>※アジャスト機構のダイヤル位置 5・6へセッティングし、クラッチレバーを握り切る際、レバーがスイッチボックスに干渉する場合があります。<br>※LSLスタンダードレバーをハンドプロテクター付きの車輌に装着、操作の際、レバーがレバーエンド部プロテクターと干渉する恐れがあります。ショートレバー推奨。</font>,【イベント開催中！】LSL レバー アジャスタブルクラッチレバー(ショート) アジャスターカラー：ブルー レバーカラー：シルバー：ウェビック　楽天市場店,バイクカスタム改造ドレスアップヘルメットマフラーカウルオートバイ二輪車大型バイク中型バイクバイク用品パーツミラーツーリングジャケットタイヤ原付サーキットオフロード【イベント開催中！】LSL レバー アジャスタブルクラッチレバー(ショート) アジャスターカラー：ブルー レバーカラー：シルバー,LSL レバー アジャスタブルクラッチレバー(ショート)。【イベント開催中！】LSL レバー アジャスタブルクラッチレバー(ショート) アジャスターカラー：ブルー レバーカラー：シルバー[rn]
18-31104,http://tshop.r10s.jp/webike-rb/cabinet/img751/22801083_0.jpg?fitin=700:700,10837.6000,,車用品・バイク用品 > バイク用品 > ブレーキ関連パーツ > ブレーキレバー > その他,【イベント開催中！】LSL レバー アジャスタブルクラッチレバー(ショート) アジャスターカラー：ゴールド レバーカラー：シルバー,LSL レバー アジャスタブルクラッチレバー(ショート),レバーカラー：アンスラサイト / アジャスターカラー：レッドはこちら<br />レバーカラー：アンスラサイト / アジャスターカラー：アンスラサイトはこちら<br />レバーカラー：アンスラサイト / アジャスターカラー：ブルーはこちら<br />レバーカラー：アンスラサイト / アジャスターカラー：ゴールドはこちら<br />レバーカラー：アンスラサイト / アジャスターカラー：シルバーはこちら<br />レバーカラー：アンスラサイト / アジャスターカラー：ブラックはこちら<br />レバーカラー：ゴールド / アジャスターカラー：レッドはこちら<br />レバーカラー：ゴールド / アジャスターカラー：アンスラサイトはこちら<br />レバーカラー：ゴールド / アジャスターカラー：ブルーはこちら<br />レバーカラー：ゴールド / アジャスターカラー：ゴールドはこちら<br />レバーカラー：ゴールド / アジャスターカラー：シルバーはこちら<br />レバーカラー：ゴールド / アジャスターカラー：ブラックはこちら<br />レバーカラー：シルバー / アジャスターカラー：レッドはこちら<br />レバーカラー：シルバー / アジャスターカラー：アンスラサイトはこちら<br />レバーカラー：シルバー / アジャスターカラー：ブルーはこちら<br />レバーカラー：シルバー / アジャスターカラー：シルバーはこちら<br />レバーカラー：シルバー / アジャスターカラー：ブラックはこちら<br />レバーカラー：ブラック / アジャスターカラー：レッドはこちら<br />レバーカラー：ブラック / アジャスターカラー：アンスラサイトはこちら<br />レバーカラー：ブラック / アジャスターカラー：ブルーはこちら<br />レバーカラー：ブラック / アジャスターカラー：ゴールドはこちら<br />レバーカラー：ブラック / アジャスターカラー：シルバーはこちら<br />レバーカラー：ブラック / アジャスターカラー：ブラックはこちら<br /><br />※リンク先に商品がない場合、すでに完売している商品となります。予めご了承ください。<br /><br />■商品番号<br>200SL13SI-GO<br><br>■JANコード<br>4548916172450<br><br>■商品概要<br>素材：アルミ<br>レバーサイズ：ショート<br><br>レバーカラー：シルバー アジャスターカラー：ゴールド<br><br>■適合車種<br>▼APRILIA<br>DORSODURO1200 [ドルソリューロ](11-) ETV1000 CAPONORD [カポノルド](01-07) RSV1000/MILLE/R [ミレ](01-04) RSV1000SP [ミレ](95-00) SL1000 FALCO [ファルコ](01-05) TUONO1000R [トゥオノ](05-10) <br><br>▼bimota<br>DB5(06-) DB6(06-) 1200 Sport(07-) <br><br>▼DUCATI<br>MONSTER S2R 1000 [モンスター](03-08) MONSTER S4 [モンスター](00-03) MONSTER S4R [モンスター](04-06) MONSTER900 [モンスター](i.E. 00-02) 998(02-03) 998R(02-03) 998S(02-03) 996BIPOSTO[ビポスト](98-01) 996STRADA[ストラーダ](98-01) 996R(98-01) GT1000(07-10) GT1000 Touring[ツーリング](07-10) PAULSMART1000LE [ポールスマート](06-09) SPORT1000S [スポルト](06-09) SPORT1000[スポルト](06-09) ST4(99-03) ST3(04-07) 900SS ie (99-02) SS1000DS(03-06) MULTISTRADA1100 [ムルチストラーダ](07-09) MULTISTRADA1100S [ムルチストラーダ](07-09) MULTISTRADA1000 [ムルチストラーダ](03-06) MULTISTRADA1000S [ムルチストラーダ](03-06) MULTISTRADA1000DS [ムルチストラーダ](03-06) 748BIPOSTO(99-02) 748S(99-02) 748R(99-02) 750SS ie (99-02) 620SPORT [スポルト](03-07) <br><br>■詳細説明<br>形状、質感、造型、最高のパフォーマンスを生み出すために作られたLSLのレバーは、アジャスト機構により手の大きさに合わせ6段階の調節ができます。<br>クラッチレバーは、純正レバーと比較し、手前に4ポジション、奥に1ポジションの設定が可能。<br>ブレーキレバーは、純正レバーに対し、手前に1ポジション、奥に1735ポジションの設定が可能です。<br>アジャスト機構にボールベアリングを採用。ベアリング内部には真鍮を使用し、節度ある動きで確実な操作が可能となります。<br><br><font color=red>■注意点<br>※車種により全てのダイヤル位置がご利用になれない場合があります。<br>※走行中のアジャスト調整は危険です。ご注意ください。<br>※輸入品につき取り寄せに時間の掛かる場合がございます。<br>※アジャスト機構のダイヤル位置 5・6へセッティングし、クラッチレバーを握り切る際、レバーがスイッチボックスに干渉する場合があります。<br>※LSLスタンダードレバーをハンドプロテクター付きの車輌に装着、操作の際、レバーがレバーエンド部プロテクターと干渉する恐れがあります。ショートレバー推奨。</font>,【イベント開催中！】LSL レバー アジャスタブルクラッチレバー(ショート) アジャスターカラー：ゴールド レバーカラー：シルバー：ウェビック　楽天市場店,バイクカスタム改造ドレスアップヘルメットマフラーカウルオートバイ二輪車大型バイク中型バイクバイク用品パーツミラーツーリングジャケットタイヤ原付サーキットオフロード【イベント開催中！】LSL レバー アジャスタブルクラッチレバー(ショート) アジャスターカラー：ゴールド レバーカラー：シルバー,LSL レバー アジャスタブルクラッチレバー(ショート)。【イベント開催中！】LSL レバー アジャスタブルクラッチレバー(ショート) アジャスターカラー：ゴールド レバーカラー：シルバー[rn]
18-31105,http://tshop.r10s.jp/webike-rb/cabinet/img751/22801084_0.jpg?fitin=700:700,10837.6000,,車用品・バイク用品 > バイク用品 > ブレーキ関連パーツ > ブレーキレバー > その他,【イベント開催中！】LSL レバー アジャスタブルクラッチレバー(ショート) アジャスターカラー：シルバー レバーカラー：シルバー,LSL レバー アジャスタブルクラッチレバー(ショート),レバーカラー：アンスラサイト / アジャスターカラー：レッドはこちら<br />レバーカラー：アンスラサイト / アジャスターカラー：アンスラサイトはこちら<br />レバーカラー：アンスラサイト / アジャスターカラー：ブルーはこちら<br />レバーカラー：アンスラサイト / アジャスターカラー：ゴールドはこちら<br />レバーカラー：アンスラサイト / アジャスターカラー：シルバーはこちら<br />レバーカラー：アンスラサイト / アジャスターカラー：ブラックはこちら<br />レバーカラー：ゴールド / アジャスターカラー：レッドはこちら<br />レバーカラー：ゴールド / アジャスターカラー：アンスラサイトはこちら<br />レバーカラー：ゴールド / アジャスターカラー：ブルーはこちら<br />レバーカラー：ゴールド / アジャスターカラー：ゴールドはこちら<br />レバーカラー：ゴールド / アジャスターカラー：シルバーはこちら<br />レバーカラー：ゴールド / アジャスターカラー：ブラックはこちら<br />レバーカラー：シルバー / アジャスターカラー：レッドはこちら<br />レバーカラー：シルバー / アジャスターカラー：アンスラサイトはこちら<br />レバーカラー：シルバー / アジャスターカラー：ブルーはこちら<br />レバーカラー：シルバー / アジャスターカラー：ゴールドはこちら<br />レバーカラー：シルバー / アジャスターカラー：ブラックはこちら<br />レバーカラー：ブラック / アジャスターカラー：レッドはこちら<br />レバーカラー：ブラック / アジャスターカラー：アンスラサイトはこちら<br />レバーカラー：ブラック / アジャスターカラー：ブルーはこちら<br />レバーカラー：ブラック / アジャスターカラー：ゴールドはこちら<br />レバーカラー：ブラック / アジャスターカラー：シルバーはこちら<br />レバーカラー：ブラック / アジャスターカラー：ブラックはこちら<br /><br />※リンク先に商品がない場合、すでに完売している商品となります。予めご了承ください。<br /><br />■商品番号<br>200SL13SI-SI<br><br>■JANコード<br>4548916171118<br><br>■商品概要<br>素材：アルミ<br>レバーサイズ：ショート<br><br>アジャスターカラー：シルバー レバーカラー：シルバー<br><br>■適合車種<br>▼APRILIA<br>DORSODURO1200 [ドルソリューロ](11-) ETV1000 CAPONORD [カポノルド](01-07) RSV1000/MILLE/R [ミレ](01-04) RSV1000SP [ミレ](95-00) SL1000 FALCO [ファルコ](01-05) TUONO1000R [トゥオノ](05-10) <br><br>▼bimota<br>DB5(06-) DB6(06-) 1200 Sport(07-) <br><br>▼DUCATI<br>MONSTER S2R 1000 [モンスター](03-08) MONSTER S4 [モンスター](00-03) MONSTER S4R [モンスター](04-06) MONSTER900 [モンスター](i.E. 00-02) 998(02-03) 998R(02-03) 998S(02-03) 996BIPOSTO[ビポスト](98-01) 996STRADA[ストラーダ](98-01) 996R(98-01) GT1000(07-10) GT1000 Touring[ツーリング](07-10) PAULSMART1000LE [ポールスマート](06-09) SPORT1000S [スポルト](06-09) SPORT1000[スポルト](06-09) ST4(99-03) ST3(04-07) 900SS ie (99-02) SS1000DS(03-06) MULTISTRADA1100 [ムルチストラーダ](07-09) MULTISTRADA1100S [ムルチストラーダ](07-09) MULTISTRADA1000 [ムルチストラーダ](03-06) MULTISTRADA1000S [ムルチストラーダ](03-06) MULTISTRADA1000DS [ムルチストラーダ](03-06) 748BIPOSTO(99-02) 748S(99-02) 748R(99-02) 750SS ie (99-02) 620SPORT [スポルト](03-07) <br><br>■詳細説明<br>形状、質感、造型、最高のパフォーマンスを生み出すために作られたLSLのレバーは、アジャスト機構により手の大きさに合わせ6段階の調節ができます。<br>クラッチレバーは、純正レバーと比較し、手前に4ポジション、奥に1ポジションの設定が可能。<br>ブレーキレバーは、純正レバーに対し、手前に1ポジション、奥に1736ポジションの設定が可能です。<br>アジャスト機構にボールベアリングを採用。ベアリング内部には真鍮を使用し、節度ある動きで確実な操作が可能となります。<br><br><font color=red>■注意点<br>※車種により全てのダイヤル位置がご利用になれない場合があります。<br>※走行中のアジャスト調整は危険です。ご注意ください。<br>※輸入品につき取り寄せに時間の掛かる場合がございます。<br>※アジャスト機構のダイヤル位置 5・6へセッティングし、クラッチレバーを握り切る際、レバーがスイッチボックスに干渉する場合があります。<br>※LSLスタンダードレバーをハンドプロテクター付きの車輌に装着、操作の際、レバーがレバーエンド部プロテクターと干渉する恐れがあります。ショートレバー推奨。</font>,【イベント開催中！】LSL レバー アジャスタブルクラッチレバー(ショート) アジャスターカラー：シルバー レバーカラー：シルバー：ウェビック　楽天市場店,バイクカスタム改造ドレスアップヘルメットマフラーカウルオートバイ二輪車大型バイク中型バイクバイク用品パーツミラーツーリングジャケットタイヤ原付サーキットオフロード【イベント開催中！】LSL レバー アジャスタブルクラッチレバー(ショート) アジャスターカラー：シルバー レバーカラー：シルバー,LSL レバー アジャスタブルクラッチレバー(ショート)。【イベント開催中！】LSL レバー アジャスタブルクラッチレバー(ショート) アジャスターカラー：シルバー レバーカラー：シルバー[rn]
18-31106,http://tshop.r10s.jp/webike-rb/cabinet/img751/22801085_0.jpg?fitin=700:700,10837.6000,,車用品・バイク用品 > バイク用品 > ブレーキ関連パーツ > ブレーキレバー > その他,【イベント開催中！】LSL レバー アジャスタブルクラッチレバー(ショート) アジャスターカラー：ブラック レバーカラー：シルバー,LSL レバー アジャスタブルクラッチレバー(ショート),レバーカラー：アンスラサイト / アジャスターカラー：レッドはこちら<br />レバーカラー：アンスラサイト / アジャスターカラー：アンスラサイトはこちら<br />レバーカラー：アンスラサイト / アジャスターカラー：ブルーはこちら<br />レバーカラー：アンスラサイト / アジャスターカラー：ゴールドはこちら<br />レバーカラー：アンスラサイト / アジャスターカラー：シルバーはこちら<br />レバーカラー：アンスラサイト / アジャスターカラー：ブラックはこちら<br />レバーカラー：ゴールド / アジャスターカラー：レッドはこちら<br />レバーカラー：ゴールド / アジャスターカラー：アンスラサイトはこちら<br />レバーカラー：ゴールド / アジャスターカラー：ブルーはこちら<br />レバーカラー：ゴールド / アジャスターカラー：ゴールドはこちら<br />レバーカラー：ゴールド / アジャスターカラー：シルバーはこちら<br />レバーカラー：ゴールド / アジャスターカラー：ブラックはこちら<br />レバーカラー：シルバー / アジャスターカラー：レッドはこちら<br />レバーカラー：シルバー / アジャスターカラー：アンスラサイトはこちら<br />レバーカラー：シルバー / アジャスターカラー：ブルーはこちら<br />レバーカラー：シルバー / アジャスターカラー：ゴールドはこちら<br />レバーカラー：シルバー / アジャスターカラー：シルバーはこちら<br />レバーカラー：ブラック / アジャスターカラー：レッドはこちら<br />レバーカラー：ブラック / アジャスターカラー：アンスラサイトはこちら<br />レバーカラー：ブラック / アジャスターカラー：ブルーはこちら<br />レバーカラー：ブラック / アジャスターカラー：ゴールドはこちら<br />レバーカラー：ブラック / アジャスターカラー：シルバーはこちら<br />レバーカラー：ブラック / アジャスターカラー：ブラックはこちら<br /><br />※リンク先に商品がない場合、すでに完売している商品となります。予めご了承ください。<br /><br />■商品番号<br>200SL13SI-SW<br><br>■JANコード<br>4548916168446<br><br>■商品概要<br>素材：アルミ<br>レバーサイズ：ショート<br><br>アジャスターカラー：ブラック レバーカラー：シルバー<br><br>■適合車種<br>▼APRILIA<br>DORSODURO1200 [ドルソリューロ](11-) ETV1000 CAPONORD [カポノルド](01-07) RSV1000/MILLE/R [ミレ](01-04) RSV1000SP [ミレ](95-00) SL1000 FALCO [ファルコ](01-05) TUONO1000R [トゥオノ](05-10) <br><br>▼bimota<br>DB5(06-) DB6(06-) 1200 Sport(07-) <br><br>▼DUCATI<br>MONSTER S2R 1000 [モンスター](03-08) MONSTER S4 [モンスター](00-03) MONSTER S4R [モンスター](04-06) MONSTER900 [モンスター](i.E. 00-02) 998(02-03) 998R(02-03) 998S(02-03) 996BIPOSTO[ビポスト](98-01) 996STRADA[ストラーダ](98-01) 996R(98-01) GT1000(07-10) GT1000 Touring[ツーリング](07-10) PAULSMART1000LE [ポールスマート](06-09) SPORT1000S [スポルト](06-09) SPORT1000[スポルト](06-09) ST4(99-03) ST3(04-07) 900SS ie (99-02) SS1000DS(03-06) MULTISTRADA1100 [ムルチストラーダ](07-09) MULTISTRADA1100S [ムルチストラーダ](07-09) MULTISTRADA1000 [ムルチストラーダ](03-06) MULTISTRADA1000S [ムルチストラーダ](03-06) MULTISTRADA1000DS [ムルチストラーダ](03-06) 748BIPOSTO(99-02) 748S(99-02) 748R(99-02) 750SS ie (99-02) 620SPORT [スポルト](03-07) <br><br>■詳細説明<br>形状、質感、造型、最高のパフォーマンスを生み出すために作られたLSLのレバーは、アジャスト機構により手の大きさに合わせ6段階の調節ができます。<br>クラッチレバーは、純正レバーと比較し、手前に4ポジション、奥に1ポジションの設定が可能。<br>ブレーキレバーは、純正レバーに対し、手前に1ポジション、奥に1737ポジションの設定が可能です。<br>アジャスト機構にボールベアリングを採用。ベアリング内部には真鍮を使用し、節度ある動きで確実な操作が可能となります。<br><br><font color=red>■注意点<br>※車種により全てのダイヤル位置がご利用になれない場合があります。<br>※走行中のアジャスト調整は危険です。ご注意ください。<br>※輸入品につき取り寄せに時間の掛かる場合がございます。<br>※アジャスト機構のダイヤル位置 5・6へセッティングし、クラッチレバーを握り切る際、レバーがスイッチボックスに干渉する場合があります。<br>※LSLスタンダードレバーをハンドプロテクター付きの車輌に装着、操作の際、レバーがレバーエンド部プロテクターと干渉する恐れがあります。ショートレバー推奨。</font>,【イベント開催中！】LSL レバー アジャスタブルクラッチレバー(ショート) アジャスターカラー：ブラック レバーカラー：シルバー：ウェビック　楽天市場店,バイクカスタム改造ドレスアップヘルメットマフラーカウルオートバイ二輪車大型バイク中型バイクバイク用品パーツミラーツーリングジャケットタイヤ原付サーキットオフロード【イベント開催中！】LSL レバー アジャスタブルクラッチレバー(ショート) アジャスターカラー：ブラック レバーカラー：シルバー,LSL レバー アジャスタブルクラッチレバー(ショート)。【イベント開催中！】LSL レバー アジャスタブルクラッチレバー(ショート) アジャスターカラー：ブラック レバーカラー：シルバー[rn]
18-31107,http://tshop.r10s.jp/webike-rb/cabinet/img751/22801086_0.jpg?fitin=700:700,10837.6000,,車用品・バイク用品 > バイク用品 > ブレーキ関連パーツ > ブレーキレバー > その他,【イベント開催中！】LSL レバー アジャスタブルクラッチレバー(ショート) アジャスターカラー：レッド レバーカラー：ブラック,LSL レバー アジャスタブルクラッチレバー(ショート),レバーカラー：アンスラサイト / アジャスターカラー：レッドはこちら<br />レバーカラー：アンスラサイト / アジャスターカラー：アンスラサイトはこちら<br />レバーカラー：アンスラサイト / アジャスターカラー：ブルーはこちら<br />レバーカラー：アンスラサイト / アジャスターカラー：ゴールドはこちら<br />レバーカラー：アンスラサイト / アジャスターカラー：シルバーはこちら<br />レバーカラー：アンスラサイト / アジャスターカラー：ブラックはこちら<br />レバーカラー：ゴールド / アジャスターカラー：レッドはこちら<br />レバーカラー：ゴールド / アジャスターカラー：アンスラサイトはこちら<br />レバーカラー：ゴールド / アジャスターカラー：ブルーはこちら<br />レバーカラー：ゴールド / アジャスターカラー：ゴールドはこちら<br />レバーカラー：ゴールド / アジャスターカラー：シルバーはこちら<br />レバーカラー：ゴールド / アジャスターカラー：ブラックはこちら<br />レバーカラー：シルバー / アジャスターカラー：レッドはこちら<br />レバーカラー：シルバー / アジャスターカラー：アンスラサイトはこちら<br />レバーカラー：シルバー / アジャスターカラー：ブルーはこちら<br />レバーカラー：シルバー / アジャスターカラー：ゴールドはこちら<br />レバーカラー：シルバー / アジャスターカラー：シルバーはこちら<br />レバーカラー：シルバー / アジャスターカラー：ブラックはこちら<br />レバーカラー：ブラック / アジャスターカラー：アンスラサイトはこちら<br />レバーカラー：ブラック / アジャスターカラー：ブルーはこちら<br />レバーカラー：ブラック / アジャスターカラー：ゴールドはこちら<br />レバーカラー：ブラック / アジャスターカラー：シルバーはこちら<br />レバーカラー：ブラック / アジャスターカラー：ブラックはこちら<br /><br />※リンク先に商品がない場合、すでに完売している商品となります。予めご了承ください。<br /><br />■商品番号<br>200SL13SW<br><br>■JANコード<br>4548664247400<br><br>■商品概要<br>素材：アルミ<br>レバーサイズ：ショート<br><br>アジャスターカラー：レッド レバーカラー：ブラック<br><br>■適合車種<br>▼APRILIA<br>DORSODURO1200 [ドルソリューロ](11-) ETV1000 CAPONORD [カポノルド](01-07) RSV1000/MILLE/R [ミレ](01-04) RSV1000SP [ミレ](95-00) SL1000 FALCO [ファルコ](01-05) TUONO1000R [トゥオノ](05-10) <br><br>▼bimota<br>DB5(06-) DB6(06-) 1200 Sport(07-) <br><br>▼DUCATI<br>MONSTER S2R 1000 [モンスター](03-08) MONSTER S4 [モンスター](00-03) MONSTER S4R [モンスター](04-06) MONSTER900 [モンスター](i.E. 00-02) 998(02-03) 998R(02-03) 998S(02-03) 996BIPOSTO[ビポスト](98-01) 996STRADA[ストラーダ](98-01) 996R(98-01) GT1000(07-10) GT1000 Touring[ツーリング](07-10) PAULSMART1000LE [ポールスマート](06-09) SPORT1000S [スポルト](06-09) SPORT1000[スポルト](06-09) ST4(99-03) ST3(04-07) 900SS ie (99-02) SS1000DS(03-06) MULTISTRADA1100 [ムルチストラーダ](07-09) MULTISTRADA1100S [ムルチストラーダ](07-09) MULTISTRADA1000 [ムルチストラーダ](03-06) MULTISTRADA1000S [ムルチストラーダ](03-06) MULTISTRADA1000DS [ムルチストラーダ](03-06) 748BIPOSTO(99-02) 748S(99-02) 748R(99-02) 750SS ie (99-02) 620SPORT [スポルト](03-07) <br><br>■詳細説明<br>形状、質感、造型、最高のパフォーマンスを生み出すために作られたLSLのレバーは、アジャスト機構により手の大きさに合わせ6段階の調節ができます。<br>クラッチレバーは、純正レバーと比較し、手前に4ポジション、奥に1ポジションの設定が可能。<br>ブレーキレバーは、純正レバーに対し、手前に1ポジション、奥に1738ポジションの設定が可能です。<br>アジャスト機構にボールベアリングを採用。ベアリング内部には真鍮を使用し、節度ある動きで確実な操作が可能となります。<br><br><font color=red>■注意点<br>※車種により全てのダイヤル位置がご利用になれない場合があります。<br>※走行中のアジャスト調整は危険です。ご注意ください。<br>※輸入品につき取り寄せに時間の掛かる場合がございます。<br>※アジャスト機構のダイヤル位置 5・6へセッティングし、クラッチレバーを握り切る際、レバーがスイッチボックスに干渉する場合があります。<br>※LSLスタンダードレバーをハンドプロテクター付きの車輌に装着、操作の際、レバーがレバーエンド部プロテクターと干渉する恐れがあります。ショートレバー推奨。</font>,【イベント開催中！】LSL レバー アジャスタブルクラッチレバー(ショート) アジャスターカラー：レッド レバーカラー：ブラック：ウェビック　楽天市場店,バイクカスタム改造ドレスアップヘルメットマフラーカウルオートバイ二輪車大型バイク中型バイクバイク用品パーツミラーツーリングジャケットタイヤ原付サーキットオフロード【イベント開催中！】LSL レバー アジャスタブルクラッチレバー(ショート) アジャスターカラー：レッド レバーカラー：ブラック,LSL レバー アジャスタブルクラッチレバー(ショート)。【イベント開催中！】LSL レバー アジャスタブルクラッチレバー(ショート) アジャスターカラー：レッド レバーカラー：ブラック[rn]
18-31108,http://tshop.r10s.jp/webike-rb/cabinet/img751/22801087_0.jpg?fitin=700:700,10837.6000,,車用品・バイク用品 > バイク用品 > ブレーキ関連パーツ > ブレーキレバー > その他,【イベント開催中！】LSL レバー アジャスタブルクラッチレバー(ショート) アジャスターカラー：アンスラサイト レバーカラー：ブラック,LSL レバー アジャスタブルクラッチレバー(ショート),レバーカラー：アンスラサイト / アジャスターカラー：レッドはこちら<br />レバーカラー：アンスラサイト / アジャスターカラー：アンスラサイトはこちら<br />レバーカラー：アンスラサイト / アジャスターカラー：ブルーはこちら<br />レバーカラー：アンスラサイト / アジャスターカラー：ゴールドはこちら<br />レバーカラー：アンスラサイト / アジャスターカラー：シルバーはこちら<br />レバーカラー：アンスラサイト / アジャスターカラー：ブラックはこちら<br />レバーカラー：ゴールド / アジャスターカラー：レッドはこちら<br />レバーカラー：ゴールド / アジャスターカラー：アンスラサイトはこちら<br />レバーカラー：ゴールド / アジャスターカラー：ブルーはこちら<br />レバーカラー：ゴールド / アジャスターカラー：ゴールドはこちら<br />レバーカラー：ゴールド / アジャスターカラー：シルバーはこちら<br />レバーカラー：ゴールド / アジャスターカラー：ブラックはこちら<br />レバーカラー：シルバー / アジャスターカラー：レッドはこちら<br />レバーカラー：シルバー / アジャスターカラー：アンスラサイトはこちら<br />レバーカラー：シルバー / アジャスターカラー：ブルーはこちら<br />レバーカラー：シルバー / アジャスターカラー：ゴールドはこちら<br />レバーカラー：シルバー / アジャスターカラー：シルバーはこちら<br />レバーカラー：シルバー / アジャスターカラー：ブラックはこちら<br />レバーカラー：ブラック / アジャスターカラー：レッドはこちら<br />レバーカラー：ブラック / アジャスターカラー：ブルーはこちら<br />レバーカラー：ブラック / アジャスターカラー：ゴールドはこちら<br />レバーカラー：ブラック / アジャスターカラー：シルバーはこちら<br />レバーカラー：ブラック / アジャスターカラー：ブラックはこちら<br /><br />※リンク先に商品がない場合、すでに完売している商品となります。予めご了承ください。<br /><br />■商品番号<br>200SL13SW-AN<br><br>■JANコード<br>4548916169122<br><br>■商品概要<br>素材：アルミ<br>レバーサイズ：ショート<br><br>アジャスターカラー：アンスラサイト レバーカラー：ブラック<br><br>■適合車種<br>▼APRILIA<br>DORSODURO1200 [ドルソリューロ](11-) ETV1000 CAPONORD [カポノルド](01-07) RSV1000/MILLE/R [ミレ](01-04) RSV1000SP [ミレ](95-00) SL1000 FALCO [ファルコ](01-05) TUONO1000R [トゥオノ](05-10) <br><br>▼bimota<br>DB5(06-) DB6(06-) 1200 Sport(07-) <br><br>▼DUCATI<br>MONSTER S2R 1000 [モンスター](03-08) MONSTER S4 [モンスター](00-03) MONSTER S4R [モンスター](04-06) MONSTER900 [モンスター](i.E. 00-02) 998(02-03) 998R(02-03) 998S(02-03) 996BIPOSTO[ビポスト](98-01) 996STRADA[ストラーダ](98-01) 996R(98-01) GT1000(07-10) GT1000 Touring[ツーリング](07-10) PAULSMART1000LE [ポールスマート](06-09) SPORT1000S [スポルト](06-09) SPORT1000[スポルト](06-09) ST4(99-03) ST3(04-07) 900SS ie (99-02) SS1000DS(03-06) MULTISTRADA1100 [ムルチストラーダ](07-09) MULTISTRADA1100S [ムルチストラーダ](07-09) MULTISTRADA1000 [ムルチストラーダ](03-06) MULTISTRADA1000S [ムルチストラーダ](03-06) MULTISTRADA1000DS [ムルチストラーダ](03-06) 748BIPOSTO(99-02) 748S(99-02) 748R(99-02) 750SS ie (99-02) 620SPORT [スポルト](03-07) <br><br>■詳細説明<br>形状、質感、造型、最高のパフォーマンスを生み出すために作られたLSLのレバーは、アジャスト機構により手の大きさに合わせ6段階の調節ができます。<br>クラッチレバーは、純正レバーと比較し、手前に4ポジション、奥に1ポジションの設定が可能。<br>ブレーキレバーは、純正レバーに対し、手前に1ポジション、奥に1739ポジションの設定が可能です。<br>アジャスト機構にボールベアリングを採用。ベアリング内部には真鍮を使用し、節度ある動きで確実な操作が可能となります。<br><br><font color=red>■注意点<br>※車種により全てのダイヤル位置がご利用になれない場合があります。<br>※走行中のアジャスト調整は危険です。ご注意ください。<br>※輸入品につき取り寄せに時間の掛かる場合がございます。<br>※アジャスト機構のダイヤル位置 5・6へセッティングし、クラッチレバーを握り切る際、レバーがスイッチボックスに干渉する場合があります。<br>※LSLスタンダードレバーをハンドプロテクター付きの車輌に装着、操作の際、レバーがレバーエンド部プロテクターと干渉する恐れがあります。ショートレバー推奨。</font>,【イベント開催中！】LSL レバー アジャスタブルクラッチレバー(ショート) アジャスターカラー：アンスラサイト レバーカラー：ブラック：ウェビック　楽天市場店,バイクカスタム改造ドレスアップヘルメットマフラーカウルオートバイ二輪車大型バイク中型バイクバイク用品パーツミラーツーリングジャケットタイヤ原付サーキットオフロード【イベント開催中！】LSL レバー アジャスタブルクラッチレバー(ショート) アジャスターカラー：アンスラサイト レバーカラー：ブラック,LSL レバー アジャスタブルクラッチレバー(ショート)。【イベント開催中！】LSL レバー アジャスタブルクラッチレバー(ショート) アジャスターカラー：アンスラサイト レバーカラー：ブラック[rn]
18-31109,http://tshop.r10s.jp/webike-rb/cabinet/img751/22801088_0.jpg?fitin=700:700,10837.6000,,車用品・バイク用品 > バイク用品 > ブレーキ関連パーツ > ブレーキレバー > その他,【イベント開催中！】LSL レバー アジャスタブルクラッチレバー(ショート) アジャスターカラー：ブルー レバーカラー：ブラック,LSL レバー アジャスタブルクラッチレバー(ショート),レバーカラー：アンスラサイト / アジャスターカラー：レッドはこちら<br />レバーカラー：アンスラサイト / アジャスターカラー：アンスラサイトはこちら<br />レバーカラー：アンスラサイト / アジャスターカラー：ブルーはこちら<br />レバーカラー：アンスラサイト / アジャスターカラー：ゴールドはこちら<br />レバーカラー：アンスラサイト / アジャスターカラー：シルバーはこちら<br />レバーカラー：アンスラサイト / アジャスターカラー：ブラックはこちら<br />レバーカラー：ゴールド / アジャスターカラー：レッドはこちら<br />レバーカラー：ゴールド / アジャスターカラー：アンスラサイトはこちら<br />レバーカラー：ゴールド / アジャスターカラー：ブルーはこちら<br />レバーカラー：ゴールド / アジャスターカラー：ゴールドはこちら<br />レバーカラー：ゴールド / アジャスターカラー：シルバーはこちら<br />レバーカラー：ゴールド / アジャスターカラー：ブラックはこちら<br />レバーカラー：シルバー / アジャスターカラー：レッドはこちら<br />レバーカラー：シルバー / アジャスターカラー：アンスラサイトはこちら<br />レバーカラー：シルバー / アジャスターカラー：ブルーはこちら<br />レバーカラー：シルバー / アジャスターカラー：ゴールドはこちら<br />レバーカラー：シルバー / アジャスターカラー：シルバーはこちら<br />レバーカラー：シルバー / アジャスターカラー：ブラックはこちら<br />レバーカラー：ブラック / アジャスターカラー：レッドはこちら<br />レバーカラー：ブラック / アジャスターカラー：アンスラサイトはこちら<br />レバーカラー：ブラック / アジャスターカラー：ゴールドはこちら<br />レバーカラー：ブラック / アジャスターカラー：シルバーはこちら<br />レバーカラー：ブラック / アジャスターカラー：ブラックはこちら<br /><br />※リンク先に商品がない場合、すでに完売している商品となります。予めご了承ください。<br /><br />■商品番号<br>200SL13SW-BL<br><br>■JANコード<br>4548916176649<br><br>■商品概要<br>素材：アルミ<br>レバーサイズ：ショート<br><br>アジャスターカラー：ブルー レバーカラー：ブラック<br><br>■適合車種<br>▼APRILIA<br>DORSODURO1200 [ドルソリューロ](11-) ETV1000 CAPONORD [カポノルド](01-07) RSV1000/MILLE/R [ミレ](01-04) RSV1000SP [ミレ](95-00) SL1000 FALCO [ファルコ](01-05) TUONO1000R [トゥオノ](05-10) <br><br>▼bimota<br>DB5(06-) DB6(06-) 1200 Sport(07-) <br><br>▼DUCATI<br>MONSTER S2R 1000 [モンスター](03-08) MONSTER S4 [モンスター](00-03) MONSTER S4R [モンスター](04-06) MONSTER900 [モンスター](i.E. 00-02) 998(02-03) 998R(02-03) 998S(02-03) 996BIPOSTO[ビポスト](98-01) 996STRADA[ストラーダ](98-01) 996R(98-01) GT1000(07-10) GT1000 Touring[ツーリング](07-10) PAULSMART1000LE [ポールスマート](06-09) SPORT1000S [スポルト](06-09) SPORT1000[スポルト](06-09) ST4(99-03) ST3(04-07) 900SS ie (99-02) SS1000DS(03-06) MULTISTRADA1100 [ムルチストラーダ](07-09) MULTISTRADA1100S [ムルチストラーダ](07-09) MULTISTRADA1000 [ムルチストラーダ](03-06) MULTISTRADA1000S [ムルチストラーダ](03-06) MULTISTRADA1000DS [ムルチストラーダ](03-06) 748BIPOSTO(99-02) 748S(99-02) 748R(99-02) 750SS ie (99-02) 620SPORT [スポルト](03-07) <br><br>■詳細説明<br>形状、質感、造型、最高のパフォーマンスを生み出すために作られたLSLのレバーは、アジャスト機構により手の大きさに合わせ6段階の調節ができます。<br>クラッチレバーは、純正レバーと比較し、手前に4ポジション、奥に1ポジションの設定が可能。<br>ブレーキレバーは、純正レバーに対し、手前に1ポジション、奥に1740ポジションの設定が可能です。<br>アジャスト機構にボールベアリングを採用。ベアリング内部には真鍮を使用し、節度ある動きで確実な操作が可能となります。<br><br><font color=red>■注意点<br>※車種により全てのダイヤル位置がご利用になれない場合があります。<br>※走行中のアジャスト調整は危険です。ご注意ください。<br>※輸入品につき取り寄せに時間の掛かる場合がございます。<br>※アジャスト機構のダイヤル位置 5・6へセッティングし、クラッチレバーを握り切る際、レバーがスイッチボックスに干渉する場合があります。<br>※LSLスタンダードレバーをハンドプロテクター付きの車輌に装着、操作の際、レバーがレバーエンド部プロテクターと干渉する恐れがあります。ショートレバー推奨。</font>,【イベント開催中！】LSL レバー アジャスタブルクラッチレバー(ショート) アジャスターカラー：ブルー レバーカラー：ブラック：ウェビック　楽天市場店,バイクカスタム改造ドレスアップヘルメットマフラーカウルオートバイ二輪車大型バイク中型バイクバイク用品パーツミラーツーリングジャケットタイヤ原付サーキットオフロード【イベント開催中！】LSL レバー アジャスタブルクラッチレバー(ショート) アジャスターカラー：ブルー レバーカラー：ブラック,LSL レバー アジャスタブルクラッチレバー(ショート)。【イベント開催中！】LSL レバー アジャスタブルクラッチレバー(ショート) アジャスターカラー：ブルー レバーカラー：ブラック[rn]
18-31110,http://tshop.r10s.jp/webike-rb/cabinet/img751/22801089_0.jpg?fitin=700:700,10837.6000,,車用品・バイク用品 > バイク用品 > ブレーキ関連パーツ > ブレーキレバー > その他,【イベント開催中！】LSL レバー アジャスタブルクラッチレバー(ショート) アジャスターカラー：ゴールド レバーカラー：ブラック,LSL レバー アジャスタブルクラッチレバー(ショート),レバーカラー：アンスラサイト / アジャスターカラー：レッドはこちら<br />レバーカラー：アンスラサイト / アジャスターカラー：アンスラサイトはこちら<br />レバーカラー：アンスラサイト / アジャスターカラー：ブルーはこちら<br />レバーカラー：アンスラサイト / アジャスターカラー：ゴールドはこちら<br />レバーカラー：アンスラサイト / アジャスターカラー：シルバーはこちら<br />レバーカラー：アンスラサイト / アジャスターカラー：ブラックはこちら<br />レバーカラー：ゴールド / アジャスターカラー：レッドはこちら<br />レバーカラー：ゴールド / アジャスターカラー：アンスラサイトはこちら<br />レバーカラー：ゴールド / アジャスターカラー：ブルーはこちら<br />レバーカラー：ゴールド / アジャスターカラー：ゴールドはこちら<br />レバーカラー：ゴールド / アジャスターカラー：シルバーはこちら<br />レバーカラー：ゴールド / アジャスターカラー：ブラックはこちら<br />レバーカラー：シルバー / アジャスターカラー：レッドはこちら<br />レバーカラー：シルバー / アジャスターカラー：アンスラサイトはこちら<br />レバーカラー：シルバー / アジャスターカラー：ブルーはこちら<br />レバーカラー：シルバー / アジャスターカラー：ゴールドはこちら<br />レバーカラー：シルバー / アジャスターカラー：シルバーはこちら<br />レバーカラー：シルバー / アジャスターカラー：ブラックはこちら<br />レバーカラー：ブラック / アジャスターカラー：レッドはこちら<br />レバーカラー：ブラック / アジャスターカラー：アンスラサイトはこちら<br />レバーカラー：ブラック / アジャスターカラー：ブルーはこちら<br />レバーカラー：ブラック / アジャスターカラー：シルバーはこちら<br />レバーカラー：ブラック / アジャスターカラー：ブラックはこちら<br /><br />※リンク先に商品がない場合、すでに完売している商品となります。予めご了承ください。<br /><br />■商品番号<br>200SL13SW-GO<br><br>■JANコード<br>4548916166442<br><br>■商品概要<br>素材：アルミ<br>レバーサイズ：ショート<br><br>アジャスターカラー：ゴールド レバーカラー：ブラック<br><br>■適合車種<br>▼APRILIA<br>DORSODURO1200 [ドルソリューロ](11-) ETV1000 CAPONORD [カポノルド](01-07) RSV1000/MILLE/R [ミレ](01-04) RSV1000SP [ミレ](95-00) SL1000 FALCO [ファルコ](01-05) TUONO1000R [トゥオノ](05-10) <br><br>▼bimota<br>DB5(06-) DB6(06-) 1200 Sport(07-) <br><br>▼DUCATI<br>MONSTER S2R 1000 [モンスター](03-08) MONSTER S4 [モンスター](00-03) MONSTER S4R [モンスター](04-06) MONSTER900 [モンスター](i.E. 00-02) 998(02-03) 998R(02-03) 998S(02-03) 996BIPOSTO[ビポスト](98-01) 996STRADA[ストラーダ](98-01) 996R(98-01) GT1000(07-10) GT1000 Touring[ツーリング](07-10) PAULSMART1000LE [ポールスマート](06-09) SPORT1000S [スポルト](06-09) SPORT1000[スポルト](06-09) ST4(99-03) ST3(04-07) 900SS ie (99-02) SS1000DS(03-06) MULTISTRADA1100 [ムルチストラーダ](07-09) MULTISTRADA1100S [ムルチストラーダ](07-09) MULTISTRADA1000 [ムルチストラーダ](03-06) MULTISTRADA1000S [ムルチストラーダ](03-06) MULTISTRADA1000DS [ムルチストラーダ](03-06) 748BIPOSTO(99-02) 748S(99-02) 748R(99-02) 750SS ie (99-02) 620SPORT [スポルト](03-07) <br><br>■詳細説明<br>形状、質感、造型、最高のパフォーマンスを生み出すために作られたLSLのレバーは、アジャスト機構により手の大きさに合わせ6段階の調節ができます。<br>クラッチレバーは、純正レバーと比較し、手前に4ポジション、奥に1ポジションの設定が可能。<br>ブレーキレバーは、純正レバーに対し、手前に1ポジション、奥に1741ポジションの設定が可能です。<br>アジャスト機構にボールベアリングを採用。ベアリング内部には真鍮を使用し、節度ある動きで確実な操作が可能となります。<br><br><font color=red>■注意点<br>※車種により全てのダイヤル位置がご利用になれない場合があります。<br>※走行中のアジャスト調整は危険です。ご注意ください。<br>※輸入品につき取り寄せに時間の掛かる場合がございます。<br>※アジャスト機構のダイヤル位置 5・6へセッティングし、クラッチレバーを握り切る際、レバーがスイッチボックスに干渉する場合があります。<br>※LSLスタンダードレバーをハンドプロテクター付きの車輌に装着、操作の際、レバーがレバーエンド部プロテクターと干渉する恐れがあります。ショートレバー推奨。</font>,【イベント開催中！】LSL レバー アジャスタブルクラッチレバー(ショート) アジャスターカラー：ゴールド レバーカラー：ブラック：ウェビック　楽天市場店,バイクカスタム改造ドレスアップヘルメットマフラーカウルオートバイ二輪車大型バイク中型バイクバイク用品パーツミラーツーリングジャケットタイヤ原付サーキットオフロード【イベント開催中！】LSL レバー アジャスタブルクラッチレバー(ショート) アジャスターカラー：ゴールド レバーカラー：ブラック,LSL レバー アジャスタブルクラッチレバー(ショート)。【イベント開催中！】LSL レバー アジャスタブルクラッチレバー(ショート) アジャスターカラー：ゴールド レバーカラー：ブラック[rn]
18-31111,http://tshop.r10s.jp/webike-rb/cabinet/img751/22801090_0.jpg?fitin=700:700,10837.6000,,車用品・バイク用品 > バイク用品 > ブレーキ関連パーツ > ブレーキレバー > その他,【イベント開催中！】LSL レバー アジャスタブルクラッチレバー(ショート) アジャスターカラー：シルバー レバーカラー：ブラック,LSL レバー アジャスタブルクラッチレバー(ショート),レバーカラー：アンスラサイト / アジャスターカラー：レッドはこちら<br />レバーカラー：アンスラサイト / アジャスターカラー：アンスラサイトはこちら<br />レバーカラー：アンスラサイト / アジャスターカラー：ブルーはこちら<br />レバーカラー：アンスラサイト / アジャスターカラー：ゴールドはこちら<br />レバーカラー：アンスラサイト / アジャスターカラー：シルバーはこちら<br />レバーカラー：アンスラサイト / アジャスターカラー：ブラックはこちら<br />レバーカラー：ゴールド / アジャスターカラー：レッドはこちら<br />レバーカラー：ゴールド / アジャスターカラー：アンスラサイトはこちら<br />レバーカラー：ゴールド / アジャスターカラー：ブルーはこちら<br />レバーカラー：ゴールド / アジャスターカラー：ゴールドはこちら<br />レバーカラー：ゴールド / アジャスターカラー：シルバーはこちら<br />レバーカラー：ゴールド / アジャスターカラー：ブラックはこちら<br />レバーカラー：シルバー / アジャスターカラー：レッドはこちら<br />レバーカラー：シルバー / アジャスターカラー：アンスラサイトはこちら<br />レバーカラー：シルバー / アジャスターカラー：ブルーはこちら<br />レバーカラー：シルバー / アジャスターカラー：ゴールドはこちら<br />レバーカラー：シルバー / アジャスターカラー：シルバーはこちら<br />レバーカラー：シルバー / アジャスターカラー：ブラックはこちら<br />レバーカラー：ブラック / アジャスターカラー：レッドはこちら<br />レバーカラー：ブラック / アジャスターカラー：アンスラサイトはこちら<br />レバーカラー：ブラック / アジャスターカラー：ブルーはこちら<br />レバーカラー：ブラック / アジャスターカラー：ゴールドはこちら<br />レバーカラー：ブラック / アジャスターカラー：ブラックはこちら<br /><br />※リンク先に商品がない場合、すでに完売している商品となります。予めご了承ください。<br /><br />■商品番号<br>200SL13SW-SI<br><br>■JANコード<br>4548916173211<br><br>■商品概要<br>素材：アルミ<br>レバーサイズ：ショート<br><br>レバーカラー：ブラック アジャスターカラー：シルバー<br><br>■適合車種<br>▼APRILIA<br>DORSODURO1200 [ドルソリューロ](11-) ETV1000 CAPONORD [カポノルド](01-07) RSV1000/MILLE/R [ミレ](01-04) RSV1000SP [ミレ](95-00) SL1000 FALCO [ファルコ](01-05) TUONO1000R [トゥオノ](05-10) <br><br>▼bimota<br>DB5(06-) DB6(06-) 1200 Sport(07-) <br><br>▼DUCATI<br>MONSTER S2R 1000 [モンスター](03-08) MONSTER S4 [モンスター](00-03) MONSTER S4R [モンスター](04-06) MONSTER900 [モンスター](i.E. 00-02) 998(02-03) 998R(02-03) 998S(02-03) 996BIPOSTO[ビポスト](98-01) 996STRADA[ストラーダ](98-01) 996R(98-01) GT1000(07-10) GT1000 Touring[ツーリング](07-10) PAULSMART1000LE [ポールスマート](06-09) SPORT1000S [スポルト](06-09) SPORT1000[スポルト](06-09) ST4(99-03) ST3(04-07) 900SS ie (99-02) SS1000DS(03-06) MULTISTRADA1100 [ムルチストラーダ](07-09) MULTISTRADA1100S [ムルチストラーダ](07-09) MULTISTRADA1000 [ムルチストラーダ](03-06) MULTISTRADA1000S [ムルチストラーダ](03-06) MULTISTRADA1000DS [ムルチストラーダ](03-06) 748BIPOSTO(99-02) 748S(99-02) 748R(99-02) 750SS ie (99-02) 620SPORT [スポルト](03-07) <br><br>■詳細説明<br>形状、質感、造型、最高のパフォーマンスを生み出すために作られたLSLのレバーは、アジャスト機構により手の大きさに合わせ6段階の調節ができます。<br>クラッチレバーは、純正レバーと比較し、手前に4ポジション、奥に1ポジションの設定が可能。<br>ブレーキレバーは、純正レバーに対し、手前に1ポジション、奥に1742ポジションの設定が可能です。<br>アジャスト機構にボールベアリングを採用。ベアリング内部には真鍮を使用し、節度ある動きで確実な操作が可能となります。<br><br><font color=red>■注意点<br>※車種により全てのダイヤル位置がご利用になれない場合があります。<br>※走行中のアジャスト調整は危険です。ご注意ください。<br>※輸入品につき取り寄せに時間の掛かる場合がございます。<br>※アジャスト機構のダイヤル位置 5・6へセッティングし、クラッチレバーを握り切る際、レバーがスイッチボックスに干渉する場合があります。<br>※LSLスタンダードレバーをハンドプロテクター付きの車輌に装着、操作の際、レバーがレバーエンド部プロテクターと干渉する恐れがあります。ショートレバー推奨。</font>,【イベント開催中！】LSL レバー アジャスタブルクラッチレバー(ショート) アジャスターカラー：シルバー レバーカラー：ブラック：ウェビック　楽天市場店,バイクカスタム改造ドレスアップヘルメットマフラーカウルオートバイ二輪車大型バイク中型バイクバイク用品パーツミラーツーリングジャケットタイヤ原付サーキットオフロード【イベント開催中！】LSL レバー アジャスタブルクラッチレバー(ショート) アジャスターカラー：シルバー レバーカラー：ブラック,LSL レバー アジャスタブルクラッチレバー(ショート)。【イベント開催中！】LSL レバー アジャスタブルクラッチレバー(ショート) アジャスターカラー：シルバー レバーカラー：ブラック[rn]
18-31112,http://tshop.r10s.jp/webike-rb/cabinet/img751/22801091_0.jpg?fitin=700:700,10837.6000,,車用品・バイク用品 > バイク用品 > ブレーキ関連パーツ > ブレーキレバー > その他,【イベント開催中！】LSL レバー アジャスタブルクラッチレバー(ショート) アジャスターカラー：ブラック レバーカラー：ブラック,LSL レバー アジャスタブルクラッチレバー(ショート),レバーカラー：アンスラサイト / アジャスターカラー：レッドはこちら<br />レバーカラー：アンスラサイト / アジャスターカラー：アンスラサイトはこちら<br />レバーカラー：アンスラサイト / アジャスターカラー：ブルーはこちら<br />レバーカラー：アンスラサイト / アジャスターカラー：ゴールドはこちら<br />レバーカラー：アンスラサイト / アジャスターカラー：シルバーはこちら<br />レバーカラー：アンスラサイト / アジャスターカラー：ブラックはこちら<br />レバーカラー：ゴールド / アジャスターカラー：レッドはこちら<br />レバーカラー：ゴールド / アジャスターカラー：アンスラサイトはこちら<br />レバーカラー：ゴールド / アジャスターカラー：ブルーはこちら<br />レバーカラー：ゴールド / アジャスターカラー：ゴールドはこちら<br />レバーカラー：ゴールド / アジャスターカラー：シルバーはこちら<br />レバーカラー：ゴールド / アジャスターカラー：ブラックはこちら<br />レバーカラー：シルバー / アジャスターカラー：レッドはこちら<br />レバーカラー：シルバー / アジャスターカラー：アンスラサイトはこちら<br />レバーカラー：シルバー / アジャスターカラー：ブルーはこちら<br />レバーカラー：シルバー / アジャスターカラー：ゴールドはこちら<br />レバーカラー：シルバー / アジャスターカラー：シルバーはこちら<br />レバーカラー：シルバー / アジャスターカラー：ブラックはこちら<br />レバーカラー：ブラック / アジャスターカラー：レッドはこちら<br />レバーカラー：ブラック / アジャスターカラー：アンスラサイトはこちら<br />レバーカラー：ブラック / アジャスターカラー：ブルーはこちら<br />レバーカラー：ブラック / アジャスターカラー：ゴールドはこちら<br />レバーカラー：ブラック / アジャスターカラー：シルバーはこちら<br /><br />※リンク先に商品がない場合、すでに完売している商品となります。予めご了承ください。<br /><br />■商品番号<br>200SL13SW-SW<br><br>■JANコード<br>4548916167784<br><br>■商品概要<br>素材：アルミ<br>レバーサイズ：ショート<br><br>アジャスターカラー：ブラック レバーカラー：ブラック<br><br>■適合車種<br>▼APRILIA<br>DORSODURO1200 [ドルソリューロ](11-) ETV1000 CAPONORD [カポノルド](01-07) RSV1000/MILLE/R [ミレ](01-04) RSV1000SP [ミレ](95-00) SL1000 FALCO [ファルコ](01-05) TUONO1000R [トゥオノ](05-10) <br><br>▼bimota<br>DB5(06-) DB6(06-) 1200 Sport(07-) <br><br>▼DUCATI<br>MONSTER S2R 1000 [モンスター](03-08) MONSTER S4 [モンスター](00-03) MONSTER S4R [モンスター](04-06) MONSTER900 [モンスター](i.E. 00-02) 998(02-03) 998R(02-03) 998S(02-03) 996BIPOSTO[ビポスト](98-01) 996STRADA[ストラーダ](98-01) 996R(98-01) GT1000(07-10) GT1000 Touring[ツーリング](07-10) PAULSMART1000LE [ポールスマート](06-09) SPORT1000S [スポルト](06-09) SPORT1000[スポルト](06-09) ST4(99-03) ST3(04-07) 900SS ie (99-02) SS1000DS(03-06) MULTISTRADA1100 [ムルチストラーダ](07-09) MULTISTRADA1100S [ムルチストラーダ](07-09) MULTISTRADA1000 [ムルチストラーダ](03-06) MULTISTRADA1000S [ムルチストラーダ](03-06) MULTISTRADA1000DS [ムルチストラーダ](03-06) 748BIPOSTO(99-02) 748S(99-02) 748R(99-02) 750SS ie (99-02) 620SPORT [スポルト](03-07) <br><br>■詳細説明<br>形状、質感、造型、最高のパフォーマンスを生み出すために作られたLSLのレバーは、アジャスト機構により手の大きさに合わせ6段階の調節ができます。<br>クラッチレバーは、純正レバーと比較し、手前に4ポジション、奥に1ポジションの設定が可能。<br>ブレーキレバーは、純正レバーに対し、手前に1ポジション、奥に1743ポジションの設定が可能です。<br>アジャスト機構にボールベアリングを採用。ベアリング内部には真鍮を使用し、節度ある動きで確実な操作が可能となります。<br><br><font color=red>■注意点<br>※車種により全てのダイヤル位置がご利用になれない場合があります。<br>※走行中のアジャスト調整は危険です。ご注意ください。<br>※輸入品につき取り寄せに時間の掛かる場合がございます。<br>※アジャスト機構のダイヤル位置 5・6へセッティングし、クラッチレバーを握り切る際、レバーがスイッチボックスに干渉する場合があります。<br>※LSLスタンダードレバーをハンドプロテクター付きの車輌に装着、操作の際、レバーがレバーエンド部プロテクターと干渉する恐れがあります。ショートレバー推奨。</font>,【イベント開催中！】LSL レバー アジャスタブルクラッチレバー(ショート) アジャスターカラー：ブラック レバーカラー：ブラック：ウェビック　楽天市場店,バイクカスタム改造ドレスアップヘルメットマフラーカウルオートバイ二輪車大型バイク中型バイクバイク用品パーツミラーツーリングジャケットタイヤ原付サーキットオフロード【イベント開催中！】LSL レバー アジャスタブルクラッチレバー(ショート) アジャスターカラー：ブラック レバーカラー：ブラック,LSL レバー アジャスタブルクラッチレバー(ショート)。【イベント開催中！】LSL レバー アジャスタブルクラッチレバー(ショート) アジャスターカラー：ブラック レバーカラー：ブラック[rn]
18-31113,http://tshop.r10s.jp/webike-rb/cabinet/img750/22801279_0.jpg?fitin=700:700,10837.6000,,車用品・バイク用品 > バイク用品 > ブレーキ関連パーツ > ブレーキレバー > その他,【イベント開催中！】LSL レバー アジャスタブルクラッチレバー アジャスターカラー：アンスラサイト レバーカラー：ゴールド レバータイプ：ショート GSX-R1000(07-08),【送料無料】LSL レバー アジャスタブルクラッチレバー,レバーカラー：アンスラサイト / レバータイプ：スタンダード / アジャスターカラー：レッドはこちら<br />レバーカラー：アンスラサイト / レバータイプ：スタンダード / アジャスターカラー：アンスラサイトはこちら<br />レバーカラー：アンスラサイト / レバータイプ：スタンダード / アジャスターカラー：ブルーはこちら<br />レバーカラー：アンスラサイト / レバータイプ：スタンダード / アジャスターカラー：ゴールドはこちら<br />レバーカラー：アンスラサイト / レバータイプ：スタンダード / アジャスターカラー：シルバーはこちら<br />レバーカラー：アンスラサイト / レバータイプ：スタンダード / アジャスターカラー：ブラックはこちら<br />レバーカラー：ゴールド / レバータイプ：スタンダード / アジャスターカラー：レッドはこちら<br />レバーカラー：ゴールド / レバータイプ：スタンダード / アジャスターカラー：アンスラサイトはこちら<br />レバーカラー：ゴールド / レバータイプ：スタンダード / アジャスターカラー：ブルーはこちら<br />レバーカラー：ゴールド / レバータイプ：スタンダード / アジャスターカラー：ゴールドはこちら<br />レバーカラー：ゴールド / レバータイプ：スタンダード / アジャスターカラー：シルバーはこちら<br />レバーカラー：ゴールド / レバータイプ：スタンダード / アジャスターカラー：ブラックはこちら<br />レバーカラー：シルバー / レバータイプ：スタンダード / アジャスターカラー：レッドはこちら<br />レバーカラー：シルバー / レバータイプ：スタンダード / アジャスターカラー：アンスラサイトはこちら<br />レバーカラー：シルバー / レバータイプ：スタンダード / アジャスターカラー：ブルーはこちら<br />レバーカラー：シルバー / レバータイプ：スタンダード / アジャスターカラー：ゴールドはこちら<br />レバーカラー：シルバー / レバータイプ：スタンダード / アジャスターカラー：シルバーはこちら<br />レバーカラー：シルバー / レバータイプ：スタンダード / アジャスターカラー：ブラックはこちら<br />レバーカラー：ブラック / レバータイプ：スタンダード / アジャスターカラー：レッドはこちら<br />レバーカラー：ブラック / レバータイプ：スタンダード / アジャスターカラー：アンスラサイトはこちら<br />レバーカラー：ブラック / レバータイプ：スタンダード / アジャスターカラー：ブルーはこちら<br />レバーカラー：ブラック / レバータイプ：スタンダード / アジャスターカラー：ゴールドはこちら<br />レバーカラー：ブラック / レバータイプ：スタンダード / アジャスターカラー：シルバーはこちら<br />レバーカラー：ブラック / レバータイプ：スタンダード / アジャスターカラー：ブラックはこちら<br />レバーカラー：アンスラサイト / レバータイプ：ショート / アジャスターカラー：レッドはこちら<br />レバーカラー：アンスラサイト / レバータイプ：ショート / アジャスターカラー：アンスラサイトはこちら<br />レバーカラー：アンスラサイト / レバータイプ：ショート / アジャスターカラー：ブルーはこちら<br />レバーカラー：アンスラサイト / レバータイプ：ショート / アジャスターカラー：ゴールドはこちら<br />レバーカラー：アンスラサイト / レバータイプ：ショート / アジャスターカラー：シルバーはこちら<br />レバーカラー：アンスラサイト / レバータイプ：ショート / アジャスターカラー：ブラックはこちら<br />レバーカラー：ゴールド / レバータイプ：ショート / アジャスターカラー：レッドはこちら<br />レバーカラー：ゴールド / レバータイプ：ショート / アジャスターカラー：ブルーはこちら<br />レバーカラー：ゴールド / レバータイプ：ショート / アジャスターカラー：ゴールドはこちら<br />レバーカラー：ゴールド / レバータイプ：ショート / アジャスターカラー：シルバーはこちら<br />レバーカラー：ゴールド / レバータイプ：ショート / アジャスターカラー：ブラックはこちら<br />レバーカラー：シルバー / レバータイプ：ショート / アジャスターカラー：レッドはこちら<br />レバーカラー：シルバー / レバータイプ：ショート / アジャスターカラー：アンスラサイトはこちら<br />レバーカラー：シルバー / レバータイプ：ショート / アジャスターカラー：ブルーはこちら<br />レバーカラー：シルバー / レバータイプ：ショート / アジャスターカラー：ゴールドはこちら<br />レバーカラー：シルバー / レバータイプ：ショート / アジャスターカラー：シル,【イベント開催中！】LSL レバー アジャスタブルクラッチレバー アジャスターカラー：アンスラサイト レバーカラー：ゴールド レバータイプ：ショート GSX-R1000(07-08)：ウェビック　楽天市場店,バイクカスタム改造ドレスアップヘルメットマフラーカウルオートバイ二輪車大型バイク中型バイクバイク用品パーツミラーツーリングジャケットタイヤ原付サーキットオフロード【イベント開催中！】LSL レバー アジャスタブルクラッチレバー アジャスターカラー：アンスラサイト レバーカラー：ゴールド レバータイプ：ショート GSX-R1000(07-08),【送料無料】LSL レバー アジャスタブルクラッチレバー。【イベント開催中！】LSL レバー アジャスタブルクラッチレバー アジャスターカラー：アンスラサイト レバーカラー：ゴールド レバータイプ：ショート GSX-R1000(07-08)[rn]
18-31114,http://tshop.r10s.jp/webike-rb/cabinet/img751/22801045_0.jpg?fitin=700:700,10837.6000,,車用品・バイク用品 > バイク用品 > ブレーキ関連パーツ > ブレーキレバー > その他,【イベント開催中！】LSL レバー アジャスタブルクラッチレバー アジャスターカラー：アンスラサイト レバーカラー：アンスラサイト レバータイプ：ショート,【送料無料】LSL レバー アジャスタブルクラッチレバー,レバーカラー：アンスラサイト / レバータイプ：スタンダード / アジャスターカラー：レッドはこちら<br />レバーカラー：アンスラサイト / レバータイプ：スタンダード / アジャスターカラー：アンスラサイトはこちら<br />レバーカラー：アンスラサイト / レバータイプ：スタンダード / アジャスターカラー：ブルーはこちら<br />レバーカラー：アンスラサイト / レバータイプ：スタンダード / アジャスターカラー：ゴールドはこちら<br />レバーカラー：アンスラサイト / レバータイプ：スタンダード / アジャスターカラー：シルバーはこちら<br />レバーカラー：アンスラサイト / レバータイプ：スタンダード / アジャスターカラー：ブラックはこちら<br />レバーカラー：ゴールド / レバータイプ：スタンダード / アジャスターカラー：レッドはこちら<br />レバーカラー：ゴールド / レバータイプ：スタンダード / アジャスターカラー：アンスラサイトはこちら<br />レバーカラー：ゴールド / レバータイプ：スタンダード / アジャスターカラー：ブルーはこちら<br />レバーカラー：ゴールド / レバータイプ：スタンダード / アジャスターカラー：ゴールドはこちら<br />レバーカラー：ゴールド / レバータイプ：スタンダード / アジャスターカラー：シルバーはこちら<br />レバーカラー：ゴールド / レバータイプ：スタンダード / アジャスターカラー：ブラックはこちら<br />レバーカラー：シルバー / レバータイプ：スタンダード / アジャスターカラー：レッドはこちら<br />レバーカラー：シルバー / レバータイプ：スタンダード / アジャスターカラー：アンスラサイトはこちら<br />レバーカラー：シルバー / レバータイプ：スタンダード / アジャスターカラー：ブルーはこちら<br />レバーカラー：シルバー / レバータイプ：スタンダード / アジャスターカラー：ゴールドはこちら<br />レバーカラー：シルバー / レバータイプ：スタンダード / アジャスターカラー：シルバーはこちら<br />レバーカラー：シルバー / レバータイプ：スタンダード / アジャスターカラー：ブラックはこちら<br />レバーカラー：ブラック / レバータイプ：スタンダード / アジャスターカラー：レッドはこちら<br />レバーカラー：ブラック / レバータイプ：スタンダード / アジャスターカラー：アンスラサイトはこちら<br />レバーカラー：ブラック / レバータイプ：スタンダード / アジャスターカラー：ブルーはこちら<br />レバーカラー：ブラック / レバータイプ：スタンダード / アジャスターカラー：ゴールドはこちら<br />レバーカラー：ブラック / レバータイプ：スタンダード / アジャスターカラー：シルバーはこちら<br />レバーカラー：ブラック / レバータイプ：スタンダード / アジャスターカラー：ブラックはこちら<br />レバーカラー：アンスラサイト / レバータイプ：ショート / アジャスターカラー：レッドはこちら<br />レバーカラー：アンスラサイト / レバータイプ：ショート / アジャスターカラー：ブルーはこちら<br />レバーカラー：アンスラサイト / レバータイプ：ショート / アジャスターカラー：ゴールドはこちら<br />レバーカラー：アンスラサイト / レバータイプ：ショート / アジャスターカラー：シルバーはこちら<br />レバーカラー：アンスラサイト / レバータイプ：ショート / アジャスターカラー：ブラックはこちら<br />レバーカラー：ゴールド / レバータイプ：ショート / アジャスターカラー：レッドはこちら<br />レバーカラー：ゴールド / レバータイプ：ショート / アジャスターカラー：アンスラサイトはこちら<br />レバーカラー：ゴールド / レバータイプ：ショート / アジャスターカラー：ブルーはこちら<br />レバーカラー：ゴールド / レバータイプ：ショート / アジャスターカラー：ゴールドはこちら<br />レバーカラー：ゴールド / レバータイプ：ショート / アジャスターカラー：シルバーはこちら<br />レバーカラー：ゴールド / レバータイプ：ショート / アジャスターカラー：ブラックはこちら<br />レバーカラー：シルバー / レバータイプ：ショート / アジャスターカラー：レッドはこちら<br />レバーカラー：シルバー / レバータイプ：ショート / アジャスターカラー：アンスラサイトはこちら<br />レバーカラー：シルバー / レバータイプ：ショート / アジャスターカラー：ブルーはこちら<br />レバーカラー：シルバー / レバータイプ：ショート / アジャスターカラー：ゴールドはこちら<br />レバーカラー：シルバー / レバータイプ：ショート / アジャスターカラー：シルバーは,【イベント開催中！】LSL レバー アジャスタブルクラッチレバー アジャスターカラー：アンスラサイト レバーカラー：アンスラサイト レバータイプ：ショート：ウェビック　楽天市場店,バイクカスタム改造ドレスアップヘルメットマフラーカウルオートバイ二輪車大型バイク中型バイクバイク用品パーツミラーツーリングジャケットタイヤ原付サーキットオフロード【イベント開催中！】LSL レバー アジャスタブルクラッチレバー アジャスターカラー：アンスラサイト レバーカラー：アンスラサイト レバータイプ：ショート,【送料無料】LSL レバー アジャスタブルクラッチレバー。【イベント開催中！】LSL レバー アジャスタブルクラッチレバー アジャスターカラー：アンスラサイト レバーカラー：アンスラサイト レバータイプ：ショート[rn]
18-31115,http://tshop.r10s.jp/webike-rb/cabinet/tnk0090/200srvarianten.jpg?fitin=700:700,10837.6000,,車用品・バイク用品 > バイク用品 > ブレーキ関連パーツ > ブレーキレバー > その他,【イベント開催中！】LSL レバー アジャスタブルブレーキレバー アジャスターカラー：アンスラサイト レバーカラー：シルバー レバータイプ：ショート THUNDERBIRD STORM ABS[B16BA](11-),【送料無料】LSL レバー アジャスタブルブレーキレバー,レバーカラー：アンスラサイト / レバータイプ：スタンダード / アジャスターカラー：レッドはこちら<br />レバーカラー：アンスラサイト / レバータイプ：スタンダード / アジャスターカラー：アンスラサイトはこちら<br />レバーカラー：アンスラサイト / レバータイプ：スタンダード / アジャスターカラー：ブルーはこちら<br />レバーカラー：アンスラサイト / レバータイプ：スタンダード / アジャスターカラー：ゴールドはこちら<br />レバーカラー：アンスラサイト / レバータイプ：スタンダード / アジャスターカラー：シルバーはこちら<br />レバーカラー：アンスラサイト / レバータイプ：スタンダード / アジャスターカラー：ブラックはこちら<br />レバーカラー：ゴールド / レバータイプ：スタンダード / アジャスターカラー：レッドはこちら<br />レバーカラー：ゴールド / レバータイプ：スタンダード / アジャスターカラー：アンスラサイトはこちら<br />レバーカラー：ゴールド / レバータイプ：スタンダード / アジャスターカラー：ブルーはこちら<br />レバーカラー：ゴールド / レバータイプ：スタンダード / アジャスターカラー：ゴールドはこちら<br />レバーカラー：ゴールド / レバータイプ：スタンダード / アジャスターカラー：シルバーはこちら<br />レバーカラー：ゴールド / レバータイプ：スタンダード / アジャスターカラー：ブラックはこちら<br />レバーカラー：シルバー / レバータイプ：スタンダード / アジャスターカラー：レッドはこちら<br />レバーカラー：シルバー / レバータイプ：スタンダード / アジャスターカラー：アンスラサイトはこちら<br />レバーカラー：シルバー / レバータイプ：スタンダード / アジャスターカラー：ブルーはこちら<br />レバーカラー：シルバー / レバータイプ：スタンダード / アジャスターカラー：ゴールドはこちら<br />レバーカラー：シルバー / レバータイプ：スタンダード / アジャスターカラー：シルバーはこちら<br />レバーカラー：シルバー / レバータイプ：スタンダード / アジャスターカラー：ブラックはこちら<br />レバーカラー：ブラック / レバータイプ：スタンダード / アジャスターカラー：レッドはこちら<br />レバーカラー：ブラック / レバータイプ：スタンダード / アジャスターカラー：アンスラサイトはこちら<br />レバーカラー：ブラック / レバータイプ：スタンダード / アジャスターカラー：ブルーはこちら<br />レバーカラー：ブラック / レバータイプ：スタンダード / アジャスターカラー：ゴールドはこちら<br />レバーカラー：ブラック / レバータイプ：スタンダード / アジャスターカラー：シルバーはこちら<br />レバーカラー：ブラック / レバータイプ：スタンダード / アジャスターカラー：ブラックはこちら<br />レバーカラー：アンスラサイト / レバータイプ：ショート / アジャスターカラー：レッドはこちら<br />レバーカラー：アンスラサイト / レバータイプ：ショート / アジャスターカラー：アンスラサイトはこちら<br />レバーカラー：アンスラサイト / レバータイプ：ショート / アジャスターカラー：ブルーはこちら<br />レバーカラー：アンスラサイト / レバータイプ：ショート / アジャスターカラー：ゴールドはこちら<br />レバーカラー：アンスラサイト / レバータイプ：ショート / アジャスターカラー：シルバーはこちら<br />レバーカラー：アンスラサイト / レバータイプ：ショート / アジャスターカラー：ブラックはこちら<br />レバーカラー：ゴールド / レバータイプ：ショート / アジャスターカラー：レッドはこちら<br />レバーカラー：ゴールド / レバータイプ：ショート / アジャスターカラー：アンスラサイトはこちら<br />レバーカラー：ゴールド / レバータイプ：ショート / アジャスターカラー：ブルーはこちら<br />レバーカラー：ゴールド / レバータイプ：ショート / アジャスターカラー：ゴールドはこちら<br />レバーカラー：ゴールド / レバータイプ：ショート / アジャスターカラー：シルバーはこちら<br />レバーカラー：ゴールド / レバータイプ：ショート / アジャスターカラー：ブラックはこちら<br />レバーカラー：シルバー / レバータイプ：ショート / アジャスターカラー：レッドはこちら<br />レバーカラー：シルバー / レバータイプ：ショート / アジャスターカラー：ブルーはこちら<br />レバーカラー：シルバー / レバータイプ：ショート / アジャスターカラー：ゴールドはこちら<br />レバーカラー：シルバー / レバータイプ：ショート / アジャスターカラー：シル,【イベント開催中！】LSL レバー アジャスタブルブレーキレバー アジャスターカラー：アンスラサイト レバーカラー：シルバー レバータイプ：ショート THUNDERBIRD STORM ABS[B16BA](11-)：ウェビック　楽天市場店,バイクカスタム改造ドレスアップヘルメットマフラーカウルオートバイ二輪車大型バイク中型バイクバイク用品パーツミラーツーリングジャケットタイヤ原付サーキットオフロード【イベント開催中！】LSL レバー アジャスタブルブレーキレバー アジャスターカラー：アンスラサイト レバーカラー：シルバー レバータイプ：ショート THUNDERBIRD STORM ABS[B16BA](11-),【送料無料】LSL レバー アジャスタブルブレーキレバー。【イベント開催中！】LSL レバー アジャスタブルブレーキレバー アジャスターカラー：アンスラサイト レバーカラー：シルバー レバータイプ：ショート THUNDERBIRD STORM ABS[B16BA](11-)[rn]
18-31116,http://tshop.r10s.jp/webike-rb/cabinet/img2349/22799702_0.jpg?fitin=700:700,10837.6000,,車用品・バイク用品 > バイク用品 > ブレーキ関連パーツ > ブレーキレバー > その他,【イベント開催中！】LSL レバー アジャスタブルクラッチレバー アジャスターカラー：シルバー レバーカラー：ゴールド レバータイプ：スタンダード,【送料無料】LSL レバー アジャスタブルクラッチレバー,レバーカラー：アンスラサイト / レバータイプ：スタンダード / アジャスターカラー：レッドはこちら<br />レバーカラー：アンスラサイト / レバータイプ：スタンダード / アジャスターカラー：アンスラサイトはこちら<br />レバーカラー：アンスラサイト / レバータイプ：スタンダード / アジャスターカラー：ブルーはこちら<br />レバーカラー：アンスラサイト / レバータイプ：スタンダード / アジャスターカラー：ゴールドはこちら<br />レバーカラー：アンスラサイト / レバータイプ：スタンダード / アジャスターカラー：シルバーはこちら<br />レバーカラー：アンスラサイト / レバータイプ：スタンダード / アジャスターカラー：ブラックはこちら<br />レバーカラー：ゴールド / レバータイプ：スタンダード / アジャスターカラー：レッドはこちら<br />レバーカラー：ゴールド / レバータイプ：スタンダード / アジャスターカラー：アンスラサイトはこちら<br />レバーカラー：ゴールド / レバータイプ：スタンダード / アジャスターカラー：ブルーはこちら<br />レバーカラー：ゴールド / レバータイプ：スタンダード / アジャスターカラー：ゴールドはこちら<br />レバーカラー：ゴールド / レバータイプ：スタンダード / アジャスターカラー：ブラックはこちら<br />レバーカラー：シルバー / レバータイプ：スタンダード / アジャスターカラー：レッドはこちら<br />レバーカラー：シルバー / レバータイプ：スタンダード / アジャスターカラー：アンスラサイトはこちら<br />レバーカラー：シルバー / レバータイプ：スタンダード / アジャスターカラー：ブルーはこちら<br />レバーカラー：シルバー / レバータイプ：スタンダード / アジャスターカラー：ゴールドはこちら<br />レバーカラー：シルバー / レバータイプ：スタンダード / アジャスターカラー：シルバーはこちら<br />レバーカラー：シルバー / レバータイプ：スタンダード / アジャスターカラー：ブラックはこちら<br />レバーカラー：ブラック / レバータイプ：スタンダード / アジャスターカラー：レッドはこちら<br />レバーカラー：ブラック / レバータイプ：スタンダード / アジャスターカラー：アンスラサイトはこちら<br />レバーカラー：ブラック / レバータイプ：スタンダード / アジャスターカラー：ブルーはこちら<br />レバーカラー：ブラック / レバータイプ：スタンダード / アジャスターカラー：ゴールドはこちら<br />レバーカラー：ブラック / レバータイプ：スタンダード / アジャスターカラー：シルバーはこちら<br />レバーカラー：ブラック / レバータイプ：スタンダード / アジャスターカラー：ブラックはこちら<br />レバーカラー：アンスラサイト / レバータイプ：ショート / アジャスターカラー：レッドはこちら<br />レバーカラー：アンスラサイト / レバータイプ：ショート / アジャスターカラー：アンスラサイトはこちら<br />レバーカラー：アンスラサイト / レバータイプ：ショート / アジャスターカラー：ブルーはこちら<br />レバーカラー：アンスラサイト / レバータイプ：ショート / アジャスターカラー：ゴールドはこちら<br />レバーカラー：アンスラサイト / レバータイプ：ショート / アジャスターカラー：シルバーはこちら<br />レバーカラー：アンスラサイト / レバータイプ：ショート / アジャスターカラー：ブラックはこちら<br />レバーカラー：ゴールド / レバータイプ：ショート / アジャスターカラー：レッドはこちら<br />レバーカラー：ゴールド / レバータイプ：ショート / アジャスターカラー：アンスラサイトはこちら<br />レバーカラー：ゴールド / レバータイプ：ショート / アジャスターカラー：ブルーはこちら<br />レバーカラー：ゴールド / レバータイプ：ショート / アジャスターカラー：ゴールドはこちら<br />レバーカラー：ゴールド / レバータイプ：ショート / アジャスターカラー：シルバーはこちら<br />レバーカラー：ゴールド / レバータイプ：ショート / アジャスターカラー：ブラックはこちら<br />レバーカラー：シルバー / レバータイプ：ショート / アジャスターカラー：レッドはこちら<br />レバーカラー：シルバー / レバータイプ：ショート / アジャスターカラー：アンスラサイトはこちら<br />レバーカラー：シルバー / レバータイプ：ショート / アジャスターカラー：ブルーはこちら<br />レバーカラー：シルバー / レバータイプ：ショート / アジャスターカラー：ゴールドはこちら<br />レバーカラー：シルバー / レバータイプ：ショート / アジャスターカラー：シ,【イベント開催中！】LSL レバー アジャスタブルクラッチレバー アジャスターカラー：シルバー レバーカラー：ゴールド レバータイプ：スタンダード：ウェビック　楽天市場店,バイクカスタム改造ドレスアップヘルメットマフラーカウルオートバイ二輪車大型バイク中型バイクバイク用品パーツミラーツーリングジャケットタイヤ原付サーキットオフロード【イベント開催中！】LSL レバー アジャスタブルクラッチレバー アジャスターカラー：シルバー レバーカラー：ゴールド レバータイプ：スタンダード,【送料無料】LSL レバー アジャスタブルクラッチレバー。【イベント開催中！】LSL レバー アジャスタブルクラッチレバー アジャスターカラー：シルバー レバーカラー：ゴールド レバータイプ：スタンダード[rn]
18-31117,http://tshop.r10s.jp/webike-rb/cabinet/img2349/22799818_0.jpg?fitin=700:700,10837.6000,,車用品・バイク用品 > バイク用品 > ブレーキ関連パーツ > ブレーキレバー > その他,【イベント開催中！】LSL レバー アジャスタブルクラッチレバー アジャスターカラー：レッド レバーカラー：ブラック レバータイプ：スタンダード GSX-R1000(07-08),【送料無料】LSL レバー アジャスタブルクラッチレバー,レバーカラー：アンスラサイト / レバータイプ：スタンダード / アジャスターカラー：レッドはこちら<br />レバーカラー：アンスラサイト / レバータイプ：スタンダード / アジャスターカラー：アンスラサイトはこちら<br />レバーカラー：アンスラサイト / レバータイプ：スタンダード / アジャスターカラー：ブルーはこちら<br />レバーカラー：アンスラサイト / レバータイプ：スタンダード / アジャスターカラー：ゴールドはこちら<br />レバーカラー：アンスラサイト / レバータイプ：スタンダード / アジャスターカラー：シルバーはこちら<br />レバーカラー：アンスラサイト / レバータイプ：スタンダード / アジャスターカラー：ブラックはこちら<br />レバーカラー：ゴールド / レバータイプ：スタンダード / アジャスターカラー：レッドはこちら<br />レバーカラー：ゴールド / レバータイプ：スタンダード / アジャスターカラー：アンスラサイトはこちら<br />レバーカラー：ゴールド / レバータイプ：スタンダード / アジャスターカラー：ブルーはこちら<br />レバーカラー：ゴールド / レバータイプ：スタンダード / アジャスターカラー：ゴールドはこちら<br />レバーカラー：ゴールド / レバータイプ：スタンダード / アジャスターカラー：シルバーはこちら<br />レバーカラー：ゴールド / レバータイプ：スタンダード / アジャスターカラー：ブラックはこちら<br />レバーカラー：シルバー / レバータイプ：スタンダード / アジャスターカラー：レッドはこちら<br />レバーカラー：シルバー / レバータイプ：スタンダード / アジャスターカラー：アンスラサイトはこちら<br />レバーカラー：シルバー / レバータイプ：スタンダード / アジャスターカラー：ブルーはこちら<br />レバーカラー：シルバー / レバータイプ：スタンダード / アジャスターカラー：ゴールドはこちら<br />レバーカラー：シルバー / レバータイプ：スタンダード / アジャスターカラー：シルバーはこちら<br />レバーカラー：シルバー / レバータイプ：スタンダード / アジャスターカラー：ブラックはこちら<br />レバーカラー：ブラック / レバータイプ：スタンダード / アジャスターカラー：アンスラサイトはこちら<br />レバーカラー：ブラック / レバータイプ：スタンダード / アジャスターカラー：ブルーはこちら<br />レバーカラー：ブラック / レバータイプ：スタンダード / アジャスターカラー：ゴールドはこちら<br />レバーカラー：ブラック / レバータイプ：スタンダード / アジャスターカラー：シルバーはこちら<br />レバーカラー：ブラック / レバータイプ：スタンダード / アジャスターカラー：ブラックはこちら<br />レバーカラー：アンスラサイト / レバータイプ：ショート / アジャスターカラー：レッドはこちら<br />レバーカラー：アンスラサイト / レバータイプ：ショート / アジャスターカラー：アンスラサイトはこちら<br />レバーカラー：アンスラサイト / レバータイプ：ショート / アジャスターカラー：ブルーはこちら<br />レバーカラー：アンスラサイト / レバータイプ：ショート / アジャスターカラー：ゴールドはこちら<br />レバーカラー：アンスラサイト / レバータイプ：ショート / アジャスターカラー：シルバーはこちら<br />レバーカラー：アンスラサイト / レバータイプ：ショート / アジャスターカラー：ブラックはこちら<br />レバーカラー：ゴールド / レバータイプ：ショート / アジャスターカラー：レッドはこちら<br />レバーカラー：ゴールド / レバータイプ：ショート / アジャスターカラー：アンスラサイトはこちら<br />レバーカラー：ゴールド / レバータイプ：ショート / アジャスターカラー：ブルーはこちら<br />レバーカラー：ゴールド / レバータイプ：ショート / アジャスターカラー：ゴールドはこちら<br />レバーカラー：ゴールド / レバータイプ：ショート / アジャスターカラー：シルバーはこちら<br />レバーカラー：ゴールド / レバータイプ：ショート / アジャスターカラー：ブラックはこちら<br />レバーカラー：シルバー / レバータイプ：ショート / アジャスターカラー：レッドはこちら<br />レバーカラー：シルバー / レバータイプ：ショート / アジャスターカラー：アンスラサイトはこちら<br />レバーカラー：シルバー / レバータイプ：ショート / アジャスターカラー：ブルーはこちら<br />レバーカラー：シルバー / レバータイプ：ショート / アジャスターカラー：ゴールドはこちら<br />レバーカラー：シルバー / レバータイプ：ショート / アジャスターカラー：,【イベント開催中！】LSL レバー アジャスタブルクラッチレバー アジャスターカラー：レッド レバーカラー：ブラック レバータイプ：スタンダード GSX-R1000(07-08)：ウェビック　楽天市場店,バイクカスタム改造ドレスアップヘルメットマフラーカウルオートバイ二輪車大型バイク中型バイクバイク用品パーツミラーツーリングジャケットタイヤ原付サーキットオフロード【イベント開催中！】LSL レバー アジャスタブルクラッチレバー アジャスターカラー：レッド レバーカラー：ブラック レバータイプ：スタンダード GSX-R1000(07-08),【送料無料】LSL レバー アジャスタブルクラッチレバー。【イベント開催中！】LSL レバー アジャスタブルクラッチレバー アジャスターカラー：レッド レバーカラー：ブラック レバータイプ：スタンダード GSX-R1000(07-08)[rn]
18-31118,http://tshop.r10s.jp/webike-rb/cabinet/tnk0088/200srvarianten.jpg?fitin=700:700,10837.6000,,車用品・バイク用品 > バイク用品 > ブレーキ関連パーツ > ブレーキレバー > その他,【イベント開催中！】LSL レバー アジャスタブルブレーキレバー アジャスターカラー：レッド レバーカラー：アンスラサイト レバータイプ：ショート,【送料無料】LSL レバー アジャスタブルブレーキレバー,■商品番号<br>200SR13AN<br><br>■JANコード<br>4548916174959<br><br>■商品概要<br>素材：アルミ<br><br>レバーカラー：アンスラサイト レバータイプ：ショート アジャスターカラー：レッド<br><br>■適合車種<br>▼APRILIA<br>DORSODURO1200 [ドルソリューロ](11-) RSV1000/MILLE/R [ミレ](01-04) RSV1000SP [ミレ](95-04) SL1000 FALCO [ファルコ](01-05) TUONO V4R APRC(11-) TUONO1000R [トゥオノ](05-10) <br><br>▼bimota<br>DB5(06-) DB6(06-) <br><br>▼DUCATI<br>MONSTER S2R 1000 [モンスター](03-08) MONSTER S4 [モンスター](00-03) MONSTER S4R [モンスター](04-06) MONSTER900 [モンスター](i.E. 00-02) 998(02-03) 998R(02-03) 998S(02-03) 996BIPOSTO[ビポスト](98-01) 996MONOPOSTO[モノポスト](98-01) 996STRADA[ストラーダ](98-01) 996R(98-01) GT1000(07-10) GT1000 Touring[ツーリング](07-10) PAULSMART1000LE [ポールスマート](06-09) SPORT1000S [スポルト](06-09) SPORT1000[スポルト](06-09) ST4(99-03) ST3(04-07) 900SS ie (99-02) SS1000DS(03-06) MULTISTRADA1100 [ムルチストラーダ](07-09) MULTISTRADA1100S [ムルチストラーダ](07-09) MULTISTRADA1000 [ムルチストラーダ](03-06) MULTISTRADA1000S [ムルチストラーダ](03-06) MULTISTRADA1000DS [ムルチストラーダ](03-06) 748BIPOSTO(99-02) 748S(99-02) 748R(99-02) 750SS ie (99-02) 620SPORT [スポルト](03-07) <br><br>■詳細説明<br>形状、質感、造型、最高のパフォーマンスを生み出すために作られたLSLのレバーは、アジャスト機構により手の大きさに合わせ6段階の調節ができます。<br>クラッチレバーは、純正レバーと比較し、手前に4ポジション、奥に1ポジションの設定が可能。<br>ブレーキレバーは、純正レバーに対し、手前に1ポジション、奥に2385ポジションの設定が可能です。<br>アジャスト機構にボールベアリングを採用。ベアリング内部には真鍮を使用し、節度ある動きで確実な操作が可能となります。<br><br><font color=red>■注意点<br>※車種により全てのダイヤル位置がご利用になれない場合があります。<br>※走行中のアジャスト調整は危険です。ご注意ください。<br>※輸入品につき取り寄せに時間の掛かる場合がございます。<br>※アジャスト機構のダイヤル位置 5・6へセッティングし、クラッチレバーを握り切る際、レバーがスイッチボックスに干渉する場合があります。<br>※LSLスタンダードレバーをハンドプロテクター付きの車輌に装着、操作の際、レバーがレバーエンド部プロテクターと干渉する恐れがあります。ショートレバー推奨。</font>,【イベント開催中！】LSL レバー アジャスタブルブレーキレバー アジャスターカラー：レッド レバーカラー：アンスラサイト レバータイプ：ショート：ウェビック　楽天市場店,バイクカスタム改造ドレスアップヘルメットマフラーカウルオートバイ二輪車大型バイク中型バイクバイク用品パーツミラーツーリングジャケットタイヤ原付サーキットオフロード【イベント開催中！】LSL レバー アジャスタブルブレーキレバー アジャスターカラー：レッド レバーカラー：アンスラサイト レバータイプ：ショート,【送料無料】LSL レバー アジャスタブルブレーキレバー。【イベント開催中！】LSL レバー アジャスタブルブレーキレバー アジャスターカラー：レッド レバーカラー：アンスラサイト レバータイプ：ショート[rn]
18-31119,http://tshop.r10s.jp/webike-rb/cabinet/tnk0035/200slvarianten.jpg?fitin=700:700,10837.6000,,車用品・バイク用品 > バイク用品 > ブレーキ関連パーツ > ブレーキレバー > その他,【イベント開催中！】LSL レバー アジャスタブルクラッチレバー アジャスターカラー：シルバー レバーカラー：アンスラサイト レバータイプ：ショート SL750 SHIVER [シバー](07-) SMV750 DORSODURO [ドルソリューロ](08-),【送料無料】LSL レバー アジャスタブルクラッチレバー,レバーカラー：アンスラサイト / レバータイプ：スタンダード / アジャスターカラー：レッドはこちら<br />レバーカラー：アンスラサイト / レバータイプ：スタンダード / アジャスターカラー：アンスラサイトはこちら<br />レバーカラー：アンスラサイト / レバータイプ：スタンダード / アジャスターカラー：ブルーはこちら<br />レバーカラー：アンスラサイト / レバータイプ：スタンダード / アジャスターカラー：ゴールドはこちら<br />レバーカラー：アンスラサイト / レバータイプ：スタンダード / アジャスターカラー：シルバーはこちら<br />レバーカラー：アンスラサイト / レバータイプ：スタンダード / アジャスターカラー：ブラックはこちら<br />レバーカラー：ゴールド / レバータイプ：スタンダード / アジャスターカラー：レッドはこちら<br />レバーカラー：ゴールド / レバータイプ：スタンダード / アジャスターカラー：アンスラサイトはこちら<br />レバーカラー：ゴールド / レバータイプ：スタンダード / アジャスターカラー：ブルーはこちら<br />レバーカラー：ゴールド / レバータイプ：スタンダード / アジャスターカラー：ゴールドはこちら<br />レバーカラー：ゴールド / レバータイプ：スタンダード / アジャスターカラー：シルバーはこちら<br />レバーカラー：ゴールド / レバータイプ：スタンダード / アジャスターカラー：ブラックはこちら<br />レバーカラー：シルバー / レバータイプ：スタンダード / アジャスターカラー：レッドはこちら<br />レバーカラー：シルバー / レバータイプ：スタンダード / アジャスターカラー：アンスラサイトはこちら<br />レバーカラー：シルバー / レバータイプ：スタンダード / アジャスターカラー：ブルーはこちら<br />レバーカラー：シルバー / レバータイプ：スタンダード / アジャスターカラー：ゴールドはこちら<br />レバーカラー：シルバー / レバータイプ：スタンダード / アジャスターカラー：シルバーはこちら<br />レバーカラー：シルバー / レバータイプ：スタンダード / アジャスターカラー：ブラックはこちら<br />レバーカラー：ブラック / レバータイプ：スタンダード / アジャスターカラー：レッドはこちら<br />レバーカラー：ブラック / レバータイプ：スタンダード / アジャスターカラー：アンスラサイトはこちら<br />レバーカラー：ブラック / レバータイプ：スタンダード / アジャスターカラー：ブルーはこちら<br />レバーカラー：ブラック / レバータイプ：スタンダード / アジャスターカラー：ゴールドはこちら<br />レバーカラー：ブラック / レバータイプ：スタンダード / アジャスターカラー：シルバーはこちら<br />レバーカラー：ブラック / レバータイプ：スタンダード / アジャスターカラー：ブラックはこちら<br />レバーカラー：アンスラサイト / レバータイプ：ショート / アジャスターカラー：レッドはこちら<br />レバーカラー：アンスラサイト / レバータイプ：ショート / アジャスターカラー：アンスラサイトはこちら<br />レバーカラー：アンスラサイト / レバータイプ：ショート / アジャスターカラー：ブルーはこちら<br />レバーカラー：アンスラサイト / レバータイプ：ショート / アジャスターカラー：ゴールドはこちら<br />レバーカラー：アンスラサイト / レバータイプ：ショート / アジャスターカラー：ブラックはこちら<br />レバーカラー：ゴールド / レバータイプ：ショート / アジャスターカラー：レッドはこちら<br />レバーカラー：ゴールド / レバータイプ：ショート / アジャスターカラー：アンスラサイトはこちら<br />レバーカラー：ゴールド / レバータイプ：ショート / アジャスターカラー：ブルーはこちら<br />レバーカラー：ゴールド / レバータイプ：ショート / アジャスターカラー：ゴールドはこちら<br />レバーカラー：ゴールド / レバータイプ：ショート / アジャスターカラー：シルバーはこちら<br />レバーカラー：ゴールド / レバータイプ：ショート / アジャスターカラー：ブラックはこちら<br />レバーカラー：シルバー / レバータイプ：ショート / アジャスターカラー：レッドはこちら<br />レバーカラー：シルバー / レバータイプ：ショート / アジャスターカラー：アンスラサイトはこちら<br />レバーカラー：シルバー / レバータイプ：ショート / アジャスターカラー：ブルーはこちら<br />レバーカラー：シルバー / レバータイプ：ショート / アジャスターカラー：ゴールドはこちら<br />レバーカラー：シルバー / レバータイプ：ショート / アジャスターカラー：シル,【イベント開催中！】LSL レバー アジャスタブルクラッチレバー アジャスターカラー：シルバー レバーカラー：アンスラサイト レバータイプ：ショート SL750 SHIVER [シバー](07-) SMV750 DORSODURO [ドルソリューロ](08-)：ウェビック　楽天市場店,バイクカスタム改造ドレスアップヘルメットマフラーカウルオートバイ二輪車大型バイク中型バイクバイク用品パーツミラーツーリングジャケットタイヤ原付サーキットオフロード【イベント開催中！】LSL レバー アジャスタブルクラッチレバー アジャスターカラー：シルバー レバーカラー：アンスラサイト レバータイプ：ショート SL750 SHIVER [シバー](07-) SMV750 DORSODURO [ドルソリューロ](08-),【送料無料】LSL レバー アジャスタブルクラッチレバー。【イベント開催中！】LSL レバー アジャスタブルクラッチレバー アジャスターカラー：シルバー レバーカラー：アンスラサイト レバータイプ：ショート SL750 SHIVER [シバー](07-) SMV750 DORSODURO [ドルソリューロ](08-)[rn]
18-31120,http://tshop.r10s.jp/webike-rb/cabinet/img2349/22799423_0.jpg?fitin=700:700,10837.6000,,車用品・バイク用品 > バイク用品 > ブレーキ関連パーツ > ブレーキレバー > その他,【イベント開催中！】LSL レバー アジャスタブルクラッチレバー（スタンダード） アジャスターカラー：ブラック レバーカラー：ブラック,LSL レバー アジャスタブルクラッチレバー（スタンダード）,レバーカラー：アンスラサイト / アジャスターカラー：レッドはこちら<br />レバーカラー：アンスラサイト / アジャスターカラー：アンスラサイトはこちら<br />レバーカラー：アンスラサイト / アジャスターカラー：ブルーはこちら<br />レバーカラー：アンスラサイト / アジャスターカラー：ゴールドはこちら<br />レバーカラー：アンスラサイト / アジャスターカラー：シルバーはこちら<br />レバーカラー：アンスラサイト / アジャスターカラー：ブラックはこちら<br />レバーカラー：ゴールド / アジャスターカラー：レッドはこちら<br />レバーカラー：ゴールド / アジャスターカラー：アンスラサイトはこちら<br />レバーカラー：ゴールド / アジャスターカラー：ブルーはこちら<br />レバーカラー：ゴールド / アジャスターカラー：ゴールドはこちら<br />レバーカラー：ゴールド / アジャスターカラー：シルバーはこちら<br />レバーカラー：ゴールド / アジャスターカラー：ブラックはこちら<br />レバーカラー：シルバー / アジャスターカラー：レッドはこちら<br />レバーカラー：シルバー / アジャスターカラー：アンスラサイトはこちら<br />レバーカラー：シルバー / アジャスターカラー：ブルーはこちら<br />レバーカラー：シルバー / アジャスターカラー：ゴールドはこちら<br />レバーカラー：シルバー / アジャスターカラー：シルバーはこちら<br />レバーカラー：シルバー / アジャスターカラー：ブラックはこちら<br />レバーカラー：ブラック / アジャスターカラー：レッドはこちら<br />レバーカラー：ブラック / アジャスターカラー：アンスラサイトはこちら<br />レバーカラー：ブラック / アジャスターカラー：ブルーはこちら<br />レバーカラー：ブラック / アジャスターカラー：ゴールドはこちら<br />レバーカラー：ブラック / アジャスターカラー：シルバーはこちら<br /><br />※リンク先に商品がない場合、すでに完売している商品となります。予めご了承ください。<br /><br />■商品番号<br>200-L03SW-SW<br><br>■JANコード<br>4548916330454<br><br>■商品概要<br>素材：アルミ<br><br>アジャスターカラー：ブラック レバーカラー：ブラック<br><br>■適合車種<br>▼SUZUKI<br>INAZUMA750[イナズマ](98-01) BANDIT600[バンディット](95-04) GS500F(01-06) GS500E(89-00) <br><br>■詳細説明<br>形状、質感、造型、最高のパフォーマンスを生み出すために作られたLSLのレバーは、アジャスト機構により手の大きさに合わせ6段階の調節ができます。<br>クラッチレバーは、純正レバーと比較し、手前に4ポジション、奥に1ポジションの設定が可能。<br>ブレーキレバーは、純正レバーに対し、手前に1ポジション、奥に75ポジションの設定が可能です。<br>アジャスト機構にボールベアリングを採用。ベアリング内部には真鍮を使用し、節度ある動きで確実な操作が可能となります。<br><br><font color=red>■注意点<br>※車種により全てのダイヤル位置がご利用になれない場合があります。<br>※走行中のアジャスト調整は危険です。ご注意ください。<br>※輸入品につき取り寄せに時間の掛かる場合がございます。<br>※アジャスト機構のダイヤル位置 5・6へセッティングし、クラッチレバーを握り切る際、レバーがスイッチボックスに干渉する場合があります。<br>※LSLスタンダードレバーをハンドプロテクター付きの車輌に装着、操作の際、レバーがレバーエンド部プロテクターと干渉する恐れがあります。ショートレバー推奨。</font>,【イベント開催中！】LSL レバー アジャスタブルクラッチレバー（スタンダード） アジャスターカラー：ブラック レバーカラー：ブラック：ウェビック　楽天市場店,バイクカスタム改造ドレスアップヘルメットマフラーカウルオートバイ二輪車大型バイク中型バイクバイク用品パーツミラーツーリングジャケットタイヤ原付サーキットオフロード【イベント開催中！】LSL レバー アジャスタブルクラッチレバー（スタンダード） アジャスターカラー：ブラック レバーカラー：ブラック,LSL レバー アジャスタブルクラッチレバー（スタンダード）。【イベント開催中！】LSL レバー アジャスタブルクラッチレバー（スタンダード） アジャスターカラー：ブラック レバーカラー：ブラック[rn]
18-31121,http://tshop.r10s.jp/webike-rb/cabinet/img760/22800070_0.jpg?fitin=700:700,10837.6000,,車用品・バイク用品 > バイク用品 > ブレーキ関連パーツ > ブレーキレバー > その他,【イベント開催中！】LSL レバー アジャスタブルクラッチレバー アジャスターカラー：レッド レバーカラー：アンスラサイト レバータイプ：スタンダード,【送料無料】LSL レバー アジャスタブルクラッチレバー,レバーカラー：アンスラサイト / レバータイプ：スタンダード / アジャスターカラー：アンスラサイトはこちら<br />レバーカラー：アンスラサイト / レバータイプ：スタンダード / アジャスターカラー：ブルーはこちら<br />レバーカラー：アンスラサイト / レバータイプ：スタンダード / アジャスターカラー：ゴールドはこちら<br />レバーカラー：アンスラサイト / レバータイプ：スタンダード / アジャスターカラー：シルバーはこちら<br />レバーカラー：アンスラサイト / レバータイプ：スタンダード / アジャスターカラー：ブラックはこちら<br />レバーカラー：ゴールド / レバータイプ：スタンダード / アジャスターカラー：レッドはこちら<br />レバーカラー：ゴールド / レバータイプ：スタンダード / アジャスターカラー：アンスラサイトはこちら<br />レバーカラー：ゴールド / レバータイプ：スタンダード / アジャスターカラー：ブルーはこちら<br />レバーカラー：ゴールド / レバータイプ：スタンダード / アジャスターカラー：ゴールドはこちら<br />レバーカラー：ゴールド / レバータイプ：スタンダード / アジャスターカラー：シルバーはこちら<br />レバーカラー：ゴールド / レバータイプ：スタンダード / アジャスターカラー：ブラックはこちら<br />レバーカラー：シルバー / レバータイプ：スタンダード / アジャスターカラー：レッドはこちら<br />レバーカラー：シルバー / レバータイプ：スタンダード / アジャスターカラー：アンスラサイトはこちら<br />レバーカラー：シルバー / レバータイプ：スタンダード / アジャスターカラー：ブルーはこちら<br />レバーカラー：シルバー / レバータイプ：スタンダード / アジャスターカラー：ゴールドはこちら<br />レバーカラー：シルバー / レバータイプ：スタンダード / アジャスターカラー：シルバーはこちら<br />レバーカラー：シルバー / レバータイプ：スタンダード / アジャスターカラー：ブラックはこちら<br />レバーカラー：ブラック / レバータイプ：スタンダード / アジャスターカラー：レッドはこちら<br />レバーカラー：ブラック / レバータイプ：スタンダード / アジャスターカラー：アンスラサイトはこちら<br />レバーカラー：ブラック / レバータイプ：スタンダード / アジャスターカラー：ブルーはこちら<br />レバーカラー：ブラック / レバータイプ：スタンダード / アジャスターカラー：ゴールドはこちら<br />レバーカラー：ブラック / レバータイプ：スタンダード / アジャスターカラー：シルバーはこちら<br />レバーカラー：ブラック / レバータイプ：スタンダード / アジャスターカラー：ブラックはこちら<br />レバーカラー：アンスラサイト / レバータイプ：ショート / アジャスターカラー：レッドはこちら<br />レバーカラー：アンスラサイト / レバータイプ：ショート / アジャスターカラー：アンスラサイトはこちら<br />レバーカラー：アンスラサイト / レバータイプ：ショート / アジャスターカラー：ブルーはこちら<br />レバーカラー：アンスラサイト / レバータイプ：ショート / アジャスターカラー：ゴールドはこちら<br />レバーカラー：アンスラサイト / レバータイプ：ショート / アジャスターカラー：シルバーはこちら<br />レバーカラー：アンスラサイト / レバータイプ：ショート / アジャスターカラー：ブラックはこちら<br />レバーカラー：ゴールド / レバータイプ：ショート / アジャスターカラー：レッドはこちら<br />レバーカラー：ゴールド / レバータイプ：ショート / アジャスターカラー：アンスラサイトはこちら<br />レバーカラー：ゴールド / レバータイプ：ショート / アジャスターカラー：ブルーはこちら<br />レバーカラー：ゴールド / レバータイプ：ショート / アジャスターカラー：ゴールドはこちら<br />レバーカラー：ゴールド / レバータイプ：ショート / アジャスターカラー：シルバーはこちら<br />レバーカラー：ゴールド / レバータイプ：ショート / アジャスターカラー：ブラックはこちら<br />レバーカラー：シルバー / レバータイプ：ショート / アジャスターカラー：レッドはこちら<br />レバーカラー：シルバー / レバータイプ：ショート / アジャスターカラー：アンスラサイトはこちら<br />レバーカラー：シルバー / レバータイプ：ショート / アジャスターカラー：ブルーはこちら<br />レバーカラー：シルバー / レバータイプ：ショート / アジャスターカラー：ゴールドはこちら<br />レバーカラー：シルバー / レバータイプ：ショート / アジャスターカラー：シルバ,【イベント開催中！】LSL レバー アジャスタブルクラッチレバー アジャスターカラー：レッド レバーカラー：アンスラサイト レバータイプ：スタンダード：ウェビック　楽天市場店,バイクカスタム改造ドレスアップヘルメットマフラーカウルオートバイ二輪車大型バイク中型バイクバイク用品パーツミラーツーリングジャケットタイヤ原付サーキットオフロード【イベント開催中！】LSL レバー アジャスタブルクラッチレバー アジャスターカラー：レッド レバーカラー：アンスラサイト レバータイプ：スタンダード,【送料無料】LSL レバー アジャスタブルクラッチレバー。【イベント開催中！】LSL レバー アジャスタブルクラッチレバー アジャスターカラー：レッド レバーカラー：アンスラサイト レバータイプ：スタンダード[rn]
18-31122,http://tshop.r10s.jp/webike-rb/cabinet/img760/22800072_0.jpg?fitin=700:700,10837.6000,,車用品・バイク用品 > バイク用品 > ブレーキ関連パーツ > ブレーキレバー > その他,【イベント開催中！】LSL レバー アジャスタブルクラッチレバー アジャスターカラー：ブルー レバーカラー：アンスラサイト レバータイプ：スタンダード,【送料無料】LSL レバー アジャスタブルクラッチレバー,レバーカラー：アンスラサイト / レバータイプ：スタンダード / アジャスターカラー：レッドはこちら<br />レバーカラー：アンスラサイト / レバータイプ：スタンダード / アジャスターカラー：アンスラサイトはこちら<br />レバーカラー：アンスラサイト / レバータイプ：スタンダード / アジャスターカラー：ゴールドはこちら<br />レバーカラー：アンスラサイト / レバータイプ：スタンダード / アジャスターカラー：シルバーはこちら<br />レバーカラー：アンスラサイト / レバータイプ：スタンダード / アジャスターカラー：ブラックはこちら<br />レバーカラー：ゴールド / レバータイプ：スタンダード / アジャスターカラー：レッドはこちら<br />レバーカラー：ゴールド / レバータイプ：スタンダード / アジャスターカラー：アンスラサイトはこちら<br />レバーカラー：ゴールド / レバータイプ：スタンダード / アジャスターカラー：ブルーはこちら<br />レバーカラー：ゴールド / レバータイプ：スタンダード / アジャスターカラー：ゴールドはこちら<br />レバーカラー：ゴールド / レバータイプ：スタンダード / アジャスターカラー：シルバーはこちら<br />レバーカラー：ゴールド / レバータイプ：スタンダード / アジャスターカラー：ブラックはこちら<br />レバーカラー：シルバー / レバータイプ：スタンダード / アジャスターカラー：レッドはこちら<br />レバーカラー：シルバー / レバータイプ：スタンダード / アジャスターカラー：アンスラサイトはこちら<br />レバーカラー：シルバー / レバータイプ：スタンダード / アジャスターカラー：ブルーはこちら<br />レバーカラー：シルバー / レバータイプ：スタンダード / アジャスターカラー：ゴールドはこちら<br />レバーカラー：シルバー / レバータイプ：スタンダード / アジャスターカラー：シルバーはこちら<br />レバーカラー：シルバー / レバータイプ：スタンダード / アジャスターカラー：ブラックはこちら<br />レバーカラー：ブラック / レバータイプ：スタンダード / アジャスターカラー：レッドはこちら<br />レバーカラー：ブラック / レバータイプ：スタンダード / アジャスターカラー：アンスラサイトはこちら<br />レバーカラー：ブラック / レバータイプ：スタンダード / アジャスターカラー：ブルーはこちら<br />レバーカラー：ブラック / レバータイプ：スタンダード / アジャスターカラー：ゴールドはこちら<br />レバーカラー：ブラック / レバータイプ：スタンダード / アジャスターカラー：シルバーはこちら<br />レバーカラー：ブラック / レバータイプ：スタンダード / アジャスターカラー：ブラックはこちら<br />レバーカラー：アンスラサイト / レバータイプ：ショート / アジャスターカラー：レッドはこちら<br />レバーカラー：アンスラサイト / レバータイプ：ショート / アジャスターカラー：アンスラサイトはこちら<br />レバーカラー：アンスラサイト / レバータイプ：ショート / アジャスターカラー：ブルーはこちら<br />レバーカラー：アンスラサイト / レバータイプ：ショート / アジャスターカラー：ゴールドはこちら<br />レバーカラー：アンスラサイト / レバータイプ：ショート / アジャスターカラー：シルバーはこちら<br />レバーカラー：アンスラサイト / レバータイプ：ショート / アジャスターカラー：ブラックはこちら<br />レバーカラー：ゴールド / レバータイプ：ショート / アジャスターカラー：レッドはこちら<br />レバーカラー：ゴールド / レバータイプ：ショート / アジャスターカラー：アンスラサイトはこちら<br />レバーカラー：ゴールド / レバータイプ：ショート / アジャスターカラー：ブルーはこちら<br />レバーカラー：ゴールド / レバータイプ：ショート / アジャスターカラー：ゴールドはこちら<br />レバーカラー：ゴールド / レバータイプ：ショート / アジャスターカラー：シルバーはこちら<br />レバーカラー：ゴールド / レバータイプ：ショート / アジャスターカラー：ブラックはこちら<br />レバーカラー：シルバー / レバータイプ：ショート / アジャスターカラー：レッドはこちら<br />レバーカラー：シルバー / レバータイプ：ショート / アジャスターカラー：アンスラサイトはこちら<br />レバーカラー：シルバー / レバータイプ：ショート / アジャスターカラー：ブルーはこちら<br />レバーカラー：シルバー / レバータイプ：ショート / アジャスターカラー：ゴールドはこちら<br />レバーカラー：シルバー / レバータイプ：ショート / アジャスターカラー：シルバ,【イベント開催中！】LSL レバー アジャスタブルクラッチレバー アジャスターカラー：ブルー レバーカラー：アンスラサイト レバータイプ：スタンダード：ウェビック　楽天市場店,バイクカスタム改造ドレスアップヘルメットマフラーカウルオートバイ二輪車大型バイク中型バイクバイク用品パーツミラーツーリングジャケットタイヤ原付サーキットオフロード【イベント開催中！】LSL レバー アジャスタブルクラッチレバー アジャスターカラー：ブルー レバーカラー：アンスラサイト レバータイプ：スタンダード,【送料無料】LSL レバー アジャスタブルクラッチレバー。【イベント開催中！】LSL レバー アジャスタブルクラッチレバー アジャスターカラー：ブルー レバーカラー：アンスラサイト レバータイプ：スタンダード[rn]
18-31123,http://tshop.r10s.jp/webike-rb/cabinet/img760/22800073_0.jpg?fitin=700:700,10837.6000,,車用品・バイク用品 > バイク用品 > ブレーキ関連パーツ > ブレーキレバー > その他,【イベント開催中！】LSL レバー アジャスタブルクラッチレバー アジャスターカラー：ゴールド レバーカラー：アンスラサイト レバータイプ：スタンダード,【送料無料】LSL レバー アジャスタブルクラッチレバー,レバーカラー：アンスラサイト / レバータイプ：スタンダード / アジャスターカラー：レッドはこちら<br />レバーカラー：アンスラサイト / レバータイプ：スタンダード / アジャスターカラー：アンスラサイトはこちら<br />レバーカラー：アンスラサイト / レバータイプ：スタンダード / アジャスターカラー：ブルーはこちら<br />レバーカラー：アンスラサイト / レバータイプ：スタンダード / アジャスターカラー：シルバーはこちら<br />レバーカラー：アンスラサイト / レバータイプ：スタンダード / アジャスターカラー：ブラックはこちら<br />レバーカラー：ゴールド / レバータイプ：スタンダード / アジャスターカラー：レッドはこちら<br />レバーカラー：ゴールド / レバータイプ：スタンダード / アジャスターカラー：アンスラサイトはこちら<br />レバーカラー：ゴールド / レバータイプ：スタンダード / アジャスターカラー：ブルーはこちら<br />レバーカラー：ゴールド / レバータイプ：スタンダード / アジャスターカラー：ゴールドはこちら<br />レバーカラー：ゴールド / レバータイプ：スタンダード / アジャスターカラー：シルバーはこちら<br />レバーカラー：ゴールド / レバータイプ：スタンダード / アジャスターカラー：ブラックはこちら<br />レバーカラー：シルバー / レバータイプ：スタンダード / アジャスターカラー：レッドはこちら<br />レバーカラー：シルバー / レバータイプ：スタンダード / アジャスターカラー：アンスラサイトはこちら<br />レバーカラー：シルバー / レバータイプ：スタンダード / アジャスターカラー：ブルーはこちら<br />レバーカラー：シルバー / レバータイプ：スタンダード / アジャスターカラー：ゴールドはこちら<br />レバーカラー：シルバー / レバータイプ：スタンダード / アジャスターカラー：シルバーはこちら<br />レバーカラー：シルバー / レバータイプ：スタンダード / アジャスターカラー：ブラックはこちら<br />レバーカラー：ブラック / レバータイプ：スタンダード / アジャスターカラー：レッドはこちら<br />レバーカラー：ブラック / レバータイプ：スタンダード / アジャスターカラー：アンスラサイトはこちら<br />レバーカラー：ブラック / レバータイプ：スタンダード / アジャスターカラー：ブルーはこちら<br />レバーカラー：ブラック / レバータイプ：スタンダード / アジャスターカラー：ゴールドはこちら<br />レバーカラー：ブラック / レバータイプ：スタンダード / アジャスターカラー：シルバーはこちら<br />レバーカラー：ブラック / レバータイプ：スタンダード / アジャスターカラー：ブラックはこちら<br />レバーカラー：アンスラサイト / レバータイプ：ショート / アジャスターカラー：レッドはこちら<br />レバーカラー：アンスラサイト / レバータイプ：ショート / アジャスターカラー：アンスラサイトはこちら<br />レバーカラー：アンスラサイト / レバータイプ：ショート / アジャスターカラー：ブルーはこちら<br />レバーカラー：アンスラサイト / レバータイプ：ショート / アジャスターカラー：ゴールドはこちら<br />レバーカラー：アンスラサイト / レバータイプ：ショート / アジャスターカラー：シルバーはこちら<br />レバーカラー：アンスラサイト / レバータイプ：ショート / アジャスターカラー：ブラックはこちら<br />レバーカラー：ゴールド / レバータイプ：ショート / アジャスターカラー：レッドはこちら<br />レバーカラー：ゴールド / レバータイプ：ショート / アジャスターカラー：アンスラサイトはこちら<br />レバーカラー：ゴールド / レバータイプ：ショート / アジャスターカラー：ブルーはこちら<br />レバーカラー：ゴールド / レバータイプ：ショート / アジャスターカラー：ゴールドはこちら<br />レバーカラー：ゴールド / レバータイプ：ショート / アジャスターカラー：シルバーはこちら<br />レバーカラー：ゴールド / レバータイプ：ショート / アジャスターカラー：ブラックはこちら<br />レバーカラー：シルバー / レバータイプ：ショート / アジャスターカラー：レッドはこちら<br />レバーカラー：シルバー / レバータイプ：ショート / アジャスターカラー：アンスラサイトはこちら<br />レバーカラー：シルバー / レバータイプ：ショート / アジャスターカラー：ブルーはこちら<br />レバーカラー：シルバー / レバータイプ：ショート / アジャスターカラー：ゴールドはこちら<br />レバーカラー：シルバー / レバータイプ：ショート / アジャスターカラー：シルバー,【イベント開催中！】LSL レバー アジャスタブルクラッチレバー アジャスターカラー：ゴールド レバーカラー：アンスラサイト レバータイプ：スタンダード：ウェビック　楽天市場店,バイクカスタム改造ドレスアップヘルメットマフラーカウルオートバイ二輪車大型バイク中型バイクバイク用品パーツミラーツーリングジャケットタイヤ原付サーキットオフロード【イベント開催中！】LSL レバー アジャスタブルクラッチレバー アジャスターカラー：ゴールド レバーカラー：アンスラサイト レバータイプ：スタンダード,【送料無料】LSL レバー アジャスタブルクラッチレバー。【イベント開催中！】LSL レバー アジャスタブルクラッチレバー アジャスターカラー：ゴールド レバーカラー：アンスラサイト レバータイプ：スタンダード[rn]
18-31124,http://tshop.r10s.jp/webike-rb/cabinet/img760/22800074_0.jpg?fitin=700:700,10837.6000,,車用品・バイク用品 > バイク用品 > ブレーキ関連パーツ > ブレーキレバー > その他,【イベント開催中！】LSL レバー アジャスタブルクラッチレバー アジャスターカラー：シルバー レバーカラー：アンスラサイト レバータイプ：スタンダード,【送料無料】LSL レバー アジャスタブルクラッチレバー,レバーカラー：アンスラサイト / レバータイプ：スタンダード / アジャスターカラー：レッドはこちら<br />レバーカラー：アンスラサイト / レバータイプ：スタンダード / アジャスターカラー：アンスラサイトはこちら<br />レバーカラー：アンスラサイト / レバータイプ：スタンダード / アジャスターカラー：ブルーはこちら<br />レバーカラー：アンスラサイト / レバータイプ：スタンダード / アジャスターカラー：ゴールドはこちら<br />レバーカラー：アンスラサイト / レバータイプ：スタンダード / アジャスターカラー：ブラックはこちら<br />レバーカラー：ゴールド / レバータイプ：スタンダード / アジャスターカラー：レッドはこちら<br />レバーカラー：ゴールド / レバータイプ：スタンダード / アジャスターカラー：アンスラサイトはこちら<br />レバーカラー：ゴールド / レバータイプ：スタンダード / アジャスターカラー：ブルーはこちら<br />レバーカラー：ゴールド / レバータイプ：スタンダード / アジャスターカラー：ゴールドはこちら<br />レバーカラー：ゴールド / レバータイプ：スタンダード / アジャスターカラー：シルバーはこちら<br />レバーカラー：ゴールド / レバータイプ：スタンダード / アジャスターカラー：ブラックはこちら<br />レバーカラー：シルバー / レバータイプ：スタンダード / アジャスターカラー：レッドはこちら<br />レバーカラー：シルバー / レバータイプ：スタンダード / アジャスターカラー：アンスラサイトはこちら<br />レバーカラー：シルバー / レバータイプ：スタンダード / アジャスターカラー：ブルーはこちら<br />レバーカラー：シルバー / レバータイプ：スタンダード / アジャスターカラー：ゴールドはこちら<br />レバーカラー：シルバー / レバータイプ：スタンダード / アジャスターカラー：シルバーはこちら<br />レバーカラー：シルバー / レバータイプ：スタンダード / アジャスターカラー：ブラックはこちら<br />レバーカラー：ブラック / レバータイプ：スタンダード / アジャスターカラー：レッドはこちら<br />レバーカラー：ブラック / レバータイプ：スタンダード / アジャスターカラー：アンスラサイトはこちら<br />レバーカラー：ブラック / レバータイプ：スタンダード / アジャスターカラー：ブルーはこちら<br />レバーカラー：ブラック / レバータイプ：スタンダード / アジャスターカラー：ゴールドはこちら<br />レバーカラー：ブラック / レバータイプ：スタンダード / アジャスターカラー：シルバーはこちら<br />レバーカラー：ブラック / レバータイプ：スタンダード / アジャスターカラー：ブラックはこちら<br />レバーカラー：アンスラサイト / レバータイプ：ショート / アジャスターカラー：レッドはこちら<br />レバーカラー：アンスラサイト / レバータイプ：ショート / アジャスターカラー：アンスラサイトはこちら<br />レバーカラー：アンスラサイト / レバータイプ：ショート / アジャスターカラー：ブルーはこちら<br />レバーカラー：アンスラサイト / レバータイプ：ショート / アジャスターカラー：ゴールドはこちら<br />レバーカラー：アンスラサイト / レバータイプ：ショート / アジャスターカラー：シルバーはこちら<br />レバーカラー：アンスラサイト / レバータイプ：ショート / アジャスターカラー：ブラックはこちら<br />レバーカラー：ゴールド / レバータイプ：ショート / アジャスターカラー：レッドはこちら<br />レバーカラー：ゴールド / レバータイプ：ショート / アジャスターカラー：アンスラサイトはこちら<br />レバーカラー：ゴールド / レバータイプ：ショート / アジャスターカラー：ブルーはこちら<br />レバーカラー：ゴールド / レバータイプ：ショート / アジャスターカラー：ゴールドはこちら<br />レバーカラー：ゴールド / レバータイプ：ショート / アジャスターカラー：シルバーはこちら<br />レバーカラー：ゴールド / レバータイプ：ショート / アジャスターカラー：ブラックはこちら<br />レバーカラー：シルバー / レバータイプ：ショート / アジャスターカラー：レッドはこちら<br />レバーカラー：シルバー / レバータイプ：ショート / アジャスターカラー：アンスラサイトはこちら<br />レバーカラー：シルバー / レバータイプ：ショート / アジャスターカラー：ブルーはこちら<br />レバーカラー：シルバー / レバータイプ：ショート / アジャスターカラー：ゴールドはこちら<br />レバーカラー：シルバー / レバータイプ：ショート / アジャスターカラー：シルバー,【イベント開催中！】LSL レバー アジャスタブルクラッチレバー アジャスターカラー：シルバー レバーカラー：アンスラサイト レバータイプ：スタンダード：ウェビック　楽天市場店,バイクカスタム改造ドレスアップヘルメットマフラーカウルオートバイ二輪車大型バイク中型バイクバイク用品パーツミラーツーリングジャケットタイヤ原付サーキットオフロード【イベント開催中！】LSL レバー アジャスタブルクラッチレバー アジャスターカラー：シルバー レバーカラー：アンスラサイト レバータイプ：スタンダード,【送料無料】LSL レバー アジャスタブルクラッチレバー。【イベント開催中！】LSL レバー アジャスタブルクラッチレバー アジャスターカラー：シルバー レバーカラー：アンスラサイト レバータイプ：スタンダード[rn]
18-31125,http://tshop.r10s.jp/webike-rb/cabinet/img760/22800075_0.jpg?fitin=700:700,10837.6000,,車用品・バイク用品 > バイク用品 > ブレーキ関連パーツ > ブレーキレバー > その他,【イベント開催中！】LSL レバー アジャスタブルクラッチレバー アジャスターカラー：ブラック レバーカラー：アンスラサイト レバータイプ：スタンダード,【送料無料】LSL レバー アジャスタブルクラッチレバー,レバーカラー：アンスラサイト / レバータイプ：スタンダード / アジャスターカラー：レッドはこちら<br />レバーカラー：アンスラサイト / レバータイプ：スタンダード / アジャスターカラー：アンスラサイトはこちら<br />レバーカラー：アンスラサイト / レバータイプ：スタンダード / アジャスターカラー：ブルーはこちら<br />レバーカラー：アンスラサイト / レバータイプ：スタンダード / アジャスターカラー：ゴールドはこちら<br />レバーカラー：アンスラサイト / レバータイプ：スタンダード / アジャスターカラー：シルバーはこちら<br />レバーカラー：ゴールド / レバータイプ：スタンダード / アジャスターカラー：レッドはこちら<br />レバーカラー：ゴールド / レバータイプ：スタンダード / アジャスターカラー：アンスラサイトはこちら<br />レバーカラー：ゴールド / レバータイプ：スタンダード / アジャスターカラー：ブルーはこちら<br />レバーカラー：ゴールド / レバータイプ：スタンダード / アジャスターカラー：ゴールドはこちら<br />レバーカラー：ゴールド / レバータイプ：スタンダード / アジャスターカラー：シルバーはこちら<br />レバーカラー：ゴールド / レバータイプ：スタンダード / アジャスターカラー：ブラックはこちら<br />レバーカラー：シルバー / レバータイプ：スタンダード / アジャスターカラー：レッドはこちら<br />レバーカラー：シルバー / レバータイプ：スタンダード / アジャスターカラー：アンスラサイトはこちら<br />レバーカラー：シルバー / レバータイプ：スタンダード / アジャスターカラー：ブルーはこちら<br />レバーカラー：シルバー / レバータイプ：スタンダード / アジャスターカラー：ゴールドはこちら<br />レバーカラー：シルバー / レバータイプ：スタンダード / アジャスターカラー：シルバーはこちら<br />レバーカラー：シルバー / レバータイプ：スタンダード / アジャスターカラー：ブラックはこちら<br />レバーカラー：ブラック / レバータイプ：スタンダード / アジャスターカラー：レッドはこちら<br />レバーカラー：ブラック / レバータイプ：スタンダード / アジャスターカラー：アンスラサイトはこちら<br />レバーカラー：ブラック / レバータイプ：スタンダード / アジャスターカラー：ブルーはこちら<br />レバーカラー：ブラック / レバータイプ：スタンダード / アジャスターカラー：ゴールドはこちら<br />レバーカラー：ブラック / レバータイプ：スタンダード / アジャスターカラー：シルバーはこちら<br />レバーカラー：ブラック / レバータイプ：スタンダード / アジャスターカラー：ブラックはこちら<br />レバーカラー：アンスラサイト / レバータイプ：ショート / アジャスターカラー：レッドはこちら<br />レバーカラー：アンスラサイト / レバータイプ：ショート / アジャスターカラー：アンスラサイトはこちら<br />レバーカラー：アンスラサイト / レバータイプ：ショート / アジャスターカラー：ブルーはこちら<br />レバーカラー：アンスラサイト / レバータイプ：ショート / アジャスターカラー：ゴールドはこちら<br />レバーカラー：アンスラサイト / レバータイプ：ショート / アジャスターカラー：シルバーはこちら<br />レバーカラー：アンスラサイト / レバータイプ：ショート / アジャスターカラー：ブラックはこちら<br />レバーカラー：ゴールド / レバータイプ：ショート / アジャスターカラー：レッドはこちら<br />レバーカラー：ゴールド / レバータイプ：ショート / アジャスターカラー：アンスラサイトはこちら<br />レバーカラー：ゴールド / レバータイプ：ショート / アジャスターカラー：ブルーはこちら<br />レバーカラー：ゴールド / レバータイプ：ショート / アジャスターカラー：ゴールドはこちら<br />レバーカラー：ゴールド / レバータイプ：ショート / アジャスターカラー：シルバーはこちら<br />レバーカラー：ゴールド / レバータイプ：ショート / アジャスターカラー：ブラックはこちら<br />レバーカラー：シルバー / レバータイプ：ショート / アジャスターカラー：レッドはこちら<br />レバーカラー：シルバー / レバータイプ：ショート / アジャスターカラー：アンスラサイトはこちら<br />レバーカラー：シルバー / レバータイプ：ショート / アジャスターカラー：ブルーはこちら<br />レバーカラー：シルバー / レバータイプ：ショート / アジャスターカラー：ゴールドはこちら<br />レバーカラー：シルバー / レバータイプ：ショート / アジャスターカラー：シルバー,【イベント開催中！】LSL レバー アジャスタブルクラッチレバー アジャスターカラー：ブラック レバーカラー：アンスラサイト レバータイプ：スタンダード：ウェビック　楽天市場店,バイクカスタム改造ドレスアップヘルメットマフラーカウルオートバイ二輪車大型バイク中型バイクバイク用品パーツミラーツーリングジャケットタイヤ原付サーキットオフロード【イベント開催中！】LSL レバー アジャスタブルクラッチレバー アジャスターカラー：ブラック レバーカラー：アンスラサイト レバータイプ：スタンダード,【送料無料】LSL レバー アジャスタブルクラッチレバー。【イベント開催中！】LSL レバー アジャスタブルクラッチレバー アジャスターカラー：ブラック レバーカラー：アンスラサイト レバータイプ：スタンダード[rn]
18-31126,http://tshop.r10s.jp/webike-rb/cabinet/img760/22800076_0.jpg?fitin=700:700,10837.6000,,車用品・バイク用品 > バイク用品 > ブレーキ関連パーツ > ブレーキレバー > その他,【イベント開催中！】LSL レバー アジャスタブルクラッチレバー アジャスターカラー：レッド レバーカラー：ゴールド レバータイプ：スタンダード,【送料無料】LSL レバー アジャスタブルクラッチレバー,レバーカラー：アンスラサイト / レバータイプ：スタンダード / アジャスターカラー：レッドはこちら<br />レバーカラー：アンスラサイト / レバータイプ：スタンダード / アジャスターカラー：アンスラサイトはこちら<br />レバーカラー：アンスラサイト / レバータイプ：スタンダード / アジャスターカラー：ブルーはこちら<br />レバーカラー：アンスラサイト / レバータイプ：スタンダード / アジャスターカラー：ゴールドはこちら<br />レバーカラー：アンスラサイト / レバータイプ：スタンダード / アジャスターカラー：シルバーはこちら<br />レバーカラー：アンスラサイト / レバータイプ：スタンダード / アジャスターカラー：ブラックはこちら<br />レバーカラー：ゴールド / レバータイプ：スタンダード / アジャスターカラー：アンスラサイトはこちら<br />レバーカラー：ゴールド / レバータイプ：スタンダード / アジャスターカラー：ブルーはこちら<br />レバーカラー：ゴールド / レバータイプ：スタンダード / アジャスターカラー：ゴールドはこちら<br />レバーカラー：ゴールド / レバータイプ：スタンダード / アジャスターカラー：シルバーはこちら<br />レバーカラー：ゴールド / レバータイプ：スタンダード / アジャスターカラー：ブラックはこちら<br />レバーカラー：シルバー / レバータイプ：スタンダード / アジャスターカラー：レッドはこちら<br />レバーカラー：シルバー / レバータイプ：スタンダード / アジャスターカラー：アンスラサイトはこちら<br />レバーカラー：シルバー / レバータイプ：スタンダード / アジャスターカラー：ブルーはこちら<br />レバーカラー：シルバー / レバータイプ：スタンダード / アジャスターカラー：ゴールドはこちら<br />レバーカラー：シルバー / レバータイプ：スタンダード / アジャスターカラー：シルバーはこちら<br />レバーカラー：シルバー / レバータイプ：スタンダード / アジャスターカラー：ブラックはこちら<br />レバーカラー：ブラック / レバータイプ：スタンダード / アジャスターカラー：レッドはこちら<br />レバーカラー：ブラック / レバータイプ：スタンダード / アジャスターカラー：アンスラサイトはこちら<br />レバーカラー：ブラック / レバータイプ：スタンダード / アジャスターカラー：ブルーはこちら<br />レバーカラー：ブラック / レバータイプ：スタンダード / アジャスターカラー：ゴールドはこちら<br />レバーカラー：ブラック / レバータイプ：スタンダード / アジャスターカラー：シルバーはこちら<br />レバーカラー：ブラック / レバータイプ：スタンダード / アジャスターカラー：ブラックはこちら<br />レバーカラー：アンスラサイト / レバータイプ：ショート / アジャスターカラー：レッドはこちら<br />レバーカラー：アンスラサイト / レバータイプ：ショート / アジャスターカラー：アンスラサイトはこちら<br />レバーカラー：アンスラサイト / レバータイプ：ショート / アジャスターカラー：ブルーはこちら<br />レバーカラー：アンスラサイト / レバータイプ：ショート / アジャスターカラー：ゴールドはこちら<br />レバーカラー：アンスラサイト / レバータイプ：ショート / アジャスターカラー：シルバーはこちら<br />レバーカラー：アンスラサイト / レバータイプ：ショート / アジャスターカラー：ブラックはこちら<br />レバーカラー：ゴールド / レバータイプ：ショート / アジャスターカラー：レッドはこちら<br />レバーカラー：ゴールド / レバータイプ：ショート / アジャスターカラー：アンスラサイトはこちら<br />レバーカラー：ゴールド / レバータイプ：ショート / アジャスターカラー：ブルーはこちら<br />レバーカラー：ゴールド / レバータイプ：ショート / アジャスターカラー：ゴールドはこちら<br />レバーカラー：ゴールド / レバータイプ：ショート / アジャスターカラー：シルバーはこちら<br />レバーカラー：ゴールド / レバータイプ：ショート / アジャスターカラー：ブラックはこちら<br />レバーカラー：シルバー / レバータイプ：ショート / アジャスターカラー：レッドはこちら<br />レバーカラー：シルバー / レバータイプ：ショート / アジャスターカラー：アンスラサイトはこちら<br />レバーカラー：シルバー / レバータイプ：ショート / アジャスターカラー：ブルーはこちら<br />レバーカラー：シルバー / レバータイプ：ショート / アジャスターカラー：ゴールドはこちら<br />レバーカラー：シルバー / レバータイプ：ショート / アジャスターカラー：,【イベント開催中！】LSL レバー アジャスタブルクラッチレバー アジャスターカラー：レッド レバーカラー：ゴールド レバータイプ：スタンダード：ウェビック　楽天市場店,バイクカスタム改造ドレスアップヘルメットマフラーカウルオートバイ二輪車大型バイク中型バイクバイク用品パーツミラーツーリングジャケットタイヤ原付サーキットオフロード【イベント開催中！】LSL レバー アジャスタブルクラッチレバー アジャスターカラー：レッド レバーカラー：ゴールド レバータイプ：スタンダード,【送料無料】LSL レバー アジャスタブルクラッチレバー。【イベント開催中！】LSL レバー アジャスタブルクラッチレバー アジャスターカラー：レッド レバーカラー：ゴールド レバータイプ：スタンダード[rn]
18-31127,http://tshop.r10s.jp/webike-rb/cabinet/img760/22800077_0.jpg?fitin=700:700,10837.6000,,車用品・バイク用品 > バイク用品 > ブレーキ関連パーツ > ブレーキレバー > その他,【イベント開催中！】LSL レバー アジャスタブルクラッチレバー アジャスターカラー：アンスラサイト レバーカラー：ゴールド レバータイプ：スタンダード,【送料無料】LSL レバー アジャスタブルクラッチレバー,レバーカラー：アンスラサイト / レバータイプ：スタンダード / アジャスターカラー：レッドはこちら<br />レバーカラー：アンスラサイト / レバータイプ：スタンダード / アジャスターカラー：アンスラサイトはこちら<br />レバーカラー：アンスラサイト / レバータイプ：スタンダード / アジャスターカラー：ブルーはこちら<br />レバーカラー：アンスラサイト / レバータイプ：スタンダード / アジャスターカラー：ゴールドはこちら<br />レバーカラー：アンスラサイト / レバータイプ：スタンダード / アジャスターカラー：シルバーはこちら<br />レバーカラー：アンスラサイト / レバータイプ：スタンダード / アジャスターカラー：ブラックはこちら<br />レバーカラー：ゴールド / レバータイプ：スタンダード / アジャスターカラー：レッドはこちら<br />レバーカラー：ゴールド / レバータイプ：スタンダード / アジャスターカラー：ブルーはこちら<br />レバーカラー：ゴールド / レバータイプ：スタンダード / アジャスターカラー：ゴールドはこちら<br />レバーカラー：ゴールド / レバータイプ：スタンダード / アジャスターカラー：シルバーはこちら<br />レバーカラー：ゴールド / レバータイプ：スタンダード / アジャスターカラー：ブラックはこちら<br />レバーカラー：シルバー / レバータイプ：スタンダード / アジャスターカラー：レッドはこちら<br />レバーカラー：シルバー / レバータイプ：スタンダード / アジャスターカラー：アンスラサイトはこちら<br />レバーカラー：シルバー / レバータイプ：スタンダード / アジャスターカラー：ブルーはこちら<br />レバーカラー：シルバー / レバータイプ：スタンダード / アジャスターカラー：ゴールドはこちら<br />レバーカラー：シルバー / レバータイプ：スタンダード / アジャスターカラー：シルバーはこちら<br />レバーカラー：シルバー / レバータイプ：スタンダード / アジャスターカラー：ブラックはこちら<br />レバーカラー：ブラック / レバータイプ：スタンダード / アジャスターカラー：レッドはこちら<br />レバーカラー：ブラック / レバータイプ：スタンダード / アジャスターカラー：アンスラサイトはこちら<br />レバーカラー：ブラック / レバータイプ：スタンダード / アジャスターカラー：ブルーはこちら<br />レバーカラー：ブラック / レバータイプ：スタンダード / アジャスターカラー：ゴールドはこちら<br />レバーカラー：ブラック / レバータイプ：スタンダード / アジャスターカラー：シルバーはこちら<br />レバーカラー：ブラック / レバータイプ：スタンダード / アジャスターカラー：ブラックはこちら<br />レバーカラー：アンスラサイト / レバータイプ：ショート / アジャスターカラー：レッドはこちら<br />レバーカラー：アンスラサイト / レバータイプ：ショート / アジャスターカラー：アンスラサイトはこちら<br />レバーカラー：アンスラサイト / レバータイプ：ショート / アジャスターカラー：ブルーはこちら<br />レバーカラー：アンスラサイト / レバータイプ：ショート / アジャスターカラー：ゴールドはこちら<br />レバーカラー：アンスラサイト / レバータイプ：ショート / アジャスターカラー：シルバーはこちら<br />レバーカラー：アンスラサイト / レバータイプ：ショート / アジャスターカラー：ブラックはこちら<br />レバーカラー：ゴールド / レバータイプ：ショート / アジャスターカラー：レッドはこちら<br />レバーカラー：ゴールド / レバータイプ：ショート / アジャスターカラー：アンスラサイトはこちら<br />レバーカラー：ゴールド / レバータイプ：ショート / アジャスターカラー：ブルーはこちら<br />レバーカラー：ゴールド / レバータイプ：ショート / アジャスターカラー：ゴールドはこちら<br />レバーカラー：ゴールド / レバータイプ：ショート / アジャスターカラー：シルバーはこちら<br />レバーカラー：ゴールド / レバータイプ：ショート / アジャスターカラー：ブラックはこちら<br />レバーカラー：シルバー / レバータイプ：ショート / アジャスターカラー：レッドはこちら<br />レバーカラー：シルバー / レバータイプ：ショート / アジャスターカラー：アンスラサイトはこちら<br />レバーカラー：シルバー / レバータイプ：ショート / アジャスターカラー：ブルーはこちら<br />レバーカラー：シルバー / レバータイプ：ショート / アジャスターカラー：ゴールドはこちら<br />レバーカラー：シルバー / レバータイプ：ショート / アジャスターカラー：シルバー,【イベント開催中！】LSL レバー アジャスタブルクラッチレバー アジャスターカラー：アンスラサイト レバーカラー：ゴールド レバータイプ：スタンダード：ウェビック　楽天市場店,バイクカスタム改造ドレスアップヘルメットマフラーカウルオートバイ二輪車大型バイク中型バイクバイク用品パーツミラーツーリングジャケットタイヤ原付サーキットオフロード【イベント開催中！】LSL レバー アジャスタブルクラッチレバー アジャスターカラー：アンスラサイト レバーカラー：ゴールド レバータイプ：スタンダード,【送料無料】LSL レバー アジャスタブルクラッチレバー。【イベント開催中！】LSL レバー アジャスタブルクラッチレバー アジャスターカラー：アンスラサイト レバーカラー：ゴールド レバータイプ：スタンダード[rn]
18-31128,http://tshop.r10s.jp/webike-rb/cabinet/img760/22800078_0.jpg?fitin=700:700,10837.6000,,車用品・バイク用品 > バイク用品 > ブレーキ関連パーツ > ブレーキレバー > その他,【イベント開催中！】LSL レバー アジャスタブルクラッチレバー アジャスターカラー：ブルー レバーカラー：ゴールド レバータイプ：スタンダード,【送料無料】LSL レバー アジャスタブルクラッチレバー,レバーカラー：アンスラサイト / レバータイプ：スタンダード / アジャスターカラー：レッドはこちら<br />レバーカラー：アンスラサイト / レバータイプ：スタンダード / アジャスターカラー：アンスラサイトはこちら<br />レバーカラー：アンスラサイト / レバータイプ：スタンダード / アジャスターカラー：ブルーはこちら<br />レバーカラー：アンスラサイト / レバータイプ：スタンダード / アジャスターカラー：ゴールドはこちら<br />レバーカラー：アンスラサイト / レバータイプ：スタンダード / アジャスターカラー：シルバーはこちら<br />レバーカラー：アンスラサイト / レバータイプ：スタンダード / アジャスターカラー：ブラックはこちら<br />レバーカラー：ゴールド / レバータイプ：スタンダード / アジャスターカラー：レッドはこちら<br />レバーカラー：ゴールド / レバータイプ：スタンダード / アジャスターカラー：アンスラサイトはこちら<br />レバーカラー：ゴールド / レバータイプ：スタンダード / アジャスターカラー：ゴールドはこちら<br />レバーカラー：ゴールド / レバータイプ：スタンダード / アジャスターカラー：シルバーはこちら<br />レバーカラー：ゴールド / レバータイプ：スタンダード / アジャスターカラー：ブラックはこちら<br />レバーカラー：シルバー / レバータイプ：スタンダード / アジャスターカラー：レッドはこちら<br />レバーカラー：シルバー / レバータイプ：スタンダード / アジャスターカラー：アンスラサイトはこちら<br />レバーカラー：シルバー / レバータイプ：スタンダード / アジャスターカラー：ブルーはこちら<br />レバーカラー：シルバー / レバータイプ：スタンダード / アジャスターカラー：ゴールドはこちら<br />レバーカラー：シルバー / レバータイプ：スタンダード / アジャスターカラー：シルバーはこちら<br />レバーカラー：シルバー / レバータイプ：スタンダード / アジャスターカラー：ブラックはこちら<br />レバーカラー：ブラック / レバータイプ：スタンダード / アジャスターカラー：レッドはこちら<br />レバーカラー：ブラック / レバータイプ：スタンダード / アジャスターカラー：アンスラサイトはこちら<br />レバーカラー：ブラック / レバータイプ：スタンダード / アジャスターカラー：ブルーはこちら<br />レバーカラー：ブラック / レバータイプ：スタンダード / アジャスターカラー：ゴールドはこちら<br />レバーカラー：ブラック / レバータイプ：スタンダード / アジャスターカラー：シルバーはこちら<br />レバーカラー：ブラック / レバータイプ：スタンダード / アジャスターカラー：ブラックはこちら<br />レバーカラー：アンスラサイト / レバータイプ：ショート / アジャスターカラー：レッドはこちら<br />レバーカラー：アンスラサイト / レバータイプ：ショート / アジャスターカラー：アンスラサイトはこちら<br />レバーカラー：アンスラサイト / レバータイプ：ショート / アジャスターカラー：ブルーはこちら<br />レバーカラー：アンスラサイト / レバータイプ：ショート / アジャスターカラー：ゴールドはこちら<br />レバーカラー：アンスラサイト / レバータイプ：ショート / アジャスターカラー：シルバーはこちら<br />レバーカラー：アンスラサイト / レバータイプ：ショート / アジャスターカラー：ブラックはこちら<br />レバーカラー：ゴールド / レバータイプ：ショート / アジャスターカラー：レッドはこちら<br />レバーカラー：ゴールド / レバータイプ：ショート / アジャスターカラー：アンスラサイトはこちら<br />レバーカラー：ゴールド / レバータイプ：ショート / アジャスターカラー：ブルーはこちら<br />レバーカラー：ゴールド / レバータイプ：ショート / アジャスターカラー：ゴールドはこちら<br />レバーカラー：ゴールド / レバータイプ：ショート / アジャスターカラー：シルバーはこちら<br />レバーカラー：ゴールド / レバータイプ：ショート / アジャスターカラー：ブラックはこちら<br />レバーカラー：シルバー / レバータイプ：ショート / アジャスターカラー：レッドはこちら<br />レバーカラー：シルバー / レバータイプ：ショート / アジャスターカラー：アンスラサイトはこちら<br />レバーカラー：シルバー / レバータイプ：ショート / アジャスターカラー：ブルーはこちら<br />レバーカラー：シルバー / レバータイプ：ショート / アジャスターカラー：ゴールドはこちら<br />レバーカラー：シルバー / レバータイプ：ショート / アジャスターカラー：,【イベント開催中！】LSL レバー アジャスタブルクラッチレバー アジャスターカラー：ブルー レバーカラー：ゴールド レバータイプ：スタンダード：ウェビック　楽天市場店,バイクカスタム改造ドレスアップヘルメットマフラーカウルオートバイ二輪車大型バイク中型バイクバイク用品パーツミラーツーリングジャケットタイヤ原付サーキットオフロード【イベント開催中！】LSL レバー アジャスタブルクラッチレバー アジャスターカラー：ブルー レバーカラー：ゴールド レバータイプ：スタンダード,【送料無料】LSL レバー アジャスタブルクラッチレバー。【イベント開催中！】LSL レバー アジャスタブルクラッチレバー アジャスターカラー：ブルー レバーカラー：ゴールド レバータイプ：スタンダード[rn]
18-31129,http://tshop.r10s.jp/webike-rb/cabinet/img760/22800079_0.jpg?fitin=700:700,10837.6000,,車用品・バイク用品 > バイク用品 > ブレーキ関連パーツ > ブレーキレバー > その他,【イベント開催中！】LSL レバー アジャスタブルクラッチレバー アジャスターカラー：ゴールド レバーカラー：ゴールド レバータイプ：スタンダード,【送料無料】LSL レバー アジャスタブルクラッチレバー,レバーカラー：アンスラサイト / レバータイプ：スタンダード / アジャスターカラー：レッドはこちら<br />レバーカラー：アンスラサイト / レバータイプ：スタンダード / アジャスターカラー：アンスラサイトはこちら<br />レバーカラー：アンスラサイト / レバータイプ：スタンダード / アジャスターカラー：ブルーはこちら<br />レバーカラー：アンスラサイト / レバータイプ：スタンダード / アジャスターカラー：ゴールドはこちら<br />レバーカラー：アンスラサイト / レバータイプ：スタンダード / アジャスターカラー：シルバーはこちら<br />レバーカラー：アンスラサイト / レバータイプ：スタンダード / アジャスターカラー：ブラックはこちら<br />レバーカラー：ゴールド / レバータイプ：スタンダード / アジャスターカラー：レッドはこちら<br />レバーカラー：ゴールド / レバータイプ：スタンダード / アジャスターカラー：アンスラサイトはこちら<br />レバーカラー：ゴールド / レバータイプ：スタンダード / アジャスターカラー：ブルーはこちら<br />レバーカラー：ゴールド / レバータイプ：スタンダード / アジャスターカラー：シルバーはこちら<br />レバーカラー：ゴールド / レバータイプ：スタンダード / アジャスターカラー：ブラックはこちら<br />レバーカラー：シルバー / レバータイプ：スタンダード / アジャスターカラー：レッドはこちら<br />レバーカラー：シルバー / レバータイプ：スタンダード / アジャスターカラー：アンスラサイトはこちら<br />レバーカラー：シルバー / レバータイプ：スタンダード / アジャスターカラー：ブルーはこちら<br />レバーカラー：シルバー / レバータイプ：スタンダード / アジャスターカラー：ゴールドはこちら<br />レバーカラー：シルバー / レバータイプ：スタンダード / アジャスターカラー：シルバーはこちら<br />レバーカラー：シルバー / レバータイプ：スタンダード / アジャスターカラー：ブラックはこちら<br />レバーカラー：ブラック / レバータイプ：スタンダード / アジャスターカラー：レッドはこちら<br />レバーカラー：ブラック / レバータイプ：スタンダード / アジャスターカラー：アンスラサイトはこちら<br />レバーカラー：ブラック / レバータイプ：スタンダード / アジャスターカラー：ブルーはこちら<br />レバーカラー：ブラック / レバータイプ：スタンダード / アジャスターカラー：ゴールドはこちら<br />レバーカラー：ブラック / レバータイプ：スタンダード / アジャスターカラー：シルバーはこちら<br />レバーカラー：ブラック / レバータイプ：スタンダード / アジャスターカラー：ブラックはこちら<br />レバーカラー：アンスラサイト / レバータイプ：ショート / アジャスターカラー：レッドはこちら<br />レバーカラー：アンスラサイト / レバータイプ：ショート / アジャスターカラー：アンスラサイトはこちら<br />レバーカラー：アンスラサイト / レバータイプ：ショート / アジャスターカラー：ブルーはこちら<br />レバーカラー：アンスラサイト / レバータイプ：ショート / アジャスターカラー：ゴールドはこちら<br />レバーカラー：アンスラサイト / レバータイプ：ショート / アジャスターカラー：シルバーはこちら<br />レバーカラー：アンスラサイト / レバータイプ：ショート / アジャスターカラー：ブラックはこちら<br />レバーカラー：ゴールド / レバータイプ：ショート / アジャスターカラー：レッドはこちら<br />レバーカラー：ゴールド / レバータイプ：ショート / アジャスターカラー：アンスラサイトはこちら<br />レバーカラー：ゴールド / レバータイプ：ショート / アジャスターカラー：ブルーはこちら<br />レバーカラー：ゴールド / レバータイプ：ショート / アジャスターカラー：ゴールドはこちら<br />レバーカラー：ゴールド / レバータイプ：ショート / アジャスターカラー：シルバーはこちら<br />レバーカラー：ゴールド / レバータイプ：ショート / アジャスターカラー：ブラックはこちら<br />レバーカラー：シルバー / レバータイプ：ショート / アジャスターカラー：レッドはこちら<br />レバーカラー：シルバー / レバータイプ：ショート / アジャスターカラー：アンスラサイトはこちら<br />レバーカラー：シルバー / レバータイプ：ショート / アジャスターカラー：ブルーはこちら<br />レバーカラー：シルバー / レバータイプ：ショート / アジャスターカラー：ゴールドはこちら<br />レバーカラー：シルバー / レバータイプ：ショート / アジャスターカラー：シ,【イベント開催中！】LSL レバー アジャスタブルクラッチレバー アジャスターカラー：ゴールド レバーカラー：ゴールド レバータイプ：スタンダード：ウェビック　楽天市場店,バイクカスタム改造ドレスアップヘルメットマフラーカウルオートバイ二輪車大型バイク中型バイクバイク用品パーツミラーツーリングジャケットタイヤ原付サーキットオフロード【イベント開催中！】LSL レバー アジャスタブルクラッチレバー アジャスターカラー：ゴールド レバーカラー：ゴールド レバータイプ：スタンダード,【送料無料】LSL レバー アジャスタブルクラッチレバー。【イベント開催中！】LSL レバー アジャスタブルクラッチレバー アジャスターカラー：ゴールド レバーカラー：ゴールド レバータイプ：スタンダード[rn]
18-31130,http://tshop.r10s.jp/webike-rb/cabinet/img760/22800080_0.jpg?fitin=700:700,10837.6000,,車用品・バイク用品 > バイク用品 > ブレーキ関連パーツ > ブレーキレバー > その他,【イベント開催中！】LSL レバー アジャスタブルクラッチレバー アジャスターカラー：シルバー レバーカラー：ゴールド レバータイプ：スタンダード,【送料無料】LSL レバー アジャスタブルクラッチレバー,レバーカラー：アンスラサイト / レバータイプ：スタンダード / アジャスターカラー：レッドはこちら<br />レバーカラー：アンスラサイト / レバータイプ：スタンダード / アジャスターカラー：アンスラサイトはこちら<br />レバーカラー：アンスラサイト / レバータイプ：スタンダード / アジャスターカラー：ブルーはこちら<br />レバーカラー：アンスラサイト / レバータイプ：スタンダード / アジャスターカラー：ゴールドはこちら<br />レバーカラー：アンスラサイト / レバータイプ：スタンダード / アジャスターカラー：シルバーはこちら<br />レバーカラー：アンスラサイト / レバータイプ：スタンダード / アジャスターカラー：ブラックはこちら<br />レバーカラー：ゴールド / レバータイプ：スタンダード / アジャスターカラー：レッドはこちら<br />レバーカラー：ゴールド / レバータイプ：スタンダード / アジャスターカラー：アンスラサイトはこちら<br />レバーカラー：ゴールド / レバータイプ：スタンダード / アジャスターカラー：ブルーはこちら<br />レバーカラー：ゴールド / レバータイプ：スタンダード / アジャスターカラー：ゴールドはこちら<br />レバーカラー：ゴールド / レバータイプ：スタンダード / アジャスターカラー：ブラックはこちら<br />レバーカラー：シルバー / レバータイプ：スタンダード / アジャスターカラー：レッドはこちら<br />レバーカラー：シルバー / レバータイプ：スタンダード / アジャスターカラー：アンスラサイトはこちら<br />レバーカラー：シルバー / レバータイプ：スタンダード / アジャスターカラー：ブルーはこちら<br />レバーカラー：シルバー / レバータイプ：スタンダード / アジャスターカラー：ゴールドはこちら<br />レバーカラー：シルバー / レバータイプ：スタンダード / アジャスターカラー：シルバーはこちら<br />レバーカラー：シルバー / レバータイプ：スタンダード / アジャスターカラー：ブラックはこちら<br />レバーカラー：ブラック / レバータイプ：スタンダード / アジャスターカラー：レッドはこちら<br />レバーカラー：ブラック / レバータイプ：スタンダード / アジャスターカラー：アンスラサイトはこちら<br />レバーカラー：ブラック / レバータイプ：スタンダード / アジャスターカラー：ブルーはこちら<br />レバーカラー：ブラック / レバータイプ：スタンダード / アジャスターカラー：ゴールドはこちら<br />レバーカラー：ブラック / レバータイプ：スタンダード / アジャスターカラー：シルバーはこちら<br />レバーカラー：ブラック / レバータイプ：スタンダード / アジャスターカラー：ブラックはこちら<br />レバーカラー：アンスラサイト / レバータイプ：ショート / アジャスターカラー：レッドはこちら<br />レバーカラー：アンスラサイト / レバータイプ：ショート / アジャスターカラー：アンスラサイトはこちら<br />レバーカラー：アンスラサイト / レバータイプ：ショート / アジャスターカラー：ブルーはこちら<br />レバーカラー：アンスラサイト / レバータイプ：ショート / アジャスターカラー：ゴールドはこちら<br />レバーカラー：アンスラサイト / レバータイプ：ショート / アジャスターカラー：シルバーはこちら<br />レバーカラー：アンスラサイト / レバータイプ：ショート / アジャスターカラー：ブラックはこちら<br />レバーカラー：ゴールド / レバータイプ：ショート / アジャスターカラー：レッドはこちら<br />レバーカラー：ゴールド / レバータイプ：ショート / アジャスターカラー：アンスラサイトはこちら<br />レバーカラー：ゴールド / レバータイプ：ショート / アジャスターカラー：ブルーはこちら<br />レバーカラー：ゴールド / レバータイプ：ショート / アジャスターカラー：ゴールドはこちら<br />レバーカラー：ゴールド / レバータイプ：ショート / アジャスターカラー：シルバーはこちら<br />レバーカラー：ゴールド / レバータイプ：ショート / アジャスターカラー：ブラックはこちら<br />レバーカラー：シルバー / レバータイプ：ショート / アジャスターカラー：レッドはこちら<br />レバーカラー：シルバー / レバータイプ：ショート / アジャスターカラー：アンスラサイトはこちら<br />レバーカラー：シルバー / レバータイプ：ショート / アジャスターカラー：ブルーはこちら<br />レバーカラー：シルバー / レバータイプ：ショート / アジャスターカラー：ゴールドはこちら<br />レバーカラー：シルバー / レバータイプ：ショート / アジャスターカラー：シ,【イベント開催中！】LSL レバー アジャスタブルクラッチレバー アジャスターカラー：シルバー レバーカラー：ゴールド レバータイプ：スタンダード：ウェビック　楽天市場店,バイクカスタム改造ドレスアップヘルメットマフラーカウルオートバイ二輪車大型バイク中型バイクバイク用品パーツミラーツーリングジャケットタイヤ原付サーキットオフロード【イベント開催中！】LSL レバー アジャスタブルクラッチレバー アジャスターカラー：シルバー レバーカラー：ゴールド レバータイプ：スタンダード,【送料無料】LSL レバー アジャスタブルクラッチレバー。【イベント開催中！】LSL レバー アジャスタブルクラッチレバー アジャスターカラー：シルバー レバーカラー：ゴールド レバータイプ：スタンダード[rn]
18-31131,http://tshop.r10s.jp/webike-rb/cabinet/img760/22800081_0.jpg?fitin=700:700,10837.6000,,車用品・バイク用品 > バイク用品 > ブレーキ関連パーツ > ブレーキレバー > その他,【イベント開催中！】LSL レバー アジャスタブルクラッチレバー アジャスターカラー：ブラック レバーカラー：ゴールド レバータイプ：スタンダード,【送料無料】LSL レバー アジャスタブルクラッチレバー,レバーカラー：アンスラサイト / レバータイプ：スタンダード / アジャスターカラー：レッドはこちら<br />レバーカラー：アンスラサイト / レバータイプ：スタンダード / アジャスターカラー：アンスラサイトはこちら<br />レバーカラー：アンスラサイト / レバータイプ：スタンダード / アジャスターカラー：ブルーはこちら<br />レバーカラー：アンスラサイト / レバータイプ：スタンダード / アジャスターカラー：ゴールドはこちら<br />レバーカラー：アンスラサイト / レバータイプ：スタンダード / アジャスターカラー：シルバーはこちら<br />レバーカラー：アンスラサイト / レバータイプ：スタンダード / アジャスターカラー：ブラックはこちら<br />レバーカラー：ゴールド / レバータイプ：スタンダード / アジャスターカラー：レッドはこちら<br />レバーカラー：ゴールド / レバータイプ：スタンダード / アジャスターカラー：アンスラサイトはこちら<br />レバーカラー：ゴールド / レバータイプ：スタンダード / アジャスターカラー：ブルーはこちら<br />レバーカラー：ゴールド / レバータイプ：スタンダード / アジャスターカラー：ゴールドはこちら<br />レバーカラー：ゴールド / レバータイプ：スタンダード / アジャスターカラー：シルバーはこちら<br />レバーカラー：シルバー / レバータイプ：スタンダード / アジャスターカラー：レッドはこちら<br />レバーカラー：シルバー / レバータイプ：スタンダード / アジャスターカラー：アンスラサイトはこちら<br />レバーカラー：シルバー / レバータイプ：スタンダード / アジャスターカラー：ブルーはこちら<br />レバーカラー：シルバー / レバータイプ：スタンダード / アジャスターカラー：ゴールドはこちら<br />レバーカラー：シルバー / レバータイプ：スタンダード / アジャスターカラー：シルバーはこちら<br />レバーカラー：シルバー / レバータイプ：スタンダード / アジャスターカラー：ブラックはこちら<br />レバーカラー：ブラック / レバータイプ：スタンダード / アジャスターカラー：レッドはこちら<br />レバーカラー：ブラック / レバータイプ：スタンダード / アジャスターカラー：アンスラサイトはこちら<br />レバーカラー：ブラック / レバータイプ：スタンダード / アジャスターカラー：ブルーはこちら<br />レバーカラー：ブラック / レバータイプ：スタンダード / アジャスターカラー：ゴールドはこちら<br />レバーカラー：ブラック / レバータイプ：スタンダード / アジャスターカラー：シルバーはこちら<br />レバーカラー：ブラック / レバータイプ：スタンダード / アジャスターカラー：ブラックはこちら<br />レバーカラー：アンスラサイト / レバータイプ：ショート / アジャスターカラー：レッドはこちら<br />レバーカラー：アンスラサイト / レバータイプ：ショート / アジャスターカラー：アンスラサイトはこちら<br />レバーカラー：アンスラサイト / レバータイプ：ショート / アジャスターカラー：ブルーはこちら<br />レバーカラー：アンスラサイト / レバータイプ：ショート / アジャスターカラー：ゴールドはこちら<br />レバーカラー：アンスラサイト / レバータイプ：ショート / アジャスターカラー：シルバーはこちら<br />レバーカラー：アンスラサイト / レバータイプ：ショート / アジャスターカラー：ブラックはこちら<br />レバーカラー：ゴールド / レバータイプ：ショート / アジャスターカラー：レッドはこちら<br />レバーカラー：ゴールド / レバータイプ：ショート / アジャスターカラー：アンスラサイトはこちら<br />レバーカラー：ゴールド / レバータイプ：ショート / アジャスターカラー：ブルーはこちら<br />レバーカラー：ゴールド / レバータイプ：ショート / アジャスターカラー：ゴールドはこちら<br />レバーカラー：ゴールド / レバータイプ：ショート / アジャスターカラー：シルバーはこちら<br />レバーカラー：ゴールド / レバータイプ：ショート / アジャスターカラー：ブラックはこちら<br />レバーカラー：シルバー / レバータイプ：ショート / アジャスターカラー：レッドはこちら<br />レバーカラー：シルバー / レバータイプ：ショート / アジャスターカラー：アンスラサイトはこちら<br />レバーカラー：シルバー / レバータイプ：ショート / アジャスターカラー：ブルーはこちら<br />レバーカラー：シルバー / レバータイプ：ショート / アジャスターカラー：ゴールドはこちら<br />レバーカラー：シルバー / レバータイプ：ショート / アジャスターカラー：シ,【イベント開催中！】LSL レバー アジャスタブルクラッチレバー アジャスターカラー：ブラック レバーカラー：ゴールド レバータイプ：スタンダード：ウェビック　楽天市場店,バイクカスタム改造ドレスアップヘルメットマフラーカウルオートバイ二輪車大型バイク中型バイクバイク用品パーツミラーツーリングジャケットタイヤ原付サーキットオフロード【イベント開催中！】LSL レバー アジャスタブルクラッチレバー アジャスターカラー：ブラック レバーカラー：ゴールド レバータイプ：スタンダード,【送料無料】LSL レバー アジャスタブルクラッチレバー。【イベント開催中！】LSL レバー アジャスタブルクラッチレバー アジャスターカラー：ブラック レバーカラー：ゴールド レバータイプ：スタンダード[rn]
18-31132,http://tshop.r10s.jp/webike-rb/cabinet/img760/22800082_0.jpg?fitin=700:700,10837.6000,,車用品・バイク用品 > バイク用品 > ブレーキ関連パーツ > ブレーキレバー > その他,【イベント開催中！】LSL レバー アジャスタブルクラッチレバー アジャスターカラー：レッド レバーカラー：シルバー レバータイプ：スタンダード,【送料無料】LSL レバー アジャスタブルクラッチレバー,レバーカラー：アンスラサイト / レバータイプ：スタンダード / アジャスターカラー：レッドはこちら<br />レバーカラー：アンスラサイト / レバータイプ：スタンダード / アジャスターカラー：アンスラサイトはこちら<br />レバーカラー：アンスラサイト / レバータイプ：スタンダード / アジャスターカラー：ブルーはこちら<br />レバーカラー：アンスラサイト / レバータイプ：スタンダード / アジャスターカラー：ゴールドはこちら<br />レバーカラー：アンスラサイト / レバータイプ：スタンダード / アジャスターカラー：シルバーはこちら<br />レバーカラー：アンスラサイト / レバータイプ：スタンダード / アジャスターカラー：ブラックはこちら<br />レバーカラー：ゴールド / レバータイプ：スタンダード / アジャスターカラー：レッドはこちら<br />レバーカラー：ゴールド / レバータイプ：スタンダード / アジャスターカラー：アンスラサイトはこちら<br />レバーカラー：ゴールド / レバータイプ：スタンダード / アジャスターカラー：ブルーはこちら<br />レバーカラー：ゴールド / レバータイプ：スタンダード / アジャスターカラー：ゴールドはこちら<br />レバーカラー：ゴールド / レバータイプ：スタンダード / アジャスターカラー：シルバーはこちら<br />レバーカラー：ゴールド / レバータイプ：スタンダード / アジャスターカラー：ブラックはこちら<br />レバーカラー：シルバー / レバータイプ：スタンダード / アジャスターカラー：アンスラサイトはこちら<br />レバーカラー：シルバー / レバータイプ：スタンダード / アジャスターカラー：ブルーはこちら<br />レバーカラー：シルバー / レバータイプ：スタンダード / アジャスターカラー：ゴールドはこちら<br />レバーカラー：シルバー / レバータイプ：スタンダード / アジャスターカラー：シルバーはこちら<br />レバーカラー：シルバー / レバータイプ：スタンダード / アジャスターカラー：ブラックはこちら<br />レバーカラー：ブラック / レバータイプ：スタンダード / アジャスターカラー：レッドはこちら<br />レバーカラー：ブラック / レバータイプ：スタンダード / アジャスターカラー：アンスラサイトはこちら<br />レバーカラー：ブラック / レバータイプ：スタンダード / アジャスターカラー：ブルーはこちら<br />レバーカラー：ブラック / レバータイプ：スタンダード / アジャスターカラー：ゴールドはこちら<br />レバーカラー：ブラック / レバータイプ：スタンダード / アジャスターカラー：シルバーはこちら<br />レバーカラー：ブラック / レバータイプ：スタンダード / アジャスターカラー：ブラックはこちら<br />レバーカラー：アンスラサイト / レバータイプ：ショート / アジャスターカラー：レッドはこちら<br />レバーカラー：アンスラサイト / レバータイプ：ショート / アジャスターカラー：アンスラサイトはこちら<br />レバーカラー：アンスラサイト / レバータイプ：ショート / アジャスターカラー：ブルーはこちら<br />レバーカラー：アンスラサイト / レバータイプ：ショート / アジャスターカラー：ゴールドはこちら<br />レバーカラー：アンスラサイト / レバータイプ：ショート / アジャスターカラー：シルバーはこちら<br />レバーカラー：アンスラサイト / レバータイプ：ショート / アジャスターカラー：ブラックはこちら<br />レバーカラー：ゴールド / レバータイプ：ショート / アジャスターカラー：レッドはこちら<br />レバーカラー：ゴールド / レバータイプ：ショート / アジャスターカラー：アンスラサイトはこちら<br />レバーカラー：ゴールド / レバータイプ：ショート / アジャスターカラー：ブルーはこちら<br />レバーカラー：ゴールド / レバータイプ：ショート / アジャスターカラー：ゴールドはこちら<br />レバーカラー：ゴールド / レバータイプ：ショート / アジャスターカラー：シルバーはこちら<br />レバーカラー：ゴールド / レバータイプ：ショート / アジャスターカラー：ブラックはこちら<br />レバーカラー：シルバー / レバータイプ：ショート / アジャスターカラー：レッドはこちら<br />レバーカラー：シルバー / レバータイプ：ショート / アジャスターカラー：アンスラサイトはこちら<br />レバーカラー：シルバー / レバータイプ：ショート / アジャスターカラー：ブルーはこちら<br />レバーカラー：シルバー / レバータイプ：ショート / アジャスターカラー：ゴールドはこちら<br />レバーカラー：シルバー / レバータイプ：ショート / アジャスターカラー：,【イベント開催中！】LSL レバー アジャスタブルクラッチレバー アジャスターカラー：レッド レバーカラー：シルバー レバータイプ：スタンダード：ウェビック　楽天市場店,バイクカスタム改造ドレスアップヘルメットマフラーカウルオートバイ二輪車大型バイク中型バイクバイク用品パーツミラーツーリングジャケットタイヤ原付サーキットオフロード【イベント開催中！】LSL レバー アジャスタブルクラッチレバー アジャスターカラー：レッド レバーカラー：シルバー レバータイプ：スタンダード,【送料無料】LSL レバー アジャスタブルクラッチレバー。【イベント開催中！】LSL レバー アジャスタブルクラッチレバー アジャスターカラー：レッド レバーカラー：シルバー レバータイプ：スタンダード[rn]
18-31133,http://tshop.r10s.jp/webike-rb/cabinet/img760/22800083_0.jpg?fitin=700:700,10837.6000,,車用品・バイク用品 > バイク用品 > ブレーキ関連パーツ > ブレーキレバー > その他,【イベント開催中！】LSL レバー アジャスタブルクラッチレバー アジャスターカラー：アンスラサイト レバーカラー：シルバー レバータイプ：スタンダード,【送料無料】LSL レバー アジャスタブルクラッチレバー,レバーカラー：アンスラサイト / レバータイプ：スタンダード / アジャスターカラー：レッドはこちら<br />レバーカラー：アンスラサイト / レバータイプ：スタンダード / アジャスターカラー：アンスラサイトはこちら<br />レバーカラー：アンスラサイト / レバータイプ：スタンダード / アジャスターカラー：ブルーはこちら<br />レバーカラー：アンスラサイト / レバータイプ：スタンダード / アジャスターカラー：ゴールドはこちら<br />レバーカラー：アンスラサイト / レバータイプ：スタンダード / アジャスターカラー：シルバーはこちら<br />レバーカラー：アンスラサイト / レバータイプ：スタンダード / アジャスターカラー：ブラックはこちら<br />レバーカラー：ゴールド / レバータイプ：スタンダード / アジャスターカラー：レッドはこちら<br />レバーカラー：ゴールド / レバータイプ：スタンダード / アジャスターカラー：アンスラサイトはこちら<br />レバーカラー：ゴールド / レバータイプ：スタンダード / アジャスターカラー：ブルーはこちら<br />レバーカラー：ゴールド / レバータイプ：スタンダード / アジャスターカラー：ゴールドはこちら<br />レバーカラー：ゴールド / レバータイプ：スタンダード / アジャスターカラー：シルバーはこちら<br />レバーカラー：ゴールド / レバータイプ：スタンダード / アジャスターカラー：ブラックはこちら<br />レバーカラー：シルバー / レバータイプ：スタンダード / アジャスターカラー：レッドはこちら<br />レバーカラー：シルバー / レバータイプ：スタンダード / アジャスターカラー：ブルーはこちら<br />レバーカラー：シルバー / レバータイプ：スタンダード / アジャスターカラー：ゴールドはこちら<br />レバーカラー：シルバー / レバータイプ：スタンダード / アジャスターカラー：シルバーはこちら<br />レバーカラー：シルバー / レバータイプ：スタンダード / アジャスターカラー：ブラックはこちら<br />レバーカラー：ブラック / レバータイプ：スタンダード / アジャスターカラー：レッドはこちら<br />レバーカラー：ブラック / レバータイプ：スタンダード / アジャスターカラー：アンスラサイトはこちら<br />レバーカラー：ブラック / レバータイプ：スタンダード / アジャスターカラー：ブルーはこちら<br />レバーカラー：ブラック / レバータイプ：スタンダード / アジャスターカラー：ゴールドはこちら<br />レバーカラー：ブラック / レバータイプ：スタンダード / アジャスターカラー：シルバーはこちら<br />レバーカラー：ブラック / レバータイプ：スタンダード / アジャスターカラー：ブラックはこちら<br />レバーカラー：アンスラサイト / レバータイプ：ショート / アジャスターカラー：レッドはこちら<br />レバーカラー：アンスラサイト / レバータイプ：ショート / アジャスターカラー：アンスラサイトはこちら<br />レバーカラー：アンスラサイト / レバータイプ：ショート / アジャスターカラー：ブルーはこちら<br />レバーカラー：アンスラサイト / レバータイプ：ショート / アジャスターカラー：ゴールドはこちら<br />レバーカラー：アンスラサイト / レバータイプ：ショート / アジャスターカラー：シルバーはこちら<br />レバーカラー：アンスラサイト / レバータイプ：ショート / アジャスターカラー：ブラックはこちら<br />レバーカラー：ゴールド / レバータイプ：ショート / アジャスターカラー：レッドはこちら<br />レバーカラー：ゴールド / レバータイプ：ショート / アジャスターカラー：アンスラサイトはこちら<br />レバーカラー：ゴールド / レバータイプ：ショート / アジャスターカラー：ブルーはこちら<br />レバーカラー：ゴールド / レバータイプ：ショート / アジャスターカラー：ゴールドはこちら<br />レバーカラー：ゴールド / レバータイプ：ショート / アジャスターカラー：シルバーはこちら<br />レバーカラー：ゴールド / レバータイプ：ショート / アジャスターカラー：ブラックはこちら<br />レバーカラー：シルバー / レバータイプ：ショート / アジャスターカラー：レッドはこちら<br />レバーカラー：シルバー / レバータイプ：ショート / アジャスターカラー：アンスラサイトはこちら<br />レバーカラー：シルバー / レバータイプ：ショート / アジャスターカラー：ブルーはこちら<br />レバーカラー：シルバー / レバータイプ：ショート / アジャスターカラー：ゴールドはこちら<br />レバーカラー：シルバー / レバータイプ：ショート / アジャスターカラー：シルバー,【イベント開催中！】LSL レバー アジャスタブルクラッチレバー アジャスターカラー：アンスラサイト レバーカラー：シルバー レバータイプ：スタンダード：ウェビック　楽天市場店,バイクカスタム改造ドレスアップヘルメットマフラーカウルオートバイ二輪車大型バイク中型バイクバイク用品パーツミラーツーリングジャケットタイヤ原付サーキットオフロード【イベント開催中！】LSL レバー アジャスタブルクラッチレバー アジャスターカラー：アンスラサイト レバーカラー：シルバー レバータイプ：スタンダード,【送料無料】LSL レバー アジャスタブルクラッチレバー。【イベント開催中！】LSL レバー アジャスタブルクラッチレバー アジャスターカラー：アンスラサイト レバーカラー：シルバー レバータイプ：スタンダード[rn]
18-31134,http://tshop.r10s.jp/webike-rb/cabinet/img760/22800084_0.jpg?fitin=700:700,10837.6000,,車用品・バイク用品 > バイク用品 > ブレーキ関連パーツ > ブレーキレバー > その他,【イベント開催中！】LSL レバー アジャスタブルクラッチレバー アジャスターカラー：ブルー レバーカラー：シルバー レバータイプ：スタンダード,【送料無料】LSL レバー アジャスタブルクラッチレバー,レバーカラー：アンスラサイト / レバータイプ：スタンダード / アジャスターカラー：レッドはこちら<br />レバーカラー：アンスラサイト / レバータイプ：スタンダード / アジャスターカラー：アンスラサイトはこちら<br />レバーカラー：アンスラサイト / レバータイプ：スタンダード / アジャスターカラー：ブルーはこちら<br />レバーカラー：アンスラサイト / レバータイプ：スタンダード / アジャスターカラー：ゴールドはこちら<br />レバーカラー：アンスラサイト / レバータイプ：スタンダード / アジャスターカラー：シルバーはこちら<br />レバーカラー：アンスラサイト / レバータイプ：スタンダード / アジャスターカラー：ブラックはこちら<br />レバーカラー：ゴールド / レバータイプ：スタンダード / アジャスターカラー：レッドはこちら<br />レバーカラー：ゴールド / レバータイプ：スタンダード / アジャスターカラー：アンスラサイトはこちら<br />レバーカラー：ゴールド / レバータイプ：スタンダード / アジャスターカラー：ブルーはこちら<br />レバーカラー：ゴールド / レバータイプ：スタンダード / アジャスターカラー：ゴールドはこちら<br />レバーカラー：ゴールド / レバータイプ：スタンダード / アジャスターカラー：シルバーはこちら<br />レバーカラー：ゴールド / レバータイプ：スタンダード / アジャスターカラー：ブラックはこちら<br />レバーカラー：シルバー / レバータイプ：スタンダード / アジャスターカラー：レッドはこちら<br />レバーカラー：シルバー / レバータイプ：スタンダード / アジャスターカラー：アンスラサイトはこちら<br />レバーカラー：シルバー / レバータイプ：スタンダード / アジャスターカラー：ゴールドはこちら<br />レバーカラー：シルバー / レバータイプ：スタンダード / アジャスターカラー：シルバーはこちら<br />レバーカラー：シルバー / レバータイプ：スタンダード / アジャスターカラー：ブラックはこちら<br />レバーカラー：ブラック / レバータイプ：スタンダード / アジャスターカラー：レッドはこちら<br />レバーカラー：ブラック / レバータイプ：スタンダード / アジャスターカラー：アンスラサイトはこちら<br />レバーカラー：ブラック / レバータイプ：スタンダード / アジャスターカラー：ブルーはこちら<br />レバーカラー：ブラック / レバータイプ：スタンダード / アジャスターカラー：ゴールドはこちら<br />レバーカラー：ブラック / レバータイプ：スタンダード / アジャスターカラー：シルバーはこちら<br />レバーカラー：ブラック / レバータイプ：スタンダード / アジャスターカラー：ブラックはこちら<br />レバーカラー：アンスラサイト / レバータイプ：ショート / アジャスターカラー：レッドはこちら<br />レバーカラー：アンスラサイト / レバータイプ：ショート / アジャスターカラー：アンスラサイトはこちら<br />レバーカラー：アンスラサイト / レバータイプ：ショート / アジャスターカラー：ブルーはこちら<br />レバーカラー：アンスラサイト / レバータイプ：ショート / アジャスターカラー：ゴールドはこちら<br />レバーカラー：アンスラサイト / レバータイプ：ショート / アジャスターカラー：シルバーはこちら<br />レバーカラー：アンスラサイト / レバータイプ：ショート / アジャスターカラー：ブラックはこちら<br />レバーカラー：ゴールド / レバータイプ：ショート / アジャスターカラー：レッドはこちら<br />レバーカラー：ゴールド / レバータイプ：ショート / アジャスターカラー：アンスラサイトはこちら<br />レバーカラー：ゴールド / レバータイプ：ショート / アジャスターカラー：ブルーはこちら<br />レバーカラー：ゴールド / レバータイプ：ショート / アジャスターカラー：ゴールドはこちら<br />レバーカラー：ゴールド / レバータイプ：ショート / アジャスターカラー：シルバーはこちら<br />レバーカラー：ゴールド / レバータイプ：ショート / アジャスターカラー：ブラックはこちら<br />レバーカラー：シルバー / レバータイプ：ショート / アジャスターカラー：レッドはこちら<br />レバーカラー：シルバー / レバータイプ：ショート / アジャスターカラー：アンスラサイトはこちら<br />レバーカラー：シルバー / レバータイプ：ショート / アジャスターカラー：ブルーはこちら<br />レバーカラー：シルバー / レバータイプ：ショート / アジャスターカラー：ゴールドはこちら<br />レバーカラー：シルバー / レバータイプ：ショート / アジャスターカラー：,【イベント開催中！】LSL レバー アジャスタブルクラッチレバー アジャスターカラー：ブルー レバーカラー：シルバー レバータイプ：スタンダード：ウェビック　楽天市場店,バイクカスタム改造ドレスアップヘルメットマフラーカウルオートバイ二輪車大型バイク中型バイクバイク用品パーツミラーツーリングジャケットタイヤ原付サーキットオフロード【イベント開催中！】LSL レバー アジャスタブルクラッチレバー アジャスターカラー：ブルー レバーカラー：シルバー レバータイプ：スタンダード,【送料無料】LSL レバー アジャスタブルクラッチレバー。【イベント開催中！】LSL レバー アジャスタブルクラッチレバー アジャスターカラー：ブルー レバーカラー：シルバー レバータイプ：スタンダード[rn]
18-31135,http://tshop.r10s.jp/webike-rb/cabinet/img760/22800085_0.jpg?fitin=700:700,10837.6000,,車用品・バイク用品 > バイク用品 > ブレーキ関連パーツ > ブレーキレバー > その他,【イベント開催中！】LSL レバー アジャスタブルクラッチレバー アジャスターカラー：ゴールド レバーカラー：シルバー レバータイプ：スタンダード,【送料無料】LSL レバー アジャスタブルクラッチレバー,レバーカラー：アンスラサイト / レバータイプ：スタンダード / アジャスターカラー：レッドはこちら<br />レバーカラー：アンスラサイト / レバータイプ：スタンダード / アジャスターカラー：アンスラサイトはこちら<br />レバーカラー：アンスラサイト / レバータイプ：スタンダード / アジャスターカラー：ブルーはこちら<br />レバーカラー：アンスラサイト / レバータイプ：スタンダード / アジャスターカラー：ゴールドはこちら<br />レバーカラー：アンスラサイト / レバータイプ：スタンダード / アジャスターカラー：シルバーはこちら<br />レバーカラー：アンスラサイト / レバータイプ：スタンダード / アジャスターカラー：ブラックはこちら<br />レバーカラー：ゴールド / レバータイプ：スタンダード / アジャスターカラー：レッドはこちら<br />レバーカラー：ゴールド / レバータイプ：スタンダード / アジャスターカラー：アンスラサイトはこちら<br />レバーカラー：ゴールド / レバータイプ：スタンダード / アジャスターカラー：ブルーはこちら<br />レバーカラー：ゴールド / レバータイプ：スタンダード / アジャスターカラー：ゴールドはこちら<br />レバーカラー：ゴールド / レバータイプ：スタンダード / アジャスターカラー：シルバーはこちら<br />レバーカラー：ゴールド / レバータイプ：スタンダード / アジャスターカラー：ブラックはこちら<br />レバーカラー：シルバー / レバータイプ：スタンダード / アジャスターカラー：レッドはこちら<br />レバーカラー：シルバー / レバータイプ：スタンダード / アジャスターカラー：アンスラサイトはこちら<br />レバーカラー：シルバー / レバータイプ：スタンダード / アジャスターカラー：ブルーはこちら<br />レバーカラー：シルバー / レバータイプ：スタンダード / アジャスターカラー：シルバーはこちら<br />レバーカラー：シルバー / レバータイプ：スタンダード / アジャスターカラー：ブラックはこちら<br />レバーカラー：ブラック / レバータイプ：スタンダード / アジャスターカラー：レッドはこちら<br />レバーカラー：ブラック / レバータイプ：スタンダード / アジャスターカラー：アンスラサイトはこちら<br />レバーカラー：ブラック / レバータイプ：スタンダード / アジャスターカラー：ブルーはこちら<br />レバーカラー：ブラック / レバータイプ：スタンダード / アジャスターカラー：ゴールドはこちら<br />レバーカラー：ブラック / レバータイプ：スタンダード / アジャスターカラー：シルバーはこちら<br />レバーカラー：ブラック / レバータイプ：スタンダード / アジャスターカラー：ブラックはこちら<br />レバーカラー：アンスラサイト / レバータイプ：ショート / アジャスターカラー：レッドはこちら<br />レバーカラー：アンスラサイト / レバータイプ：ショート / アジャスターカラー：アンスラサイトはこちら<br />レバーカラー：アンスラサイト / レバータイプ：ショート / アジャスターカラー：ブルーはこちら<br />レバーカラー：アンスラサイト / レバータイプ：ショート / アジャスターカラー：ゴールドはこちら<br />レバーカラー：アンスラサイト / レバータイプ：ショート / アジャスターカラー：シルバーはこちら<br />レバーカラー：アンスラサイト / レバータイプ：ショート / アジャスターカラー：ブラックはこちら<br />レバーカラー：ゴールド / レバータイプ：ショート / アジャスターカラー：レッドはこちら<br />レバーカラー：ゴールド / レバータイプ：ショート / アジャスターカラー：アンスラサイトはこちら<br />レバーカラー：ゴールド / レバータイプ：ショート / アジャスターカラー：ブルーはこちら<br />レバーカラー：ゴールド / レバータイプ：ショート / アジャスターカラー：ゴールドはこちら<br />レバーカラー：ゴールド / レバータイプ：ショート / アジャスターカラー：シルバーはこちら<br />レバーカラー：ゴールド / レバータイプ：ショート / アジャスターカラー：ブラックはこちら<br />レバーカラー：シルバー / レバータイプ：ショート / アジャスターカラー：レッドはこちら<br />レバーカラー：シルバー / レバータイプ：ショート / アジャスターカラー：アンスラサイトはこちら<br />レバーカラー：シルバー / レバータイプ：ショート / アジャスターカラー：ブルーはこちら<br />レバーカラー：シルバー / レバータイプ：ショート / アジャスターカラー：ゴールドはこちら<br />レバーカラー：シルバー / レバータイプ：ショート / アジャスターカラー：シ,【イベント開催中！】LSL レバー アジャスタブルクラッチレバー アジャスターカラー：ゴールド レバーカラー：シルバー レバータイプ：スタンダード：ウェビック　楽天市場店,バイクカスタム改造ドレスアップヘルメットマフラーカウルオートバイ二輪車大型バイク中型バイクバイク用品パーツミラーツーリングジャケットタイヤ原付サーキットオフロード【イベント開催中！】LSL レバー アジャスタブルクラッチレバー アジャスターカラー：ゴールド レバーカラー：シルバー レバータイプ：スタンダード,【送料無料】LSL レバー アジャスタブルクラッチレバー。【イベント開催中！】LSL レバー アジャスタブルクラッチレバー アジャスターカラー：ゴールド レバーカラー：シルバー レバータイプ：スタンダード[rn]
18-31136,http://tshop.r10s.jp/webike-rb/cabinet/img760/22800086_0.jpg?fitin=700:700,10837.6000,,車用品・バイク用品 > バイク用品 > ブレーキ関連パーツ > ブレーキレバー > その他,【イベント開催中！】LSL レバー アジャスタブルクラッチレバー アジャスターカラー：シルバー レバーカラー：シルバー レバータイプ：スタンダード,【送料無料】LSL レバー アジャスタブルクラッチレバー,レバーカラー：アンスラサイト / レバータイプ：スタンダード / アジャスターカラー：レッドはこちら<br />レバーカラー：アンスラサイト / レバータイプ：スタンダード / アジャスターカラー：アンスラサイトはこちら<br />レバーカラー：アンスラサイト / レバータイプ：スタンダード / アジャスターカラー：ブルーはこちら<br />レバーカラー：アンスラサイト / レバータイプ：スタンダード / アジャスターカラー：ゴールドはこちら<br />レバーカラー：アンスラサイト / レバータイプ：スタンダード / アジャスターカラー：シルバーはこちら<br />レバーカラー：アンスラサイト / レバータイプ：スタンダード / アジャスターカラー：ブラックはこちら<br />レバーカラー：ゴールド / レバータイプ：スタンダード / アジャスターカラー：レッドはこちら<br />レバーカラー：ゴールド / レバータイプ：スタンダード / アジャスターカラー：アンスラサイトはこちら<br />レバーカラー：ゴールド / レバータイプ：スタンダード / アジャスターカラー：ブルーはこちら<br />レバーカラー：ゴールド / レバータイプ：スタンダード / アジャスターカラー：ゴールドはこちら<br />レバーカラー：ゴールド / レバータイプ：スタンダード / アジャスターカラー：シルバーはこちら<br />レバーカラー：ゴールド / レバータイプ：スタンダード / アジャスターカラー：ブラックはこちら<br />レバーカラー：シルバー / レバータイプ：スタンダード / アジャスターカラー：レッドはこちら<br />レバーカラー：シルバー / レバータイプ：スタンダード / アジャスターカラー：アンスラサイトはこちら<br />レバーカラー：シルバー / レバータイプ：スタンダード / アジャスターカラー：ブルーはこちら<br />レバーカラー：シルバー / レバータイプ：スタンダード / アジャスターカラー：ゴールドはこちら<br />レバーカラー：シルバー / レバータイプ：スタンダード / アジャスターカラー：ブラックはこちら<br />レバーカラー：ブラック / レバータイプ：スタンダード / アジャスターカラー：レッドはこちら<br />レバーカラー：ブラック / レバータイプ：スタンダード / アジャスターカラー：アンスラサイトはこちら<br />レバーカラー：ブラック / レバータイプ：スタンダード / アジャスターカラー：ブルーはこちら<br />レバーカラー：ブラック / レバータイプ：スタンダード / アジャスターカラー：ゴールドはこちら<br />レバーカラー：ブラック / レバータイプ：スタンダード / アジャスターカラー：シルバーはこちら<br />レバーカラー：ブラック / レバータイプ：スタンダード / アジャスターカラー：ブラックはこちら<br />レバーカラー：アンスラサイト / レバータイプ：ショート / アジャスターカラー：レッドはこちら<br />レバーカラー：アンスラサイト / レバータイプ：ショート / アジャスターカラー：アンスラサイトはこちら<br />レバーカラー：アンスラサイト / レバータイプ：ショート / アジャスターカラー：ブルーはこちら<br />レバーカラー：アンスラサイト / レバータイプ：ショート / アジャスターカラー：ゴールドはこちら<br />レバーカラー：アンスラサイト / レバータイプ：ショート / アジャスターカラー：シルバーはこちら<br />レバーカラー：アンスラサイト / レバータイプ：ショート / アジャスターカラー：ブラックはこちら<br />レバーカラー：ゴールド / レバータイプ：ショート / アジャスターカラー：レッドはこちら<br />レバーカラー：ゴールド / レバータイプ：ショート / アジャスターカラー：アンスラサイトはこちら<br />レバーカラー：ゴールド / レバータイプ：ショート / アジャスターカラー：ブルーはこちら<br />レバーカラー：ゴールド / レバータイプ：ショート / アジャスターカラー：ゴールドはこちら<br />レバーカラー：ゴールド / レバータイプ：ショート / アジャスターカラー：シルバーはこちら<br />レバーカラー：ゴールド / レバータイプ：ショート / アジャスターカラー：ブラックはこちら<br />レバーカラー：シルバー / レバータイプ：ショート / アジャスターカラー：レッドはこちら<br />レバーカラー：シルバー / レバータイプ：ショート / アジャスターカラー：アンスラサイトはこちら<br />レバーカラー：シルバー / レバータイプ：ショート / アジャスターカラー：ブルーはこちら<br />レバーカラー：シルバー / レバータイプ：ショート / アジャスターカラー：ゴールドはこちら<br />レバーカラー：シルバー / レバータイプ：ショート / アジャスターカラー：シ,【イベント開催中！】LSL レバー アジャスタブルクラッチレバー アジャスターカラー：シルバー レバーカラー：シルバー レバータイプ：スタンダード：ウェビック　楽天市場店,バイクカスタム改造ドレスアップヘルメットマフラーカウルオートバイ二輪車大型バイク中型バイクバイク用品パーツミラーツーリングジャケットタイヤ原付サーキットオフロード【イベント開催中！】LSL レバー アジャスタブルクラッチレバー アジャスターカラー：シルバー レバーカラー：シルバー レバータイプ：スタンダード,【送料無料】LSL レバー アジャスタブルクラッチレバー。【イベント開催中！】LSL レバー アジャスタブルクラッチレバー アジャスターカラー：シルバー レバーカラー：シルバー レバータイプ：スタンダード[rn]
18-31137,http://tshop.r10s.jp/webike-rb/cabinet/img760/22800087_0.jpg?fitin=700:700,10837.6000,,車用品・バイク用品 > バイク用品 > ブレーキ関連パーツ > ブレーキレバー > その他,【イベント開催中！】LSL レバー アジャスタブルクラッチレバー アジャスターカラー：ブラック レバーカラー：シルバー レバータイプ：スタンダード,【送料無料】LSL レバー アジャスタブルクラッチレバー,レバーカラー：アンスラサイト / レバータイプ：スタンダード / アジャスターカラー：レッドはこちら<br />レバーカラー：アンスラサイト / レバータイプ：スタンダード / アジャスターカラー：アンスラサイトはこちら<br />レバーカラー：アンスラサイト / レバータイプ：スタンダード / アジャスターカラー：ブルーはこちら<br />レバーカラー：アンスラサイト / レバータイプ：スタンダード / アジャスターカラー：ゴールドはこちら<br />レバーカラー：アンスラサイト / レバータイプ：スタンダード / アジャスターカラー：シルバーはこちら<br />レバーカラー：アンスラサイト / レバータイプ：スタンダード / アジャスターカラー：ブラックはこちら<br />レバーカラー：ゴールド / レバータイプ：スタンダード / アジャスターカラー：レッドはこちら<br />レバーカラー：ゴールド / レバータイプ：スタンダード / アジャスターカラー：アンスラサイトはこちら<br />レバーカラー：ゴールド / レバータイプ：スタンダード / アジャスターカラー：ブルーはこちら<br />レバーカラー：ゴールド / レバータイプ：スタンダード / アジャスターカラー：ゴールドはこちら<br />レバーカラー：ゴールド / レバータイプ：スタンダード / アジャスターカラー：シルバーはこちら<br />レバーカラー：ゴールド / レバータイプ：スタンダード / アジャスターカラー：ブラックはこちら<br />レバーカラー：シルバー / レバータイプ：スタンダード / アジャスターカラー：レッドはこちら<br />レバーカラー：シルバー / レバータイプ：スタンダード / アジャスターカラー：アンスラサイトはこちら<br />レバーカラー：シルバー / レバータイプ：スタンダード / アジャスターカラー：ブルーはこちら<br />レバーカラー：シルバー / レバータイプ：スタンダード / アジャスターカラー：ゴールドはこちら<br />レバーカラー：シルバー / レバータイプ：スタンダード / アジャスターカラー：シルバーはこちら<br />レバーカラー：ブラック / レバータイプ：スタンダード / アジャスターカラー：レッドはこちら<br />レバーカラー：ブラック / レバータイプ：スタンダード / アジャスターカラー：アンスラサイトはこちら<br />レバーカラー：ブラック / レバータイプ：スタンダード / アジャスターカラー：ブルーはこちら<br />レバーカラー：ブラック / レバータイプ：スタンダード / アジャスターカラー：ゴールドはこちら<br />レバーカラー：ブラック / レバータイプ：スタンダード / アジャスターカラー：シルバーはこちら<br />レバーカラー：ブラック / レバータイプ：スタンダード / アジャスターカラー：ブラックはこちら<br />レバーカラー：アンスラサイト / レバータイプ：ショート / アジャスターカラー：レッドはこちら<br />レバーカラー：アンスラサイト / レバータイプ：ショート / アジャスターカラー：アンスラサイトはこちら<br />レバーカラー：アンスラサイト / レバータイプ：ショート / アジャスターカラー：ブルーはこちら<br />レバーカラー：アンスラサイト / レバータイプ：ショート / アジャスターカラー：ゴールドはこちら<br />レバーカラー：アンスラサイト / レバータイプ：ショート / アジャスターカラー：シルバーはこちら<br />レバーカラー：アンスラサイト / レバータイプ：ショート / アジャスターカラー：ブラックはこちら<br />レバーカラー：ゴールド / レバータイプ：ショート / アジャスターカラー：レッドはこちら<br />レバーカラー：ゴールド / レバータイプ：ショート / アジャスターカラー：アンスラサイトはこちら<br />レバーカラー：ゴールド / レバータイプ：ショート / アジャスターカラー：ブルーはこちら<br />レバーカラー：ゴールド / レバータイプ：ショート / アジャスターカラー：ゴールドはこちら<br />レバーカラー：ゴールド / レバータイプ：ショート / アジャスターカラー：シルバーはこちら<br />レバーカラー：ゴールド / レバータイプ：ショート / アジャスターカラー：ブラックはこちら<br />レバーカラー：シルバー / レバータイプ：ショート / アジャスターカラー：レッドはこちら<br />レバーカラー：シルバー / レバータイプ：ショート / アジャスターカラー：アンスラサイトはこちら<br />レバーカラー：シルバー / レバータイプ：ショート / アジャスターカラー：ブルーはこちら<br />レバーカラー：シルバー / レバータイプ：ショート / アジャスターカラー：ゴールドはこちら<br />レバーカラー：シルバー / レバータイプ：ショート / アジャスターカラー：シ,【イベント開催中！】LSL レバー アジャスタブルクラッチレバー アジャスターカラー：ブラック レバーカラー：シルバー レバータイプ：スタンダード：ウェビック　楽天市場店,バイクカスタム改造ドレスアップヘルメットマフラーカウルオートバイ二輪車大型バイク中型バイクバイク用品パーツミラーツーリングジャケットタイヤ原付サーキットオフロード【イベント開催中！】LSL レバー アジャスタブルクラッチレバー アジャスターカラー：ブラック レバーカラー：シルバー レバータイプ：スタンダード,【送料無料】LSL レバー アジャスタブルクラッチレバー。【イベント開催中！】LSL レバー アジャスタブルクラッチレバー アジャスターカラー：ブラック レバーカラー：シルバー レバータイプ：スタンダード[rn]
18-31138,http://tshop.r10s.jp/webike-rb/cabinet/img760/22800088_0.jpg?fitin=700:700,10837.6000,,車用品・バイク用品 > バイク用品 > ブレーキ関連パーツ > ブレーキレバー > その他,【イベント開催中！】LSL レバー アジャスタブルクラッチレバー アジャスターカラー：レッド レバーカラー：ブラック レバータイプ：スタンダード,【送料無料】LSL レバー アジャスタブルクラッチレバー,レバーカラー：アンスラサイト / レバータイプ：スタンダード / アジャスターカラー：レッドはこちら<br />レバーカラー：アンスラサイト / レバータイプ：スタンダード / アジャスターカラー：アンスラサイトはこちら<br />レバーカラー：アンスラサイト / レバータイプ：スタンダード / アジャスターカラー：ブルーはこちら<br />レバーカラー：アンスラサイト / レバータイプ：スタンダード / アジャスターカラー：ゴールドはこちら<br />レバーカラー：アンスラサイト / レバータイプ：スタンダード / アジャスターカラー：シルバーはこちら<br />レバーカラー：アンスラサイト / レバータイプ：スタンダード / アジャスターカラー：ブラックはこちら<br />レバーカラー：ゴールド / レバータイプ：スタンダード / アジャスターカラー：レッドはこちら<br />レバーカラー：ゴールド / レバータイプ：スタンダード / アジャスターカラー：アンスラサイトはこちら<br />レバーカラー：ゴールド / レバータイプ：スタンダード / アジャスターカラー：ブルーはこちら<br />レバーカラー：ゴールド / レバータイプ：スタンダード / アジャスターカラー：ゴールドはこちら<br />レバーカラー：ゴールド / レバータイプ：スタンダード / アジャスターカラー：シルバーはこちら<br />レバーカラー：ゴールド / レバータイプ：スタンダード / アジャスターカラー：ブラックはこちら<br />レバーカラー：シルバー / レバータイプ：スタンダード / アジャスターカラー：レッドはこちら<br />レバーカラー：シルバー / レバータイプ：スタンダード / アジャスターカラー：アンスラサイトはこちら<br />レバーカラー：シルバー / レバータイプ：スタンダード / アジャスターカラー：ブルーはこちら<br />レバーカラー：シルバー / レバータイプ：スタンダード / アジャスターカラー：ゴールドはこちら<br />レバーカラー：シルバー / レバータイプ：スタンダード / アジャスターカラー：シルバーはこちら<br />レバーカラー：シルバー / レバータイプ：スタンダード / アジャスターカラー：ブラックはこちら<br />レバーカラー：ブラック / レバータイプ：スタンダード / アジャスターカラー：アンスラサイトはこちら<br />レバーカラー：ブラック / レバータイプ：スタンダード / アジャスターカラー：ブルーはこちら<br />レバーカラー：ブラック / レバータイプ：スタンダード / アジャスターカラー：ゴールドはこちら<br />レバーカラー：ブラック / レバータイプ：スタンダード / アジャスターカラー：シルバーはこちら<br />レバーカラー：ブラック / レバータイプ：スタンダード / アジャスターカラー：ブラックはこちら<br />レバーカラー：アンスラサイト / レバータイプ：ショート / アジャスターカラー：レッドはこちら<br />レバーカラー：アンスラサイト / レバータイプ：ショート / アジャスターカラー：アンスラサイトはこちら<br />レバーカラー：アンスラサイト / レバータイプ：ショート / アジャスターカラー：ブルーはこちら<br />レバーカラー：アンスラサイト / レバータイプ：ショート / アジャスターカラー：ゴールドはこちら<br />レバーカラー：アンスラサイト / レバータイプ：ショート / アジャスターカラー：シルバーはこちら<br />レバーカラー：アンスラサイト / レバータイプ：ショート / アジャスターカラー：ブラックはこちら<br />レバーカラー：ゴールド / レバータイプ：ショート / アジャスターカラー：レッドはこちら<br />レバーカラー：ゴールド / レバータイプ：ショート / アジャスターカラー：アンスラサイトはこちら<br />レバーカラー：ゴールド / レバータイプ：ショート / アジャスターカラー：ブルーはこちら<br />レバーカラー：ゴールド / レバータイプ：ショート / アジャスターカラー：ゴールドはこちら<br />レバーカラー：ゴールド / レバータイプ：ショート / アジャスターカラー：シルバーはこちら<br />レバーカラー：ゴールド / レバータイプ：ショート / アジャスターカラー：ブラックはこちら<br />レバーカラー：シルバー / レバータイプ：ショート / アジャスターカラー：レッドはこちら<br />レバーカラー：シルバー / レバータイプ：ショート / アジャスターカラー：アンスラサイトはこちら<br />レバーカラー：シルバー / レバータイプ：ショート / アジャスターカラー：ブルーはこちら<br />レバーカラー：シルバー / レバータイプ：ショート / アジャスターカラー：ゴールドはこちら<br />レバーカラー：シルバー / レバータイプ：ショート / アジャスターカラー：,【イベント開催中！】LSL レバー アジャスタブルクラッチレバー アジャスターカラー：レッド レバーカラー：ブラック レバータイプ：スタンダード：ウェビック　楽天市場店,バイクカスタム改造ドレスアップヘルメットマフラーカウルオートバイ二輪車大型バイク中型バイクバイク用品パーツミラーツーリングジャケットタイヤ原付サーキットオフロード【イベント開催中！】LSL レバー アジャスタブルクラッチレバー アジャスターカラー：レッド レバーカラー：ブラック レバータイプ：スタンダード,【送料無料】LSL レバー アジャスタブルクラッチレバー。【イベント開催中！】LSL レバー アジャスタブルクラッチレバー アジャスターカラー：レッド レバーカラー：ブラック レバータイプ：スタンダード[rn]
18-31139,http://tshop.r10s.jp/webike-rb/cabinet/img760/22800089_0.jpg?fitin=700:700,10837.6000,,車用品・バイク用品 > バイク用品 > ブレーキ関連パーツ > ブレーキレバー > その他,【イベント開催中！】LSL レバー アジャスタブルクラッチレバー アジャスターカラー：アンスラサイト レバーカラー：ブラック レバータイプ：スタンダード,【送料無料】LSL レバー アジャスタブルクラッチレバー,レバーカラー：アンスラサイト / レバータイプ：スタンダード / アジャスターカラー：レッドはこちら<br />レバーカラー：アンスラサイト / レバータイプ：スタンダード / アジャスターカラー：アンスラサイトはこちら<br />レバーカラー：アンスラサイト / レバータイプ：スタンダード / アジャスターカラー：ブルーはこちら<br />レバーカラー：アンスラサイト / レバータイプ：スタンダード / アジャスターカラー：ゴールドはこちら<br />レバーカラー：アンスラサイト / レバータイプ：スタンダード / アジャスターカラー：シルバーはこちら<br />レバーカラー：アンスラサイト / レバータイプ：スタンダード / アジャスターカラー：ブラックはこちら<br />レバーカラー：ゴールド / レバータイプ：スタンダード / アジャスターカラー：レッドはこちら<br />レバーカラー：ゴールド / レバータイプ：スタンダード / アジャスターカラー：アンスラサイトはこちら<br />レバーカラー：ゴールド / レバータイプ：スタンダード / アジャスターカラー：ブルーはこちら<br />レバーカラー：ゴールド / レバータイプ：スタンダード / アジャスターカラー：ゴールドはこちら<br />レバーカラー：ゴールド / レバータイプ：スタンダード / アジャスターカラー：シルバーはこちら<br />レバーカラー：ゴールド / レバータイプ：スタンダード / アジャスターカラー：ブラックはこちら<br />レバーカラー：シルバー / レバータイプ：スタンダード / アジャスターカラー：レッドはこちら<br />レバーカラー：シルバー / レバータイプ：スタンダード / アジャスターカラー：アンスラサイトはこちら<br />レバーカラー：シルバー / レバータイプ：スタンダード / アジャスターカラー：ブルーはこちら<br />レバーカラー：シルバー / レバータイプ：スタンダード / アジャスターカラー：ゴールドはこちら<br />レバーカラー：シルバー / レバータイプ：スタンダード / アジャスターカラー：シルバーはこちら<br />レバーカラー：シルバー / レバータイプ：スタンダード / アジャスターカラー：ブラックはこちら<br />レバーカラー：ブラック / レバータイプ：スタンダード / アジャスターカラー：レッドはこちら<br />レバーカラー：ブラック / レバータイプ：スタンダード / アジャスターカラー：ブルーはこちら<br />レバーカラー：ブラック / レバータイプ：スタンダード / アジャスターカラー：ゴールドはこちら<br />レバーカラー：ブラック / レバータイプ：スタンダード / アジャスターカラー：シルバーはこちら<br />レバーカラー：ブラック / レバータイプ：スタンダード / アジャスターカラー：ブラックはこちら<br />レバーカラー：アンスラサイト / レバータイプ：ショート / アジャスターカラー：レッドはこちら<br />レバーカラー：アンスラサイト / レバータイプ：ショート / アジャスターカラー：アンスラサイトはこちら<br />レバーカラー：アンスラサイト / レバータイプ：ショート / アジャスターカラー：ブルーはこちら<br />レバーカラー：アンスラサイト / レバータイプ：ショート / アジャスターカラー：ゴールドはこちら<br />レバーカラー：アンスラサイト / レバータイプ：ショート / アジャスターカラー：シルバーはこちら<br />レバーカラー：アンスラサイト / レバータイプ：ショート / アジャスターカラー：ブラックはこちら<br />レバーカラー：ゴールド / レバータイプ：ショート / アジャスターカラー：レッドはこちら<br />レバーカラー：ゴールド / レバータイプ：ショート / アジャスターカラー：アンスラサイトはこちら<br />レバーカラー：ゴールド / レバータイプ：ショート / アジャスターカラー：ブルーはこちら<br />レバーカラー：ゴールド / レバータイプ：ショート / アジャスターカラー：ゴールドはこちら<br />レバーカラー：ゴールド / レバータイプ：ショート / アジャスターカラー：シルバーはこちら<br />レバーカラー：ゴールド / レバータイプ：ショート / アジャスターカラー：ブラックはこちら<br />レバーカラー：シルバー / レバータイプ：ショート / アジャスターカラー：レッドはこちら<br />レバーカラー：シルバー / レバータイプ：ショート / アジャスターカラー：アンスラサイトはこちら<br />レバーカラー：シルバー / レバータイプ：ショート / アジャスターカラー：ブルーはこちら<br />レバーカラー：シルバー / レバータイプ：ショート / アジャスターカラー：ゴールドはこちら<br />レバーカラー：シルバー / レバータイプ：ショート / アジャスターカラー：シルバー,【イベント開催中！】LSL レバー アジャスタブルクラッチレバー アジャスターカラー：アンスラサイト レバーカラー：ブラック レバータイプ：スタンダード：ウェビック　楽天市場店,バイクカスタム改造ドレスアップヘルメットマフラーカウルオートバイ二輪車大型バイク中型バイクバイク用品パーツミラーツーリングジャケットタイヤ原付サーキットオフロード【イベント開催中！】LSL レバー アジャスタブルクラッチレバー アジャスターカラー：アンスラサイト レバーカラー：ブラック レバータイプ：スタンダード,【送料無料】LSL レバー アジャスタブルクラッチレバー。【イベント開催中！】LSL レバー アジャスタブルクラッチレバー アジャスターカラー：アンスラサイト レバーカラー：ブラック レバータイプ：スタンダード[rn]
18-31140,http://tshop.r10s.jp/webike-rb/cabinet/img760/22800090_0.jpg?fitin=700:700,10837.6000,,車用品・バイク用品 > バイク用品 > ブレーキ関連パーツ > ブレーキレバー > その他,【イベント開催中！】LSL レバー アジャスタブルクラッチレバー アジャスターカラー：ブルー レバーカラー：ブラック レバータイプ：スタンダード,【送料無料】LSL レバー アジャスタブルクラッチレバー,レバーカラー：アンスラサイト / レバータイプ：スタンダード / アジャスターカラー：レッドはこちら<br />レバーカラー：アンスラサイト / レバータイプ：スタンダード / アジャスターカラー：アンスラサイトはこちら<br />レバーカラー：アンスラサイト / レバータイプ：スタンダード / アジャスターカラー：ブルーはこちら<br />レバーカラー：アンスラサイト / レバータイプ：スタンダード / アジャスターカラー：ゴールドはこちら<br />レバーカラー：アンスラサイト / レバータイプ：スタンダード / アジャスターカラー：シルバーはこちら<br />レバーカラー：アンスラサイト / レバータイプ：スタンダード / アジャスターカラー：ブラックはこちら<br />レバーカラー：ゴールド / レバータイプ：スタンダード / アジャスターカラー：レッドはこちら<br />レバーカラー：ゴールド / レバータイプ：スタンダード / アジャスターカラー：アンスラサイトはこちら<br />レバーカラー：ゴールド / レバータイプ：スタンダード / アジャスターカラー：ブルーはこちら<br />レバーカラー：ゴールド / レバータイプ：スタンダード / アジャスターカラー：ゴールドはこちら<br />レバーカラー：ゴールド / レバータイプ：スタンダード / アジャスターカラー：シルバーはこちら<br />レバーカラー：ゴールド / レバータイプ：スタンダード / アジャスターカラー：ブラックはこちら<br />レバーカラー：シルバー / レバータイプ：スタンダード / アジャスターカラー：レッドはこちら<br />レバーカラー：シルバー / レバータイプ：スタンダード / アジャスターカラー：アンスラサイトはこちら<br />レバーカラー：シルバー / レバータイプ：スタンダード / アジャスターカラー：ブルーはこちら<br />レバーカラー：シルバー / レバータイプ：スタンダード / アジャスターカラー：ゴールドはこちら<br />レバーカラー：シルバー / レバータイプ：スタンダード / アジャスターカラー：シルバーはこちら<br />レバーカラー：シルバー / レバータイプ：スタンダード / アジャスターカラー：ブラックはこちら<br />レバーカラー：ブラック / レバータイプ：スタンダード / アジャスターカラー：レッドはこちら<br />レバーカラー：ブラック / レバータイプ：スタンダード / アジャスターカラー：アンスラサイトはこちら<br />レバーカラー：ブラック / レバータイプ：スタンダード / アジャスターカラー：ゴールドはこちら<br />レバーカラー：ブラック / レバータイプ：スタンダード / アジャスターカラー：シルバーはこちら<br />レバーカラー：ブラック / レバータイプ：スタンダード / アジャスターカラー：ブラックはこちら<br />レバーカラー：アンスラサイト / レバータイプ：ショート / アジャスターカラー：レッドはこちら<br />レバーカラー：アンスラサイト / レバータイプ：ショート / アジャスターカラー：アンスラサイトはこちら<br />レバーカラー：アンスラサイト / レバータイプ：ショート / アジャスターカラー：ブルーはこちら<br />レバーカラー：アンスラサイト / レバータイプ：ショート / アジャスターカラー：ゴールドはこちら<br />レバーカラー：アンスラサイト / レバータイプ：ショート / アジャスターカラー：シルバーはこちら<br />レバーカラー：アンスラサイト / レバータイプ：ショート / アジャスターカラー：ブラックはこちら<br />レバーカラー：ゴールド / レバータイプ：ショート / アジャスターカラー：レッドはこちら<br />レバーカラー：ゴールド / レバータイプ：ショート / アジャスターカラー：アンスラサイトはこちら<br />レバーカラー：ゴールド / レバータイプ：ショート / アジャスターカラー：ブルーはこちら<br />レバーカラー：ゴールド / レバータイプ：ショート / アジャスターカラー：ゴールドはこちら<br />レバーカラー：ゴールド / レバータイプ：ショート / アジャスターカラー：シルバーはこちら<br />レバーカラー：ゴールド / レバータイプ：ショート / アジャスターカラー：ブラックはこちら<br />レバーカラー：シルバー / レバータイプ：ショート / アジャスターカラー：レッドはこちら<br />レバーカラー：シルバー / レバータイプ：ショート / アジャスターカラー：アンスラサイトはこちら<br />レバーカラー：シルバー / レバータイプ：ショート / アジャスターカラー：ブルーはこちら<br />レバーカラー：シルバー / レバータイプ：ショート / アジャスターカラー：ゴールドはこちら<br />レバーカラー：シルバー / レバータイプ：ショート / アジャスターカラー：,【イベント開催中！】LSL レバー アジャスタブルクラッチレバー アジャスターカラー：ブルー レバーカラー：ブラック レバータイプ：スタンダード：ウェビック　楽天市場店,バイクカスタム改造ドレスアップヘルメットマフラーカウルオートバイ二輪車大型バイク中型バイクバイク用品パーツミラーツーリングジャケットタイヤ原付サーキットオフロード【イベント開催中！】LSL レバー アジャスタブルクラッチレバー アジャスターカラー：ブルー レバーカラー：ブラック レバータイプ：スタンダード,【送料無料】LSL レバー アジャスタブルクラッチレバー。【イベント開催中！】LSL レバー アジャスタブルクラッチレバー アジャスターカラー：ブルー レバーカラー：ブラック レバータイプ：スタンダード[rn]
18-31141,http://tshop.r10s.jp/webike-rb/cabinet/img760/22800092_0.jpg?fitin=700:700,10837.6000,,車用品・バイク用品 > バイク用品 > ブレーキ関連パーツ > ブレーキレバー > その他,【イベント開催中！】LSL レバー アジャスタブルクラッチレバー アジャスターカラー：シルバー レバーカラー：ブラック レバータイプ：スタンダード,【送料無料】LSL レバー アジャスタブルクラッチレバー,レバーカラー：アンスラサイト / レバータイプ：スタンダード / アジャスターカラー：レッドはこちら<br />レバーカラー：アンスラサイト / レバータイプ：スタンダード / アジャスターカラー：アンスラサイトはこちら<br />レバーカラー：アンスラサイト / レバータイプ：スタンダード / アジャスターカラー：ブルーはこちら<br />レバーカラー：アンスラサイト / レバータイプ：スタンダード / アジャスターカラー：ゴールドはこちら<br />レバーカラー：アンスラサイト / レバータイプ：スタンダード / アジャスターカラー：シルバーはこちら<br />レバーカラー：アンスラサイト / レバータイプ：スタンダード / アジャスターカラー：ブラックはこちら<br />レバーカラー：ゴールド / レバータイプ：スタンダード / アジャスターカラー：レッドはこちら<br />レバーカラー：ゴールド / レバータイプ：スタンダード / アジャスターカラー：アンスラサイトはこちら<br />レバーカラー：ゴールド / レバータイプ：スタンダード / アジャスターカラー：ブルーはこちら<br />レバーカラー：ゴールド / レバータイプ：スタンダード / アジャスターカラー：ゴールドはこちら<br />レバーカラー：ゴールド / レバータイプ：スタンダード / アジャスターカラー：シルバーはこちら<br />レバーカラー：ゴールド / レバータイプ：スタンダード / アジャスターカラー：ブラックはこちら<br />レバーカラー：シルバー / レバータイプ：スタンダード / アジャスターカラー：レッドはこちら<br />レバーカラー：シルバー / レバータイプ：スタンダード / アジャスターカラー：アンスラサイトはこちら<br />レバーカラー：シルバー / レバータイプ：スタンダード / アジャスターカラー：ブルーはこちら<br />レバーカラー：シルバー / レバータイプ：スタンダード / アジャスターカラー：ゴールドはこちら<br />レバーカラー：シルバー / レバータイプ：スタンダード / アジャスターカラー：シルバーはこちら<br />レバーカラー：シルバー / レバータイプ：スタンダード / アジャスターカラー：ブラックはこちら<br />レバーカラー：ブラック / レバータイプ：スタンダード / アジャスターカラー：レッドはこちら<br />レバーカラー：ブラック / レバータイプ：スタンダード / アジャスターカラー：アンスラサイトはこちら<br />レバーカラー：ブラック / レバータイプ：スタンダード / アジャスターカラー：ブルーはこちら<br />レバーカラー：ブラック / レバータイプ：スタンダード / アジャスターカラー：ゴールドはこちら<br />レバーカラー：ブラック / レバータイプ：スタンダード / アジャスターカラー：ブラックはこちら<br />レバーカラー：アンスラサイト / レバータイプ：ショート / アジャスターカラー：レッドはこちら<br />レバーカラー：アンスラサイト / レバータイプ：ショート / アジャスターカラー：アンスラサイトはこちら<br />レバーカラー：アンスラサイト / レバータイプ：ショート / アジャスターカラー：ブルーはこちら<br />レバーカラー：アンスラサイト / レバータイプ：ショート / アジャスターカラー：ゴールドはこちら<br />レバーカラー：アンスラサイト / レバータイプ：ショート / アジャスターカラー：シルバーはこちら<br />レバーカラー：アンスラサイト / レバータイプ：ショート / アジャスターカラー：ブラックはこちら<br />レバーカラー：ゴールド / レバータイプ：ショート / アジャスターカラー：レッドはこちら<br />レバーカラー：ゴールド / レバータイプ：ショート / アジャスターカラー：アンスラサイトはこちら<br />レバーカラー：ゴールド / レバータイプ：ショート / アジャスターカラー：ブルーはこちら<br />レバーカラー：ゴールド / レバータイプ：ショート / アジャスターカラー：ゴールドはこちら<br />レバーカラー：ゴールド / レバータイプ：ショート / アジャスターカラー：シルバーはこちら<br />レバーカラー：ゴールド / レバータイプ：ショート / アジャスターカラー：ブラックはこちら<br />レバーカラー：シルバー / レバータイプ：ショート / アジャスターカラー：レッドはこちら<br />レバーカラー：シルバー / レバータイプ：ショート / アジャスターカラー：アンスラサイトはこちら<br />レバーカラー：シルバー / レバータイプ：ショート / アジャスターカラー：ブルーはこちら<br />レバーカラー：シルバー / レバータイプ：ショート / アジャスターカラー：ゴールドはこちら<br />レバーカラー：シルバー / レバータイプ：ショート / アジャスターカラー：シ,【イベント開催中！】LSL レバー アジャスタブルクラッチレバー アジャスターカラー：シルバー レバーカラー：ブラック レバータイプ：スタンダード：ウェビック　楽天市場店,バイクカスタム改造ドレスアップヘルメットマフラーカウルオートバイ二輪車大型バイク中型バイクバイク用品パーツミラーツーリングジャケットタイヤ原付サーキットオフロード【イベント開催中！】LSL レバー アジャスタブルクラッチレバー アジャスターカラー：シルバー レバーカラー：ブラック レバータイプ：スタンダード,【送料無料】LSL レバー アジャスタブルクラッチレバー。【イベント開催中！】LSL レバー アジャスタブルクラッチレバー アジャスターカラー：シルバー レバーカラー：ブラック レバータイプ：スタンダード[rn]
18-31142,http://tshop.r10s.jp/webike-rb/cabinet/img760/22800093_0.jpg?fitin=700:700,10837.6000,,車用品・バイク用品 > バイク用品 > ブレーキ関連パーツ > ブレーキレバー > その他,【イベント開催中！】LSL レバー アジャスタブルクラッチレバー アジャスターカラー：ブラック レバーカラー：ブラック レバータイプ：スタンダード,【送料無料】LSL レバー アジャスタブルクラッチレバー,レバーカラー：アンスラサイト / レバータイプ：スタンダード / アジャスターカラー：レッドはこちら<br />レバーカラー：アンスラサイト / レバータイプ：スタンダード / アジャスターカラー：アンスラサイトはこちら<br />レバーカラー：アンスラサイト / レバータイプ：スタンダード / アジャスターカラー：ブルーはこちら<br />レバーカラー：アンスラサイト / レバータイプ：スタンダード / アジャスターカラー：ゴールドはこちら<br />レバーカラー：アンスラサイト / レバータイプ：スタンダード / アジャスターカラー：シルバーはこちら<br />レバーカラー：アンスラサイト / レバータイプ：スタンダード / アジャスターカラー：ブラックはこちら<br />レバーカラー：ゴールド / レバータイプ：スタンダード / アジャスターカラー：レッドはこちら<br />レバーカラー：ゴールド / レバータイプ：スタンダード / アジャスターカラー：アンスラサイトはこちら<br />レバーカラー：ゴールド / レバータイプ：スタンダード / アジャスターカラー：ブルーはこちら<br />レバーカラー：ゴールド / レバータイプ：スタンダード / アジャスターカラー：ゴールドはこちら<br />レバーカラー：ゴールド / レバータイプ：スタンダード / アジャスターカラー：シルバーはこちら<br />レバーカラー：ゴールド / レバータイプ：スタンダード / アジャスターカラー：ブラックはこちら<br />レバーカラー：シルバー / レバータイプ：スタンダード / アジャスターカラー：レッドはこちら<br />レバーカラー：シルバー / レバータイプ：スタンダード / アジャスターカラー：アンスラサイトはこちら<br />レバーカラー：シルバー / レバータイプ：スタンダード / アジャスターカラー：ブルーはこちら<br />レバーカラー：シルバー / レバータイプ：スタンダード / アジャスターカラー：ゴールドはこちら<br />レバーカラー：シルバー / レバータイプ：スタンダード / アジャスターカラー：シルバーはこちら<br />レバーカラー：シルバー / レバータイプ：スタンダード / アジャスターカラー：ブラックはこちら<br />レバーカラー：ブラック / レバータイプ：スタンダード / アジャスターカラー：レッドはこちら<br />レバーカラー：ブラック / レバータイプ：スタンダード / アジャスターカラー：アンスラサイトはこちら<br />レバーカラー：ブラック / レバータイプ：スタンダード / アジャスターカラー：ブルーはこちら<br />レバーカラー：ブラック / レバータイプ：スタンダード / アジャスターカラー：ゴールドはこちら<br />レバーカラー：ブラック / レバータイプ：スタンダード / アジャスターカラー：シルバーはこちら<br />レバーカラー：アンスラサイト / レバータイプ：ショート / アジャスターカラー：レッドはこちら<br />レバーカラー：アンスラサイト / レバータイプ：ショート / アジャスターカラー：アンスラサイトはこちら<br />レバーカラー：アンスラサイト / レバータイプ：ショート / アジャスターカラー：ブルーはこちら<br />レバーカラー：アンスラサイト / レバータイプ：ショート / アジャスターカラー：ゴールドはこちら<br />レバーカラー：アンスラサイト / レバータイプ：ショート / アジャスターカラー：シルバーはこちら<br />レバーカラー：アンスラサイト / レバータイプ：ショート / アジャスターカラー：ブラックはこちら<br />レバーカラー：ゴールド / レバータイプ：ショート / アジャスターカラー：レッドはこちら<br />レバーカラー：ゴールド / レバータイプ：ショート / アジャスターカラー：アンスラサイトはこちら<br />レバーカラー：ゴールド / レバータイプ：ショート / アジャスターカラー：ブルーはこちら<br />レバーカラー：ゴールド / レバータイプ：ショート / アジャスターカラー：ゴールドはこちら<br />レバーカラー：ゴールド / レバータイプ：ショート / アジャスターカラー：シルバーはこちら<br />レバーカラー：ゴールド / レバータイプ：ショート / アジャスターカラー：ブラックはこちら<br />レバーカラー：シルバー / レバータイプ：ショート / アジャスターカラー：レッドはこちら<br />レバーカラー：シルバー / レバータイプ：ショート / アジャスターカラー：アンスラサイトはこちら<br />レバーカラー：シルバー / レバータイプ：ショート / アジャスターカラー：ブルーはこちら<br />レバーカラー：シルバー / レバータイプ：ショート / アジャスターカラー：ゴールドはこちら<br />レバーカラー：シルバー / レバータイプ：ショート / アジャスターカラー：シ,【イベント開催中！】LSL レバー アジャスタブルクラッチレバー アジャスターカラー：ブラック レバーカラー：ブラック レバータイプ：スタンダード：ウェビック　楽天市場店,バイクカスタム改造ドレスアップヘルメットマフラーカウルオートバイ二輪車大型バイク中型バイクバイク用品パーツミラーツーリングジャケットタイヤ原付サーキットオフロード【イベント開催中！】LSL レバー アジャスタブルクラッチレバー アジャスターカラー：ブラック レバーカラー：ブラック レバータイプ：スタンダード,【送料無料】LSL レバー アジャスタブルクラッチレバー。【イベント開催中！】LSL レバー アジャスタブルクラッチレバー アジャスターカラー：ブラック レバーカラー：ブラック レバータイプ：スタンダード[rn]
18-31143,http://tshop.r10s.jp/webike-rb/cabinet/tnk0091/200slvarianten.jpg?fitin=700:700,10837.6000,,車用品・バイク用品 > バイク用品 > ブレーキ関連パーツ > ブレーキレバー > その他,【イベント開催中！】LSL レバー アジャスタブルクラッチレバー アジャスターカラー：レッド レバーカラー：アンスラサイト レバータイプ：ショート,【送料無料】LSL レバー アジャスタブルクラッチレバー,レバーカラー：アンスラサイト / レバータイプ：スタンダード / アジャスターカラー：レッドはこちら<br />レバーカラー：アンスラサイト / レバータイプ：スタンダード / アジャスターカラー：アンスラサイトはこちら<br />レバーカラー：アンスラサイト / レバータイプ：スタンダード / アジャスターカラー：ブルーはこちら<br />レバーカラー：アンスラサイト / レバータイプ：スタンダード / アジャスターカラー：ゴールドはこちら<br />レバーカラー：アンスラサイト / レバータイプ：スタンダード / アジャスターカラー：シルバーはこちら<br />レバーカラー：アンスラサイト / レバータイプ：スタンダード / アジャスターカラー：ブラックはこちら<br />レバーカラー：ゴールド / レバータイプ：スタンダード / アジャスターカラー：レッドはこちら<br />レバーカラー：ゴールド / レバータイプ：スタンダード / アジャスターカラー：アンスラサイトはこちら<br />レバーカラー：ゴールド / レバータイプ：スタンダード / アジャスターカラー：ブルーはこちら<br />レバーカラー：ゴールド / レバータイプ：スタンダード / アジャスターカラー：ゴールドはこちら<br />レバーカラー：ゴールド / レバータイプ：スタンダード / アジャスターカラー：シルバーはこちら<br />レバーカラー：ゴールド / レバータイプ：スタンダード / アジャスターカラー：ブラックはこちら<br />レバーカラー：シルバー / レバータイプ：スタンダード / アジャスターカラー：レッドはこちら<br />レバーカラー：シルバー / レバータイプ：スタンダード / アジャスターカラー：アンスラサイトはこちら<br />レバーカラー：シルバー / レバータイプ：スタンダード / アジャスターカラー：ブルーはこちら<br />レバーカラー：シルバー / レバータイプ：スタンダード / アジャスターカラー：ゴールドはこちら<br />レバーカラー：シルバー / レバータイプ：スタンダード / アジャスターカラー：シルバーはこちら<br />レバーカラー：シルバー / レバータイプ：スタンダード / アジャスターカラー：ブラックはこちら<br />レバーカラー：ブラック / レバータイプ：スタンダード / アジャスターカラー：レッドはこちら<br />レバーカラー：ブラック / レバータイプ：スタンダード / アジャスターカラー：アンスラサイトはこちら<br />レバーカラー：ブラック / レバータイプ：スタンダード / アジャスターカラー：ブルーはこちら<br />レバーカラー：ブラック / レバータイプ：スタンダード / アジャスターカラー：ゴールドはこちら<br />レバーカラー：ブラック / レバータイプ：スタンダード / アジャスターカラー：シルバーはこちら<br />レバーカラー：ブラック / レバータイプ：スタンダード / アジャスターカラー：ブラックはこちら<br />レバーカラー：アンスラサイト / レバータイプ：ショート / アジャスターカラー：アンスラサイトはこちら<br />レバーカラー：アンスラサイト / レバータイプ：ショート / アジャスターカラー：ブルーはこちら<br />レバーカラー：アンスラサイト / レバータイプ：ショート / アジャスターカラー：ゴールドはこちら<br />レバーカラー：アンスラサイト / レバータイプ：ショート / アジャスターカラー：シルバーはこちら<br />レバーカラー：アンスラサイト / レバータイプ：ショート / アジャスターカラー：ブラックはこちら<br />レバーカラー：ゴールド / レバータイプ：ショート / アジャスターカラー：レッドはこちら<br />レバーカラー：ゴールド / レバータイプ：ショート / アジャスターカラー：アンスラサイトはこちら<br />レバーカラー：ゴールド / レバータイプ：ショート / アジャスターカラー：ブルーはこちら<br />レバーカラー：ゴールド / レバータイプ：ショート / アジャスターカラー：ゴールドはこちら<br />レバーカラー：ゴールド / レバータイプ：ショート / アジャスターカラー：シルバーはこちら<br />レバーカラー：ゴールド / レバータイプ：ショート / アジャスターカラー：ブラックはこちら<br />レバーカラー：シルバー / レバータイプ：ショート / アジャスターカラー：レッドはこちら<br />レバーカラー：シルバー / レバータイプ：ショート / アジャスターカラー：アンスラサイトはこちら<br />レバーカラー：シルバー / レバータイプ：ショート / アジャスターカラー：ブルーはこちら<br />レバーカラー：シルバー / レバータイプ：ショート / アジャスターカラー：ゴールドはこちら<br />レバーカラー：シルバー / レバータイプ：ショート / アジャスターカラー：シ,【イベント開催中！】LSL レバー アジャスタブルクラッチレバー アジャスターカラー：レッド レバーカラー：アンスラサイト レバータイプ：ショート：ウェビック　楽天市場店,バイクカスタム改造ドレスアップヘルメットマフラーカウルオートバイ二輪車大型バイク中型バイクバイク用品パーツミラーツーリングジャケットタイヤ原付サーキットオフロード【イベント開催中！】LSL レバー アジャスタブルクラッチレバー アジャスターカラー：レッド レバーカラー：アンスラサイト レバータイプ：ショート,【送料無料】LSL レバー アジャスタブルクラッチレバー。【イベント開催中！】LSL レバー アジャスタブルクラッチレバー アジャスターカラー：レッド レバーカラー：アンスラサイト レバータイプ：ショート[rn]
18-31144,http://tshop.r10s.jp/webike-rb/cabinet/tnk0035/200slvarianten.jpg?fitin=700:700,10837.6000,,車用品・バイク用品 > バイク用品 > ブレーキ関連パーツ > ブレーキレバー > その他,【イベント開催中！】LSL レバー アジャスタブルクラッチレバー アジャスターカラー：アンスラサイト レバーカラー：アンスラサイト レバータイプ：ショート,【送料無料】LSL レバー アジャスタブルクラッチレバー,レバーカラー：アンスラサイト / レバータイプ：スタンダード / アジャスターカラー：レッドはこちら<br />レバーカラー：アンスラサイト / レバータイプ：スタンダード / アジャスターカラー：アンスラサイトはこちら<br />レバーカラー：アンスラサイト / レバータイプ：スタンダード / アジャスターカラー：ブルーはこちら<br />レバーカラー：アンスラサイト / レバータイプ：スタンダード / アジャスターカラー：ゴールドはこちら<br />レバーカラー：アンスラサイト / レバータイプ：スタンダード / アジャスターカラー：シルバーはこちら<br />レバーカラー：アンスラサイト / レバータイプ：スタンダード / アジャスターカラー：ブラックはこちら<br />レバーカラー：ゴールド / レバータイプ：スタンダード / アジャスターカラー：レッドはこちら<br />レバーカラー：ゴールド / レバータイプ：スタンダード / アジャスターカラー：アンスラサイトはこちら<br />レバーカラー：ゴールド / レバータイプ：スタンダード / アジャスターカラー：ブルーはこちら<br />レバーカラー：ゴールド / レバータイプ：スタンダード / アジャスターカラー：ゴールドはこちら<br />レバーカラー：ゴールド / レバータイプ：スタンダード / アジャスターカラー：シルバーはこちら<br />レバーカラー：ゴールド / レバータイプ：スタンダード / アジャスターカラー：ブラックはこちら<br />レバーカラー：シルバー / レバータイプ：スタンダード / アジャスターカラー：レッドはこちら<br />レバーカラー：シルバー / レバータイプ：スタンダード / アジャスターカラー：アンスラサイトはこちら<br />レバーカラー：シルバー / レバータイプ：スタンダード / アジャスターカラー：ブルーはこちら<br />レバーカラー：シルバー / レバータイプ：スタンダード / アジャスターカラー：ゴールドはこちら<br />レバーカラー：シルバー / レバータイプ：スタンダード / アジャスターカラー：シルバーはこちら<br />レバーカラー：シルバー / レバータイプ：スタンダード / アジャスターカラー：ブラックはこちら<br />レバーカラー：ブラック / レバータイプ：スタンダード / アジャスターカラー：レッドはこちら<br />レバーカラー：ブラック / レバータイプ：スタンダード / アジャスターカラー：アンスラサイトはこちら<br />レバーカラー：ブラック / レバータイプ：スタンダード / アジャスターカラー：ブルーはこちら<br />レバーカラー：ブラック / レバータイプ：スタンダード / アジャスターカラー：ゴールドはこちら<br />レバーカラー：ブラック / レバータイプ：スタンダード / アジャスターカラー：シルバーはこちら<br />レバーカラー：ブラック / レバータイプ：スタンダード / アジャスターカラー：ブラックはこちら<br />レバーカラー：アンスラサイト / レバータイプ：ショート / アジャスターカラー：レッドはこちら<br />レバーカラー：アンスラサイト / レバータイプ：ショート / アジャスターカラー：ブルーはこちら<br />レバーカラー：アンスラサイト / レバータイプ：ショート / アジャスターカラー：ゴールドはこちら<br />レバーカラー：アンスラサイト / レバータイプ：ショート / アジャスターカラー：シルバーはこちら<br />レバーカラー：アンスラサイト / レバータイプ：ショート / アジャスターカラー：ブラックはこちら<br />レバーカラー：ゴールド / レバータイプ：ショート / アジャスターカラー：レッドはこちら<br />レバーカラー：ゴールド / レバータイプ：ショート / アジャスターカラー：アンスラサイトはこちら<br />レバーカラー：ゴールド / レバータイプ：ショート / アジャスターカラー：ブルーはこちら<br />レバーカラー：ゴールド / レバータイプ：ショート / アジャスターカラー：ゴールドはこちら<br />レバーカラー：ゴールド / レバータイプ：ショート / アジャスターカラー：シルバーはこちら<br />レバーカラー：ゴールド / レバータイプ：ショート / アジャスターカラー：ブラックはこちら<br />レバーカラー：シルバー / レバータイプ：ショート / アジャスターカラー：レッドはこちら<br />レバーカラー：シルバー / レバータイプ：ショート / アジャスターカラー：アンスラサイトはこちら<br />レバーカラー：シルバー / レバータイプ：ショート / アジャスターカラー：ブルーはこちら<br />レバーカラー：シルバー / レバータイプ：ショート / アジャスターカラー：ゴールドはこちら<br />レバーカラー：シルバー / レバータイプ：ショート / アジャスターカラー：シルバーは,【イベント開催中！】LSL レバー アジャスタブルクラッチレバー アジャスターカラー：アンスラサイト レバーカラー：アンスラサイト レバータイプ：ショート：ウェビック　楽天市場店,バイクカスタム改造ドレスアップヘルメットマフラーカウルオートバイ二輪車大型バイク中型バイクバイク用品パーツミラーツーリングジャケットタイヤ原付サーキットオフロード【イベント開催中！】LSL レバー アジャスタブルクラッチレバー アジャスターカラー：アンスラサイト レバーカラー：アンスラサイト レバータイプ：ショート,【送料無料】LSL レバー アジャスタブルクラッチレバー。【イベント開催中！】LSL レバー アジャスタブルクラッチレバー アジャスターカラー：アンスラサイト レバーカラー：アンスラサイト レバータイプ：ショート[rn]
18-31145,http://tshop.r10s.jp/webike-rb/cabinet/tnk0088/200slvarianten.jpg?fitin=700:700,10837.6000,,車用品・バイク用品 > バイク用品 > ブレーキ関連パーツ > ブレーキレバー > その他,【イベント開催中！】LSL レバー アジャスタブルクラッチレバー アジャスターカラー：ブルー レバーカラー：アンスラサイト レバータイプ：ショート,【送料無料】LSL レバー アジャスタブルクラッチレバー,レバーカラー：アンスラサイト / レバータイプ：スタンダード / アジャスターカラー：レッドはこちら<br />レバーカラー：アンスラサイト / レバータイプ：スタンダード / アジャスターカラー：アンスラサイトはこちら<br />レバーカラー：アンスラサイト / レバータイプ：スタンダード / アジャスターカラー：ブルーはこちら<br />レバーカラー：アンスラサイト / レバータイプ：スタンダード / アジャスターカラー：ゴールドはこちら<br />レバーカラー：アンスラサイト / レバータイプ：スタンダード / アジャスターカラー：シルバーはこちら<br />レバーカラー：アンスラサイト / レバータイプ：スタンダード / アジャスターカラー：ブラックはこちら<br />レバーカラー：ゴールド / レバータイプ：スタンダード / アジャスターカラー：レッドはこちら<br />レバーカラー：ゴールド / レバータイプ：スタンダード / アジャスターカラー：アンスラサイトはこちら<br />レバーカラー：ゴールド / レバータイプ：スタンダード / アジャスターカラー：ブルーはこちら<br />レバーカラー：ゴールド / レバータイプ：スタンダード / アジャスターカラー：ゴールドはこちら<br />レバーカラー：ゴールド / レバータイプ：スタンダード / アジャスターカラー：シルバーはこちら<br />レバーカラー：ゴールド / レバータイプ：スタンダード / アジャスターカラー：ブラックはこちら<br />レバーカラー：シルバー / レバータイプ：スタンダード / アジャスターカラー：レッドはこちら<br />レバーカラー：シルバー / レバータイプ：スタンダード / アジャスターカラー：アンスラサイトはこちら<br />レバーカラー：シルバー / レバータイプ：スタンダード / アジャスターカラー：ブルーはこちら<br />レバーカラー：シルバー / レバータイプ：スタンダード / アジャスターカラー：ゴールドはこちら<br />レバーカラー：シルバー / レバータイプ：スタンダード / アジャスターカラー：シルバーはこちら<br />レバーカラー：シルバー / レバータイプ：スタンダード / アジャスターカラー：ブラックはこちら<br />レバーカラー：ブラック / レバータイプ：スタンダード / アジャスターカラー：レッドはこちら<br />レバーカラー：ブラック / レバータイプ：スタンダード / アジャスターカラー：アンスラサイトはこちら<br />レバーカラー：ブラック / レバータイプ：スタンダード / アジャスターカラー：ブルーはこちら<br />レバーカラー：ブラック / レバータイプ：スタンダード / アジャスターカラー：ゴールドはこちら<br />レバーカラー：ブラック / レバータイプ：スタンダード / アジャスターカラー：シルバーはこちら<br />レバーカラー：ブラック / レバータイプ：スタンダード / アジャスターカラー：ブラックはこちら<br />レバーカラー：アンスラサイト / レバータイプ：ショート / アジャスターカラー：レッドはこちら<br />レバーカラー：アンスラサイト / レバータイプ：ショート / アジャスターカラー：アンスラサイトはこちら<br />レバーカラー：アンスラサイト / レバータイプ：ショート / アジャスターカラー：ゴールドはこちら<br />レバーカラー：アンスラサイト / レバータイプ：ショート / アジャスターカラー：シルバーはこちら<br />レバーカラー：アンスラサイト / レバータイプ：ショート / アジャスターカラー：ブラックはこちら<br />レバーカラー：ゴールド / レバータイプ：ショート / アジャスターカラー：レッドはこちら<br />レバーカラー：ゴールド / レバータイプ：ショート / アジャスターカラー：アンスラサイトはこちら<br />レバーカラー：ゴールド / レバータイプ：ショート / アジャスターカラー：ブルーはこちら<br />レバーカラー：ゴールド / レバータイプ：ショート / アジャスターカラー：ゴールドはこちら<br />レバーカラー：ゴールド / レバータイプ：ショート / アジャスターカラー：シルバーはこちら<br />レバーカラー：ゴールド / レバータイプ：ショート / アジャスターカラー：ブラックはこちら<br />レバーカラー：シルバー / レバータイプ：ショート / アジャスターカラー：レッドはこちら<br />レバーカラー：シルバー / レバータイプ：ショート / アジャスターカラー：アンスラサイトはこちら<br />レバーカラー：シルバー / レバータイプ：ショート / アジャスターカラー：ブルーはこちら<br />レバーカラー：シルバー / レバータイプ：ショート / アジャスターカラー：ゴールドはこちら<br />レバーカラー：シルバー / レバータイプ：ショート / アジャスターカラー：シ,【イベント開催中！】LSL レバー アジャスタブルクラッチレバー アジャスターカラー：ブルー レバーカラー：アンスラサイト レバータイプ：ショート：ウェビック　楽天市場店,バイクカスタム改造ドレスアップヘルメットマフラーカウルオートバイ二輪車大型バイク中型バイクバイク用品パーツミラーツーリングジャケットタイヤ原付サーキットオフロード【イベント開催中！】LSL レバー アジャスタブルクラッチレバー アジャスターカラー：ブルー レバーカラー：アンスラサイト レバータイプ：ショート,【送料無料】LSL レバー アジャスタブルクラッチレバー。【イベント開催中！】LSL レバー アジャスタブルクラッチレバー アジャスターカラー：ブルー レバーカラー：アンスラサイト レバータイプ：ショート[rn]
18-31146,http://tshop.r10s.jp/webike-rb/cabinet/tnk0090/200slvarianten.jpg?fitin=700:700,10837.6000,,車用品・バイク用品 > バイク用品 > ブレーキ関連パーツ > ブレーキレバー > その他,【イベント開催中！】LSL レバー アジャスタブルクラッチレバー アジャスターカラー：ゴールド レバーカラー：アンスラサイト レバータイプ：ショート,【送料無料】LSL レバー アジャスタブルクラッチレバー,レバーカラー：アンスラサイト / レバータイプ：スタンダード / アジャスターカラー：レッドはこちら<br />レバーカラー：アンスラサイト / レバータイプ：スタンダード / アジャスターカラー：アンスラサイトはこちら<br />レバーカラー：アンスラサイト / レバータイプ：スタンダード / アジャスターカラー：ブルーはこちら<br />レバーカラー：アンスラサイト / レバータイプ：スタンダード / アジャスターカラー：ゴールドはこちら<br />レバーカラー：アンスラサイト / レバータイプ：スタンダード / アジャスターカラー：シルバーはこちら<br />レバーカラー：アンスラサイト / レバータイプ：スタンダード / アジャスターカラー：ブラックはこちら<br />レバーカラー：ゴールド / レバータイプ：スタンダード / アジャスターカラー：レッドはこちら<br />レバーカラー：ゴールド / レバータイプ：スタンダード / アジャスターカラー：アンスラサイトはこちら<br />レバーカラー：ゴールド / レバータイプ：スタンダード / アジャスターカラー：ブルーはこちら<br />レバーカラー：ゴールド / レバータイプ：スタンダード / アジャスターカラー：ゴールドはこちら<br />レバーカラー：ゴールド / レバータイプ：スタンダード / アジャスターカラー：シルバーはこちら<br />レバーカラー：ゴールド / レバータイプ：スタンダード / アジャスターカラー：ブラックはこちら<br />レバーカラー：シルバー / レバータイプ：スタンダード / アジャスターカラー：レッドはこちら<br />レバーカラー：シルバー / レバータイプ：スタンダード / アジャスターカラー：アンスラサイトはこちら<br />レバーカラー：シルバー / レバータイプ：スタンダード / アジャスターカラー：ブルーはこちら<br />レバーカラー：シルバー / レバータイプ：スタンダード / アジャスターカラー：ゴールドはこちら<br />レバーカラー：シルバー / レバータイプ：スタンダード / アジャスターカラー：シルバーはこちら<br />レバーカラー：シルバー / レバータイプ：スタンダード / アジャスターカラー：ブラックはこちら<br />レバーカラー：ブラック / レバータイプ：スタンダード / アジャスターカラー：レッドはこちら<br />レバーカラー：ブラック / レバータイプ：スタンダード / アジャスターカラー：アンスラサイトはこちら<br />レバーカラー：ブラック / レバータイプ：スタンダード / アジャスターカラー：ブルーはこちら<br />レバーカラー：ブラック / レバータイプ：スタンダード / アジャスターカラー：ゴールドはこちら<br />レバーカラー：ブラック / レバータイプ：スタンダード / アジャスターカラー：シルバーはこちら<br />レバーカラー：ブラック / レバータイプ：スタンダード / アジャスターカラー：ブラックはこちら<br />レバーカラー：アンスラサイト / レバータイプ：ショート / アジャスターカラー：レッドはこちら<br />レバーカラー：アンスラサイト / レバータイプ：ショート / アジャスターカラー：アンスラサイトはこちら<br />レバーカラー：アンスラサイト / レバータイプ：ショート / アジャスターカラー：ブルーはこちら<br />レバーカラー：アンスラサイト / レバータイプ：ショート / アジャスターカラー：シルバーはこちら<br />レバーカラー：アンスラサイト / レバータイプ：ショート / アジャスターカラー：ブラックはこちら<br />レバーカラー：ゴールド / レバータイプ：ショート / アジャスターカラー：レッドはこちら<br />レバーカラー：ゴールド / レバータイプ：ショート / アジャスターカラー：アンスラサイトはこちら<br />レバーカラー：ゴールド / レバータイプ：ショート / アジャスターカラー：ブルーはこちら<br />レバーカラー：ゴールド / レバータイプ：ショート / アジャスターカラー：ゴールドはこちら<br />レバーカラー：ゴールド / レバータイプ：ショート / アジャスターカラー：シルバーはこちら<br />レバーカラー：ゴールド / レバータイプ：ショート / アジャスターカラー：ブラックはこちら<br />レバーカラー：シルバー / レバータイプ：ショート / アジャスターカラー：レッドはこちら<br />レバーカラー：シルバー / レバータイプ：ショート / アジャスターカラー：アンスラサイトはこちら<br />レバーカラー：シルバー / レバータイプ：ショート / アジャスターカラー：ブルーはこちら<br />レバーカラー：シルバー / レバータイプ：ショート / アジャスターカラー：ゴールドはこちら<br />レバーカラー：シルバー / レバータイプ：ショート / アジャスターカラー：シル,【イベント開催中！】LSL レバー アジャスタブルクラッチレバー アジャスターカラー：ゴールド レバーカラー：アンスラサイト レバータイプ：ショート：ウェビック　楽天市場店,バイクカスタム改造ドレスアップヘルメットマフラーカウルオートバイ二輪車大型バイク中型バイクバイク用品パーツミラーツーリングジャケットタイヤ原付サーキットオフロード【イベント開催中！】LSL レバー アジャスタブルクラッチレバー アジャスターカラー：ゴールド レバーカラー：アンスラサイト レバータイプ：ショート,【送料無料】LSL レバー アジャスタブルクラッチレバー。【イベント開催中！】LSL レバー アジャスタブルクラッチレバー アジャスターカラー：ゴールド レバーカラー：アンスラサイト レバータイプ：ショート[rn]
18-31147,http://tshop.r10s.jp/webike-rb/cabinet/tnk0091/200slvarianten.jpg?fitin=700:700,10837.6000,,車用品・バイク用品 > バイク用品 > ブレーキ関連パーツ > ブレーキレバー > その他,【イベント開催中！】LSL レバー アジャスタブルクラッチレバー アジャスターカラー：シルバー レバーカラー：アンスラサイト レバータイプ：ショート,【送料無料】LSL レバー アジャスタブルクラッチレバー,レバーカラー：アンスラサイト / レバータイプ：スタンダード / アジャスターカラー：レッドはこちら<br />レバーカラー：アンスラサイト / レバータイプ：スタンダード / アジャスターカラー：アンスラサイトはこちら<br />レバーカラー：アンスラサイト / レバータイプ：スタンダード / アジャスターカラー：ブルーはこちら<br />レバーカラー：アンスラサイト / レバータイプ：スタンダード / アジャスターカラー：ゴールドはこちら<br />レバーカラー：アンスラサイト / レバータイプ：スタンダード / アジャスターカラー：シルバーはこちら<br />レバーカラー：アンスラサイト / レバータイプ：スタンダード / アジャスターカラー：ブラックはこちら<br />レバーカラー：ゴールド / レバータイプ：スタンダード / アジャスターカラー：レッドはこちら<br />レバーカラー：ゴールド / レバータイプ：スタンダード / アジャスターカラー：アンスラサイトはこちら<br />レバーカラー：ゴールド / レバータイプ：スタンダード / アジャスターカラー：ブルーはこちら<br />レバーカラー：ゴールド / レバータイプ：スタンダード / アジャスターカラー：ゴールドはこちら<br />レバーカラー：ゴールド / レバータイプ：スタンダード / アジャスターカラー：シルバーはこちら<br />レバーカラー：ゴールド / レバータイプ：スタンダード / アジャスターカラー：ブラックはこちら<br />レバーカラー：シルバー / レバータイプ：スタンダード / アジャスターカラー：レッドはこちら<br />レバーカラー：シルバー / レバータイプ：スタンダード / アジャスターカラー：アンスラサイトはこちら<br />レバーカラー：シルバー / レバータイプ：スタンダード / アジャスターカラー：ブルーはこちら<br />レバーカラー：シルバー / レバータイプ：スタンダード / アジャスターカラー：ゴールドはこちら<br />レバーカラー：シルバー / レバータイプ：スタンダード / アジャスターカラー：シルバーはこちら<br />レバーカラー：シルバー / レバータイプ：スタンダード / アジャスターカラー：ブラックはこちら<br />レバーカラー：ブラック / レバータイプ：スタンダード / アジャスターカラー：レッドはこちら<br />レバーカラー：ブラック / レバータイプ：スタンダード / アジャスターカラー：アンスラサイトはこちら<br />レバーカラー：ブラック / レバータイプ：スタンダード / アジャスターカラー：ブルーはこちら<br />レバーカラー：ブラック / レバータイプ：スタンダード / アジャスターカラー：ゴールドはこちら<br />レバーカラー：ブラック / レバータイプ：スタンダード / アジャスターカラー：シルバーはこちら<br />レバーカラー：ブラック / レバータイプ：スタンダード / アジャスターカラー：ブラックはこちら<br />レバーカラー：アンスラサイト / レバータイプ：ショート / アジャスターカラー：レッドはこちら<br />レバーカラー：アンスラサイト / レバータイプ：ショート / アジャスターカラー：アンスラサイトはこちら<br />レバーカラー：アンスラサイト / レバータイプ：ショート / アジャスターカラー：ブルーはこちら<br />レバーカラー：アンスラサイト / レバータイプ：ショート / アジャスターカラー：ゴールドはこちら<br />レバーカラー：アンスラサイト / レバータイプ：ショート / アジャスターカラー：ブラックはこちら<br />レバーカラー：ゴールド / レバータイプ：ショート / アジャスターカラー：レッドはこちら<br />レバーカラー：ゴールド / レバータイプ：ショート / アジャスターカラー：アンスラサイトはこちら<br />レバーカラー：ゴールド / レバータイプ：ショート / アジャスターカラー：ブルーはこちら<br />レバーカラー：ゴールド / レバータイプ：ショート / アジャスターカラー：ゴールドはこちら<br />レバーカラー：ゴールド / レバータイプ：ショート / アジャスターカラー：シルバーはこちら<br />レバーカラー：ゴールド / レバータイプ：ショート / アジャスターカラー：ブラックはこちら<br />レバーカラー：シルバー / レバータイプ：ショート / アジャスターカラー：レッドはこちら<br />レバーカラー：シルバー / レバータイプ：ショート / アジャスターカラー：アンスラサイトはこちら<br />レバーカラー：シルバー / レバータイプ：ショート / アジャスターカラー：ブルーはこちら<br />レバーカラー：シルバー / レバータイプ：ショート / アジャスターカラー：ゴールドはこちら<br />レバーカラー：シルバー / レバータイプ：ショート / アジャスターカラー：シル,【イベント開催中！】LSL レバー アジャスタブルクラッチレバー アジャスターカラー：シルバー レバーカラー：アンスラサイト レバータイプ：ショート：ウェビック　楽天市場店,バイクカスタム改造ドレスアップヘルメットマフラーカウルオートバイ二輪車大型バイク中型バイクバイク用品パーツミラーツーリングジャケットタイヤ原付サーキットオフロード【イベント開催中！】LSL レバー アジャスタブルクラッチレバー アジャスターカラー：シルバー レバーカラー：アンスラサイト レバータイプ：ショート,【送料無料】LSL レバー アジャスタブルクラッチレバー。【イベント開催中！】LSL レバー アジャスタブルクラッチレバー アジャスターカラー：シルバー レバーカラー：アンスラサイト レバータイプ：ショート[rn]
18-31148,http://tshop.r10s.jp/webike-rb/cabinet/tnk0090/200slvarianten.jpg?fitin=700:700,10837.6000,,車用品・バイク用品 > バイク用品 > ブレーキ関連パーツ > ブレーキレバー > その他,【イベント開催中！】LSL レバー アジャスタブルクラッチレバー アジャスターカラー：ブラック レバーカラー：アンスラサイト レバータイプ：ショート,【送料無料】LSL レバー アジャスタブルクラッチレバー,レバーカラー：アンスラサイト / レバータイプ：スタンダード / アジャスターカラー：レッドはこちら<br />レバーカラー：アンスラサイト / レバータイプ：スタンダード / アジャスターカラー：アンスラサイトはこちら<br />レバーカラー：アンスラサイト / レバータイプ：スタンダード / アジャスターカラー：ブルーはこちら<br />レバーカラー：アンスラサイト / レバータイプ：スタンダード / アジャスターカラー：ゴールドはこちら<br />レバーカラー：アンスラサイト / レバータイプ：スタンダード / アジャスターカラー：シルバーはこちら<br />レバーカラー：アンスラサイト / レバータイプ：スタンダード / アジャスターカラー：ブラックはこちら<br />レバーカラー：ゴールド / レバータイプ：スタンダード / アジャスターカラー：レッドはこちら<br />レバーカラー：ゴールド / レバータイプ：スタンダード / アジャスターカラー：アンスラサイトはこちら<br />レバーカラー：ゴールド / レバータイプ：スタンダード / アジャスターカラー：ブルーはこちら<br />レバーカラー：ゴールド / レバータイプ：スタンダード / アジャスターカラー：ゴールドはこちら<br />レバーカラー：ゴールド / レバータイプ：スタンダード / アジャスターカラー：シルバーはこちら<br />レバーカラー：ゴールド / レバータイプ：スタンダード / アジャスターカラー：ブラックはこちら<br />レバーカラー：シルバー / レバータイプ：スタンダード / アジャスターカラー：レッドはこちら<br />レバーカラー：シルバー / レバータイプ：スタンダード / アジャスターカラー：アンスラサイトはこちら<br />レバーカラー：シルバー / レバータイプ：スタンダード / アジャスターカラー：ブルーはこちら<br />レバーカラー：シルバー / レバータイプ：スタンダード / アジャスターカラー：ゴールドはこちら<br />レバーカラー：シルバー / レバータイプ：スタンダード / アジャスターカラー：シルバーはこちら<br />レバーカラー：シルバー / レバータイプ：スタンダード / アジャスターカラー：ブラックはこちら<br />レバーカラー：ブラック / レバータイプ：スタンダード / アジャスターカラー：レッドはこちら<br />レバーカラー：ブラック / レバータイプ：スタンダード / アジャスターカラー：アンスラサイトはこちら<br />レバーカラー：ブラック / レバータイプ：スタンダード / アジャスターカラー：ブルーはこちら<br />レバーカラー：ブラック / レバータイプ：スタンダード / アジャスターカラー：ゴールドはこちら<br />レバーカラー：ブラック / レバータイプ：スタンダード / アジャスターカラー：シルバーはこちら<br />レバーカラー：ブラック / レバータイプ：スタンダード / アジャスターカラー：ブラックはこちら<br />レバーカラー：アンスラサイト / レバータイプ：ショート / アジャスターカラー：レッドはこちら<br />レバーカラー：アンスラサイト / レバータイプ：ショート / アジャスターカラー：アンスラサイトはこちら<br />レバーカラー：アンスラサイト / レバータイプ：ショート / アジャスターカラー：ブルーはこちら<br />レバーカラー：アンスラサイト / レバータイプ：ショート / アジャスターカラー：ゴールドはこちら<br />レバーカラー：アンスラサイト / レバータイプ：ショート / アジャスターカラー：シルバーはこちら<br />レバーカラー：ゴールド / レバータイプ：ショート / アジャスターカラー：レッドはこちら<br />レバーカラー：ゴールド / レバータイプ：ショート / アジャスターカラー：アンスラサイトはこちら<br />レバーカラー：ゴールド / レバータイプ：ショート / アジャスターカラー：ブルーはこちら<br />レバーカラー：ゴールド / レバータイプ：ショート / アジャスターカラー：ゴールドはこちら<br />レバーカラー：ゴールド / レバータイプ：ショート / アジャスターカラー：シルバーはこちら<br />レバーカラー：ゴールド / レバータイプ：ショート / アジャスターカラー：ブラックはこちら<br />レバーカラー：シルバー / レバータイプ：ショート / アジャスターカラー：レッドはこちら<br />レバーカラー：シルバー / レバータイプ：ショート / アジャスターカラー：アンスラサイトはこちら<br />レバーカラー：シルバー / レバータイプ：ショート / アジャスターカラー：ブルーはこちら<br />レバーカラー：シルバー / レバータイプ：ショート / アジャスターカラー：ゴールドはこちら<br />レバーカラー：シルバー / レバータイプ：ショート / アジャスターカラー：シル,【イベント開催中！】LSL レバー アジャスタブルクラッチレバー アジャスターカラー：ブラック レバーカラー：アンスラサイト レバータイプ：ショート：ウェビック　楽天市場店,バイクカスタム改造ドレスアップヘルメットマフラーカウルオートバイ二輪車大型バイク中型バイクバイク用品パーツミラーツーリングジャケットタイヤ原付サーキットオフロード【イベント開催中！】LSL レバー アジャスタブルクラッチレバー アジャスターカラー：ブラック レバーカラー：アンスラサイト レバータイプ：ショート,【送料無料】LSL レバー アジャスタブルクラッチレバー。【イベント開催中！】LSL レバー アジャスタブルクラッチレバー アジャスターカラー：ブラック レバーカラー：アンスラサイト レバータイプ：ショート[rn]
18-31149,http://tshop.r10s.jp/webike-rb/cabinet/tnk0089/200slvarianten.jpg?fitin=700:700,10837.6000,,車用品・バイク用品 > バイク用品 > ブレーキ関連パーツ > ブレーキレバー > その他,【イベント開催中！】LSL レバー アジャスタブルクラッチレバー アジャスターカラー：レッド レバーカラー：ゴールド レバータイプ：ショート,【送料無料】LSL レバー アジャスタブルクラッチレバー,レバーカラー：アンスラサイト / レバータイプ：スタンダード / アジャスターカラー：レッドはこちら<br />レバーカラー：アンスラサイト / レバータイプ：スタンダード / アジャスターカラー：アンスラサイトはこちら<br />レバーカラー：アンスラサイト / レバータイプ：スタンダード / アジャスターカラー：ブルーはこちら<br />レバーカラー：アンスラサイト / レバータイプ：スタンダード / アジャスターカラー：ゴールドはこちら<br />レバーカラー：アンスラサイト / レバータイプ：スタンダード / アジャスターカラー：シルバーはこちら<br />レバーカラー：アンスラサイト / レバータイプ：スタンダード / アジャスターカラー：ブラックはこちら<br />レバーカラー：ゴールド / レバータイプ：スタンダード / アジャスターカラー：レッドはこちら<br />レバーカラー：ゴールド / レバータイプ：スタンダード / アジャスターカラー：アンスラサイトはこちら<br />レバーカラー：ゴールド / レバータイプ：スタンダード / アジャスターカラー：ブルーはこちら<br />レバーカラー：ゴールド / レバータイプ：スタンダード / アジャスターカラー：ゴールドはこちら<br />レバーカラー：ゴールド / レバータイプ：スタンダード / アジャスターカラー：シルバーはこちら<br />レバーカラー：ゴールド / レバータイプ：スタンダード / アジャスターカラー：ブラックはこちら<br />レバーカラー：シルバー / レバータイプ：スタンダード / アジャスターカラー：レッドはこちら<br />レバーカラー：シルバー / レバータイプ：スタンダード / アジャスターカラー：アンスラサイトはこちら<br />レバーカラー：シルバー / レバータイプ：スタンダード / アジャスターカラー：ブルーはこちら<br />レバーカラー：シルバー / レバータイプ：スタンダード / アジャスターカラー：ゴールドはこちら<br />レバーカラー：シルバー / レバータイプ：スタンダード / アジャスターカラー：シルバーはこちら<br />レバーカラー：シルバー / レバータイプ：スタンダード / アジャスターカラー：ブラックはこちら<br />レバーカラー：ブラック / レバータイプ：スタンダード / アジャスターカラー：レッドはこちら<br />レバーカラー：ブラック / レバータイプ：スタンダード / アジャスターカラー：アンスラサイトはこちら<br />レバーカラー：ブラック / レバータイプ：スタンダード / アジャスターカラー：ブルーはこちら<br />レバーカラー：ブラック / レバータイプ：スタンダード / アジャスターカラー：ゴールドはこちら<br />レバーカラー：ブラック / レバータイプ：スタンダード / アジャスターカラー：シルバーはこちら<br />レバーカラー：ブラック / レバータイプ：スタンダード / アジャスターカラー：ブラックはこちら<br />レバーカラー：アンスラサイト / レバータイプ：ショート / アジャスターカラー：レッドはこちら<br />レバーカラー：アンスラサイト / レバータイプ：ショート / アジャスターカラー：アンスラサイトはこちら<br />レバーカラー：アンスラサイト / レバータイプ：ショート / アジャスターカラー：ブルーはこちら<br />レバーカラー：アンスラサイト / レバータイプ：ショート / アジャスターカラー：ゴールドはこちら<br />レバーカラー：アンスラサイト / レバータイプ：ショート / アジャスターカラー：シルバーはこちら<br />レバーカラー：アンスラサイト / レバータイプ：ショート / アジャスターカラー：ブラックはこちら<br />レバーカラー：ゴールド / レバータイプ：ショート / アジャスターカラー：アンスラサイトはこちら<br />レバーカラー：ゴールド / レバータイプ：ショート / アジャスターカラー：ブルーはこちら<br />レバーカラー：ゴールド / レバータイプ：ショート / アジャスターカラー：ゴールドはこちら<br />レバーカラー：ゴールド / レバータイプ：ショート / アジャスターカラー：シルバーはこちら<br />レバーカラー：ゴールド / レバータイプ：ショート / アジャスターカラー：ブラックはこちら<br />レバーカラー：シルバー / レバータイプ：ショート / アジャスターカラー：レッドはこちら<br />レバーカラー：シルバー / レバータイプ：ショート / アジャスターカラー：アンスラサイトはこちら<br />レバーカラー：シルバー / レバータイプ：ショート / アジャスターカラー：ブルーはこちら<br />レバーカラー：シルバー / レバータイプ：ショート / アジャスターカラー：ゴールドはこちら<br />レバーカラー：シルバー / レバータイプ：ショート / アジャスターカラ,【イベント開催中！】LSL レバー アジャスタブルクラッチレバー アジャスターカラー：レッド レバーカラー：ゴールド レバータイプ：ショート：ウェビック　楽天市場店,バイクカスタム改造ドレスアップヘルメットマフラーカウルオートバイ二輪車大型バイク中型バイクバイク用品パーツミラーツーリングジャケットタイヤ原付サーキットオフロード【イベント開催中！】LSL レバー アジャスタブルクラッチレバー アジャスターカラー：レッド レバーカラー：ゴールド レバータイプ：ショート,【送料無料】LSL レバー アジャスタブルクラッチレバー。【イベント開催中！】LSL レバー アジャスタブルクラッチレバー アジャスターカラー：レッド レバーカラー：ゴールド レバータイプ：ショート[rn]
18-31150,http://tshop.r10s.jp/webike-rb/cabinet/tnk0091/200slvarianten.jpg?fitin=700:700,10837.6000,,車用品・バイク用品 > バイク用品 > ブレーキ関連パーツ > ブレーキレバー > その他,【イベント開催中！】LSL レバー アジャスタブルクラッチレバー アジャスターカラー：アンスラサイト レバーカラー：ゴールド レバータイプ：ショート,【送料無料】LSL レバー アジャスタブルクラッチレバー,レバーカラー：アンスラサイト / レバータイプ：スタンダード / アジャスターカラー：レッドはこちら<br />レバーカラー：アンスラサイト / レバータイプ：スタンダード / アジャスターカラー：アンスラサイトはこちら<br />レバーカラー：アンスラサイト / レバータイプ：スタンダード / アジャスターカラー：ブルーはこちら<br />レバーカラー：アンスラサイト / レバータイプ：スタンダード / アジャスターカラー：ゴールドはこちら<br />レバーカラー：アンスラサイト / レバータイプ：スタンダード / アジャスターカラー：シルバーはこちら<br />レバーカラー：アンスラサイト / レバータイプ：スタンダード / アジャスターカラー：ブラックはこちら<br />レバーカラー：ゴールド / レバータイプ：スタンダード / アジャスターカラー：レッドはこちら<br />レバーカラー：ゴールド / レバータイプ：スタンダード / アジャスターカラー：アンスラサイトはこちら<br />レバーカラー：ゴールド / レバータイプ：スタンダード / アジャスターカラー：ブルーはこちら<br />レバーカラー：ゴールド / レバータイプ：スタンダード / アジャスターカラー：ゴールドはこちら<br />レバーカラー：ゴールド / レバータイプ：スタンダード / アジャスターカラー：シルバーはこちら<br />レバーカラー：ゴールド / レバータイプ：スタンダード / アジャスターカラー：ブラックはこちら<br />レバーカラー：シルバー / レバータイプ：スタンダード / アジャスターカラー：レッドはこちら<br />レバーカラー：シルバー / レバータイプ：スタンダード / アジャスターカラー：アンスラサイトはこちら<br />レバーカラー：シルバー / レバータイプ：スタンダード / アジャスターカラー：ブルーはこちら<br />レバーカラー：シルバー / レバータイプ：スタンダード / アジャスターカラー：ゴールドはこちら<br />レバーカラー：シルバー / レバータイプ：スタンダード / アジャスターカラー：シルバーはこちら<br />レバーカラー：シルバー / レバータイプ：スタンダード / アジャスターカラー：ブラックはこちら<br />レバーカラー：ブラック / レバータイプ：スタンダード / アジャスターカラー：レッドはこちら<br />レバーカラー：ブラック / レバータイプ：スタンダード / アジャスターカラー：アンスラサイトはこちら<br />レバーカラー：ブラック / レバータイプ：スタンダード / アジャスターカラー：ブルーはこちら<br />レバーカラー：ブラック / レバータイプ：スタンダード / アジャスターカラー：ゴールドはこちら<br />レバーカラー：ブラック / レバータイプ：スタンダード / アジャスターカラー：シルバーはこちら<br />レバーカラー：ブラック / レバータイプ：スタンダード / アジャスターカラー：ブラックはこちら<br />レバーカラー：アンスラサイト / レバータイプ：ショート / アジャスターカラー：レッドはこちら<br />レバーカラー：アンスラサイト / レバータイプ：ショート / アジャスターカラー：アンスラサイトはこちら<br />レバーカラー：アンスラサイト / レバータイプ：ショート / アジャスターカラー：ブルーはこちら<br />レバーカラー：アンスラサイト / レバータイプ：ショート / アジャスターカラー：ゴールドはこちら<br />レバーカラー：アンスラサイト / レバータイプ：ショート / アジャスターカラー：シルバーはこちら<br />レバーカラー：アンスラサイト / レバータイプ：ショート / アジャスターカラー：ブラックはこちら<br />レバーカラー：ゴールド / レバータイプ：ショート / アジャスターカラー：レッドはこちら<br />レバーカラー：ゴールド / レバータイプ：ショート / アジャスターカラー：ブルーはこちら<br />レバーカラー：ゴールド / レバータイプ：ショート / アジャスターカラー：ゴールドはこちら<br />レバーカラー：ゴールド / レバータイプ：ショート / アジャスターカラー：シルバーはこちら<br />レバーカラー：ゴールド / レバータイプ：ショート / アジャスターカラー：ブラックはこちら<br />レバーカラー：シルバー / レバータイプ：ショート / アジャスターカラー：レッドはこちら<br />レバーカラー：シルバー / レバータイプ：ショート / アジャスターカラー：アンスラサイトはこちら<br />レバーカラー：シルバー / レバータイプ：ショート / アジャスターカラー：ブルーはこちら<br />レバーカラー：シルバー / レバータイプ：ショート / アジャスターカラー：ゴールドはこちら<br />レバーカラー：シルバー / レバータイプ：ショート / アジャスターカラー：シル,【イベント開催中！】LSL レバー アジャスタブルクラッチレバー アジャスターカラー：アンスラサイト レバーカラー：ゴールド レバータイプ：ショート：ウェビック　楽天市場店,バイクカスタム改造ドレスアップヘルメットマフラーカウルオートバイ二輪車大型バイク中型バイクバイク用品パーツミラーツーリングジャケットタイヤ原付サーキットオフロード【イベント開催中！】LSL レバー アジャスタブルクラッチレバー アジャスターカラー：アンスラサイト レバーカラー：ゴールド レバータイプ：ショート,【送料無料】LSL レバー アジャスタブルクラッチレバー。【イベント開催中！】LSL レバー アジャスタブルクラッチレバー アジャスターカラー：アンスラサイト レバーカラー：ゴールド レバータイプ：ショート[rn]
18-31151,http://tshop.r10s.jp/webike-rb/cabinet/tnk0091/200slvarianten.jpg?fitin=700:700,10837.6000,,車用品・バイク用品 > バイク用品 > ブレーキ関連パーツ > ブレーキレバー > その他,【イベント開催中！】LSL レバー アジャスタブルクラッチレバー アジャスターカラー：ブルー レバーカラー：ゴールド レバータイプ：ショート,【送料無料】LSL レバー アジャスタブルクラッチレバー,レバーカラー：アンスラサイト / レバータイプ：スタンダード / アジャスターカラー：レッドはこちら<br />レバーカラー：アンスラサイト / レバータイプ：スタンダード / アジャスターカラー：アンスラサイトはこちら<br />レバーカラー：アンスラサイト / レバータイプ：スタンダード / アジャスターカラー：ブルーはこちら<br />レバーカラー：アンスラサイト / レバータイプ：スタンダード / アジャスターカラー：ゴールドはこちら<br />レバーカラー：アンスラサイト / レバータイプ：スタンダード / アジャスターカラー：シルバーはこちら<br />レバーカラー：アンスラサイト / レバータイプ：スタンダード / アジャスターカラー：ブラックはこちら<br />レバーカラー：ゴールド / レバータイプ：スタンダード / アジャスターカラー：レッドはこちら<br />レバーカラー：ゴールド / レバータイプ：スタンダード / アジャスターカラー：アンスラサイトはこちら<br />レバーカラー：ゴールド / レバータイプ：スタンダード / アジャスターカラー：ブルーはこちら<br />レバーカラー：ゴールド / レバータイプ：スタンダード / アジャスターカラー：ゴールドはこちら<br />レバーカラー：ゴールド / レバータイプ：スタンダード / アジャスターカラー：シルバーはこちら<br />レバーカラー：ゴールド / レバータイプ：スタンダード / アジャスターカラー：ブラックはこちら<br />レバーカラー：シルバー / レバータイプ：スタンダード / アジャスターカラー：レッドはこちら<br />レバーカラー：シルバー / レバータイプ：スタンダード / アジャスターカラー：アンスラサイトはこちら<br />レバーカラー：シルバー / レバータイプ：スタンダード / アジャスターカラー：ブルーはこちら<br />レバーカラー：シルバー / レバータイプ：スタンダード / アジャスターカラー：ゴールドはこちら<br />レバーカラー：シルバー / レバータイプ：スタンダード / アジャスターカラー：シルバーはこちら<br />レバーカラー：シルバー / レバータイプ：スタンダード / アジャスターカラー：ブラックはこちら<br />レバーカラー：ブラック / レバータイプ：スタンダード / アジャスターカラー：レッドはこちら<br />レバーカラー：ブラック / レバータイプ：スタンダード / アジャスターカラー：アンスラサイトはこちら<br />レバーカラー：ブラック / レバータイプ：スタンダード / アジャスターカラー：ブルーはこちら<br />レバーカラー：ブラック / レバータイプ：スタンダード / アジャスターカラー：ゴールドはこちら<br />レバーカラー：ブラック / レバータイプ：スタンダード / アジャスターカラー：シルバーはこちら<br />レバーカラー：ブラック / レバータイプ：スタンダード / アジャスターカラー：ブラックはこちら<br />レバーカラー：アンスラサイト / レバータイプ：ショート / アジャスターカラー：レッドはこちら<br />レバーカラー：アンスラサイト / レバータイプ：ショート / アジャスターカラー：アンスラサイトはこちら<br />レバーカラー：アンスラサイト / レバータイプ：ショート / アジャスターカラー：ブルーはこちら<br />レバーカラー：アンスラサイト / レバータイプ：ショート / アジャスターカラー：ゴールドはこちら<br />レバーカラー：アンスラサイト / レバータイプ：ショート / アジャスターカラー：シルバーはこちら<br />レバーカラー：アンスラサイト / レバータイプ：ショート / アジャスターカラー：ブラックはこちら<br />レバーカラー：ゴールド / レバータイプ：ショート / アジャスターカラー：レッドはこちら<br />レバーカラー：ゴールド / レバータイプ：ショート / アジャスターカラー：アンスラサイトはこちら<br />レバーカラー：ゴールド / レバータイプ：ショート / アジャスターカラー：ゴールドはこちら<br />レバーカラー：ゴールド / レバータイプ：ショート / アジャスターカラー：シルバーはこちら<br />レバーカラー：ゴールド / レバータイプ：ショート / アジャスターカラー：ブラックはこちら<br />レバーカラー：シルバー / レバータイプ：ショート / アジャスターカラー：レッドはこちら<br />レバーカラー：シルバー / レバータイプ：ショート / アジャスターカラー：アンスラサイトはこちら<br />レバーカラー：シルバー / レバータイプ：ショート / アジャスターカラー：ブルーはこちら<br />レバーカラー：シルバー / レバータイプ：ショート / アジャスターカラー：ゴールドはこちら<br />レバーカラー：シルバー / レバータイプ：ショート / アジャスターカラ,【イベント開催中！】LSL レバー アジャスタブルクラッチレバー アジャスターカラー：ブルー レバーカラー：ゴールド レバータイプ：ショート：ウェビック　楽天市場店,バイクカスタム改造ドレスアップヘルメットマフラーカウルオートバイ二輪車大型バイク中型バイクバイク用品パーツミラーツーリングジャケットタイヤ原付サーキットオフロード【イベント開催中！】LSL レバー アジャスタブルクラッチレバー アジャスターカラー：ブルー レバーカラー：ゴールド レバータイプ：ショート,【送料無料】LSL レバー アジャスタブルクラッチレバー。【イベント開催中！】LSL レバー アジャスタブルクラッチレバー アジャスターカラー：ブルー レバーカラー：ゴールド レバータイプ：ショート[rn]
18-31152,http://tshop.r10s.jp/webike-rb/cabinet/tnk0090/200slvarianten.jpg?fitin=700:700,10837.6000,,車用品・バイク用品 > バイク用品 > ブレーキ関連パーツ > ブレーキレバー > その他,【イベント開催中！】LSL レバー アジャスタブルクラッチレバー アジャスターカラー：ゴールド レバーカラー：ゴールド レバータイプ：ショート,【送料無料】LSL レバー アジャスタブルクラッチレバー,レバーカラー：アンスラサイト / レバータイプ：スタンダード / アジャスターカラー：レッドはこちら<br />レバーカラー：アンスラサイト / レバータイプ：スタンダード / アジャスターカラー：アンスラサイトはこちら<br />レバーカラー：アンスラサイト / レバータイプ：スタンダード / アジャスターカラー：ブルーはこちら<br />レバーカラー：アンスラサイト / レバータイプ：スタンダード / アジャスターカラー：ゴールドはこちら<br />レバーカラー：アンスラサイト / レバータイプ：スタンダード / アジャスターカラー：シルバーはこちら<br />レバーカラー：アンスラサイト / レバータイプ：スタンダード / アジャスターカラー：ブラックはこちら<br />レバーカラー：ゴールド / レバータイプ：スタンダード / アジャスターカラー：レッドはこちら<br />レバーカラー：ゴールド / レバータイプ：スタンダード / アジャスターカラー：アンスラサイトはこちら<br />レバーカラー：ゴールド / レバータイプ：スタンダード / アジャスターカラー：ブルーはこちら<br />レバーカラー：ゴールド / レバータイプ：スタンダード / アジャスターカラー：ゴールドはこちら<br />レバーカラー：ゴールド / レバータイプ：スタンダード / アジャスターカラー：シルバーはこちら<br />レバーカラー：ゴールド / レバータイプ：スタンダード / アジャスターカラー：ブラックはこちら<br />レバーカラー：シルバー / レバータイプ：スタンダード / アジャスターカラー：レッドはこちら<br />レバーカラー：シルバー / レバータイプ：スタンダード / アジャスターカラー：アンスラサイトはこちら<br />レバーカラー：シルバー / レバータイプ：スタンダード / アジャスターカラー：ブルーはこちら<br />レバーカラー：シルバー / レバータイプ：スタンダード / アジャスターカラー：ゴールドはこちら<br />レバーカラー：シルバー / レバータイプ：スタンダード / アジャスターカラー：シルバーはこちら<br />レバーカラー：シルバー / レバータイプ：スタンダード / アジャスターカラー：ブラックはこちら<br />レバーカラー：ブラック / レバータイプ：スタンダード / アジャスターカラー：レッドはこちら<br />レバーカラー：ブラック / レバータイプ：スタンダード / アジャスターカラー：アンスラサイトはこちら<br />レバーカラー：ブラック / レバータイプ：スタンダード / アジャスターカラー：ブルーはこちら<br />レバーカラー：ブラック / レバータイプ：スタンダード / アジャスターカラー：ゴールドはこちら<br />レバーカラー：ブラック / レバータイプ：スタンダード / アジャスターカラー：シルバーはこちら<br />レバーカラー：ブラック / レバータイプ：スタンダード / アジャスターカラー：ブラックはこちら<br />レバーカラー：アンスラサイト / レバータイプ：ショート / アジャスターカラー：レッドはこちら<br />レバーカラー：アンスラサイト / レバータイプ：ショート / アジャスターカラー：アンスラサイトはこちら<br />レバーカラー：アンスラサイト / レバータイプ：ショート / アジャスターカラー：ブルーはこちら<br />レバーカラー：アンスラサイト / レバータイプ：ショート / アジャスターカラー：ゴールドはこちら<br />レバーカラー：アンスラサイト / レバータイプ：ショート / アジャスターカラー：シルバーはこちら<br />レバーカラー：アンスラサイト / レバータイプ：ショート / アジャスターカラー：ブラックはこちら<br />レバーカラー：ゴールド / レバータイプ：ショート / アジャスターカラー：レッドはこちら<br />レバーカラー：ゴールド / レバータイプ：ショート / アジャスターカラー：アンスラサイトはこちら<br />レバーカラー：ゴールド / レバータイプ：ショート / アジャスターカラー：ブルーはこちら<br />レバーカラー：ゴールド / レバータイプ：ショート / アジャスターカラー：シルバーはこちら<br />レバーカラー：ゴールド / レバータイプ：ショート / アジャスターカラー：ブラックはこちら<br />レバーカラー：シルバー / レバータイプ：ショート / アジャスターカラー：レッドはこちら<br />レバーカラー：シルバー / レバータイプ：ショート / アジャスターカラー：アンスラサイトはこちら<br />レバーカラー：シルバー / レバータイプ：ショート / アジャスターカラー：ブルーはこちら<br />レバーカラー：シルバー / レバータイプ：ショート / アジャスターカラー：ゴールドはこちら<br />レバーカラー：シルバー / レバータイプ：ショート / アジャスターカラー,【イベント開催中！】LSL レバー アジャスタブルクラッチレバー アジャスターカラー：ゴールド レバーカラー：ゴールド レバータイプ：ショート：ウェビック　楽天市場店,バイクカスタム改造ドレスアップヘルメットマフラーカウルオートバイ二輪車大型バイク中型バイクバイク用品パーツミラーツーリングジャケットタイヤ原付サーキットオフロード【イベント開催中！】LSL レバー アジャスタブルクラッチレバー アジャスターカラー：ゴールド レバーカラー：ゴールド レバータイプ：ショート,【送料無料】LSL レバー アジャスタブルクラッチレバー。【イベント開催中！】LSL レバー アジャスタブルクラッチレバー アジャスターカラー：ゴールド レバーカラー：ゴールド レバータイプ：ショート[rn]
18-31153,http://tshop.r10s.jp/webike-rb/cabinet/tnk0009/200slvarianten.jpg?fitin=700:700,10837.6000,,車用品・バイク用品 > バイク用品 > ブレーキ関連パーツ > ブレーキレバー > その他,【イベント開催中！】LSL レバー アジャスタブルクラッチレバー アジャスターカラー：シルバー レバーカラー：ゴールド レバータイプ：ショート,【送料無料】LSL レバー アジャスタブルクラッチレバー,レバーカラー：アンスラサイト / レバータイプ：スタンダード / アジャスターカラー：レッドはこちら<br />レバーカラー：アンスラサイト / レバータイプ：スタンダード / アジャスターカラー：アンスラサイトはこちら<br />レバーカラー：アンスラサイト / レバータイプ：スタンダード / アジャスターカラー：ブルーはこちら<br />レバーカラー：アンスラサイト / レバータイプ：スタンダード / アジャスターカラー：ゴールドはこちら<br />レバーカラー：アンスラサイト / レバータイプ：スタンダード / アジャスターカラー：シルバーはこちら<br />レバーカラー：アンスラサイト / レバータイプ：スタンダード / アジャスターカラー：ブラックはこちら<br />レバーカラー：ゴールド / レバータイプ：スタンダード / アジャスターカラー：レッドはこちら<br />レバーカラー：ゴールド / レバータイプ：スタンダード / アジャスターカラー：アンスラサイトはこちら<br />レバーカラー：ゴールド / レバータイプ：スタンダード / アジャスターカラー：ブルーはこちら<br />レバーカラー：ゴールド / レバータイプ：スタンダード / アジャスターカラー：ゴールドはこちら<br />レバーカラー：ゴールド / レバータイプ：スタンダード / アジャスターカラー：シルバーはこちら<br />レバーカラー：ゴールド / レバータイプ：スタンダード / アジャスターカラー：ブラックはこちら<br />レバーカラー：シルバー / レバータイプ：スタンダード / アジャスターカラー：レッドはこちら<br />レバーカラー：シルバー / レバータイプ：スタンダード / アジャスターカラー：アンスラサイトはこちら<br />レバーカラー：シルバー / レバータイプ：スタンダード / アジャスターカラー：ブルーはこちら<br />レバーカラー：シルバー / レバータイプ：スタンダード / アジャスターカラー：ゴールドはこちら<br />レバーカラー：シルバー / レバータイプ：スタンダード / アジャスターカラー：シルバーはこちら<br />レバーカラー：シルバー / レバータイプ：スタンダード / アジャスターカラー：ブラックはこちら<br />レバーカラー：ブラック / レバータイプ：スタンダード / アジャスターカラー：レッドはこちら<br />レバーカラー：ブラック / レバータイプ：スタンダード / アジャスターカラー：アンスラサイトはこちら<br />レバーカラー：ブラック / レバータイプ：スタンダード / アジャスターカラー：ブルーはこちら<br />レバーカラー：ブラック / レバータイプ：スタンダード / アジャスターカラー：ゴールドはこちら<br />レバーカラー：ブラック / レバータイプ：スタンダード / アジャスターカラー：シルバーはこちら<br />レバーカラー：ブラック / レバータイプ：スタンダード / アジャスターカラー：ブラックはこちら<br />レバーカラー：アンスラサイト / レバータイプ：ショート / アジャスターカラー：レッドはこちら<br />レバーカラー：アンスラサイト / レバータイプ：ショート / アジャスターカラー：アンスラサイトはこちら<br />レバーカラー：アンスラサイト / レバータイプ：ショート / アジャスターカラー：ブルーはこちら<br />レバーカラー：アンスラサイト / レバータイプ：ショート / アジャスターカラー：ゴールドはこちら<br />レバーカラー：アンスラサイト / レバータイプ：ショート / アジャスターカラー：シルバーはこちら<br />レバーカラー：アンスラサイト / レバータイプ：ショート / アジャスターカラー：ブラックはこちら<br />レバーカラー：ゴールド / レバータイプ：ショート / アジャスターカラー：レッドはこちら<br />レバーカラー：ゴールド / レバータイプ：ショート / アジャスターカラー：アンスラサイトはこちら<br />レバーカラー：ゴールド / レバータイプ：ショート / アジャスターカラー：ブルーはこちら<br />レバーカラー：ゴールド / レバータイプ：ショート / アジャスターカラー：ゴールドはこちら<br />レバーカラー：ゴールド / レバータイプ：ショート / アジャスターカラー：ブラックはこちら<br />レバーカラー：シルバー / レバータイプ：ショート / アジャスターカラー：レッドはこちら<br />レバーカラー：シルバー / レバータイプ：ショート / アジャスターカラー：アンスラサイトはこちら<br />レバーカラー：シルバー / レバータイプ：ショート / アジャスターカラー：ブルーはこちら<br />レバーカラー：シルバー / レバータイプ：ショート / アジャスターカラー：ゴールドはこちら<br />レバーカラー：シルバー / レバータイプ：ショート / アジャスターカラー,【イベント開催中！】LSL レバー アジャスタブルクラッチレバー アジャスターカラー：シルバー レバーカラー：ゴールド レバータイプ：ショート：ウェビック　楽天市場店,バイクカスタム改造ドレスアップヘルメットマフラーカウルオートバイ二輪車大型バイク中型バイクバイク用品パーツミラーツーリングジャケットタイヤ原付サーキットオフロード【イベント開催中！】LSL レバー アジャスタブルクラッチレバー アジャスターカラー：シルバー レバーカラー：ゴールド レバータイプ：ショート,【送料無料】LSL レバー アジャスタブルクラッチレバー。【イベント開催中！】LSL レバー アジャスタブルクラッチレバー アジャスターカラー：シルバー レバーカラー：ゴールド レバータイプ：ショート[rn]
18-31154,http://tshop.r10s.jp/webike-rb/cabinet/tnk0004/200slvarianten.jpg?fitin=700:700,10837.6000,,車用品・バイク用品 > バイク用品 > ブレーキ関連パーツ > ブレーキレバー > その他,【イベント開催中！】LSL レバー アジャスタブルクラッチレバー アジャスターカラー：レッド レバーカラー：シルバー レバータイプ：ショート,【送料無料】LSL レバー アジャスタブルクラッチレバー,レバーカラー：アンスラサイト / レバータイプ：スタンダード / アジャスターカラー：レッドはこちら<br />レバーカラー：アンスラサイト / レバータイプ：スタンダード / アジャスターカラー：アンスラサイトはこちら<br />レバーカラー：アンスラサイト / レバータイプ：スタンダード / アジャスターカラー：ブルーはこちら<br />レバーカラー：アンスラサイト / レバータイプ：スタンダード / アジャスターカラー：ゴールドはこちら<br />レバーカラー：アンスラサイト / レバータイプ：スタンダード / アジャスターカラー：シルバーはこちら<br />レバーカラー：アンスラサイト / レバータイプ：スタンダード / アジャスターカラー：ブラックはこちら<br />レバーカラー：ゴールド / レバータイプ：スタンダード / アジャスターカラー：レッドはこちら<br />レバーカラー：ゴールド / レバータイプ：スタンダード / アジャスターカラー：アンスラサイトはこちら<br />レバーカラー：ゴールド / レバータイプ：スタンダード / アジャスターカラー：ブルーはこちら<br />レバーカラー：ゴールド / レバータイプ：スタンダード / アジャスターカラー：ゴールドはこちら<br />レバーカラー：ゴールド / レバータイプ：スタンダード / アジャスターカラー：シルバーはこちら<br />レバーカラー：ゴールド / レバータイプ：スタンダード / アジャスターカラー：ブラックはこちら<br />レバーカラー：シルバー / レバータイプ：スタンダード / アジャスターカラー：レッドはこちら<br />レバーカラー：シルバー / レバータイプ：スタンダード / アジャスターカラー：アンスラサイトはこちら<br />レバーカラー：シルバー / レバータイプ：スタンダード / アジャスターカラー：ブルーはこちら<br />レバーカラー：シルバー / レバータイプ：スタンダード / アジャスターカラー：ゴールドはこちら<br />レバーカラー：シルバー / レバータイプ：スタンダード / アジャスターカラー：シルバーはこちら<br />レバーカラー：シルバー / レバータイプ：スタンダード / アジャスターカラー：ブラックはこちら<br />レバーカラー：ブラック / レバータイプ：スタンダード / アジャスターカラー：レッドはこちら<br />レバーカラー：ブラック / レバータイプ：スタンダード / アジャスターカラー：アンスラサイトはこちら<br />レバーカラー：ブラック / レバータイプ：スタンダード / アジャスターカラー：ブルーはこちら<br />レバーカラー：ブラック / レバータイプ：スタンダード / アジャスターカラー：ゴールドはこちら<br />レバーカラー：ブラック / レバータイプ：スタンダード / アジャスターカラー：シルバーはこちら<br />レバーカラー：ブラック / レバータイプ：スタンダード / アジャスターカラー：ブラックはこちら<br />レバーカラー：アンスラサイト / レバータイプ：ショート / アジャスターカラー：レッドはこちら<br />レバーカラー：アンスラサイト / レバータイプ：ショート / アジャスターカラー：アンスラサイトはこちら<br />レバーカラー：アンスラサイト / レバータイプ：ショート / アジャスターカラー：ブルーはこちら<br />レバーカラー：アンスラサイト / レバータイプ：ショート / アジャスターカラー：ゴールドはこちら<br />レバーカラー：アンスラサイト / レバータイプ：ショート / アジャスターカラー：シルバーはこちら<br />レバーカラー：アンスラサイト / レバータイプ：ショート / アジャスターカラー：ブラックはこちら<br />レバーカラー：ゴールド / レバータイプ：ショート / アジャスターカラー：レッドはこちら<br />レバーカラー：ゴールド / レバータイプ：ショート / アジャスターカラー：アンスラサイトはこちら<br />レバーカラー：ゴールド / レバータイプ：ショート / アジャスターカラー：ブルーはこちら<br />レバーカラー：ゴールド / レバータイプ：ショート / アジャスターカラー：ゴールドはこちら<br />レバーカラー：ゴールド / レバータイプ：ショート / アジャスターカラー：シルバーはこちら<br />レバーカラー：ゴールド / レバータイプ：ショート / アジャスターカラー：ブラックはこちら<br />レバーカラー：シルバー / レバータイプ：ショート / アジャスターカラー：アンスラサイトはこちら<br />レバーカラー：シルバー / レバータイプ：ショート / アジャスターカラー：ブルーはこちら<br />レバーカラー：シルバー / レバータイプ：ショート / アジャスターカラー：ゴールドはこちら<br />レバーカラー：シルバー / レバータイプ：ショート / アジャスターカラ,【イベント開催中！】LSL レバー アジャスタブルクラッチレバー アジャスターカラー：レッド レバーカラー：シルバー レバータイプ：ショート：ウェビック　楽天市場店,バイクカスタム改造ドレスアップヘルメットマフラーカウルオートバイ二輪車大型バイク中型バイクバイク用品パーツミラーツーリングジャケットタイヤ原付サーキットオフロード【イベント開催中！】LSL レバー アジャスタブルクラッチレバー アジャスターカラー：レッド レバーカラー：シルバー レバータイプ：ショート,【送料無料】LSL レバー アジャスタブルクラッチレバー。【イベント開催中！】LSL レバー アジャスタブルクラッチレバー アジャスターカラー：レッド レバーカラー：シルバー レバータイプ：ショート[rn]
18-31155,http://tshop.r10s.jp/webike-rb/cabinet/tnk0088/200slvarianten.jpg?fitin=700:700,10837.6000,,車用品・バイク用品 > バイク用品 > ブレーキ関連パーツ > ブレーキレバー > その他,【イベント開催中！】LSL レバー アジャスタブルクラッチレバー アジャスターカラー：アンスラサイト レバーカラー：シルバー レバータイプ：ショート,【送料無料】LSL レバー アジャスタブルクラッチレバー,レバーカラー：アンスラサイト / レバータイプ：スタンダード / アジャスターカラー：レッドはこちら<br />レバーカラー：アンスラサイト / レバータイプ：スタンダード / アジャスターカラー：アンスラサイトはこちら<br />レバーカラー：アンスラサイト / レバータイプ：スタンダード / アジャスターカラー：ブルーはこちら<br />レバーカラー：アンスラサイト / レバータイプ：スタンダード / アジャスターカラー：ゴールドはこちら<br />レバーカラー：アンスラサイト / レバータイプ：スタンダード / アジャスターカラー：シルバーはこちら<br />レバーカラー：アンスラサイト / レバータイプ：スタンダード / アジャスターカラー：ブラックはこちら<br />レバーカラー：ゴールド / レバータイプ：スタンダード / アジャスターカラー：レッドはこちら<br />レバーカラー：ゴールド / レバータイプ：スタンダード / アジャスターカラー：アンスラサイトはこちら<br />レバーカラー：ゴールド / レバータイプ：スタンダード / アジャスターカラー：ブルーはこちら<br />レバーカラー：ゴールド / レバータイプ：スタンダード / アジャスターカラー：ゴールドはこちら<br />レバーカラー：ゴールド / レバータイプ：スタンダード / アジャスターカラー：シルバーはこちら<br />レバーカラー：ゴールド / レバータイプ：スタンダード / アジャスターカラー：ブラックはこちら<br />レバーカラー：シルバー / レバータイプ：スタンダード / アジャスターカラー：レッドはこちら<br />レバーカラー：シルバー / レバータイプ：スタンダード / アジャスターカラー：アンスラサイトはこちら<br />レバーカラー：シルバー / レバータイプ：スタンダード / アジャスターカラー：ブルーはこちら<br />レバーカラー：シルバー / レバータイプ：スタンダード / アジャスターカラー：ゴールドはこちら<br />レバーカラー：シルバー / レバータイプ：スタンダード / アジャスターカラー：シルバーはこちら<br />レバーカラー：シルバー / レバータイプ：スタンダード / アジャスターカラー：ブラックはこちら<br />レバーカラー：ブラック / レバータイプ：スタンダード / アジャスターカラー：レッドはこちら<br />レバーカラー：ブラック / レバータイプ：スタンダード / アジャスターカラー：アンスラサイトはこちら<br />レバーカラー：ブラック / レバータイプ：スタンダード / アジャスターカラー：ブルーはこちら<br />レバーカラー：ブラック / レバータイプ：スタンダード / アジャスターカラー：ゴールドはこちら<br />レバーカラー：ブラック / レバータイプ：スタンダード / アジャスターカラー：シルバーはこちら<br />レバーカラー：ブラック / レバータイプ：スタンダード / アジャスターカラー：ブラックはこちら<br />レバーカラー：アンスラサイト / レバータイプ：ショート / アジャスターカラー：レッドはこちら<br />レバーカラー：アンスラサイト / レバータイプ：ショート / アジャスターカラー：アンスラサイトはこちら<br />レバーカラー：アンスラサイト / レバータイプ：ショート / アジャスターカラー：ブルーはこちら<br />レバーカラー：アンスラサイト / レバータイプ：ショート / アジャスターカラー：ゴールドはこちら<br />レバーカラー：アンスラサイト / レバータイプ：ショート / アジャスターカラー：シルバーはこちら<br />レバーカラー：アンスラサイト / レバータイプ：ショート / アジャスターカラー：ブラックはこちら<br />レバーカラー：ゴールド / レバータイプ：ショート / アジャスターカラー：レッドはこちら<br />レバーカラー：ゴールド / レバータイプ：ショート / アジャスターカラー：アンスラサイトはこちら<br />レバーカラー：ゴールド / レバータイプ：ショート / アジャスターカラー：ブルーはこちら<br />レバーカラー：ゴールド / レバータイプ：ショート / アジャスターカラー：ゴールドはこちら<br />レバーカラー：ゴールド / レバータイプ：ショート / アジャスターカラー：シルバーはこちら<br />レバーカラー：ゴールド / レバータイプ：ショート / アジャスターカラー：ブラックはこちら<br />レバーカラー：シルバー / レバータイプ：ショート / アジャスターカラー：レッドはこちら<br />レバーカラー：シルバー / レバータイプ：ショート / アジャスターカラー：ブルーはこちら<br />レバーカラー：シルバー / レバータイプ：ショート / アジャスターカラー：ゴールドはこちら<br />レバーカラー：シルバー / レバータイプ：ショート / アジャスターカラー：シル,【イベント開催中！】LSL レバー アジャスタブルクラッチレバー アジャスターカラー：アンスラサイト レバーカラー：シルバー レバータイプ：ショート：ウェビック　楽天市場店,バイクカスタム改造ドレスアップヘルメットマフラーカウルオートバイ二輪車大型バイク中型バイクバイク用品パーツミラーツーリングジャケットタイヤ原付サーキットオフロード【イベント開催中！】LSL レバー アジャスタブルクラッチレバー アジャスターカラー：アンスラサイト レバーカラー：シルバー レバータイプ：ショート,【送料無料】LSL レバー アジャスタブルクラッチレバー。【イベント開催中！】LSL レバー アジャスタブルクラッチレバー アジャスターカラー：アンスラサイト レバーカラー：シルバー レバータイプ：ショート[rn]
18-31156,http://tshop.r10s.jp/webike-rb/cabinet/tnk0009/200slvarianten.jpg?fitin=700:700,10837.6000,,車用品・バイク用品 > バイク用品 > ブレーキ関連パーツ > ブレーキレバー > その他,【イベント開催中！】LSL レバー アジャスタブルクラッチレバー アジャスターカラー：ブルー レバーカラー：シルバー レバータイプ：ショート,【送料無料】LSL レバー アジャスタブルクラッチレバー,レバーカラー：アンスラサイト / レバータイプ：スタンダード / アジャスターカラー：レッドはこちら<br />レバーカラー：アンスラサイト / レバータイプ：スタンダード / アジャスターカラー：アンスラサイトはこちら<br />レバーカラー：アンスラサイト / レバータイプ：スタンダード / アジャスターカラー：ブルーはこちら<br />レバーカラー：アンスラサイト / レバータイプ：スタンダード / アジャスターカラー：ゴールドはこちら<br />レバーカラー：アンスラサイト / レバータイプ：スタンダード / アジャスターカラー：シルバーはこちら<br />レバーカラー：アンスラサイト / レバータイプ：スタンダード / アジャスターカラー：ブラックはこちら<br />レバーカラー：ゴールド / レバータイプ：スタンダード / アジャスターカラー：レッドはこちら<br />レバーカラー：ゴールド / レバータイプ：スタンダード / アジャスターカラー：アンスラサイトはこちら<br />レバーカラー：ゴールド / レバータイプ：スタンダード / アジャスターカラー：ブルーはこちら<br />レバーカラー：ゴールド / レバータイプ：スタンダード / アジャスターカラー：ゴールドはこちら<br />レバーカラー：ゴールド / レバータイプ：スタンダード / アジャスターカラー：シルバーはこちら<br />レバーカラー：ゴールド / レバータイプ：スタンダード / アジャスターカラー：ブラックはこちら<br />レバーカラー：シルバー / レバータイプ：スタンダード / アジャスターカラー：レッドはこちら<br />レバーカラー：シルバー / レバータイプ：スタンダード / アジャスターカラー：アンスラサイトはこちら<br />レバーカラー：シルバー / レバータイプ：スタンダード / アジャスターカラー：ブルーはこちら<br />レバーカラー：シルバー / レバータイプ：スタンダード / アジャスターカラー：ゴールドはこちら<br />レバーカラー：シルバー / レバータイプ：スタンダード / アジャスターカラー：シルバーはこちら<br />レバーカラー：シルバー / レバータイプ：スタンダード / アジャスターカラー：ブラックはこちら<br />レバーカラー：ブラック / レバータイプ：スタンダード / アジャスターカラー：レッドはこちら<br />レバーカラー：ブラック / レバータイプ：スタンダード / アジャスターカラー：アンスラサイトはこちら<br />レバーカラー：ブラック / レバータイプ：スタンダード / アジャスターカラー：ブルーはこちら<br />レバーカラー：ブラック / レバータイプ：スタンダード / アジャスターカラー：ゴールドはこちら<br />レバーカラー：ブラック / レバータイプ：スタンダード / アジャスターカラー：シルバーはこちら<br />レバーカラー：ブラック / レバータイプ：スタンダード / アジャスターカラー：ブラックはこちら<br />レバーカラー：アンスラサイト / レバータイプ：ショート / アジャスターカラー：レッドはこちら<br />レバーカラー：アンスラサイト / レバータイプ：ショート / アジャスターカラー：アンスラサイトはこちら<br />レバーカラー：アンスラサイト / レバータイプ：ショート / アジャスターカラー：ブルーはこちら<br />レバーカラー：アンスラサイト / レバータイプ：ショート / アジャスターカラー：ゴールドはこちら<br />レバーカラー：アンスラサイト / レバータイプ：ショート / アジャスターカラー：シルバーはこちら<br />レバーカラー：アンスラサイト / レバータイプ：ショート / アジャスターカラー：ブラックはこちら<br />レバーカラー：ゴールド / レバータイプ：ショート / アジャスターカラー：レッドはこちら<br />レバーカラー：ゴールド / レバータイプ：ショート / アジャスターカラー：アンスラサイトはこちら<br />レバーカラー：ゴールド / レバータイプ：ショート / アジャスターカラー：ブルーはこちら<br />レバーカラー：ゴールド / レバータイプ：ショート / アジャスターカラー：ゴールドはこちら<br />レバーカラー：ゴールド / レバータイプ：ショート / アジャスターカラー：シルバーはこちら<br />レバーカラー：ゴールド / レバータイプ：ショート / アジャスターカラー：ブラックはこちら<br />レバーカラー：シルバー / レバータイプ：ショート / アジャスターカラー：レッドはこちら<br />レバーカラー：シルバー / レバータイプ：ショート / アジャスターカラー：アンスラサイトはこちら<br />レバーカラー：シルバー / レバータイプ：ショート / アジャスターカラー：ゴールドはこちら<br />レバーカラー：シルバー / レバータイプ：ショート / アジャスターカラ,【イベント開催中！】LSL レバー アジャスタブルクラッチレバー アジャスターカラー：ブルー レバーカラー：シルバー レバータイプ：ショート：ウェビック　楽天市場店,バイクカスタム改造ドレスアップヘルメットマフラーカウルオートバイ二輪車大型バイク中型バイクバイク用品パーツミラーツーリングジャケットタイヤ原付サーキットオフロード【イベント開催中！】LSL レバー アジャスタブルクラッチレバー アジャスターカラー：ブルー レバーカラー：シルバー レバータイプ：ショート,【送料無料】LSL レバー アジャスタブルクラッチレバー。【イベント開催中！】LSL レバー アジャスタブルクラッチレバー アジャスターカラー：ブルー レバーカラー：シルバー レバータイプ：ショート[rn]
18-31157,http://tshop.r10s.jp/webike-rb/cabinet/tnk0091/200slvarianten.jpg?fitin=700:700,10837.6000,,車用品・バイク用品 > バイク用品 > ブレーキ関連パーツ > ブレーキレバー > その他,【イベント開催中！】LSL レバー アジャスタブルクラッチレバー アジャスターカラー：ゴールド レバーカラー：シルバー レバータイプ：ショート,【送料無料】LSL レバー アジャスタブルクラッチレバー,レバーカラー：アンスラサイト / レバータイプ：スタンダード / アジャスターカラー：レッドはこちら<br />レバーカラー：アンスラサイト / レバータイプ：スタンダード / アジャスターカラー：アンスラサイトはこちら<br />レバーカラー：アンスラサイト / レバータイプ：スタンダード / アジャスターカラー：ブルーはこちら<br />レバーカラー：アンスラサイト / レバータイプ：スタンダード / アジャスターカラー：ゴールドはこちら<br />レバーカラー：アンスラサイト / レバータイプ：スタンダード / アジャスターカラー：シルバーはこちら<br />レバーカラー：アンスラサイト / レバータイプ：スタンダード / アジャスターカラー：ブラックはこちら<br />レバーカラー：ゴールド / レバータイプ：スタンダード / アジャスターカラー：レッドはこちら<br />レバーカラー：ゴールド / レバータイプ：スタンダード / アジャスターカラー：アンスラサイトはこちら<br />レバーカラー：ゴールド / レバータイプ：スタンダード / アジャスターカラー：ブルーはこちら<br />レバーカラー：ゴールド / レバータイプ：スタンダード / アジャスターカラー：ゴールドはこちら<br />レバーカラー：ゴールド / レバータイプ：スタンダード / アジャスターカラー：シルバーはこちら<br />レバーカラー：ゴールド / レバータイプ：スタンダード / アジャスターカラー：ブラックはこちら<br />レバーカラー：シルバー / レバータイプ：スタンダード / アジャスターカラー：レッドはこちら<br />レバーカラー：シルバー / レバータイプ：スタンダード / アジャスターカラー：アンスラサイトはこちら<br />レバーカラー：シルバー / レバータイプ：スタンダード / アジャスターカラー：ブルーはこちら<br />レバーカラー：シルバー / レバータイプ：スタンダード / アジャスターカラー：ゴールドはこちら<br />レバーカラー：シルバー / レバータイプ：スタンダード / アジャスターカラー：シルバーはこちら<br />レバーカラー：シルバー / レバータイプ：スタンダード / アジャスターカラー：ブラックはこちら<br />レバーカラー：ブラック / レバータイプ：スタンダード / アジャスターカラー：レッドはこちら<br />レバーカラー：ブラック / レバータイプ：スタンダード / アジャスターカラー：アンスラサイトはこちら<br />レバーカラー：ブラック / レバータイプ：スタンダード / アジャスターカラー：ブルーはこちら<br />レバーカラー：ブラック / レバータイプ：スタンダード / アジャスターカラー：ゴールドはこちら<br />レバーカラー：ブラック / レバータイプ：スタンダード / アジャスターカラー：シルバーはこちら<br />レバーカラー：ブラック / レバータイプ：スタンダード / アジャスターカラー：ブラックはこちら<br />レバーカラー：アンスラサイト / レバータイプ：ショート / アジャスターカラー：レッドはこちら<br />レバーカラー：アンスラサイト / レバータイプ：ショート / アジャスターカラー：アンスラサイトはこちら<br />レバーカラー：アンスラサイト / レバータイプ：ショート / アジャスターカラー：ブルーはこちら<br />レバーカラー：アンスラサイト / レバータイプ：ショート / アジャスターカラー：ゴールドはこちら<br />レバーカラー：アンスラサイト / レバータイプ：ショート / アジャスターカラー：シルバーはこちら<br />レバーカラー：アンスラサイト / レバータイプ：ショート / アジャスターカラー：ブラックはこちら<br />レバーカラー：ゴールド / レバータイプ：ショート / アジャスターカラー：レッドはこちら<br />レバーカラー：ゴールド / レバータイプ：ショート / アジャスターカラー：アンスラサイトはこちら<br />レバーカラー：ゴールド / レバータイプ：ショート / アジャスターカラー：ブルーはこちら<br />レバーカラー：ゴールド / レバータイプ：ショート / アジャスターカラー：ゴールドはこちら<br />レバーカラー：ゴールド / レバータイプ：ショート / アジャスターカラー：シルバーはこちら<br />レバーカラー：ゴールド / レバータイプ：ショート / アジャスターカラー：ブラックはこちら<br />レバーカラー：シルバー / レバータイプ：ショート / アジャスターカラー：レッドはこちら<br />レバーカラー：シルバー / レバータイプ：ショート / アジャスターカラー：アンスラサイトはこちら<br />レバーカラー：シルバー / レバータイプ：ショート / アジャスターカラー：ブルーはこちら<br />レバーカラー：シルバー / レバータイプ：ショート / アジャスターカラー,【イベント開催中！】LSL レバー アジャスタブルクラッチレバー アジャスターカラー：ゴールド レバーカラー：シルバー レバータイプ：ショート：ウェビック　楽天市場店,バイクカスタム改造ドレスアップヘルメットマフラーカウルオートバイ二輪車大型バイク中型バイクバイク用品パーツミラーツーリングジャケットタイヤ原付サーキットオフロード【イベント開催中！】LSL レバー アジャスタブルクラッチレバー アジャスターカラー：ゴールド レバーカラー：シルバー レバータイプ：ショート,【送料無料】LSL レバー アジャスタブルクラッチレバー。【イベント開催中！】LSL レバー アジャスタブルクラッチレバー アジャスターカラー：ゴールド レバーカラー：シルバー レバータイプ：ショート[rn]
18-31158,http://tshop.r10s.jp/webike-rb/cabinet/img758/22800523_0.jpg?fitin=700:700,10837.6000,,車用品・バイク用品 > バイク用品 > ブレーキ関連パーツ > ブレーキレバー > その他,【イベント開催中！】LSL レバー アジャスタブルブレーキレバー アジャスターカラー：ブルー レバーカラー：アンスラサイト レバータイプ：スタンダード,【送料無料】LSL レバー アジャスタブルブレーキレバー,レバーカラー：アンスラサイト / レバータイプ：スタンダード / アジャスターカラー：レッドはこちら<br />レバーカラー：アンスラサイト / レバータイプ：スタンダード / アジャスターカラー：アンスラサイトはこちら<br />レバーカラー：アンスラサイト / レバータイプ：スタンダード / アジャスターカラー：ゴールドはこちら<br />レバーカラー：アンスラサイト / レバータイプ：スタンダード / アジャスターカラー：シルバーはこちら<br />レバーカラー：アンスラサイト / レバータイプ：スタンダード / アジャスターカラー：ブラックはこちら<br />レバーカラー：ゴールド / レバータイプ：スタンダード / アジャスターカラー：レッドはこちら<br />レバーカラー：ゴールド / レバータイプ：スタンダード / アジャスターカラー：アンスラサイトはこちら<br />レバーカラー：ゴールド / レバータイプ：スタンダード / アジャスターカラー：ブルーはこちら<br />レバーカラー：ゴールド / レバータイプ：スタンダード / アジャスターカラー：ゴールドはこちら<br />レバーカラー：ゴールド / レバータイプ：スタンダード / アジャスターカラー：シルバーはこちら<br />レバーカラー：ゴールド / レバータイプ：スタンダード / アジャスターカラー：ブラックはこちら<br />レバーカラー：シルバー / レバータイプ：スタンダード / アジャスターカラー：レッドはこちら<br />レバーカラー：シルバー / レバータイプ：スタンダード / アジャスターカラー：アンスラサイトはこちら<br />レバーカラー：シルバー / レバータイプ：スタンダード / アジャスターカラー：ブルーはこちら<br />レバーカラー：シルバー / レバータイプ：スタンダード / アジャスターカラー：ゴールドはこちら<br />レバーカラー：シルバー / レバータイプ：スタンダード / アジャスターカラー：シルバーはこちら<br />レバーカラー：シルバー / レバータイプ：スタンダード / アジャスターカラー：ブラックはこちら<br />レバーカラー：ブラック / レバータイプ：スタンダード / アジャスターカラー：レッドはこちら<br />レバーカラー：ブラック / レバータイプ：スタンダード / アジャスターカラー：アンスラサイトはこちら<br />レバーカラー：ブラック / レバータイプ：スタンダード / アジャスターカラー：ブルーはこちら<br />レバーカラー：ブラック / レバータイプ：スタンダード / アジャスターカラー：ゴールドはこちら<br />レバーカラー：ブラック / レバータイプ：スタンダード / アジャスターカラー：シルバーはこちら<br />レバーカラー：ブラック / レバータイプ：スタンダード / アジャスターカラー：ブラックはこちら<br />レバーカラー：アンスラサイト / レバータイプ：ショート / アジャスターカラー：レッドはこちら<br />レバーカラー：アンスラサイト / レバータイプ：ショート / アジャスターカラー：アンスラサイトはこちら<br />レバーカラー：アンスラサイト / レバータイプ：ショート / アジャスターカラー：ブルーはこちら<br />レバーカラー：アンスラサイト / レバータイプ：ショート / アジャスターカラー：ゴールドはこちら<br />レバーカラー：アンスラサイト / レバータイプ：ショート / アジャスターカラー：シルバーはこちら<br />レバーカラー：アンスラサイト / レバータイプ：ショート / アジャスターカラー：ブラックはこちら<br />レバーカラー：ゴールド / レバータイプ：ショート / アジャスターカラー：レッドはこちら<br />レバーカラー：ゴールド / レバータイプ：ショート / アジャスターカラー：アンスラサイトはこちら<br />レバーカラー：ゴールド / レバータイプ：ショート / アジャスターカラー：ブルーはこちら<br />レバーカラー：ゴールド / レバータイプ：ショート / アジャスターカラー：ゴールドはこちら<br />レバーカラー：ゴールド / レバータイプ：ショート / アジャスターカラー：シルバーはこちら<br />レバーカラー：ゴールド / レバータイプ：ショート / アジャスターカラー：ブラックはこちら<br />レバーカラー：シルバー / レバータイプ：ショート / アジャスターカラー：レッドはこちら<br />レバーカラー：シルバー / レバータイプ：ショート / アジャスターカラー：アンスラサイトはこちら<br />レバーカラー：シルバー / レバータイプ：ショート / アジャスターカラー：ブルーはこちら<br />レバーカラー：シルバー / レバータイプ：ショート / アジャスターカラー：ゴールドはこちら<br />レバーカラー：シルバー / レバータイプ：ショート / アジャスターカラー：シルバ,【イベント開催中！】LSL レバー アジャスタブルブレーキレバー アジャスターカラー：ブルー レバーカラー：アンスラサイト レバータイプ：スタンダード：ウェビック　楽天市場店,バイクカスタム改造ドレスアップヘルメットマフラーカウルオートバイ二輪車大型バイク中型バイクバイク用品パーツミラーツーリングジャケットタイヤ原付サーキットオフロード【イベント開催中！】LSL レバー アジャスタブルブレーキレバー アジャスターカラー：ブルー レバーカラー：アンスラサイト レバータイプ：スタンダード,【送料無料】LSL レバー アジャスタブルブレーキレバー。【イベント開催中！】LSL レバー アジャスタブルブレーキレバー アジャスターカラー：ブルー レバーカラー：アンスラサイト レバータイプ：スタンダード[rn]
18-31159,http://tshop.r10s.jp/webike-rb/cabinet/img2349/22799526_0.jpg?fitin=700:700,10837.6000,,車用品・バイク用品 > バイク用品 > ブレーキ関連パーツ > ブレーキレバー > その他,【イベント開催中！】LSL レバー アジャスタブルクラッチレバー アジャスターカラー：ブルー レバーカラー：アンスラサイト レバータイプ：スタンダード,【送料無料】LSL レバー アジャスタブルクラッチレバー,レバーカラー：アンスラサイト / レバータイプ：スタンダード / アジャスターカラー：レッドはこちら<br />レバーカラー：アンスラサイト / レバータイプ：スタンダード / アジャスターカラー：アンスラサイトはこちら<br />レバーカラー：アンスラサイト / レバータイプ：スタンダード / アジャスターカラー：ゴールドはこちら<br />レバーカラー：アンスラサイト / レバータイプ：スタンダード / アジャスターカラー：シルバーはこちら<br />レバーカラー：アンスラサイト / レバータイプ：スタンダード / アジャスターカラー：ブラックはこちら<br />レバーカラー：ゴールド / レバータイプ：スタンダード / アジャスターカラー：レッドはこちら<br />レバーカラー：ゴールド / レバータイプ：スタンダード / アジャスターカラー：アンスラサイトはこちら<br />レバーカラー：ゴールド / レバータイプ：スタンダード / アジャスターカラー：ブルーはこちら<br />レバーカラー：ゴールド / レバータイプ：スタンダード / アジャスターカラー：ゴールドはこちら<br />レバーカラー：ゴールド / レバータイプ：スタンダード / アジャスターカラー：シルバーはこちら<br />レバーカラー：ゴールド / レバータイプ：スタンダード / アジャスターカラー：ブラックはこちら<br />レバーカラー：シルバー / レバータイプ：スタンダード / アジャスターカラー：レッドはこちら<br />レバーカラー：シルバー / レバータイプ：スタンダード / アジャスターカラー：アンスラサイトはこちら<br />レバーカラー：シルバー / レバータイプ：スタンダード / アジャスターカラー：ブルーはこちら<br />レバーカラー：シルバー / レバータイプ：スタンダード / アジャスターカラー：ゴールドはこちら<br />レバーカラー：シルバー / レバータイプ：スタンダード / アジャスターカラー：シルバーはこちら<br />レバーカラー：シルバー / レバータイプ：スタンダード / アジャスターカラー：ブラックはこちら<br />レバーカラー：ブラック / レバータイプ：スタンダード / アジャスターカラー：レッドはこちら<br />レバーカラー：ブラック / レバータイプ：スタンダード / アジャスターカラー：アンスラサイトはこちら<br />レバーカラー：ブラック / レバータイプ：スタンダード / アジャスターカラー：ブルーはこちら<br />レバーカラー：ブラック / レバータイプ：スタンダード / アジャスターカラー：ゴールドはこちら<br />レバーカラー：ブラック / レバータイプ：スタンダード / アジャスターカラー：シルバーはこちら<br />レバーカラー：ブラック / レバータイプ：スタンダード / アジャスターカラー：ブラックはこちら<br />レバーカラー：アンスラサイト / レバータイプ：ショート / アジャスターカラー：レッドはこちら<br />レバーカラー：アンスラサイト / レバータイプ：ショート / アジャスターカラー：アンスラサイトはこちら<br />レバーカラー：アンスラサイト / レバータイプ：ショート / アジャスターカラー：ブルーはこちら<br />レバーカラー：アンスラサイト / レバータイプ：ショート / アジャスターカラー：ゴールドはこちら<br />レバーカラー：アンスラサイト / レバータイプ：ショート / アジャスターカラー：シルバーはこちら<br />レバーカラー：アンスラサイト / レバータイプ：ショート / アジャスターカラー：ブラックはこちら<br />レバーカラー：ゴールド / レバータイプ：ショート / アジャスターカラー：レッドはこちら<br />レバーカラー：ゴールド / レバータイプ：ショート / アジャスターカラー：アンスラサイトはこちら<br />レバーカラー：ゴールド / レバータイプ：ショート / アジャスターカラー：ブルーはこちら<br />レバーカラー：ゴールド / レバータイプ：ショート / アジャスターカラー：ゴールドはこちら<br />レバーカラー：ゴールド / レバータイプ：ショート / アジャスターカラー：シルバーはこちら<br />レバーカラー：ゴールド / レバータイプ：ショート / アジャスターカラー：ブラックはこちら<br />レバーカラー：シルバー / レバータイプ：ショート / アジャスターカラー：レッドはこちら<br />レバーカラー：シルバー / レバータイプ：ショート / アジャスターカラー：アンスラサイトはこちら<br />レバーカラー：シルバー / レバータイプ：ショート / アジャスターカラー：ブルーはこちら<br />レバーカラー：シルバー / レバータイプ：ショート / アジャスターカラー：ゴールドはこちら<br />レバーカラー：シルバー / レバータイプ：ショート / アジャスターカラー：シルバ,【イベント開催中！】LSL レバー アジャスタブルクラッチレバー アジャスターカラー：ブルー レバーカラー：アンスラサイト レバータイプ：スタンダード：ウェビック　楽天市場店,バイクカスタム改造ドレスアップヘルメットマフラーカウルオートバイ二輪車大型バイク中型バイクバイク用品パーツミラーツーリングジャケットタイヤ原付サーキットオフロード【イベント開催中！】LSL レバー アジャスタブルクラッチレバー アジャスターカラー：ブルー レバーカラー：アンスラサイト レバータイプ：スタンダード,【送料無料】LSL レバー アジャスタブルクラッチレバー。【イベント開催中！】LSL レバー アジャスタブルクラッチレバー アジャスターカラー：ブルー レバーカラー：アンスラサイト レバータイプ：スタンダード[rn]
18-31160,http://tshop.r10s.jp/webike-rb/cabinet/img2349/22799527_0.jpg?fitin=700:700,10837.6000,,車用品・バイク用品 > バイク用品 > ブレーキ関連パーツ > ブレーキレバー > その他,【イベント開催中！】LSL レバー アジャスタブルクラッチレバー アジャスターカラー：ゴールド レバーカラー：アンスラサイト レバータイプ：スタンダード,【送料無料】LSL レバー アジャスタブルクラッチレバー,レバーカラー：アンスラサイト / レバータイプ：スタンダード / アジャスターカラー：レッドはこちら<br />レバーカラー：アンスラサイト / レバータイプ：スタンダード / アジャスターカラー：アンスラサイトはこちら<br />レバーカラー：アンスラサイト / レバータイプ：スタンダード / アジャスターカラー：ブルーはこちら<br />レバーカラー：アンスラサイト / レバータイプ：スタンダード / アジャスターカラー：シルバーはこちら<br />レバーカラー：アンスラサイト / レバータイプ：スタンダード / アジャスターカラー：ブラックはこちら<br />レバーカラー：ゴールド / レバータイプ：スタンダード / アジャスターカラー：レッドはこちら<br />レバーカラー：ゴールド / レバータイプ：スタンダード / アジャスターカラー：アンスラサイトはこちら<br />レバーカラー：ゴールド / レバータイプ：スタンダード / アジャスターカラー：ブルーはこちら<br />レバーカラー：ゴールド / レバータイプ：スタンダード / アジャスターカラー：ゴールドはこちら<br />レバーカラー：ゴールド / レバータイプ：スタンダード / アジャスターカラー：シルバーはこちら<br />レバーカラー：ゴールド / レバータイプ：スタンダード / アジャスターカラー：ブラックはこちら<br />レバーカラー：シルバー / レバータイプ：スタンダード / アジャスターカラー：レッドはこちら<br />レバーカラー：シルバー / レバータイプ：スタンダード / アジャスターカラー：アンスラサイトはこちら<br />レバーカラー：シルバー / レバータイプ：スタンダード / アジャスターカラー：ブルーはこちら<br />レバーカラー：シルバー / レバータイプ：スタンダード / アジャスターカラー：ゴールドはこちら<br />レバーカラー：シルバー / レバータイプ：スタンダード / アジャスターカラー：シルバーはこちら<br />レバーカラー：シルバー / レバータイプ：スタンダード / アジャスターカラー：ブラックはこちら<br />レバーカラー：ブラック / レバータイプ：スタンダード / アジャスターカラー：レッドはこちら<br />レバーカラー：ブラック / レバータイプ：スタンダード / アジャスターカラー：アンスラサイトはこちら<br />レバーカラー：ブラック / レバータイプ：スタンダード / アジャスターカラー：ブルーはこちら<br />レバーカラー：ブラック / レバータイプ：スタンダード / アジャスターカラー：ゴールドはこちら<br />レバーカラー：ブラック / レバータイプ：スタンダード / アジャスターカラー：シルバーはこちら<br />レバーカラー：ブラック / レバータイプ：スタンダード / アジャスターカラー：ブラックはこちら<br />レバーカラー：アンスラサイト / レバータイプ：ショート / アジャスターカラー：レッドはこちら<br />レバーカラー：アンスラサイト / レバータイプ：ショート / アジャスターカラー：アンスラサイトはこちら<br />レバーカラー：アンスラサイト / レバータイプ：ショート / アジャスターカラー：ブルーはこちら<br />レバーカラー：アンスラサイト / レバータイプ：ショート / アジャスターカラー：ゴールドはこちら<br />レバーカラー：アンスラサイト / レバータイプ：ショート / アジャスターカラー：シルバーはこちら<br />レバーカラー：アンスラサイト / レバータイプ：ショート / アジャスターカラー：ブラックはこちら<br />レバーカラー：ゴールド / レバータイプ：ショート / アジャスターカラー：レッドはこちら<br />レバーカラー：ゴールド / レバータイプ：ショート / アジャスターカラー：アンスラサイトはこちら<br />レバーカラー：ゴールド / レバータイプ：ショート / アジャスターカラー：ブルーはこちら<br />レバーカラー：ゴールド / レバータイプ：ショート / アジャスターカラー：ゴールドはこちら<br />レバーカラー：ゴールド / レバータイプ：ショート / アジャスターカラー：シルバーはこちら<br />レバーカラー：ゴールド / レバータイプ：ショート / アジャスターカラー：ブラックはこちら<br />レバーカラー：シルバー / レバータイプ：ショート / アジャスターカラー：レッドはこちら<br />レバーカラー：シルバー / レバータイプ：ショート / アジャスターカラー：アンスラサイトはこちら<br />レバーカラー：シルバー / レバータイプ：ショート / アジャスターカラー：ブルーはこちら<br />レバーカラー：シルバー / レバータイプ：ショート / アジャスターカラー：ゴールドはこちら<br />レバーカラー：シルバー / レバータイプ：ショート / アジャスターカラー：シルバー,【イベント開催中！】LSL レバー アジャスタブルクラッチレバー アジャスターカラー：ゴールド レバーカラー：アンスラサイト レバータイプ：スタンダード：ウェビック　楽天市場店,バイクカスタム改造ドレスアップヘルメットマフラーカウルオートバイ二輪車大型バイク中型バイクバイク用品パーツミラーツーリングジャケットタイヤ原付サーキットオフロード【イベント開催中！】LSL レバー アジャスタブルクラッチレバー アジャスターカラー：ゴールド レバーカラー：アンスラサイト レバータイプ：スタンダード,【送料無料】LSL レバー アジャスタブルクラッチレバー。【イベント開催中！】LSL レバー アジャスタブルクラッチレバー アジャスターカラー：ゴールド レバーカラー：アンスラサイト レバータイプ：スタンダード[rn]
18-31161,http://tshop.r10s.jp/webike-rb/cabinet/img2349/22799528_0.jpg?fitin=700:700,10837.6000,,車用品・バイク用品 > バイク用品 > ブレーキ関連パーツ > ブレーキレバー > その他,【イベント開催中！】LSL レバー アジャスタブルクラッチレバー アジャスターカラー：シルバー レバーカラー：アンスラサイト レバータイプ：スタンダード,【送料無料】LSL レバー アジャスタブルクラッチレバー,レバーカラー：アンスラサイト / レバータイプ：スタンダード / アジャスターカラー：レッドはこちら<br />レバーカラー：アンスラサイト / レバータイプ：スタンダード / アジャスターカラー：アンスラサイトはこちら<br />レバーカラー：アンスラサイト / レバータイプ：スタンダード / アジャスターカラー：ブルーはこちら<br />レバーカラー：アンスラサイト / レバータイプ：スタンダード / アジャスターカラー：ゴールドはこちら<br />レバーカラー：アンスラサイト / レバータイプ：スタンダード / アジャスターカラー：ブラックはこちら<br />レバーカラー：ゴールド / レバータイプ：スタンダード / アジャスターカラー：レッドはこちら<br />レバーカラー：ゴールド / レバータイプ：スタンダード / アジャスターカラー：アンスラサイトはこちら<br />レバーカラー：ゴールド / レバータイプ：スタンダード / アジャスターカラー：ブルーはこちら<br />レバーカラー：ゴールド / レバータイプ：スタンダード / アジャスターカラー：ゴールドはこちら<br />レバーカラー：ゴールド / レバータイプ：スタンダード / アジャスターカラー：シルバーはこちら<br />レバーカラー：ゴールド / レバータイプ：スタンダード / アジャスターカラー：ブラックはこちら<br />レバーカラー：シルバー / レバータイプ：スタンダード / アジャスターカラー：レッドはこちら<br />レバーカラー：シルバー / レバータイプ：スタンダード / アジャスターカラー：アンスラサイトはこちら<br />レバーカラー：シルバー / レバータイプ：スタンダード / アジャスターカラー：ブルーはこちら<br />レバーカラー：シルバー / レバータイプ：スタンダード / アジャスターカラー：ゴールドはこちら<br />レバーカラー：シルバー / レバータイプ：スタンダード / アジャスターカラー：シルバーはこちら<br />レバーカラー：シルバー / レバータイプ：スタンダード / アジャスターカラー：ブラックはこちら<br />レバーカラー：ブラック / レバータイプ：スタンダード / アジャスターカラー：レッドはこちら<br />レバーカラー：ブラック / レバータイプ：スタンダード / アジャスターカラー：アンスラサイトはこちら<br />レバーカラー：ブラック / レバータイプ：スタンダード / アジャスターカラー：ブルーはこちら<br />レバーカラー：ブラック / レバータイプ：スタンダード / アジャスターカラー：ゴールドはこちら<br />レバーカラー：ブラック / レバータイプ：スタンダード / アジャスターカラー：シルバーはこちら<br />レバーカラー：ブラック / レバータイプ：スタンダード / アジャスターカラー：ブラックはこちら<br />レバーカラー：アンスラサイト / レバータイプ：ショート / アジャスターカラー：レッドはこちら<br />レバーカラー：アンスラサイト / レバータイプ：ショート / アジャスターカラー：アンスラサイトはこちら<br />レバーカラー：アンスラサイト / レバータイプ：ショート / アジャスターカラー：ブルーはこちら<br />レバーカラー：アンスラサイト / レバータイプ：ショート / アジャスターカラー：ゴールドはこちら<br />レバーカラー：アンスラサイト / レバータイプ：ショート / アジャスターカラー：シルバーはこちら<br />レバーカラー：アンスラサイト / レバータイプ：ショート / アジャスターカラー：ブラックはこちら<br />レバーカラー：ゴールド / レバータイプ：ショート / アジャスターカラー：レッドはこちら<br />レバーカラー：ゴールド / レバータイプ：ショート / アジャスターカラー：アンスラサイトはこちら<br />レバーカラー：ゴールド / レバータイプ：ショート / アジャスターカラー：ブルーはこちら<br />レバーカラー：ゴールド / レバータイプ：ショート / アジャスターカラー：ゴールドはこちら<br />レバーカラー：ゴールド / レバータイプ：ショート / アジャスターカラー：シルバーはこちら<br />レバーカラー：ゴールド / レバータイプ：ショート / アジャスターカラー：ブラックはこちら<br />レバーカラー：シルバー / レバータイプ：ショート / アジャスターカラー：レッドはこちら<br />レバーカラー：シルバー / レバータイプ：ショート / アジャスターカラー：アンスラサイトはこちら<br />レバーカラー：シルバー / レバータイプ：ショート / アジャスターカラー：ブルーはこちら<br />レバーカラー：シルバー / レバータイプ：ショート / アジャスターカラー：ゴールドはこちら<br />レバーカラー：シルバー / レバータイプ：ショート / アジャスターカラー：シルバー,【イベント開催中！】LSL レバー アジャスタブルクラッチレバー アジャスターカラー：シルバー レバーカラー：アンスラサイト レバータイプ：スタンダード：ウェビック　楽天市場店,バイクカスタム改造ドレスアップヘルメットマフラーカウルオートバイ二輪車大型バイク中型バイクバイク用品パーツミラーツーリングジャケットタイヤ原付サーキットオフロード【イベント開催中！】LSL レバー アジャスタブルクラッチレバー アジャスターカラー：シルバー レバーカラー：アンスラサイト レバータイプ：スタンダード,【送料無料】LSL レバー アジャスタブルクラッチレバー。【イベント開催中！】LSL レバー アジャスタブルクラッチレバー アジャスターカラー：シルバー レバーカラー：アンスラサイト レバータイプ：スタンダード[rn]
18-31162,http://tshop.r10s.jp/webike-rb/cabinet/img2349/22799529_0.jpg?fitin=700:700,10837.6000,,車用品・バイク用品 > バイク用品 > ブレーキ関連パーツ > ブレーキレバー > その他,【イベント開催中！】LSL レバー アジャスタブルクラッチレバー アジャスターカラー：ブラック レバーカラー：アンスラサイト レバータイプ：スタンダード,【送料無料】LSL レバー アジャスタブルクラッチレバー,レバーカラー：アンスラサイト / レバータイプ：スタンダード / アジャスターカラー：レッドはこちら<br />レバーカラー：アンスラサイト / レバータイプ：スタンダード / アジャスターカラー：アンスラサイトはこちら<br />レバーカラー：アンスラサイト / レバータイプ：スタンダード / アジャスターカラー：ブルーはこちら<br />レバーカラー：アンスラサイト / レバータイプ：スタンダード / アジャスターカラー：ゴールドはこちら<br />レバーカラー：アンスラサイト / レバータイプ：スタンダード / アジャスターカラー：シルバーはこちら<br />レバーカラー：ゴールド / レバータイプ：スタンダード / アジャスターカラー：レッドはこちら<br />レバーカラー：ゴールド / レバータイプ：スタンダード / アジャスターカラー：アンスラサイトはこちら<br />レバーカラー：ゴールド / レバータイプ：スタンダード / アジャスターカラー：ブルーはこちら<br />レバーカラー：ゴールド / レバータイプ：スタンダード / アジャスターカラー：ゴールドはこちら<br />レバーカラー：ゴールド / レバータイプ：スタンダード / アジャスターカラー：シルバーはこちら<br />レバーカラー：ゴールド / レバータイプ：スタンダード / アジャスターカラー：ブラックはこちら<br />レバーカラー：シルバー / レバータイプ：スタンダード / アジャスターカラー：レッドはこちら<br />レバーカラー：シルバー / レバータイプ：スタンダード / アジャスターカラー：アンスラサイトはこちら<br />レバーカラー：シルバー / レバータイプ：スタンダード / アジャスターカラー：ブルーはこちら<br />レバーカラー：シルバー / レバータイプ：スタンダード / アジャスターカラー：ゴールドはこちら<br />レバーカラー：シルバー / レバータイプ：スタンダード / アジャスターカラー：シルバーはこちら<br />レバーカラー：シルバー / レバータイプ：スタンダード / アジャスターカラー：ブラックはこちら<br />レバーカラー：ブラック / レバータイプ：スタンダード / アジャスターカラー：レッドはこちら<br />レバーカラー：ブラック / レバータイプ：スタンダード / アジャスターカラー：アンスラサイトはこちら<br />レバーカラー：ブラック / レバータイプ：スタンダード / アジャスターカラー：ブルーはこちら<br />レバーカラー：ブラック / レバータイプ：スタンダード / アジャスターカラー：ゴールドはこちら<br />レバーカラー：ブラック / レバータイプ：スタンダード / アジャスターカラー：シルバーはこちら<br />レバーカラー：ブラック / レバータイプ：スタンダード / アジャスターカラー：ブラックはこちら<br />レバーカラー：アンスラサイト / レバータイプ：ショート / アジャスターカラー：レッドはこちら<br />レバーカラー：アンスラサイト / レバータイプ：ショート / アジャスターカラー：アンスラサイトはこちら<br />レバーカラー：アンスラサイト / レバータイプ：ショート / アジャスターカラー：ブルーはこちら<br />レバーカラー：アンスラサイト / レバータイプ：ショート / アジャスターカラー：ゴールドはこちら<br />レバーカラー：アンスラサイト / レバータイプ：ショート / アジャスターカラー：シルバーはこちら<br />レバーカラー：アンスラサイト / レバータイプ：ショート / アジャスターカラー：ブラックはこちら<br />レバーカラー：ゴールド / レバータイプ：ショート / アジャスターカラー：レッドはこちら<br />レバーカラー：ゴールド / レバータイプ：ショート / アジャスターカラー：アンスラサイトはこちら<br />レバーカラー：ゴールド / レバータイプ：ショート / アジャスターカラー：ブルーはこちら<br />レバーカラー：ゴールド / レバータイプ：ショート / アジャスターカラー：ゴールドはこちら<br />レバーカラー：ゴールド / レバータイプ：ショート / アジャスターカラー：シルバーはこちら<br />レバーカラー：ゴールド / レバータイプ：ショート / アジャスターカラー：ブラックはこちら<br />レバーカラー：シルバー / レバータイプ：ショート / アジャスターカラー：レッドはこちら<br />レバーカラー：シルバー / レバータイプ：ショート / アジャスターカラー：アンスラサイトはこちら<br />レバーカラー：シルバー / レバータイプ：ショート / アジャスターカラー：ブルーはこちら<br />レバーカラー：シルバー / レバータイプ：ショート / アジャスターカラー：ゴールドはこちら<br />レバーカラー：シルバー / レバータイプ：ショート / アジャスターカラー：シルバー,【イベント開催中！】LSL レバー アジャスタブルクラッチレバー アジャスターカラー：ブラック レバーカラー：アンスラサイト レバータイプ：スタンダード：ウェビック　楽天市場店,バイクカスタム改造ドレスアップヘルメットマフラーカウルオートバイ二輪車大型バイク中型バイクバイク用品パーツミラーツーリングジャケットタイヤ原付サーキットオフロード【イベント開催中！】LSL レバー アジャスタブルクラッチレバー アジャスターカラー：ブラック レバーカラー：アンスラサイト レバータイプ：スタンダード,【送料無料】LSL レバー アジャスタブルクラッチレバー。【イベント開催中！】LSL レバー アジャスタブルクラッチレバー アジャスターカラー：ブラック レバーカラー：アンスラサイト レバータイプ：スタンダード[rn]
18-31163,http://tshop.r10s.jp/webike-rb/cabinet/img2349/22799530_0.jpg?fitin=700:700,10837.6000,,車用品・バイク用品 > バイク用品 > ブレーキ関連パーツ > ブレーキレバー > その他,【イベント開催中！】LSL レバー アジャスタブルクラッチレバー アジャスターカラー：レッド レバーカラー：ゴールド レバータイプ：スタンダード,【送料無料】LSL レバー アジャスタブルクラッチレバー,レバーカラー：アンスラサイト / レバータイプ：スタンダード / アジャスターカラー：レッドはこちら<br />レバーカラー：アンスラサイト / レバータイプ：スタンダード / アジャスターカラー：アンスラサイトはこちら<br />レバーカラー：アンスラサイト / レバータイプ：スタンダード / アジャスターカラー：ブルーはこちら<br />レバーカラー：アンスラサイト / レバータイプ：スタンダード / アジャスターカラー：ゴールドはこちら<br />レバーカラー：アンスラサイト / レバータイプ：スタンダード / アジャスターカラー：シルバーはこちら<br />レバーカラー：アンスラサイト / レバータイプ：スタンダード / アジャスターカラー：ブラックはこちら<br />レバーカラー：ゴールド / レバータイプ：スタンダード / アジャスターカラー：アンスラサイトはこちら<br />レバーカラー：ゴールド / レバータイプ：スタンダード / アジャスターカラー：ブルーはこちら<br />レバーカラー：ゴールド / レバータイプ：スタンダード / アジャスターカラー：ゴールドはこちら<br />レバーカラー：ゴールド / レバータイプ：スタンダード / アジャスターカラー：シルバーはこちら<br />レバーカラー：ゴールド / レバータイプ：スタンダード / アジャスターカラー：ブラックはこちら<br />レバーカラー：シルバー / レバータイプ：スタンダード / アジャスターカラー：レッドはこちら<br />レバーカラー：シルバー / レバータイプ：スタンダード / アジャスターカラー：アンスラサイトはこちら<br />レバーカラー：シルバー / レバータイプ：スタンダード / アジャスターカラー：ブルーはこちら<br />レバーカラー：シルバー / レバータイプ：スタンダード / アジャスターカラー：ゴールドはこちら<br />レバーカラー：シルバー / レバータイプ：スタンダード / アジャスターカラー：シルバーはこちら<br />レバーカラー：シルバー / レバータイプ：スタンダード / アジャスターカラー：ブラックはこちら<br />レバーカラー：ブラック / レバータイプ：スタンダード / アジャスターカラー：レッドはこちら<br />レバーカラー：ブラック / レバータイプ：スタンダード / アジャスターカラー：アンスラサイトはこちら<br />レバーカラー：ブラック / レバータイプ：スタンダード / アジャスターカラー：ブルーはこちら<br />レバーカラー：ブラック / レバータイプ：スタンダード / アジャスターカラー：ゴールドはこちら<br />レバーカラー：ブラック / レバータイプ：スタンダード / アジャスターカラー：シルバーはこちら<br />レバーカラー：ブラック / レバータイプ：スタンダード / アジャスターカラー：ブラックはこちら<br />レバーカラー：アンスラサイト / レバータイプ：ショート / アジャスターカラー：レッドはこちら<br />レバーカラー：アンスラサイト / レバータイプ：ショート / アジャスターカラー：アンスラサイトはこちら<br />レバーカラー：アンスラサイト / レバータイプ：ショート / アジャスターカラー：ブルーはこちら<br />レバーカラー：アンスラサイト / レバータイプ：ショート / アジャスターカラー：ゴールドはこちら<br />レバーカラー：アンスラサイト / レバータイプ：ショート / アジャスターカラー：シルバーはこちら<br />レバーカラー：アンスラサイト / レバータイプ：ショート / アジャスターカラー：ブラックはこちら<br />レバーカラー：ゴールド / レバータイプ：ショート / アジャスターカラー：レッドはこちら<br />レバーカラー：ゴールド / レバータイプ：ショート / アジャスターカラー：アンスラサイトはこちら<br />レバーカラー：ゴールド / レバータイプ：ショート / アジャスターカラー：ブルーはこちら<br />レバーカラー：ゴールド / レバータイプ：ショート / アジャスターカラー：ゴールドはこちら<br />レバーカラー：ゴールド / レバータイプ：ショート / アジャスターカラー：シルバーはこちら<br />レバーカラー：ゴールド / レバータイプ：ショート / アジャスターカラー：ブラックはこちら<br />レバーカラー：シルバー / レバータイプ：ショート / アジャスターカラー：レッドはこちら<br />レバーカラー：シルバー / レバータイプ：ショート / アジャスターカラー：アンスラサイトはこちら<br />レバーカラー：シルバー / レバータイプ：ショート / アジャスターカラー：ブルーはこちら<br />レバーカラー：シルバー / レバータイプ：ショート / アジャスターカラー：ゴールドはこちら<br />レバーカラー：シルバー / レバータイプ：ショート / アジャスターカラー：,【イベント開催中！】LSL レバー アジャスタブルクラッチレバー アジャスターカラー：レッド レバーカラー：ゴールド レバータイプ：スタンダード：ウェビック　楽天市場店,バイクカスタム改造ドレスアップヘルメットマフラーカウルオートバイ二輪車大型バイク中型バイクバイク用品パーツミラーツーリングジャケットタイヤ原付サーキットオフロード【イベント開催中！】LSL レバー アジャスタブルクラッチレバー アジャスターカラー：レッド レバーカラー：ゴールド レバータイプ：スタンダード,【送料無料】LSL レバー アジャスタブルクラッチレバー。【イベント開催中！】LSL レバー アジャスタブルクラッチレバー アジャスターカラー：レッド レバーカラー：ゴールド レバータイプ：スタンダード[rn]
18-31164,http://tshop.r10s.jp/webike-rb/cabinet/img2349/22799531_0.jpg?fitin=700:700,10837.6000,,車用品・バイク用品 > バイク用品 > ブレーキ関連パーツ > ブレーキレバー > その他,【イベント開催中！】LSL レバー アジャスタブルクラッチレバー アジャスターカラー：アンスラサイト レバーカラー：ゴールド レバータイプ：スタンダード,【送料無料】LSL レバー アジャスタブルクラッチレバー,レバーカラー：アンスラサイト / レバータイプ：スタンダード / アジャスターカラー：レッドはこちら<br />レバーカラー：アンスラサイト / レバータイプ：スタンダード / アジャスターカラー：アンスラサイトはこちら<br />レバーカラー：アンスラサイト / レバータイプ：スタンダード / アジャスターカラー：ブルーはこちら<br />レバーカラー：アンスラサイト / レバータイプ：スタンダード / アジャスターカラー：ゴールドはこちら<br />レバーカラー：アンスラサイト / レバータイプ：スタンダード / アジャスターカラー：シルバーはこちら<br />レバーカラー：アンスラサイト / レバータイプ：スタンダード / アジャスターカラー：ブラックはこちら<br />レバーカラー：ゴールド / レバータイプ：スタンダード / アジャスターカラー：レッドはこちら<br />レバーカラー：ゴールド / レバータイプ：スタンダード / アジャスターカラー：ブルーはこちら<br />レバーカラー：ゴールド / レバータイプ：スタンダード / アジャスターカラー：ゴールドはこちら<br />レバーカラー：ゴールド / レバータイプ：スタンダード / アジャスターカラー：シルバーはこちら<br />レバーカラー：ゴールド / レバータイプ：スタンダード / アジャスターカラー：ブラックはこちら<br />レバーカラー：シルバー / レバータイプ：スタンダード / アジャスターカラー：レッドはこちら<br />レバーカラー：シルバー / レバータイプ：スタンダード / アジャスターカラー：アンスラサイトはこちら<br />レバーカラー：シルバー / レバータイプ：スタンダード / アジャスターカラー：ブルーはこちら<br />レバーカラー：シルバー / レバータイプ：スタンダード / アジャスターカラー：ゴールドはこちら<br />レバーカラー：シルバー / レバータイプ：スタンダード / アジャスターカラー：シルバーはこちら<br />レバーカラー：シルバー / レバータイプ：スタンダード / アジャスターカラー：ブラックはこちら<br />レバーカラー：ブラック / レバータイプ：スタンダード / アジャスターカラー：レッドはこちら<br />レバーカラー：ブラック / レバータイプ：スタンダード / アジャスターカラー：アンスラサイトはこちら<br />レバーカラー：ブラック / レバータイプ：スタンダード / アジャスターカラー：ブルーはこちら<br />レバーカラー：ブラック / レバータイプ：スタンダード / アジャスターカラー：ゴールドはこちら<br />レバーカラー：ブラック / レバータイプ：スタンダード / アジャスターカラー：シルバーはこちら<br />レバーカラー：ブラック / レバータイプ：スタンダード / アジャスターカラー：ブラックはこちら<br />レバーカラー：アンスラサイト / レバータイプ：ショート / アジャスターカラー：レッドはこちら<br />レバーカラー：アンスラサイト / レバータイプ：ショート / アジャスターカラー：アンスラサイトはこちら<br />レバーカラー：アンスラサイト / レバータイプ：ショート / アジャスターカラー：ブルーはこちら<br />レバーカラー：アンスラサイト / レバータイプ：ショート / アジャスターカラー：ゴールドはこちら<br />レバーカラー：アンスラサイト / レバータイプ：ショート / アジャスターカラー：シルバーはこちら<br />レバーカラー：アンスラサイト / レバータイプ：ショート / アジャスターカラー：ブラックはこちら<br />レバーカラー：ゴールド / レバータイプ：ショート / アジャスターカラー：レッドはこちら<br />レバーカラー：ゴールド / レバータイプ：ショート / アジャスターカラー：アンスラサイトはこちら<br />レバーカラー：ゴールド / レバータイプ：ショート / アジャスターカラー：ブルーはこちら<br />レバーカラー：ゴールド / レバータイプ：ショート / アジャスターカラー：ゴールドはこちら<br />レバーカラー：ゴールド / レバータイプ：ショート / アジャスターカラー：シルバーはこちら<br />レバーカラー：ゴールド / レバータイプ：ショート / アジャスターカラー：ブラックはこちら<br />レバーカラー：シルバー / レバータイプ：ショート / アジャスターカラー：レッドはこちら<br />レバーカラー：シルバー / レバータイプ：ショート / アジャスターカラー：アンスラサイトはこちら<br />レバーカラー：シルバー / レバータイプ：ショート / アジャスターカラー：ブルーはこちら<br />レバーカラー：シルバー / レバータイプ：ショート / アジャスターカラー：ゴールドはこちら<br />レバーカラー：シルバー / レバータイプ：ショート / アジャスターカラー：シルバー,【イベント開催中！】LSL レバー アジャスタブルクラッチレバー アジャスターカラー：アンスラサイト レバーカラー：ゴールド レバータイプ：スタンダード：ウェビック　楽天市場店,バイクカスタム改造ドレスアップヘルメットマフラーカウルオートバイ二輪車大型バイク中型バイクバイク用品パーツミラーツーリングジャケットタイヤ原付サーキットオフロード【イベント開催中！】LSL レバー アジャスタブルクラッチレバー アジャスターカラー：アンスラサイト レバーカラー：ゴールド レバータイプ：スタンダード,【送料無料】LSL レバー アジャスタブルクラッチレバー。【イベント開催中！】LSL レバー アジャスタブルクラッチレバー アジャスターカラー：アンスラサイト レバーカラー：ゴールド レバータイプ：スタンダード[rn]
18-31165,http://tshop.r10s.jp/webike-rb/cabinet/img2349/22799532_0.jpg?fitin=700:700,10837.6000,,車用品・バイク用品 > バイク用品 > ブレーキ関連パーツ > ブレーキレバー > その他,【イベント開催中！】LSL レバー アジャスタブルクラッチレバー アジャスターカラー：ブルー レバーカラー：ゴールド レバータイプ：スタンダード,【送料無料】LSL レバー アジャスタブルクラッチレバー,レバーカラー：アンスラサイト / レバータイプ：スタンダード / アジャスターカラー：レッドはこちら<br />レバーカラー：アンスラサイト / レバータイプ：スタンダード / アジャスターカラー：アンスラサイトはこちら<br />レバーカラー：アンスラサイト / レバータイプ：スタンダード / アジャスターカラー：ブルーはこちら<br />レバーカラー：アンスラサイト / レバータイプ：スタンダード / アジャスターカラー：ゴールドはこちら<br />レバーカラー：アンスラサイト / レバータイプ：スタンダード / アジャスターカラー：シルバーはこちら<br />レバーカラー：アンスラサイト / レバータイプ：スタンダード / アジャスターカラー：ブラックはこちら<br />レバーカラー：ゴールド / レバータイプ：スタンダード / アジャスターカラー：レッドはこちら<br />レバーカラー：ゴールド / レバータイプ：スタンダード / アジャスターカラー：アンスラサイトはこちら<br />レバーカラー：ゴールド / レバータイプ：スタンダード / アジャスターカラー：ゴールドはこちら<br />レバーカラー：ゴールド / レバータイプ：スタンダード / アジャスターカラー：シルバーはこちら<br />レバーカラー：ゴールド / レバータイプ：スタンダード / アジャスターカラー：ブラックはこちら<br />レバーカラー：シルバー / レバータイプ：スタンダード / アジャスターカラー：レッドはこちら<br />レバーカラー：シルバー / レバータイプ：スタンダード / アジャスターカラー：アンスラサイトはこちら<br />レバーカラー：シルバー / レバータイプ：スタンダード / アジャスターカラー：ブルーはこちら<br />レバーカラー：シルバー / レバータイプ：スタンダード / アジャスターカラー：ゴールドはこちら<br />レバーカラー：シルバー / レバータイプ：スタンダード / アジャスターカラー：シルバーはこちら<br />レバーカラー：シルバー / レバータイプ：スタンダード / アジャスターカラー：ブラックはこちら<br />レバーカラー：ブラック / レバータイプ：スタンダード / アジャスターカラー：レッドはこちら<br />レバーカラー：ブラック / レバータイプ：スタンダード / アジャスターカラー：アンスラサイトはこちら<br />レバーカラー：ブラック / レバータイプ：スタンダード / アジャスターカラー：ブルーはこちら<br />レバーカラー：ブラック / レバータイプ：スタンダード / アジャスターカラー：ゴールドはこちら<br />レバーカラー：ブラック / レバータイプ：スタンダード / アジャスターカラー：シルバーはこちら<br />レバーカラー：ブラック / レバータイプ：スタンダード / アジャスターカラー：ブラックはこちら<br />レバーカラー：アンスラサイト / レバータイプ：ショート / アジャスターカラー：レッドはこちら<br />レバーカラー：アンスラサイト / レバータイプ：ショート / アジャスターカラー：アンスラサイトはこちら<br />レバーカラー：アンスラサイト / レバータイプ：ショート / アジャスターカラー：ブルーはこちら<br />レバーカラー：アンスラサイト / レバータイプ：ショート / アジャスターカラー：ゴールドはこちら<br />レバーカラー：アンスラサイト / レバータイプ：ショート / アジャスターカラー：シルバーはこちら<br />レバーカラー：アンスラサイト / レバータイプ：ショート / アジャスターカラー：ブラックはこちら<br />レバーカラー：ゴールド / レバータイプ：ショート / アジャスターカラー：レッドはこちら<br />レバーカラー：ゴールド / レバータイプ：ショート / アジャスターカラー：アンスラサイトはこちら<br />レバーカラー：ゴールド / レバータイプ：ショート / アジャスターカラー：ブルーはこちら<br />レバーカラー：ゴールド / レバータイプ：ショート / アジャスターカラー：ゴールドはこちら<br />レバーカラー：ゴールド / レバータイプ：ショート / アジャスターカラー：シルバーはこちら<br />レバーカラー：ゴールド / レバータイプ：ショート / アジャスターカラー：ブラックはこちら<br />レバーカラー：シルバー / レバータイプ：ショート / アジャスターカラー：レッドはこちら<br />レバーカラー：シルバー / レバータイプ：ショート / アジャスターカラー：アンスラサイトはこちら<br />レバーカラー：シルバー / レバータイプ：ショート / アジャスターカラー：ブルーはこちら<br />レバーカラー：シルバー / レバータイプ：ショート / アジャスターカラー：ゴールドはこちら<br />レバーカラー：シルバー / レバータイプ：ショート / アジャスターカラー：,【イベント開催中！】LSL レバー アジャスタブルクラッチレバー アジャスターカラー：ブルー レバーカラー：ゴールド レバータイプ：スタンダード：ウェビック　楽天市場店,バイクカスタム改造ドレスアップヘルメットマフラーカウルオートバイ二輪車大型バイク中型バイクバイク用品パーツミラーツーリングジャケットタイヤ原付サーキットオフロード【イベント開催中！】LSL レバー アジャスタブルクラッチレバー アジャスターカラー：ブルー レバーカラー：ゴールド レバータイプ：スタンダード,【送料無料】LSL レバー アジャスタブルクラッチレバー。【イベント開催中！】LSL レバー アジャスタブルクラッチレバー アジャスターカラー：ブルー レバーカラー：ゴールド レバータイプ：スタンダード[rn]
18-31166,http://tshop.r10s.jp/webike-rb/cabinet/img2349/22799533_0.jpg?fitin=700:700,10837.6000,,車用品・バイク用品 > バイク用品 > ブレーキ関連パーツ > ブレーキレバー > その他,【イベント開催中！】LSL レバー アジャスタブルクラッチレバー アジャスターカラー：ゴールド レバーカラー：ゴールド レバータイプ：スタンダード,【送料無料】LSL レバー アジャスタブルクラッチレバー,レバーカラー：アンスラサイト / レバータイプ：スタンダード / アジャスターカラー：レッドはこちら<br />レバーカラー：アンスラサイト / レバータイプ：スタンダード / アジャスターカラー：アンスラサイトはこちら<br />レバーカラー：アンスラサイト / レバータイプ：スタンダード / アジャスターカラー：ブルーはこちら<br />レバーカラー：アンスラサイト / レバータイプ：スタンダード / アジャスターカラー：ゴールドはこちら<br />レバーカラー：アンスラサイト / レバータイプ：スタンダード / アジャスターカラー：シルバーはこちら<br />レバーカラー：アンスラサイト / レバータイプ：スタンダード / アジャスターカラー：ブラックはこちら<br />レバーカラー：ゴールド / レバータイプ：スタンダード / アジャスターカラー：レッドはこちら<br />レバーカラー：ゴールド / レバータイプ：スタンダード / アジャスターカラー：アンスラサイトはこちら<br />レバーカラー：ゴールド / レバータイプ：スタンダード / アジャスターカラー：ブルーはこちら<br />レバーカラー：ゴールド / レバータイプ：スタンダード / アジャスターカラー：シルバーはこちら<br />レバーカラー：ゴールド / レバータイプ：スタンダード / アジャスターカラー：ブラックはこちら<br />レバーカラー：シルバー / レバータイプ：スタンダード / アジャスターカラー：レッドはこちら<br />レバーカラー：シルバー / レバータイプ：スタンダード / アジャスターカラー：アンスラサイトはこちら<br />レバーカラー：シルバー / レバータイプ：スタンダード / アジャスターカラー：ブルーはこちら<br />レバーカラー：シルバー / レバータイプ：スタンダード / アジャスターカラー：ゴールドはこちら<br />レバーカラー：シルバー / レバータイプ：スタンダード / アジャスターカラー：シルバーはこちら<br />レバーカラー：シルバー / レバータイプ：スタンダード / アジャスターカラー：ブラックはこちら<br />レバーカラー：ブラック / レバータイプ：スタンダード / アジャスターカラー：レッドはこちら<br />レバーカラー：ブラック / レバータイプ：スタンダード / アジャスターカラー：アンスラサイトはこちら<br />レバーカラー：ブラック / レバータイプ：スタンダード / アジャスターカラー：ブルーはこちら<br />レバーカラー：ブラック / レバータイプ：スタンダード / アジャスターカラー：ゴールドはこちら<br />レバーカラー：ブラック / レバータイプ：スタンダード / アジャスターカラー：シルバーはこちら<br />レバーカラー：ブラック / レバータイプ：スタンダード / アジャスターカラー：ブラックはこちら<br />レバーカラー：アンスラサイト / レバータイプ：ショート / アジャスターカラー：レッドはこちら<br />レバーカラー：アンスラサイト / レバータイプ：ショート / アジャスターカラー：アンスラサイトはこちら<br />レバーカラー：アンスラサイト / レバータイプ：ショート / アジャスターカラー：ブルーはこちら<br />レバーカラー：アンスラサイト / レバータイプ：ショート / アジャスターカラー：ゴールドはこちら<br />レバーカラー：アンスラサイト / レバータイプ：ショート / アジャスターカラー：シルバーはこちら<br />レバーカラー：アンスラサイト / レバータイプ：ショート / アジャスターカラー：ブラックはこちら<br />レバーカラー：ゴールド / レバータイプ：ショート / アジャスターカラー：レッドはこちら<br />レバーカラー：ゴールド / レバータイプ：ショート / アジャスターカラー：アンスラサイトはこちら<br />レバーカラー：ゴールド / レバータイプ：ショート / アジャスターカラー：ブルーはこちら<br />レバーカラー：ゴールド / レバータイプ：ショート / アジャスターカラー：ゴールドはこちら<br />レバーカラー：ゴールド / レバータイプ：ショート / アジャスターカラー：シルバーはこちら<br />レバーカラー：ゴールド / レバータイプ：ショート / アジャスターカラー：ブラックはこちら<br />レバーカラー：シルバー / レバータイプ：ショート / アジャスターカラー：レッドはこちら<br />レバーカラー：シルバー / レバータイプ：ショート / アジャスターカラー：アンスラサイトはこちら<br />レバーカラー：シルバー / レバータイプ：ショート / アジャスターカラー：ブルーはこちら<br />レバーカラー：シルバー / レバータイプ：ショート / アジャスターカラー：ゴールドはこちら<br />レバーカラー：シルバー / レバータイプ：ショート / アジャスターカラー：シ,【イベント開催中！】LSL レバー アジャスタブルクラッチレバー アジャスターカラー：ゴールド レバーカラー：ゴールド レバータイプ：スタンダード：ウェビック　楽天市場店,バイクカスタム改造ドレスアップヘルメットマフラーカウルオートバイ二輪車大型バイク中型バイクバイク用品パーツミラーツーリングジャケットタイヤ原付サーキットオフロード【イベント開催中！】LSL レバー アジャスタブルクラッチレバー アジャスターカラー：ゴールド レバーカラー：ゴールド レバータイプ：スタンダード,【送料無料】LSL レバー アジャスタブルクラッチレバー。【イベント開催中！】LSL レバー アジャスタブルクラッチレバー アジャスターカラー：ゴールド レバーカラー：ゴールド レバータイプ：スタンダード[rn]
18-31167,http://tshop.r10s.jp/webike-rb/cabinet/img2349/22799534_0.jpg?fitin=700:700,10837.6000,,車用品・バイク用品 > バイク用品 > ブレーキ関連パーツ > ブレーキレバー > その他,【イベント開催中！】LSL レバー アジャスタブルクラッチレバー アジャスターカラー：シルバー レバーカラー：ゴールド レバータイプ：スタンダード,【送料無料】LSL レバー アジャスタブルクラッチレバー,レバーカラー：アンスラサイト / レバータイプ：スタンダード / アジャスターカラー：レッドはこちら<br />レバーカラー：アンスラサイト / レバータイプ：スタンダード / アジャスターカラー：アンスラサイトはこちら<br />レバーカラー：アンスラサイト / レバータイプ：スタンダード / アジャスターカラー：ブルーはこちら<br />レバーカラー：アンスラサイト / レバータイプ：スタンダード / アジャスターカラー：ゴールドはこちら<br />レバーカラー：アンスラサイト / レバータイプ：スタンダード / アジャスターカラー：シルバーはこちら<br />レバーカラー：アンスラサイト / レバータイプ：スタンダード / アジャスターカラー：ブラックはこちら<br />レバーカラー：ゴールド / レバータイプ：スタンダード / アジャスターカラー：レッドはこちら<br />レバーカラー：ゴールド / レバータイプ：スタンダード / アジャスターカラー：アンスラサイトはこちら<br />レバーカラー：ゴールド / レバータイプ：スタンダード / アジャスターカラー：ブルーはこちら<br />レバーカラー：ゴールド / レバータイプ：スタンダード / アジャスターカラー：ゴールドはこちら<br />レバーカラー：ゴールド / レバータイプ：スタンダード / アジャスターカラー：ブラックはこちら<br />レバーカラー：シルバー / レバータイプ：スタンダード / アジャスターカラー：レッドはこちら<br />レバーカラー：シルバー / レバータイプ：スタンダード / アジャスターカラー：アンスラサイトはこちら<br />レバーカラー：シルバー / レバータイプ：スタンダード / アジャスターカラー：ブルーはこちら<br />レバーカラー：シルバー / レバータイプ：スタンダード / アジャスターカラー：ゴールドはこちら<br />レバーカラー：シルバー / レバータイプ：スタンダード / アジャスターカラー：シルバーはこちら<br />レバーカラー：シルバー / レバータイプ：スタンダード / アジャスターカラー：ブラックはこちら<br />レバーカラー：ブラック / レバータイプ：スタンダード / アジャスターカラー：レッドはこちら<br />レバーカラー：ブラック / レバータイプ：スタンダード / アジャスターカラー：アンスラサイトはこちら<br />レバーカラー：ブラック / レバータイプ：スタンダード / アジャスターカラー：ブルーはこちら<br />レバーカラー：ブラック / レバータイプ：スタンダード / アジャスターカラー：ゴールドはこちら<br />レバーカラー：ブラック / レバータイプ：スタンダード / アジャスターカラー：シルバーはこちら<br />レバーカラー：ブラック / レバータイプ：スタンダード / アジャスターカラー：ブラックはこちら<br />レバーカラー：アンスラサイト / レバータイプ：ショート / アジャスターカラー：レッドはこちら<br />レバーカラー：アンスラサイト / レバータイプ：ショート / アジャスターカラー：アンスラサイトはこちら<br />レバーカラー：アンスラサイト / レバータイプ：ショート / アジャスターカラー：ブルーはこちら<br />レバーカラー：アンスラサイト / レバータイプ：ショート / アジャスターカラー：ゴールドはこちら<br />レバーカラー：アンスラサイト / レバータイプ：ショート / アジャスターカラー：シルバーはこちら<br />レバーカラー：アンスラサイト / レバータイプ：ショート / アジャスターカラー：ブラックはこちら<br />レバーカラー：ゴールド / レバータイプ：ショート / アジャスターカラー：レッドはこちら<br />レバーカラー：ゴールド / レバータイプ：ショート / アジャスターカラー：アンスラサイトはこちら<br />レバーカラー：ゴールド / レバータイプ：ショート / アジャスターカラー：ブルーはこちら<br />レバーカラー：ゴールド / レバータイプ：ショート / アジャスターカラー：ゴールドはこちら<br />レバーカラー：ゴールド / レバータイプ：ショート / アジャスターカラー：シルバーはこちら<br />レバーカラー：ゴールド / レバータイプ：ショート / アジャスターカラー：ブラックはこちら<br />レバーカラー：シルバー / レバータイプ：ショート / アジャスターカラー：レッドはこちら<br />レバーカラー：シルバー / レバータイプ：ショート / アジャスターカラー：アンスラサイトはこちら<br />レバーカラー：シルバー / レバータイプ：ショート / アジャスターカラー：ブルーはこちら<br />レバーカラー：シルバー / レバータイプ：ショート / アジャスターカラー：ゴールドはこちら<br />レバーカラー：シルバー / レバータイプ：ショート / アジャスターカラー：シ,【イベント開催中！】LSL レバー アジャスタブルクラッチレバー アジャスターカラー：シルバー レバーカラー：ゴールド レバータイプ：スタンダード：ウェビック　楽天市場店,バイクカスタム改造ドレスアップヘルメットマフラーカウルオートバイ二輪車大型バイク中型バイクバイク用品パーツミラーツーリングジャケットタイヤ原付サーキットオフロード【イベント開催中！】LSL レバー アジャスタブルクラッチレバー アジャスターカラー：シルバー レバーカラー：ゴールド レバータイプ：スタンダード,【送料無料】LSL レバー アジャスタブルクラッチレバー。【イベント開催中！】LSL レバー アジャスタブルクラッチレバー アジャスターカラー：シルバー レバーカラー：ゴールド レバータイプ：スタンダード[rn]
18-31168,http://tshop.r10s.jp/webike-rb/cabinet/img2349/22799535_0.jpg?fitin=700:700,10837.6000,,車用品・バイク用品 > バイク用品 > ブレーキ関連パーツ > ブレーキレバー > その他,【イベント開催中！】LSL レバー アジャスタブルクラッチレバー アジャスターカラー：ブラック レバーカラー：ゴールド レバータイプ：スタンダード,【送料無料】LSL レバー アジャスタブルクラッチレバー,レバーカラー：アンスラサイト / レバータイプ：スタンダード / アジャスターカラー：レッドはこちら<br />レバーカラー：アンスラサイト / レバータイプ：スタンダード / アジャスターカラー：アンスラサイトはこちら<br />レバーカラー：アンスラサイト / レバータイプ：スタンダード / アジャスターカラー：ブルーはこちら<br />レバーカラー：アンスラサイト / レバータイプ：スタンダード / アジャスターカラー：ゴールドはこちら<br />レバーカラー：アンスラサイト / レバータイプ：スタンダード / アジャスターカラー：シルバーはこちら<br />レバーカラー：アンスラサイト / レバータイプ：スタンダード / アジャスターカラー：ブラックはこちら<br />レバーカラー：ゴールド / レバータイプ：スタンダード / アジャスターカラー：レッドはこちら<br />レバーカラー：ゴールド / レバータイプ：スタンダード / アジャスターカラー：アンスラサイトはこちら<br />レバーカラー：ゴールド / レバータイプ：スタンダード / アジャスターカラー：ブルーはこちら<br />レバーカラー：ゴールド / レバータイプ：スタンダード / アジャスターカラー：ゴールドはこちら<br />レバーカラー：ゴールド / レバータイプ：スタンダード / アジャスターカラー：シルバーはこちら<br />レバーカラー：シルバー / レバータイプ：スタンダード / アジャスターカラー：レッドはこちら<br />レバーカラー：シルバー / レバータイプ：スタンダード / アジャスターカラー：アンスラサイトはこちら<br />レバーカラー：シルバー / レバータイプ：スタンダード / アジャスターカラー：ブルーはこちら<br />レバーカラー：シルバー / レバータイプ：スタンダード / アジャスターカラー：ゴールドはこちら<br />レバーカラー：シルバー / レバータイプ：スタンダード / アジャスターカラー：シルバーはこちら<br />レバーカラー：シルバー / レバータイプ：スタンダード / アジャスターカラー：ブラックはこちら<br />レバーカラー：ブラック / レバータイプ：スタンダード / アジャスターカラー：レッドはこちら<br />レバーカラー：ブラック / レバータイプ：スタンダード / アジャスターカラー：アンスラサイトはこちら<br />レバーカラー：ブラック / レバータイプ：スタンダード / アジャスターカラー：ブルーはこちら<br />レバーカラー：ブラック / レバータイプ：スタンダード / アジャスターカラー：ゴールドはこちら<br />レバーカラー：ブラック / レバータイプ：スタンダード / アジャスターカラー：シルバーはこちら<br />レバーカラー：ブラック / レバータイプ：スタンダード / アジャスターカラー：ブラックはこちら<br />レバーカラー：アンスラサイト / レバータイプ：ショート / アジャスターカラー：レッドはこちら<br />レバーカラー：アンスラサイト / レバータイプ：ショート / アジャスターカラー：アンスラサイトはこちら<br />レバーカラー：アンスラサイト / レバータイプ：ショート / アジャスターカラー：ブルーはこちら<br />レバーカラー：アンスラサイト / レバータイプ：ショート / アジャスターカラー：ゴールドはこちら<br />レバーカラー：アンスラサイト / レバータイプ：ショート / アジャスターカラー：シルバーはこちら<br />レバーカラー：アンスラサイト / レバータイプ：ショート / アジャスターカラー：ブラックはこちら<br />レバーカラー：ゴールド / レバータイプ：ショート / アジャスターカラー：レッドはこちら<br />レバーカラー：ゴールド / レバータイプ：ショート / アジャスターカラー：アンスラサイトはこちら<br />レバーカラー：ゴールド / レバータイプ：ショート / アジャスターカラー：ブルーはこちら<br />レバーカラー：ゴールド / レバータイプ：ショート / アジャスターカラー：ゴールドはこちら<br />レバーカラー：ゴールド / レバータイプ：ショート / アジャスターカラー：シルバーはこちら<br />レバーカラー：ゴールド / レバータイプ：ショート / アジャスターカラー：ブラックはこちら<br />レバーカラー：シルバー / レバータイプ：ショート / アジャスターカラー：レッドはこちら<br />レバーカラー：シルバー / レバータイプ：ショート / アジャスターカラー：アンスラサイトはこちら<br />レバーカラー：シルバー / レバータイプ：ショート / アジャスターカラー：ブルーはこちら<br />レバーカラー：シルバー / レバータイプ：ショート / アジャスターカラー：ゴールドはこちら<br />レバーカラー：シルバー / レバータイプ：ショート / アジャスターカラー：シ,【イベント開催中！】LSL レバー アジャスタブルクラッチレバー アジャスターカラー：ブラック レバーカラー：ゴールド レバータイプ：スタンダード：ウェビック　楽天市場店,バイクカスタム改造ドレスアップヘルメットマフラーカウルオートバイ二輪車大型バイク中型バイクバイク用品パーツミラーツーリングジャケットタイヤ原付サーキットオフロード【イベント開催中！】LSL レバー アジャスタブルクラッチレバー アジャスターカラー：ブラック レバーカラー：ゴールド レバータイプ：スタンダード,【送料無料】LSL レバー アジャスタブルクラッチレバー。【イベント開催中！】LSL レバー アジャスタブルクラッチレバー アジャスターカラー：ブラック レバーカラー：ゴールド レバータイプ：スタンダード[rn]
18-31169,http://tshop.r10s.jp/webike-rb/cabinet/img2349/22799536_0.jpg?fitin=700:700,10837.6000,,車用品・バイク用品 > バイク用品 > ブレーキ関連パーツ > ブレーキレバー > その他,【イベント開催中！】LSL レバー アジャスタブルクラッチレバー アジャスターカラー：レッド レバーカラー：シルバー レバータイプ：スタンダード,【送料無料】LSL レバー アジャスタブルクラッチレバー,レバーカラー：アンスラサイト / レバータイプ：スタンダード / アジャスターカラー：レッドはこちら<br />レバーカラー：アンスラサイト / レバータイプ：スタンダード / アジャスターカラー：アンスラサイトはこちら<br />レバーカラー：アンスラサイト / レバータイプ：スタンダード / アジャスターカラー：ブルーはこちら<br />レバーカラー：アンスラサイト / レバータイプ：スタンダード / アジャスターカラー：ゴールドはこちら<br />レバーカラー：アンスラサイト / レバータイプ：スタンダード / アジャスターカラー：シルバーはこちら<br />レバーカラー：アンスラサイト / レバータイプ：スタンダード / アジャスターカラー：ブラックはこちら<br />レバーカラー：ゴールド / レバータイプ：スタンダード / アジャスターカラー：レッドはこちら<br />レバーカラー：ゴールド / レバータイプ：スタンダード / アジャスターカラー：アンスラサイトはこちら<br />レバーカラー：ゴールド / レバータイプ：スタンダード / アジャスターカラー：ブルーはこちら<br />レバーカラー：ゴールド / レバータイプ：スタンダード / アジャスターカラー：ゴールドはこちら<br />レバーカラー：ゴールド / レバータイプ：スタンダード / アジャスターカラー：シルバーはこちら<br />レバーカラー：ゴールド / レバータイプ：スタンダード / アジャスターカラー：ブラックはこちら<br />レバーカラー：シルバー / レバータイプ：スタンダード / アジャスターカラー：アンスラサイトはこちら<br />レバーカラー：シルバー / レバータイプ：スタンダード / アジャスターカラー：ブルーはこちら<br />レバーカラー：シルバー / レバータイプ：スタンダード / アジャスターカラー：ゴールドはこちら<br />レバーカラー：シルバー / レバータイプ：スタンダード / アジャスターカラー：シルバーはこちら<br />レバーカラー：シルバー / レバータイプ：スタンダード / アジャスターカラー：ブラックはこちら<br />レバーカラー：ブラック / レバータイプ：スタンダード / アジャスターカラー：レッドはこちら<br />レバーカラー：ブラック / レバータイプ：スタンダード / アジャスターカラー：アンスラサイトはこちら<br />レバーカラー：ブラック / レバータイプ：スタンダード / アジャスターカラー：ブルーはこちら<br />レバーカラー：ブラック / レバータイプ：スタンダード / アジャスターカラー：ゴールドはこちら<br />レバーカラー：ブラック / レバータイプ：スタンダード / アジャスターカラー：シルバーはこちら<br />レバーカラー：ブラック / レバータイプ：スタンダード / アジャスターカラー：ブラックはこちら<br />レバーカラー：アンスラサイト / レバータイプ：ショート / アジャスターカラー：レッドはこちら<br />レバーカラー：アンスラサイト / レバータイプ：ショート / アジャスターカラー：アンスラサイトはこちら<br />レバーカラー：アンスラサイト / レバータイプ：ショート / アジャスターカラー：ブルーはこちら<br />レバーカラー：アンスラサイト / レバータイプ：ショート / アジャスターカラー：ゴールドはこちら<br />レバーカラー：アンスラサイト / レバータイプ：ショート / アジャスターカラー：シルバーはこちら<br />レバーカラー：アンスラサイト / レバータイプ：ショート / アジャスターカラー：ブラックはこちら<br />レバーカラー：ゴールド / レバータイプ：ショート / アジャスターカラー：レッドはこちら<br />レバーカラー：ゴールド / レバータイプ：ショート / アジャスターカラー：アンスラサイトはこちら<br />レバーカラー：ゴールド / レバータイプ：ショート / アジャスターカラー：ブルーはこちら<br />レバーカラー：ゴールド / レバータイプ：ショート / アジャスターカラー：ゴールドはこちら<br />レバーカラー：ゴールド / レバータイプ：ショート / アジャスターカラー：シルバーはこちら<br />レバーカラー：ゴールド / レバータイプ：ショート / アジャスターカラー：ブラックはこちら<br />レバーカラー：シルバー / レバータイプ：ショート / アジャスターカラー：レッドはこちら<br />レバーカラー：シルバー / レバータイプ：ショート / アジャスターカラー：アンスラサイトはこちら<br />レバーカラー：シルバー / レバータイプ：ショート / アジャスターカラー：ブルーはこちら<br />レバーカラー：シルバー / レバータイプ：ショート / アジャスターカラー：ゴールドはこちら<br />レバーカラー：シルバー / レバータイプ：ショート / アジャスターカラー：,【イベント開催中！】LSL レバー アジャスタブルクラッチレバー アジャスターカラー：レッド レバーカラー：シルバー レバータイプ：スタンダード：ウェビック　楽天市場店,バイクカスタム改造ドレスアップヘルメットマフラーカウルオートバイ二輪車大型バイク中型バイクバイク用品パーツミラーツーリングジャケットタイヤ原付サーキットオフロード【イベント開催中！】LSL レバー アジャスタブルクラッチレバー アジャスターカラー：レッド レバーカラー：シルバー レバータイプ：スタンダード,【送料無料】LSL レバー アジャスタブルクラッチレバー。【イベント開催中！】LSL レバー アジャスタブルクラッチレバー アジャスターカラー：レッド レバーカラー：シルバー レバータイプ：スタンダード[rn]
18-31170,http://tshop.r10s.jp/webike-rb/cabinet/img2349/22799537_0.jpg?fitin=700:700,10837.6000,,車用品・バイク用品 > バイク用品 > ブレーキ関連パーツ > ブレーキレバー > その他,【イベント開催中！】LSL レバー アジャスタブルクラッチレバー アジャスターカラー：アンスラサイト レバーカラー：シルバー レバータイプ：スタンダード,【送料無料】LSL レバー アジャスタブルクラッチレバー,レバーカラー：アンスラサイト / レバータイプ：スタンダード / アジャスターカラー：レッドはこちら<br />レバーカラー：アンスラサイト / レバータイプ：スタンダード / アジャスターカラー：アンスラサイトはこちら<br />レバーカラー：アンスラサイト / レバータイプ：スタンダード / アジャスターカラー：ブルーはこちら<br />レバーカラー：アンスラサイト / レバータイプ：スタンダード / アジャスターカラー：ゴールドはこちら<br />レバーカラー：アンスラサイト / レバータイプ：スタンダード / アジャスターカラー：シルバーはこちら<br />レバーカラー：アンスラサイト / レバータイプ：スタンダード / アジャスターカラー：ブラックはこちら<br />レバーカラー：ゴールド / レバータイプ：スタンダード / アジャスターカラー：レッドはこちら<br />レバーカラー：ゴールド / レバータイプ：スタンダード / アジャスターカラー：アンスラサイトはこちら<br />レバーカラー：ゴールド / レバータイプ：スタンダード / アジャスターカラー：ブルーはこちら<br />レバーカラー：ゴールド / レバータイプ：スタンダード / アジャスターカラー：ゴールドはこちら<br />レバーカラー：ゴールド / レバータイプ：スタンダード / アジャスターカラー：シルバーはこちら<br />レバーカラー：ゴールド / レバータイプ：スタンダード / アジャスターカラー：ブラックはこちら<br />レバーカラー：シルバー / レバータイプ：スタンダード / アジャスターカラー：レッドはこちら<br />レバーカラー：シルバー / レバータイプ：スタンダード / アジャスターカラー：ブルーはこちら<br />レバーカラー：シルバー / レバータイプ：スタンダード / アジャスターカラー：ゴールドはこちら<br />レバーカラー：シルバー / レバータイプ：スタンダード / アジャスターカラー：シルバーはこちら<br />レバーカラー：シルバー / レバータイプ：スタンダード / アジャスターカラー：ブラックはこちら<br />レバーカラー：ブラック / レバータイプ：スタンダード / アジャスターカラー：レッドはこちら<br />レバーカラー：ブラック / レバータイプ：スタンダード / アジャスターカラー：アンスラサイトはこちら<br />レバーカラー：ブラック / レバータイプ：スタンダード / アジャスターカラー：ブルーはこちら<br />レバーカラー：ブラック / レバータイプ：スタンダード / アジャスターカラー：ゴールドはこちら<br />レバーカラー：ブラック / レバータイプ：スタンダード / アジャスターカラー：シルバーはこちら<br />レバーカラー：ブラック / レバータイプ：スタンダード / アジャスターカラー：ブラックはこちら<br />レバーカラー：アンスラサイト / レバータイプ：ショート / アジャスターカラー：レッドはこちら<br />レバーカラー：アンスラサイト / レバータイプ：ショート / アジャスターカラー：アンスラサイトはこちら<br />レバーカラー：アンスラサイト / レバータイプ：ショート / アジャスターカラー：ブルーはこちら<br />レバーカラー：アンスラサイト / レバータイプ：ショート / アジャスターカラー：ゴールドはこちら<br />レバーカラー：アンスラサイト / レバータイプ：ショート / アジャスターカラー：シルバーはこちら<br />レバーカラー：アンスラサイト / レバータイプ：ショート / アジャスターカラー：ブラックはこちら<br />レバーカラー：ゴールド / レバータイプ：ショート / アジャスターカラー：レッドはこちら<br />レバーカラー：ゴールド / レバータイプ：ショート / アジャスターカラー：アンスラサイトはこちら<br />レバーカラー：ゴールド / レバータイプ：ショート / アジャスターカラー：ブルーはこちら<br />レバーカラー：ゴールド / レバータイプ：ショート / アジャスターカラー：ゴールドはこちら<br />レバーカラー：ゴールド / レバータイプ：ショート / アジャスターカラー：シルバーはこちら<br />レバーカラー：ゴールド / レバータイプ：ショート / アジャスターカラー：ブラックはこちら<br />レバーカラー：シルバー / レバータイプ：ショート / アジャスターカラー：レッドはこちら<br />レバーカラー：シルバー / レバータイプ：ショート / アジャスターカラー：アンスラサイトはこちら<br />レバーカラー：シルバー / レバータイプ：ショート / アジャスターカラー：ブルーはこちら<br />レバーカラー：シルバー / レバータイプ：ショート / アジャスターカラー：ゴールドはこちら<br />レバーカラー：シルバー / レバータイプ：ショート / アジャスターカラー：シルバー,【イベント開催中！】LSL レバー アジャスタブルクラッチレバー アジャスターカラー：アンスラサイト レバーカラー：シルバー レバータイプ：スタンダード：ウェビック　楽天市場店,バイクカスタム改造ドレスアップヘルメットマフラーカウルオートバイ二輪車大型バイク中型バイクバイク用品パーツミラーツーリングジャケットタイヤ原付サーキットオフロード【イベント開催中！】LSL レバー アジャスタブルクラッチレバー アジャスターカラー：アンスラサイト レバーカラー：シルバー レバータイプ：スタンダード,【送料無料】LSL レバー アジャスタブルクラッチレバー。【イベント開催中！】LSL レバー アジャスタブルクラッチレバー アジャスターカラー：アンスラサイト レバーカラー：シルバー レバータイプ：スタンダード[rn]
18-31171,http://tshop.r10s.jp/webike-rb/cabinet/img2349/22799538_0.jpg?fitin=700:700,10837.6000,,車用品・バイク用品 > バイク用品 > ブレーキ関連パーツ > ブレーキレバー > その他,【イベント開催中！】LSL レバー アジャスタブルクラッチレバー アジャスターカラー：ブルー レバーカラー：シルバー レバータイプ：スタンダード,【送料無料】LSL レバー アジャスタブルクラッチレバー,レバーカラー：アンスラサイト / レバータイプ：スタンダード / アジャスターカラー：レッドはこちら<br />レバーカラー：アンスラサイト / レバータイプ：スタンダード / アジャスターカラー：アンスラサイトはこちら<br />レバーカラー：アンスラサイト / レバータイプ：スタンダード / アジャスターカラー：ブルーはこちら<br />レバーカラー：アンスラサイト / レバータイプ：スタンダード / アジャスターカラー：ゴールドはこちら<br />レバーカラー：アンスラサイト / レバータイプ：スタンダード / アジャスターカラー：シルバーはこちら<br />レバーカラー：アンスラサイト / レバータイプ：スタンダード / アジャスターカラー：ブラックはこちら<br />レバーカラー：ゴールド / レバータイプ：スタンダード / アジャスターカラー：レッドはこちら<br />レバーカラー：ゴールド / レバータイプ：スタンダード / アジャスターカラー：アンスラサイトはこちら<br />レバーカラー：ゴールド / レバータイプ：スタンダード / アジャスターカラー：ブルーはこちら<br />レバーカラー：ゴールド / レバータイプ：スタンダード / アジャスターカラー：ゴールドはこちら<br />レバーカラー：ゴールド / レバータイプ：スタンダード / アジャスターカラー：シルバーはこちら<br />レバーカラー：ゴールド / レバータイプ：スタンダード / アジャスターカラー：ブラックはこちら<br />レバーカラー：シルバー / レバータイプ：スタンダード / アジャスターカラー：レッドはこちら<br />レバーカラー：シルバー / レバータイプ：スタンダード / アジャスターカラー：アンスラサイトはこちら<br />レバーカラー：シルバー / レバータイプ：スタンダード / アジャスターカラー：ゴールドはこちら<br />レバーカラー：シルバー / レバータイプ：スタンダード / アジャスターカラー：シルバーはこちら<br />レバーカラー：シルバー / レバータイプ：スタンダード / アジャスターカラー：ブラックはこちら<br />レバーカラー：ブラック / レバータイプ：スタンダード / アジャスターカラー：レッドはこちら<br />レバーカラー：ブラック / レバータイプ：スタンダード / アジャスターカラー：アンスラサイトはこちら<br />レバーカラー：ブラック / レバータイプ：スタンダード / アジャスターカラー：ブルーはこちら<br />レバーカラー：ブラック / レバータイプ：スタンダード / アジャスターカラー：ゴールドはこちら<br />レバーカラー：ブラック / レバータイプ：スタンダード / アジャスターカラー：シルバーはこちら<br />レバーカラー：ブラック / レバータイプ：スタンダード / アジャスターカラー：ブラックはこちら<br />レバーカラー：アンスラサイト / レバータイプ：ショート / アジャスターカラー：レッドはこちら<br />レバーカラー：アンスラサイト / レバータイプ：ショート / アジャスターカラー：アンスラサイトはこちら<br />レバーカラー：アンスラサイト / レバータイプ：ショート / アジャスターカラー：ブルーはこちら<br />レバーカラー：アンスラサイト / レバータイプ：ショート / アジャスターカラー：ゴールドはこちら<br />レバーカラー：アンスラサイト / レバータイプ：ショート / アジャスターカラー：シルバーはこちら<br />レバーカラー：アンスラサイト / レバータイプ：ショート / アジャスターカラー：ブラックはこちら<br />レバーカラー：ゴールド / レバータイプ：ショート / アジャスターカラー：レッドはこちら<br />レバーカラー：ゴールド / レバータイプ：ショート / アジャスターカラー：アンスラサイトはこちら<br />レバーカラー：ゴールド / レバータイプ：ショート / アジャスターカラー：ブルーはこちら<br />レバーカラー：ゴールド / レバータイプ：ショート / アジャスターカラー：ゴールドはこちら<br />レバーカラー：ゴールド / レバータイプ：ショート / アジャスターカラー：シルバーはこちら<br />レバーカラー：ゴールド / レバータイプ：ショート / アジャスターカラー：ブラックはこちら<br />レバーカラー：シルバー / レバータイプ：ショート / アジャスターカラー：レッドはこちら<br />レバーカラー：シルバー / レバータイプ：ショート / アジャスターカラー：アンスラサイトはこちら<br />レバーカラー：シルバー / レバータイプ：ショート / アジャスターカラー：ブルーはこちら<br />レバーカラー：シルバー / レバータイプ：ショート / アジャスターカラー：ゴールドはこちら<br />レバーカラー：シルバー / レバータイプ：ショート / アジャスターカラー：,【イベント開催中！】LSL レバー アジャスタブルクラッチレバー アジャスターカラー：ブルー レバーカラー：シルバー レバータイプ：スタンダード：ウェビック　楽天市場店,バイクカスタム改造ドレスアップヘルメットマフラーカウルオートバイ二輪車大型バイク中型バイクバイク用品パーツミラーツーリングジャケットタイヤ原付サーキットオフロード【イベント開催中！】LSL レバー アジャスタブルクラッチレバー アジャスターカラー：ブルー レバーカラー：シルバー レバータイプ：スタンダード,【送料無料】LSL レバー アジャスタブルクラッチレバー。【イベント開催中！】LSL レバー アジャスタブルクラッチレバー アジャスターカラー：ブルー レバーカラー：シルバー レバータイプ：スタンダード[rn]
18-31172,http://tshop.r10s.jp/webike-rb/cabinet/img2349/22799539_0.jpg?fitin=700:700,10837.6000,,車用品・バイク用品 > バイク用品 > ブレーキ関連パーツ > ブレーキレバー > その他,【イベント開催中！】LSL レバー アジャスタブルクラッチレバー アジャスターカラー：ゴールド レバーカラー：シルバー レバータイプ：スタンダード,【送料無料】LSL レバー アジャスタブルクラッチレバー,レバーカラー：アンスラサイト / レバータイプ：スタンダード / アジャスターカラー：レッドはこちら<br />レバーカラー：アンスラサイト / レバータイプ：スタンダード / アジャスターカラー：アンスラサイトはこちら<br />レバーカラー：アンスラサイト / レバータイプ：スタンダード / アジャスターカラー：ブルーはこちら<br />レバーカラー：アンスラサイト / レバータイプ：スタンダード / アジャスターカラー：ゴールドはこちら<br />レバーカラー：アンスラサイト / レバータイプ：スタンダード / アジャスターカラー：シルバーはこちら<br />レバーカラー：アンスラサイト / レバータイプ：スタンダード / アジャスターカラー：ブラックはこちら<br />レバーカラー：ゴールド / レバータイプ：スタンダード / アジャスターカラー：レッドはこちら<br />レバーカラー：ゴールド / レバータイプ：スタンダード / アジャスターカラー：アンスラサイトはこちら<br />レバーカラー：ゴールド / レバータイプ：スタンダード / アジャスターカラー：ブルーはこちら<br />レバーカラー：ゴールド / レバータイプ：スタンダード / アジャスターカラー：ゴールドはこちら<br />レバーカラー：ゴールド / レバータイプ：スタンダード / アジャスターカラー：シルバーはこちら<br />レバーカラー：ゴールド / レバータイプ：スタンダード / アジャスターカラー：ブラックはこちら<br />レバーカラー：シルバー / レバータイプ：スタンダード / アジャスターカラー：レッドはこちら<br />レバーカラー：シルバー / レバータイプ：スタンダード / アジャスターカラー：アンスラサイトはこちら<br />レバーカラー：シルバー / レバータイプ：スタンダード / アジャスターカラー：ブルーはこちら<br />レバーカラー：シルバー / レバータイプ：スタンダード / アジャスターカラー：シルバーはこちら<br />レバーカラー：シルバー / レバータイプ：スタンダード / アジャスターカラー：ブラックはこちら<br />レバーカラー：ブラック / レバータイプ：スタンダード / アジャスターカラー：レッドはこちら<br />レバーカラー：ブラック / レバータイプ：スタンダード / アジャスターカラー：アンスラサイトはこちら<br />レバーカラー：ブラック / レバータイプ：スタンダード / アジャスターカラー：ブルーはこちら<br />レバーカラー：ブラック / レバータイプ：スタンダード / アジャスターカラー：ゴールドはこちら<br />レバーカラー：ブラック / レバータイプ：スタンダード / アジャスターカラー：シルバーはこちら<br />レバーカラー：ブラック / レバータイプ：スタンダード / アジャスターカラー：ブラックはこちら<br />レバーカラー：アンスラサイト / レバータイプ：ショート / アジャスターカラー：レッドはこちら<br />レバーカラー：アンスラサイト / レバータイプ：ショート / アジャスターカラー：アンスラサイトはこちら<br />レバーカラー：アンスラサイト / レバータイプ：ショート / アジャスターカラー：ブルーはこちら<br />レバーカラー：アンスラサイト / レバータイプ：ショート / アジャスターカラー：ゴールドはこちら<br />レバーカラー：アンスラサイト / レバータイプ：ショート / アジャスターカラー：シルバーはこちら<br />レバーカラー：アンスラサイト / レバータイプ：ショート / アジャスターカラー：ブラックはこちら<br />レバーカラー：ゴールド / レバータイプ：ショート / アジャスターカラー：レッドはこちら<br />レバーカラー：ゴールド / レバータイプ：ショート / アジャスターカラー：アンスラサイトはこちら<br />レバーカラー：ゴールド / レバータイプ：ショート / アジャスターカラー：ブルーはこちら<br />レバーカラー：ゴールド / レバータイプ：ショート / アジャスターカラー：ゴールドはこちら<br />レバーカラー：ゴールド / レバータイプ：ショート / アジャスターカラー：シルバーはこちら<br />レバーカラー：ゴールド / レバータイプ：ショート / アジャスターカラー：ブラックはこちら<br />レバーカラー：シルバー / レバータイプ：ショート / アジャスターカラー：レッドはこちら<br />レバーカラー：シルバー / レバータイプ：ショート / アジャスターカラー：アンスラサイトはこちら<br />レバーカラー：シルバー / レバータイプ：ショート / アジャスターカラー：ブルーはこちら<br />レバーカラー：シルバー / レバータイプ：ショート / アジャスターカラー：ゴールドはこちら<br />レバーカラー：シルバー / レバータイプ：ショート / アジャスターカラー：シ,【イベント開催中！】LSL レバー アジャスタブルクラッチレバー アジャスターカラー：ゴールド レバーカラー：シルバー レバータイプ：スタンダード：ウェビック　楽天市場店,バイクカスタム改造ドレスアップヘルメットマフラーカウルオートバイ二輪車大型バイク中型バイクバイク用品パーツミラーツーリングジャケットタイヤ原付サーキットオフロード【イベント開催中！】LSL レバー アジャスタブルクラッチレバー アジャスターカラー：ゴールド レバーカラー：シルバー レバータイプ：スタンダード,【送料無料】LSL レバー アジャスタブルクラッチレバー。【イベント開催中！】LSL レバー アジャスタブルクラッチレバー アジャスターカラー：ゴールド レバーカラー：シルバー レバータイプ：スタンダード[rn]
18-31173,http://tshop.r10s.jp/webike-rb/cabinet/new0026/speal014_wh.jpg?fitin=700:700,29289.6000,,車用品・バイク用品 > バイク用品 > ミラー > スクエアタイプ > その他,LighTech ライテック ミラー類 アルミニウム ミラー 左右セット (ネイキッドバイク用) SPEAL014シリーズ アダプター無し カラー：ホワイト ネジピッチ：M10×1.25,【送料無料】LighTech ライテック ミラー類 .,ネジピッチ：M10×1.25 / ミラー アダプター (M10×1.25→M10／右＋左) / カラー：ホワイトはこちら<br />ネジピッチ：M10×1.25 / ミラー アダプター (M10×1.25→M8／右＋左) / カラー：ホワイトはこちら<br />ネジピッチ：M10×1.25 / ミラー アダプター BMW用 (M10×1.5→M8／右＋左) / カラー：ホワイトはこちら<br />ネジピッチ：M10×1.25 / アダプター無し / カラー：ブラックアルマイトはこちら<br />ネジピッチ：M10×1.25 / ミラー アダプター (M10×1.25→M10／右＋左) / カラー：ブラックアルマイトはこちら<br />ネジピッチ：M10×1.25 / ミラー アダプター (M10×1.25→M8／右＋左) / カラー：ブラックアルマイトはこちら<br />ネジピッチ：M10×1.25 / ミラー アダプター BMW用 (M10×1.5→M8／右＋左) / カラー：ブラックアルマイトはこちら<br />ネジピッチ：M10×1.25 / アダプター無し / カラー：レッドはこちら<br />ネジピッチ：M10×1.25 / ミラー アダプター (M10×1.25→M10／右＋左) / カラー：レッドはこちら<br />ネジピッチ：M10×1.25 / ミラー アダプター (M10×1.25→M8／右＋左) / カラー：レッドはこちら<br />ネジピッチ：M10×1.25 / ミラー アダプター BMW用 (M10×1.5→M8／右＋左) / カラー：レッドはこちら<br />ネジピッチ：M8×1.25 / アダプター無し / カラー：ホワイトはこちら<br />ネジピッチ：M8×1.25 / ミラー アダプター (M10×1.25→M10／右＋左) / カラー：ホワイトはこちら<br />ネジピッチ：M8×1.25 / ミラー アダプター (M10×1.25→M8／右＋左) / カラー：ホワイトはこちら<br />ネジピッチ：M8×1.25 / ミラー アダプター BMW用 (M10×1.5→M8／右＋左) / カラー：ホワイトはこちら<br />ネジピッチ：M8×1.25 / アダプター無し / カラー：ブラックアルマイトはこちら<br />ネジピッチ：M8×1.25 / ミラー アダプター (M10×1.25→M10／右＋左) / カラー：ブラックアルマイトはこちら<br />ネジピッチ：M8×1.25 / ミラー アダプター (M10×1.25→M8／右＋左) / カラー：ブラックアルマイトはこちら<br />ネジピッチ：M8×1.25 / ミラー アダプター BMW用 (M10×1.5→M8／右＋左) / カラー：ブラックアルマイトはこちら<br />ネジピッチ：M8×1.25 / アダプター無し / カラー：レッドはこちら<br />ネジピッチ：M8×1.25 / ミラー アダプター (M10×1.25→M10／右＋左) / カラー：レッドはこちら<br />ネジピッチ：M8×1.25 / ミラー アダプター (M10×1.25→M8／右＋左) / カラー：レッドはこちら<br />ネジピッチ：M8×1.25 / ミラー アダプター BMW用 (M10×1.5→M8／右＋左) / カラー：レッドはこちら<br /><br />※リンク先に商品がない場合、すでに完売している商品となります。予めご了承ください。<br /><br />■商品番号<br>SPEAL014<br><br>■商品概要<br>左右セット<br>生産国：イタリア<br><br>アダプター無し カラー：ホワイト ネジピッチ：M10×1.25<br><br>■詳細説明<br>LighTechアルミニウム ミラーは、ネイキッドバイク専用のハンドルマウントタイプのミラーです。<br>ミラーボディは、CNCマシンによる美しい形状の削り出しパーツで、その後、アルマイトとレーザー刻印加工を施しております。<br>その切削痕は、イタリア製品ならではの美しさを持ち合わせております。<br>また、ステムパートもCNCマシンにて削り出しされたアルミ合金材を採用しております。<br>ミラーアングルも細かく調整することが可能です。<br><br>■注意点<br>※画像には他のカラーリングも含まれています。,LighTech ライテック ミラー類 アルミニウム ミラー 左右セット (ネイキッドバイク用) SPEAL014シリーズ アダプター無し カラー：ホワイト ネジピッチ：M10&times;1.25：ウェビック　楽天市場店,バイクカスタム改造ドレスアップヘルメットマフラーカウルオートバイ二輪車大型バイク中型バイクバイク用品パーツミラーツーリングジャケットタイヤ原付サーキットオフロードLighTech ライテック ミラー類 アルミニウム ミラー 左右セット (ネイキッドバイク用) SPEAL014シリーズ アダプター無し カラー：ホワイト ネジピッチ：M10&times;1.25,【送料無料】LighTech ライテック ミラー類 .。LighTech ライテック ミラー類 アルミニウム ミラー 左右セット (ネイキッドバイク用) SPEAL014シリーズ アダプター無し カラー：ホワイト ネジピッチ：M10&times;1.25[rn]
18-31174,http://tshop.r10s.jp/webike-rb/cabinet/new0026/speal014_wh.jpg?fitin=700:700,31190.4000,,車用品・バイク用品 > バイク用品 > ミラー > スクエアタイプ > その他,LighTech ライテック ミラー類 アルミニウム ミラー 左右セット (ネイキッドバイク用) SPEAL014シリーズ カラー：ホワイト ネジピッチ：M10×1.25 ミラー アダプター (M10×1.25→M10／右＋左),【送料無料】LighTech ライテック ミラー類 .,ネジピッチ：M10×1.25 / アダプター無し / カラー：ホワイトはこちら<br />ネジピッチ：M10×1.25 / ミラー アダプター (M10×1.25→M8／右＋左) / カラー：ホワイトはこちら<br />ネジピッチ：M10×1.25 / ミラー アダプター BMW用 (M10×1.5→M8／右＋左) / カラー：ホワイトはこちら<br />ネジピッチ：M10×1.25 / アダプター無し / カラー：ブラックアルマイトはこちら<br />ネジピッチ：M10×1.25 / ミラー アダプター (M10×1.25→M10／右＋左) / カラー：ブラックアルマイトはこちら<br />ネジピッチ：M10×1.25 / ミラー アダプター (M10×1.25→M8／右＋左) / カラー：ブラックアルマイトはこちら<br />ネジピッチ：M10×1.25 / ミラー アダプター BMW用 (M10×1.5→M8／右＋左) / カラー：ブラックアルマイトはこちら<br />ネジピッチ：M10×1.25 / アダプター無し / カラー：レッドはこちら<br />ネジピッチ：M10×1.25 / ミラー アダプター (M10×1.25→M10／右＋左) / カラー：レッドはこちら<br />ネジピッチ：M10×1.25 / ミラー アダプター (M10×1.25→M8／右＋左) / カラー：レッドはこちら<br />ネジピッチ：M10×1.25 / ミラー アダプター BMW用 (M10×1.5→M8／右＋左) / カラー：レッドはこちら<br />ネジピッチ：M8×1.25 / アダプター無し / カラー：ホワイトはこちら<br />ネジピッチ：M8×1.25 / ミラー アダプター (M10×1.25→M10／右＋左) / カラー：ホワイトはこちら<br />ネジピッチ：M8×1.25 / ミラー アダプター (M10×1.25→M8／右＋左) / カラー：ホワイトはこちら<br />ネジピッチ：M8×1.25 / ミラー アダプター BMW用 (M10×1.5→M8／右＋左) / カラー：ホワイトはこちら<br />ネジピッチ：M8×1.25 / アダプター無し / カラー：ブラックアルマイトはこちら<br />ネジピッチ：M8×1.25 / ミラー アダプター (M10×1.25→M10／右＋左) / カラー：ブラックアルマイトはこちら<br />ネジピッチ：M8×1.25 / ミラー アダプター (M10×1.25→M8／右＋左) / カラー：ブラックアルマイトはこちら<br />ネジピッチ：M8×1.25 / ミラー アダプター BMW用 (M10×1.5→M8／右＋左) / カラー：ブラックアルマイトはこちら<br />ネジピッチ：M8×1.25 / アダプター無し / カラー：レッドはこちら<br />ネジピッチ：M8×1.25 / ミラー アダプター (M10×1.25→M10／右＋左) / カラー：レッドはこちら<br />ネジピッチ：M8×1.25 / ミラー アダプター (M10×1.25→M8／右＋左) / カラー：レッドはこちら<br />ネジピッチ：M8×1.25 / ミラー アダプター BMW用 (M10×1.5→M8／右＋左) / カラー：レッドはこちら<br /><br />※リンク先に商品がない場合、すでに完売している商品となります。予めご了承ください。<br /><br />■商品番号<br>SPEAL014<br><br>■商品概要<br>左右セット<br>生産国：イタリア<br><br>ミラー アダプター (M10×1.25→M10／右＋左) カラー：ホワイト ネジピッチ：M10×1.25<br><br>■詳細説明<br>LighTechアルミニウム ミラーは、ネイキッドバイク専用のハンドルマウントタイプのミラーです。<br>ミラーボディは、CNCマシンによる美しい形状の削り出しパーツで、その後、アルマイトとレーザー刻印加工を施しております。<br>その切削痕は、イタリア製品ならではの美しさを持ち合わせております。<br>また、ステムパートもCNCマシンにて削り出しされたアルミ合金材を採用しております。<br>ミラーアングルも細かく調整することが可能です。<br><br>■注意点<br>※画像には他のカラーリングも含まれています。,LighTech ライテック ミラー類 アルミニウム ミラー 左右セット (ネイキッドバイク用) SPEAL014シリーズ カラー：ホワイト ネジピッチ：M10&times;1.25 ミラー アダプター (M10&times;1.25&rarr;M10／右＋左)：ウェビック　楽天市場店,バイクカスタム改造ドレスアップヘルメットマフラーカウルオートバイ二輪車大型バイク中型バイクバイク用品パーツミラーツーリングジャケットタイヤ原付サーキットオフロードLighTech ライテック ミラー類 アルミニウム ミラー 左右セット (ネイキッドバイク用) SPEAL014シリーズ カラー：ホワイト ネジピッチ：M10&times;1.25 ミラー アダプター (M10&times;1.25&rarr;M10／右＋左),【送料無料】LighTech ライテック ミラー類 .。LighTech ライテック ミラー類 アルミニウム ミラー 左右セット (ネイキッドバイク用) SPEAL014シリーズ カラー：ホワイト ネジピッチ：M10&times;1.25 ミラー アダプター (M10&times;1.25&rarr;M10／右＋左)[rn]
18-31175,http://tshop.r10s.jp/webike-rb/cabinet/new0026/speal014_wh.jpg?fitin=700:700,31190.4000,,車用品・バイク用品 > バイク用品 > ミラー > スクエアタイプ > その他,LighTech ライテック ミラー類 アルミニウム ミラー 左右セット (ネイキッドバイク用) SPEAL014シリーズ カラー：ホワイト ネジピッチ：M10×1.25 ミラー アダプター (M10×1.25→M8／右＋左),【送料無料】LighTech ライテック ミラー類 .,ネジピッチ：M10×1.25 / アダプター無し / カラー：ホワイトはこちら<br />ネジピッチ：M10×1.25 / ミラー アダプター (M10×1.25→M10／右＋左) / カラー：ホワイトはこちら<br />ネジピッチ：M10×1.25 / ミラー アダプター BMW用 (M10×1.5→M8／右＋左) / カラー：ホワイトはこちら<br />ネジピッチ：M10×1.25 / アダプター無し / カラー：ブラックアルマイトはこちら<br />ネジピッチ：M10×1.25 / ミラー アダプター (M10×1.25→M10／右＋左) / カラー：ブラックアルマイトはこちら<br />ネジピッチ：M10×1.25 / ミラー アダプター (M10×1.25→M8／右＋左) / カラー：ブラックアルマイトはこちら<br />ネジピッチ：M10×1.25 / ミラー アダプター BMW用 (M10×1.5→M8／右＋左) / カラー：ブラックアルマイトはこちら<br />ネジピッチ：M10×1.25 / アダプター無し / カラー：レッドはこちら<br />ネジピッチ：M10×1.25 / ミラー アダプター (M10×1.25→M10／右＋左) / カラー：レッドはこちら<br />ネジピッチ：M10×1.25 / ミラー アダプター (M10×1.25→M8／右＋左) / カラー：レッドはこちら<br />ネジピッチ：M10×1.25 / ミラー アダプター BMW用 (M10×1.5→M8／右＋左) / カラー：レッドはこちら<br />ネジピッチ：M8×1.25 / アダプター無し / カラー：ホワイトはこちら<br />ネジピッチ：M8×1.25 / ミラー アダプター (M10×1.25→M10／右＋左) / カラー：ホワイトはこちら<br />ネジピッチ：M8×1.25 / ミラー アダプター (M10×1.25→M8／右＋左) / カラー：ホワイトはこちら<br />ネジピッチ：M8×1.25 / ミラー アダプター BMW用 (M10×1.5→M8／右＋左) / カラー：ホワイトはこちら<br />ネジピッチ：M8×1.25 / アダプター無し / カラー：ブラックアルマイトはこちら<br />ネジピッチ：M8×1.25 / ミラー アダプター (M10×1.25→M10／右＋左) / カラー：ブラックアルマイトはこちら<br />ネジピッチ：M8×1.25 / ミラー アダプター (M10×1.25→M8／右＋左) / カラー：ブラックアルマイトはこちら<br />ネジピッチ：M8×1.25 / ミラー アダプター BMW用 (M10×1.5→M8／右＋左) / カラー：ブラックアルマイトはこちら<br />ネジピッチ：M8×1.25 / アダプター無し / カラー：レッドはこちら<br />ネジピッチ：M8×1.25 / ミラー アダプター (M10×1.25→M10／右＋左) / カラー：レッドはこちら<br />ネジピッチ：M8×1.25 / ミラー アダプター (M10×1.25→M8／右＋左) / カラー：レッドはこちら<br />ネジピッチ：M8×1.25 / ミラー アダプター BMW用 (M10×1.5→M8／右＋左) / カラー：レッドはこちら<br /><br />※リンク先に商品がない場合、すでに完売している商品となります。予めご了承ください。<br /><br />■商品番号<br>SPEAL014<br><br>■商品概要<br>左右セット<br>生産国：イタリア<br><br>ネジピッチ：M10×1.25 ミラー アダプター (M10×1.25→M8／右＋左) カラー：ホワイト<br><br>■詳細説明<br>LighTechアルミニウム ミラーは、ネイキッドバイク専用のハンドルマウントタイプのミラーです。<br>ミラーボディは、CNCマシンによる美しい形状の削り出しパーツで、その後、アルマイトとレーザー刻印加工を施しております。<br>その切削痕は、イタリア製品ならではの美しさを持ち合わせております。<br>また、ステムパートもCNCマシンにて削り出しされたアルミ合金材を採用しております。<br>ミラーアングルも細かく調整することが可能です。<br><br>■注意点<br>※画像には他のカラーリングも含まれています。,LighTech ライテック ミラー類 アルミニウム ミラー 左右セット (ネイキッドバイク用) SPEAL014シリーズ カラー：ホワイト ネジピッチ：M10&times;1.25 ミラー アダプター (M10&times;1.25&rarr;M8／右＋左)：ウェビック　楽天市場店,バイクカスタム改造ドレスアップヘルメットマフラーカウルオートバイ二輪車大型バイク中型バイクバイク用品パーツミラーツーリングジャケットタイヤ原付サーキットオフロードLighTech ライテック ミラー類 アルミニウム ミラー 左右セット (ネイキッドバイク用) SPEAL014シリーズ カラー：ホワイト ネジピッチ：M10&times;1.25 ミラー アダプター (M10&times;1.25&rarr;M8／右＋左),【送料無料】LighTech ライテック ミラー類 .。LighTech ライテック ミラー類 アルミニウム ミラー 左右セット (ネイキッドバイク用) SPEAL014シリーズ カラー：ホワイト ネジピッチ：M10&times;1.25 ミラー アダプター (M10&times;1.25&rarr;M8／右＋左)[rn]
18-31176,http://tshop.r10s.jp/webike-rb/cabinet/new0026/speal014_wh.jpg?fitin=700:700,31190.4000,,車用品・バイク用品 > バイク用品 > ミラー > スクエアタイプ > その他,LighTech ライテック ミラー類 アルミニウム ミラー 左右セット (ネイキッドバイク用) SPEAL014シリーズ カラー：ホワイト ネジピッチ：M10×1.25 ミラー アダプター BMW用 (M10×1.5→M8／右＋左),【送料無料】LighTech ライテック ミラー類 .,ネジピッチ：M10×1.25 / アダプター無し / カラー：ホワイトはこちら<br />ネジピッチ：M10×1.25 / ミラー アダプター (M10×1.25→M10／右＋左) / カラー：ホワイトはこちら<br />ネジピッチ：M10×1.25 / ミラー アダプター (M10×1.25→M8／右＋左) / カラー：ホワイトはこちら<br />ネジピッチ：M10×1.25 / アダプター無し / カラー：ブラックアルマイトはこちら<br />ネジピッチ：M10×1.25 / ミラー アダプター (M10×1.25→M10／右＋左) / カラー：ブラックアルマイトはこちら<br />ネジピッチ：M10×1.25 / ミラー アダプター (M10×1.25→M8／右＋左) / カラー：ブラックアルマイトはこちら<br />ネジピッチ：M10×1.25 / ミラー アダプター BMW用 (M10×1.5→M8／右＋左) / カラー：ブラックアルマイトはこちら<br />ネジピッチ：M10×1.25 / アダプター無し / カラー：レッドはこちら<br />ネジピッチ：M10×1.25 / ミラー アダプター (M10×1.25→M10／右＋左) / カラー：レッドはこちら<br />ネジピッチ：M10×1.25 / ミラー アダプター (M10×1.25→M8／右＋左) / カラー：レッドはこちら<br />ネジピッチ：M10×1.25 / ミラー アダプター BMW用 (M10×1.5→M8／右＋左) / カラー：レッドはこちら<br />ネジピッチ：M8×1.25 / アダプター無し / カラー：ホワイトはこちら<br />ネジピッチ：M8×1.25 / ミラー アダプター (M10×1.25→M10／右＋左) / カラー：ホワイトはこちら<br />ネジピッチ：M8×1.25 / ミラー アダプター (M10×1.25→M8／右＋左) / カラー：ホワイトはこちら<br />ネジピッチ：M8×1.25 / ミラー アダプター BMW用 (M10×1.5→M8／右＋左) / カラー：ホワイトはこちら<br />ネジピッチ：M8×1.25 / アダプター無し / カラー：ブラックアルマイトはこちら<br />ネジピッチ：M8×1.25 / ミラー アダプター (M10×1.25→M10／右＋左) / カラー：ブラックアルマイトはこちら<br />ネジピッチ：M8×1.25 / ミラー アダプター (M10×1.25→M8／右＋左) / カラー：ブラックアルマイトはこちら<br />ネジピッチ：M8×1.25 / ミラー アダプター BMW用 (M10×1.5→M8／右＋左) / カラー：ブラックアルマイトはこちら<br />ネジピッチ：M8×1.25 / アダプター無し / カラー：レッドはこちら<br />ネジピッチ：M8×1.25 / ミラー アダプター (M10×1.25→M10／右＋左) / カラー：レッドはこちら<br />ネジピッチ：M8×1.25 / ミラー アダプター (M10×1.25→M8／右＋左) / カラー：レッドはこちら<br />ネジピッチ：M8×1.25 / ミラー アダプター BMW用 (M10×1.5→M8／右＋左) / カラー：レッドはこちら<br /><br />※リンク先に商品がない場合、すでに完売している商品となります。予めご了承ください。<br /><br />■商品番号<br>SPEAL014<br><br>■商品概要<br>左右セット<br>生産国：イタリア<br><br>ミラー アダプター BMW用 (M10×1.5→M8／右＋左) カラー：ホワイト ネジピッチ：M10×1.25<br><br>■詳細説明<br>LighTechアルミニウム ミラーは、ネイキッドバイク専用のハンドルマウントタイプのミラーです。<br>ミラーボディは、CNCマシンによる美しい形状の削り出しパーツで、その後、アルマイトとレーザー刻印加工を施しております。<br>その切削痕は、イタリア製品ならではの美しさを持ち合わせております。<br>また、ステムパートもCNCマシンにて削り出しされたアルミ合金材を採用しております。<br>ミラーアングルも細かく調整することが可能です。<br><br>■注意点<br>※画像には他のカラーリングも含まれています。,LighTech ライテック ミラー類 アルミニウム ミラー 左右セット (ネイキッドバイク用) SPEAL014シリーズ カラー：ホワイト ネジピッチ：M10&times;1.25 ミラー アダプター BMW用 (M10&times;1.5&rarr;M8／右＋左)：ウェビック　楽天市場店,バイクカスタム改造ドレスアップヘルメットマフラーカウルオートバイ二輪車大型バイク中型バイクバイク用品パーツミラーツーリングジャケットタイヤ原付サーキットオフロードLighTech ライテック ミラー類 アルミニウム ミラー 左右セット (ネイキッドバイク用) SPEAL014シリーズ カラー：ホワイト ネジピッチ：M10&times;1.25 ミラー アダプター BMW用 (M10&times;1.5&rarr;M8／右＋左),【送料無料】LighTech ライテック ミラー類 .。LighTech ライテック ミラー類 アルミニウム ミラー 左右セット (ネイキッドバイク用) SPEAL014シリーズ カラー：ホワイト ネジピッチ：M10&times;1.25 ミラー アダプター BMW用 (M10&times;1.5&rarr;M8／右＋左)[rn]
18-31177,http://tshop.r10s.jp/webike-rb/cabinet/tnk0077/t2_zoom.jpg?fitin=700:700,25310.4000,,車用品・バイク用品 > バイク用品 > ミラー > スクエアタイプ > その他,Magical Racing マジカルレーシング ミラー類 レーサーレプリカミラー TYPE-2 ステーカラー：ブラック ステム：ショート ヘッド素材：平織りカーボン,マジカルレーシング ミラー類 レーサーレプリカミラー TYPE-2,ステム：ショート / ステーカラー：シルバー / ヘッド素材：平織りカーボンはこちら<br />ステム：ロング / ステーカラー：シルバー / ヘッド素材：平織りカーボンはこちら<br />ステム：スーパーロング / ステーカラー：シルバー / ヘッド素材：平織りカーボンはこちら<br />ステム：エルボ ショート / ステーカラー：シルバー / ヘッド素材：平織りカーボンはこちら<br />ステム：エルボ ロング / ステーカラー：シルバー / ヘッド素材：平織りカーボンはこちら<br />ステム：エルボ スーパーロング / ステーカラー：シルバー / ヘッド素材：平織りカーボンはこちら<br />ステム：ショート / ステーカラー：シルバー / ヘッド素材：綾織りカーボンはこちら<br />ステム：ロング / ステーカラー：シルバー / ヘッド素材：綾織りカーボンはこちら<br />ステム：スーパーロング / ステーカラー：シルバー / ヘッド素材：綾織りカーボンはこちら<br />ステム：エルボ ショート / ステーカラー：シルバー / ヘッド素材：綾織りカーボンはこちら<br />ステム：エルボ ロング / ステーカラー：シルバー / ヘッド素材：綾織りカーボンはこちら<br />ステム：エルボ スーパーロング / ステーカラー：シルバー / ヘッド素材：綾織りカーボンはこちら<br />ステム：ショート / ステーカラー：シルバー / ヘッド素材：Gシルバーはこちら<br />ステム：ロング / ステーカラー：シルバー / ヘッド素材：Gシルバーはこちら<br />ステム：スーパーロング / ステーカラー：シルバー / ヘッド素材：Gシルバーはこちら<br />ステム：エルボ ショート / ステーカラー：シルバー / ヘッド素材：Gシルバーはこちら<br />ステム：エルボ ロング / ステーカラー：シルバー / ヘッド素材：Gシルバーはこちら<br />ステム：エルボ スーパーロング / ステーカラー：シルバー / ヘッド素材：Gシルバーはこちら<br />ステム：エルボ スーパーロング / ステーカラー：ブラック / ヘッド素材：Gシルバーはこちら<br />ステム：エルボ ロング / ステーカラー：ブラック / ヘッド素材：Gシルバーはこちら<br />ステム：エルボ ショート / ステーカラー：ブラック / ヘッド素材：Gシルバーはこちら<br />ステム：スーパーロング / ステーカラー：ブラック / ヘッド素材：Gシルバーはこちら<br />ステム：ロング / ステーカラー：ブラック / ヘッド素材：Gシルバーはこちら<br />ステム：ショート / ステーカラー：ブラック / ヘッド素材：Gシルバーはこちら<br />ステム：エルボ スーパーロング / ステーカラー：ブラック / ヘッド素材：綾織りカーボンはこちら<br />ステム：エルボ ロング / ステーカラー：ブラック / ヘッド素材：綾織りカーボンはこちら<br />ステム：エルボ ショート / ステーカラー：ブラック / ヘッド素材：綾織りカーボンはこちら<br />ステム：スーパーロング / ステーカラー：ブラック / ヘッド素材：綾織りカーボンはこちら<br />ステム：ロング / ステーカラー：ブラック / ヘッド素材：綾織りカーボンはこちら<br />ステム：ショート / ステーカラー：ブラック / ヘッド素材：綾織りカーボンはこちら<br />ステム：エルボ スーパーロング / ステーカラー：ブラック / ヘッド素材：平織りカーボンはこちら<br />ステム：エルボ ロング / ステーカラー：ブラック / ヘッド素材：平織りカーボンはこちら<br />ステム：エルボ ショート / ステーカラー：ブラック / ヘッド素材：平織りカーボンはこちら<br />ステム：スーパーロング / ステーカラー：ブラック / ヘッド素材：平織りカーボンはこちら<br />ステム：ロング / ステーカラー：ブラック / ヘッド素材：平織りカーボンはこちら<br /><br />※リンク先に商品がない場合、すでに完売している商品となります。予めご了承ください。<br /><br />■商品番号<br>A01-CARK-C1000<br><br>■商品概要<br>左右セット<br>ミラータイプ：TYPE2<br>フィッティングプレート：Cタイプ（取付ピッチ：50-61mm）<br><br>ステーカラー：ブラック ヘッド素材：平織りカーボン ステム：ショート<br><br><br>他のミラータイプはこちら<br>レーサーレプリカミラー用補修部品はこちら<br><br>■適合車種<br>▼BMW<br>F650GD 01-<br>F650GS 00-<br>K1200RS 02-<br><br>▼HONDA<br>CBR1100XX 97-02<br><br>▼KAWASAKI<br>GPZ900R 90-02<br>ZRX1200S 01-02<br><br>▼YAMAHA<br>T-MAX 01-02<br><br>▼その他<br> 汎用<br><br>■詳細説明<br><br>3種類のマウントピッチの異なる、フィッティング・プレートを採用し、27ミリから60ミリまでの取付ピッチのレーサーレプリカ車などカウリングにマウントするほとんどの車種に取り付けることが可能です。<br>軽量、コンパクトなボディは、マシン本来の流麗なスタイリングを引き立てるだけでなく、高品位機能ガラス、カーボンボディ、アルミ削り出しフィッティングは、機能的かつ視覚的にもライダーのコックピット感覚を高めます。<br>・ヘッド<br>「ヘッド」とはレーサーレプリカミラーの本体部分のことを指し,Magical Racing マジカルレーシング ミラー類 レーサーレプリカミラー TYPE-2 ステーカラー：ブラック ステム：ショート ヘッド素材：平織りカーボン：ウェビック　楽天市場店,バイクカスタム改造ドレスアップヘルメットマフラーカウルオートバイ二輪車大型バイク中型バイクバイク用品パーツミラーツーリングジャケットタイヤ原付サーキットオフロードMagical Racing マジカルレーシング ミラー類 レーサーレプリカミラー TYPE-2 ステーカラー：ブラック ステム：ショート ヘッド素材：平織りカーボン,マジカルレーシング ミラー類 レーサーレプリカミラー TYPE-2。Magical Racing マジカルレーシング ミラー類 レーサーレプリカミラー TYPE-2 ステーカラー：ブラック ステム：ショート ヘッド素材：平織りカーボン[rn]
18-31178,http://tshop.r10s.jp/webike-rb/cabinet/new0026/speal014_bk_01.jpg?fitin=700:700,29289.6000,,車用品・バイク用品 > バイク用品 > ミラー > スクエアタイプ > その他,LighTech ライテック ミラー類 アルミニウム ミラー 左右セット (ネイキッドバイク用) SPEAL014シリーズ アダプター無し カラー：ブラックアルマイト ネジピッチ：M10×1.25,【送料無料】LighTech ライテック ミラー類 .,ネジピッチ：M10×1.25 / アダプター無し / カラー：ホワイトはこちら<br />ネジピッチ：M10×1.25 / ミラー アダプター (M10×1.25→M10／右＋左) / カラー：ホワイトはこちら<br />ネジピッチ：M10×1.25 / ミラー アダプター (M10×1.25→M8／右＋左) / カラー：ホワイトはこちら<br />ネジピッチ：M10×1.25 / ミラー アダプター BMW用 (M10×1.5→M8／右＋左) / カラー：ホワイトはこちら<br />ネジピッチ：M10×1.25 / ミラー アダプター (M10×1.25→M10／右＋左) / カラー：ブラックアルマイトはこちら<br />ネジピッチ：M10×1.25 / ミラー アダプター (M10×1.25→M8／右＋左) / カラー：ブラックアルマイトはこちら<br />ネジピッチ：M10×1.25 / ミラー アダプター BMW用 (M10×1.5→M8／右＋左) / カラー：ブラックアルマイトはこちら<br />ネジピッチ：M10×1.25 / アダプター無し / カラー：レッドはこちら<br />ネジピッチ：M10×1.25 / ミラー アダプター (M10×1.25→M10／右＋左) / カラー：レッドはこちら<br />ネジピッチ：M10×1.25 / ミラー アダプター (M10×1.25→M8／右＋左) / カラー：レッドはこちら<br />ネジピッチ：M10×1.25 / ミラー アダプター BMW用 (M10×1.5→M8／右＋左) / カラー：レッドはこちら<br />ネジピッチ：M8×1.25 / アダプター無し / カラー：ホワイトはこちら<br />ネジピッチ：M8×1.25 / ミラー アダプター (M10×1.25→M10／右＋左) / カラー：ホワイトはこちら<br />ネジピッチ：M8×1.25 / ミラー アダプター (M10×1.25→M8／右＋左) / カラー：ホワイトはこちら<br />ネジピッチ：M8×1.25 / ミラー アダプター BMW用 (M10×1.5→M8／右＋左) / カラー：ホワイトはこちら<br />ネジピッチ：M8×1.25 / アダプター無し / カラー：ブラックアルマイトはこちら<br />ネジピッチ：M8×1.25 / ミラー アダプター (M10×1.25→M10／右＋左) / カラー：ブラックアルマイトはこちら<br />ネジピッチ：M8×1.25 / ミラー アダプター (M10×1.25→M8／右＋左) / カラー：ブラックアルマイトはこちら<br />ネジピッチ：M8×1.25 / ミラー アダプター BMW用 (M10×1.5→M8／右＋左) / カラー：ブラックアルマイトはこちら<br />ネジピッチ：M8×1.25 / アダプター無し / カラー：レッドはこちら<br />ネジピッチ：M8×1.25 / ミラー アダプター (M10×1.25→M10／右＋左) / カラー：レッドはこちら<br />ネジピッチ：M8×1.25 / ミラー アダプター (M10×1.25→M8／右＋左) / カラー：レッドはこちら<br />ネジピッチ：M8×1.25 / ミラー アダプター BMW用 (M10×1.5→M8／右＋左) / カラー：レッドはこちら<br /><br />※リンク先に商品がない場合、すでに完売している商品となります。予めご了承ください。<br /><br />■商品番号<br>SPEAL014<br><br>■商品概要<br>左右セット<br>生産国：イタリア<br><br>カラー：ブラックアルマイト ネジピッチ：M10×1.25 アダプター無し<br><br>■詳細説明<br>LighTechアルミニウム ミラーは、ネイキッドバイク専用のハンドルマウントタイプのミラーです。<br>ミラーボディは、CNCマシンによる美しい形状の削り出しパーツで、その後、アルマイトとレーザー刻印加工を施しております。<br>その切削痕は、イタリア製品ならではの美しさを持ち合わせております。<br>また、ステムパートもCNCマシンにて削り出しされたアルミ合金材を採用しております。<br>ミラーアングルも細かく調整することが可能です。<br><br>■注意点<br>※画像には他のカラーリングも含まれています。,LighTech ライテック ミラー類 アルミニウム ミラー 左右セット (ネイキッドバイク用) SPEAL014シリーズ アダプター無し カラー：ブラックアルマイト ネジピッチ：M10&times;1.25：ウェビック　楽天市場店,バイクカスタム改造ドレスアップヘルメットマフラーカウルオートバイ二輪車大型バイク中型バイクバイク用品パーツミラーツーリングジャケットタイヤ原付サーキットオフロードLighTech ライテック ミラー類 アルミニウム ミラー 左右セット (ネイキッドバイク用) SPEAL014シリーズ アダプター無し カラー：ブラックアルマイト ネジピッチ：M10&times;1.25,【送料無料】LighTech ライテック ミラー類 .。LighTech ライテック ミラー類 アルミニウム ミラー 左右セット (ネイキッドバイク用) SPEAL014シリーズ アダプター無し カラー：ブラックアルマイト ネジピッチ：M10&times;1.25[rn]
18-31179,http://tshop.r10s.jp/webike-rb/cabinet/tnk0078/t2_zoom.jpg?fitin=700:700,32659.2000,,車用品・バイク用品 > バイク用品 > ミラー > スクエアタイプ > その他,Magical Racing マジカルレーシング ミラー類 レーサーレプリカミラー TYPE-2 ステーカラー：シルバー ステム：エルボ ショート ヘッド素材：Gシルバー,マジカルレーシング ミラー類 レーサーレプリカミラー TYPE-2,ステム：ショート / ステーカラー：シルバー / ヘッド素材：平織りカーボンはこちら<br />ステム：ロング / ステーカラー：シルバー / ヘッド素材：平織りカーボンはこちら<br />ステム：スーパーロング / ステーカラー：シルバー / ヘッド素材：平織りカーボンはこちら<br />ステム：エルボ ショート / ステーカラー：シルバー / ヘッド素材：平織りカーボンはこちら<br />ステム：エルボ ロング / ステーカラー：シルバー / ヘッド素材：平織りカーボンはこちら<br />ステム：エルボ スーパーロング / ステーカラー：シルバー / ヘッド素材：平織りカーボンはこちら<br />ステム：ショート / ステーカラー：シルバー / ヘッド素材：綾織りカーボンはこちら<br />ステム：ロング / ステーカラー：シルバー / ヘッド素材：綾織りカーボンはこちら<br />ステム：スーパーロング / ステーカラー：シルバー / ヘッド素材：綾織りカーボンはこちら<br />ステム：エルボ ショート / ステーカラー：シルバー / ヘッド素材：綾織りカーボンはこちら<br />ステム：エルボ ロング / ステーカラー：シルバー / ヘッド素材：綾織りカーボンはこちら<br />ステム：エルボ スーパーロング / ステーカラー：シルバー / ヘッド素材：綾織りカーボンはこちら<br />ステム：ショート / ステーカラー：シルバー / ヘッド素材：Gシルバーはこちら<br />ステム：ロング / ステーカラー：シルバー / ヘッド素材：Gシルバーはこちら<br />ステム：スーパーロング / ステーカラー：シルバー / ヘッド素材：Gシルバーはこちら<br />ステム：エルボ ロング / ステーカラー：シルバー / ヘッド素材：Gシルバーはこちら<br />ステム：エルボ スーパーロング / ステーカラー：シルバー / ヘッド素材：Gシルバーはこちら<br />ステム：エルボ スーパーロング / ステーカラー：ブラック / ヘッド素材：Gシルバーはこちら<br />ステム：エルボ ロング / ステーカラー：ブラック / ヘッド素材：Gシルバーはこちら<br />ステム：エルボ ショート / ステーカラー：ブラック / ヘッド素材：Gシルバーはこちら<br />ステム：スーパーロング / ステーカラー：ブラック / ヘッド素材：Gシルバーはこちら<br />ステム：ロング / ステーカラー：ブラック / ヘッド素材：Gシルバーはこちら<br />ステム：ショート / ステーカラー：ブラック / ヘッド素材：Gシルバーはこちら<br />ステム：エルボ スーパーロング / ステーカラー：ブラック / ヘッド素材：綾織りカーボンはこちら<br />ステム：エルボ ロング / ステーカラー：ブラック / ヘッド素材：綾織りカーボンはこちら<br />ステム：エルボ ショート / ステーカラー：ブラック / ヘッド素材：綾織りカーボンはこちら<br />ステム：スーパーロング / ステーカラー：ブラック / ヘッド素材：綾織りカーボンはこちら<br />ステム：ロング / ステーカラー：ブラック / ヘッド素材：綾織りカーボンはこちら<br />ステム：ショート / ステーカラー：ブラック / ヘッド素材：綾織りカーボンはこちら<br />ステム：エルボ スーパーロング / ステーカラー：ブラック / ヘッド素材：平織りカーボンはこちら<br />ステム：エルボ ロング / ステーカラー：ブラック / ヘッド素材：平織りカーボンはこちら<br />ステム：エルボ ショート / ステーカラー：ブラック / ヘッド素材：平織りカーボンはこちら<br />ステム：スーパーロング / ステーカラー：ブラック / ヘッド素材：平織りカーボンはこちら<br />ステム：ロング / ステーカラー：ブラック / ヘッド素材：平織りカーボンはこちら<br />ステム：ショート / ステーカラー：ブラック / ヘッド素材：平織りカーボンはこちら<br /><br />※リンク先に商品がない場合、すでに完売している商品となります。予めご了承ください。<br /><br />■商品番号<br>A01-GSRS-B1010<br><br>■商品概要<br>左右セット<br>ミラータイプ：TYPE2<br>フィッティングプレート：Bタイプ（取付ピッチ：40-51mm）<br><br>ステーカラー：シルバー ヘッド素材：Gシルバー ステム：エルボ ショート<br><br><br>他のミラータイプはこちら<br>レーサーレプリカミラー用補修部品はこちら<br><br>■適合車種<br>▼BMW<br>R1100GS 94-98<br>R1100R 94-00<br>R1100RS 92-00<br><br>▼HONDA<br>CBR1000RR FIRE BLADE [ファイアブレード] 08-<br>CBR600 F3 95-98 <br>CBR900RR FIRE BLADE [ファイアブレード] 94-97<br>VFR400 98-01<br><br>▼KAWASAKI<br>ZX-12R 00-01<br>ZX-12R 02-<br>ZZR1400 06-<br><br>▼SUZUKI<br>GS1200SS 01-02<br>GSX-R1000 01-02<br>GSX-R600 01-02<br>GSX-R750 01-02<br>GSX1300R HAYABUSA [ハヤブサ] 08-<br>GSX1300R HAYABUSA [ハヤブサ] 99-07<br>RG400   <br>RG500   <br><br>▼YAMAHA<br>FZ1F,Magical Racing マジカルレーシング ミラー類 レーサーレプリカミラー TYPE-2 ステーカラー：シルバー ステム：エルボ ショート ヘッド素材：Gシルバー：ウェビック　楽天市場店,バイクカスタム改造ドレスアップヘルメットマフラーカウルオートバイ二輪車大型バイク中型バイクバイク用品パーツミラーツーリングジャケットタイヤ原付サーキットオフロードMagical Racing マジカルレーシング ミラー類 レーサーレプリカミラー TYPE-2 ステーカラー：シルバー ステム：エルボ ショート ヘッド素材：Gシルバー,マジカルレーシング ミラー類 レーサーレプリカミラー TYPE-2。Magical Racing マジカルレーシング ミラー類 レーサーレプリカミラー TYPE-2 ステーカラー：シルバー ステム：エルボ ショート ヘッド素材：Gシルバー[rn]
18-31180,http://tshop.r10s.jp/webike-rb/cabinet/new0026/speal014_bk_01.jpg?fitin=700:700,31190.4000,,車用品・バイク用品 > バイク用品 > ミラー > スクエアタイプ > その他,LighTech ライテック ミラー類 アルミニウム ミラー 左右セット (ネイキッドバイク用) SPEAL014シリーズ カラー：ブラックアルマイト ネジピッチ：M10×1.25 ミラー アダプター (M10×1.25→M10／右＋左),【送料無料】LighTech ライテック ミラー類 .,ネジピッチ：M10×1.25 / アダプター無し / カラー：ホワイトはこちら<br />ネジピッチ：M10×1.25 / ミラー アダプター (M10×1.25→M10／右＋左) / カラー：ホワイトはこちら<br />ネジピッチ：M10×1.25 / ミラー アダプター (M10×1.25→M8／右＋左) / カラー：ホワイトはこちら<br />ネジピッチ：M10×1.25 / ミラー アダプター BMW用 (M10×1.5→M8／右＋左) / カラー：ホワイトはこちら<br />ネジピッチ：M10×1.25 / アダプター無し / カラー：ブラックアルマイトはこちら<br />ネジピッチ：M10×1.25 / ミラー アダプター (M10×1.25→M8／右＋左) / カラー：ブラックアルマイトはこちら<br />ネジピッチ：M10×1.25 / ミラー アダプター BMW用 (M10×1.5→M8／右＋左) / カラー：ブラックアルマイトはこちら<br />ネジピッチ：M10×1.25 / アダプター無し / カラー：レッドはこちら<br />ネジピッチ：M10×1.25 / ミラー アダプター (M10×1.25→M10／右＋左) / カラー：レッドはこちら<br />ネジピッチ：M10×1.25 / ミラー アダプター (M10×1.25→M8／右＋左) / カラー：レッドはこちら<br />ネジピッチ：M10×1.25 / ミラー アダプター BMW用 (M10×1.5→M8／右＋左) / カラー：レッドはこちら<br />ネジピッチ：M8×1.25 / アダプター無し / カラー：ホワイトはこちら<br />ネジピッチ：M8×1.25 / ミラー アダプター (M10×1.25→M10／右＋左) / カラー：ホワイトはこちら<br />ネジピッチ：M8×1.25 / ミラー アダプター (M10×1.25→M8／右＋左) / カラー：ホワイトはこちら<br />ネジピッチ：M8×1.25 / ミラー アダプター BMW用 (M10×1.5→M8／右＋左) / カラー：ホワイトはこちら<br />ネジピッチ：M8×1.25 / アダプター無し / カラー：ブラックアルマイトはこちら<br />ネジピッチ：M8×1.25 / ミラー アダプター (M10×1.25→M10／右＋左) / カラー：ブラックアルマイトはこちら<br />ネジピッチ：M8×1.25 / ミラー アダプター (M10×1.25→M8／右＋左) / カラー：ブラックアルマイトはこちら<br />ネジピッチ：M8×1.25 / ミラー アダプター BMW用 (M10×1.5→M8／右＋左) / カラー：ブラックアルマイトはこちら<br />ネジピッチ：M8×1.25 / アダプター無し / カラー：レッドはこちら<br />ネジピッチ：M8×1.25 / ミラー アダプター (M10×1.25→M10／右＋左) / カラー：レッドはこちら<br />ネジピッチ：M8×1.25 / ミラー アダプター (M10×1.25→M8／右＋左) / カラー：レッドはこちら<br />ネジピッチ：M8×1.25 / ミラー アダプター BMW用 (M10×1.5→M8／右＋左) / カラー：レッドはこちら<br /><br />※リンク先に商品がない場合、すでに完売している商品となります。予めご了承ください。<br /><br />■商品番号<br>SPEAL014<br><br>■商品概要<br>左右セット<br>生産国：イタリア<br><br>ネジピッチ：M10×1.25 ミラー アダプター (M10×1.25→M10／右＋左) カラー：ブラックアルマイト<br><br>■詳細説明<br>LighTechアルミニウム ミラーは、ネイキッドバイク専用のハンドルマウントタイプのミラーです。<br>ミラーボディは、CNCマシンによる美しい形状の削り出しパーツで、その後、アルマイトとレーザー刻印加工を施しております。<br>その切削痕は、イタリア製品ならではの美しさを持ち合わせております。<br>また、ステムパートもCNCマシンにて削り出しされたアルミ合金材を採用しております。<br>ミラーアングルも細かく調整することが可能です。<br><br>■注意点<br>※画像には他のカラーリングも含まれています。,LighTech ライテック ミラー類 アルミニウム ミラー 左右セット (ネイキッドバイク用) SPEAL014シリーズ カラー：ブラックアルマイト ネジピッチ：M10&times;1.25 ミラー アダプター (M10&times;1.25&rarr;M10／右＋左)：ウェビック　楽天市場店,バイクカスタム改造ドレスアップヘルメットマフラーカウルオートバイ二輪車大型バイク中型バイクバイク用品パーツミラーツーリングジャケットタイヤ原付サーキットオフロードLighTech ライテック ミラー類 アルミニウム ミラー 左右セット (ネイキッドバイク用) SPEAL014シリーズ カラー：ブラックアルマイト ネジピッチ：M10&times;1.25 ミラー アダプター (M10&times;1.25&rarr;M10／右＋左),【送料無料】LighTech ライテック ミラー類 .。LighTech ライテック ミラー類 アルミニウム ミラー 左右セット (ネイキッドバイク用) SPEAL014シリーズ カラー：ブラックアルマイト ネジピッチ：M10&times;1.25 ミラー アダプター (M10&times;1.25&rarr;M10／右＋左)[rn]
18-31181,http://tshop.r10s.jp/webike-rb/cabinet/tnk0077/t5_zoom.jpg?fitin=700:700,25310.4000,,車用品・バイク用品 > バイク用品 > ミラー > スクエアタイプ > その他,Magical Racing マジカルレーシング ミラー類 レーサーレプリカミラー TYPE-5 ステーカラー：ブラック ステム：ロング ヘッド素材：平織りカーボン,マジカルレーシング ミラー類 レーサーレプリカミラー TYPE-5,ステム：ショート / ステーカラー：シルバー / ヘッド素材：平織りカーボンはこちら<br />ステム：ロング / ステーカラー：シルバー / ヘッド素材：平織りカーボンはこちら<br />ステム：スーパーロング / ステーカラー：シルバー / ヘッド素材：平織りカーボンはこちら<br />ステム：エルボ ショート / ステーカラー：シルバー / ヘッド素材：平織りカーボンはこちら<br />ステム：エルボ ロング / ステーカラー：シルバー / ヘッド素材：平織りカーボンはこちら<br />ステム：エルボ スーパーロング / ステーカラー：シルバー / ヘッド素材：平織りカーボンはこちら<br />ステム：ショート / ステーカラー：シルバー / ヘッド素材：綾織りカーボンはこちら<br />ステム：ロング / ステーカラー：シルバー / ヘッド素材：綾織りカーボンはこちら<br />ステム：スーパーロング / ステーカラー：シルバー / ヘッド素材：綾織りカーボンはこちら<br />ステム：エルボ ショート / ステーカラー：シルバー / ヘッド素材：綾織りカーボンはこちら<br />ステム：エルボ ロング / ステーカラー：シルバー / ヘッド素材：綾織りカーボンはこちら<br />ステム：エルボ スーパーロング / ステーカラー：シルバー / ヘッド素材：綾織りカーボンはこちら<br />ステム：ショート / ステーカラー：シルバー / ヘッド素材：Gシルバーはこちら<br />ステム：ロング / ステーカラー：シルバー / ヘッド素材：Gシルバーはこちら<br />ステム：スーパーロング / ステーカラー：シルバー / ヘッド素材：Gシルバーはこちら<br />ステム：エルボ ショート / ステーカラー：シルバー / ヘッド素材：Gシルバーはこちら<br />ステム：エルボ ロング / ステーカラー：シルバー / ヘッド素材：Gシルバーはこちら<br />ステム：エルボ スーパーロング / ステーカラー：シルバー / ヘッド素材：Gシルバーはこちら<br />ステム：エルボ スーパーロング / ステーカラー：ブラック / ヘッド素材：Gシルバーはこちら<br />ステム：エルボ ロング / ステーカラー：ブラック / ヘッド素材：Gシルバーはこちら<br />ステム：エルボ ショート / ステーカラー：ブラック / ヘッド素材：Gシルバーはこちら<br />ステム：スーパーロング / ステーカラー：ブラック / ヘッド素材：Gシルバーはこちら<br />ステム：ロング / ステーカラー：ブラック / ヘッド素材：Gシルバーはこちら<br />ステム：ショート / ステーカラー：ブラック / ヘッド素材：Gシルバーはこちら<br />ステム：エルボ スーパーロング / ステーカラー：ブラック / ヘッド素材：綾織りカーボンはこちら<br />ステム：エルボ ロング / ステーカラー：ブラック / ヘッド素材：綾織りカーボンはこちら<br />ステム：エルボ ショート / ステーカラー：ブラック / ヘッド素材：綾織りカーボンはこちら<br />ステム：スーパーロング / ステーカラー：ブラック / ヘッド素材：綾織りカーボンはこちら<br />ステム：ロング / ステーカラー：ブラック / ヘッド素材：綾織りカーボンはこちら<br />ステム：ショート / ステーカラー：ブラック / ヘッド素材：綾織りカーボンはこちら<br />ステム：エルボ スーパーロング / ステーカラー：ブラック / ヘッド素材：平織りカーボンはこちら<br />ステム：エルボ ロング / ステーカラー：ブラック / ヘッド素材：平織りカーボンはこちら<br />ステム：エルボ ショート / ステーカラー：ブラック / ヘッド素材：平織りカーボンはこちら<br />ステム：スーパーロング / ステーカラー：ブラック / ヘッド素材：平織りカーボンはこちら<br />ステム：ショート / ステーカラー：ブラック / ヘッド素材：平織りカーボンはこちら<br /><br />※リンク先に商品がない場合、すでに完売している商品となります。予めご了承ください。<br /><br />■商品番号<br>A01-CARK-C5001<br><br>■商品概要<br>左右セット<br>ミラータイプ：TYPE5<br>フィッティングプレート：Cタイプ（取付ピッチ：50-61mm）<br><br>ステム：ロング ステーカラー：ブラック ヘッド素材：平織りカーボン<br><br><br>他のミラータイプはこちら<br>レーサーレプリカミラー用補修部品はこちら<br><br>■適合車種<br>▼BMW<br>F650GD 01-<br>F650GS 00-<br>K1200RS 02-<br><br>▼HONDA<br>CBR1100XX 97-02<br><br>▼KAWASAKI<br>GPZ900R 90-02<br>ZRX1200S 01-02<br><br>▼YAMAHA<br>T-MAX 01-02<br><br>▼その他<br> 汎用<br><br>■詳細説明<br><br>3種類のマウントピッチの異なる、フィッティング・プレートを採用し、27ミリから60ミリまでの取付ピッチのレーサーレプリカ車などカウリングにマウントするほとんどの車種に取り付けることが可能です。<br>軽量、コンパクトなボディは、マシン本来の流麗なスタイリングを引き立てるだけでなく、高品位機能ガラス、カーボンボディ、アルミ削り出しフィッティングは、機能的かつ視覚的にもライダーのコックピット感覚を高めます。<br>・ヘッド<br>「ヘッド」とはレーサーレプリカミラーの本体部分のことを指し,Magical Racing マジカルレーシング ミラー類 レーサーレプリカミラー TYPE-5 ステーカラー：ブラック ステム：ロング ヘッド素材：平織りカーボン：ウェビック　楽天市場店,バイクカスタム改造ドレスアップヘルメットマフラーカウルオートバイ二輪車大型バイク中型バイクバイク用品パーツミラーツーリングジャケットタイヤ原付サーキットオフロードMagical Racing マジカルレーシング ミラー類 レーサーレプリカミラー TYPE-5 ステーカラー：ブラック ステム：ロング ヘッド素材：平織りカーボン,マジカルレーシング ミラー類 レーサーレプリカミラー TYPE-5。Magical Racing マジカルレーシング ミラー類 レーサーレプリカミラー TYPE-5 ステーカラー：ブラック ステム：ロング ヘッド素材：平織りカーボン[rn]
18-31182,http://tshop.r10s.jp/webike-rb/cabinet/new0026/speal014_bk_01.jpg?fitin=700:700,31190.4000,,車用品・バイク用品 > バイク用品 > ミラー > スクエアタイプ > その他,LighTech ライテック ミラー類 アルミニウム ミラー 左右セット (ネイキッドバイク用) SPEAL014シリーズ カラー：ブラックアルマイト ネジピッチ：M10×1.25 ミラー アダプター (M10×1.25→M8／右＋左),【送料無料】LighTech ライテック ミラー類 .,ネジピッチ：M10×1.25 / アダプター無し / カラー：ホワイトはこちら<br />ネジピッチ：M10×1.25 / ミラー アダプター (M10×1.25→M10／右＋左) / カラー：ホワイトはこちら<br />ネジピッチ：M10×1.25 / ミラー アダプター (M10×1.25→M8／右＋左) / カラー：ホワイトはこちら<br />ネジピッチ：M10×1.25 / ミラー アダプター BMW用 (M10×1.5→M8／右＋左) / カラー：ホワイトはこちら<br />ネジピッチ：M10×1.25 / アダプター無し / カラー：ブラックアルマイトはこちら<br />ネジピッチ：M10×1.25 / ミラー アダプター (M10×1.25→M10／右＋左) / カラー：ブラックアルマイトはこちら<br />ネジピッチ：M10×1.25 / ミラー アダプター BMW用 (M10×1.5→M8／右＋左) / カラー：ブラックアルマイトはこちら<br />ネジピッチ：M10×1.25 / アダプター無し / カラー：レッドはこちら<br />ネジピッチ：M10×1.25 / ミラー アダプター (M10×1.25→M10／右＋左) / カラー：レッドはこちら<br />ネジピッチ：M10×1.25 / ミラー アダプター (M10×1.25→M8／右＋左) / カラー：レッドはこちら<br />ネジピッチ：M10×1.25 / ミラー アダプター BMW用 (M10×1.5→M8／右＋左) / カラー：レッドはこちら<br />ネジピッチ：M8×1.25 / アダプター無し / カラー：ホワイトはこちら<br />ネジピッチ：M8×1.25 / ミラー アダプター (M10×1.25→M10／右＋左) / カラー：ホワイトはこちら<br />ネジピッチ：M8×1.25 / ミラー アダプター (M10×1.25→M8／右＋左) / カラー：ホワイトはこちら<br />ネジピッチ：M8×1.25 / ミラー アダプター BMW用 (M10×1.5→M8／右＋左) / カラー：ホワイトはこちら<br />ネジピッチ：M8×1.25 / アダプター無し / カラー：ブラックアルマイトはこちら<br />ネジピッチ：M8×1.25 / ミラー アダプター (M10×1.25→M10／右＋左) / カラー：ブラックアルマイトはこちら<br />ネジピッチ：M8×1.25 / ミラー アダプター (M10×1.25→M8／右＋左) / カラー：ブラックアルマイトはこちら<br />ネジピッチ：M8×1.25 / ミラー アダプター BMW用 (M10×1.5→M8／右＋左) / カラー：ブラックアルマイトはこちら<br />ネジピッチ：M8×1.25 / アダプター無し / カラー：レッドはこちら<br />ネジピッチ：M8×1.25 / ミラー アダプター (M10×1.25→M10／右＋左) / カラー：レッドはこちら<br />ネジピッチ：M8×1.25 / ミラー アダプター (M10×1.25→M8／右＋左) / カラー：レッドはこちら<br />ネジピッチ：M8×1.25 / ミラー アダプター BMW用 (M10×1.5→M8／右＋左) / カラー：レッドはこちら<br /><br />※リンク先に商品がない場合、すでに完売している商品となります。予めご了承ください。<br /><br />■商品番号<br>SPEAL014<br><br>■商品概要<br>左右セット<br>生産国：イタリア<br><br>ミラー アダプター (M10×1.25→M8／右＋左) カラー：ブラックアルマイト ネジピッチ：M10×1.25<br><br>■詳細説明<br>LighTechアルミニウム ミラーは、ネイキッドバイク専用のハンドルマウントタイプのミラーです。<br>ミラーボディは、CNCマシンによる美しい形状の削り出しパーツで、その後、アルマイトとレーザー刻印加工を施しております。<br>その切削痕は、イタリア製品ならではの美しさを持ち合わせております。<br>また、ステムパートもCNCマシンにて削り出しされたアルミ合金材を採用しております。<br>ミラーアングルも細かく調整することが可能です。<br><br>■注意点<br>※画像には他のカラーリングも含まれています。,LighTech ライテック ミラー類 アルミニウム ミラー 左右セット (ネイキッドバイク用) SPEAL014シリーズ カラー：ブラックアルマイト ネジピッチ：M10&times;1.25 ミラー アダプター (M10&times;1.25&rarr;M8／右＋左)：ウェビック　楽天市場店,バイクカスタム改造ドレスアップヘルメットマフラーカウルオートバイ二輪車大型バイク中型バイクバイク用品パーツミラーツーリングジャケットタイヤ原付サーキットオフロードLighTech ライテック ミラー類 アルミニウム ミラー 左右セット (ネイキッドバイク用) SPEAL014シリーズ カラー：ブラックアルマイト ネジピッチ：M10&times;1.25 ミラー アダプター (M10&times;1.25&rarr;M8／右＋左),【送料無料】LighTech ライテック ミラー類 .。LighTech ライテック ミラー類 アルミニウム ミラー 左右セット (ネイキッドバイク用) SPEAL014シリーズ カラー：ブラックアルマイト ネジピッチ：M10&times;1.25 ミラー アダプター (M10&times;1.25&rarr;M8／右＋左)[rn]
18-31183,http://tshop.r10s.jp/webike-rb/cabinet/new0026/speal014_bk_01.jpg?fitin=700:700,31190.4000,,車用品・バイク用品 > バイク用品 > ミラー > スクエアタイプ > その他,LighTech ライテック ミラー類 アルミニウム ミラー 左右セット (ネイキッドバイク用) SPEAL014シリーズ カラー：ブラックアルマイト ネジピッチ：M10×1.25 ミラー アダプター BMW用 (M10×1.5→M8／右＋左),【送料無料】LighTech ライテック ミラー類 .,ネジピッチ：M10×1.25 / アダプター無し / カラー：ホワイトはこちら<br />ネジピッチ：M10×1.25 / ミラー アダプター (M10×1.25→M10／右＋左) / カラー：ホワイトはこちら<br />ネジピッチ：M10×1.25 / ミラー アダプター (M10×1.25→M8／右＋左) / カラー：ホワイトはこちら<br />ネジピッチ：M10×1.25 / ミラー アダプター BMW用 (M10×1.5→M8／右＋左) / カラー：ホワイトはこちら<br />ネジピッチ：M10×1.25 / アダプター無し / カラー：ブラックアルマイトはこちら<br />ネジピッチ：M10×1.25 / ミラー アダプター (M10×1.25→M10／右＋左) / カラー：ブラックアルマイトはこちら<br />ネジピッチ：M10×1.25 / ミラー アダプター (M10×1.25→M8／右＋左) / カラー：ブラックアルマイトはこちら<br />ネジピッチ：M10×1.25 / アダプター無し / カラー：レッドはこちら<br />ネジピッチ：M10×1.25 / ミラー アダプター (M10×1.25→M10／右＋左) / カラー：レッドはこちら<br />ネジピッチ：M10×1.25 / ミラー アダプター (M10×1.25→M8／右＋左) / カラー：レッドはこちら<br />ネジピッチ：M10×1.25 / ミラー アダプター BMW用 (M10×1.5→M8／右＋左) / カラー：レッドはこちら<br />ネジピッチ：M8×1.25 / アダプター無し / カラー：ホワイトはこちら<br />ネジピッチ：M8×1.25 / ミラー アダプター (M10×1.25→M10／右＋左) / カラー：ホワイトはこちら<br />ネジピッチ：M8×1.25 / ミラー アダプター (M10×1.25→M8／右＋左) / カラー：ホワイトはこちら<br />ネジピッチ：M8×1.25 / ミラー アダプター BMW用 (M10×1.5→M8／右＋左) / カラー：ホワイトはこちら<br />ネジピッチ：M8×1.25 / アダプター無し / カラー：ブラックアルマイトはこちら<br />ネジピッチ：M8×1.25 / ミラー アダプター (M10×1.25→M10／右＋左) / カラー：ブラックアルマイトはこちら<br />ネジピッチ：M8×1.25 / ミラー アダプター (M10×1.25→M8／右＋左) / カラー：ブラックアルマイトはこちら<br />ネジピッチ：M8×1.25 / ミラー アダプター BMW用 (M10×1.5→M8／右＋左) / カラー：ブラックアルマイトはこちら<br />ネジピッチ：M8×1.25 / アダプター無し / カラー：レッドはこちら<br />ネジピッチ：M8×1.25 / ミラー アダプター (M10×1.25→M10／右＋左) / カラー：レッドはこちら<br />ネジピッチ：M8×1.25 / ミラー アダプター (M10×1.25→M8／右＋左) / カラー：レッドはこちら<br />ネジピッチ：M8×1.25 / ミラー アダプター BMW用 (M10×1.5→M8／右＋左) / カラー：レッドはこちら<br /><br />※リンク先に商品がない場合、すでに完売している商品となります。予めご了承ください。<br /><br />■商品番号<br>SPEAL014<br><br>■商品概要<br>左右セット<br>生産国：イタリア<br><br>カラー：ブラックアルマイト ネジピッチ：M10×1.25 ミラー アダプター BMW用 (M10×1.5→M8／右＋左)<br><br>■詳細説明<br>LighTechアルミニウム ミラーは、ネイキッドバイク専用のハンドルマウントタイプのミラーです。<br>ミラーボディは、CNCマシンによる美しい形状の削り出しパーツで、その後、アルマイトとレーザー刻印加工を施しております。<br>その切削痕は、イタリア製品ならではの美しさを持ち合わせております。<br>また、ステムパートもCNCマシンにて削り出しされたアルミ合金材を採用しております。<br>ミラーアングルも細かく調整することが可能です。<br><br>■注意点<br>※画像には他のカラーリングも含まれています。,LighTech ライテック ミラー類 アルミニウム ミラー 左右セット (ネイキッドバイク用) SPEAL014シリーズ カラー：ブラックアルマイト ネジピッチ：M10&times;1.25 ミラー アダプター BMW用 (M10&times;1.5&rarr;M8／右＋左)：ウェビック　楽天市場店,バイクカスタム改造ドレスアップヘルメットマフラーカウルオートバイ二輪車大型バイク中型バイクバイク用品パーツミラーツーリングジャケットタイヤ原付サーキットオフロードLighTech ライテック ミラー類 アルミニウム ミラー 左右セット (ネイキッドバイク用) SPEAL014シリーズ カラー：ブラックアルマイト ネジピッチ：M10&times;1.25 ミラー アダプター BMW用 (M10&times;1.5&rarr;M8／右＋左),【送料無料】LighTech ライテック ミラー類 .。LighTech ライテック ミラー類 アルミニウム ミラー 左右セット (ネイキッドバイク用) SPEAL014シリーズ カラー：ブラックアルマイト ネジピッチ：M10&times;1.25 ミラー アダプター BMW用 (M10&times;1.5&rarr;M8／右＋左)[rn]
18-31184,http://tshop.r10s.jp/webike-rb/cabinet/img1578/21406416.jpg?fitin=700:700,27675.2000,,車用品・バイク用品 > バイク用品 > ミラー > スクエアタイプ > その他,【イベント開催中！】 A-TECH エーテック ミラー類 フルアジャスタブルカーボンミラーセット Type4 アルミシャフトセット シャフトエクステンションカラー：ゴールド 11- TIGER800/XC,A-TECH ミラー類 フルアジャスタブルカーボンミラーセット Type4,カーボンシャフトセット / シャフトエクステンションカラー：パープルはこちら<br />カーボンシャフトセット / シャフトエクステンションカラー：ライムグリーンはこちら<br />カーボンシャフトセット / シャフトエクステンションカラー：ブルーはこちら<br />カーボンシャフトセット / シャフトエクステンションカラー：ゴールドはこちら<br />カーボンシャフトセット / シャフトエクステンションカラー：レッドはこちら<br />カーボンシャフトセット / シャフトエクステンションカラー：ブラックはこちら<br />アルミシャフトセット / シャフトエクステンションカラー：パープルはこちら<br />アルミシャフトセット / シャフトエクステンションカラー：ライムグリーンはこちら<br />アルミシャフトセット / シャフトエクステンションカラー：ブルーはこちら<br />アルミシャフトセット / シャフトエクステンションカラー：レッドはこちら<br />アルミシャフトセット / シャフトエクステンションカラー：ブラックはこちら<br /><br />※リンク先に商品がない場合、すでに完売している商品となります。予めご了承ください。<br /><br />■商品番号<br>TR10000-T04<br><br>■商品概要<br>左右1台分<br>ミラータイプ：Type4<br><br><br>アルミシャフトセット シャフトエクステンションカラー：ゴールド<br><br>■適合車種<br>▼TRIUMPH<br>11- TIGER800/XC <br><br>■詳細説明<br>ミラーヘッド、シャフトLサイズ、ミラーベース、シャフトエクステンションの4点セットです。<br>,【イベント開催中！】 A-TECH エーテック ミラー類 フルアジャスタブルカーボンミラーセット Type4 アルミシャフトセット シャフトエクステンションカラー：ゴールド 11- TIGER800/XC：ウェビック　楽天市場店,バイクカスタム改造ドレスアップヘルメットマフラーカウルオートバイ二輪車大型バイク中型バイクバイク用品パーツミラーツーリングジャケットタイヤ原付サーキットオフロード【イベント開催中！】 A-TECH エーテック ミラー類 フルアジャスタブルカーボンミラーセット Type4 アルミシャフトセット シャフトエクステンションカラー：ゴールド 11- TIGER800/XC,A-TECH ミラー類 フルアジャスタブルカーボンミラーセット Type4。【イベント開催中！】 A-TECH エーテック ミラー類 フルアジャスタブルカーボンミラーセット Type4 アルミシャフトセット シャフトエクステンションカラー：ゴールド 11- TIGER800/XC[rn]
18-31185,http://tshop.r10s.jp/webike-rb/cabinet/new0026/speal014_rd_01.jpg?fitin=700:700,29289.6000,,車用品・バイク用品 > バイク用品 > ミラー > スクエアタイプ > その他,LighTech ライテック ミラー類 アルミニウム ミラー 左右セット (ネイキッドバイク用) SPEAL014シリーズ アダプター無し カラー：レッド ネジピッチ：M10×1.25,【送料無料】LighTech ライテック ミラー類 .,ネジピッチ：M10×1.25 / アダプター無し / カラー：ホワイトはこちら<br />ネジピッチ：M10×1.25 / ミラー アダプター (M10×1.25→M10／右＋左) / カラー：ホワイトはこちら<br />ネジピッチ：M10×1.25 / ミラー アダプター (M10×1.25→M8／右＋左) / カラー：ホワイトはこちら<br />ネジピッチ：M10×1.25 / ミラー アダプター BMW用 (M10×1.5→M8／右＋左) / カラー：ホワイトはこちら<br />ネジピッチ：M10×1.25 / アダプター無し / カラー：ブラックアルマイトはこちら<br />ネジピッチ：M10×1.25 / ミラー アダプター (M10×1.25→M10／右＋左) / カラー：ブラックアルマイトはこちら<br />ネジピッチ：M10×1.25 / ミラー アダプター (M10×1.25→M8／右＋左) / カラー：ブラックアルマイトはこちら<br />ネジピッチ：M10×1.25 / ミラー アダプター BMW用 (M10×1.5→M8／右＋左) / カラー：ブラックアルマイトはこちら<br />ネジピッチ：M10×1.25 / ミラー アダプター (M10×1.25→M10／右＋左) / カラー：レッドはこちら<br />ネジピッチ：M10×1.25 / ミラー アダプター (M10×1.25→M8／右＋左) / カラー：レッドはこちら<br />ネジピッチ：M10×1.25 / ミラー アダプター BMW用 (M10×1.5→M8／右＋左) / カラー：レッドはこちら<br />ネジピッチ：M8×1.25 / アダプター無し / カラー：ホワイトはこちら<br />ネジピッチ：M8×1.25 / ミラー アダプター (M10×1.25→M10／右＋左) / カラー：ホワイトはこちら<br />ネジピッチ：M8×1.25 / ミラー アダプター (M10×1.25→M8／右＋左) / カラー：ホワイトはこちら<br />ネジピッチ：M8×1.25 / ミラー アダプター BMW用 (M10×1.5→M8／右＋左) / カラー：ホワイトはこちら<br />ネジピッチ：M8×1.25 / アダプター無し / カラー：ブラックアルマイトはこちら<br />ネジピッチ：M8×1.25 / ミラー アダプター (M10×1.25→M10／右＋左) / カラー：ブラックアルマイトはこちら<br />ネジピッチ：M8×1.25 / ミラー アダプター (M10×1.25→M8／右＋左) / カラー：ブラックアルマイトはこちら<br />ネジピッチ：M8×1.25 / ミラー アダプター BMW用 (M10×1.5→M8／右＋左) / カラー：ブラックアルマイトはこちら<br />ネジピッチ：M8×1.25 / アダプター無し / カラー：レッドはこちら<br />ネジピッチ：M8×1.25 / ミラー アダプター (M10×1.25→M10／右＋左) / カラー：レッドはこちら<br />ネジピッチ：M8×1.25 / ミラー アダプター (M10×1.25→M8／右＋左) / カラー：レッドはこちら<br />ネジピッチ：M8×1.25 / ミラー アダプター BMW用 (M10×1.5→M8／右＋左) / カラー：レッドはこちら<br /><br />※リンク先に商品がない場合、すでに完売している商品となります。予めご了承ください。<br /><br />■商品番号<br>SPEAL014<br><br>■商品概要<br>左右セット<br>生産国：イタリア<br><br>ネジピッチ：M10×1.25 アダプター無し カラー：レッド<br><br>■詳細説明<br>LighTechアルミニウム ミラーは、ネイキッドバイク専用のハンドルマウントタイプのミラーです。<br>ミラーボディは、CNCマシンによる美しい形状の削り出しパーツで、その後、アルマイトとレーザー刻印加工を施しております。<br>その切削痕は、イタリア製品ならではの美しさを持ち合わせております。<br>また、ステムパートもCNCマシンにて削り出しされたアルミ合金材を採用しております。<br>ミラーアングルも細かく調整することが可能です。<br><br>■注意点<br>※画像には他のカラーリングも含まれています。,LighTech ライテック ミラー類 アルミニウム ミラー 左右セット (ネイキッドバイク用) SPEAL014シリーズ アダプター無し カラー：レッド ネジピッチ：M10&times;1.25：ウェビック　楽天市場店,バイクカスタム改造ドレスアップヘルメットマフラーカウルオートバイ二輪車大型バイク中型バイクバイク用品パーツミラーツーリングジャケットタイヤ原付サーキットオフロードLighTech ライテック ミラー類 アルミニウム ミラー 左右セット (ネイキッドバイク用) SPEAL014シリーズ アダプター無し カラー：レッド ネジピッチ：M10&times;1.25,【送料無料】LighTech ライテック ミラー類 .。LighTech ライテック ミラー類 アルミニウム ミラー 左右セット (ネイキッドバイク用) SPEAL014シリーズ アダプター無し カラー：レッド ネジピッチ：M10&times;1.25[rn]
18-31186,http://tshop.r10s.jp/webike-rb/cabinet/tnk0078/t1_zoom.jpg?fitin=700:700,25310.4000,,車用品・バイク用品 > バイク用品 > ミラー > スクエアタイプ > その他,Magical Racing マジカルレーシング ミラー類 レーサーレプリカミラー TYPE-1 ステーカラー：シルバー ステム：ショート ヘッド素材：平織りカーボン,マジカルレーシング ミラー類 レーサーレプリカミラー TYPE-1,ステム：ショート / ステーカラー：シルバー / ヘッド素材：Gシルバーはこちら<br />ステム：ロング / ステーカラー：シルバー / ヘッド素材：Gシルバーはこちら<br />ステム：スーパーロング / ステーカラー：シルバー / ヘッド素材：Gシルバーはこちら<br />ステム：エルボ ショート / ステーカラー：シルバー / ヘッド素材：Gシルバーはこちら<br />ステム：エルボ ロング / ステーカラー：シルバー / ヘッド素材：Gシルバーはこちら<br />ステム：エルボ スーパーロング / ステーカラー：シルバー / ヘッド素材：Gシルバーはこちら<br />ステム：ショート / ステーカラー：シルバー / ヘッド素材：綾織りカーボンはこちら<br />ステム：ロング / ステーカラー：シルバー / ヘッド素材：綾織りカーボンはこちら<br />ステム：スーパーロング / ステーカラー：シルバー / ヘッド素材：綾織りカーボンはこちら<br />ステム：エルボ ショート / ステーカラー：シルバー / ヘッド素材：綾織りカーボンはこちら<br />ステム：エルボ ロング / ステーカラー：シルバー / ヘッド素材：綾織りカーボンはこちら<br />ステム：エルボ スーパーロング / ステーカラー：シルバー / ヘッド素材：綾織りカーボンはこちら<br />ステム：エルボ スーパーロング / ステーカラー：シルバー / ヘッド素材：平織りカーボンはこちら<br />ステム：エルボ ロング / ステーカラー：シルバー / ヘッド素材：平織りカーボンはこちら<br />ステム：エルボ ショート / ステーカラー：シルバー / ヘッド素材：平織りカーボンはこちら<br />ステム：スーパーロング / ステーカラー：シルバー / ヘッド素材：平織りカーボンはこちら<br />ステム：ロング / ステーカラー：シルバー / ヘッド素材：平織りカーボンはこちら<br />ステム：エルボ スーパーロング / ステーカラー：ブラック / ヘッド素材：Gシルバーはこちら<br />ステム：エルボ ロング / ステーカラー：ブラック / ヘッド素材：Gシルバーはこちら<br />ステム：エルボ ショート / ステーカラー：ブラック / ヘッド素材：Gシルバーはこちら<br />ステム：スーパーロング / ステーカラー：ブラック / ヘッド素材：Gシルバーはこちら<br />ステム：ロング / ステーカラー：ブラック / ヘッド素材：Gシルバーはこちら<br />ステム：ショート / ステーカラー：ブラック / ヘッド素材：Gシルバーはこちら<br />ステム：エルボ スーパーロング / ステーカラー：ブラック / ヘッド素材：綾織りカーボンはこちら<br />ステム：エルボ ロング / ステーカラー：ブラック / ヘッド素材：綾織りカーボンはこちら<br />ステム：エルボ ショート / ステーカラー：ブラック / ヘッド素材：綾織りカーボンはこちら<br />ステム：スーパーロング / ステーカラー：ブラック / ヘッド素材：綾織りカーボンはこちら<br />ステム：ロング / ステーカラー：ブラック / ヘッド素材：綾織りカーボンはこちら<br />ステム：ショート / ステーカラー：ブラック / ヘッド素材：綾織りカーボンはこちら<br />ステム：エルボ スーパーロング / ステーカラー：ブラック / ヘッド素材：平織りカーボンはこちら<br />ステム：エルボ ロング / ステーカラー：ブラック / ヘッド素材：平織りカーボンはこちら<br />ステム：エルボ ショート / ステーカラー：ブラック / ヘッド素材：平織りカーボンはこちら<br />ステム：スーパーロング / ステーカラー：ブラック / ヘッド素材：平織りカーボンはこちら<br />ステム：ロング / ステーカラー：ブラック / ヘッド素材：平織りカーボンはこちら<br />ステム：ショート / ステーカラー：ブラック / ヘッド素材：平織りカーボンはこちら<br /><br />※リンク先に商品がない場合、すでに完売している商品となります。予めご了承ください。<br /><br />■商品番号<br>A01-CARS-B0000<br><br>■商品概要<br>左右セット<br>ミラータイプ：TYPE1<br>フィッティングプレート：Bタイプ（取付ピッチ：40-51mm）<br><br>ヘッド素材：平織りカーボン ステム：ショート ステーカラー：シルバー<br><br><br>他のミラータイプはこちら<br>レーサーレプリカミラー用補修部品はこちら<br><br>■適合車種<br>▼BMW<br>R1100GS 94-98<br>R1100R 94-00<br>R1100RS 92-00<br><br>▼HONDA<br>CBR1000RR FIRE BLADE [ファイアブレード] 08-<br>CBR600 F3 95-98 <br>CBR900RR FIRE BLADE [ファイアブレード] 94-97<br>VFR400 98-01<br><br>▼KAWASAKI<br>ZX-12R 00-01<br>ZX-12R 02-<br>ZZR1400 06-<br><br>▼SUZUKI<br>GS1200SS 01-02<br>GSX-R1000 01-02<br>GSX-R600 01-02<br>GSX-R750 01-02<br>GSX1300R HAYABUSA [ハヤブサ] 08-<br>GSX1300R HAYABUSA [ハヤブサ] 99-07<br>RG400   <br>RG500   <br><br>▼YAMAHA<br>FZ1F,Magical Racing マジカルレーシング ミラー類 レーサーレプリカミラー TYPE-1 ステーカラー：シルバー ステム：ショート ヘッド素材：平織りカーボン：ウェビック　楽天市場店,バイクカスタム改造ドレスアップヘルメットマフラーカウルオートバイ二輪車大型バイク中型バイクバイク用品パーツミラーツーリングジャケットタイヤ原付サーキットオフロードMagical Racing マジカルレーシング ミラー類 レーサーレプリカミラー TYPE-1 ステーカラー：シルバー ステム：ショート ヘッド素材：平織りカーボン,マジカルレーシング ミラー類 レーサーレプリカミラー TYPE-1。Magical Racing マジカルレーシング ミラー類 レーサーレプリカミラー TYPE-1 ステーカラー：シルバー ステム：ショート ヘッド素材：平織りカーボン[rn]
18-31187,http://tshop.r10s.jp/webike-rb/cabinet/new0026/speal014_rd_01.jpg?fitin=700:700,31190.4000,,車用品・バイク用品 > バイク用品 > ミラー > スクエアタイプ > その他,LighTech ライテック ミラー類 アルミニウム ミラー 左右セット (ネイキッドバイク用) SPEAL014シリーズ カラー：レッド ネジピッチ：M10×1.25 ミラー アダプター (M10×1.25→M10／右＋左),【送料無料】LighTech ライテック ミラー類 .,ネジピッチ：M10×1.25 / アダプター無し / カラー：ホワイトはこちら<br />ネジピッチ：M10×1.25 / ミラー アダプター (M10×1.25→M10／右＋左) / カラー：ホワイトはこちら<br />ネジピッチ：M10×1.25 / ミラー アダプター (M10×1.25→M8／右＋左) / カラー：ホワイトはこちら<br />ネジピッチ：M10×1.25 / ミラー アダプター BMW用 (M10×1.5→M8／右＋左) / カラー：ホワイトはこちら<br />ネジピッチ：M10×1.25 / アダプター無し / カラー：ブラックアルマイトはこちら<br />ネジピッチ：M10×1.25 / ミラー アダプター (M10×1.25→M10／右＋左) / カラー：ブラックアルマイトはこちら<br />ネジピッチ：M10×1.25 / ミラー アダプター (M10×1.25→M8／右＋左) / カラー：ブラックアルマイトはこちら<br />ネジピッチ：M10×1.25 / ミラー アダプター BMW用 (M10×1.5→M8／右＋左) / カラー：ブラックアルマイトはこちら<br />ネジピッチ：M10×1.25 / アダプター無し / カラー：レッドはこちら<br />ネジピッチ：M10×1.25 / ミラー アダプター (M10×1.25→M8／右＋左) / カラー：レッドはこちら<br />ネジピッチ：M10×1.25 / ミラー アダプター BMW用 (M10×1.5→M8／右＋左) / カラー：レッドはこちら<br />ネジピッチ：M8×1.25 / アダプター無し / カラー：ホワイトはこちら<br />ネジピッチ：M8×1.25 / ミラー アダプター (M10×1.25→M10／右＋左) / カラー：ホワイトはこちら<br />ネジピッチ：M8×1.25 / ミラー アダプター (M10×1.25→M8／右＋左) / カラー：ホワイトはこちら<br />ネジピッチ：M8×1.25 / ミラー アダプター BMW用 (M10×1.5→M8／右＋左) / カラー：ホワイトはこちら<br />ネジピッチ：M8×1.25 / アダプター無し / カラー：ブラックアルマイトはこちら<br />ネジピッチ：M8×1.25 / ミラー アダプター (M10×1.25→M10／右＋左) / カラー：ブラックアルマイトはこちら<br />ネジピッチ：M8×1.25 / ミラー アダプター (M10×1.25→M8／右＋左) / カラー：ブラックアルマイトはこちら<br />ネジピッチ：M8×1.25 / ミラー アダプター BMW用 (M10×1.5→M8／右＋左) / カラー：ブラックアルマイトはこちら<br />ネジピッチ：M8×1.25 / アダプター無し / カラー：レッドはこちら<br />ネジピッチ：M8×1.25 / ミラー アダプター (M10×1.25→M10／右＋左) / カラー：レッドはこちら<br />ネジピッチ：M8×1.25 / ミラー アダプター (M10×1.25→M8／右＋左) / カラー：レッドはこちら<br />ネジピッチ：M8×1.25 / ミラー アダプター BMW用 (M10×1.5→M8／右＋左) / カラー：レッドはこちら<br /><br />※リンク先に商品がない場合、すでに完売している商品となります。予めご了承ください。<br /><br />■商品番号<br>SPEAL014<br><br>■商品概要<br>左右セット<br>生産国：イタリア<br><br>ミラー アダプター (M10×1.25→M10／右＋左) カラー：レッド ネジピッチ：M10×1.25<br><br>■詳細説明<br>LighTechアルミニウム ミラーは、ネイキッドバイク専用のハンドルマウントタイプのミラーです。<br>ミラーボディは、CNCマシンによる美しい形状の削り出しパーツで、その後、アルマイトとレーザー刻印加工を施しております。<br>その切削痕は、イタリア製品ならではの美しさを持ち合わせております。<br>また、ステムパートもCNCマシンにて削り出しされたアルミ合金材を採用しております。<br>ミラーアングルも細かく調整することが可能です。<br><br>■注意点<br>※画像には他のカラーリングも含まれています。,LighTech ライテック ミラー類 アルミニウム ミラー 左右セット (ネイキッドバイク用) SPEAL014シリーズ カラー：レッド ネジピッチ：M10&times;1.25 ミラー アダプター (M10&times;1.25&rarr;M10／右＋左)：ウェビック　楽天市場店,バイクカスタム改造ドレスアップヘルメットマフラーカウルオートバイ二輪車大型バイク中型バイクバイク用品パーツミラーツーリングジャケットタイヤ原付サーキットオフロードLighTech ライテック ミラー類 アルミニウム ミラー 左右セット (ネイキッドバイク用) SPEAL014シリーズ カラー：レッド ネジピッチ：M10&times;1.25 ミラー アダプター (M10&times;1.25&rarr;M10／右＋左),【送料無料】LighTech ライテック ミラー類 .。LighTech ライテック ミラー類 アルミニウム ミラー 左右セット (ネイキッドバイク用) SPEAL014シリーズ カラー：レッド ネジピッチ：M10&times;1.25 ミラー アダプター (M10&times;1.25&rarr;M10／右＋左)[rn]
18-31188,http://tshop.r10s.jp/webike-rb/cabinet/tnk0077/t3_zoom.jpg?fitin=700:700,33475.2000,,車用品・バイク用品 > バイク用品 > ミラー > スクエアタイプ > その他,Magical Racing マジカルレーシング ミラー類 レーサーレプリカミラー TYPE-3 ステーカラー：ブラック ステム：エルボ スーパーロング ヘッド素材：綾織りカーボン,マジカルレーシング ミラー類 レーサーレプリカミラー TYPE-3,ステム：ショート / ステーカラー：シルバー / ヘッド素材：平織りカーボンはこちら<br />ステム：ロング / ステーカラー：シルバー / ヘッド素材：平織りカーボンはこちら<br />ステム：スーパーロング / ステーカラー：シルバー / ヘッド素材：平織りカーボンはこちら<br />ステム：エルボ ショート / ステーカラー：シルバー / ヘッド素材：平織りカーボンはこちら<br />ステム：エルボ ロング / ステーカラー：シルバー / ヘッド素材：平織りカーボンはこちら<br />ステム：エルボ スーパーロング / ステーカラー：シルバー / ヘッド素材：平織りカーボンはこちら<br />ステム：ショート / ステーカラー：シルバー / ヘッド素材：綾織りカーボンはこちら<br />ステム：ロング / ステーカラー：シルバー / ヘッド素材：綾織りカーボンはこちら<br />ステム：スーパーロング / ステーカラー：シルバー / ヘッド素材：綾織りカーボンはこちら<br />ステム：エルボ ショート / ステーカラー：シルバー / ヘッド素材：綾織りカーボンはこちら<br />ステム：エルボ ロング / ステーカラー：シルバー / ヘッド素材：綾織りカーボンはこちら<br />ステム：エルボ スーパーロング / ステーカラー：シルバー / ヘッド素材：綾織りカーボンはこちら<br />ステム：ショート / ステーカラー：シルバー / ヘッド素材：Gシルバーはこちら<br />ステム：ロング / ステーカラー：シルバー / ヘッド素材：Gシルバーはこちら<br />ステム：スーパーロング / ステーカラー：シルバー / ヘッド素材：Gシルバーはこちら<br />ステム：エルボ ショート / ステーカラー：シルバー / ヘッド素材：Gシルバーはこちら<br />ステム：エルボ ロング / ステーカラー：シルバー / ヘッド素材：Gシルバーはこちら<br />ステム：エルボ スーパーロング / ステーカラー：シルバー / ヘッド素材：Gシルバーはこちら<br />ステム：エルボ スーパーロング / ステーカラー：ブラック / ヘッド素材：Gシルバーはこちら<br />ステム：エルボ ロング / ステーカラー：ブラック / ヘッド素材：Gシルバーはこちら<br />ステム：エルボ ショート / ステーカラー：ブラック / ヘッド素材：Gシルバーはこちら<br />ステム：スーパーロング / ステーカラー：ブラック / ヘッド素材：Gシルバーはこちら<br />ステム：ロング / ステーカラー：ブラック / ヘッド素材：Gシルバーはこちら<br />ステム：ショート / ステーカラー：ブラック / ヘッド素材：Gシルバーはこちら<br />ステム：エルボ ロング / ステーカラー：ブラック / ヘッド素材：綾織りカーボンはこちら<br />ステム：エルボ ショート / ステーカラー：ブラック / ヘッド素材：綾織りカーボンはこちら<br />ステム：スーパーロング / ステーカラー：ブラック / ヘッド素材：綾織りカーボンはこちら<br />ステム：ロング / ステーカラー：ブラック / ヘッド素材：綾織りカーボンはこちら<br />ステム：ショート / ステーカラー：ブラック / ヘッド素材：綾織りカーボンはこちら<br />ステム：エルボ スーパーロング / ステーカラー：ブラック / ヘッド素材：平織りカーボンはこちら<br />ステム：エルボ ロング / ステーカラー：ブラック / ヘッド素材：平織りカーボンはこちら<br />ステム：エルボ ショート / ステーカラー：ブラック / ヘッド素材：平織りカーボンはこちら<br />ステム：スーパーロング / ステーカラー：ブラック / ヘッド素材：平織りカーボンはこちら<br />ステム：ロング / ステーカラー：ブラック / ヘッド素材：平織りカーボンはこちら<br />ステム：ショート / ステーカラー：ブラック / ヘッド素材：平織りカーボンはこちら<br /><br />※リンク先に商品がない場合、すでに完売している商品となります。予めご了承ください。<br /><br />■商品番号<br>A01-TWRK-B2012<br><br>■商品概要<br>左右セット<br>ミラータイプ：TYPE3<br>フィッティングプレート：Bタイプ（取付ピッチ：40-51mm）<br><br>ステム：エルボ スーパーロング ステーカラー：ブラック ヘッド素材：綾織りカーボン<br><br><br>他のミラータイプはこちら<br>レーサーレプリカミラー用補修部品はこちら<br><br>■適合車種<br>▼BMW<br>R1100GS 94-98<br>R1100R 94-00<br>R1100RS 92-00<br><br>▼HONDA<br>CBR1000RR FIRE BLADE [ファイアブレード] 08-<br>CBR600 F3 95-98 <br>CBR900RR FIRE BLADE [ファイアブレード] 94-97<br>VFR400 98-01<br><br>▼KAWASAKI<br>ZX-12R 00-01<br>ZX-12R 02-<br>ZZR1400 06-<br><br>▼SUZUKI<br>GS1200SS 01-02<br>GSX-R1000 01-02<br>GSX-R600 01-02<br>GSX-R750 01-02<br>GSX1300R HAYABUSA [ハヤブサ] 08-<br>GSX1300R HAYABUSA [ハヤブサ] 99-07<br>RG400   <br>RG500   <br><br>▼YAMAHA<br>FZ1F,Magical Racing マジカルレーシング ミラー類 レーサーレプリカミラー TYPE-3 ステーカラー：ブラック ステム：エルボ スーパーロング ヘッド素材：綾織りカーボン：ウェビック　楽天市場店,バイクカスタム改造ドレスアップヘルメットマフラーカウルオートバイ二輪車大型バイク中型バイクバイク用品パーツミラーツーリングジャケットタイヤ原付サーキットオフロードMagical Racing マジカルレーシング ミラー類 レーサーレプリカミラー TYPE-3 ステーカラー：ブラック ステム：エルボ スーパーロング ヘッド素材：綾織りカーボン,マジカルレーシング ミラー類 レーサーレプリカミラー TYPE-3。Magical Racing マジカルレーシング ミラー類 レーサーレプリカミラー TYPE-3 ステーカラー：ブラック ステム：エルボ スーパーロング ヘッド素材：綾織りカーボン[rn]
18-31189,http://tshop.r10s.jp/webike-rb/cabinet/new0026/speal014_rd_01.jpg?fitin=700:700,31190.4000,,車用品・バイク用品 > バイク用品 > ミラー > スクエアタイプ > その他,LighTech ライテック ミラー類 アルミニウム ミラー 左右セット (ネイキッドバイク用) SPEAL014シリーズ カラー：レッド ネジピッチ：M10×1.25 ミラー アダプター (M10×1.25→M8／右＋左),【送料無料】LighTech ライテック ミラー類 .,ネジピッチ：M10×1.25 / アダプター無し / カラー：ホワイトはこちら<br />ネジピッチ：M10×1.25 / ミラー アダプター (M10×1.25→M10／右＋左) / カラー：ホワイトはこちら<br />ネジピッチ：M10×1.25 / ミラー アダプター (M10×1.25→M8／右＋左) / カラー：ホワイトはこちら<br />ネジピッチ：M10×1.25 / ミラー アダプター BMW用 (M10×1.5→M8／右＋左) / カラー：ホワイトはこちら<br />ネジピッチ：M10×1.25 / アダプター無し / カラー：ブラックアルマイトはこちら<br />ネジピッチ：M10×1.25 / ミラー アダプター (M10×1.25→M10／右＋左) / カラー：ブラックアルマイトはこちら<br />ネジピッチ：M10×1.25 / ミラー アダプター (M10×1.25→M8／右＋左) / カラー：ブラックアルマイトはこちら<br />ネジピッチ：M10×1.25 / ミラー アダプター BMW用 (M10×1.5→M8／右＋左) / カラー：ブラックアルマイトはこちら<br />ネジピッチ：M10×1.25 / アダプター無し / カラー：レッドはこちら<br />ネジピッチ：M10×1.25 / ミラー アダプター (M10×1.25→M10／右＋左) / カラー：レッドはこちら<br />ネジピッチ：M10×1.25 / ミラー アダプター BMW用 (M10×1.5→M8／右＋左) / カラー：レッドはこちら<br />ネジピッチ：M8×1.25 / アダプター無し / カラー：ホワイトはこちら<br />ネジピッチ：M8×1.25 / ミラー アダプター (M10×1.25→M10／右＋左) / カラー：ホワイトはこちら<br />ネジピッチ：M8×1.25 / ミラー アダプター (M10×1.25→M8／右＋左) / カラー：ホワイトはこちら<br />ネジピッチ：M8×1.25 / ミラー アダプター BMW用 (M10×1.5→M8／右＋左) / カラー：ホワイトはこちら<br />ネジピッチ：M8×1.25 / アダプター無し / カラー：ブラックアルマイトはこちら<br />ネジピッチ：M8×1.25 / ミラー アダプター (M10×1.25→M10／右＋左) / カラー：ブラックアルマイトはこちら<br />ネジピッチ：M8×1.25 / ミラー アダプター (M10×1.25→M8／右＋左) / カラー：ブラックアルマイトはこちら<br />ネジピッチ：M8×1.25 / ミラー アダプター BMW用 (M10×1.5→M8／右＋左) / カラー：ブラックアルマイトはこちら<br />ネジピッチ：M8×1.25 / アダプター無し / カラー：レッドはこちら<br />ネジピッチ：M8×1.25 / ミラー アダプター (M10×1.25→M10／右＋左) / カラー：レッドはこちら<br />ネジピッチ：M8×1.25 / ミラー アダプター (M10×1.25→M8／右＋左) / カラー：レッドはこちら<br />ネジピッチ：M8×1.25 / ミラー アダプター BMW用 (M10×1.5→M8／右＋左) / カラー：レッドはこちら<br /><br />※リンク先に商品がない場合、すでに完売している商品となります。予めご了承ください。<br /><br />■商品番号<br>SPEAL014<br><br>■商品概要<br>左右セット<br>生産国：イタリア<br><br>カラー：レッド ネジピッチ：M10×1.25 ミラー アダプター (M10×1.25→M8／右＋左)<br><br>■詳細説明<br>LighTechアルミニウム ミラーは、ネイキッドバイク専用のハンドルマウントタイプのミラーです。<br>ミラーボディは、CNCマシンによる美しい形状の削り出しパーツで、その後、アルマイトとレーザー刻印加工を施しております。<br>その切削痕は、イタリア製品ならではの美しさを持ち合わせております。<br>また、ステムパートもCNCマシンにて削り出しされたアルミ合金材を採用しております。<br>ミラーアングルも細かく調整することが可能です。<br><br>■注意点<br>※画像には他のカラーリングも含まれています。,LighTech ライテック ミラー類 アルミニウム ミラー 左右セット (ネイキッドバイク用) SPEAL014シリーズ カラー：レッド ネジピッチ：M10&times;1.25 ミラー アダプター (M10&times;1.25&rarr;M8／右＋左)：ウェビック　楽天市場店,バイクカスタム改造ドレスアップヘルメットマフラーカウルオートバイ二輪車大型バイク中型バイクバイク用品パーツミラーツーリングジャケットタイヤ原付サーキットオフロードLighTech ライテック ミラー類 アルミニウム ミラー 左右セット (ネイキッドバイク用) SPEAL014シリーズ カラー：レッド ネジピッチ：M10&times;1.25 ミラー アダプター (M10&times;1.25&rarr;M8／右＋左),【送料無料】LighTech ライテック ミラー類 .。LighTech ライテック ミラー類 アルミニウム ミラー 左右セット (ネイキッドバイク用) SPEAL014シリーズ カラー：レッド ネジピッチ：M10&times;1.25 ミラー アダプター (M10&times;1.25&rarr;M8／右＋左)[rn]
18-31190,http://tshop.r10s.jp/webike-rb/cabinet/tnk0007/pillars_m_l.jpg?fitin=700:700,2436.0000,,車用品・バイク用品 > バイク用品 > ミラー > スクエアタイプ > その他,【イベント開催中！】 A-TECH エーテック ミラー類 ドライカーボンミラー用　アルミシャフト サイズ：Sサイズ(55mm),エーテック ミラー類 ドライカーボンミラー用　アルミシャフト,サイズ：Lサイズ(120mm)はこちら<br />サイズ：Mサイズ(80mm)はこちら<br /><br />※リンク先に商品がない場合、すでに完売している商品となります。予めご了承ください。<br /><br />■商品番号<br>P-M001-S<br><br>■JANコード<br>4524446015115<br><br>■商品概要<br>素材：アルミ<br>入数：1本<br><br><br>サイズ：Sサイズ(55mm)<br><br>■注意点<br>※シャフトとミラーベースを固定する部品はシャフトの長さに関わらず別売となります。,【イベント開催中！】 A-TECH エーテック ミラー類 ドライカーボンミラー用　アルミシャフト サイズ：Sサイズ(55mm)：ウェビック　楽天市場店,バイクカスタム改造ドレスアップヘルメットマフラーカウルオートバイ二輪車大型バイク中型バイクバイク用品パーツミラーツーリングジャケットタイヤ原付サーキットオフロード【イベント開催中！】 A-TECH エーテック ミラー類 ドライカーボンミラー用　アルミシャフト サイズ：Sサイズ(55mm),エーテック ミラー類 ドライカーボンミラー用　アルミシャフト。【イベント開催中！】 A-TECH エーテック ミラー類 ドライカーボンミラー用　アルミシャフト サイズ：Sサイズ(55mm)[rn]
18-31191,http://tshop.r10s.jp/webike-rb/cabinet/new0026/speal014_rd_01.jpg?fitin=700:700,31190.4000,,車用品・バイク用品 > バイク用品 > ミラー > スクエアタイプ > その他,LighTech ライテック ミラー類 アルミニウム ミラー 左右セット (ネイキッドバイク用) SPEAL014シリーズ カラー：レッド ネジピッチ：M10×1.25 ミラー アダプター BMW用 (M10×1.5→M8／右＋左),【送料無料】LighTech ライテック ミラー類 .,ネジピッチ：M10×1.25 / アダプター無し / カラー：ホワイトはこちら<br />ネジピッチ：M10×1.25 / ミラー アダプター (M10×1.25→M10／右＋左) / カラー：ホワイトはこちら<br />ネジピッチ：M10×1.25 / ミラー アダプター (M10×1.25→M8／右＋左) / カラー：ホワイトはこちら<br />ネジピッチ：M10×1.25 / ミラー アダプター BMW用 (M10×1.5→M8／右＋左) / カラー：ホワイトはこちら<br />ネジピッチ：M10×1.25 / アダプター無し / カラー：ブラックアルマイトはこちら<br />ネジピッチ：M10×1.25 / ミラー アダプター (M10×1.25→M10／右＋左) / カラー：ブラックアルマイトはこちら<br />ネジピッチ：M10×1.25 / ミラー アダプター (M10×1.25→M8／右＋左) / カラー：ブラックアルマイトはこちら<br />ネジピッチ：M10×1.25 / ミラー アダプター BMW用 (M10×1.5→M8／右＋左) / カラー：ブラックアルマイトはこちら<br />ネジピッチ：M10×1.25 / アダプター無し / カラー：レッドはこちら<br />ネジピッチ：M10×1.25 / ミラー アダプター (M10×1.25→M10／右＋左) / カラー：レッドはこちら<br />ネジピッチ：M10×1.25 / ミラー アダプター (M10×1.25→M8／右＋左) / カラー：レッドはこちら<br />ネジピッチ：M8×1.25 / アダプター無し / カラー：ホワイトはこちら<br />ネジピッチ：M8×1.25 / ミラー アダプター (M10×1.25→M10／右＋左) / カラー：ホワイトはこちら<br />ネジピッチ：M8×1.25 / ミラー アダプター (M10×1.25→M8／右＋左) / カラー：ホワイトはこちら<br />ネジピッチ：M8×1.25 / ミラー アダプター BMW用 (M10×1.5→M8／右＋左) / カラー：ホワイトはこちら<br />ネジピッチ：M8×1.25 / アダプター無し / カラー：ブラックアルマイトはこちら<br />ネジピッチ：M8×1.25 / ミラー アダプター (M10×1.25→M10／右＋左) / カラー：ブラックアルマイトはこちら<br />ネジピッチ：M8×1.25 / ミラー アダプター (M10×1.25→M8／右＋左) / カラー：ブラックアルマイトはこちら<br />ネジピッチ：M8×1.25 / ミラー アダプター BMW用 (M10×1.5→M8／右＋左) / カラー：ブラックアルマイトはこちら<br />ネジピッチ：M8×1.25 / アダプター無し / カラー：レッドはこちら<br />ネジピッチ：M8×1.25 / ミラー アダプター (M10×1.25→M10／右＋左) / カラー：レッドはこちら<br />ネジピッチ：M8×1.25 / ミラー アダプター (M10×1.25→M8／右＋左) / カラー：レッドはこちら<br />ネジピッチ：M8×1.25 / ミラー アダプター BMW用 (M10×1.5→M8／右＋左) / カラー：レッドはこちら<br /><br />※リンク先に商品がない場合、すでに完売している商品となります。予めご了承ください。<br /><br />■商品番号<br>SPEAL014<br><br>■商品概要<br>左右セット<br>生産国：イタリア<br><br>ネジピッチ：M10×1.25 ミラー アダプター BMW用 (M10×1.5→M8／右＋左) カラー：レッド<br><br>■詳細説明<br>LighTechアルミニウム ミラーは、ネイキッドバイク専用のハンドルマウントタイプのミラーです。<br>ミラーボディは、CNCマシンによる美しい形状の削り出しパーツで、その後、アルマイトとレーザー刻印加工を施しております。<br>その切削痕は、イタリア製品ならではの美しさを持ち合わせております。<br>また、ステムパートもCNCマシンにて削り出しされたアルミ合金材を採用しております。<br>ミラーアングルも細かく調整することが可能です。<br><br>■注意点<br>※画像には他のカラーリングも含まれています。,LighTech ライテック ミラー類 アルミニウム ミラー 左右セット (ネイキッドバイク用) SPEAL014シリーズ カラー：レッド ネジピッチ：M10&times;1.25 ミラー アダプター BMW用 (M10&times;1.5&rarr;M8／右＋左)：ウェビック　楽天市場店,バイクカスタム改造ドレスアップヘルメットマフラーカウルオートバイ二輪車大型バイク中型バイクバイク用品パーツミラーツーリングジャケットタイヤ原付サーキットオフロードLighTech ライテック ミラー類 アルミニウム ミラー 左右セット (ネイキッドバイク用) SPEAL014シリーズ カラー：レッド ネジピッチ：M10&times;1.25 ミラー アダプター BMW用 (M10&times;1.5&rarr;M8／右＋左),【送料無料】LighTech ライテック ミラー類 .。LighTech ライテック ミラー類 アルミニウム ミラー 左右セット (ネイキッドバイク用) SPEAL014シリーズ カラー：レッド ネジピッチ：M10&times;1.25 ミラー アダプター BMW用 (M10&times;1.5&rarr;M8／右＋左)[rn]
18-31192,http://tshop.r10s.jp/webike-rb/cabinet/img1905/21136835.jpg?fitin=700:700,29272.0000,,車用品・バイク用品 > バイク用品 > ミラー > スクエアタイプ > その他,【イベント開催中！】 A-TECH エーテック ミラー類 フルアジャスタブル ドライカーボンミラー カウリングモデル汎用 シャフトサイズ：L シャフト素材：アルミ ミラータイプ：3 ミラーベース：B2,フルアジャスタブル ドライカーボンミラー カウリングモデル汎用,■商品番号<br>PMT3-L-2<br><br>■JANコード<br>4524446057283<br><br>■商品概要<br>【素材／材質】<br>本体：綾織ドライカーボン<br>シャフト：アルミ または カーボン (選択)<br>【セット内容】<br>・ミラーヘッド<br>・シャフト<br>・ミラーベース(ベースなしの場合はダミーパーツが付属)<br><br><br>ミラーベース：B2 ミラータイプ：3 シャフトサイズ：L シャフト素材：アルミ<br><br>■適合車種<br>▼その他<br> 汎用<br><br>■詳細説明<br>正真正銘の綾織ドライカーボン製でありながら、エーテック独自の技術によって、他のウエットカーボン製と同等の価格を実現しました。<br>軽量かつ高級感あふれるホンモノです。<br>ミラーベースなしのタイプは、車体の取付穴のうち一方にミラーを取付け、残りのもう一方に付属のダミーパーツ(目隠しフタ)を取り付けます。<br>オプションとしてミラーシャフトエクステンションもお選びいただけます。<br><br>■注意点<br>※装着画像はイメージです。<br>※現在ご自身のバイクに装着されているミラーの寸法をご確認の上、お選びください。<br>※ミラーシャフトエクステンションは別売りです。,【イベント開催中！】 A-TECH エーテック ミラー類 フルアジャスタブル ドライカーボンミラー カウリングモデル汎用 シャフトサイズ：L シャフト素材：アルミ ミラータイプ：3 ミラーベース：B2：ウェビック　楽天市場店,バイクカスタム改造ドレスアップヘルメットマフラーカウルオートバイ二輪車大型バイク中型バイクバイク用品パーツミラーツーリングジャケットタイヤ原付サーキットオフロード【イベント開催中！】 A-TECH エーテック ミラー類 フルアジャスタブル ドライカーボンミラー カウリングモデル汎用 シャフトサイズ：L シャフト素材：アルミ ミラータイプ：3 ミラーベース：B2,フルアジャスタブル ドライカーボンミラー カウリングモデル汎用。【イベント開催中！】 A-TECH エーテック ミラー類 フルアジャスタブル ドライカーボンミラー カウリングモデル汎用 シャフトサイズ：L シャフト素材：アルミ ミラータイプ：3 ミラーベース：B2[rn]
18-31193,http://tshop.r10s.jp/webike-rb/cabinet/new0026/speal014_wh.jpg?fitin=700:700,29289.6000,,車用品・バイク用品 > バイク用品 > ミラー > スクエアタイプ > その他,LighTech ライテック ミラー類 アルミニウム ミラー 左右セット (ネイキッドバイク用) SPEAL014シリーズ アダプター無し カラー：ホワイト ネジピッチ：M8×1.25,【送料無料】LighTech ライテック ミラー類 .,ネジピッチ：M10×1.25 / アダプター無し / カラー：ホワイトはこちら<br />ネジピッチ：M10×1.25 / ミラー アダプター (M10×1.25→M10／右＋左) / カラー：ホワイトはこちら<br />ネジピッチ：M10×1.25 / ミラー アダプター (M10×1.25→M8／右＋左) / カラー：ホワイトはこちら<br />ネジピッチ：M10×1.25 / ミラー アダプター BMW用 (M10×1.5→M8／右＋左) / カラー：ホワイトはこちら<br />ネジピッチ：M10×1.25 / アダプター無し / カラー：ブラックアルマイトはこちら<br />ネジピッチ：M10×1.25 / ミラー アダプター (M10×1.25→M10／右＋左) / カラー：ブラックアルマイトはこちら<br />ネジピッチ：M10×1.25 / ミラー アダプター (M10×1.25→M8／右＋左) / カラー：ブラックアルマイトはこちら<br />ネジピッチ：M10×1.25 / ミラー アダプター BMW用 (M10×1.5→M8／右＋左) / カラー：ブラックアルマイトはこちら<br />ネジピッチ：M10×1.25 / アダプター無し / カラー：レッドはこちら<br />ネジピッチ：M10×1.25 / ミラー アダプター (M10×1.25→M10／右＋左) / カラー：レッドはこちら<br />ネジピッチ：M10×1.25 / ミラー アダプター (M10×1.25→M8／右＋左) / カラー：レッドはこちら<br />ネジピッチ：M10×1.25 / ミラー アダプター BMW用 (M10×1.5→M8／右＋左) / カラー：レッドはこちら<br />ネジピッチ：M8×1.25 / ミラー アダプター (M10×1.25→M10／右＋左) / カラー：ホワイトはこちら<br />ネジピッチ：M8×1.25 / ミラー アダプター (M10×1.25→M8／右＋左) / カラー：ホワイトはこちら<br />ネジピッチ：M8×1.25 / ミラー アダプター BMW用 (M10×1.5→M8／右＋左) / カラー：ホワイトはこちら<br />ネジピッチ：M8×1.25 / アダプター無し / カラー：ブラックアルマイトはこちら<br />ネジピッチ：M8×1.25 / ミラー アダプター (M10×1.25→M10／右＋左) / カラー：ブラックアルマイトはこちら<br />ネジピッチ：M8×1.25 / ミラー アダプター (M10×1.25→M8／右＋左) / カラー：ブラックアルマイトはこちら<br />ネジピッチ：M8×1.25 / ミラー アダプター BMW用 (M10×1.5→M8／右＋左) / カラー：ブラックアルマイトはこちら<br />ネジピッチ：M8×1.25 / アダプター無し / カラー：レッドはこちら<br />ネジピッチ：M8×1.25 / ミラー アダプター (M10×1.25→M10／右＋左) / カラー：レッドはこちら<br />ネジピッチ：M8×1.25 / ミラー アダプター (M10×1.25→M8／右＋左) / カラー：レッドはこちら<br />ネジピッチ：M8×1.25 / ミラー アダプター BMW用 (M10×1.5→M8／右＋左) / カラー：レッドはこちら<br /><br />※リンク先に商品がない場合、すでに完売している商品となります。予めご了承ください。<br /><br />■商品番号<br>SPEAL014D<br><br>■商品概要<br>左右セット<br>生産国：イタリア<br><br>アダプター無し カラー：ホワイト ネジピッチ：M8×1.25<br><br>■詳細説明<br>LighTechアルミニウム ミラーは、ネイキッドバイク専用のハンドルマウントタイプのミラーです。<br>ミラーボディは、CNCマシンによる美しい形状の削り出しパーツで、その後、アルマイトとレーザー刻印加工を施しております。<br>その切削痕は、イタリア製品ならではの美しさを持ち合わせております。<br>また、ステムパートもCNCマシンにて削り出しされたアルミ合金材を採用しております。<br>ミラーアングルも細かく調整することが可能です。<br><br>■注意点<br>※画像には他のカラーリングも含まれています。,LighTech ライテック ミラー類 アルミニウム ミラー 左右セット (ネイキッドバイク用) SPEAL014シリーズ アダプター無し カラー：ホワイト ネジピッチ：M8&times;1.25：ウェビック　楽天市場店,バイクカスタム改造ドレスアップヘルメットマフラーカウルオートバイ二輪車大型バイク中型バイクバイク用品パーツミラーツーリングジャケットタイヤ原付サーキットオフロードLighTech ライテック ミラー類 アルミニウム ミラー 左右セット (ネイキッドバイク用) SPEAL014シリーズ アダプター無し カラー：ホワイト ネジピッチ：M8&times;1.25,【送料無料】LighTech ライテック ミラー類 .。LighTech ライテック ミラー類 アルミニウム ミラー 左右セット (ネイキッドバイク用) SPEAL014シリーズ アダプター無し カラー：ホワイト ネジピッチ：M8&times;1.25[rn]
18-31194,http://tshop.r10s.jp/webike-rb/cabinet/img1905/21136791.jpg?fitin=700:700,28207.2000,,車用品・バイク用品 > バイク用品 > ミラー > スクエアタイプ > その他,【イベント開催中！】 A-TECH エーテック ミラー類 フルアジャスタブル ドライカーボンミラー カウリングモデル汎用 シャフトサイズ：M シャフト素材：カーボン ミラータイプ：5 ミラーベース：B2,フルアジャスタブル ドライカーボンミラー カウリングモデル汎用,■商品番号<br>PMT5-MC-2<br><br>■JANコード<br>4524446059911<br><br>■商品概要<br>【素材／材質】<br>本体：綾織ドライカーボン<br>シャフト：アルミ または カーボン (選択)<br>【セット内容】<br>・ミラーヘッド<br>・シャフト<br>・ミラーベース(ベースなしの場合はダミーパーツが付属)<br><br><br>ミラータイプ：5 シャフトサイズ：M シャフト素材：カーボン ミラーベース：B2<br><br>■適合車種<br>▼その他<br> 汎用<br><br>■詳細説明<br>正真正銘の綾織ドライカーボン製でありながら、エーテック独自の技術によって、他のウエットカーボン製と同等の価格を実現しました。<br>軽量かつ高級感あふれるホンモノです。<br>ミラーベースなしのタイプは、車体の取付穴のうち一方にミラーを取付け、残りのもう一方に付属のダミーパーツ(目隠しフタ)を取り付けます。<br>オプションとしてミラーシャフトエクステンションもお選びいただけます。<br><br>■注意点<br>※装着画像はイメージです。<br>※現在ご自身のバイクに装着されているミラーの寸法をご確認の上、お選びください。<br>※ミラーシャフトエクステンションは別売りです。,【イベント開催中！】 A-TECH エーテック ミラー類 フルアジャスタブル ドライカーボンミラー カウリングモデル汎用 シャフトサイズ：M シャフト素材：カーボン ミラータイプ：5 ミラーベース：B2：ウェビック　楽天市場店,バイクカスタム改造ドレスアップヘルメットマフラーカウルオートバイ二輪車大型バイク中型バイクバイク用品パーツミラーツーリングジャケットタイヤ原付サーキットオフロード【イベント開催中！】 A-TECH エーテック ミラー類 フルアジャスタブル ドライカーボンミラー カウリングモデル汎用 シャフトサイズ：M シャフト素材：カーボン ミラータイプ：5 ミラーベース：B2,フルアジャスタブル ドライカーボンミラー カウリングモデル汎用。【イベント開催中！】 A-TECH エーテック ミラー類 フルアジャスタブル ドライカーボンミラー カウリングモデル汎用 シャフトサイズ：M シャフト素材：カーボン ミラータイプ：5 ミラーベース：B2[rn]
18-31195,http://tshop.r10s.jp/webike-rb/cabinet/new0026/speal014_wh.jpg?fitin=700:700,31190.4000,,車用品・バイク用品 > バイク用品 > ミラー > スクエアタイプ > その他,LighTech ライテック ミラー類 アルミニウム ミラー 左右セット (ネイキッドバイク用) SPEAL014シリーズ カラー：ホワイト ネジピッチ：M8×1.25 ミラー アダプター (M10×1.25→M10／右＋左),【送料無料】LighTech ライテック ミラー類 .,ネジピッチ：M10×1.25 / アダプター無し / カラー：ホワイトはこちら<br />ネジピッチ：M10×1.25 / ミラー アダプター (M10×1.25→M10／右＋左) / カラー：ホワイトはこちら<br />ネジピッチ：M10×1.25 / ミラー アダプター (M10×1.25→M8／右＋左) / カラー：ホワイトはこちら<br />ネジピッチ：M10×1.25 / ミラー アダプター BMW用 (M10×1.5→M8／右＋左) / カラー：ホワイトはこちら<br />ネジピッチ：M10×1.25 / アダプター無し / カラー：ブラックアルマイトはこちら<br />ネジピッチ：M10×1.25 / ミラー アダプター (M10×1.25→M10／右＋左) / カラー：ブラックアルマイトはこちら<br />ネジピッチ：M10×1.25 / ミラー アダプター (M10×1.25→M8／右＋左) / カラー：ブラックアルマイトはこちら<br />ネジピッチ：M10×1.25 / ミラー アダプター BMW用 (M10×1.5→M8／右＋左) / カラー：ブラックアルマイトはこちら<br />ネジピッチ：M10×1.25 / アダプター無し / カラー：レッドはこちら<br />ネジピッチ：M10×1.25 / ミラー アダプター (M10×1.25→M10／右＋左) / カラー：レッドはこちら<br />ネジピッチ：M10×1.25 / ミラー アダプター (M10×1.25→M8／右＋左) / カラー：レッドはこちら<br />ネジピッチ：M10×1.25 / ミラー アダプター BMW用 (M10×1.5→M8／右＋左) / カラー：レッドはこちら<br />ネジピッチ：M8×1.25 / アダプター無し / カラー：ホワイトはこちら<br />ネジピッチ：M8×1.25 / ミラー アダプター (M10×1.25→M8／右＋左) / カラー：ホワイトはこちら<br />ネジピッチ：M8×1.25 / ミラー アダプター BMW用 (M10×1.5→M8／右＋左) / カラー：ホワイトはこちら<br />ネジピッチ：M8×1.25 / アダプター無し / カラー：ブラックアルマイトはこちら<br />ネジピッチ：M8×1.25 / ミラー アダプター (M10×1.25→M10／右＋左) / カラー：ブラックアルマイトはこちら<br />ネジピッチ：M8×1.25 / ミラー アダプター (M10×1.25→M8／右＋左) / カラー：ブラックアルマイトはこちら<br />ネジピッチ：M8×1.25 / ミラー アダプター BMW用 (M10×1.5→M8／右＋左) / カラー：ブラックアルマイトはこちら<br />ネジピッチ：M8×1.25 / アダプター無し / カラー：レッドはこちら<br />ネジピッチ：M8×1.25 / ミラー アダプター (M10×1.25→M10／右＋左) / カラー：レッドはこちら<br />ネジピッチ：M8×1.25 / ミラー アダプター (M10×1.25→M8／右＋左) / カラー：レッドはこちら<br />ネジピッチ：M8×1.25 / ミラー アダプター BMW用 (M10×1.5→M8／右＋左) / カラー：レッドはこちら<br /><br />※リンク先に商品がない場合、すでに完売している商品となります。予めご了承ください。<br /><br />■商品番号<br>SPEAL014D<br><br>■商品概要<br>左右セット<br>生産国：イタリア<br><br>カラー：ホワイト ネジピッチ：M8×1.25 ミラー アダプター (M10×1.25→M10／右＋左)<br><br>■詳細説明<br>LighTechアルミニウム ミラーは、ネイキッドバイク専用のハンドルマウントタイプのミラーです。<br>ミラーボディは、CNCマシンによる美しい形状の削り出しパーツで、その後、アルマイトとレーザー刻印加工を施しております。<br>その切削痕は、イタリア製品ならではの美しさを持ち合わせております。<br>また、ステムパートもCNCマシンにて削り出しされたアルミ合金材を採用しております。<br>ミラーアングルも細かく調整することが可能です。<br><br>■注意点<br>※画像には他のカラーリングも含まれています。,LighTech ライテック ミラー類 アルミニウム ミラー 左右セット (ネイキッドバイク用) SPEAL014シリーズ カラー：ホワイト ネジピッチ：M8&times;1.25 ミラー アダプター (M10&times;1.25&rarr;M10／右＋左)：ウェビック　楽天市場店,バイクカスタム改造ドレスアップヘルメットマフラーカウルオートバイ二輪車大型バイク中型バイクバイク用品パーツミラーツーリングジャケットタイヤ原付サーキットオフロードLighTech ライテック ミラー類 アルミニウム ミラー 左右セット (ネイキッドバイク用) SPEAL014シリーズ カラー：ホワイト ネジピッチ：M8&times;1.25 ミラー アダプター (M10&times;1.25&rarr;M10／右＋左),【送料無料】LighTech ライテック ミラー類 .。LighTech ライテック ミラー類 アルミニウム ミラー 左右セット (ネイキッドバイク用) SPEAL014シリーズ カラー：ホワイト ネジピッチ：M8&times;1.25 ミラー アダプター (M10&times;1.25&rarr;M10／右＋左)[rn]
18-31196,http://tshop.r10s.jp/webike-rb/cabinet/tnk0077/t6_zoom.jpg?fitin=700:700,32659.2000,,車用品・バイク用品 > バイク用品 > ミラー > スクエアタイプ > その他,Magical Racing マジカルレーシング ミラー類 レーサーレプリカミラー TYPE-6 ステーカラー：ブラック ステム：エルボ ロング ヘッド素材：綾織りカーボン,マジカルレーシング ミラー類 レーサーレプリカミラー TYPE-6,ステム：エルボ スーパーロング / ステーカラー：シルバー / ヘッド素材：Gシルバーはこちら<br />ステム：エルボ スーパーロング / ステーカラー：ブラック / ヘッド素材：Gシルバーはこちら<br />ステム：エルボ ロング / ステーカラー：シルバー / ヘッド素材：Gシルバーはこちら<br />ステム：エルボ ロング / ステーカラー：ブラック / ヘッド素材：Gシルバーはこちら<br />ステム：エルボ ショート / ステーカラー：シルバー / ヘッド素材：Gシルバーはこちら<br />ステム：エルボ ショート / ステーカラー：ブラック / ヘッド素材：Gシルバーはこちら<br />ステム：スーパーロング / ステーカラー：シルバー / ヘッド素材：Gシルバーはこちら<br />ステム：スーパーロング / ステーカラー：ブラック / ヘッド素材：Gシルバーはこちら<br />ステム：ロング / ステーカラー：シルバー / ヘッド素材：Gシルバーはこちら<br />ステム：ロング / ステーカラー：ブラック / ヘッド素材：Gシルバーはこちら<br />ステム：ショート / ステーカラー：シルバー / ヘッド素材：Gシルバーはこちら<br />ステム：ショート / ステーカラー：ブラック / ヘッド素材：Gシルバーはこちら<br />ステム：エルボ スーパーロング / ステーカラー：シルバー / ヘッド素材：綾織りカーボンはこちら<br />ステム：エルボ スーパーロング / ステーカラー：ブラック / ヘッド素材：綾織りカーボンはこちら<br />ステム：エルボ ロング / ステーカラー：シルバー / ヘッド素材：綾織りカーボンはこちら<br />ステム：エルボ ショート / ステーカラー：シルバー / ヘッド素材：綾織りカーボンはこちら<br />ステム：エルボ ショート / ステーカラー：ブラック / ヘッド素材：綾織りカーボンはこちら<br />ステム：スーパーロング / ステーカラー：シルバー / ヘッド素材：綾織りカーボンはこちら<br />ステム：スーパーロング / ステーカラー：ブラック / ヘッド素材：綾織りカーボンはこちら<br />ステム：ロング / ステーカラー：シルバー / ヘッド素材：綾織りカーボンはこちら<br />ステム：ロング / ステーカラー：ブラック / ヘッド素材：綾織りカーボンはこちら<br />ステム：ショート / ステーカラー：シルバー / ヘッド素材：綾織りカーボンはこちら<br />ステム：ショート / ステーカラー：ブラック / ヘッド素材：綾織りカーボンはこちら<br />ステム：エルボ スーパーロング / ステーカラー：シルバー / ヘッド素材：平織りカーボンはこちら<br />ステム：エルボ スーパーロング / ステーカラー：ブラック / ヘッド素材：平織りカーボンはこちら<br />ステム：エルボ ロング / ステーカラー：シルバー / ヘッド素材：平織りカーボンはこちら<br />ステム：エルボ ロング / ステーカラー：ブラック / ヘッド素材：平織りカーボンはこちら<br />ステム：エルボ ショート / ステーカラー：シルバー / ヘッド素材：平織りカーボンはこちら<br />ステム：エルボ ショート / ステーカラー：ブラック / ヘッド素材：平織りカーボンはこちら<br />ステム：スーパーロング / ステーカラー：シルバー / ヘッド素材：平織りカーボンはこちら<br />ステム：スーパーロング / ステーカラー：ブラック / ヘッド素材：平織りカーボンはこちら<br />ステム：ロング / ステーカラー：シルバー / ヘッド素材：平織りカーボンはこちら<br />ステム：ロング / ステーカラー：ブラック / ヘッド素材：平織りカーボンはこちら<br />ステム：ショート / ステーカラー：シルバー / ヘッド素材：平織りカーボンはこちら<br />ステム：ショート / ステーカラー：ブラック / ヘッド素材：平織りカーボンはこちら<br /><br />※リンク先に商品がない場合、すでに完売している商品となります。予めご了承ください。<br /><br />■商品番号<br>A01-TWRK-B6011<br><br>■商品概要<br>左右セット<br>ミラータイプ：TYPE6<br>フィッティングプレート：Bタイプ（取付ピッチ：40-51mm）<br><br>ステーカラー：ブラック ヘッド素材：綾織りカーボン ステム：エルボ ロング<br><br><br>他のミラータイプはこちら<br>レーサーレプリカミラー用補修部品はこちら<br><br>■適合車種<br>▼BMW<br>R1100GS 94-98<br>R1100R 94-00<br>R1100RS 92-00<br><br>▼HONDA<br>CBR1000RR FIRE BLADE [ファイアブレード] 08-<br>CBR600 F3 95-98 <br>CBR900RR FIRE BLADE [ファイアブレード] 94-97<br>VFR400 98-01<br><br>▼KAWASAKI<br>ZX-12R 00-01<br>ZX-12R 02-<br>ZZR1400 06-<br><br>▼SUZUKI<br>GS1200SS 01-02<br>GSX-R1000 01-02<br>GSX-R600 01-02<br>GSX-R750 01-02<br>GSX1300R HAYABUSA [ハヤブサ] 08-<br>GSX1300R HAYABUSA [ハヤブサ] 99-07<br>RG400   <br>RG500   <br><br>▼YAMAHA<br>FZ1F,Magical Racing マジカルレーシング ミラー類 レーサーレプリカミラー TYPE-6 ステーカラー：ブラック ステム：エルボ ロング ヘッド素材：綾織りカーボン：ウェビック　楽天市場店,バイクカスタム改造ドレスアップヘルメットマフラーカウルオートバイ二輪車大型バイク中型バイクバイク用品パーツミラーツーリングジャケットタイヤ原付サーキットオフロードMagical Racing マジカルレーシング ミラー類 レーサーレプリカミラー TYPE-6 ステーカラー：ブラック ステム：エルボ ロング ヘッド素材：綾織りカーボン,マジカルレーシング ミラー類 レーサーレプリカミラー TYPE-6。Magical Racing マジカルレーシング ミラー類 レーサーレプリカミラー TYPE-6 ステーカラー：ブラック ステム：エルボ ロング ヘッド素材：綾織りカーボン[rn]
18-31197,http://tshop.r10s.jp/webike-rb/cabinet/new0026/speal014_wh.jpg?fitin=700:700,31190.4000,,車用品・バイク用品 > バイク用品 > ミラー > スクエアタイプ > その他,LighTech ライテック ミラー類 アルミニウム ミラー 左右セット (ネイキッドバイク用) SPEAL014シリーズ カラー：ホワイト ネジピッチ：M8×1.25 ミラー アダプター (M10×1.25→M8／右＋左),【送料無料】LighTech ライテック ミラー類 .,ネジピッチ：M10×1.25 / アダプター無し / カラー：ホワイトはこちら<br />ネジピッチ：M10×1.25 / ミラー アダプター (M10×1.25→M10／右＋左) / カラー：ホワイトはこちら<br />ネジピッチ：M10×1.25 / ミラー アダプター (M10×1.25→M8／右＋左) / カラー：ホワイトはこちら<br />ネジピッチ：M10×1.25 / ミラー アダプター BMW用 (M10×1.5→M8／右＋左) / カラー：ホワイトはこちら<br />ネジピッチ：M10×1.25 / アダプター無し / カラー：ブラックアルマイトはこちら<br />ネジピッチ：M10×1.25 / ミラー アダプター (M10×1.25→M10／右＋左) / カラー：ブラックアルマイトはこちら<br />ネジピッチ：M10×1.25 / ミラー アダプター (M10×1.25→M8／右＋左) / カラー：ブラックアルマイトはこちら<br />ネジピッチ：M10×1.25 / ミラー アダプター BMW用 (M10×1.5→M8／右＋左) / カラー：ブラックアルマイトはこちら<br />ネジピッチ：M10×1.25 / アダプター無し / カラー：レッドはこちら<br />ネジピッチ：M10×1.25 / ミラー アダプター (M10×1.25→M10／右＋左) / カラー：レッドはこちら<br />ネジピッチ：M10×1.25 / ミラー アダプター (M10×1.25→M8／右＋左) / カラー：レッドはこちら<br />ネジピッチ：M10×1.25 / ミラー アダプター BMW用 (M10×1.5→M8／右＋左) / カラー：レッドはこちら<br />ネジピッチ：M8×1.25 / アダプター無し / カラー：ホワイトはこちら<br />ネジピッチ：M8×1.25 / ミラー アダプター (M10×1.25→M10／右＋左) / カラー：ホワイトはこちら<br />ネジピッチ：M8×1.25 / ミラー アダプター BMW用 (M10×1.5→M8／右＋左) / カラー：ホワイトはこちら<br />ネジピッチ：M8×1.25 / アダプター無し / カラー：ブラックアルマイトはこちら<br />ネジピッチ：M8×1.25 / ミラー アダプター (M10×1.25→M10／右＋左) / カラー：ブラックアルマイトはこちら<br />ネジピッチ：M8×1.25 / ミラー アダプター (M10×1.25→M8／右＋左) / カラー：ブラックアルマイトはこちら<br />ネジピッチ：M8×1.25 / ミラー アダプター BMW用 (M10×1.5→M8／右＋左) / カラー：ブラックアルマイトはこちら<br />ネジピッチ：M8×1.25 / アダプター無し / カラー：レッドはこちら<br />ネジピッチ：M8×1.25 / ミラー アダプター (M10×1.25→M10／右＋左) / カラー：レッドはこちら<br />ネジピッチ：M8×1.25 / ミラー アダプター (M10×1.25→M8／右＋左) / カラー：レッドはこちら<br />ネジピッチ：M8×1.25 / ミラー アダプター BMW用 (M10×1.5→M8／右＋左) / カラー：レッドはこちら<br /><br />※リンク先に商品がない場合、すでに完売している商品となります。予めご了承ください。<br /><br />■商品番号<br>SPEAL014D<br><br>■商品概要<br>左右セット<br>生産国：イタリア<br><br>ミラー アダプター (M10×1.25→M8／右＋左) カラー：ホワイト ネジピッチ：M8×1.25<br><br>■詳細説明<br>LighTechアルミニウム ミラーは、ネイキッドバイク専用のハンドルマウントタイプのミラーです。<br>ミラーボディは、CNCマシンによる美しい形状の削り出しパーツで、その後、アルマイトとレーザー刻印加工を施しております。<br>その切削痕は、イタリア製品ならではの美しさを持ち合わせております。<br>また、ステムパートもCNCマシンにて削り出しされたアルミ合金材を採用しております。<br>ミラーアングルも細かく調整することが可能です。<br><br>■注意点<br>※画像には他のカラーリングも含まれています。,LighTech ライテック ミラー類 アルミニウム ミラー 左右セット (ネイキッドバイク用) SPEAL014シリーズ カラー：ホワイト ネジピッチ：M8&times;1.25 ミラー アダプター (M10&times;1.25&rarr;M8／右＋左)：ウェビック　楽天市場店,バイクカスタム改造ドレスアップヘルメットマフラーカウルオートバイ二輪車大型バイク中型バイクバイク用品パーツミラーツーリングジャケットタイヤ原付サーキットオフロードLighTech ライテック ミラー類 アルミニウム ミラー 左右セット (ネイキッドバイク用) SPEAL014シリーズ カラー：ホワイト ネジピッチ：M8&times;1.25 ミラー アダプター (M10&times;1.25&rarr;M8／右＋左),【送料無料】LighTech ライテック ミラー類 .。LighTech ライテック ミラー類 アルミニウム ミラー 左右セット (ネイキッドバイク用) SPEAL014シリーズ カラー：ホワイト ネジピッチ：M8&times;1.25 ミラー アダプター (M10&times;1.25&rarr;M8／右＋左)[rn]
18-31198,http://tshop.r10s.jp/webike-rb/cabinet/img1905/21136848.jpg?fitin=700:700,26382.4000,,車用品・バイク用品 > バイク用品 > ミラー > スクエアタイプ > その他,【イベント開催中！】 A-TECH エーテック ミラー類 フルアジャスタブル ドライカーボンミラー カウリングモデル汎用 シャフトサイズ：S シャフト素材：カーボン ミラータイプ：3 ミラーベース：B1,フルアジャスタブル ドライカーボンミラー カウリングモデル汎用,■商品番号<br>PMT3-SC-1<br><br>■JANコード<br>4524446033324<br><br>■商品概要<br>【素材／材質】<br>本体：綾織ドライカーボン<br>シャフト：アルミ または カーボン (選択)<br>【セット内容】<br>・ミラーヘッド<br>・シャフト<br>・ミラーベース(ベースなしの場合はダミーパーツが付属)<br><br><br>シャフトサイズ：S シャフト素材：カーボン ミラーベース：B1 ミラータイプ：3<br><br>■適合車種<br>▼その他<br> 汎用<br><br>■詳細説明<br>正真正銘の綾織ドライカーボン製でありながら、エーテック独自の技術によって、他のウエットカーボン製と同等の価格を実現しました。<br>軽量かつ高級感あふれるホンモノです。<br>ミラーベースなしのタイプは、車体の取付穴のうち一方にミラーを取付け、残りのもう一方に付属のダミーパーツ(目隠しフタ)を取り付けます。<br>オプションとしてミラーシャフトエクステンションもお選びいただけます。<br><br>■注意点<br>※装着画像はイメージです。<br>※現在ご自身のバイクに装着されているミラーの寸法をご確認の上、お選びください。<br>※ミラーシャフトエクステンションは別売りです。,【イベント開催中！】 A-TECH エーテック ミラー類 フルアジャスタブル ドライカーボンミラー カウリングモデル汎用 シャフトサイズ：S シャフト素材：カーボン ミラータイプ：3 ミラーベース：B1：ウェビック　楽天市場店,バイクカスタム改造ドレスアップヘルメットマフラーカウルオートバイ二輪車大型バイク中型バイクバイク用品パーツミラーツーリングジャケットタイヤ原付サーキットオフロード【イベント開催中！】 A-TECH エーテック ミラー類 フルアジャスタブル ドライカーボンミラー カウリングモデル汎用 シャフトサイズ：S シャフト素材：カーボン ミラータイプ：3 ミラーベース：B1,フルアジャスタブル ドライカーボンミラー カウリングモデル汎用。【イベント開催中！】 A-TECH エーテック ミラー類 フルアジャスタブル ドライカーボンミラー カウリングモデル汎用 シャフトサイズ：S シャフト素材：カーボン ミラータイプ：3 ミラーベース：B1[rn]
18-31199,http://tshop.r10s.jp/webike-rb/cabinet/new0026/speal014_wh.jpg?fitin=700:700,31190.4000,,車用品・バイク用品 > バイク用品 > ミラー > スクエアタイプ > その他,LighTech ライテック ミラー類 アルミニウム ミラー 左右セット (ネイキッドバイク用) SPEAL014シリーズ カラー：ホワイト ネジピッチ：M8×1.25 ミラー アダプター BMW用 (M10×1.5→M8／右＋左),【送料無料】LighTech ライテック ミラー類 .,ネジピッチ：M10×1.25 / アダプター無し / カラー：ホワイトはこちら<br />ネジピッチ：M10×1.25 / ミラー アダプター (M10×1.25→M10／右＋左) / カラー：ホワイトはこちら<br />ネジピッチ：M10×1.25 / ミラー アダプター (M10×1.25→M8／右＋左) / カラー：ホワイトはこちら<br />ネジピッチ：M10×1.25 / ミラー アダプター BMW用 (M10×1.5→M8／右＋左) / カラー：ホワイトはこちら<br />ネジピッチ：M10×1.25 / アダプター無し / カラー：ブラックアルマイトはこちら<br />ネジピッチ：M10×1.25 / ミラー アダプター (M10×1.25→M10／右＋左) / カラー：ブラックアルマイトはこちら<br />ネジピッチ：M10×1.25 / ミラー アダプター (M10×1.25→M8／右＋左) / カラー：ブラックアルマイトはこちら<br />ネジピッチ：M10×1.25 / ミラー アダプター BMW用 (M10×1.5→M8／右＋左) / カラー：ブラックアルマイトはこちら<br />ネジピッチ：M10×1.25 / アダプター無し / カラー：レッドはこちら<br />ネジピッチ：M10×1.25 / ミラー アダプター (M10×1.25→M10／右＋左) / カラー：レッドはこちら<br />ネジピッチ：M10×1.25 / ミラー アダプター (M10×1.25→M8／右＋左) / カラー：レッドはこちら<br />ネジピッチ：M10×1.25 / ミラー アダプター BMW用 (M10×1.5→M8／右＋左) / カラー：レッドはこちら<br />ネジピッチ：M8×1.25 / アダプター無し / カラー：ホワイトはこちら<br />ネジピッチ：M8×1.25 / ミラー アダプター (M10×1.25→M10／右＋左) / カラー：ホワイトはこちら<br />ネジピッチ：M8×1.25 / ミラー アダプター (M10×1.25→M8／右＋左) / カラー：ホワイトはこちら<br />ネジピッチ：M8×1.25 / アダプター無し / カラー：ブラックアルマイトはこちら<br />ネジピッチ：M8×1.25 / ミラー アダプター (M10×1.25→M10／右＋左) / カラー：ブラックアルマイトはこちら<br />ネジピッチ：M8×1.25 / ミラー アダプター (M10×1.25→M8／右＋左) / カラー：ブラックアルマイトはこちら<br />ネジピッチ：M8×1.25 / ミラー アダプター BMW用 (M10×1.5→M8／右＋左) / カラー：ブラックアルマイトはこちら<br />ネジピッチ：M8×1.25 / アダプター無し / カラー：レッドはこちら<br />ネジピッチ：M8×1.25 / ミラー アダプター (M10×1.25→M10／右＋左) / カラー：レッドはこちら<br />ネジピッチ：M8×1.25 / ミラー アダプター (M10×1.25→M8／右＋左) / カラー：レッドはこちら<br />ネジピッチ：M8×1.25 / ミラー アダプター BMW用 (M10×1.5→M8／右＋左) / カラー：レッドはこちら<br /><br />※リンク先に商品がない場合、すでに完売している商品となります。予めご了承ください。<br /><br />■商品番号<br>SPEAL014D<br><br>■商品概要<br>左右セット<br>生産国：イタリア<br><br>ミラー アダプター BMW用 (M10×1.5→M8／右＋左) カラー：ホワイト ネジピッチ：M8×1.25<br><br>■詳細説明<br>LighTechアルミニウム ミラーは、ネイキッドバイク専用のハンドルマウントタイプのミラーです。<br>ミラーボディは、CNCマシンによる美しい形状の削り出しパーツで、その後、アルマイトとレーザー刻印加工を施しております。<br>その切削痕は、イタリア製品ならではの美しさを持ち合わせております。<br>また、ステムパートもCNCマシンにて削り出しされたアルミ合金材を採用しております。<br>ミラーアングルも細かく調整することが可能です。<br><br>■注意点<br>※画像には他のカラーリングも含まれています。,LighTech ライテック ミラー類 アルミニウム ミラー 左右セット (ネイキッドバイク用) SPEAL014シリーズ カラー：ホワイト ネジピッチ：M8&times;1.25 ミラー アダプター BMW用 (M10&times;1.5&rarr;M8／右＋左)：ウェビック　楽天市場店,バイクカスタム改造ドレスアップヘルメットマフラーカウルオートバイ二輪車大型バイク中型バイクバイク用品パーツミラーツーリングジャケットタイヤ原付サーキットオフロードLighTech ライテック ミラー類 アルミニウム ミラー 左右セット (ネイキッドバイク用) SPEAL014シリーズ カラー：ホワイト ネジピッチ：M8&times;1.25 ミラー アダプター BMW用 (M10&times;1.5&rarr;M8／右＋左),【送料無料】LighTech ライテック ミラー類 .。LighTech ライテック ミラー類 アルミニウム ミラー 左右セット (ネイキッドバイク用) SPEAL014シリーズ カラー：ホワイト ネジピッチ：M8&times;1.25 ミラー アダプター BMW用 (M10&times;1.5&rarr;M8／右＋左)[rn]
18-31200,http://tshop.r10s.jp/webike-rb/cabinet/new0026/speal014_bk_01.jpg?fitin=700:700,29289.6000,,車用品・バイク用品 > バイク用品 > ミラー > スクエアタイプ > その他,LighTech ライテック ミラー類 アルミニウム ミラー 左右セット (ネイキッドバイク用) SPEAL014シリーズ アダプター無し カラー：ブラックアルマイト ネジピッチ：M8×1.25,【送料無料】LighTech ライテック ミラー類 .,ネジピッチ：M10×1.25 / アダプター無し / カラー：ホワイトはこちら<br />ネジピッチ：M10×1.25 / ミラー アダプター (M10×1.25→M10／右＋左) / カラー：ホワイトはこちら<br />ネジピッチ：M10×1.25 / ミラー アダプター (M10×1.25→M8／右＋左) / カラー：ホワイトはこちら<br />ネジピッチ：M10×1.25 / ミラー アダプター BMW用 (M10×1.5→M8／右＋左) / カラー：ホワイトはこちら<br />ネジピッチ：M10×1.25 / アダプター無し / カラー：ブラックアルマイトはこちら<br />ネジピッチ：M10×1.25 / ミラー アダプター (M10×1.25→M10／右＋左) / カラー：ブラックアルマイトはこちら<br />ネジピッチ：M10×1.25 / ミラー アダプター (M10×1.25→M8／右＋左) / カラー：ブラックアルマイトはこちら<br />ネジピッチ：M10×1.25 / ミラー アダプター BMW用 (M10×1.5→M8／右＋左) / カラー：ブラックアルマイトはこちら<br />ネジピッチ：M10×1.25 / アダプター無し / カラー：レッドはこちら<br />ネジピッチ：M10×1.25 / ミラー アダプター (M10×1.25→M10／右＋左) / カラー：レッドはこちら<br />ネジピッチ：M10×1.25 / ミラー アダプター (M10×1.25→M8／右＋左) / カラー：レッドはこちら<br />ネジピッチ：M10×1.25 / ミラー アダプター BMW用 (M10×1.5→M8／右＋左) / カラー：レッドはこちら<br />ネジピッチ：M8×1.25 / アダプター無し / カラー：ホワイトはこちら<br />ネジピッチ：M8×1.25 / ミラー アダプター (M10×1.25→M10／右＋左) / カラー：ホワイトはこちら<br />ネジピッチ：M8×1.25 / ミラー アダプター (M10×1.25→M8／右＋左) / カラー：ホワイトはこちら<br />ネジピッチ：M8×1.25 / ミラー アダプター BMW用 (M10×1.5→M8／右＋左) / カラー：ホワイトはこちら<br />ネジピッチ：M8×1.25 / ミラー アダプター (M10×1.25→M10／右＋左) / カラー：ブラックアルマイトはこちら<br />ネジピッチ：M8×1.25 / ミラー アダプター (M10×1.25→M8／右＋左) / カラー：ブラックアルマイトはこちら<br />ネジピッチ：M8×1.25 / ミラー アダプター BMW用 (M10×1.5→M8／右＋左) / カラー：ブラックアルマイトはこちら<br />ネジピッチ：M8×1.25 / アダプター無し / カラー：レッドはこちら<br />ネジピッチ：M8×1.25 / ミラー アダプター (M10×1.25→M10／右＋左) / カラー：レッドはこちら<br />ネジピッチ：M8×1.25 / ミラー アダプター (M10×1.25→M8／右＋左) / カラー：レッドはこちら<br />ネジピッチ：M8×1.25 / ミラー アダプター BMW用 (M10×1.5→M8／右＋左) / カラー：レッドはこちら<br /><br />※リンク先に商品がない場合、すでに完売している商品となります。予めご了承ください。<br /><br />■商品番号<br>SPEAL014D<br><br>■商品概要<br>左右セット<br>生産国：イタリア<br><br>カラー：ブラックアルマイト ネジピッチ：M8×1.25 アダプター無し<br><br>■詳細説明<br>LighTechアルミニウム ミラーは、ネイキッドバイク専用のハンドルマウントタイプのミラーです。<br>ミラーボディは、CNCマシンによる美しい形状の削り出しパーツで、その後、アルマイトとレーザー刻印加工を施しております。<br>その切削痕は、イタリア製品ならではの美しさを持ち合わせております。<br>また、ステムパートもCNCマシンにて削り出しされたアルミ合金材を採用しております。<br>ミラーアングルも細かく調整することが可能です。<br><br>■注意点<br>※画像には他のカラーリングも含まれています。,LighTech ライテック ミラー類 アルミニウム ミラー 左右セット (ネイキッドバイク用) SPEAL014シリーズ アダプター無し カラー：ブラックアルマイト ネジピッチ：M8&times;1.25：ウェビック　楽天市場店,バイクカスタム改造ドレスアップヘルメットマフラーカウルオートバイ二輪車大型バイク中型バイクバイク用品パーツミラーツーリングジャケットタイヤ原付サーキットオフロードLighTech ライテック ミラー類 アルミニウム ミラー 左右セット (ネイキッドバイク用) SPEAL014シリーズ アダプター無し カラー：ブラックアルマイト ネジピッチ：M8&times;1.25,【送料無料】LighTech ライテック ミラー類 .。LighTech ライテック ミラー類 アルミニウム ミラー 左右セット (ネイキッドバイク用) SPEAL014シリーズ アダプター無し カラー：ブラックアルマイト ネジピッチ：M8&times;1.25[rn]
