2-43263,http://tshop.r10s.jp/parts/cabinet/detail-s/am-dtb.jpg?fitin=700:700,9642.4000,,車用品・バイク用品 > カー用品 > 外装パーツ > エアロパーツ > ドアミラー,SuperSportMirror(スーパースポーツミラー) トヨタ チェイサー チェイサー X90系 [1992～1996] DTMミラー ブラック ミラー面手動調整 右ハンドル,車種別ドアミラー トヨタ チェイサー,"スタイリッシュなデザインが好評のｄｔｍタイプ。ブルーミラーを採用。手動タイプは面倒な配線なしで簡単に装着できます。ブラックタイプは塗装される方にもお勧めです。<br><br>モーターを排除することで軽量化。手動タイプ。<br><br>カラー：マテリアルブラック<br><br><br>適合車種：チェイサー X90系 [1992～1996] ※若干の加工を要す<br><br>ボディパーツ | ドアミラー<br>トヨタ | チェイサー | X90系<tr><td colspan=""2"">
<center><img src=""https://image.rakuten.co.jp/parts/cabinet/design/2017summertire2.jpg"" border=""0"" width=""800px""><br>
</td></tr></center>


<!--

<center>
<img src=""http://image.rakuten.co.jp/parts/cabinet/sale/201612ss_45_pc2.gif"" border=""0"" width=""800px"">
</center><br><br>
<center>
<img src=""http://image.rakuten.co.jp/parts/cabinet/sale/conbini201612pc.jpg"" border=""0"" width=""800px""
><br>

-->



<!--

<style type=""text/css"">
body{

background-image: url(""http://image.rakuten.co.jp/parts/cabinet/sale/36_shop_100x600.gif"");

background-repeat:repeat-y;
background-attachment:scroll;
background-position: right;

}
</style>-->",SuperSportMirror(スーパースポーツミラー) トヨタ チェイサー チェイサー X90系 [1992～1996] DTMミラー ブラック ミラー面手動調整 右ハンドル：ＰＡＲＴＳ,ヘッドライトテールライトコーナーライトサイドマーカーカーボンアンテナドアミラーエアロメーターパネルリップスポイラーウイングホイールカバーペダル車高調ブレーキドライブレコーダーワイパーグリルボンネットローダウンSuperSportMirror(スーパースポーツミラー) トヨタ チェイサー チェイサー X90系 [1992～1996] DTMミラー ブラック ミラー面手動調整 右ハンドル,車種別ドアミラー トヨタ チェイサー。SuperSportMirror(スーパースポーツミラー) トヨタ チェイサー チェイサー X90系 [1992～1996] DTMミラー ブラック ミラー面手動調整 右ハンドル[rn]
2-43264,http://tshop.r10s.jp/parts/cabinet/detail-s/am-v8lb.jpg?fitin=700:700,15267.2000,,車用品・バイク用品 > カー用品 > 外装パーツ > エアロパーツ > ドアミラー,SuperSportMirror(スーパースポーツミラー) トヨタ マーク2 マーク2 X100系 [1996～2000] V8Sミラー LED ブラック ミラー面電動調整 右ハンドル,車種別ドアミラー トヨタ マーク2,"細くシャープなデザインのウインカーレンズが特徴のＶ8Ｓタイプ。ギラつきのないブルーミラーを採用しました。人気のＬＥＤウインカーを内臓！鮮やかなオレンジに発光します。<br><br>ミラーレンズコントロール用モーター内臓。<br><br>カラー：マテリアルブラック<br><br><br>適合車種：マーク2 X100系 [1996～2000]<br><br>ボディパーツ | ドアミラー<br>トヨタ | マーク2 | X100系<tr><td colspan=""2"">
<center><img src=""https://image.rakuten.co.jp/parts/cabinet/design/2017summertire2.jpg"" border=""0"" width=""800px""><br>
</td></tr></center>


<!--

<center>
<img src=""http://image.rakuten.co.jp/parts/cabinet/sale/201612ss_45_pc2.gif"" border=""0"" width=""800px"">
</center><br><br>
<center>
<img src=""http://image.rakuten.co.jp/parts/cabinet/sale/conbini201612pc.jpg"" border=""0"" width=""800px""
><br>

-->



<!--

<style type=""text/css"">
body{

background-image: url(""http://image.rakuten.co.jp/parts/cabinet/sale/36_shop_100x600.gif"");

background-repeat:repeat-y;
background-attachment:scroll;
background-position: right;

}
</style>-->",SuperSportMirror(スーパースポーツミラー) トヨタ マーク2 マーク2 X100系 [1996～2000] V8Sミラー LED ブラック ミラー面電動調整 右ハンドル：ＰＡＲＴＳ,ヘッドライトテールライトコーナーライトサイドマーカーカーボンアンテナドアミラーエアロメーターパネルリップスポイラーウイングホイールカバーペダル車高調ブレーキドライブレコーダーワイパーグリルボンネットローダウンSuperSportMirror(スーパースポーツミラー) トヨタ マーク2 マーク2 X100系 [1996～2000] V8Sミラー LED ブラック ミラー面電動調整 右ハンドル,車種別ドアミラー トヨタ マーク2。SuperSportMirror(スーパースポーツミラー) トヨタ マーク2 マーク2 X100系 [1996～2000] V8Sミラー LED ブラック ミラー面電動調整 右ハンドル[rn]
2-43265,http://tshop.r10s.jp/parts/cabinet/detail-s/am-d2lm.jpg?fitin=700:700,15267.2000,,車用品・バイク用品 > カー用品 > 外装パーツ > エアロパーツ > ドアミラー,SuperSportMirror(スーパースポーツミラー) トヨタ チェイサー チェイサー X100系 [1996～2001] DTM2ミラー LED クローム ミラー面電動調整 右ハンドル,車種別ドアミラー トヨタ チェイサー,"dtmタイプをベースに後方へのLEDウインカー視界を向上させたフラッグシップモデル。ブルーミラーを採用。ＬＥＤウインカーは鮮やかなオレンジに発光。<br><br>ミラーレンズコントロール用モーター内臓。<br><br>カラー：クローム<br><br><br>適合車種：チェイサー X100系 [1996～2001]<br><br>ボディパーツ | ドアミラー<br>トヨタ | チェイサー | X100系<tr><td colspan=""2"">
<center><img src=""https://image.rakuten.co.jp/parts/cabinet/design/2017summertire2.jpg"" border=""0"" width=""800px""><br>
</td></tr></center>


<!--

<center>
<img src=""http://image.rakuten.co.jp/parts/cabinet/sale/201612ss_45_pc2.gif"" border=""0"" width=""800px"">
</center><br><br>
<center>
<img src=""http://image.rakuten.co.jp/parts/cabinet/sale/conbini201612pc.jpg"" border=""0"" width=""800px""
><br>

-->



<!--

<style type=""text/css"">
body{

background-image: url(""http://image.rakuten.co.jp/parts/cabinet/sale/36_shop_100x600.gif"");

background-repeat:repeat-y;
background-attachment:scroll;
background-position: right;

}
</style>-->",SuperSportMirror(スーパースポーツミラー) トヨタ チェイサー チェイサー X100系 [1996～2001] DTM2ミラー LED クローム ミラー面電動調整 右ハンドル：ＰＡＲＴＳ,ヘッドライトテールライトコーナーライトサイドマーカーカーボンアンテナドアミラーエアロメーターパネルリップスポイラーウイングホイールカバーペダル車高調ブレーキドライブレコーダーワイパーグリルボンネットローダウンSuperSportMirror(スーパースポーツミラー) トヨタ チェイサー チェイサー X100系 [1996～2001] DTM2ミラー LED クローム ミラー面電動調整 右ハンドル,車種別ドアミラー トヨタ チェイサー。SuperSportMirror(スーパースポーツミラー) トヨタ チェイサー チェイサー X100系 [1996～2001] DTM2ミラー LED クローム ミラー面電動調整 右ハンドル[rn]
2-43266,http://tshop.r10s.jp/parts/cabinet/detail-a/am-rolb.jpg?fitin=700:700,12052.8000,,車用品・バイク用品 > カー用品 > 外装パーツ > エアロパーツ > ドアミラー,SuperSportMirror(スーパースポーツミラー) トヨタ チェイサー チェイサー X100系 [1996～2001] ROSSOミラー LED カーボンルック ミラー面手動調整 右ハンドル,車種別ドアミラー トヨタ チェイサー,"格納式LED付ミラー。ミラーはギラつきの少ないブルーミラーを採用。人気のＬＥＤウインカーを内臓！鮮やかなオレンジに発光。<br><br>モーターを排除することで軽量化。手動タイプ。右ハンドル車用<br><br>カラー：カーボンルック<br><br><br>適合車種：チェイサー X100系 [1996～2001]<br><br>ボディパーツ | ドアミラー<br>トヨタ | チェイサー | X100系<tr><td colspan=""2"">
<center><img src=""https://image.rakuten.co.jp/parts/cabinet/design/2017summertire2.jpg"" border=""0"" width=""800px""><br>
</td></tr></center>


<!--

<center>
<img src=""http://image.rakuten.co.jp/parts/cabinet/sale/201612ss_45_pc2.gif"" border=""0"" width=""800px"">
</center><br><br>
<center>
<img src=""http://image.rakuten.co.jp/parts/cabinet/sale/conbini201612pc.jpg"" border=""0"" width=""800px""
><br>

-->



<!--

<style type=""text/css"">
body{

background-image: url(""http://image.rakuten.co.jp/parts/cabinet/sale/36_shop_100x600.gif"");

background-repeat:repeat-y;
background-attachment:scroll;
background-position: right;

}
</style>-->",SuperSportMirror(スーパースポーツミラー) トヨタ チェイサー チェイサー X100系 [1996～2001] ROSSOミラー LED カーボンルック ミラー面手動調整 右ハンドル：ＰＡＲＴＳ,ヘッドライトテールライトコーナーライトサイドマーカーカーボンアンテナドアミラーエアロメーターパネルリップスポイラーウイングホイールカバーペダル車高調ブレーキドライブレコーダーワイパーグリルボンネットローダウンSuperSportMirror(スーパースポーツミラー) トヨタ チェイサー チェイサー X100系 [1996～2001] ROSSOミラー LED カーボンルック ミラー面手動調整 右ハンドル,車種別ドアミラー トヨタ チェイサー。SuperSportMirror(スーパースポーツミラー) トヨタ チェイサー チェイサー X100系 [1996～2001] ROSSOミラー LED カーボンルック ミラー面手動調整 右ハンドル[rn]
2-43267,http://tshop.r10s.jp/parts/cabinet/detail-s/am-jtlc.jpg?fitin=700:700,16070.4000,,車用品・バイク用品 > カー用品 > 外装パーツ > エアロパーツ > ドアミラー,SuperSportMirror(スーパースポーツミラー) トヨタ チェイサー チェイサー X90系 [1992～1996] JTCミラー LED カーボンルック ミラー面電動調整 右ハンドル,車種別ドアミラー トヨタ チェイサー,"スタイリッシュなデザインに、人気のＬＥＤウインカーを採用したJTCタイプ。鮮やかなオレンジに発光します。カーボン色にすることによりドレスアップに貢献！<br><br>ミラーレンズコントロール用モーター内臓。ブルーミラー採用。<br><br>カラー：カーボン調<br><br><br>適合車種：チェイサー X90系 [1992～1996] ※若干の加工を要す<br><br>ボディパーツ | ドアミラー<br>トヨタ | チェイサー | X90系<tr><td colspan=""2"">
<center><img src=""https://image.rakuten.co.jp/parts/cabinet/design/2017summertire2.jpg"" border=""0"" width=""800px""><br>
</td></tr></center>


<!--

<center>
<img src=""http://image.rakuten.co.jp/parts/cabinet/sale/201612ss_45_pc2.gif"" border=""0"" width=""800px"">
</center><br><br>
<center>
<img src=""http://image.rakuten.co.jp/parts/cabinet/sale/conbini201612pc.jpg"" border=""0"" width=""800px""
><br>

-->



<!--

<style type=""text/css"">
body{

background-image: url(""http://image.rakuten.co.jp/parts/cabinet/sale/36_shop_100x600.gif"");

background-repeat:repeat-y;
background-attachment:scroll;
background-position: right;

}
</style>-->",SuperSportMirror(スーパースポーツミラー) トヨタ チェイサー チェイサー X90系 [1992～1996] JTCミラー LED カーボンルック ミラー面電動調整 右ハンドル：ＰＡＲＴＳ,ヘッドライトテールライトコーナーライトサイドマーカーカーボンアンテナドアミラーエアロメーターパネルリップスポイラーウイングホイールカバーペダル車高調ブレーキドライブレコーダーワイパーグリルボンネットローダウンSuperSportMirror(スーパースポーツミラー) トヨタ チェイサー チェイサー X90系 [1992～1996] JTCミラー LED カーボンルック ミラー面電動調整 右ハンドル,車種別ドアミラー トヨタ チェイサー。SuperSportMirror(スーパースポーツミラー) トヨタ チェイサー チェイサー X90系 [1992～1996] JTCミラー LED カーボンルック ミラー面電動調整 右ハンドル[rn]
2-43268,http://tshop.r10s.jp/parts/cabinet/detail-a/am-m6c.jpg?fitin=700:700,14463.2000,,車用品・バイク用品 > カー用品 > 外装パーツ > エアロパーツ > ドアミラー,SuperSportMirror(スーパースポーツミラー) トヨタ カローラ/スプリンター トヨタ カローラ/スプリンター AE/CE/EE100系 [1991～1995] M60ミラー カーボンルック ミラー面電動調整 右ハンドル ポップアップ格納,車種別ドアミラー トヨタ カローラ/スプリンター,"SuperSportMirrorシリーズのフラッグシップモデル。跳ね上がるように格納することが出来ます。ミラーレンズには夜間走行時での後続車のヘッドライトから視界を守るブルーミラーレンズを採用。<br><br>ミラー面は電動で動かすことが出来ます。　モーター部も配線加工が不要なので電気加工が苦手な方にも簡単に取り付けできます。<br><br>●カラー：カーボンルック　●手動格納機構　●ブルーミラーレンズ　●ミラーレンズ電動調整式　●右ハンドル車用<br><br><br>適合車種：トヨタ カローラ/スプリンター AE/CE/EE100系 [1991～1995]<br><br>ボディパーツ | ドアミラー<br>トヨタ | カローラ/スプリンター | AE/CE/EE100系<tr><td colspan=""2"">
<center><img src=""https://image.rakuten.co.jp/parts/cabinet/design/2017summertire2.jpg"" border=""0"" width=""800px""><br>
</td></tr></center>


<!--

<center>
<img src=""http://image.rakuten.co.jp/parts/cabinet/sale/201612ss_45_pc2.gif"" border=""0"" width=""800px"">
</center><br><br>
<center>
<img src=""http://image.rakuten.co.jp/parts/cabinet/sale/conbini201612pc.jpg"" border=""0"" width=""800px""
><br>

-->



<!--

<style type=""text/css"">
body{

background-image: url(""http://image.rakuten.co.jp/parts/cabinet/sale/36_shop_100x600.gif"");

background-repeat:repeat-y;
background-attachment:scroll;
background-position: right;

}
</style>-->",SuperSportMirror(スーパースポーツミラー) トヨタ カローラ/スプリンター トヨタ カローラ/スプリンター AE/CE/EE100系 [1991～1995] M60ミラー カーボンルック ミラー面電動調整 右ハンドル ポップアップ格納：ＰＡＲＴＳ,ヘッドライトテールライトコーナーライトサイドマーカーカーボンアンテナドアミラーエアロメーターパネルリップスポイラーウイングホイールカバーペダル車高調ブレーキドライブレコーダーワイパーグリルボンネットローダウンSuperSportMirror(スーパースポーツミラー) トヨタ カローラ/スプリンター トヨタ カローラ/スプリンター AE/CE/EE100系 [1991～1995] M60ミラー カーボンルック ミラー面電動調整 右ハンドル ポップアップ格納,車種別ドアミラー トヨタ カローラ/スプリンター。SuperSportMirror(スーパースポーツミラー) トヨタ カローラ/スプリンター トヨタ カローラ/スプリンター AE/CE/EE100系 [1991～1995] M60ミラー カーボンルック ミラー面電動調整 右ハンドル ポップアップ格納[rn]
2-43269,http://tshop.r10s.jp/parts/cabinet/detail-s/am-jtlc.jpg?fitin=700:700,12052.8000,,車用品・バイク用品 > カー用品 > 外装パーツ > エアロパーツ > ドアミラー,SuperSportMirror(スーパースポーツミラー) トヨタ チェイサー チェイサー X90系 [1992～1996] JTCミラー LED カーボンルック ミラー面手動調整 右ハンドル,車種別ドアミラー トヨタ チェイサー,"スタイリッシュなデザインに、人気のＬＥＤウインカーを内臓したJTCタイプです。鮮やかなオレンジに発光します。カーボン色にすることによりドレスアップに貢献！<br><br>モーターを排除することで軽量化。配線加工の不要な手動タイプです。ブルーミラー採用。<br><br>カラー：カーボン調<br><br><br>適合車種：チェイサー X90系 [1992～1996] ※若干の加工を要す<br><br>ボディパーツ | ドアミラー<br>トヨタ | チェイサー | X90系<tr><td colspan=""2"">
<center><img src=""https://image.rakuten.co.jp/parts/cabinet/design/2017summertire2.jpg"" border=""0"" width=""800px""><br>
</td></tr></center>


<!--

<center>
<img src=""http://image.rakuten.co.jp/parts/cabinet/sale/201612ss_45_pc2.gif"" border=""0"" width=""800px"">
</center><br><br>
<center>
<img src=""http://image.rakuten.co.jp/parts/cabinet/sale/conbini201612pc.jpg"" border=""0"" width=""800px""
><br>

-->



<!--

<style type=""text/css"">
body{

background-image: url(""http://image.rakuten.co.jp/parts/cabinet/sale/36_shop_100x600.gif"");

background-repeat:repeat-y;
background-attachment:scroll;
background-position: right;

}
</style>-->",SuperSportMirror(スーパースポーツミラー) トヨタ チェイサー チェイサー X90系 [1992～1996] JTCミラー LED カーボンルック ミラー面手動調整 右ハンドル：ＰＡＲＴＳ,ヘッドライトテールライトコーナーライトサイドマーカーカーボンアンテナドアミラーエアロメーターパネルリップスポイラーウイングホイールカバーペダル車高調ブレーキドライブレコーダーワイパーグリルボンネットローダウンSuperSportMirror(スーパースポーツミラー) トヨタ チェイサー チェイサー X90系 [1992～1996] JTCミラー LED カーボンルック ミラー面手動調整 右ハンドル,車種別ドアミラー トヨタ チェイサー。SuperSportMirror(スーパースポーツミラー) トヨタ チェイサー チェイサー X90系 [1992～1996] JTCミラー LED カーボンルック ミラー面手動調整 右ハンドル[rn]
2-43270,http://tshop.r10s.jp/parts/cabinet/detail-s/am-slrm.jpg?fitin=700:700,17280.0000,,車用品・バイク用品 > カー用品 > 外装パーツ > エアロパーツ > ドアミラー,SuperSportMirror(スーパースポーツミラー) トヨタ ハイエース/レジアスエース トヨタ ハイエース/レジアスエース H200系 [2004～] SLRミラー LED クローム ミラー面電動調整 右ハンドル,車種別ドアミラー トヨタ ハイエース/レジアスエース,"サイドに伸びたツインフィンが目をひくＳＬＲタイプ。ブルーミラーを採用。ＬＥＤウインカーをツインフィンの中央に内臓し鮮やかなオレンジに発光。<br><br>ミラーレンズコントロール用モーター内臓。<br><br>●カラー:マテリアルブラック ●ミラーレンズ電動調整式 ●右ハンドル車用<br><br><br>適合車種：トヨタ ハイエース/レジアスエース H200系 [2004～]<br><br>ボディパーツ | ドアミラー<br>トヨタ | ハイエース/レジアスエース | H200系<tr><td colspan=""2"">
<center><img src=""https://image.rakuten.co.jp/parts/cabinet/design/2017summertire2.jpg"" border=""0"" width=""800px""><br>
</td></tr></center>


<!--

<center>
<img src=""http://image.rakuten.co.jp/parts/cabinet/sale/201612ss_45_pc2.gif"" border=""0"" width=""800px"">
</center><br><br>
<center>
<img src=""http://image.rakuten.co.jp/parts/cabinet/sale/conbini201612pc.jpg"" border=""0"" width=""800px""
><br>

-->



<!--

<style type=""text/css"">
body{

background-image: url(""http://image.rakuten.co.jp/parts/cabinet/sale/36_shop_100x600.gif"");

background-repeat:repeat-y;
background-attachment:scroll;
background-position: right;

}
</style>-->",SuperSportMirror(スーパースポーツミラー) トヨタ ハイエース/レジアスエース トヨタ ハイエース/レジアスエース H200系 [2004～] SLRミラー LED クローム ミラー面電動調整 右ハンドル：ＰＡＲＴＳ,ヘッドライトテールライトコーナーライトサイドマーカーカーボンアンテナドアミラーエアロメーターパネルリップスポイラーウイングホイールカバーペダル車高調ブレーキドライブレコーダーワイパーグリルボンネットローダウンSuperSportMirror(スーパースポーツミラー) トヨタ ハイエース/レジアスエース トヨタ ハイエース/レジアスエース H200系 [2004～] SLRミラー LED クローム ミラー面電動調整 右ハンドル,車種別ドアミラー トヨタ ハイエース/レジアスエース。SuperSportMirror(スーパースポーツミラー) トヨタ ハイエース/レジアスエース トヨタ ハイエース/レジアスエース H200系 [2004～] SLRミラー LED クローム ミラー面電動調整 右ハンドル[rn]
2-43271,http://tshop.r10s.jp/parts/cabinet/detail-s/am-d2lb.jpg?fitin=700:700,11249.6000,,車用品・バイク用品 > カー用品 > 外装パーツ > エアロパーツ > ドアミラー,SuperSportMirror(スーパースポーツミラー) トヨタ チェイサー チェイサー X100系 [1996～2001] DTM2ミラー LED ブラック ミラー面手動調整 右ハンドル,車種別ドアミラー トヨタ チェイサー,"dtmタイプをベースに後方へのLEDウインカー視界を向上させたフラッグシップモデル。ブルーミラーを採用。ＬＥＤウインカーは鮮やかなオレンジに発光。<br><br>モーターを排除することで軽量化。手動タイプ。<br><br>カラー：マテリアルブラック<br><br><br>適合車種：チェイサー X100系 [1996～2001]<br><br>ボディパーツ | ドアミラー<br>トヨタ | チェイサー | X100系<tr><td colspan=""2"">
<center><img src=""https://image.rakuten.co.jp/parts/cabinet/design/2017summertire2.jpg"" border=""0"" width=""800px""><br>
</td></tr></center>


<!--

<center>
<img src=""http://image.rakuten.co.jp/parts/cabinet/sale/201612ss_45_pc2.gif"" border=""0"" width=""800px"">
</center><br><br>
<center>
<img src=""http://image.rakuten.co.jp/parts/cabinet/sale/conbini201612pc.jpg"" border=""0"" width=""800px""
><br>

-->



<!--

<style type=""text/css"">
body{

background-image: url(""http://image.rakuten.co.jp/parts/cabinet/sale/36_shop_100x600.gif"");

background-repeat:repeat-y;
background-attachment:scroll;
background-position: right;

}
</style>-->",SuperSportMirror(スーパースポーツミラー) トヨタ チェイサー チェイサー X100系 [1996～2001] DTM2ミラー LED ブラック ミラー面手動調整 右ハンドル：ＰＡＲＴＳ,ヘッドライトテールライトコーナーライトサイドマーカーカーボンアンテナドアミラーエアロメーターパネルリップスポイラーウイングホイールカバーペダル車高調ブレーキドライブレコーダーワイパーグリルボンネットローダウンSuperSportMirror(スーパースポーツミラー) トヨタ チェイサー チェイサー X100系 [1996～2001] DTM2ミラー LED ブラック ミラー面手動調整 右ハンドル,車種別ドアミラー トヨタ チェイサー。SuperSportMirror(スーパースポーツミラー) トヨタ チェイサー チェイサー X100系 [1996～2001] DTM2ミラー LED ブラック ミラー面手動調整 右ハンドル[rn]
2-43272,http://tshop.r10s.jp/parts/cabinet/detail-s/am-gt2lc.jpg?fitin=700:700,12052.8000,,車用品・バイク用品 > カー用品 > 外装パーツ > エアロパーツ > ドアミラー,SuperSportMirror(スーパースポーツミラー) トヨタ チェイサー チェイサー X90系 [1992～1996] GT2ミラー LED カーボンルック ミラー面手動調整 右ハンドル,車種別ドアミラー トヨタ チェイサー,"軽量コンパクトながら、さらにスタイリッシュなデザインになったＧＴ2。ブルーミラーを採用。モーターを排除することで軽量化。手動タイプ。<br><br>人気のＬＥＤウインカーを内臓！鮮やかなオレンジに発光。<br><br>カラー：カーボン調<br><br><br>適合車種：チェイサー X90系 [1992～1996] ※若干の加工を要す<br><br>ボディパーツ | ドアミラー<br>トヨタ | チェイサー | X90系<tr><td colspan=""2"">
<center><img src=""https://image.rakuten.co.jp/parts/cabinet/design/2017summertire2.jpg"" border=""0"" width=""800px""><br>
</td></tr></center>


<!--

<center>
<img src=""http://image.rakuten.co.jp/parts/cabinet/sale/201612ss_45_pc2.gif"" border=""0"" width=""800px"">
</center><br><br>
<center>
<img src=""http://image.rakuten.co.jp/parts/cabinet/sale/conbini201612pc.jpg"" border=""0"" width=""800px""
><br>

-->



<!--

<style type=""text/css"">
body{

background-image: url(""http://image.rakuten.co.jp/parts/cabinet/sale/36_shop_100x600.gif"");

background-repeat:repeat-y;
background-attachment:scroll;
background-position: right;

}
</style>-->",SuperSportMirror(スーパースポーツミラー) トヨタ チェイサー チェイサー X90系 [1992～1996] GT2ミラー LED カーボンルック ミラー面手動調整 右ハンドル：ＰＡＲＴＳ,ヘッドライトテールライトコーナーライトサイドマーカーカーボンアンテナドアミラーエアロメーターパネルリップスポイラーウイングホイールカバーペダル車高調ブレーキドライブレコーダーワイパーグリルボンネットローダウンSuperSportMirror(スーパースポーツミラー) トヨタ チェイサー チェイサー X90系 [1992～1996] GT2ミラー LED カーボンルック ミラー面手動調整 右ハンドル,車種別ドアミラー トヨタ チェイサー。SuperSportMirror(スーパースポーツミラー) トヨタ チェイサー チェイサー X90系 [1992～1996] GT2ミラー LED カーボンルック ミラー面手動調整 右ハンドル[rn]
2-43273,http://tshop.r10s.jp/parts/cabinet/detail-s/am-jt2c.jpg?fitin=700:700,14463.2000,,車用品・バイク用品 > カー用品 > 外装パーツ > エアロパーツ > ドアミラー,SuperSportMirror(スーパースポーツミラー) トヨタ チェイサー チェイサー X90系 [1992～1996] JTC2ミラー カーボンルック ミラー面電動調整 右ハンドル,車種別ドアミラー トヨタ チェイサー,"スタイリッシュなデザインが人気のJTCタイプのLEDレスタイプ。カバーレスタイプでシンプルでスポーティーに！<br><br>ミラーレンズコントロール用モーター内臓。<br><br>カラー：カーボン調<br><br><br>適合車種：チェイサー X90系 [1992～1996] ※若干の加工を要す<br><br>ボディパーツ | ドアミラー<br>トヨタ | チェイサー | X90系<tr><td colspan=""2"">
<center><img src=""https://image.rakuten.co.jp/parts/cabinet/design/2017summertire2.jpg"" border=""0"" width=""800px""><br>
</td></tr></center>


<!--

<center>
<img src=""http://image.rakuten.co.jp/parts/cabinet/sale/201612ss_45_pc2.gif"" border=""0"" width=""800px"">
</center><br><br>
<center>
<img src=""http://image.rakuten.co.jp/parts/cabinet/sale/conbini201612pc.jpg"" border=""0"" width=""800px""
><br>

-->



<!--

<style type=""text/css"">
body{

background-image: url(""http://image.rakuten.co.jp/parts/cabinet/sale/36_shop_100x600.gif"");

background-repeat:repeat-y;
background-attachment:scroll;
background-position: right;

}
</style>-->",SuperSportMirror(スーパースポーツミラー) トヨタ チェイサー チェイサー X90系 [1992～1996] JTC2ミラー カーボンルック ミラー面電動調整 右ハンドル：ＰＡＲＴＳ,ヘッドライトテールライトコーナーライトサイドマーカーカーボンアンテナドアミラーエアロメーターパネルリップスポイラーウイングホイールカバーペダル車高調ブレーキドライブレコーダーワイパーグリルボンネットローダウンSuperSportMirror(スーパースポーツミラー) トヨタ チェイサー チェイサー X90系 [1992～1996] JTC2ミラー カーボンルック ミラー面電動調整 右ハンドル,車種別ドアミラー トヨタ チェイサー。SuperSportMirror(スーパースポーツミラー) トヨタ チェイサー チェイサー X90系 [1992～1996] JTC2ミラー カーボンルック ミラー面電動調整 右ハンドル[rn]
2-43274,http://tshop.r10s.jp/parts/cabinet/detail-s/am-slrm.jpg?fitin=700:700,12960.0000,,車用品・バイク用品 > カー用品 > 外装パーツ > エアロパーツ > ドアミラー,SuperSportMirror(スーパースポーツミラー) トヨタ ハイエース/レジアスエース トヨタ ハイエース/レジアスエース H200系 [2004～] SLRミラー LED クローム ミラー面手動調整 右ハンドル,車種別ドアミラー トヨタ ハイエース/レジアスエース,"サイドに伸びたツインフィンが目をひくＳＬＲタイプ。ブルーミラーを採用。ＬＥＤウインカーをツインフィンの中央に内臓し鮮やかなオレンジに発光。<br><br>ミラー面手動調整<br><br>●カラー:マテリアルブラック ●右ハンドル車用<br><br><br>適合車種：トヨタ ハイエース/レジアスエース H200系 [2004～]<br><br>ボディパーツ | ドアミラー<br>トヨタ | ハイエース/レジアスエース | H200系<tr><td colspan=""2"">
<center><img src=""https://image.rakuten.co.jp/parts/cabinet/design/2017summertire2.jpg"" border=""0"" width=""800px""><br>
</td></tr></center>


<!--

<center>
<img src=""http://image.rakuten.co.jp/parts/cabinet/sale/201612ss_45_pc2.gif"" border=""0"" width=""800px"">
</center><br><br>
<center>
<img src=""http://image.rakuten.co.jp/parts/cabinet/sale/conbini201612pc.jpg"" border=""0"" width=""800px""
><br>

-->



<!--

<style type=""text/css"">
body{

background-image: url(""http://image.rakuten.co.jp/parts/cabinet/sale/36_shop_100x600.gif"");

background-repeat:repeat-y;
background-attachment:scroll;
background-position: right;

}
</style>-->",SuperSportMirror(スーパースポーツミラー) トヨタ ハイエース/レジアスエース トヨタ ハイエース/レジアスエース H200系 [2004～] SLRミラー LED クローム ミラー面手動調整 右ハンドル：ＰＡＲＴＳ,ヘッドライトテールライトコーナーライトサイドマーカーカーボンアンテナドアミラーエアロメーターパネルリップスポイラーウイングホイールカバーペダル車高調ブレーキドライブレコーダーワイパーグリルボンネットローダウンSuperSportMirror(スーパースポーツミラー) トヨタ ハイエース/レジアスエース トヨタ ハイエース/レジアスエース H200系 [2004～] SLRミラー LED クローム ミラー面手動調整 右ハンドル,車種別ドアミラー トヨタ ハイエース/レジアスエース。SuperSportMirror(スーパースポーツミラー) トヨタ ハイエース/レジアスエース トヨタ ハイエース/レジアスエース H200系 [2004～] SLRミラー LED クローム ミラー面手動調整 右ハンドル[rn]
2-43275,http://tshop.r10s.jp/parts/cabinet/detail-s/am-m6lb.jpg?fitin=700:700,12052.8000,,車用品・バイク用品 > カー用品 > 外装パーツ > エアロパーツ > ドアミラー,SuperSportMirror(スーパースポーツミラー) トヨタ マーク2 マーク2 X100系 [1996～2000] M60ミラー LED ブラック ミラー面手動調整 右ハンドル ポップアップ格納,車種別ドアミラー トヨタ マーク2,"SuperSportMirrorシリーズのフラッグシップモデル。跳ね上がるように格納することが出来ます。ミラーレンズには夜間走行時での後続車のヘッドライトから視界を守るブルーミラーレンズを採用。<br><br>本体には安全性・視認性に優れた高輝度LEDウインカーを装備。モーターを排除することで軽量化した手動タイプ。　モーター部も配線加工が不要なので電気加工が苦手な方にも簡単に取り付けできます。<br><br>●カラー：マテリアルブラック　●手動格納機構　●ブルーミラーレンズ　●ミラーレンズ手動調整式　●右ハンドル車用<br><br><br>適合車種：マーク2 X100系 [1996～2000]<br><br>ボディパーツ | ドアミラー<br>トヨタ | マーク2 | X100系<tr><td colspan=""2"">
<center><img src=""https://image.rakuten.co.jp/parts/cabinet/design/2017summertire2.jpg"" border=""0"" width=""800px""><br>
</td></tr></center>


<!--

<center>
<img src=""http://image.rakuten.co.jp/parts/cabinet/sale/201612ss_45_pc2.gif"" border=""0"" width=""800px"">
</center><br><br>
<center>
<img src=""http://image.rakuten.co.jp/parts/cabinet/sale/conbini201612pc.jpg"" border=""0"" width=""800px""
><br>

-->



<!--

<style type=""text/css"">
body{

background-image: url(""http://image.rakuten.co.jp/parts/cabinet/sale/36_shop_100x600.gif"");

background-repeat:repeat-y;
background-attachment:scroll;
background-position: right;

}
</style>-->",SuperSportMirror(スーパースポーツミラー) トヨタ マーク2 マーク2 X100系 [1996～2000] M60ミラー LED ブラック ミラー面手動調整 右ハンドル ポップアップ格納：ＰＡＲＴＳ,ヘッドライトテールライトコーナーライトサイドマーカーカーボンアンテナドアミラーエアロメーターパネルリップスポイラーウイングホイールカバーペダル車高調ブレーキドライブレコーダーワイパーグリルボンネットローダウンSuperSportMirror(スーパースポーツミラー) トヨタ マーク2 マーク2 X100系 [1996～2000] M60ミラー LED ブラック ミラー面手動調整 右ハンドル ポップアップ格納,車種別ドアミラー トヨタ マーク2。SuperSportMirror(スーパースポーツミラー) トヨタ マーク2 マーク2 X100系 [1996～2000] M60ミラー LED ブラック ミラー面手動調整 右ハンドル ポップアップ格納[rn]
2-43276,http://tshop.r10s.jp/parts/cabinet/detail-s/am-v8lc.jpg?fitin=700:700,15267.2000,,車用品・バイク用品 > カー用品 > 外装パーツ > エアロパーツ > ドアミラー,SuperSportMirror(スーパースポーツミラー) トヨタ チェイサー チェイサー X90系 [1992～1996] V8Sミラー LED カーボンルック ミラー面電動調整 右ハンドル,車種別ドアミラー トヨタ チェイサー,"細くシャープなデザインのウインカーレンズが特徴のＶ8Ｓタイプ。ギラつきのないブルーミラーを採用しました。人気のＬＥＤウインカーを内臓！鮮やかなオレンジに発光します。<br><br>ミラーレンズコントロール用モーター内臓。<br><br>カラー：カーボン調<br><br><br>適合車種：チェイサー X90系 [1992～1996] ※若干の加工を要す<br><br>ボディパーツ | ドアミラー<br>トヨタ | チェイサー | X90系<tr><td colspan=""2"">
<center><img src=""https://image.rakuten.co.jp/parts/cabinet/design/2017summertire2.jpg"" border=""0"" width=""800px""><br>
</td></tr></center>


<!--

<center>
<img src=""http://image.rakuten.co.jp/parts/cabinet/sale/201612ss_45_pc2.gif"" border=""0"" width=""800px"">
</center><br><br>
<center>
<img src=""http://image.rakuten.co.jp/parts/cabinet/sale/conbini201612pc.jpg"" border=""0"" width=""800px""
><br>

-->



<!--

<style type=""text/css"">
body{

background-image: url(""http://image.rakuten.co.jp/parts/cabinet/sale/36_shop_100x600.gif"");

background-repeat:repeat-y;
background-attachment:scroll;
background-position: right;

}
</style>-->",SuperSportMirror(スーパースポーツミラー) トヨタ チェイサー チェイサー X90系 [1992～1996] V8Sミラー LED カーボンルック ミラー面電動調整 右ハンドル：ＰＡＲＴＳ,ヘッドライトテールライトコーナーライトサイドマーカーカーボンアンテナドアミラーエアロメーターパネルリップスポイラーウイングホイールカバーペダル車高調ブレーキドライブレコーダーワイパーグリルボンネットローダウンSuperSportMirror(スーパースポーツミラー) トヨタ チェイサー チェイサー X90系 [1992～1996] V8Sミラー LED カーボンルック ミラー面電動調整 右ハンドル,車種別ドアミラー トヨタ チェイサー。SuperSportMirror(スーパースポーツミラー) トヨタ チェイサー チェイサー X90系 [1992～1996] V8Sミラー LED カーボンルック ミラー面電動調整 右ハンドル[rn]
2-43277,http://tshop.r10s.jp/parts/cabinet/detail-s/sbmcprcbk.jpg?fitin=700:700,25712.8000,,車用品・バイク用品 > カー用品 > 外装パーツ > エアロパーツ > ドアミラー,SuperSportMirror(スーパースポーツミラー) トヨタ チェイサー チェイサー X100系 [1996～2001] コンペティションミラー リアルカーボン ミラー面電動調整,車種別ドアミラー トヨタ チェイサー,"コンパクトなデザインとその軽さが好評なCOMPモデル。ミラーレンズには夜間走行時での後続車のヘッドライトから視界を守るブルーミラーレンズを採用。ミラー面電動調整タイプ。<br><br>●電動調整式 ●左右セット ●左右ハンドル車共通<br><br> ●カラー：リアルカーボン <br><br><br>適合車種：チェイサー X100系 [1996～2001]<br><br>ボディパーツ | ドアミラー<br>トヨタ | チェイサー | X100系<tr><td colspan=""2"">
<center><img src=""https://image.rakuten.co.jp/parts/cabinet/design/2017summertire2.jpg"" border=""0"" width=""800px""><br>
</td></tr></center>


<!--

<center>
<img src=""http://image.rakuten.co.jp/parts/cabinet/sale/201612ss_45_pc2.gif"" border=""0"" width=""800px"">
</center><br><br>
<center>
<img src=""http://image.rakuten.co.jp/parts/cabinet/sale/conbini201612pc.jpg"" border=""0"" width=""800px""
><br>

-->



<!--

<style type=""text/css"">
body{

background-image: url(""http://image.rakuten.co.jp/parts/cabinet/sale/36_shop_100x600.gif"");

background-repeat:repeat-y;
background-attachment:scroll;
background-position: right;

}
</style>-->",SuperSportMirror(スーパースポーツミラー) トヨタ チェイサー チェイサー X100系 [1996～2001] コンペティションミラー リアルカーボン ミラー面電動調整：ＰＡＲＴＳ,ヘッドライトテールライトコーナーライトサイドマーカーカーボンアンテナドアミラーエアロメーターパネルリップスポイラーウイングホイールカバーペダル車高調ブレーキドライブレコーダーワイパーグリルボンネットローダウンSuperSportMirror(スーパースポーツミラー) トヨタ チェイサー チェイサー X100系 [1996～2001] コンペティションミラー リアルカーボン ミラー面電動調整,車種別ドアミラー トヨタ チェイサー。SuperSportMirror(スーパースポーツミラー) トヨタ チェイサー チェイサー X100系 [1996～2001] コンペティションミラー リアルカーボン ミラー面電動調整[rn]
2-43278,http://tshop.r10s.jp/parts/cabinet/detail-a/am-m6b.jpg?fitin=700:700,16070.4000,,車用品・バイク用品 > カー用品 > 外装パーツ > エアロパーツ > ドアミラー,SuperSportMirror(スーパースポーツミラー) トヨタ セリカ トヨタ セリカ ZZT230/231 [1999～2006] M60ミラー LED ブラック ミラー面電動調整 右ハンドル ポップアップ格納,車種別ドアミラー トヨタ セリカ,"SuperSportMirrorシリーズのフラッグシップモデル。跳ね上がるように格納することが出来ます。ミラーレンズには夜間走行時での後続車のヘッドライトから視界を守るブルーミラーレンズを採用。<br><br>本体には安全性・視認性に優れた高輝度LEDウインカーを装備。ミラー面は電動で動かすことが出来ます。　モーター部も配線加工が不要なので電気加工が苦手な方にも簡単に取り付けできます。<br><br>●カラー：マテリアルブラック　●手動格納機構　●ブルーミラーレンズ　●ミラーレンズ手動調整式　●右ハンドル車用<br><br><br>適合車種：トヨタ セリカ ZZT230/231 [1999～2006]<br><br>ボディパーツ | ドアミラー<br>トヨタ | セリカ | ZZT230/231<tr><td colspan=""2"">
<center><img src=""https://image.rakuten.co.jp/parts/cabinet/design/2017summertire2.jpg"" border=""0"" width=""800px""><br>
</td></tr></center>


<!--

<center>
<img src=""http://image.rakuten.co.jp/parts/cabinet/sale/201612ss_45_pc2.gif"" border=""0"" width=""800px"">
</center><br><br>
<center>
<img src=""http://image.rakuten.co.jp/parts/cabinet/sale/conbini201612pc.jpg"" border=""0"" width=""800px""
><br>

-->



<!--

<style type=""text/css"">
body{

background-image: url(""http://image.rakuten.co.jp/parts/cabinet/sale/36_shop_100x600.gif"");

background-repeat:repeat-y;
background-attachment:scroll;
background-position: right;

}
</style>-->",SuperSportMirror(スーパースポーツミラー) トヨタ セリカ トヨタ セリカ ZZT230/231 [1999～2006] M60ミラー LED ブラック ミラー面電動調整 右ハンドル ポップアップ格納：ＰＡＲＴＳ,ヘッドライトテールライトコーナーライトサイドマーカーカーボンアンテナドアミラーエアロメーターパネルリップスポイラーウイングホイールカバーペダル車高調ブレーキドライブレコーダーワイパーグリルボンネットローダウンSuperSportMirror(スーパースポーツミラー) トヨタ セリカ トヨタ セリカ ZZT230/231 [1999～2006] M60ミラー LED ブラック ミラー面電動調整 右ハンドル ポップアップ格納,車種別ドアミラー トヨタ セリカ。SuperSportMirror(スーパースポーツミラー) トヨタ セリカ トヨタ セリカ ZZT230/231 [1999～2006] M60ミラー LED ブラック ミラー面電動調整 右ハンドル ポップアップ格納[rn]
2-43279,http://tshop.r10s.jp/parts/cabinet/detail-s/am-d2lc.jpg?fitin=700:700,11249.6000,,車用品・バイク用品 > カー用品 > 外装パーツ > エアロパーツ > ドアミラー,SuperSportMirror(スーパースポーツミラー) トヨタ チェイサー チェイサー X100系 [1996～2001] DTM2ミラー LED カーボンルック ミラー面手動調整 右ハンドル,車種別ドアミラー トヨタ チェイサー,"dtmタイプをベースに後方へのLEDウインカー視界を向上させたフラッグシップモデル。ブルーミラーを採用。ＬＥＤウインカーは鮮やかなオレンジに発光。<br><br>モーターを排除することで軽量化。手動タイプ。<br><br>カラー：カーボン調<br><br><br>適合車種：チェイサー X100系 [1996～2001]<br><br>ボディパーツ | ドアミラー<br>トヨタ | チェイサー | X100系<tr><td colspan=""2"">
<center><img src=""https://image.rakuten.co.jp/parts/cabinet/design/2017summertire2.jpg"" border=""0"" width=""800px""><br>
</td></tr></center>


<!--

<center>
<img src=""http://image.rakuten.co.jp/parts/cabinet/sale/201612ss_45_pc2.gif"" border=""0"" width=""800px"">
</center><br><br>
<center>
<img src=""http://image.rakuten.co.jp/parts/cabinet/sale/conbini201612pc.jpg"" border=""0"" width=""800px""
><br>

-->



<!--

<style type=""text/css"">
body{

background-image: url(""http://image.rakuten.co.jp/parts/cabinet/sale/36_shop_100x600.gif"");

background-repeat:repeat-y;
background-attachment:scroll;
background-position: right;

}
</style>-->",SuperSportMirror(スーパースポーツミラー) トヨタ チェイサー チェイサー X100系 [1996～2001] DTM2ミラー LED カーボンルック ミラー面手動調整 右ハンドル：ＰＡＲＴＳ,ヘッドライトテールライトコーナーライトサイドマーカーカーボンアンテナドアミラーエアロメーターパネルリップスポイラーウイングホイールカバーペダル車高調ブレーキドライブレコーダーワイパーグリルボンネットローダウンSuperSportMirror(スーパースポーツミラー) トヨタ チェイサー チェイサー X100系 [1996～2001] DTM2ミラー LED カーボンルック ミラー面手動調整 右ハンドル,車種別ドアミラー トヨタ チェイサー。SuperSportMirror(スーパースポーツミラー) トヨタ チェイサー チェイサー X100系 [1996～2001] DTM2ミラー LED カーボンルック ミラー面手動調整 右ハンドル[rn]
2-43280,http://tshop.r10s.jp/parts/cabinet/detail-s/am-slrm.jpg?fitin=700:700,12960.0000,,車用品・バイク用品 > カー用品 > 外装パーツ > エアロパーツ > ドアミラー,SuperSportMirror(スーパースポーツミラー) トヨタ ハイエース/レジアスエース トヨタ ハイエース/レジアスエース H100系 [1989～2004] SLRミラー LED クローム ミラー面手動調整 右ハンドル,車種別ドアミラー トヨタ ハイエース/レジアスエース,"サイドに伸びたツインフィンが目をひくＳＬＲタイプ。ブルーミラーを採用。ＬＥＤウインカーをツインフィンの中央に内臓し鮮やかなオレンジに発光。<br><br>ミラー面手動調整<br><br>●カラー:マテリアルブラック ●右ハンドル車用<br><br><br>適合車種：トヨタ ハイエース/レジアスエース H100系 [1989～2004]<br><br>ボディパーツ | ドアミラー<br>トヨタ | ハイエース/レジアスエース | H100系<tr><td colspan=""2"">
<center><img src=""https://image.rakuten.co.jp/parts/cabinet/design/2017summertire2.jpg"" border=""0"" width=""800px""><br>
</td></tr></center>


<!--

<center>
<img src=""http://image.rakuten.co.jp/parts/cabinet/sale/201612ss_45_pc2.gif"" border=""0"" width=""800px"">
</center><br><br>
<center>
<img src=""http://image.rakuten.co.jp/parts/cabinet/sale/conbini201612pc.jpg"" border=""0"" width=""800px""
><br>

-->



<!--

<style type=""text/css"">
body{

background-image: url(""http://image.rakuten.co.jp/parts/cabinet/sale/36_shop_100x600.gif"");

background-repeat:repeat-y;
background-attachment:scroll;
background-position: right;

}
</style>-->",SuperSportMirror(スーパースポーツミラー) トヨタ ハイエース/レジアスエース トヨタ ハイエース/レジアスエース H100系 [1989～2004] SLRミラー LED クローム ミラー面手動調整 右ハンドル：ＰＡＲＴＳ,ヘッドライトテールライトコーナーライトサイドマーカーカーボンアンテナドアミラーエアロメーターパネルリップスポイラーウイングホイールカバーペダル車高調ブレーキドライブレコーダーワイパーグリルボンネットローダウンSuperSportMirror(スーパースポーツミラー) トヨタ ハイエース/レジアスエース トヨタ ハイエース/レジアスエース H100系 [1989～2004] SLRミラー LED クローム ミラー面手動調整 右ハンドル,車種別ドアミラー トヨタ ハイエース/レジアスエース。SuperSportMirror(スーパースポーツミラー) トヨタ ハイエース/レジアスエース トヨタ ハイエース/レジアスエース H100系 [1989～2004] SLRミラー LED クローム ミラー面手動調整 右ハンドル[rn]
2-43281,http://tshop.r10s.jp/parts/cabinet/detail-s/am-slrm.jpg?fitin=700:700,17280.0000,,車用品・バイク用品 > カー用品 > 外装パーツ > エアロパーツ > ドアミラー,SuperSportMirror(スーパースポーツミラー) トヨタ チェイサー トヨタ マーク2 X90系 [1992～1996] SLRミラー LED クローム ミラー面電動調整 右ハンドル,車種別ドアミラー トヨタ チェイサー,"サイドに伸びたツインフィンが目をひくＳＬＲタイプ。ブルーミラーを採用。ＬＥＤウインカーをツインフィンの中央に内臓し鮮やかなオレンジに発光。<br><br>ミラーレンズコントロール用モーター内臓。<br><br>●カラー:マテリアルブラック ●ミラーレンズ電動調整式 ●右ハンドル車用<br><br><br>適合車種：マーク2 X90系 [1992～1996] ※若干の加工を要す<br><br>ボディパーツ | ドアミラー<br>トヨタ | チェイサー | X100系<tr><td colspan=""2"">
<center><img src=""https://image.rakuten.co.jp/parts/cabinet/design/2017summertire2.jpg"" border=""0"" width=""800px""><br>
</td></tr></center>


<!--

<center>
<img src=""http://image.rakuten.co.jp/parts/cabinet/sale/201612ss_45_pc2.gif"" border=""0"" width=""800px"">
</center><br><br>
<center>
<img src=""http://image.rakuten.co.jp/parts/cabinet/sale/conbini201612pc.jpg"" border=""0"" width=""800px""
><br>

-->



<!--

<style type=""text/css"">
body{

background-image: url(""http://image.rakuten.co.jp/parts/cabinet/sale/36_shop_100x600.gif"");

background-repeat:repeat-y;
background-attachment:scroll;
background-position: right;

}
</style>-->",SuperSportMirror(スーパースポーツミラー) トヨタ チェイサー トヨタ マーク2 X90系 [1992～1996] SLRミラー LED クローム ミラー面電動調整 右ハンドル：ＰＡＲＴＳ,ヘッドライトテールライトコーナーライトサイドマーカーカーボンアンテナドアミラーエアロメーターパネルリップスポイラーウイングホイールカバーペダル車高調ブレーキドライブレコーダーワイパーグリルボンネットローダウンSuperSportMirror(スーパースポーツミラー) トヨタ チェイサー トヨタ マーク2 X90系 [1992～1996] SLRミラー LED クローム ミラー面電動調整 右ハンドル,車種別ドアミラー トヨタ チェイサー。SuperSportMirror(スーパースポーツミラー) トヨタ チェイサー トヨタ マーク2 X90系 [1992～1996] SLRミラー LED クローム ミラー面電動調整 右ハンドル[rn]
2-43282,http://tshop.r10s.jp/parts/cabinet/detail-s/am-d2lc.jpg?fitin=700:700,15267.2000,,車用品・バイク用品 > カー用品 > 外装パーツ > エアロパーツ > ドアミラー,SuperSportMirror(スーパースポーツミラー) 三菱 ランサー 三菱 ランサー CZ4A エボX [2007～2015] DTM2ミラー LED カーボンルック ミラー面電動調整 右ハンドル,車種別ドアミラー 三菱 ランサー,"dtmタイプをベースに後方へのLEDウインカー視界を向上させたフラッグシップモデル。ブルーミラーを採用。ＬＥＤウインカーは鮮やかなオレンジに発光。<br><br>ミラーレンズコントロール用モーター内臓。<br><br>カラー：カーボン調<br><br><br>適合車種：三菱 ランサー CZ4A エボX [2007～2015]<br><br>ボディパーツ | ドアミラー<br>三菱 | ランサー | CZ4A エボX<tr><td colspan=""2"">
<center><img src=""https://image.rakuten.co.jp/parts/cabinet/design/2017summertire2.jpg"" border=""0"" width=""800px""><br>
</td></tr></center>


<!--

<center>
<img src=""http://image.rakuten.co.jp/parts/cabinet/sale/201612ss_45_pc2.gif"" border=""0"" width=""800px"">
</center><br><br>
<center>
<img src=""http://image.rakuten.co.jp/parts/cabinet/sale/conbini201612pc.jpg"" border=""0"" width=""800px""
><br>

-->



<!--

<style type=""text/css"">
body{

background-image: url(""http://image.rakuten.co.jp/parts/cabinet/sale/36_shop_100x600.gif"");

background-repeat:repeat-y;
background-attachment:scroll;
background-position: right;

}
</style>-->",SuperSportMirror(スーパースポーツミラー) 三菱 ランサー 三菱 ランサー CZ4A エボX [2007～2015] DTM2ミラー LED カーボンルック ミラー面電動調整 右ハンドル：ＰＡＲＴＳ,ヘッドライトテールライトコーナーライトサイドマーカーカーボンアンテナドアミラーエアロメーターパネルリップスポイラーウイングホイールカバーペダル車高調ブレーキドライブレコーダーワイパーグリルボンネットローダウンSuperSportMirror(スーパースポーツミラー) 三菱 ランサー 三菱 ランサー CZ4A エボX [2007～2015] DTM2ミラー LED カーボンルック ミラー面電動調整 右ハンドル,車種別ドアミラー 三菱 ランサー。SuperSportMirror(スーパースポーツミラー) 三菱 ランサー 三菱 ランサー CZ4A エボX [2007～2015] DTM2ミラー LED カーボンルック ミラー面電動調整 右ハンドル[rn]
2-43283,http://tshop.r10s.jp/parts/cabinet/detail-s/am-gt2b.jpg?fitin=700:700,9642.4000,,車用品・バイク用品 > カー用品 > 外装パーツ > エアロパーツ > ドアミラー,SuperSportMirror(スーパースポーツミラー) 三菱 エクリプス 三菱 エクリプス D32A/38A [1995～1999] GT2ミラー ブラック ミラー面手動調整 右ハンドル,車種別ドアミラー 三菱 エクリプス,"軽量コンパクトながら、さらにスタイリッシュなデザインになったＧＴ2。ブルーミラーを採用。モーターを排除することで軽量化。<br><br>手動タイプ。<br><br>カラー：マテリアルブラック<br><br><br>適合車種：三菱 エクリプス D32A/38A [1995～1999]<br><br>ボディパーツ | ドアミラー<br>三菱 | エクリプス | D32A/38A<tr><td colspan=""2"">
<center><img src=""https://image.rakuten.co.jp/parts/cabinet/design/2017summertire2.jpg"" border=""0"" width=""800px""><br>
</td></tr></center>


<!--

<center>
<img src=""http://image.rakuten.co.jp/parts/cabinet/sale/201612ss_45_pc2.gif"" border=""0"" width=""800px"">
</center><br><br>
<center>
<img src=""http://image.rakuten.co.jp/parts/cabinet/sale/conbini201612pc.jpg"" border=""0"" width=""800px""
><br>

-->



<!--

<style type=""text/css"">
body{

background-image: url(""http://image.rakuten.co.jp/parts/cabinet/sale/36_shop_100x600.gif"");

background-repeat:repeat-y;
background-attachment:scroll;
background-position: right;

}
</style>-->",SuperSportMirror(スーパースポーツミラー) 三菱 エクリプス 三菱 エクリプス D32A/38A [1995～1999] GT2ミラー ブラック ミラー面手動調整 右ハンドル：ＰＡＲＴＳ,ヘッドライトテールライトコーナーライトサイドマーカーカーボンアンテナドアミラーエアロメーターパネルリップスポイラーウイングホイールカバーペダル車高調ブレーキドライブレコーダーワイパーグリルボンネットローダウンSuperSportMirror(スーパースポーツミラー) 三菱 エクリプス 三菱 エクリプス D32A/38A [1995～1999] GT2ミラー ブラック ミラー面手動調整 右ハンドル,車種別ドアミラー 三菱 エクリプス。SuperSportMirror(スーパースポーツミラー) 三菱 エクリプス 三菱 エクリプス D32A/38A [1995～1999] GT2ミラー ブラック ミラー面手動調整 右ハンドル[rn]
2-43284,http://tshop.r10s.jp/parts/cabinet/detail-s/am-dtb.jpg?fitin=700:700,13660.0000,,車用品・バイク用品 > カー用品 > 外装パーツ > エアロパーツ > ドアミラー,SuperSportMirror(スーパースポーツミラー) 三菱 エクリプス 三菱 エクリプス D32A/38A [1995～1999] DTMミラー ブラック ミラー面電動調整 右ハンドル,車種別ドアミラー 三菱 エクリプス,"スタイリッシュなデザインが好評のｄｔｍタイプ。ブルーミラーを採用。レンズの角度調整もお車のスイッチから調整可能となります。ブラックタイプは塗装される方にもお勧めです。<br><br>ミラーレンズコントロール用モーター内臓。<br><br>カラー：マテリアルブラック<br><br><br>適合車種：三菱 エクリプス D32A/38A [1995～1999]<br><br>ボディパーツ | ドアミラー<br>三菱 | エクリプス | D32A/38A<tr><td colspan=""2"">
<center><img src=""https://image.rakuten.co.jp/parts/cabinet/design/2017summertire2.jpg"" border=""0"" width=""800px""><br>
</td></tr></center>


<!--

<center>
<img src=""http://image.rakuten.co.jp/parts/cabinet/sale/201612ss_45_pc2.gif"" border=""0"" width=""800px"">
</center><br><br>
<center>
<img src=""http://image.rakuten.co.jp/parts/cabinet/sale/conbini201612pc.jpg"" border=""0"" width=""800px""
><br>

-->



<!--

<style type=""text/css"">
body{

background-image: url(""http://image.rakuten.co.jp/parts/cabinet/sale/36_shop_100x600.gif"");

background-repeat:repeat-y;
background-attachment:scroll;
background-position: right;

}
</style>-->",SuperSportMirror(スーパースポーツミラー) 三菱 エクリプス 三菱 エクリプス D32A/38A [1995～1999] DTMミラー ブラック ミラー面電動調整 右ハンドル：ＰＡＲＴＳ,ヘッドライトテールライトコーナーライトサイドマーカーカーボンアンテナドアミラーエアロメーターパネルリップスポイラーウイングホイールカバーペダル車高調ブレーキドライブレコーダーワイパーグリルボンネットローダウンSuperSportMirror(スーパースポーツミラー) 三菱 エクリプス 三菱 エクリプス D32A/38A [1995～1999] DTMミラー ブラック ミラー面電動調整 右ハンドル,車種別ドアミラー 三菱 エクリプス。SuperSportMirror(スーパースポーツミラー) 三菱 エクリプス 三菱 エクリプス D32A/38A [1995～1999] DTMミラー ブラック ミラー面電動調整 右ハンドル[rn]
2-43285,http://tshop.r10s.jp/parts/cabinet/detail-s/am-gtm.jpg?fitin=700:700,9642.4000,,車用品・バイク用品 > カー用品 > 外装パーツ > エアロパーツ > ドアミラー,SuperSportMirror(スーパースポーツミラー) 三菱 エクリプス 三菱 エクリプス D32A/38A [1995～1999] GT1ミラー クローム ミラー面手動調整 右ハンドル,車種別ドアミラー 三菱 エクリプス,"このミラーを装着するだけで、車全体がレーシーな雰囲気に！純正では決して味わうことの出来ない印象的なデザインが特徴の、軽量コンパクトなＧＴ1タイプ。<br><br>モーターを排除することで軽量化。手動タイプでミラーレンズは固定となります。<br><br>●カラー：クローム ●右ハンドル車用<br><br><br>適合車種：三菱 エクリプス D32A/38A [1995～1999]<br><br>ボディパーツ | ドアミラー<br>三菱 | エクリプス | D32A/38A<tr><td colspan=""2"">
<center><img src=""https://image.rakuten.co.jp/parts/cabinet/design/2017summertire2.jpg"" border=""0"" width=""800px""><br>
</td></tr></center>


<!--

<center>
<img src=""http://image.rakuten.co.jp/parts/cabinet/sale/201612ss_45_pc2.gif"" border=""0"" width=""800px"">
</center><br><br>
<center>
<img src=""http://image.rakuten.co.jp/parts/cabinet/sale/conbini201612pc.jpg"" border=""0"" width=""800px""
><br>

-->



<!--

<style type=""text/css"">
body{

background-image: url(""http://image.rakuten.co.jp/parts/cabinet/sale/36_shop_100x600.gif"");

background-repeat:repeat-y;
background-attachment:scroll;
background-position: right;

}
</style>-->",SuperSportMirror(スーパースポーツミラー) 三菱 エクリプス 三菱 エクリプス D32A/38A [1995～1999] GT1ミラー クローム ミラー面手動調整 右ハンドル：ＰＡＲＴＳ,ヘッドライトテールライトコーナーライトサイドマーカーカーボンアンテナドアミラーエアロメーターパネルリップスポイラーウイングホイールカバーペダル車高調ブレーキドライブレコーダーワイパーグリルボンネットローダウンSuperSportMirror(スーパースポーツミラー) 三菱 エクリプス 三菱 エクリプス D32A/38A [1995～1999] GT1ミラー クローム ミラー面手動調整 右ハンドル,車種別ドアミラー 三菱 エクリプス。SuperSportMirror(スーパースポーツミラー) 三菱 エクリプス 三菱 エクリプス D32A/38A [1995～1999] GT1ミラー クローム ミラー面手動調整 右ハンドル[rn]
2-43286,http://tshop.r10s.jp/parts/cabinet/detail-s/am-v8lb.jpg?fitin=700:700,15267.2000,,車用品・バイク用品 > カー用品 > 外装パーツ > エアロパーツ > ドアミラー,SuperSportMirror(スーパースポーツミラー) 三菱 ランサー 三菱 ランサー CZ4A エボX [2007～2015] V8Sミラー LED ブラック ミラー面電動調整 右ハンドル,車種別ドアミラー 三菱 ランサー,"細くシャープなデザインのウインカーレンズが特徴のＶ8Ｓタイプ。ギラつきのないブルーミラーを採用しました。人気のＬＥＤウインカーを内臓！鮮やかなオレンジに発光します。<br><br>ミラーレンズコントロール用モーター内臓。<br><br>カラー：マテリアルブラック<br><br><br>適合車種：三菱 ランサー CZ4A エボX [2007～2015]<br><br>ボディパーツ | ドアミラー<br>三菱 | ランサー | CZ4A エボX<tr><td colspan=""2"">
<center><img src=""https://image.rakuten.co.jp/parts/cabinet/design/2017summertire2.jpg"" border=""0"" width=""800px""><br>
</td></tr></center>


<!--

<center>
<img src=""http://image.rakuten.co.jp/parts/cabinet/sale/201612ss_45_pc2.gif"" border=""0"" width=""800px"">
</center><br><br>
<center>
<img src=""http://image.rakuten.co.jp/parts/cabinet/sale/conbini201612pc.jpg"" border=""0"" width=""800px""
><br>

-->



<!--

<style type=""text/css"">
body{

background-image: url(""http://image.rakuten.co.jp/parts/cabinet/sale/36_shop_100x600.gif"");

background-repeat:repeat-y;
background-attachment:scroll;
background-position: right;

}
</style>-->",SuperSportMirror(スーパースポーツミラー) 三菱 ランサー 三菱 ランサー CZ4A エボX [2007～2015] V8Sミラー LED ブラック ミラー面電動調整 右ハンドル：ＰＡＲＴＳ,ヘッドライトテールライトコーナーライトサイドマーカーカーボンアンテナドアミラーエアロメーターパネルリップスポイラーウイングホイールカバーペダル車高調ブレーキドライブレコーダーワイパーグリルボンネットローダウンSuperSportMirror(スーパースポーツミラー) 三菱 ランサー 三菱 ランサー CZ4A エボX [2007～2015] V8Sミラー LED ブラック ミラー面電動調整 右ハンドル,車種別ドアミラー 三菱 ランサー。SuperSportMirror(スーパースポーツミラー) 三菱 ランサー 三菱 ランサー CZ4A エボX [2007～2015] V8Sミラー LED ブラック ミラー面電動調整 右ハンドル[rn]
2-43287,http://tshop.r10s.jp/parts/cabinet/detail-s/am-d2lc.jpg?fitin=700:700,11249.6000,,車用品・バイク用品 > カー用品 > 外装パーツ > エアロパーツ > ドアミラー,SuperSportMirror(スーパースポーツミラー) 三菱 ランサー 三菱 ランサー CZ4A エボX [2007～2015] DTM2ミラー LED カーボンルック ミラー面手動調整 右ハンドル,車種別ドアミラー 三菱 ランサー,"dtmタイプをベースに後方へのLEDウインカー視界を向上させたフラッグシップモデル。ブルーミラーを採用。ＬＥＤウインカーは鮮やかなオレンジに発光。<br><br>モーターを排除することで軽量化。手動タイプ。<br><br>カラー：カーボン調<br><br><br>適合車種：三菱 ランサー CZ4A エボX [2007～2015]<br><br>ボディパーツ | ドアミラー<br>三菱 | ランサー | CZ4A エボX<tr><td colspan=""2"">
<center><img src=""https://image.rakuten.co.jp/parts/cabinet/design/2017summertire2.jpg"" border=""0"" width=""800px""><br>
</td></tr></center>


<!--

<center>
<img src=""http://image.rakuten.co.jp/parts/cabinet/sale/201612ss_45_pc2.gif"" border=""0"" width=""800px"">
</center><br><br>
<center>
<img src=""http://image.rakuten.co.jp/parts/cabinet/sale/conbini201612pc.jpg"" border=""0"" width=""800px""
><br>

-->



<!--

<style type=""text/css"">
body{

background-image: url(""http://image.rakuten.co.jp/parts/cabinet/sale/36_shop_100x600.gif"");

background-repeat:repeat-y;
background-attachment:scroll;
background-position: right;

}
</style>-->",SuperSportMirror(スーパースポーツミラー) 三菱 ランサー 三菱 ランサー CZ4A エボX [2007～2015] DTM2ミラー LED カーボンルック ミラー面手動調整 右ハンドル：ＰＡＲＴＳ,ヘッドライトテールライトコーナーライトサイドマーカーカーボンアンテナドアミラーエアロメーターパネルリップスポイラーウイングホイールカバーペダル車高調ブレーキドライブレコーダーワイパーグリルボンネットローダウンSuperSportMirror(スーパースポーツミラー) 三菱 ランサー 三菱 ランサー CZ4A エボX [2007～2015] DTM2ミラー LED カーボンルック ミラー面手動調整 右ハンドル,車種別ドアミラー 三菱 ランサー。SuperSportMirror(スーパースポーツミラー) 三菱 ランサー 三菱 ランサー CZ4A エボX [2007～2015] DTM2ミラー LED カーボンルック ミラー面手動調整 右ハンドル[rn]
2-43288,http://tshop.r10s.jp/parts/cabinet/detail-s/am-m6b.jpg?fitin=700:700,10445.6000,,車用品・バイク用品 > カー用品 > 外装パーツ > エアロパーツ > ドアミラー,SuperSportMirror(スーパースポーツミラー) 三菱 ランサー 三菱 ランサー CZ4A エボX [2007～2015] M60ミラー ブラック ミラー面手動調整 右ハンドル ポップアップ格納,車種別ドアミラー 三菱 ランサー,"SuperSportMirrorシリーズのフラッグシップモデル。跳ね上がるように格納することが出来ます。ミラーレンズには夜間走行時での後続車のヘッドライトから視界を守るブルーミラーレンズを採用。<br><br>手動により格納できます。ミラー面も同じく手動です。<br><br>●カラー：マテリアルブラック　●手動格納機構　●ブルーミラーレンズ　●ミラーレンズ電動調整式　●右ハンドル車用<br><br><br>適合車種：三菱 ランサー CZ4A エボX [2007～2015]<br><br>ボディパーツ | ドアミラー<br>三菱 | ランサー | CZ4A エボX<tr><td colspan=""2"">
<center><img src=""https://image.rakuten.co.jp/parts/cabinet/design/2017summertire2.jpg"" border=""0"" width=""800px""><br>
</td></tr></center>


<!--

<center>
<img src=""http://image.rakuten.co.jp/parts/cabinet/sale/201612ss_45_pc2.gif"" border=""0"" width=""800px"">
</center><br><br>
<center>
<img src=""http://image.rakuten.co.jp/parts/cabinet/sale/conbini201612pc.jpg"" border=""0"" width=""800px""
><br>

-->



<!--

<style type=""text/css"">
body{

background-image: url(""http://image.rakuten.co.jp/parts/cabinet/sale/36_shop_100x600.gif"");

background-repeat:repeat-y;
background-attachment:scroll;
background-position: right;

}
</style>-->",SuperSportMirror(スーパースポーツミラー) 三菱 ランサー 三菱 ランサー CZ4A エボX [2007～2015] M60ミラー ブラック ミラー面手動調整 右ハンドル ポップアップ格納：ＰＡＲＴＳ,ヘッドライトテールライトコーナーライトサイドマーカーカーボンアンテナドアミラーエアロメーターパネルリップスポイラーウイングホイールカバーペダル車高調ブレーキドライブレコーダーワイパーグリルボンネットローダウンSuperSportMirror(スーパースポーツミラー) 三菱 ランサー 三菱 ランサー CZ4A エボX [2007～2015] M60ミラー ブラック ミラー面手動調整 右ハンドル ポップアップ格納,車種別ドアミラー 三菱 ランサー。SuperSportMirror(スーパースポーツミラー) 三菱 ランサー 三菱 ランサー CZ4A エボX [2007～2015] M60ミラー ブラック ミラー面手動調整 右ハンドル ポップアップ格納[rn]
2-43289,http://tshop.r10s.jp/parts/cabinet/detail-s/am-v8lc.jpg?fitin=700:700,15267.2000,,車用品・バイク用品 > カー用品 > 外装パーツ > エアロパーツ > ドアミラー,SuperSportMirror(スーパースポーツミラー) 三菱 エクリプス 三菱 エクリプス D32A/38A [1995～1999] V8Sミラー LED カーボンルック ミラー面電動調整 右ハンドル,車種別ドアミラー 三菱 エクリプス,"細くシャープなデザインのウインカーレンズが特徴のＶ8Ｓタイプ。ギラつきのないブルーミラーを採用しました。人気のＬＥＤウインカーを内臓！鮮やかなオレンジに発光します。<br><br>ミラーレンズコントロール用モーター内臓。<br><br>カラー：カーボン調<br><br><br>適合車種：三菱 エクリプス D32A/38A [1995～1999]<br><br>ボディパーツ | ドアミラー<br>三菱 | エクリプス | D32A/38A<tr><td colspan=""2"">
<center><img src=""https://image.rakuten.co.jp/parts/cabinet/design/2017summertire2.jpg"" border=""0"" width=""800px""><br>
</td></tr></center>


<!--

<center>
<img src=""http://image.rakuten.co.jp/parts/cabinet/sale/201612ss_45_pc2.gif"" border=""0"" width=""800px"">
</center><br><br>
<center>
<img src=""http://image.rakuten.co.jp/parts/cabinet/sale/conbini201612pc.jpg"" border=""0"" width=""800px""
><br>

-->



<!--

<style type=""text/css"">
body{

background-image: url(""http://image.rakuten.co.jp/parts/cabinet/sale/36_shop_100x600.gif"");

background-repeat:repeat-y;
background-attachment:scroll;
background-position: right;

}
</style>-->",SuperSportMirror(スーパースポーツミラー) 三菱 エクリプス 三菱 エクリプス D32A/38A [1995～1999] V8Sミラー LED カーボンルック ミラー面電動調整 右ハンドル：ＰＡＲＴＳ,ヘッドライトテールライトコーナーライトサイドマーカーカーボンアンテナドアミラーエアロメーターパネルリップスポイラーウイングホイールカバーペダル車高調ブレーキドライブレコーダーワイパーグリルボンネットローダウンSuperSportMirror(スーパースポーツミラー) 三菱 エクリプス 三菱 エクリプス D32A/38A [1995～1999] V8Sミラー LED カーボンルック ミラー面電動調整 右ハンドル,車種別ドアミラー 三菱 エクリプス。SuperSportMirror(スーパースポーツミラー) 三菱 エクリプス 三菱 エクリプス D32A/38A [1995～1999] V8Sミラー LED カーボンルック ミラー面電動調整 右ハンドル[rn]
2-43290,http://tshop.r10s.jp/parts/cabinet/detail-a/am-srlb-0108.jpg?fitin=700:700,12052.8000,,車用品・バイク用品 > カー用品 > 外装パーツ > エアロパーツ > ドアミラー,SuperSportMirror(スーパースポーツミラー) 三菱 ランサー 三菱 ランサー CD/CE/CB系（エボ1～3含む） [1991～1995] SR5ミラー LED ブラック ミラー面手動調整 右ハンドル,車種別ドアミラー 三菱 ランサー,"格納式LED付ミラー。ミラーはギラつきの少ないブルーミラーを採用。ミラー面は手動調整式。LEDウインカーはオレンジ色に発光。格納は手動での操作になります。<br><br>ミラーレンズ面手動調整<br><br>カラー：マテリアルブラック<br><br><br>適合車種：三菱 ランサー CD/CE/CB系（エボ1～3含む） [1991～1995]<br><br>ボディパーツ | ドアミラー<br>三菱 | ランサー | ～CD/CE/CB系（エボ1～3含む）<tr><td colspan=""2"">
<center><img src=""https://image.rakuten.co.jp/parts/cabinet/design/2017summertire2.jpg"" border=""0"" width=""800px""><br>
</td></tr></center>


<!--

<center>
<img src=""http://image.rakuten.co.jp/parts/cabinet/sale/201612ss_45_pc2.gif"" border=""0"" width=""800px"">
</center><br><br>
<center>
<img src=""http://image.rakuten.co.jp/parts/cabinet/sale/conbini201612pc.jpg"" border=""0"" width=""800px""
><br>

-->



<!--

<style type=""text/css"">
body{

background-image: url(""http://image.rakuten.co.jp/parts/cabinet/sale/36_shop_100x600.gif"");

background-repeat:repeat-y;
background-attachment:scroll;
background-position: right;

}
</style>-->",SuperSportMirror(スーパースポーツミラー) 三菱 ランサー 三菱 ランサー CD/CE/CB系（エボ1～3含む） [1991～1995] SR5ミラー LED ブラック ミラー面手動調整 右ハンドル：ＰＡＲＴＳ,ヘッドライトテールライトコーナーライトサイドマーカーカーボンアンテナドアミラーエアロメーターパネルリップスポイラーウイングホイールカバーペダル車高調ブレーキドライブレコーダーワイパーグリルボンネットローダウンSuperSportMirror(スーパースポーツミラー) 三菱 ランサー 三菱 ランサー CD/CE/CB系（エボ1～3含む） [1991～1995] SR5ミラー LED ブラック ミラー面手動調整 右ハンドル,車種別ドアミラー 三菱 ランサー。SuperSportMirror(スーパースポーツミラー) 三菱 ランサー 三菱 ランサー CD/CE/CB系（エボ1～3含む） [1991～1995] SR5ミラー LED ブラック ミラー面手動調整 右ハンドル[rn]
2-43291,http://tshop.r10s.jp/parts/cabinet/detail-s/am-d2lc.jpg?fitin=700:700,11249.6000,,車用品・バイク用品 > カー用品 > 外装パーツ > エアロパーツ > ドアミラー,SuperSportMirror(スーパースポーツミラー) 三菱 エクリプス 三菱 エクリプス D32A/38A [1995～1999] DTM2ミラー LED カーボンルック ミラー面手動調整 右ハンドル,車種別ドアミラー 三菱 エクリプス,"dtmタイプをベースに後方へのLEDウインカー視界を向上させたフラッグシップモデル。ブルーミラーを採用。ＬＥＤウインカーは鮮やかなオレンジに発光。<br><br>モーターを排除することで軽量化。手動タイプ。<br><br>カラー：カーボン調<br><br><br>適合車種：三菱 エクリプス D32A/38A [1995～1999]<br><br>ボディパーツ | ドアミラー<br>三菱 | エクリプス | D32A/38A<tr><td colspan=""2"">
<center><img src=""https://image.rakuten.co.jp/parts/cabinet/design/2017summertire2.jpg"" border=""0"" width=""800px""><br>
</td></tr></center>


<!--

<center>
<img src=""http://image.rakuten.co.jp/parts/cabinet/sale/201612ss_45_pc2.gif"" border=""0"" width=""800px"">
</center><br><br>
<center>
<img src=""http://image.rakuten.co.jp/parts/cabinet/sale/conbini201612pc.jpg"" border=""0"" width=""800px""
><br>

-->



<!--

<style type=""text/css"">
body{

background-image: url(""http://image.rakuten.co.jp/parts/cabinet/sale/36_shop_100x600.gif"");

background-repeat:repeat-y;
background-attachment:scroll;
background-position: right;

}
</style>-->",SuperSportMirror(スーパースポーツミラー) 三菱 エクリプス 三菱 エクリプス D32A/38A [1995～1999] DTM2ミラー LED カーボンルック ミラー面手動調整 右ハンドル：ＰＡＲＴＳ,ヘッドライトテールライトコーナーライトサイドマーカーカーボンアンテナドアミラーエアロメーターパネルリップスポイラーウイングホイールカバーペダル車高調ブレーキドライブレコーダーワイパーグリルボンネットローダウンSuperSportMirror(スーパースポーツミラー) 三菱 エクリプス 三菱 エクリプス D32A/38A [1995～1999] DTM2ミラー LED カーボンルック ミラー面手動調整 右ハンドル,車種別ドアミラー 三菱 エクリプス。SuperSportMirror(スーパースポーツミラー) 三菱 エクリプス 三菱 エクリプス D32A/38A [1995～1999] DTM2ミラー LED カーボンルック ミラー面手動調整 右ハンドル[rn]
2-43292,http://tshop.r10s.jp/parts/cabinet/detail-a/am-rolb.jpg?fitin=700:700,16070.4000,,車用品・バイク用品 > カー用品 > 外装パーツ > エアロパーツ > ドアミラー,SuperSportMirror(スーパースポーツミラー) 三菱 ランサー 三菱 ランサー CZ4A エボX [2007～2015] ROSSOミラー LED カーボンルック ミラー面電動調整 右ハンドル,車種別ドアミラー 三菱 ランサー,"格納式LED付ミラー。ミラーはギラつきの少ないブルーミラーを採用。人気のＬＥＤウインカーを内臓！鮮やかなオレンジに発光。<br><br>ミラーレンズコントロール用モーター内臓。右ハンドル車用<br><br>カラー：カーボンルック<br><br><br>適合車種：三菱 ランサー CZ4A エボX [2007～2015]<br><br>ボディパーツ | ドアミラー<br>三菱 | ランサー | CZ4A エボX<tr><td colspan=""2"">
<center><img src=""https://image.rakuten.co.jp/parts/cabinet/design/2017summertire2.jpg"" border=""0"" width=""800px""><br>
</td></tr></center>


<!--

<center>
<img src=""http://image.rakuten.co.jp/parts/cabinet/sale/201612ss_45_pc2.gif"" border=""0"" width=""800px"">
</center><br><br>
<center>
<img src=""http://image.rakuten.co.jp/parts/cabinet/sale/conbini201612pc.jpg"" border=""0"" width=""800px""
><br>

-->



<!--

<style type=""text/css"">
body{

background-image: url(""http://image.rakuten.co.jp/parts/cabinet/sale/36_shop_100x600.gif"");

background-repeat:repeat-y;
background-attachment:scroll;
background-position: right;

}
</style>-->",SuperSportMirror(スーパースポーツミラー) 三菱 ランサー 三菱 ランサー CZ4A エボX [2007～2015] ROSSOミラー LED カーボンルック ミラー面電動調整 右ハンドル：ＰＡＲＴＳ,ヘッドライトテールライトコーナーライトサイドマーカーカーボンアンテナドアミラーエアロメーターパネルリップスポイラーウイングホイールカバーペダル車高調ブレーキドライブレコーダーワイパーグリルボンネットローダウンSuperSportMirror(スーパースポーツミラー) 三菱 ランサー 三菱 ランサー CZ4A エボX [2007～2015] ROSSOミラー LED カーボンルック ミラー面電動調整 右ハンドル,車種別ドアミラー 三菱 ランサー。SuperSportMirror(スーパースポーツミラー) 三菱 ランサー 三菱 ランサー CZ4A エボX [2007～2015] ROSSOミラー LED カーボンルック ミラー面電動調整 右ハンドル[rn]
2-43293,http://tshop.r10s.jp/parts/cabinet/detail-s/am-v8lb.jpg?fitin=700:700,11249.6000,,車用品・バイク用品 > カー用品 > 外装パーツ > エアロパーツ > ドアミラー,SuperSportMirror(スーパースポーツミラー) 三菱 エクリプス 三菱 エクリプス D32A/38A [1995～1999] V8Sミラー LED ブラック ミラー面手動調整 右ハンドル,車種別ドアミラー 三菱 エクリプス,"細くシャープなデザインのウインカーレンズが特徴のＶ8Ｓタイプ。ギラつきのないブルーミラーを採用しました。人気のＬＥＤウインカーを内臓！鮮やかなオレンジに発光します。<br><br>モーターを排除することで軽量化。ミラーレンズ手動調整タイプ。<br><br>カラー：マテリアルブラック<br><br><br>適合車種：三菱 エクリプス D32A/38A [1995～1999]<br><br>ボディパーツ | ドアミラー<br>三菱 | エクリプス | D32A/38A<tr><td colspan=""2"">
<center><img src=""https://image.rakuten.co.jp/parts/cabinet/design/2017summertire2.jpg"" border=""0"" width=""800px""><br>
</td></tr></center>


<!--

<center>
<img src=""http://image.rakuten.co.jp/parts/cabinet/sale/201612ss_45_pc2.gif"" border=""0"" width=""800px"">
</center><br><br>
<center>
<img src=""http://image.rakuten.co.jp/parts/cabinet/sale/conbini201612pc.jpg"" border=""0"" width=""800px""
><br>

-->



<!--

<style type=""text/css"">
body{

background-image: url(""http://image.rakuten.co.jp/parts/cabinet/sale/36_shop_100x600.gif"");

background-repeat:repeat-y;
background-attachment:scroll;
background-position: right;

}
</style>-->",SuperSportMirror(スーパースポーツミラー) 三菱 エクリプス 三菱 エクリプス D32A/38A [1995～1999] V8Sミラー LED ブラック ミラー面手動調整 右ハンドル：ＰＡＲＴＳ,ヘッドライトテールライトコーナーライトサイドマーカーカーボンアンテナドアミラーエアロメーターパネルリップスポイラーウイングホイールカバーペダル車高調ブレーキドライブレコーダーワイパーグリルボンネットローダウンSuperSportMirror(スーパースポーツミラー) 三菱 エクリプス 三菱 エクリプス D32A/38A [1995～1999] V8Sミラー LED ブラック ミラー面手動調整 右ハンドル,車種別ドアミラー 三菱 エクリプス。SuperSportMirror(スーパースポーツミラー) 三菱 エクリプス 三菱 エクリプス D32A/38A [1995～1999] V8Sミラー LED ブラック ミラー面手動調整 右ハンドル[rn]
2-43294,http://tshop.r10s.jp/parts/cabinet/detail-a/am-m6b.jpg?fitin=700:700,16070.4000,,車用品・バイク用品 > カー用品 > 外装パーツ > エアロパーツ > ドアミラー,SuperSportMirror(スーパースポーツミラー) 三菱 ランサー 三菱 ランサー CD/CE/CB系（エボ1～3含む） [1991～1995] M60ミラー LED ブラック ミラー面電動調整 右ハンドル ポップアップ格納,車種別ドアミラー 三菱 ランサー,"SuperSportMirrorシリーズのフラッグシップモデル。跳ね上がるように格納することが出来ます。ミラーレンズには夜間走行時での後続車のヘッドライトから視界を守るブルーミラーレンズを採用。<br><br>本体には安全性・視認性に優れた高輝度LEDウインカーを装備。ミラー面は電動で動かすことが出来ます。　モーター部も配線加工が不要なので電気加工が苦手な方にも簡単に取り付けできます。<br><br>●カラー：マテリアルブラック　●手動格納機構　●ブルーミラーレンズ　●ミラーレンズ手動調整式　●右ハンドル車用<br><br><br>適合車種：三菱 ランサー CD/CE/CB系（エボ1～3含む） [1991～1995]<br><br>ボディパーツ | ドアミラー<br>三菱 | ランサー | ～CD/CE/CB系（エボ1～3含む）<tr><td colspan=""2"">
<center><img src=""https://image.rakuten.co.jp/parts/cabinet/design/2017summertire2.jpg"" border=""0"" width=""800px""><br>
</td></tr></center>


<!--

<center>
<img src=""http://image.rakuten.co.jp/parts/cabinet/sale/201612ss_45_pc2.gif"" border=""0"" width=""800px"">
</center><br><br>
<center>
<img src=""http://image.rakuten.co.jp/parts/cabinet/sale/conbini201612pc.jpg"" border=""0"" width=""800px""
><br>

-->



<!--

<style type=""text/css"">
body{

background-image: url(""http://image.rakuten.co.jp/parts/cabinet/sale/36_shop_100x600.gif"");

background-repeat:repeat-y;
background-attachment:scroll;
background-position: right;

}
</style>-->",SuperSportMirror(スーパースポーツミラー) 三菱 ランサー 三菱 ランサー CD/CE/CB系（エボ1～3含む） [1991～1995] M60ミラー LED ブラック ミラー面電動調整 右ハンドル ポップアップ格納：ＰＡＲＴＳ,ヘッドライトテールライトコーナーライトサイドマーカーカーボンアンテナドアミラーエアロメーターパネルリップスポイラーウイングホイールカバーペダル車高調ブレーキドライブレコーダーワイパーグリルボンネットローダウンSuperSportMirror(スーパースポーツミラー) 三菱 ランサー 三菱 ランサー CD/CE/CB系（エボ1～3含む） [1991～1995] M60ミラー LED ブラック ミラー面電動調整 右ハンドル ポップアップ格納,車種別ドアミラー 三菱 ランサー。SuperSportMirror(スーパースポーツミラー) 三菱 ランサー 三菱 ランサー CD/CE/CB系（エボ1～3含む） [1991～1995] M60ミラー LED ブラック ミラー面電動調整 右ハンドル ポップアップ格納[rn]
2-43295,http://tshop.r10s.jp/parts/cabinet/detail-s/am-gtmc.jpg?fitin=700:700,12052.8000,,車用品・バイク用品 > カー用品 > 外装パーツ > エアロパーツ > ドアミラー,SuperSportMirror(スーパースポーツミラー) 三菱 ランサー 三菱 ランサー CZ4A エボX [2007～2015] GT1ミラー LED クローム ミラー面手動調整 右ハンドル,車種別ドアミラー 三菱 ランサー,"このミラーを装着するだけで、車全体がレーシーな雰囲気に！純正では決して味わうことの出来ない印象的なデザインが特徴の、軽量コンパクトなＧＴ1タイプ。人気のＬＥＤウインカーを内臓！鮮やかなオレンジに発光。<br><br>モーターを排除することで軽量化。手動タイプでミラーレンズは固定となります。<br><br>●カラー：クローム ●右ハンドル車用<br><br><br>適合車種：三菱 ランサー CZ4A エボX [2007～2015]<br><br>ボディパーツ | ドアミラー<br>三菱 | ランサー | CZ4A エボX<tr><td colspan=""2"">
<center><img src=""https://image.rakuten.co.jp/parts/cabinet/design/2017summertire2.jpg"" border=""0"" width=""800px""><br>
</td></tr></center>


<!--

<center>
<img src=""http://image.rakuten.co.jp/parts/cabinet/sale/201612ss_45_pc2.gif"" border=""0"" width=""800px"">
</center><br><br>
<center>
<img src=""http://image.rakuten.co.jp/parts/cabinet/sale/conbini201612pc.jpg"" border=""0"" width=""800px""
><br>

-->



<!--

<style type=""text/css"">
body{

background-image: url(""http://image.rakuten.co.jp/parts/cabinet/sale/36_shop_100x600.gif"");

background-repeat:repeat-y;
background-attachment:scroll;
background-position: right;

}
</style>-->",SuperSportMirror(スーパースポーツミラー) 三菱 ランサー 三菱 ランサー CZ4A エボX [2007～2015] GT1ミラー LED クローム ミラー面手動調整 右ハンドル：ＰＡＲＴＳ,ヘッドライトテールライトコーナーライトサイドマーカーカーボンアンテナドアミラーエアロメーターパネルリップスポイラーウイングホイールカバーペダル車高調ブレーキドライブレコーダーワイパーグリルボンネットローダウンSuperSportMirror(スーパースポーツミラー) 三菱 ランサー 三菱 ランサー CZ4A エボX [2007～2015] GT1ミラー LED クローム ミラー面手動調整 右ハンドル,車種別ドアミラー 三菱 ランサー。SuperSportMirror(スーパースポーツミラー) 三菱 ランサー 三菱 ランサー CZ4A エボX [2007～2015] GT1ミラー LED クローム ミラー面手動調整 右ハンドル[rn]
2-43296,http://tshop.r10s.jp/parts/cabinet/detail-s/am-slrm.jpg?fitin=700:700,12960.0000,,車用品・バイク用品 > カー用品 > 外装パーツ > エアロパーツ > ドアミラー,SuperSportMirror(スーパースポーツミラー) 三菱 エクリプス 三菱 エクリプス D32A/38A [1995～1999] SLRミラー LED クローム ミラー面手動調整 右ハンドル,車種別ドアミラー 三菱 エクリプス,"サイドに伸びたツインフィンが目をひくＳＬＲタイプ。ブルーミラーを採用。ＬＥＤウインカーをツインフィンの中央に内臓し鮮やかなオレンジに発光。<br><br>ミラー面手動調整<br><br>●カラー:マテリアルブラック ●右ハンドル車用<br><br><br>適合車種：三菱 エクリプス D32A/38A [1995～1999]<br><br>ボディパーツ | ドアミラー<br>三菱 | エクリプス | D32A/38A<tr><td colspan=""2"">
<center><img src=""https://image.rakuten.co.jp/parts/cabinet/design/2017summertire2.jpg"" border=""0"" width=""800px""><br>
</td></tr></center>


<!--

<center>
<img src=""http://image.rakuten.co.jp/parts/cabinet/sale/201612ss_45_pc2.gif"" border=""0"" width=""800px"">
</center><br><br>
<center>
<img src=""http://image.rakuten.co.jp/parts/cabinet/sale/conbini201612pc.jpg"" border=""0"" width=""800px""
><br>

-->



<!--

<style type=""text/css"">
body{

background-image: url(""http://image.rakuten.co.jp/parts/cabinet/sale/36_shop_100x600.gif"");

background-repeat:repeat-y;
background-attachment:scroll;
background-position: right;

}
</style>-->",SuperSportMirror(スーパースポーツミラー) 三菱 エクリプス 三菱 エクリプス D32A/38A [1995～1999] SLRミラー LED クローム ミラー面手動調整 右ハンドル：ＰＡＲＴＳ,ヘッドライトテールライトコーナーライトサイドマーカーカーボンアンテナドアミラーエアロメーターパネルリップスポイラーウイングホイールカバーペダル車高調ブレーキドライブレコーダーワイパーグリルボンネットローダウンSuperSportMirror(スーパースポーツミラー) 三菱 エクリプス 三菱 エクリプス D32A/38A [1995～1999] SLRミラー LED クローム ミラー面手動調整 右ハンドル,車種別ドアミラー 三菱 エクリプス。SuperSportMirror(スーパースポーツミラー) 三菱 エクリプス 三菱 エクリプス D32A/38A [1995～1999] SLRミラー LED クローム ミラー面手動調整 右ハンドル[rn]
2-43297,http://tshop.r10s.jp/parts/cabinet/detail-a/am-rolb.jpg?fitin=700:700,16070.4000,,車用品・バイク用品 > カー用品 > 外装パーツ > エアロパーツ > ドアミラー,SuperSportMirror(スーパースポーツミラー) 三菱 ミラージュ 三菱 ミラージュ CJ/CK/CM/CL系 [1995～2000] ROSSOミラー LED カーボンルック ミラー面電動調整 右ハンドル,車種別ドアミラー 三菱 ミラージュ,"格納式LED付ミラー。ミラーはギラつきの少ないブルーミラーを採用。人気のＬＥＤウインカーを内臓！鮮やかなオレンジに発光。<br><br>ミラーレンズコントロール用モーター内臓。右ハンドル車用<br><br>カラー：カーボンルック<br><br><br>適合車種：三菱 ミラージュ CJ/CK/CM/CL系 [1995～2000]<br><br>ボディパーツ | ドアミラー<br>三菱 | ミラージュ | CA/CB/CC/CD系<tr><td colspan=""2"">
<center><img src=""https://image.rakuten.co.jp/parts/cabinet/design/2017summertire2.jpg"" border=""0"" width=""800px""><br>
</td></tr></center>


<!--

<center>
<img src=""http://image.rakuten.co.jp/parts/cabinet/sale/201612ss_45_pc2.gif"" border=""0"" width=""800px"">
</center><br><br>
<center>
<img src=""http://image.rakuten.co.jp/parts/cabinet/sale/conbini201612pc.jpg"" border=""0"" width=""800px""
><br>

-->



<!--

<style type=""text/css"">
body{

background-image: url(""http://image.rakuten.co.jp/parts/cabinet/sale/36_shop_100x600.gif"");

background-repeat:repeat-y;
background-attachment:scroll;
background-position: right;

}
</style>-->",SuperSportMirror(スーパースポーツミラー) 三菱 ミラージュ 三菱 ミラージュ CJ/CK/CM/CL系 [1995～2000] ROSSOミラー LED カーボンルック ミラー面電動調整 右ハンドル：ＰＡＲＴＳ,ヘッドライトテールライトコーナーライトサイドマーカーカーボンアンテナドアミラーエアロメーターパネルリップスポイラーウイングホイールカバーペダル車高調ブレーキドライブレコーダーワイパーグリルボンネットローダウンSuperSportMirror(スーパースポーツミラー) 三菱 ミラージュ 三菱 ミラージュ CJ/CK/CM/CL系 [1995～2000] ROSSOミラー LED カーボンルック ミラー面電動調整 右ハンドル,車種別ドアミラー 三菱 ミラージュ。SuperSportMirror(スーパースポーツミラー) 三菱 ミラージュ 三菱 ミラージュ CJ/CK/CM/CL系 [1995～2000] ROSSOミラー LED カーボンルック ミラー面電動調整 右ハンドル[rn]
2-43298,http://tshop.r10s.jp/parts/cabinet/detail-s/sbmsubk.jpg?fitin=700:700,14463.2000,,車用品・バイク用品 > カー用品 > 外装パーツ > エアロパーツ > ドアミラー,SuperSportMirror(スーパースポーツミラー) 三菱 エクリプス 三菱 エクリプス D32A/38A [1995～1999] SUVミラー LED ブラック ミラー面手動調整 右ハンドル,車種別ドアミラー 三菱 エクリプス,"SUV専用ミラー！このモデルは跳ね上がるように格納することが出来ます。SUV用に開発された広くて大きなミラーレンズは、後方の視界を最大限に確保することができます。<br><br>本体には安全性・視認性に優れた高輝度LEDウインカーを装備。モーターを排除することで軽量化した手動タイプ。　モーター部も配線加工が不要なので電気加工が苦手な方にも簡単に取り付けできます。　<br><br>●カラー：マテリアルブラック　●LEDウインカー　●ミラーレンズ手動調整式 ●右ハンドル車用　※【注意】ミラー本体のサイズが大きいため、車によっては大きさのバランスが合わない場合があります。ご注意ください。（ミラー本体全長：約30cm）<br><br><br>適合車種：三菱 エクリプス D32A/38A [1995～1999]<br><br>ボディパーツ | ドアミラー<br>三菱 | エクリプス | D32A/38A<tr><td colspan=""2"">
<center><img src=""https://image.rakuten.co.jp/parts/cabinet/design/2017summertire2.jpg"" border=""0"" width=""800px""><br>
</td></tr></center>


<!--

<center>
<img src=""http://image.rakuten.co.jp/parts/cabinet/sale/201612ss_45_pc2.gif"" border=""0"" width=""800px"">
</center><br><br>
<center>
<img src=""http://image.rakuten.co.jp/parts/cabinet/sale/conbini201612pc.jpg"" border=""0"" width=""800px""
><br>

-->



<!--

<style type=""text/css"">
body{

background-image: url(""http://image.rakuten.co.jp/parts/cabinet/sale/36_shop_100x600.gif"");

background-repeat:repeat-y;
background-attachment:scroll;
background-position: right;

}
</style>-->",SuperSportMirror(スーパースポーツミラー) 三菱 エクリプス 三菱 エクリプス D32A/38A [1995～1999] SUVミラー LED ブラック ミラー面手動調整 右ハンドル：ＰＡＲＴＳ,ヘッドライトテールライトコーナーライトサイドマーカーカーボンアンテナドアミラーエアロメーターパネルリップスポイラーウイングホイールカバーペダル車高調ブレーキドライブレコーダーワイパーグリルボンネットローダウンSuperSportMirror(スーパースポーツミラー) 三菱 エクリプス 三菱 エクリプス D32A/38A [1995～1999] SUVミラー LED ブラック ミラー面手動調整 右ハンドル,車種別ドアミラー 三菱 エクリプス。SuperSportMirror(スーパースポーツミラー) 三菱 エクリプス 三菱 エクリプス D32A/38A [1995～1999] SUVミラー LED ブラック ミラー面手動調整 右ハンドル[rn]
2-43299,http://tshop.r10s.jp/parts/cabinet/detail-s/sbmcprcbk.jpg?fitin=700:700,25712.8000,,車用品・バイク用品 > カー用品 > 外装パーツ > エアロパーツ > ドアミラー,SuperSportMirror(スーパースポーツミラー) 三菱 ランサー 三菱 ランサー CZ4A エボX [2007～2015] コンペティションミラー リアルカーボン ミラー面電動調整,車種別ドアミラー 三菱 ランサー,"コンパクトなデザインとその軽さが好評なCOMPモデル。ミラーレンズには夜間走行時での後続車のヘッドライトから視界を守るブルーミラーレンズを採用。ミラー面電動調整タイプ。<br><br>●電動調整式 ●左右セット ●左右ハンドル車共通<br><br> ●カラー：リアルカーボン <br><br><br>適合車種：三菱 ランサー CZ4A エボX [2007～2015]<br><br>ボディパーツ | ドアミラー<br>三菱 | ランサー | CZ4A エボX<tr><td colspan=""2"">
<center><img src=""https://image.rakuten.co.jp/parts/cabinet/design/2017summertire2.jpg"" border=""0"" width=""800px""><br>
</td></tr></center>


<!--

<center>
<img src=""http://image.rakuten.co.jp/parts/cabinet/sale/201612ss_45_pc2.gif"" border=""0"" width=""800px"">
</center><br><br>
<center>
<img src=""http://image.rakuten.co.jp/parts/cabinet/sale/conbini201612pc.jpg"" border=""0"" width=""800px""
><br>

-->



<!--

<style type=""text/css"">
body{

background-image: url(""http://image.rakuten.co.jp/parts/cabinet/sale/36_shop_100x600.gif"");

background-repeat:repeat-y;
background-attachment:scroll;
background-position: right;

}
</style>-->",SuperSportMirror(スーパースポーツミラー) 三菱 ランサー 三菱 ランサー CZ4A エボX [2007～2015] コンペティションミラー リアルカーボン ミラー面電動調整：ＰＡＲＴＳ,ヘッドライトテールライトコーナーライトサイドマーカーカーボンアンテナドアミラーエアロメーターパネルリップスポイラーウイングホイールカバーペダル車高調ブレーキドライブレコーダーワイパーグリルボンネットローダウンSuperSportMirror(スーパースポーツミラー) 三菱 ランサー 三菱 ランサー CZ4A エボX [2007～2015] コンペティションミラー リアルカーボン ミラー面電動調整,車種別ドアミラー 三菱 ランサー。SuperSportMirror(スーパースポーツミラー) 三菱 ランサー 三菱 ランサー CZ4A エボX [2007～2015] コンペティションミラー リアルカーボン ミラー面電動調整[rn]
2-43300,http://tshop.r10s.jp/parts/cabinet/detail-s/am-dtc.jpg?fitin=700:700,9642.4000,,車用品・バイク用品 > カー用品 > 外装パーツ > エアロパーツ > ドアミラー,SuperSportMirror(スーパースポーツミラー) 三菱 ランサー 三菱 ランサー CZ4A エボX [2007～2015] DTMミラー カーボンルック ミラー面手動調整 右ハンドル,車種別ドアミラー 三菱 ランサー,"スタイリッシュなデザインが好評のｄｔｍタイプ。ブルーミラーを採用。手動タイプは面倒な配線なしで簡単に装着できます。<br><br>モーターを排除することで軽量化。手動タイプ。<br><br>カラー：カーボン調<br><br><br>適合車種：三菱 ランサー CZ4A エボX [2007～2015]<br><br>ボディパーツ | ドアミラー<br>三菱 | ランサー | CZ4A エボX<tr><td colspan=""2"">
<center><img src=""https://image.rakuten.co.jp/parts/cabinet/design/2017summertire2.jpg"" border=""0"" width=""800px""><br>
</td></tr></center>


<!--

<center>
<img src=""http://image.rakuten.co.jp/parts/cabinet/sale/201612ss_45_pc2.gif"" border=""0"" width=""800px"">
</center><br><br>
<center>
<img src=""http://image.rakuten.co.jp/parts/cabinet/sale/conbini201612pc.jpg"" border=""0"" width=""800px""
><br>

-->



<!--

<style type=""text/css"">
body{

background-image: url(""http://image.rakuten.co.jp/parts/cabinet/sale/36_shop_100x600.gif"");

background-repeat:repeat-y;
background-attachment:scroll;
background-position: right;

}
</style>-->",SuperSportMirror(スーパースポーツミラー) 三菱 ランサー 三菱 ランサー CZ4A エボX [2007～2015] DTMミラー カーボンルック ミラー面手動調整 右ハンドル：ＰＡＲＴＳ,ヘッドライトテールライトコーナーライトサイドマーカーカーボンアンテナドアミラーエアロメーターパネルリップスポイラーウイングホイールカバーペダル車高調ブレーキドライブレコーダーワイパーグリルボンネットローダウンSuperSportMirror(スーパースポーツミラー) 三菱 ランサー 三菱 ランサー CZ4A エボX [2007～2015] DTMミラー カーボンルック ミラー面手動調整 右ハンドル,車種別ドアミラー 三菱 ランサー。SuperSportMirror(スーパースポーツミラー) 三菱 ランサー 三菱 ランサー CZ4A エボX [2007～2015] DTMミラー カーボンルック ミラー面手動調整 右ハンドル[rn]
2-43301,http://tshop.r10s.jp/parts/cabinet/detail-s/am-gt2lb.jpg?fitin=700:700,12052.8000,,車用品・バイク用品 > カー用品 > 外装パーツ > エアロパーツ > ドアミラー,SuperSportMirror(スーパースポーツミラー) トヨタ マーク2 マーク2 X100系 [1996～2000] GT2ミラー LED ブラック ミラー面手動調整 右ハンドル,車種別ドアミラー トヨタ マーク2,"軽量コンパクトながら、さらにスタイリッシュなデザインになったＧＴ2。ブルーミラーを採用。モーターを排除することで軽量化。<br><br>人気のＬＥＤウインカーを内臓！鮮やかなオレンジに発光。<br><br>カラー：マテリアルブラック<br><br><br>適合車種：マーク2 X100系 [1996～2000]<br><br>ボディパーツ | ドアミラー<br>トヨタ | マーク2 | X100系<tr><td colspan=""2"">
<center><img src=""https://image.rakuten.co.jp/parts/cabinet/design/2017summertire2.jpg"" border=""0"" width=""800px""><br>
</td></tr></center>


<!--

<center>
<img src=""http://image.rakuten.co.jp/parts/cabinet/sale/201612ss_45_pc2.gif"" border=""0"" width=""800px"">
</center><br><br>
<center>
<img src=""http://image.rakuten.co.jp/parts/cabinet/sale/conbini201612pc.jpg"" border=""0"" width=""800px""
><br>

-->



<!--

<style type=""text/css"">
body{

background-image: url(""http://image.rakuten.co.jp/parts/cabinet/sale/36_shop_100x600.gif"");

background-repeat:repeat-y;
background-attachment:scroll;
background-position: right;

}
</style>-->",SuperSportMirror(スーパースポーツミラー) トヨタ マーク2 マーク2 X100系 [1996～2000] GT2ミラー LED ブラック ミラー面手動調整 右ハンドル：ＰＡＲＴＳ,ヘッドライトテールライトコーナーライトサイドマーカーカーボンアンテナドアミラーエアロメーターパネルリップスポイラーウイングホイールカバーペダル車高調ブレーキドライブレコーダーワイパーグリルボンネットローダウンSuperSportMirror(スーパースポーツミラー) トヨタ マーク2 マーク2 X100系 [1996～2000] GT2ミラー LED ブラック ミラー面手動調整 右ハンドル,車種別ドアミラー トヨタ マーク2。SuperSportMirror(スーパースポーツミラー) トヨタ マーク2 マーク2 X100系 [1996～2000] GT2ミラー LED ブラック ミラー面手動調整 右ハンドル[rn]
2-43302,http://tshop.r10s.jp/parts/cabinet/detail-a/am-m6lc.jpg?fitin=700:700,16070.4000,,車用品・バイク用品 > カー用品 > 外装パーツ > エアロパーツ > ドアミラー,SuperSportMirror(スーパースポーツミラー) アルファロメオ 156 アルファロメオ 156スポーツワゴン 932 [2002～2006] M60ミラー LED カーボンルック ミラー面電動調整 左ハンドル ポップアップ格納,車種別ドアミラー アルファロメオ 156,"SuperSportMirrorシリーズのフラッグシップモデル。跳ね上がるように格納することが出来ます。ミラーレンズには夜間走行時での後続車のヘッドライトから視界を守るブルーミラーレンズを採用。<br><br>本体には安全性・視認性に優れた高輝度LEDウインカーを装備。ミラー面は電動で動かすことが出来ます。　モーター部も配線加工が不要なので電気加工が苦手な方にも簡単に取り付けできます。<br><br>●カラー：カーボンルック　●手動格納機構　●ブルーミラーレンズ　●ミラーレンズ電動調整式　●左ハンドル車用<br><br><br>適合車種：アルファロメオ 156スポーツワゴン 932 [2002～2006] ※ベースが窓ガラスに干渉する場合があります。その際は加工が必要です。<br><br>ボディパーツ | ドアミラー<br>アルファロメオ | 156 | 932<tr><td colspan=""2"">
<center><img src=""https://image.rakuten.co.jp/parts/cabinet/design/2017summertire2.jpg"" border=""0"" width=""800px""><br>
</td></tr></center>


<!--

<center>
<img src=""http://image.rakuten.co.jp/parts/cabinet/sale/201612ss_45_pc2.gif"" border=""0"" width=""800px"">
</center><br><br>
<center>
<img src=""http://image.rakuten.co.jp/parts/cabinet/sale/conbini201612pc.jpg"" border=""0"" width=""800px""
><br>

-->



<!--

<style type=""text/css"">
body{

background-image: url(""http://image.rakuten.co.jp/parts/cabinet/sale/36_shop_100x600.gif"");

background-repeat:repeat-y;
background-attachment:scroll;
background-position: right;

}
</style>-->",SuperSportMirror(スーパースポーツミラー) アルファロメオ 156 アルファロメオ 156スポーツワゴン 932 [2002～2006] M60ミラー LED カーボンルック ミラー面電動調整 左ハンドル ポップアップ格納：ＰＡＲＴＳ,ヘッドライトテールライトコーナーライトサイドマーカーカーボンアンテナドアミラーエアロメーターパネルリップスポイラーウイングホイールカバーペダル車高調ブレーキドライブレコーダーワイパーグリルボンネットローダウンSuperSportMirror(スーパースポーツミラー) アルファロメオ 156 アルファロメオ 156スポーツワゴン 932 [2002～2006] M60ミラー LED カーボンルック ミラー面電動調整 左ハンドル ポップアップ格納,車種別ドアミラー アルファロメオ 156。SuperSportMirror(スーパースポーツミラー) アルファロメオ 156 アルファロメオ 156スポーツワゴン 932 [2002～2006] M60ミラー LED カーボンルック ミラー面電動調整 左ハンドル ポップアップ格納[rn]
2-43303,http://tshop.r10s.jp/parts/cabinet/detail-s/am-gt2b.jpg?fitin=700:700,9642.4000,,車用品・バイク用品 > カー用品 > 外装パーツ > エアロパーツ > ドアミラー,SuperSportMirror(スーパースポーツミラー) アルファロメオ 156 アルファロメオ 156スポーツワゴン 932 [2002～2006] GT2ミラー ブラック ミラー面手動調整 左ハンドル,車種別ドアミラー アルファロメオ 156,"軽量コンパクトながら、さらにスタイリッシュなデザインになったＧＴ2。ブルーミラーを採用。モーターを排除することで軽量化。手動タイプ。<br><br><br><br>カラー：マテリアルブラック<br><br><br>適合車種：アルファロメオ 156スポーツワゴン 932 [2002～2006] ※ベースが窓ガラスに干渉する場合があります。その際は加工が必要です。<br><br>ボディパーツ | ドアミラー<br>アルファロメオ | 156 | 932<tr><td colspan=""2"">
<center><img src=""https://image.rakuten.co.jp/parts/cabinet/design/2017summertire2.jpg"" border=""0"" width=""800px""><br>
</td></tr></center>


<!--

<center>
<img src=""http://image.rakuten.co.jp/parts/cabinet/sale/201612ss_45_pc2.gif"" border=""0"" width=""800px"">
</center><br><br>
<center>
<img src=""http://image.rakuten.co.jp/parts/cabinet/sale/conbini201612pc.jpg"" border=""0"" width=""800px""
><br>

-->



<!--

<style type=""text/css"">
body{

background-image: url(""http://image.rakuten.co.jp/parts/cabinet/sale/36_shop_100x600.gif"");

background-repeat:repeat-y;
background-attachment:scroll;
background-position: right;

}
</style>-->",SuperSportMirror(スーパースポーツミラー) アルファロメオ 156 アルファロメオ 156スポーツワゴン 932 [2002～2006] GT2ミラー ブラック ミラー面手動調整 左ハンドル：ＰＡＲＴＳ,ヘッドライトテールライトコーナーライトサイドマーカーカーボンアンテナドアミラーエアロメーターパネルリップスポイラーウイングホイールカバーペダル車高調ブレーキドライブレコーダーワイパーグリルボンネットローダウンSuperSportMirror(スーパースポーツミラー) アルファロメオ 156 アルファロメオ 156スポーツワゴン 932 [2002～2006] GT2ミラー ブラック ミラー面手動調整 左ハンドル,車種別ドアミラー アルファロメオ 156。SuperSportMirror(スーパースポーツミラー) アルファロメオ 156 アルファロメオ 156スポーツワゴン 932 [2002～2006] GT2ミラー ブラック ミラー面手動調整 左ハンドル[rn]
2-43304,http://tshop.r10s.jp/parts/cabinet/detail-a/am-rolb.jpg?fitin=700:700,12052.8000,,車用品・バイク用品 > カー用品 > 外装パーツ > エアロパーツ > ドアミラー,SuperSportMirror(スーパースポーツミラー) アルファロメオ 147 アルファロメオ 147 937 [2001～2011] ROSSOミラー LED カーボンルック ミラー面手動調整 右ハンドル,車種別ドアミラー アルファロメオ 147,"格納式LED付ミラー。ミラーはギラつきの少ないブルーミラーを採用。人気のＬＥＤウインカーを内臓！鮮やかなオレンジに発光。<br><br>モーターを排除することで軽量化。手動タイプ。右ハンドル車用<br><br>カラー：カーボンルック<br><br><br>適合車種：アルファロメオ 147 937 [2001～2011] ※穴位置が少しずれる為、車両側の穴を広げる加工が必要になる場合と別途取り付けねじが必要になる場合があります。<br><br>ボディパーツ | ドアミラー<br>アルファロメオ | 147 | 937<tr><td colspan=""2"">
<center><img src=""https://image.rakuten.co.jp/parts/cabinet/design/2017summertire2.jpg"" border=""0"" width=""800px""><br>
</td></tr></center>


<!--

<center>
<img src=""http://image.rakuten.co.jp/parts/cabinet/sale/201612ss_45_pc2.gif"" border=""0"" width=""800px"">
</center><br><br>
<center>
<img src=""http://image.rakuten.co.jp/parts/cabinet/sale/conbini201612pc.jpg"" border=""0"" width=""800px""
><br>

-->



<!--

<style type=""text/css"">
body{

background-image: url(""http://image.rakuten.co.jp/parts/cabinet/sale/36_shop_100x600.gif"");

background-repeat:repeat-y;
background-attachment:scroll;
background-position: right;

}
</style>-->",SuperSportMirror(スーパースポーツミラー) アルファロメオ 147 アルファロメオ 147 937 [2001～2011] ROSSOミラー LED カーボンルック ミラー面手動調整 右ハンドル：ＰＡＲＴＳ,ヘッドライトテールライトコーナーライトサイドマーカーカーボンアンテナドアミラーエアロメーターパネルリップスポイラーウイングホイールカバーペダル車高調ブレーキドライブレコーダーワイパーグリルボンネットローダウンSuperSportMirror(スーパースポーツミラー) アルファロメオ 147 アルファロメオ 147 937 [2001～2011] ROSSOミラー LED カーボンルック ミラー面手動調整 右ハンドル,車種別ドアミラー アルファロメオ 147。SuperSportMirror(スーパースポーツミラー) アルファロメオ 147 アルファロメオ 147 937 [2001～2011] ROSSOミラー LED カーボンルック ミラー面手動調整 右ハンドル[rn]
2-43305,http://tshop.r10s.jp/parts/cabinet/detail-s/am-gtm.jpg?fitin=700:700,9642.4000,,車用品・バイク用品 > カー用品 > 外装パーツ > エアロパーツ > ドアミラー,SuperSportMirror(スーパースポーツミラー) アルファロメオ 156 アルファロメオ 156スポーツワゴン 932 [2002～2006] GT1ミラー クローム ミラー面手動調整 左ハンドル,車種別ドアミラー アルファロメオ 156,"このミラーを装着するだけで、車全体がレーシーな雰囲気に！純正では決して味わうことの出来ない印象的なデザインが特徴の、軽量コンパクトなＧＴ1タイプ。<br><br>モーターを排除することで軽量化。手動タイプでミラーレンズは固定となります。<br><br>●カラー：クローム ●左ハンドル車用<br><br><br>適合車種：アルファロメオ 156スポーツワゴン 932 [2002～2006] ※ベースが窓ガラスに干渉する場合があります。その際は加工が必要です。<br><br>ボディパーツ | ドアミラー<br>アルファロメオ | 156 | 932<tr><td colspan=""2"">
<center><img src=""https://image.rakuten.co.jp/parts/cabinet/design/2017summertire2.jpg"" border=""0"" width=""800px""><br>
</td></tr></center>


<!--

<center>
<img src=""http://image.rakuten.co.jp/parts/cabinet/sale/201612ss_45_pc2.gif"" border=""0"" width=""800px"">
</center><br><br>
<center>
<img src=""http://image.rakuten.co.jp/parts/cabinet/sale/conbini201612pc.jpg"" border=""0"" width=""800px""
><br>

-->



<!--

<style type=""text/css"">
body{

background-image: url(""http://image.rakuten.co.jp/parts/cabinet/sale/36_shop_100x600.gif"");

background-repeat:repeat-y;
background-attachment:scroll;
background-position: right;

}
</style>-->",SuperSportMirror(スーパースポーツミラー) アルファロメオ 156 アルファロメオ 156スポーツワゴン 932 [2002～2006] GT1ミラー クローム ミラー面手動調整 左ハンドル：ＰＡＲＴＳ,ヘッドライトテールライトコーナーライトサイドマーカーカーボンアンテナドアミラーエアロメーターパネルリップスポイラーウイングホイールカバーペダル車高調ブレーキドライブレコーダーワイパーグリルボンネットローダウンSuperSportMirror(スーパースポーツミラー) アルファロメオ 156 アルファロメオ 156スポーツワゴン 932 [2002～2006] GT1ミラー クローム ミラー面手動調整 左ハンドル,車種別ドアミラー アルファロメオ 156。SuperSportMirror(スーパースポーツミラー) アルファロメオ 156 アルファロメオ 156スポーツワゴン 932 [2002～2006] GT1ミラー クローム ミラー面手動調整 左ハンドル[rn]
2-43306,http://tshop.r10s.jp/parts/cabinet/detail-s/am-d2lc.jpg?fitin=700:700,11249.6000,,車用品・バイク用品 > カー用品 > 外装パーツ > エアロパーツ > ドアミラー,SuperSportMirror(スーパースポーツミラー) アルファロメオ 156 アルファロメオ 156スポーツワゴン 932 [2002～2006] DTM2ミラー LED カーボンルック ミラー面手動調整 右ハンドル,車種別ドアミラー アルファロメオ 156,"dtmタイプをベースに後方へのLEDウインカー視界を向上させたフラッグシップモデル。ブルーミラーを採用。ＬＥＤウインカーは鮮やかなオレンジに発光。<br><br>モーターを排除することで軽量化。手動タイプ。<br><br>カラー：カーボン調<br><br><br>適合車種：アルファロメオ 156スポーツワゴン 932 [2002～2006] ※ベースが窓ガラスに干渉する場合があります。その際は加工が必要です。<br><br>ボディパーツ | ドアミラー<br>アルファロメオ | 156 | 932<tr><td colspan=""2"">
<center><img src=""https://image.rakuten.co.jp/parts/cabinet/design/2017summertire2.jpg"" border=""0"" width=""800px""><br>
</td></tr></center>


<!--

<center>
<img src=""http://image.rakuten.co.jp/parts/cabinet/sale/201612ss_45_pc2.gif"" border=""0"" width=""800px"">
</center><br><br>
<center>
<img src=""http://image.rakuten.co.jp/parts/cabinet/sale/conbini201612pc.jpg"" border=""0"" width=""800px""
><br>

-->



<!--

<style type=""text/css"">
body{

background-image: url(""http://image.rakuten.co.jp/parts/cabinet/sale/36_shop_100x600.gif"");

background-repeat:repeat-y;
background-attachment:scroll;
background-position: right;

}
</style>-->",SuperSportMirror(スーパースポーツミラー) アルファロメオ 156 アルファロメオ 156スポーツワゴン 932 [2002～2006] DTM2ミラー LED カーボンルック ミラー面手動調整 右ハンドル：ＰＡＲＴＳ,ヘッドライトテールライトコーナーライトサイドマーカーカーボンアンテナドアミラーエアロメーターパネルリップスポイラーウイングホイールカバーペダル車高調ブレーキドライブレコーダーワイパーグリルボンネットローダウンSuperSportMirror(スーパースポーツミラー) アルファロメオ 156 アルファロメオ 156スポーツワゴン 932 [2002～2006] DTM2ミラー LED カーボンルック ミラー面手動調整 右ハンドル,車種別ドアミラー アルファロメオ 156。SuperSportMirror(スーパースポーツミラー) アルファロメオ 156 アルファロメオ 156スポーツワゴン 932 [2002～2006] DTM2ミラー LED カーボンルック ミラー面手動調整 右ハンドル[rn]
2-43307,http://tshop.r10s.jp/parts/cabinet/detail-s/am-dtm.jpg?fitin=700:700,13660.0000,,車用品・バイク用品 > カー用品 > 外装パーツ > エアロパーツ > ドアミラー,SuperSportMirror(スーパースポーツミラー) アルファロメオ 156 アルファロメオ 156スポーツワゴン 932 [2002～2006] DTMミラー クローム ミラー面電動調整 右ハンドル,車種別ドアミラー アルファロメオ 156,"スタイリッシュなデザインが好評のｄｔｍタイプ。ブルーミラーを採用。レンズの角度調整もお車のスイッチから調整可能です。<br><br>ミラーレンズコントロール用モーター内臓。<br><br>カラー：クローム<br><br><br>適合車種：アルファロメオ 156スポーツワゴン 932 [2002～2006] ※ベースが窓ガラスに干渉する場合があります。その際は加工が必要です。<br><br>ボディパーツ | ドアミラー<br>アルファロメオ | 156 | 932<tr><td colspan=""2"">
<center><img src=""https://image.rakuten.co.jp/parts/cabinet/design/2017summertire2.jpg"" border=""0"" width=""800px""><br>
</td></tr></center>


<!--

<center>
<img src=""http://image.rakuten.co.jp/parts/cabinet/sale/201612ss_45_pc2.gif"" border=""0"" width=""800px"">
</center><br><br>
<center>
<img src=""http://image.rakuten.co.jp/parts/cabinet/sale/conbini201612pc.jpg"" border=""0"" width=""800px""
><br>

-->



<!--

<style type=""text/css"">
body{

background-image: url(""http://image.rakuten.co.jp/parts/cabinet/sale/36_shop_100x600.gif"");

background-repeat:repeat-y;
background-attachment:scroll;
background-position: right;

}
</style>-->",SuperSportMirror(スーパースポーツミラー) アルファロメオ 156 アルファロメオ 156スポーツワゴン 932 [2002～2006] DTMミラー クローム ミラー面電動調整 右ハンドル：ＰＡＲＴＳ,ヘッドライトテールライトコーナーライトサイドマーカーカーボンアンテナドアミラーエアロメーターパネルリップスポイラーウイングホイールカバーペダル車高調ブレーキドライブレコーダーワイパーグリルボンネットローダウンSuperSportMirror(スーパースポーツミラー) アルファロメオ 156 アルファロメオ 156スポーツワゴン 932 [2002～2006] DTMミラー クローム ミラー面電動調整 右ハンドル,車種別ドアミラー アルファロメオ 156。SuperSportMirror(スーパースポーツミラー) アルファロメオ 156 アルファロメオ 156スポーツワゴン 932 [2002～2006] DTMミラー クローム ミラー面電動調整 右ハンドル[rn]
2-43308,http://tshop.r10s.jp/parts/cabinet/detail-a/am-rolb.jpg?fitin=700:700,16070.4000,,車用品・バイク用品 > カー用品 > 外装パーツ > エアロパーツ > ドアミラー,SuperSportMirror(スーパースポーツミラー) アルファロメオ 156 アルファロメオ 156 932 [1998～2006] ROSSOミラー LED カーボンルック ミラー面電動調整 左ハンドル,車種別ドアミラー アルファロメオ 156,"格納式LED付ミラー。ミラーはギラつきの少ないブルーミラーを採用。人気のＬＥＤウインカーを内臓！鮮やかなオレンジに発光。<br><br>ミラーレンズコントロール用モーター内臓。左ハンドル車用<br><br>カラー：カーボンルック<br><br><br>適合車種：アルファロメオ 156 932 [1998～2006] ※ベースが窓ガラスに干渉する場合があります。その際は加工が必要です。<br><br>ボディパーツ | ドアミラー<br>アルファロメオ | 156 | 932<tr><td colspan=""2"">
<center><img src=""https://image.rakuten.co.jp/parts/cabinet/design/2017summertire2.jpg"" border=""0"" width=""800px""><br>
</td></tr></center>


<!--

<center>
<img src=""http://image.rakuten.co.jp/parts/cabinet/sale/201612ss_45_pc2.gif"" border=""0"" width=""800px"">
</center><br><br>
<center>
<img src=""http://image.rakuten.co.jp/parts/cabinet/sale/conbini201612pc.jpg"" border=""0"" width=""800px""
><br>

-->



<!--

<style type=""text/css"">
body{

background-image: url(""http://image.rakuten.co.jp/parts/cabinet/sale/36_shop_100x600.gif"");

background-repeat:repeat-y;
background-attachment:scroll;
background-position: right;

}
</style>-->",SuperSportMirror(スーパースポーツミラー) アルファロメオ 156 アルファロメオ 156 932 [1998～2006] ROSSOミラー LED カーボンルック ミラー面電動調整 左ハンドル：ＰＡＲＴＳ,ヘッドライトテールライトコーナーライトサイドマーカーカーボンアンテナドアミラーエアロメーターパネルリップスポイラーウイングホイールカバーペダル車高調ブレーキドライブレコーダーワイパーグリルボンネットローダウンSuperSportMirror(スーパースポーツミラー) アルファロメオ 156 アルファロメオ 156 932 [1998～2006] ROSSOミラー LED カーボンルック ミラー面電動調整 左ハンドル,車種別ドアミラー アルファロメオ 156。SuperSportMirror(スーパースポーツミラー) アルファロメオ 156 アルファロメオ 156 932 [1998～2006] ROSSOミラー LED カーボンルック ミラー面電動調整 左ハンドル[rn]
2-43309,http://tshop.r10s.jp/parts/cabinet/detail-s/am-slrm.jpg?fitin=700:700,12960.0000,,車用品・バイク用品 > カー用品 > 外装パーツ > エアロパーツ > ドアミラー,SuperSportMirror(スーパースポーツミラー) アルファロメオ 147 アルファロメオ 147 937 [2001～2011] SLRミラー LED クローム ミラー面手動調整 右ハンドル,車種別ドアミラー アルファロメオ 147,"サイドに伸びたツインフィンが目をひくＳＬＲタイプ。ブルーミラーを採用。ＬＥＤウインカーをツインフィンの中央に内臓し鮮やかなオレンジに発光。<br><br>ミラー面手動調整<br><br>●カラー:マテリアルブラック ●右ハンドル車用<br><br><br>適合車種：アルファロメオ 147 937 [2001～2011] ※穴位置が少しずれる為、穴を広げる必要があります。<br><br>ボディパーツ | ドアミラー<br>アルファロメオ | 147 | 937<tr><td colspan=""2"">
<center><img src=""https://image.rakuten.co.jp/parts/cabinet/design/2017summertire2.jpg"" border=""0"" width=""800px""><br>
</td></tr></center>


<!--

<center>
<img src=""http://image.rakuten.co.jp/parts/cabinet/sale/201612ss_45_pc2.gif"" border=""0"" width=""800px"">
</center><br><br>
<center>
<img src=""http://image.rakuten.co.jp/parts/cabinet/sale/conbini201612pc.jpg"" border=""0"" width=""800px""
><br>

-->



<!--

<style type=""text/css"">
body{

background-image: url(""http://image.rakuten.co.jp/parts/cabinet/sale/36_shop_100x600.gif"");

background-repeat:repeat-y;
background-attachment:scroll;
background-position: right;

}
</style>-->",SuperSportMirror(スーパースポーツミラー) アルファロメオ 147 アルファロメオ 147 937 [2001～2011] SLRミラー LED クローム ミラー面手動調整 右ハンドル：ＰＡＲＴＳ,ヘッドライトテールライトコーナーライトサイドマーカーカーボンアンテナドアミラーエアロメーターパネルリップスポイラーウイングホイールカバーペダル車高調ブレーキドライブレコーダーワイパーグリルボンネットローダウンSuperSportMirror(スーパースポーツミラー) アルファロメオ 147 アルファロメオ 147 937 [2001～2011] SLRミラー LED クローム ミラー面手動調整 右ハンドル,車種別ドアミラー アルファロメオ 147。SuperSportMirror(スーパースポーツミラー) アルファロメオ 147 アルファロメオ 147 937 [2001～2011] SLRミラー LED クローム ミラー面手動調整 右ハンドル[rn]
2-43310,http://tshop.r10s.jp/parts/cabinet/detail-s/am-gtb.jpg?fitin=700:700,9642.4000,,車用品・バイク用品 > カー用品 > 外装パーツ > エアロパーツ > ドアミラー,SuperSportMirror(スーパースポーツミラー) アルファロメオ 156 アルファロメオ 156スポーツワゴン 932 [2002～2006] GT1ミラー ブラック ミラー面手動調整 左ハンドル,車種別ドアミラー アルファロメオ 156,"このミラーを装着するだけで、車全体がレーシーな雰囲気に！純正では決して味わうことの出来ない印象的なデザインが特徴の、軽量コンパクトなＧＴ1タイプ。<br><br>モーターを排除することで軽量化。手動タイプでミラーレンズは固定となります。<br><br>●カラー：マテリアルブラック ●左ハンドル車用<br><br><br>適合車種：アルファロメオ 156スポーツワゴン 932 [2002～2006] ※ベースが窓ガラスに干渉する場合があります。その際は加工が必要です。<br><br>ボディパーツ | ドアミラー<br>アルファロメオ | 156 | 932<tr><td colspan=""2"">
<center><img src=""https://image.rakuten.co.jp/parts/cabinet/design/2017summertire2.jpg"" border=""0"" width=""800px""><br>
</td></tr></center>


<!--

<center>
<img src=""http://image.rakuten.co.jp/parts/cabinet/sale/201612ss_45_pc2.gif"" border=""0"" width=""800px"">
</center><br><br>
<center>
<img src=""http://image.rakuten.co.jp/parts/cabinet/sale/conbini201612pc.jpg"" border=""0"" width=""800px""
><br>

-->



<!--

<style type=""text/css"">
body{

background-image: url(""http://image.rakuten.co.jp/parts/cabinet/sale/36_shop_100x600.gif"");

background-repeat:repeat-y;
background-attachment:scroll;
background-position: right;

}
</style>-->",SuperSportMirror(スーパースポーツミラー) アルファロメオ 156 アルファロメオ 156スポーツワゴン 932 [2002～2006] GT1ミラー ブラック ミラー面手動調整 左ハンドル：ＰＡＲＴＳ,ヘッドライトテールライトコーナーライトサイドマーカーカーボンアンテナドアミラーエアロメーターパネルリップスポイラーウイングホイールカバーペダル車高調ブレーキドライブレコーダーワイパーグリルボンネットローダウンSuperSportMirror(スーパースポーツミラー) アルファロメオ 156 アルファロメオ 156スポーツワゴン 932 [2002～2006] GT1ミラー ブラック ミラー面手動調整 左ハンドル,車種別ドアミラー アルファロメオ 156。SuperSportMirror(スーパースポーツミラー) アルファロメオ 156 アルファロメオ 156スポーツワゴン 932 [2002～2006] GT1ミラー ブラック ミラー面手動調整 左ハンドル[rn]
2-43311,http://tshop.r10s.jp/parts/cabinet/detail-s/am-d2lc.jpg?fitin=700:700,15267.2000,,車用品・バイク用品 > カー用品 > 外装パーツ > エアロパーツ > ドアミラー,SuperSportMirror(スーパースポーツミラー) アルファロメオ 156 アルファロメオ 156スポーツワゴン 932 [2002～2006] DTM2ミラー LED カーボンルック ミラー面電動調整 左ハンドル,車種別ドアミラー アルファロメオ 156,"dtmタイプをベースに後方へのLEDウインカー視界を向上させたフラッグシップモデル。ブルーミラーを採用。ＬＥＤウインカーは鮮やかなオレンジに発光。<br><br>ミラーレンズコントロール用モーター内臓。<br><br>カラー：カーボン調<br><br><br>適合車種：アルファロメオ 156スポーツワゴン 932 [2002～2006] ※ベースが窓ガラスに干渉する場合があります。その際は加工が必要です。<br><br>ボディパーツ | ドアミラー<br>アルファロメオ | 156 | 932<tr><td colspan=""2"">
<center><img src=""https://image.rakuten.co.jp/parts/cabinet/design/2017summertire2.jpg"" border=""0"" width=""800px""><br>
</td></tr></center>


<!--

<center>
<img src=""http://image.rakuten.co.jp/parts/cabinet/sale/201612ss_45_pc2.gif"" border=""0"" width=""800px"">
</center><br><br>
<center>
<img src=""http://image.rakuten.co.jp/parts/cabinet/sale/conbini201612pc.jpg"" border=""0"" width=""800px""
><br>

-->



<!--

<style type=""text/css"">
body{

background-image: url(""http://image.rakuten.co.jp/parts/cabinet/sale/36_shop_100x600.gif"");

background-repeat:repeat-y;
background-attachment:scroll;
background-position: right;

}
</style>-->",SuperSportMirror(スーパースポーツミラー) アルファロメオ 156 アルファロメオ 156スポーツワゴン 932 [2002～2006] DTM2ミラー LED カーボンルック ミラー面電動調整 左ハンドル：ＰＡＲＴＳ,ヘッドライトテールライトコーナーライトサイドマーカーカーボンアンテナドアミラーエアロメーターパネルリップスポイラーウイングホイールカバーペダル車高調ブレーキドライブレコーダーワイパーグリルボンネットローダウンSuperSportMirror(スーパースポーツミラー) アルファロメオ 156 アルファロメオ 156スポーツワゴン 932 [2002～2006] DTM2ミラー LED カーボンルック ミラー面電動調整 左ハンドル,車種別ドアミラー アルファロメオ 156。SuperSportMirror(スーパースポーツミラー) アルファロメオ 156 アルファロメオ 156スポーツワゴン 932 [2002～2006] DTM2ミラー LED カーボンルック ミラー面電動調整 左ハンドル[rn]
2-43312,http://tshop.r10s.jp/parts/cabinet/detail-s/am-gt2lb.jpg?fitin=700:700,12052.8000,,車用品・バイク用品 > カー用品 > 外装パーツ > エアロパーツ > ドアミラー,SuperSportMirror(スーパースポーツミラー) アルファロメオ 156 アルファロメオ 156スポーツワゴン 932 [2002～2006] GT2ミラー LED ブラック ミラー面手動調整 右ハンドル,車種別ドアミラー アルファロメオ 156,"軽量コンパクトながら、さらにスタイリッシュなデザインになったＧＴ2。ブルーミラーを採用。モーターを排除することで軽量化。<br><br>人気のＬＥＤウインカーを内臓！鮮やかなオレンジに発光。<br><br>カラー：マテリアルブラック<br><br><br>適合車種：アルファロメオ 156スポーツワゴン 932 [2002～2006] ※ベースが窓ガラスに干渉する場合があります。その際は加工が必要です。<br><br>ボディパーツ | ドアミラー<br>アルファロメオ | 156 | 932<tr><td colspan=""2"">
<center><img src=""https://image.rakuten.co.jp/parts/cabinet/design/2017summertire2.jpg"" border=""0"" width=""800px""><br>
</td></tr></center>


<!--

<center>
<img src=""http://image.rakuten.co.jp/parts/cabinet/sale/201612ss_45_pc2.gif"" border=""0"" width=""800px"">
</center><br><br>
<center>
<img src=""http://image.rakuten.co.jp/parts/cabinet/sale/conbini201612pc.jpg"" border=""0"" width=""800px""
><br>

-->



<!--

<style type=""text/css"">
body{

background-image: url(""http://image.rakuten.co.jp/parts/cabinet/sale/36_shop_100x600.gif"");

background-repeat:repeat-y;
background-attachment:scroll;
background-position: right;

}
</style>-->",SuperSportMirror(スーパースポーツミラー) アルファロメオ 156 アルファロメオ 156スポーツワゴン 932 [2002～2006] GT2ミラー LED ブラック ミラー面手動調整 右ハンドル：ＰＡＲＴＳ,ヘッドライトテールライトコーナーライトサイドマーカーカーボンアンテナドアミラーエアロメーターパネルリップスポイラーウイングホイールカバーペダル車高調ブレーキドライブレコーダーワイパーグリルボンネットローダウンSuperSportMirror(スーパースポーツミラー) アルファロメオ 156 アルファロメオ 156スポーツワゴン 932 [2002～2006] GT2ミラー LED ブラック ミラー面手動調整 右ハンドル,車種別ドアミラー アルファロメオ 156。SuperSportMirror(スーパースポーツミラー) アルファロメオ 156 アルファロメオ 156スポーツワゴン 932 [2002～2006] GT2ミラー LED ブラック ミラー面手動調整 右ハンドル[rn]
2-43313,http://tshop.r10s.jp/parts/cabinet/detail-s/sbmsubk.jpg?fitin=700:700,14463.2000,,車用品・バイク用品 > カー用品 > 外装パーツ > エアロパーツ > ドアミラー,SuperSportMirror(スーパースポーツミラー) アルファロメオ 156 アルファロメオ 156スポーツワゴン 932 [2002～2006] SUVミラー LED ブラック ミラー面手動調整 左ハンドル,車種別ドアミラー アルファロメオ 156,"SUV専用ミラー！このモデルは跳ね上がるように格納することが出来ます。SUV用に開発された広くて大きなミラーレンズは、後方の視界を最大限に確保することができます。<br><br>本体には安全性・視認性に優れた高輝度LEDウインカーを装備。モーターを排除することで軽量化した手動タイプ。　モーター部も配線加工が不要なので電気加工が苦手な方にも簡単に取り付けできます。<br><br>●カラー：マテリアルブラック　●LEDウインカー　●ミラーレンズ手動調整式 ●左ハンドル車用　※【注意】ミラー本体のサイズが大きいため、車によっては大きさのバランスが合わない場合があります。ご注意ください。（ミラー本体全長：約30cm）<br><br><br>適合車種：アルファロメオ 156スポーツワゴン 932 [2002～2006] ※ベースが窓ガラスに干渉する場合があります。その際は加工が必要です。<br><br>ボディパーツ | ドアミラー<br>アルファロメオ | 156 | 932<tr><td colspan=""2"">
<center><img src=""https://image.rakuten.co.jp/parts/cabinet/design/2017summertire2.jpg"" border=""0"" width=""800px""><br>
</td></tr></center>


<!--

<center>
<img src=""http://image.rakuten.co.jp/parts/cabinet/sale/201612ss_45_pc2.gif"" border=""0"" width=""800px"">
</center><br><br>
<center>
<img src=""http://image.rakuten.co.jp/parts/cabinet/sale/conbini201612pc.jpg"" border=""0"" width=""800px""
><br>

-->



<!--

<style type=""text/css"">
body{

background-image: url(""http://image.rakuten.co.jp/parts/cabinet/sale/36_shop_100x600.gif"");

background-repeat:repeat-y;
background-attachment:scroll;
background-position: right;

}
</style>-->",SuperSportMirror(スーパースポーツミラー) アルファロメオ 156 アルファロメオ 156スポーツワゴン 932 [2002～2006] SUVミラー LED ブラック ミラー面手動調整 左ハンドル：ＰＡＲＴＳ,ヘッドライトテールライトコーナーライトサイドマーカーカーボンアンテナドアミラーエアロメーターパネルリップスポイラーウイングホイールカバーペダル車高調ブレーキドライブレコーダーワイパーグリルボンネットローダウンSuperSportMirror(スーパースポーツミラー) アルファロメオ 156 アルファロメオ 156スポーツワゴン 932 [2002～2006] SUVミラー LED ブラック ミラー面手動調整 左ハンドル,車種別ドアミラー アルファロメオ 156。SuperSportMirror(スーパースポーツミラー) アルファロメオ 156 アルファロメオ 156スポーツワゴン 932 [2002～2006] SUVミラー LED ブラック ミラー面手動調整 左ハンドル[rn]
2-43314,http://tshop.r10s.jp/parts/cabinet/detail-s/am-d2lb.jpg?fitin=700:700,15267.2000,,車用品・バイク用品 > カー用品 > 外装パーツ > エアロパーツ > ドアミラー,SuperSportMirror(スーパースポーツミラー) アルファロメオ 156 アルファロメオ 156スポーツワゴン 932 [2002～2006] DTM2ミラー LED ブラック ミラー面電動調整 右ハンドル,車種別ドアミラー アルファロメオ 156,"dtmタイプをベースに後方へのLEDウインカー視界を向上させたフラッグシップモデル。ブルーミラーを採用。ＬＥＤウインカーは鮮やかなオレンジに発光。<br><br>ミラーレンズコントロール用モーター内臓。<br><br>カラー：マテリアルブラック<br><br><br>適合車種：アルファロメオ 156スポーツワゴン 932 [2002～2006] ※ベースが窓ガラスに干渉する場合があります。その際は加工が必要です。<br><br>ボディパーツ | ドアミラー<br>アルファロメオ | 156 | 932<tr><td colspan=""2"">
<center><img src=""https://image.rakuten.co.jp/parts/cabinet/design/2017summertire2.jpg"" border=""0"" width=""800px""><br>
</td></tr></center>


<!--

<center>
<img src=""http://image.rakuten.co.jp/parts/cabinet/sale/201612ss_45_pc2.gif"" border=""0"" width=""800px"">
</center><br><br>
<center>
<img src=""http://image.rakuten.co.jp/parts/cabinet/sale/conbini201612pc.jpg"" border=""0"" width=""800px""
><br>

-->



<!--

<style type=""text/css"">
body{

background-image: url(""http://image.rakuten.co.jp/parts/cabinet/sale/36_shop_100x600.gif"");

background-repeat:repeat-y;
background-attachment:scroll;
background-position: right;

}
</style>-->",SuperSportMirror(スーパースポーツミラー) アルファロメオ 156 アルファロメオ 156スポーツワゴン 932 [2002～2006] DTM2ミラー LED ブラック ミラー面電動調整 右ハンドル：ＰＡＲＴＳ,ヘッドライトテールライトコーナーライトサイドマーカーカーボンアンテナドアミラーエアロメーターパネルリップスポイラーウイングホイールカバーペダル車高調ブレーキドライブレコーダーワイパーグリルボンネットローダウンSuperSportMirror(スーパースポーツミラー) アルファロメオ 156 アルファロメオ 156スポーツワゴン 932 [2002～2006] DTM2ミラー LED ブラック ミラー面電動調整 右ハンドル,車種別ドアミラー アルファロメオ 156。SuperSportMirror(スーパースポーツミラー) アルファロメオ 156 アルファロメオ 156スポーツワゴン 932 [2002～2006] DTM2ミラー LED ブラック ミラー面電動調整 右ハンドル[rn]
2-43315,http://tshop.r10s.jp/parts/cabinet/detail-a/am-rolb.jpg?fitin=700:700,12052.8000,,車用品・バイク用品 > カー用品 > 外装パーツ > エアロパーツ > ドアミラー,SuperSportMirror(スーパースポーツミラー) アルファロメオ 156 アルファロメオ 156 932 [1998～2006] ROSSOミラー LED ブラック ミラー面手動調整 左ハンドル,車種別ドアミラー アルファロメオ 156,"格納式LED付ミラー。ミラーはギラつきの少ないブルーミラーを採用。人気のＬＥＤウインカーを内臓！鮮やかなオレンジに発光。<br><br>モーターを排除することで軽量化。手動タイプ。左ハンドル車用<br><br>カラー：マテリアルブラック<br><br><br>適合車種：アルファロメオ 156 932 [1998～2006] ※ベースが窓ガラスに干渉する場合があります。その際は加工が必要です。<br><br>ボディパーツ | ドアミラー<br>アルファロメオ | 156 | 932<tr><td colspan=""2"">
<center><img src=""https://image.rakuten.co.jp/parts/cabinet/design/2017summertire2.jpg"" border=""0"" width=""800px""><br>
</td></tr></center>


<!--

<center>
<img src=""http://image.rakuten.co.jp/parts/cabinet/sale/201612ss_45_pc2.gif"" border=""0"" width=""800px"">
</center><br><br>
<center>
<img src=""http://image.rakuten.co.jp/parts/cabinet/sale/conbini201612pc.jpg"" border=""0"" width=""800px""
><br>

-->



<!--

<style type=""text/css"">
body{

background-image: url(""http://image.rakuten.co.jp/parts/cabinet/sale/36_shop_100x600.gif"");

background-repeat:repeat-y;
background-attachment:scroll;
background-position: right;

}
</style>-->",SuperSportMirror(スーパースポーツミラー) アルファロメオ 156 アルファロメオ 156 932 [1998～2006] ROSSOミラー LED ブラック ミラー面手動調整 左ハンドル：ＰＡＲＴＳ,ヘッドライトテールライトコーナーライトサイドマーカーカーボンアンテナドアミラーエアロメーターパネルリップスポイラーウイングホイールカバーペダル車高調ブレーキドライブレコーダーワイパーグリルボンネットローダウンSuperSportMirror(スーパースポーツミラー) アルファロメオ 156 アルファロメオ 156 932 [1998～2006] ROSSOミラー LED ブラック ミラー面手動調整 左ハンドル,車種別ドアミラー アルファロメオ 156。SuperSportMirror(スーパースポーツミラー) アルファロメオ 156 アルファロメオ 156 932 [1998～2006] ROSSOミラー LED ブラック ミラー面手動調整 左ハンドル[rn]
2-43316,http://tshop.r10s.jp/parts/cabinet/detail-s/am-jt2b.jpg?fitin=700:700,14463.2000,,車用品・バイク用品 > カー用品 > 外装パーツ > エアロパーツ > ドアミラー,SuperSportMirror(スーパースポーツミラー) アルファロメオ 147 アルファロメオ 147 937 [2001～2011] JTC2ミラー ブラック ミラー面電動調整 左ハンドル,車種別ドアミラー アルファロメオ 147,"スタイリッシュなデザインが人気のJTCタイプのLEDレスタイプ。カバーレスタイプでシンプルでスポーティーに！<br><br>ミラーレンズコントロール用モーター内臓。左ハンドル車用<br><br>カラー：マテリアルブラック<br><br><br>適合車種：アルファロメオ 147 937 [2001～2011] ※穴位置が少しずれる為、車両側の穴を広げる加工が必要になる場合と別途取り付けねじが必要になる場合があります。<br><br>ボディパーツ | ドアミラー<br>アルファロメオ | 147 | 937<tr><td colspan=""2"">
<center><img src=""https://image.rakuten.co.jp/parts/cabinet/design/2017summertire2.jpg"" border=""0"" width=""800px""><br>
</td></tr></center>


<!--

<center>
<img src=""http://image.rakuten.co.jp/parts/cabinet/sale/201612ss_45_pc2.gif"" border=""0"" width=""800px"">
</center><br><br>
<center>
<img src=""http://image.rakuten.co.jp/parts/cabinet/sale/conbini201612pc.jpg"" border=""0"" width=""800px""
><br>

-->



<!--

<style type=""text/css"">
body{

background-image: url(""http://image.rakuten.co.jp/parts/cabinet/sale/36_shop_100x600.gif"");

background-repeat:repeat-y;
background-attachment:scroll;
background-position: right;

}
</style>-->",SuperSportMirror(スーパースポーツミラー) アルファロメオ 147 アルファロメオ 147 937 [2001～2011] JTC2ミラー ブラック ミラー面電動調整 左ハンドル：ＰＡＲＴＳ,ヘッドライトテールライトコーナーライトサイドマーカーカーボンアンテナドアミラーエアロメーターパネルリップスポイラーウイングホイールカバーペダル車高調ブレーキドライブレコーダーワイパーグリルボンネットローダウンSuperSportMirror(スーパースポーツミラー) アルファロメオ 147 アルファロメオ 147 937 [2001～2011] JTC2ミラー ブラック ミラー面電動調整 左ハンドル,車種別ドアミラー アルファロメオ 147。SuperSportMirror(スーパースポーツミラー) アルファロメオ 147 アルファロメオ 147 937 [2001～2011] JTC2ミラー ブラック ミラー面電動調整 左ハンドル[rn]
2-43317,http://tshop.r10s.jp/parts/cabinet/detail-s/am-rolb.jpg?fitin=700:700,12052.8000,,車用品・バイク用品 > カー用品 > 外装パーツ > エアロパーツ > ドアミラー,SuperSportMirror(スーパースポーツミラー) アルファロメオ 156 アルファロメオ 156スポーツワゴン 932 [2002～2006] ROSSOミラー LED ブラック ミラー面手動調整 右ハンドル,車種別ドアミラー アルファロメオ 156,"格納式LED付ミラー。ミラーはギラつきの少ないブルーミラーを採用。人気のＬＥＤウインカーを内臓！鮮やかなオレンジに発光<br><br>モーターを排除することで軽量化。手動タイプ。<br><br>カラー：マテリアルブラック<br><br><br>適合車種：アルファロメオ 156スポーツワゴン 932 [2002～2006] ※ベースが窓ガラスに干渉する場合があります。その際は加工が必要です。<br><br>ボディパーツ | ドアミラー<br>アルファロメオ | 156 | 932<tr><td colspan=""2"">
<center><img src=""https://image.rakuten.co.jp/parts/cabinet/design/2017summertire2.jpg"" border=""0"" width=""800px""><br>
</td></tr></center>


<!--

<center>
<img src=""http://image.rakuten.co.jp/parts/cabinet/sale/201612ss_45_pc2.gif"" border=""0"" width=""800px"">
</center><br><br>
<center>
<img src=""http://image.rakuten.co.jp/parts/cabinet/sale/conbini201612pc.jpg"" border=""0"" width=""800px""
><br>

-->



<!--

<style type=""text/css"">
body{

background-image: url(""http://image.rakuten.co.jp/parts/cabinet/sale/36_shop_100x600.gif"");

background-repeat:repeat-y;
background-attachment:scroll;
background-position: right;

}
</style>-->",SuperSportMirror(スーパースポーツミラー) アルファロメオ 156 アルファロメオ 156スポーツワゴン 932 [2002～2006] ROSSOミラー LED ブラック ミラー面手動調整 右ハンドル：ＰＡＲＴＳ,ヘッドライトテールライトコーナーライトサイドマーカーカーボンアンテナドアミラーエアロメーターパネルリップスポイラーウイングホイールカバーペダル車高調ブレーキドライブレコーダーワイパーグリルボンネットローダウンSuperSportMirror(スーパースポーツミラー) アルファロメオ 156 アルファロメオ 156スポーツワゴン 932 [2002～2006] ROSSOミラー LED ブラック ミラー面手動調整 右ハンドル,車種別ドアミラー アルファロメオ 156。SuperSportMirror(スーパースポーツミラー) アルファロメオ 156 アルファロメオ 156スポーツワゴン 932 [2002～2006] ROSSOミラー LED ブラック ミラー面手動調整 右ハンドル[rn]
2-43318,http://tshop.r10s.jp/parts/cabinet/detail-a/am-m6b.jpg?fitin=700:700,16070.4000,,車用品・バイク用品 > カー用品 > 外装パーツ > エアロパーツ > ドアミラー,SuperSportMirror(スーパースポーツミラー) アルファロメオ 156 アルファロメオ 156スポーツワゴン 932 [2002～2006] M60ミラー LED ブラック ミラー面電動調整 左ハンドル ポップアップ格納,車種別ドアミラー アルファロメオ 156,"SuperSportMirrorシリーズのフラッグシップモデル。跳ね上がるように格納することが出来ます。ミラーレンズには夜間走行時での後続車のヘッドライトから視界を守るブルーミラーレンズを採用。<br><br>本体には安全性・視認性に優れた高輝度LEDウインカーを装備。ミラー面は電動で動かすことが出来ます。　モーター部も配線加工が不要なので電気加工が苦手な方にも簡単に取り付けできます。<br><br>●カラー：マテリアルブラック　●手動格納機構　●ブルーミラーレンズ　●ミラーレンズ手動調整式　●左ハンドル車用<br><br><br>適合車種：アルファロメオ 156スポーツワゴン 932 [2002～2006] ※ベースが窓ガラスに干渉する場合があります。その際は加工が必要です。<br><br>ボディパーツ | ドアミラー<br>アルファロメオ | 156 | 932<tr><td colspan=""2"">
<center><img src=""https://image.rakuten.co.jp/parts/cabinet/design/2017summertire2.jpg"" border=""0"" width=""800px""><br>
</td></tr></center>


<!--

<center>
<img src=""http://image.rakuten.co.jp/parts/cabinet/sale/201612ss_45_pc2.gif"" border=""0"" width=""800px"">
</center><br><br>
<center>
<img src=""http://image.rakuten.co.jp/parts/cabinet/sale/conbini201612pc.jpg"" border=""0"" width=""800px""
><br>

-->



<!--

<style type=""text/css"">
body{

background-image: url(""http://image.rakuten.co.jp/parts/cabinet/sale/36_shop_100x600.gif"");

background-repeat:repeat-y;
background-attachment:scroll;
background-position: right;

}
</style>-->",SuperSportMirror(スーパースポーツミラー) アルファロメオ 156 アルファロメオ 156スポーツワゴン 932 [2002～2006] M60ミラー LED ブラック ミラー面電動調整 左ハンドル ポップアップ格納：ＰＡＲＴＳ,ヘッドライトテールライトコーナーライトサイドマーカーカーボンアンテナドアミラーエアロメーターパネルリップスポイラーウイングホイールカバーペダル車高調ブレーキドライブレコーダーワイパーグリルボンネットローダウンSuperSportMirror(スーパースポーツミラー) アルファロメオ 156 アルファロメオ 156スポーツワゴン 932 [2002～2006] M60ミラー LED ブラック ミラー面電動調整 左ハンドル ポップアップ格納,車種別ドアミラー アルファロメオ 156。SuperSportMirror(スーパースポーツミラー) アルファロメオ 156 アルファロメオ 156スポーツワゴン 932 [2002～2006] M60ミラー LED ブラック ミラー面電動調整 左ハンドル ポップアップ格納[rn]
2-43319,http://tshop.r10s.jp/parts/cabinet/detail-a/am-m6c.jpg?fitin=700:700,14463.2000,,車用品・バイク用品 > カー用品 > 外装パーツ > エアロパーツ > ドアミラー,SuperSportMirror(スーパースポーツミラー) アルファロメオ 156 アルファロメオ 156 932 [1998～2006] M60ミラー カーボンルック ミラー面電動調整 左ハンドル ポップアップ格納,車種別ドアミラー アルファロメオ 156,"SuperSportMirrorシリーズのフラッグシップモデル。跳ね上がるように格納することが出来ます。ミラーレンズには夜間走行時での後続車のヘッドライトから視界を守るブルーミラーレンズを採用。<br><br>ミラー面は電動で動かすことが出来ます。　モーター部も配線加工が不要なので電気加工が苦手な方にも簡単に取り付けできます。<br><br>●カラー：カーボンルック　●手動格納機構　●ブルーミラーレンズ　●ミラーレンズ電動調整式　●左ハンドル車用<br><br><br>適合車種：アルファロメオ 156 932 [1998～2006] ※ベースが窓ガラスに干渉する場合があります。その際は加工が必要です。<br><br>ボディパーツ | ドアミラー<br>アルファロメオ | 156 | 932<tr><td colspan=""2"">
<center><img src=""https://image.rakuten.co.jp/parts/cabinet/design/2017summertire2.jpg"" border=""0"" width=""800px""><br>
</td></tr></center>


<!--

<center>
<img src=""http://image.rakuten.co.jp/parts/cabinet/sale/201612ss_45_pc2.gif"" border=""0"" width=""800px"">
</center><br><br>
<center>
<img src=""http://image.rakuten.co.jp/parts/cabinet/sale/conbini201612pc.jpg"" border=""0"" width=""800px""
><br>

-->



<!--

<style type=""text/css"">
body{

background-image: url(""http://image.rakuten.co.jp/parts/cabinet/sale/36_shop_100x600.gif"");

background-repeat:repeat-y;
background-attachment:scroll;
background-position: right;

}
</style>-->",SuperSportMirror(スーパースポーツミラー) アルファロメオ 156 アルファロメオ 156 932 [1998～2006] M60ミラー カーボンルック ミラー面電動調整 左ハンドル ポップアップ格納：ＰＡＲＴＳ,ヘッドライトテールライトコーナーライトサイドマーカーカーボンアンテナドアミラーエアロメーターパネルリップスポイラーウイングホイールカバーペダル車高調ブレーキドライブレコーダーワイパーグリルボンネットローダウンSuperSportMirror(スーパースポーツミラー) アルファロメオ 156 アルファロメオ 156 932 [1998～2006] M60ミラー カーボンルック ミラー面電動調整 左ハンドル ポップアップ格納,車種別ドアミラー アルファロメオ 156。SuperSportMirror(スーパースポーツミラー) アルファロメオ 156 アルファロメオ 156 932 [1998～2006] M60ミラー カーボンルック ミラー面電動調整 左ハンドル ポップアップ格納[rn]
2-43320,http://tshop.r10s.jp/parts/cabinet/detail-a/am-rolb.jpg?fitin=700:700,12052.8000,,車用品・バイク用品 > カー用品 > 外装パーツ > エアロパーツ > ドアミラー,SuperSportMirror(スーパースポーツミラー) アルファロメオ 156 アルファロメオ 156スポーツワゴン 932 [2002～2006] ROSSOミラー LED カーボンルック ミラー面手動調整 右ハンドル,車種別ドアミラー アルファロメオ 156,"格納式LED付ミラー。ミラーはギラつきの少ないブルーミラーを採用。人気のＬＥＤウインカーを内臓！鮮やかなオレンジに発光。<br><br>モーターを排除することで軽量化。手動タイプ。右ハンドル車用<br><br>カラー：カーボンルック<br><br><br>適合車種：アルファロメオ 156スポーツワゴン 932 [2002～2006] ※ベースが窓ガラスに干渉する場合があります。その際は加工が必要です。<br><br>ボディパーツ | ドアミラー<br>アルファロメオ | 156 | 932<tr><td colspan=""2"">
<center><img src=""https://image.rakuten.co.jp/parts/cabinet/design/2017summertire2.jpg"" border=""0"" width=""800px""><br>
</td></tr></center>


<!--

<center>
<img src=""http://image.rakuten.co.jp/parts/cabinet/sale/201612ss_45_pc2.gif"" border=""0"" width=""800px"">
</center><br><br>
<center>
<img src=""http://image.rakuten.co.jp/parts/cabinet/sale/conbini201612pc.jpg"" border=""0"" width=""800px""
><br>

-->



<!--

<style type=""text/css"">
body{

background-image: url(""http://image.rakuten.co.jp/parts/cabinet/sale/36_shop_100x600.gif"");

background-repeat:repeat-y;
background-attachment:scroll;
background-position: right;

}
</style>-->",SuperSportMirror(スーパースポーツミラー) アルファロメオ 156 アルファロメオ 156スポーツワゴン 932 [2002～2006] ROSSOミラー LED カーボンルック ミラー面手動調整 右ハンドル：ＰＡＲＴＳ,ヘッドライトテールライトコーナーライトサイドマーカーカーボンアンテナドアミラーエアロメーターパネルリップスポイラーウイングホイールカバーペダル車高調ブレーキドライブレコーダーワイパーグリルボンネットローダウンSuperSportMirror(スーパースポーツミラー) アルファロメオ 156 アルファロメオ 156スポーツワゴン 932 [2002～2006] ROSSOミラー LED カーボンルック ミラー面手動調整 右ハンドル,車種別ドアミラー アルファロメオ 156。SuperSportMirror(スーパースポーツミラー) アルファロメオ 156 アルファロメオ 156スポーツワゴン 932 [2002～2006] ROSSOミラー LED カーボンルック ミラー面手動調整 右ハンドル[rn]
2-43321,http://tshop.r10s.jp/parts/cabinet/detail-s/am-gt2c.jpg?fitin=700:700,9642.4000,,車用品・バイク用品 > カー用品 > 外装パーツ > エアロパーツ > ドアミラー,SuperSportMirror(スーパースポーツミラー) 三菱 エクリプス 三菱 エクリプス D32A/38A [1995～1999] GT2ミラー カーボンルック ミラー面手動調整 右ハンドル,車種別ドアミラー 三菱 エクリプス,"軽量コンパクトながら、さらにスタイリッシュなデザインになったＧＴ2。ブルーミラーを採用。モーターを排除することで軽量化。<br><br>手動タイプ。<br><br>カラー：カーボン調<br><br><br>適合車種：三菱 エクリプス D32A/38A [1995～1999]<br><br>ボディパーツ | ドアミラー<br>三菱 | エクリプス | D32A/38A<tr><td colspan=""2"">
<center><img src=""https://image.rakuten.co.jp/parts/cabinet/design/2017summertire2.jpg"" border=""0"" width=""800px""><br>
</td></tr></center>


<!--

<center>
<img src=""http://image.rakuten.co.jp/parts/cabinet/sale/201612ss_45_pc2.gif"" border=""0"" width=""800px"">
</center><br><br>
<center>
<img src=""http://image.rakuten.co.jp/parts/cabinet/sale/conbini201612pc.jpg"" border=""0"" width=""800px""
><br>

-->



<!--

<style type=""text/css"">
body{

background-image: url(""http://image.rakuten.co.jp/parts/cabinet/sale/36_shop_100x600.gif"");

background-repeat:repeat-y;
background-attachment:scroll;
background-position: right;

}
</style>-->",SuperSportMirror(スーパースポーツミラー) 三菱 エクリプス 三菱 エクリプス D32A/38A [1995～1999] GT2ミラー カーボンルック ミラー面手動調整 右ハンドル：ＰＡＲＴＳ,ヘッドライトテールライトコーナーライトサイドマーカーカーボンアンテナドアミラーエアロメーターパネルリップスポイラーウイングホイールカバーペダル車高調ブレーキドライブレコーダーワイパーグリルボンネットローダウンSuperSportMirror(スーパースポーツミラー) 三菱 エクリプス 三菱 エクリプス D32A/38A [1995～1999] GT2ミラー カーボンルック ミラー面手動調整 右ハンドル,車種別ドアミラー 三菱 エクリプス。SuperSportMirror(スーパースポーツミラー) 三菱 エクリプス 三菱 エクリプス D32A/38A [1995～1999] GT2ミラー カーボンルック ミラー面手動調整 右ハンドル[rn]
2-43322,http://tshop.r10s.jp/parts/cabinet/detail-s/sbmsubk.jpg?fitin=700:700,18480.8000,,車用品・バイク用品 > カー用品 > 外装パーツ > エアロパーツ > ドアミラー,SuperSportMirror(スーパースポーツミラー) 三菱 エクリプス 三菱 エクリプス D32A/38A [1995～1999] SUVミラー LED ブラック ミラー面電動調整 右ハンドル,車種別ドアミラー 三菱 エクリプス,"SUV専用ミラー！このモデルは跳ね上がるように格納することが出来ます。SUV用に開発された広くて大きなミラーレンズは、後方の視界を最大限に確保することができます。<br><br>本体には安全性・視認性に優れた高輝度LEDウインカーを装備。もちろんミラー面も電動で動かすことが出来ます。(取付には配線の加工が必要になります。）<br><br>●カラー：マテリアルブラック　●格納式　●LEDウインカー　●ミラーレンズ電動調整式　●右ハンドル車用　※【注意】ミラー本体のサイズが大きいため、車によっては大きさのバランスが合わない場合があります。ご注意ください。（ミラー本体全長：約30cm）<br><br><br>適合車種：三菱 エクリプス D32A/38A [1995～1999]<br><br>ボディパーツ | ドアミラー<br>三菱 | エクリプス | D32A/38A<tr><td colspan=""2"">
<center><img src=""https://image.rakuten.co.jp/parts/cabinet/design/2017summertire2.jpg"" border=""0"" width=""800px""><br>
</td></tr></center>


<!--

<center>
<img src=""http://image.rakuten.co.jp/parts/cabinet/sale/201612ss_45_pc2.gif"" border=""0"" width=""800px"">
</center><br><br>
<center>
<img src=""http://image.rakuten.co.jp/parts/cabinet/sale/conbini201612pc.jpg"" border=""0"" width=""800px""
><br>

-->



<!--

<style type=""text/css"">
body{

background-image: url(""http://image.rakuten.co.jp/parts/cabinet/sale/36_shop_100x600.gif"");

background-repeat:repeat-y;
background-attachment:scroll;
background-position: right;

}
</style>-->",SuperSportMirror(スーパースポーツミラー) 三菱 エクリプス 三菱 エクリプス D32A/38A [1995～1999] SUVミラー LED ブラック ミラー面電動調整 右ハンドル：ＰＡＲＴＳ,ヘッドライトテールライトコーナーライトサイドマーカーカーボンアンテナドアミラーエアロメーターパネルリップスポイラーウイングホイールカバーペダル車高調ブレーキドライブレコーダーワイパーグリルボンネットローダウンSuperSportMirror(スーパースポーツミラー) 三菱 エクリプス 三菱 エクリプス D32A/38A [1995～1999] SUVミラー LED ブラック ミラー面電動調整 右ハンドル,車種別ドアミラー 三菱 エクリプス。SuperSportMirror(スーパースポーツミラー) 三菱 エクリプス 三菱 エクリプス D32A/38A [1995～1999] SUVミラー LED ブラック ミラー面電動調整 右ハンドル[rn]
2-43323,http://tshop.r10s.jp/parts/cabinet/detail-s/am-gtc.jpg?fitin=700:700,9642.4000,,車用品・バイク用品 > カー用品 > 外装パーツ > エアロパーツ > ドアミラー,SuperSportMirror(スーパースポーツミラー) 三菱 エクリプス 三菱 エクリプス D32A/38A [1995～1999] GT1ミラー カーボンルック ミラー面手動調整 右ハンドル,車種別ドアミラー 三菱 エクリプス,"このミラーを装着するだけで、車全体がレーシーな雰囲気に！純正では決して味わうことの出来ない印象的なデザインが特徴の、軽量コンパクトなＧＴ1タイプ。<br><br>モーターを排除することで軽量化。手動タイプでミラーレンズは固定となります。<br><br>●カラー：カーボン調 ●右ハンドル車<br><br><br>適合車種：三菱 エクリプス D32A/38A [1995～1999]<br><br>ボディパーツ | ドアミラー<br>三菱 | エクリプス | D32A/38A<tr><td colspan=""2"">
<center><img src=""https://image.rakuten.co.jp/parts/cabinet/design/2017summertire2.jpg"" border=""0"" width=""800px""><br>
</td></tr></center>


<!--

<center>
<img src=""http://image.rakuten.co.jp/parts/cabinet/sale/201612ss_45_pc2.gif"" border=""0"" width=""800px"">
</center><br><br>
<center>
<img src=""http://image.rakuten.co.jp/parts/cabinet/sale/conbini201612pc.jpg"" border=""0"" width=""800px""
><br>

-->



<!--

<style type=""text/css"">
body{

background-image: url(""http://image.rakuten.co.jp/parts/cabinet/sale/36_shop_100x600.gif"");

background-repeat:repeat-y;
background-attachment:scroll;
background-position: right;

}
</style>-->",SuperSportMirror(スーパースポーツミラー) 三菱 エクリプス 三菱 エクリプス D32A/38A [1995～1999] GT1ミラー カーボンルック ミラー面手動調整 右ハンドル：ＰＡＲＴＳ,ヘッドライトテールライトコーナーライトサイドマーカーカーボンアンテナドアミラーエアロメーターパネルリップスポイラーウイングホイールカバーペダル車高調ブレーキドライブレコーダーワイパーグリルボンネットローダウンSuperSportMirror(スーパースポーツミラー) 三菱 エクリプス 三菱 エクリプス D32A/38A [1995～1999] GT1ミラー カーボンルック ミラー面手動調整 右ハンドル,車種別ドアミラー 三菱 エクリプス。SuperSportMirror(スーパースポーツミラー) 三菱 エクリプス 三菱 エクリプス D32A/38A [1995～1999] GT1ミラー カーボンルック ミラー面手動調整 右ハンドル[rn]
2-43324,http://tshop.r10s.jp/parts/cabinet/detail-s/am-m6lb.jpg?fitin=700:700,12052.8000,,車用品・バイク用品 > カー用品 > 外装パーツ > エアロパーツ > ドアミラー,SuperSportMirror(スーパースポーツミラー) 三菱 エクリプス 三菱 エクリプス D32A/38A [1995～1999] M60ミラー LED ブラック ミラー面手動調整 右ハンドル ポップアップ格納,車種別ドアミラー 三菱 エクリプス,"SuperSportMirrorシリーズのフラッグシップモデル。跳ね上がるように格納することが出来ます。ミラーレンズには夜間走行時での後続車のヘッドライトから視界を守るブルーミラーレンズを採用。<br><br>本体には安全性・視認性に優れた高輝度LEDウインカーを装備。モーターを排除することで軽量化した手動タイプ。　モーター部も配線加工が不要なので電気加工が苦手な方にも簡単に取り付けできます。<br><br>●カラー：マテリアルブラック　●手動格納機構　●ブルーミラーレンズ　●ミラーレンズ手動調整式　●右ハンドル車用<br><br><br>適合車種：三菱 エクリプス D32A/38A [1995～1999]<br><br>ボディパーツ | ドアミラー<br>三菱 | エクリプス | D32A/38A<tr><td colspan=""2"">
<center><img src=""https://image.rakuten.co.jp/parts/cabinet/design/2017summertire2.jpg"" border=""0"" width=""800px""><br>
</td></tr></center>


<!--

<center>
<img src=""http://image.rakuten.co.jp/parts/cabinet/sale/201612ss_45_pc2.gif"" border=""0"" width=""800px"">
</center><br><br>
<center>
<img src=""http://image.rakuten.co.jp/parts/cabinet/sale/conbini201612pc.jpg"" border=""0"" width=""800px""
><br>

-->



<!--

<style type=""text/css"">
body{

background-image: url(""http://image.rakuten.co.jp/parts/cabinet/sale/36_shop_100x600.gif"");

background-repeat:repeat-y;
background-attachment:scroll;
background-position: right;

}
</style>-->",SuperSportMirror(スーパースポーツミラー) 三菱 エクリプス 三菱 エクリプス D32A/38A [1995～1999] M60ミラー LED ブラック ミラー面手動調整 右ハンドル ポップアップ格納：ＰＡＲＴＳ,ヘッドライトテールライトコーナーライトサイドマーカーカーボンアンテナドアミラーエアロメーターパネルリップスポイラーウイングホイールカバーペダル車高調ブレーキドライブレコーダーワイパーグリルボンネットローダウンSuperSportMirror(スーパースポーツミラー) 三菱 エクリプス 三菱 エクリプス D32A/38A [1995～1999] M60ミラー LED ブラック ミラー面手動調整 右ハンドル ポップアップ格納,車種別ドアミラー 三菱 エクリプス。SuperSportMirror(スーパースポーツミラー) 三菱 エクリプス 三菱 エクリプス D32A/38A [1995～1999] M60ミラー LED ブラック ミラー面手動調整 右ハンドル ポップアップ格納[rn]
2-43325,http://tshop.r10s.jp/parts/cabinet/detail-s/am-gt2lc.jpg?fitin=700:700,12052.8000,,車用品・バイク用品 > カー用品 > 外装パーツ > エアロパーツ > ドアミラー,SuperSportMirror(スーパースポーツミラー) アルファロメオ 156 アルファロメオ 156スポーツワゴン 932 [2002～2006] GT2ミラー LED カーボンルック ミラー面手動調整 左ハンドル,車種別ドアミラー アルファロメオ 156,"軽量コンパクトながら、さらにスタイリッシュなデザインになったＧＴ2。ブルーミラーを採用。モーターを排除することで軽量化。手動タイプ。<br><br>人気のＬＥＤウインカーを内臓！鮮やかなオレンジに発光。ミラー面手動タイプ。<br><br>カラー：カーボン調<br><br><br>適合車種：アルファロメオ 156スポーツワゴン 932 [2002～2006] ※ベースが窓ガラスに干渉する場合があります。その際は加工が必要です。<br><br>ボディパーツ | ドアミラー<br>アルファロメオ | 156 | 932<tr><td colspan=""2"">
<center><img src=""https://image.rakuten.co.jp/parts/cabinet/design/2017summertire2.jpg"" border=""0"" width=""800px""><br>
</td></tr></center>


<!--

<center>
<img src=""http://image.rakuten.co.jp/parts/cabinet/sale/201612ss_45_pc2.gif"" border=""0"" width=""800px"">
</center><br><br>
<center>
<img src=""http://image.rakuten.co.jp/parts/cabinet/sale/conbini201612pc.jpg"" border=""0"" width=""800px""
><br>

-->



<!--

<style type=""text/css"">
body{

background-image: url(""http://image.rakuten.co.jp/parts/cabinet/sale/36_shop_100x600.gif"");

background-repeat:repeat-y;
background-attachment:scroll;
background-position: right;

}
</style>-->",SuperSportMirror(スーパースポーツミラー) アルファロメオ 156 アルファロメオ 156スポーツワゴン 932 [2002～2006] GT2ミラー LED カーボンルック ミラー面手動調整 左ハンドル：ＰＡＲＴＳ,ヘッドライトテールライトコーナーライトサイドマーカーカーボンアンテナドアミラーエアロメーターパネルリップスポイラーウイングホイールカバーペダル車高調ブレーキドライブレコーダーワイパーグリルボンネットローダウンSuperSportMirror(スーパースポーツミラー) アルファロメオ 156 アルファロメオ 156スポーツワゴン 932 [2002～2006] GT2ミラー LED カーボンルック ミラー面手動調整 左ハンドル,車種別ドアミラー アルファロメオ 156。SuperSportMirror(スーパースポーツミラー) アルファロメオ 156 アルファロメオ 156スポーツワゴン 932 [2002～2006] GT2ミラー LED カーボンルック ミラー面手動調整 左ハンドル[rn]
2-43326,http://tshop.r10s.jp/parts/cabinet/detail-s/am-dtc.jpg?fitin=700:700,9642.4000,,車用品・バイク用品 > カー用品 > 外装パーツ > エアロパーツ > ドアミラー,SuperSportMirror(スーパースポーツミラー) 三菱 エクリプス 三菱 エクリプス D32A/38A [1995～1999] DTMミラー カーボンルック ミラー面手動調整 右ハンドル,車種別ドアミラー 三菱 エクリプス,"スタイリッシュなデザインが好評のｄｔｍタイプ。ブルーミラーを採用。手動タイプは面倒な配線なしで簡単に装着できます。<br><br>モーターを排除することで軽量化。手動タイプ。<br><br>カラー：カーボン調<br><br><br>適合車種：三菱 エクリプス D32A/38A [1995～1999]<br><br>ボディパーツ | ドアミラー<br>三菱 | エクリプス | D32A/38A<tr><td colspan=""2"">
<center><img src=""https://image.rakuten.co.jp/parts/cabinet/design/2017summertire2.jpg"" border=""0"" width=""800px""><br>
</td></tr></center>


<!--

<center>
<img src=""http://image.rakuten.co.jp/parts/cabinet/sale/201612ss_45_pc2.gif"" border=""0"" width=""800px"">
</center><br><br>
<center>
<img src=""http://image.rakuten.co.jp/parts/cabinet/sale/conbini201612pc.jpg"" border=""0"" width=""800px""
><br>

-->



<!--

<style type=""text/css"">
body{

background-image: url(""http://image.rakuten.co.jp/parts/cabinet/sale/36_shop_100x600.gif"");

background-repeat:repeat-y;
background-attachment:scroll;
background-position: right;

}
</style>-->",SuperSportMirror(スーパースポーツミラー) 三菱 エクリプス 三菱 エクリプス D32A/38A [1995～1999] DTMミラー カーボンルック ミラー面手動調整 右ハンドル：ＰＡＲＴＳ,ヘッドライトテールライトコーナーライトサイドマーカーカーボンアンテナドアミラーエアロメーターパネルリップスポイラーウイングホイールカバーペダル車高調ブレーキドライブレコーダーワイパーグリルボンネットローダウンSuperSportMirror(スーパースポーツミラー) 三菱 エクリプス 三菱 エクリプス D32A/38A [1995～1999] DTMミラー カーボンルック ミラー面手動調整 右ハンドル,車種別ドアミラー 三菱 エクリプス。SuperSportMirror(スーパースポーツミラー) 三菱 エクリプス 三菱 エクリプス D32A/38A [1995～1999] DTMミラー カーボンルック ミラー面手動調整 右ハンドル[rn]
2-43327,http://tshop.r10s.jp/parts/cabinet/detail-s/am-m6lb.jpg?fitin=700:700,12052.8000,,車用品・バイク用品 > カー用品 > 外装パーツ > エアロパーツ > ドアミラー,SuperSportMirror(スーパースポーツミラー) 三菱 ランサー 三菱 ランサー CZ4A エボX [2007～2015] M60ミラー LED ブラック ミラー面手動調整 右ハンドル ポップアップ格納,車種別ドアミラー 三菱 ランサー,"SuperSportMirrorシリーズのフラッグシップモデル。跳ね上がるように格納することが出来ます。ミラーレンズには夜間走行時での後続車のヘッドライトから視界を守るブルーミラーレンズを採用。<br><br>本体には安全性・視認性に優れた高輝度LEDウインカーを装備。モーターを排除することで軽量化した手動タイプ。　モーター部も配線加工が不要なので電気加工が苦手な方にも簡単に取り付けできます。<br><br>●カラー：マテリアルブラック　●手動格納機構　●ブルーミラーレンズ　●ミラーレンズ手動調整式　●右ハンドル車用<br><br><br>適合車種：三菱 ランサー CZ4A エボX [2007～2015]<br><br>ボディパーツ | ドアミラー<br>三菱 | ランサー | CZ4A エボX<tr><td colspan=""2"">
<center><img src=""https://image.rakuten.co.jp/parts/cabinet/design/2017summertire2.jpg"" border=""0"" width=""800px""><br>
</td></tr></center>


<!--

<center>
<img src=""http://image.rakuten.co.jp/parts/cabinet/sale/201612ss_45_pc2.gif"" border=""0"" width=""800px"">
</center><br><br>
<center>
<img src=""http://image.rakuten.co.jp/parts/cabinet/sale/conbini201612pc.jpg"" border=""0"" width=""800px""
><br>

-->



<!--

<style type=""text/css"">
body{

background-image: url(""http://image.rakuten.co.jp/parts/cabinet/sale/36_shop_100x600.gif"");

background-repeat:repeat-y;
background-attachment:scroll;
background-position: right;

}
</style>-->",SuperSportMirror(スーパースポーツミラー) 三菱 ランサー 三菱 ランサー CZ4A エボX [2007～2015] M60ミラー LED ブラック ミラー面手動調整 右ハンドル ポップアップ格納：ＰＡＲＴＳ,ヘッドライトテールライトコーナーライトサイドマーカーカーボンアンテナドアミラーエアロメーターパネルリップスポイラーウイングホイールカバーペダル車高調ブレーキドライブレコーダーワイパーグリルボンネットローダウンSuperSportMirror(スーパースポーツミラー) 三菱 ランサー 三菱 ランサー CZ4A エボX [2007～2015] M60ミラー LED ブラック ミラー面手動調整 右ハンドル ポップアップ格納,車種別ドアミラー 三菱 ランサー。SuperSportMirror(スーパースポーツミラー) 三菱 ランサー 三菱 ランサー CZ4A エボX [2007～2015] M60ミラー LED ブラック ミラー面手動調整 右ハンドル ポップアップ格納[rn]
2-43328,http://tshop.r10s.jp/parts/cabinet/detail-s/am-jt2b.jpg?fitin=700:700,14463.2000,,車用品・バイク用品 > カー用品 > 外装パーツ > エアロパーツ > ドアミラー,SuperSportMirror(スーパースポーツミラー) 三菱 エクリプス 三菱 エクリプス D32A/38A [1995～1999] JTC2ミラー ブラック ミラー面電動調整 右ハンドル,車種別ドアミラー 三菱 エクリプス,"スタイリッシュなデザインが人気のJTCタイプのLEDレスタイプ。カバーレスタイプでシンプルでスポーティーに！<br><br>ミラーレンズコントロール用モーター内臓。<br><br>カラー：マテリアルブラック<br><br><br>適合車種：三菱 エクリプス D32A/38A [1995～1999]<br><br>ボディパーツ | ドアミラー<br>三菱 | エクリプス | D32A/38A<tr><td colspan=""2"">
<center><img src=""https://image.rakuten.co.jp/parts/cabinet/design/2017summertire2.jpg"" border=""0"" width=""800px""><br>
</td></tr></center>


<!--

<center>
<img src=""http://image.rakuten.co.jp/parts/cabinet/sale/201612ss_45_pc2.gif"" border=""0"" width=""800px"">
</center><br><br>
<center>
<img src=""http://image.rakuten.co.jp/parts/cabinet/sale/conbini201612pc.jpg"" border=""0"" width=""800px""
><br>

-->



<!--

<style type=""text/css"">
body{

background-image: url(""http://image.rakuten.co.jp/parts/cabinet/sale/36_shop_100x600.gif"");

background-repeat:repeat-y;
background-attachment:scroll;
background-position: right;

}
</style>-->",SuperSportMirror(スーパースポーツミラー) 三菱 エクリプス 三菱 エクリプス D32A/38A [1995～1999] JTC2ミラー ブラック ミラー面電動調整 右ハンドル：ＰＡＲＴＳ,ヘッドライトテールライトコーナーライトサイドマーカーカーボンアンテナドアミラーエアロメーターパネルリップスポイラーウイングホイールカバーペダル車高調ブレーキドライブレコーダーワイパーグリルボンネットローダウンSuperSportMirror(スーパースポーツミラー) 三菱 エクリプス 三菱 エクリプス D32A/38A [1995～1999] JTC2ミラー ブラック ミラー面電動調整 右ハンドル,車種別ドアミラー 三菱 エクリプス。SuperSportMirror(スーパースポーツミラー) 三菱 エクリプス 三菱 エクリプス D32A/38A [1995～1999] JTC2ミラー ブラック ミラー面電動調整 右ハンドル[rn]
2-43329,http://tshop.r10s.jp/parts/cabinet/detail-s/am-gt2lb.jpg?fitin=700:700,12052.8000,,車用品・バイク用品 > カー用品 > 外装パーツ > エアロパーツ > ドアミラー,SuperSportMirror(スーパースポーツミラー) 三菱 エクリプス 三菱 エクリプス D32A/38A [1995～1999] GT2ミラー LED ブラック ミラー面手動調整 右ハンドル,車種別ドアミラー 三菱 エクリプス,"軽量コンパクトながら、さらにスタイリッシュなデザインになったＧＴ2。ブルーミラーを採用。モーターを排除することで軽量化。<br><br>人気のＬＥＤウインカーを内臓！鮮やかなオレンジに発光。<br><br>カラー：マテリアルブラック<br><br><br>適合車種：三菱 エクリプス D32A/38A [1995～1999]<br><br>ボディパーツ | ドアミラー<br>三菱 | エクリプス | D32A/38A<tr><td colspan=""2"">
<center><img src=""https://image.rakuten.co.jp/parts/cabinet/design/2017summertire2.jpg"" border=""0"" width=""800px""><br>
</td></tr></center>


<!--

<center>
<img src=""http://image.rakuten.co.jp/parts/cabinet/sale/201612ss_45_pc2.gif"" border=""0"" width=""800px"">
</center><br><br>
<center>
<img src=""http://image.rakuten.co.jp/parts/cabinet/sale/conbini201612pc.jpg"" border=""0"" width=""800px""
><br>

-->



<!--

<style type=""text/css"">
body{

background-image: url(""http://image.rakuten.co.jp/parts/cabinet/sale/36_shop_100x600.gif"");

background-repeat:repeat-y;
background-attachment:scroll;
background-position: right;

}
</style>-->",SuperSportMirror(スーパースポーツミラー) 三菱 エクリプス 三菱 エクリプス D32A/38A [1995～1999] GT2ミラー LED ブラック ミラー面手動調整 右ハンドル：ＰＡＲＴＳ,ヘッドライトテールライトコーナーライトサイドマーカーカーボンアンテナドアミラーエアロメーターパネルリップスポイラーウイングホイールカバーペダル車高調ブレーキドライブレコーダーワイパーグリルボンネットローダウンSuperSportMirror(スーパースポーツミラー) 三菱 エクリプス 三菱 エクリプス D32A/38A [1995～1999] GT2ミラー LED ブラック ミラー面手動調整 右ハンドル,車種別ドアミラー 三菱 エクリプス。SuperSportMirror(スーパースポーツミラー) 三菱 エクリプス 三菱 エクリプス D32A/38A [1995～1999] GT2ミラー LED ブラック ミラー面手動調整 右ハンドル[rn]
2-43330,http://tshop.r10s.jp/parts/cabinet/detail-s/am-slrm.jpg?fitin=700:700,17280.0000,,車用品・バイク用品 > カー用品 > 外装パーツ > エアロパーツ > ドアミラー,SuperSportMirror(スーパースポーツミラー) 三菱 ランサー 三菱 ランサー CN/CP/CK/CM 系（エボ4～6含む） [1995～2000] SLRミラー LED クローム ミラー面電動調整 右ハンドル,車種別ドアミラー 三菱 ランサー,"サイドに伸びたツインフィンが目をひくＳＬＲタイプ。ブルーミラーを採用。ＬＥＤウインカーをツインフィンの中央に内臓し鮮やかなオレンジに発光。<br><br>ミラーレンズコントロール用モーター内臓。<br><br>●カラー:マテリアルブラック ●ミラーレンズ電動調整式 ●右ハンドル車用<br><br><br>適合車種：三菱 ランサー CN/CP/CK/CM 系（エボ4～6含む） [1995～2000]<br><br>ボディパーツ | ドアミラー<br>三菱 | ランサー | CN/CP/CK/CM 系（エボ4～6含）<tr><td colspan=""2"">
<center><img src=""https://image.rakuten.co.jp/parts/cabinet/design/2017summertire2.jpg"" border=""0"" width=""800px""><br>
</td></tr></center>


<!--

<center>
<img src=""http://image.rakuten.co.jp/parts/cabinet/sale/201612ss_45_pc2.gif"" border=""0"" width=""800px"">
</center><br><br>
<center>
<img src=""http://image.rakuten.co.jp/parts/cabinet/sale/conbini201612pc.jpg"" border=""0"" width=""800px""
><br>

-->



<!--

<style type=""text/css"">
body{

background-image: url(""http://image.rakuten.co.jp/parts/cabinet/sale/36_shop_100x600.gif"");

background-repeat:repeat-y;
background-attachment:scroll;
background-position: right;

}
</style>-->",SuperSportMirror(スーパースポーツミラー) 三菱 ランサー 三菱 ランサー CN/CP/CK/CM 系（エボ4～6含む） [1995～2000] SLRミラー LED クローム ミラー面電動調整 右ハンドル：ＰＡＲＴＳ,ヘッドライトテールライトコーナーライトサイドマーカーカーボンアンテナドアミラーエアロメーターパネルリップスポイラーウイングホイールカバーペダル車高調ブレーキドライブレコーダーワイパーグリルボンネットローダウンSuperSportMirror(スーパースポーツミラー) 三菱 ランサー 三菱 ランサー CN/CP/CK/CM 系（エボ4～6含む） [1995～2000] SLRミラー LED クローム ミラー面電動調整 右ハンドル,車種別ドアミラー 三菱 ランサー。SuperSportMirror(スーパースポーツミラー) 三菱 ランサー 三菱 ランサー CN/CP/CK/CM 系（エボ4～6含む） [1995～2000] SLRミラー LED クローム ミラー面電動調整 右ハンドル[rn]
2-43331,http://tshop.r10s.jp/parts/cabinet/detail-s/sbmsubk.jpg?fitin=700:700,14463.2000,,車用品・バイク用品 > カー用品 > 外装パーツ > エアロパーツ > ドアミラー,SuperSportMirror(スーパースポーツミラー) 三菱 ランサー 三菱 ランサー CZ4A エボX [2007～2015] SUVミラー LED ブラック ミラー面手動調整 右ハンドル,車種別ドアミラー 三菱 ランサー,"SUV専用ミラー！このモデルは跳ね上がるように格納することが出来ます。SUV用に開発された広くて大きなミラーレンズは、後方の視界を最大限に確保することができます。<br><br>本体には安全性・視認性に優れた高輝度LEDウインカーを装備。モーターを排除することで軽量化した手動タイプ。　モーター部も配線加工が不要なので電気加工が苦手な方にも簡単に取り付けできます。　<br><br>●カラー：マテリアルブラック　●LEDウインカー　●ミラーレンズ手動調整式 ●右ハンドル車用　※【注意】ミラー本体のサイズが大きいため、車によっては大きさのバランスが合わない場合があります。ご注意ください。（ミラー本体全長：約30cm）<br><br><br>適合車種：三菱 ランサー CZ4A エボX [2007～2015]<br><br>ボディパーツ | ドアミラー<br>三菱 | ランサー | CZ4A エボX<tr><td colspan=""2"">
<center><img src=""https://image.rakuten.co.jp/parts/cabinet/design/2017summertire2.jpg"" border=""0"" width=""800px""><br>
</td></tr></center>


<!--

<center>
<img src=""http://image.rakuten.co.jp/parts/cabinet/sale/201612ss_45_pc2.gif"" border=""0"" width=""800px"">
</center><br><br>
<center>
<img src=""http://image.rakuten.co.jp/parts/cabinet/sale/conbini201612pc.jpg"" border=""0"" width=""800px""
><br>

-->



<!--

<style type=""text/css"">
body{

background-image: url(""http://image.rakuten.co.jp/parts/cabinet/sale/36_shop_100x600.gif"");

background-repeat:repeat-y;
background-attachment:scroll;
background-position: right;

}
</style>-->",SuperSportMirror(スーパースポーツミラー) 三菱 ランサー 三菱 ランサー CZ4A エボX [2007～2015] SUVミラー LED ブラック ミラー面手動調整 右ハンドル：ＰＡＲＴＳ,ヘッドライトテールライトコーナーライトサイドマーカーカーボンアンテナドアミラーエアロメーターパネルリップスポイラーウイングホイールカバーペダル車高調ブレーキドライブレコーダーワイパーグリルボンネットローダウンSuperSportMirror(スーパースポーツミラー) 三菱 ランサー 三菱 ランサー CZ4A エボX [2007～2015] SUVミラー LED ブラック ミラー面手動調整 右ハンドル,車種別ドアミラー 三菱 ランサー。SuperSportMirror(スーパースポーツミラー) 三菱 ランサー 三菱 ランサー CZ4A エボX [2007～2015] SUVミラー LED ブラック ミラー面手動調整 右ハンドル[rn]
2-43332,http://tshop.r10s.jp/parts/cabinet/detail-s/am-jt2c.jpg?fitin=700:700,10445.6000,,車用品・バイク用品 > カー用品 > 外装パーツ > エアロパーツ > ドアミラー,SuperSportMirror(スーパースポーツミラー) 三菱 ランサー 三菱 ランサー CZ4A エボX [2007～2015] JTC2ミラー カーボンルック ミラー面手動調整 右ハンドル,車種別ドアミラー 三菱 ランサー,"スタイリッシュなデザインが人気のJTCタイプのLEDレスタイプ。カバーレスタイプでシンプルでスポーティーに！<br><br>モーターを排除することで軽量化。手動タイプ。<br><br>カラー：カーボン調<br><br><br>適合車種：三菱 ランサー CZ4A エボX [2007～2015]<br><br>ボディパーツ | ドアミラー<br>三菱 | ランサー | CZ4A エボX<tr><td colspan=""2"">
<center><img src=""https://image.rakuten.co.jp/parts/cabinet/design/2017summertire2.jpg"" border=""0"" width=""800px""><br>
</td></tr></center>


<!--

<center>
<img src=""http://image.rakuten.co.jp/parts/cabinet/sale/201612ss_45_pc2.gif"" border=""0"" width=""800px"">
</center><br><br>
<center>
<img src=""http://image.rakuten.co.jp/parts/cabinet/sale/conbini201612pc.jpg"" border=""0"" width=""800px""
><br>

-->



<!--

<style type=""text/css"">
body{

background-image: url(""http://image.rakuten.co.jp/parts/cabinet/sale/36_shop_100x600.gif"");

background-repeat:repeat-y;
background-attachment:scroll;
background-position: right;

}
</style>-->",SuperSportMirror(スーパースポーツミラー) 三菱 ランサー 三菱 ランサー CZ4A エボX [2007～2015] JTC2ミラー カーボンルック ミラー面手動調整 右ハンドル：ＰＡＲＴＳ,ヘッドライトテールライトコーナーライトサイドマーカーカーボンアンテナドアミラーエアロメーターパネルリップスポイラーウイングホイールカバーペダル車高調ブレーキドライブレコーダーワイパーグリルボンネットローダウンSuperSportMirror(スーパースポーツミラー) 三菱 ランサー 三菱 ランサー CZ4A エボX [2007～2015] JTC2ミラー カーボンルック ミラー面手動調整 右ハンドル,車種別ドアミラー 三菱 ランサー。SuperSportMirror(スーパースポーツミラー) 三菱 ランサー 三菱 ランサー CZ4A エボX [2007～2015] JTC2ミラー カーボンルック ミラー面手動調整 右ハンドル[rn]
2-43333,http://tshop.r10s.jp/parts/cabinet/detail-s/am-gt2lb.jpg?fitin=700:700,12052.8000,,車用品・バイク用品 > カー用品 > 外装パーツ > エアロパーツ > ドアミラー,SuperSportMirror(スーパースポーツミラー) 三菱 ランサー 三菱 ランサー CZ4A エボX [2007～2015] GT2ミラー LED ブラック ミラー面手動調整 右ハンドル,車種別ドアミラー 三菱 ランサー,"軽量コンパクトながら、さらにスタイリッシュなデザインになったＧＴ2。ブルーミラーを採用。モーターを排除することで軽量化。<br><br>人気のＬＥＤウインカーを内臓！鮮やかなオレンジに発光。<br><br>カラー：マテリアルブラック<br><br><br>適合車種：三菱 ランサー CZ4A エボX [2007～2015]<br><br>ボディパーツ | ドアミラー<br>三菱 | ランサー | CZ4A エボX<tr><td colspan=""2"">
<center><img src=""https://image.rakuten.co.jp/parts/cabinet/design/2017summertire2.jpg"" border=""0"" width=""800px""><br>
</td></tr></center>


<!--

<center>
<img src=""http://image.rakuten.co.jp/parts/cabinet/sale/201612ss_45_pc2.gif"" border=""0"" width=""800px"">
</center><br><br>
<center>
<img src=""http://image.rakuten.co.jp/parts/cabinet/sale/conbini201612pc.jpg"" border=""0"" width=""800px""
><br>

-->



<!--

<style type=""text/css"">
body{

background-image: url(""http://image.rakuten.co.jp/parts/cabinet/sale/36_shop_100x600.gif"");

background-repeat:repeat-y;
background-attachment:scroll;
background-position: right;

}
</style>-->",SuperSportMirror(スーパースポーツミラー) 三菱 ランサー 三菱 ランサー CZ4A エボX [2007～2015] GT2ミラー LED ブラック ミラー面手動調整 右ハンドル：ＰＡＲＴＳ,ヘッドライトテールライトコーナーライトサイドマーカーカーボンアンテナドアミラーエアロメーターパネルリップスポイラーウイングホイールカバーペダル車高調ブレーキドライブレコーダーワイパーグリルボンネットローダウンSuperSportMirror(スーパースポーツミラー) 三菱 ランサー 三菱 ランサー CZ4A エボX [2007～2015] GT2ミラー LED ブラック ミラー面手動調整 右ハンドル,車種別ドアミラー 三菱 ランサー。SuperSportMirror(スーパースポーツミラー) 三菱 ランサー 三菱 ランサー CZ4A エボX [2007～2015] GT2ミラー LED ブラック ミラー面手動調整 右ハンドル[rn]
2-43334,http://tshop.r10s.jp/parts/cabinet/detail-a/am-srlb-0108.jpg?fitin=700:700,16070.4000,,車用品・バイク用品 > カー用品 > 外装パーツ > エアロパーツ > ドアミラー,SuperSportMirror(スーパースポーツミラー) 三菱 ランサー 三菱 ランサー CD/CE/CB系（エボ1～3含む） [1991～1995] SR5ミラー LED ブラック ミラー面電動調整 右ハンドル,車種別ドアミラー 三菱 ランサー,"格納式LED付ミラー。ミラーはギラつきの少ないブルーミラーを採用。ミラー面は電動調整式。LEDウインカーはオレンジ色に発光。格納は手動での操作になります。<br><br>ミラーレンズコントロール用モーター内臓。<br><br>カラー：マテリアルブラック<br><br><br>適合車種：三菱 ランサー CD/CE/CB系（エボ1～3含む） [1991～1995]<br><br>ボディパーツ | ドアミラー<br>三菱 | ランサー | ～CD/CE/CB系（エボ1～3含む）<tr><td colspan=""2"">
<center><img src=""https://image.rakuten.co.jp/parts/cabinet/design/2017summertire2.jpg"" border=""0"" width=""800px""><br>
</td></tr></center>


<!--

<center>
<img src=""http://image.rakuten.co.jp/parts/cabinet/sale/201612ss_45_pc2.gif"" border=""0"" width=""800px"">
</center><br><br>
<center>
<img src=""http://image.rakuten.co.jp/parts/cabinet/sale/conbini201612pc.jpg"" border=""0"" width=""800px""
><br>

-->



<!--

<style type=""text/css"">
body{

background-image: url(""http://image.rakuten.co.jp/parts/cabinet/sale/36_shop_100x600.gif"");

background-repeat:repeat-y;
background-attachment:scroll;
background-position: right;

}
</style>-->",SuperSportMirror(スーパースポーツミラー) 三菱 ランサー 三菱 ランサー CD/CE/CB系（エボ1～3含む） [1991～1995] SR5ミラー LED ブラック ミラー面電動調整 右ハンドル：ＰＡＲＴＳ,ヘッドライトテールライトコーナーライトサイドマーカーカーボンアンテナドアミラーエアロメーターパネルリップスポイラーウイングホイールカバーペダル車高調ブレーキドライブレコーダーワイパーグリルボンネットローダウンSuperSportMirror(スーパースポーツミラー) 三菱 ランサー 三菱 ランサー CD/CE/CB系（エボ1～3含む） [1991～1995] SR5ミラー LED ブラック ミラー面電動調整 右ハンドル,車種別ドアミラー 三菱 ランサー。SuperSportMirror(スーパースポーツミラー) 三菱 ランサー 三菱 ランサー CD/CE/CB系（エボ1～3含む） [1991～1995] SR5ミラー LED ブラック ミラー面電動調整 右ハンドル[rn]
2-43335,http://tshop.r10s.jp/parts/cabinet/detail-s/am-gtb.jpg?fitin=700:700,9642.4000,,車用品・バイク用品 > カー用品 > 外装パーツ > エアロパーツ > ドアミラー,SuperSportMirror(スーパースポーツミラー) 三菱 ランサー 三菱 ランサー CZ4A エボX [2007～2015] GT1ミラー ブラック ミラー面手動調整 右ハンドル,車種別ドアミラー 三菱 ランサー,"このミラーを装着するだけで、車全体がレーシーな雰囲気に！純正では決して味わうことの出来ない印象的なデザインが特徴の、軽量コンパクトなＧＴ1タイプ。<br><br>モーターを排除することで軽量化。手動タイプでミラーレンズは固定となります。<br><br>●カラー：マテリアルブラック ●右ハンドル車用<br><br><br>適合車種：三菱 ランサー CZ4A エボX [2007～2015]<br><br>ボディパーツ | ドアミラー<br>三菱 | ランサー | CZ4A エボX<tr><td colspan=""2"">
<center><img src=""https://image.rakuten.co.jp/parts/cabinet/design/2017summertire2.jpg"" border=""0"" width=""800px""><br>
</td></tr></center>


<!--

<center>
<img src=""http://image.rakuten.co.jp/parts/cabinet/sale/201612ss_45_pc2.gif"" border=""0"" width=""800px"">
</center><br><br>
<center>
<img src=""http://image.rakuten.co.jp/parts/cabinet/sale/conbini201612pc.jpg"" border=""0"" width=""800px""
><br>

-->



<!--

<style type=""text/css"">
body{

background-image: url(""http://image.rakuten.co.jp/parts/cabinet/sale/36_shop_100x600.gif"");

background-repeat:repeat-y;
background-attachment:scroll;
background-position: right;

}
</style>-->",SuperSportMirror(スーパースポーツミラー) 三菱 ランサー 三菱 ランサー CZ4A エボX [2007～2015] GT1ミラー ブラック ミラー面手動調整 右ハンドル：ＰＡＲＴＳ,ヘッドライトテールライトコーナーライトサイドマーカーカーボンアンテナドアミラーエアロメーターパネルリップスポイラーウイングホイールカバーペダル車高調ブレーキドライブレコーダーワイパーグリルボンネットローダウンSuperSportMirror(スーパースポーツミラー) 三菱 ランサー 三菱 ランサー CZ4A エボX [2007～2015] GT1ミラー ブラック ミラー面手動調整 右ハンドル,車種別ドアミラー 三菱 ランサー。SuperSportMirror(スーパースポーツミラー) 三菱 ランサー 三菱 ランサー CZ4A エボX [2007～2015] GT1ミラー ブラック ミラー面手動調整 右ハンドル[rn]
2-43336,http://tshop.r10s.jp/parts/cabinet/detail-s/am-gt2lc.jpg?fitin=700:700,12052.8000,,車用品・バイク用品 > カー用品 > 外装パーツ > エアロパーツ > ドアミラー,SuperSportMirror(スーパースポーツミラー) 三菱 エクリプス 三菱 エクリプス D32A/38A [1995～1999] GT2ミラー LED カーボンルック ミラー面手動調整 右ハンドル,車種別ドアミラー 三菱 エクリプス,"軽量コンパクトながら、さらにスタイリッシュなデザインになったＧＴ2。ブルーミラーを採用。モーターを排除することで軽量化。手動タイプ。<br><br>人気のＬＥＤウインカーを内臓！鮮やかなオレンジに発光。<br><br>カラー：カーボン調<br><br><br>適合車種：三菱 エクリプス D32A/38A [1995～1999]<br><br>ボディパーツ | ドアミラー<br>三菱 | エクリプス | D32A/38A<tr><td colspan=""2"">
<center><img src=""https://image.rakuten.co.jp/parts/cabinet/design/2017summertire2.jpg"" border=""0"" width=""800px""><br>
</td></tr></center>


<!--

<center>
<img src=""http://image.rakuten.co.jp/parts/cabinet/sale/201612ss_45_pc2.gif"" border=""0"" width=""800px"">
</center><br><br>
<center>
<img src=""http://image.rakuten.co.jp/parts/cabinet/sale/conbini201612pc.jpg"" border=""0"" width=""800px""
><br>

-->



<!--

<style type=""text/css"">
body{

background-image: url(""http://image.rakuten.co.jp/parts/cabinet/sale/36_shop_100x600.gif"");

background-repeat:repeat-y;
background-attachment:scroll;
background-position: right;

}
</style>-->",SuperSportMirror(スーパースポーツミラー) 三菱 エクリプス 三菱 エクリプス D32A/38A [1995～1999] GT2ミラー LED カーボンルック ミラー面手動調整 右ハンドル：ＰＡＲＴＳ,ヘッドライトテールライトコーナーライトサイドマーカーカーボンアンテナドアミラーエアロメーターパネルリップスポイラーウイングホイールカバーペダル車高調ブレーキドライブレコーダーワイパーグリルボンネットローダウンSuperSportMirror(スーパースポーツミラー) 三菱 エクリプス 三菱 エクリプス D32A/38A [1995～1999] GT2ミラー LED カーボンルック ミラー面手動調整 右ハンドル,車種別ドアミラー 三菱 エクリプス。SuperSportMirror(スーパースポーツミラー) 三菱 エクリプス 三菱 エクリプス D32A/38A [1995～1999] GT2ミラー LED カーボンルック ミラー面手動調整 右ハンドル[rn]
2-43337,http://tshop.r10s.jp/parts/cabinet/detail-a/am-srlb-0108.jpg?fitin=700:700,16070.4000,,車用品・バイク用品 > カー用品 > 外装パーツ > エアロパーツ > ドアミラー,SuperSportMirror(スーパースポーツミラー) 三菱 ランサー 三菱 ランサー CT/CS系 (エボ7～9/MR/GTA含む） [2001～2006] SR5ミラー LED ブラック ミラー面電動調整 右ハンドル,車種別ドアミラー 三菱 ランサー,"格納式LED付ミラー。ミラーはギラつきの少ないブルーミラーを採用。ミラー面は電動調整式。LEDウインカーはオレンジ色に発光。格納は手動での操作になります。<br><br>ミラーレンズコントロール用モーター内臓。<br><br>カラー：マテリアルブラック<br><br><br>適合車種：三菱 ランサー CT/CS系 (エボ7～9/MR/GTA含む） [2001～2006]<br><br>ボディパーツ | ドアミラー<br>三菱 | ランサー | CT/CS系 (エボ7～9/MR/GTA含）<tr><td colspan=""2"">
<center><img src=""https://image.rakuten.co.jp/parts/cabinet/design/2017summertire2.jpg"" border=""0"" width=""800px""><br>
</td></tr></center>


<!--

<center>
<img src=""http://image.rakuten.co.jp/parts/cabinet/sale/201612ss_45_pc2.gif"" border=""0"" width=""800px"">
</center><br><br>
<center>
<img src=""http://image.rakuten.co.jp/parts/cabinet/sale/conbini201612pc.jpg"" border=""0"" width=""800px""
><br>

-->



<!--

<style type=""text/css"">
body{

background-image: url(""http://image.rakuten.co.jp/parts/cabinet/sale/36_shop_100x600.gif"");

background-repeat:repeat-y;
background-attachment:scroll;
background-position: right;

}
</style>-->",SuperSportMirror(スーパースポーツミラー) 三菱 ランサー 三菱 ランサー CT/CS系 (エボ7～9/MR/GTA含む） [2001～2006] SR5ミラー LED ブラック ミラー面電動調整 右ハンドル：ＰＡＲＴＳ,ヘッドライトテールライトコーナーライトサイドマーカーカーボンアンテナドアミラーエアロメーターパネルリップスポイラーウイングホイールカバーペダル車高調ブレーキドライブレコーダーワイパーグリルボンネットローダウンSuperSportMirror(スーパースポーツミラー) 三菱 ランサー 三菱 ランサー CT/CS系 (エボ7～9/MR/GTA含む） [2001～2006] SR5ミラー LED ブラック ミラー面電動調整 右ハンドル,車種別ドアミラー 三菱 ランサー。SuperSportMirror(スーパースポーツミラー) 三菱 ランサー 三菱 ランサー CT/CS系 (エボ7～9/MR/GTA含む） [2001～2006] SR5ミラー LED ブラック ミラー面電動調整 右ハンドル[rn]
2-43338,http://tshop.r10s.jp/parts/cabinet/detail-a/am-m6b.jpg?fitin=700:700,16070.4000,,車用品・バイク用品 > カー用品 > 外装パーツ > エアロパーツ > ドアミラー,SuperSportMirror(スーパースポーツミラー) 三菱 ランサー 三菱 ランサー CT/CS系 (エボ7～9/MR/GTA含む） [2001～2006] M60ミラー LED ブラック ミラー面電動調整 右ハンドル ポップアップ格納,車種別ドアミラー 三菱 ランサー,"SuperSportMirrorシリーズのフラッグシップモデル。跳ね上がるように格納することが出来ます。ミラーレンズには夜間走行時での後続車のヘッドライトから視界を守るブルーミラーレンズを採用。<br><br>本体には安全性・視認性に優れた高輝度LEDウインカーを装備。ミラー面は電動で動かすことが出来ます。　モーター部も配線加工が不要なので電気加工が苦手な方にも簡単に取り付けできます。<br><br>●カラー：マテリアルブラック　●手動格納機構　●ブルーミラーレンズ　●ミラーレンズ手動調整式　●右ハンドル車用<br><br><br>適合車種：三菱 ランサー CT/CS系 (エボ7～9/MR/GTA含む） [2001～2006]<br><br>ボディパーツ | ドアミラー<br>三菱 | ランサー | CT/CS系 (エボ7～9/MR/GTA含）<tr><td colspan=""2"">
<center><img src=""https://image.rakuten.co.jp/parts/cabinet/design/2017summertire2.jpg"" border=""0"" width=""800px""><br>
</td></tr></center>


<!--

<center>
<img src=""http://image.rakuten.co.jp/parts/cabinet/sale/201612ss_45_pc2.gif"" border=""0"" width=""800px"">
</center><br><br>
<center>
<img src=""http://image.rakuten.co.jp/parts/cabinet/sale/conbini201612pc.jpg"" border=""0"" width=""800px""
><br>

-->



<!--

<style type=""text/css"">
body{

background-image: url(""http://image.rakuten.co.jp/parts/cabinet/sale/36_shop_100x600.gif"");

background-repeat:repeat-y;
background-attachment:scroll;
background-position: right;

}
</style>-->",SuperSportMirror(スーパースポーツミラー) 三菱 ランサー 三菱 ランサー CT/CS系 (エボ7～9/MR/GTA含む） [2001～2006] M60ミラー LED ブラック ミラー面電動調整 右ハンドル ポップアップ格納：ＰＡＲＴＳ,ヘッドライトテールライトコーナーライトサイドマーカーカーボンアンテナドアミラーエアロメーターパネルリップスポイラーウイングホイールカバーペダル車高調ブレーキドライブレコーダーワイパーグリルボンネットローダウンSuperSportMirror(スーパースポーツミラー) 三菱 ランサー 三菱 ランサー CT/CS系 (エボ7～9/MR/GTA含む） [2001～2006] M60ミラー LED ブラック ミラー面電動調整 右ハンドル ポップアップ格納,車種別ドアミラー 三菱 ランサー。SuperSportMirror(スーパースポーツミラー) 三菱 ランサー 三菱 ランサー CT/CS系 (エボ7～9/MR/GTA含む） [2001～2006] M60ミラー LED ブラック ミラー面電動調整 右ハンドル ポップアップ格納[rn]
2-43339,http://tshop.r10s.jp/parts/cabinet/detail-a/am-m6b.jpg?fitin=700:700,16070.4000,,車用品・バイク用品 > カー用品 > 外装パーツ > エアロパーツ > ドアミラー,SuperSportMirror(スーパースポーツミラー) 三菱 ランサー 三菱 ランサー CN/CP/CK/CM 系（エボ4～6含む） [1995～2000] M60ミラー LED ブラック ミラー面電動調整 右ハンドル ポップアップ格納,車種別ドアミラー 三菱 ランサー,"SuperSportMirrorシリーズのフラッグシップモデル。跳ね上がるように格納することが出来ます。ミラーレンズには夜間走行時での後続車のヘッドライトから視界を守るブルーミラーレンズを採用。<br><br>本体には安全性・視認性に優れた高輝度LEDウインカーを装備。ミラー面は電動で動かすことが出来ます。　モーター部も配線加工が不要なので電気加工が苦手な方にも簡単に取り付けできます。<br><br>●カラー：マテリアルブラック　●手動格納機構　●ブルーミラーレンズ　●ミラーレンズ手動調整式　●右ハンドル車用<br><br><br>適合車種：三菱 ランサー CN/CP/CK/CM 系（エボ4～6含む） [1995～2000]<br><br>ボディパーツ | ドアミラー<br>三菱 | ランサー | CN/CP/CK/CM 系（エボ4～6含）<tr><td colspan=""2"">
<center><img src=""https://image.rakuten.co.jp/parts/cabinet/design/2017summertire2.jpg"" border=""0"" width=""800px""><br>
</td></tr></center>


<!--

<center>
<img src=""http://image.rakuten.co.jp/parts/cabinet/sale/201612ss_45_pc2.gif"" border=""0"" width=""800px"">
</center><br><br>
<center>
<img src=""http://image.rakuten.co.jp/parts/cabinet/sale/conbini201612pc.jpg"" border=""0"" width=""800px""
><br>

-->



<!--

<style type=""text/css"">
body{

background-image: url(""http://image.rakuten.co.jp/parts/cabinet/sale/36_shop_100x600.gif"");

background-repeat:repeat-y;
background-attachment:scroll;
background-position: right;

}
</style>-->",SuperSportMirror(スーパースポーツミラー) 三菱 ランサー 三菱 ランサー CN/CP/CK/CM 系（エボ4～6含む） [1995～2000] M60ミラー LED ブラック ミラー面電動調整 右ハンドル ポップアップ格納：ＰＡＲＴＳ,ヘッドライトテールライトコーナーライトサイドマーカーカーボンアンテナドアミラーエアロメーターパネルリップスポイラーウイングホイールカバーペダル車高調ブレーキドライブレコーダーワイパーグリルボンネットローダウンSuperSportMirror(スーパースポーツミラー) 三菱 ランサー 三菱 ランサー CN/CP/CK/CM 系（エボ4～6含む） [1995～2000] M60ミラー LED ブラック ミラー面電動調整 右ハンドル ポップアップ格納,車種別ドアミラー 三菱 ランサー。SuperSportMirror(スーパースポーツミラー) 三菱 ランサー 三菱 ランサー CN/CP/CK/CM 系（エボ4～6含む） [1995～2000] M60ミラー LED ブラック ミラー面電動調整 右ハンドル ポップアップ格納[rn]
2-43340,http://tshop.r10s.jp/parts/cabinet/detail-s/am-slrm.jpg?fitin=700:700,12960.0000,,車用品・バイク用品 > カー用品 > 外装パーツ > エアロパーツ > ドアミラー,SuperSportMirror(スーパースポーツミラー) 三菱 ランサー 三菱 ランサー CD/CE/CB系（エボ1～3含む） [1991～1995] SLRミラー LED クローム ミラー面手動調整 右ハンドル,車種別ドアミラー 三菱 ランサー,"サイドに伸びたツインフィンが目をひくＳＬＲタイプ。ブルーミラーを採用。ＬＥＤウインカーをツインフィンの中央に内臓し鮮やかなオレンジに発光。<br><br>ミラー面手動調整<br><br>●カラー:マテリアルブラック ●右ハンドル車用<br><br><br>適合車種：三菱 ランサー CD/CE/CB系（エボ1～3含む） [1991～1995]<br><br>ボディパーツ | ドアミラー<br>三菱 | ランサー | ～CD/CE/CB系（エボ1～3含む）<tr><td colspan=""2"">
<center><img src=""https://image.rakuten.co.jp/parts/cabinet/design/2017summertire2.jpg"" border=""0"" width=""800px""><br>
</td></tr></center>


<!--

<center>
<img src=""http://image.rakuten.co.jp/parts/cabinet/sale/201612ss_45_pc2.gif"" border=""0"" width=""800px"">
</center><br><br>
<center>
<img src=""http://image.rakuten.co.jp/parts/cabinet/sale/conbini201612pc.jpg"" border=""0"" width=""800px""
><br>

-->



<!--

<style type=""text/css"">
body{

background-image: url(""http://image.rakuten.co.jp/parts/cabinet/sale/36_shop_100x600.gif"");

background-repeat:repeat-y;
background-attachment:scroll;
background-position: right;

}
</style>-->",SuperSportMirror(スーパースポーツミラー) 三菱 ランサー 三菱 ランサー CD/CE/CB系（エボ1～3含む） [1991～1995] SLRミラー LED クローム ミラー面手動調整 右ハンドル：ＰＡＲＴＳ,ヘッドライトテールライトコーナーライトサイドマーカーカーボンアンテナドアミラーエアロメーターパネルリップスポイラーウイングホイールカバーペダル車高調ブレーキドライブレコーダーワイパーグリルボンネットローダウンSuperSportMirror(スーパースポーツミラー) 三菱 ランサー 三菱 ランサー CD/CE/CB系（エボ1～3含む） [1991～1995] SLRミラー LED クローム ミラー面手動調整 右ハンドル,車種別ドアミラー 三菱 ランサー。SuperSportMirror(スーパースポーツミラー) 三菱 ランサー 三菱 ランサー CD/CE/CB系（エボ1～3含む） [1991～1995] SLRミラー LED クローム ミラー面手動調整 右ハンドル[rn]
2-43341,http://tshop.r10s.jp/parts/cabinet/detail-s/am-dtc.jpg?fitin=700:700,13660.0000,,車用品・バイク用品 > カー用品 > 外装パーツ > エアロパーツ > ドアミラー,SuperSportMirror(スーパースポーツミラー) 三菱 エクリプス 三菱 エクリプス D32A/38A [1995～1999] DTMミラー カーボンルック ミラー面電動調整 右ハンドル,車種別ドアミラー 三菱 エクリプス,"スタイリッシュなデザインが好評のｄｔｍタイプ。ブルーミラーを採用。レンズの角度調整もお車のスイッチから調整可能です。<br><br>ミラーレンズコントロール用モーター内臓。<br><br>カラー：カーボン調<br><br><br>適合車種：三菱 エクリプス D32A/38A [1995～1999]<br><br>ボディパーツ | ドアミラー<br>三菱 | エクリプス | D32A/38A<tr><td colspan=""2"">
<center><img src=""https://image.rakuten.co.jp/parts/cabinet/design/2017summertire2.jpg"" border=""0"" width=""800px""><br>
</td></tr></center>


<!--

<center>
<img src=""http://image.rakuten.co.jp/parts/cabinet/sale/201612ss_45_pc2.gif"" border=""0"" width=""800px"">
</center><br><br>
<center>
<img src=""http://image.rakuten.co.jp/parts/cabinet/sale/conbini201612pc.jpg"" border=""0"" width=""800px""
><br>

-->



<!--

<style type=""text/css"">
body{

background-image: url(""http://image.rakuten.co.jp/parts/cabinet/sale/36_shop_100x600.gif"");

background-repeat:repeat-y;
background-attachment:scroll;
background-position: right;

}
</style>-->",SuperSportMirror(スーパースポーツミラー) 三菱 エクリプス 三菱 エクリプス D32A/38A [1995～1999] DTMミラー カーボンルック ミラー面電動調整 右ハンドル：ＰＡＲＴＳ,ヘッドライトテールライトコーナーライトサイドマーカーカーボンアンテナドアミラーエアロメーターパネルリップスポイラーウイングホイールカバーペダル車高調ブレーキドライブレコーダーワイパーグリルボンネットローダウンSuperSportMirror(スーパースポーツミラー) 三菱 エクリプス 三菱 エクリプス D32A/38A [1995～1999] DTMミラー カーボンルック ミラー面電動調整 右ハンドル,車種別ドアミラー 三菱 エクリプス。SuperSportMirror(スーパースポーツミラー) 三菱 エクリプス 三菱 エクリプス D32A/38A [1995～1999] DTMミラー カーボンルック ミラー面電動調整 右ハンドル[rn]
2-43342,http://tshop.r10s.jp/parts/cabinet/detail-s/am-m6b.jpg?fitin=700:700,14463.2000,,車用品・バイク用品 > カー用品 > 外装パーツ > エアロパーツ > ドアミラー,SuperSportMirror(スーパースポーツミラー) 三菱 ランサー 三菱 ランサー CZ4A エボX [2007～2015] M60ミラー ブラック ミラー面電動調整 右ハンドル ポップアップ格納,車種別ドアミラー 三菱 ランサー,"SuperSportMirrorシリーズのフラッグシップモデル。跳ね上がるように格納することが出来ます。ミラーレンズには夜間走行時での後続車のヘッドライトから視界を守るブルーミラーレンズを採用。<br><br>手動により格納できます。ミラー面は電動で動かすことが出来ます。(取付には配線の加工が必要になります。）<br><br>●カラー：マテリアルブラック　●手動格納機構　●ブルーミラーレンズ　●ミラーレンズ電動調整式　●右ハンドル車用<br><br><br>適合車種：三菱 ランサー CZ4A エボX [2007～2015]<br><br>ボディパーツ | ドアミラー<br>三菱 | ランサー | CZ4A エボX<tr><td colspan=""2"">
<center><img src=""https://image.rakuten.co.jp/parts/cabinet/design/2017summertire2.jpg"" border=""0"" width=""800px""><br>
</td></tr></center>


<!--

<center>
<img src=""http://image.rakuten.co.jp/parts/cabinet/sale/201612ss_45_pc2.gif"" border=""0"" width=""800px"">
</center><br><br>
<center>
<img src=""http://image.rakuten.co.jp/parts/cabinet/sale/conbini201612pc.jpg"" border=""0"" width=""800px""
><br>

-->



<!--

<style type=""text/css"">
body{

background-image: url(""http://image.rakuten.co.jp/parts/cabinet/sale/36_shop_100x600.gif"");

background-repeat:repeat-y;
background-attachment:scroll;
background-position: right;

}
</style>-->",SuperSportMirror(スーパースポーツミラー) 三菱 ランサー 三菱 ランサー CZ4A エボX [2007～2015] M60ミラー ブラック ミラー面電動調整 右ハンドル ポップアップ格納：ＰＡＲＴＳ,ヘッドライトテールライトコーナーライトサイドマーカーカーボンアンテナドアミラーエアロメーターパネルリップスポイラーウイングホイールカバーペダル車高調ブレーキドライブレコーダーワイパーグリルボンネットローダウンSuperSportMirror(スーパースポーツミラー) 三菱 ランサー 三菱 ランサー CZ4A エボX [2007～2015] M60ミラー ブラック ミラー面電動調整 右ハンドル ポップアップ格納,車種別ドアミラー 三菱 ランサー。SuperSportMirror(スーパースポーツミラー) 三菱 ランサー 三菱 ランサー CZ4A エボX [2007～2015] M60ミラー ブラック ミラー面電動調整 右ハンドル ポップアップ格納[rn]
2-43343,http://tshop.r10s.jp/parts/cabinet/detail-s/am-slrm.jpg?fitin=700:700,17280.0000,,車用品・バイク用品 > カー用品 > 外装パーツ > エアロパーツ > ドアミラー,SuperSportMirror(スーパースポーツミラー) トヨタ カローラ/スプリンター トヨタ カローラ/スプリンター AE/CE/EE100系 [1991～1995] SLRミラー LED クローム ミラー面電動調整 右ハンドル,車種別ドアミラー トヨタ カローラ/スプリンター,"サイドに伸びたツインフィンが目をひくＳＬＲタイプ。ブルーミラーを採用。ＬＥＤウインカーをツインフィンの中央に内臓し鮮やかなオレンジに発光。<br><br>ミラーレンズコントロール用モーター内臓。<br><br>●カラー:マテリアルブラック ●ミラーレンズ電動調整式 ●右ハンドル車用<br><br><br>適合車種：トヨタ カローラ/スプリンター AE/CE/EE100系 [1991～1995]<br><br>ボディパーツ | ドアミラー<br>トヨタ | カローラ/スプリンター | AE/CE/EE100系<tr><td colspan=""2"">
<center><img src=""https://image.rakuten.co.jp/parts/cabinet/design/2017summertire2.jpg"" border=""0"" width=""800px""><br>
</td></tr></center>


<!--

<center>
<img src=""http://image.rakuten.co.jp/parts/cabinet/sale/201612ss_45_pc2.gif"" border=""0"" width=""800px"">
</center><br><br>
<center>
<img src=""http://image.rakuten.co.jp/parts/cabinet/sale/conbini201612pc.jpg"" border=""0"" width=""800px""
><br>

-->



<!--

<style type=""text/css"">
body{

background-image: url(""http://image.rakuten.co.jp/parts/cabinet/sale/36_shop_100x600.gif"");

background-repeat:repeat-y;
background-attachment:scroll;
background-position: right;

}
</style>-->",SuperSportMirror(スーパースポーツミラー) トヨタ カローラ/スプリンター トヨタ カローラ/スプリンター AE/CE/EE100系 [1991～1995] SLRミラー LED クローム ミラー面電動調整 右ハンドル：ＰＡＲＴＳ,ヘッドライトテールライトコーナーライトサイドマーカーカーボンアンテナドアミラーエアロメーターパネルリップスポイラーウイングホイールカバーペダル車高調ブレーキドライブレコーダーワイパーグリルボンネットローダウンSuperSportMirror(スーパースポーツミラー) トヨタ カローラ/スプリンター トヨタ カローラ/スプリンター AE/CE/EE100系 [1991～1995] SLRミラー LED クローム ミラー面電動調整 右ハンドル,車種別ドアミラー トヨタ カローラ/スプリンター。SuperSportMirror(スーパースポーツミラー) トヨタ カローラ/スプリンター トヨタ カローラ/スプリンター AE/CE/EE100系 [1991～1995] SLRミラー LED クローム ミラー面電動調整 右ハンドル[rn]
2-43344,http://tshop.r10s.jp/parts/cabinet/detail-s/am-jtlb.jpg?fitin=700:700,12052.8000,,車用品・バイク用品 > カー用品 > 外装パーツ > エアロパーツ > ドアミラー,SuperSportMirror(スーパースポーツミラー) トヨタ チェイサー チェイサー X100系 [1996～2001] JTCミラー LED ブラック ミラー面手動調整 右ハンドル,車種別ドアミラー トヨタ チェイサー,"スタイリッシュなデザインに、個性的なウインカーレンズを採用したJTCタイプ。ブルーミラーを採用。人気のＬＥＤウインカーを内臓！鮮やかなオレンジに発光。<br><br>モーターを排除することで軽量化。手動タイプ。<br><br>カラー：マテリアルブラック<br><br><br>適合車種：チェイサー X100系 [1996～2001]<br><br>ボディパーツ | ドアミラー<br>トヨタ | チェイサー | X100系<tr><td colspan=""2"">
<center><img src=""https://image.rakuten.co.jp/parts/cabinet/design/2017summertire2.jpg"" border=""0"" width=""800px""><br>
</td></tr></center>


<!--

<center>
<img src=""http://image.rakuten.co.jp/parts/cabinet/sale/201612ss_45_pc2.gif"" border=""0"" width=""800px"">
</center><br><br>
<center>
<img src=""http://image.rakuten.co.jp/parts/cabinet/sale/conbini201612pc.jpg"" border=""0"" width=""800px""
><br>

-->



<!--

<style type=""text/css"">
body{

background-image: url(""http://image.rakuten.co.jp/parts/cabinet/sale/36_shop_100x600.gif"");

background-repeat:repeat-y;
background-attachment:scroll;
background-position: right;

}
</style>-->",SuperSportMirror(スーパースポーツミラー) トヨタ チェイサー チェイサー X100系 [1996～2001] JTCミラー LED ブラック ミラー面手動調整 右ハンドル：ＰＡＲＴＳ,ヘッドライトテールライトコーナーライトサイドマーカーカーボンアンテナドアミラーエアロメーターパネルリップスポイラーウイングホイールカバーペダル車高調ブレーキドライブレコーダーワイパーグリルボンネットローダウンSuperSportMirror(スーパースポーツミラー) トヨタ チェイサー チェイサー X100系 [1996～2001] JTCミラー LED ブラック ミラー面手動調整 右ハンドル,車種別ドアミラー トヨタ チェイサー。SuperSportMirror(スーパースポーツミラー) トヨタ チェイサー チェイサー X100系 [1996～2001] JTCミラー LED ブラック ミラー面手動調整 右ハンドル[rn]
2-43345,http://tshop.r10s.jp/parts/cabinet/detail-a/am-srlb-0108.jpg?fitin=700:700,12052.8000,,車用品・バイク用品 > カー用品 > 外装パーツ > エアロパーツ > ドアミラー,SuperSportMirror(スーパースポーツミラー) トヨタ カローラ/スプリンター トヨタ カローラ/スプリンター AE90系 [1989～1991] SR5ミラー LED ブラック ミラー面手動調整 右ハンドル,車種別ドアミラー トヨタ カローラ/スプリンター,"格納式LED付ミラー。ミラーはギラつきの少ないブルーミラーを採用。ミラー面は手動調整式。LEDウインカーはオレンジ色に発光。格納は手動での操作になります。<br><br>ミラーレンズ面手動調整<br><br>カラー：マテリアルブラック<br><br><br>適合車種：トヨタ カローラ/スプリンター AE90系 [1989～1991]<br><br>ボディパーツ | ドアミラー<br>トヨタ | カローラ/スプリンター | ～AE90系まで<tr><td colspan=""2"">
<center><img src=""https://image.rakuten.co.jp/parts/cabinet/design/2017summertire2.jpg"" border=""0"" width=""800px""><br>
</td></tr></center>


<!--

<center>
<img src=""http://image.rakuten.co.jp/parts/cabinet/sale/201612ss_45_pc2.gif"" border=""0"" width=""800px"">
</center><br><br>
<center>
<img src=""http://image.rakuten.co.jp/parts/cabinet/sale/conbini201612pc.jpg"" border=""0"" width=""800px""
><br>

-->



<!--

<style type=""text/css"">
body{

background-image: url(""http://image.rakuten.co.jp/parts/cabinet/sale/36_shop_100x600.gif"");

background-repeat:repeat-y;
background-attachment:scroll;
background-position: right;

}
</style>-->",SuperSportMirror(スーパースポーツミラー) トヨタ カローラ/スプリンター トヨタ カローラ/スプリンター AE90系 [1989～1991] SR5ミラー LED ブラック ミラー面手動調整 右ハンドル：ＰＡＲＴＳ,ヘッドライトテールライトコーナーライトサイドマーカーカーボンアンテナドアミラーエアロメーターパネルリップスポイラーウイングホイールカバーペダル車高調ブレーキドライブレコーダーワイパーグリルボンネットローダウンSuperSportMirror(スーパースポーツミラー) トヨタ カローラ/スプリンター トヨタ カローラ/スプリンター AE90系 [1989～1991] SR5ミラー LED ブラック ミラー面手動調整 右ハンドル,車種別ドアミラー トヨタ カローラ/スプリンター。SuperSportMirror(スーパースポーツミラー) トヨタ カローラ/スプリンター トヨタ カローラ/スプリンター AE90系 [1989～1991] SR5ミラー LED ブラック ミラー面手動調整 右ハンドル[rn]
2-43346,http://tshop.r10s.jp/parts/cabinet/detail-s/am-slrm.jpg?fitin=700:700,12960.0000,,車用品・バイク用品 > カー用品 > 外装パーツ > エアロパーツ > ドアミラー,SuperSportMirror(スーパースポーツミラー) トヨタ チェイサー トヨタ マーク2 X90系 [1992～1996] SLRミラー LED クローム ミラー面手動調整 右ハンドル,車種別ドアミラー トヨタ チェイサー,"サイドに伸びたツインフィンが目をひくＳＬＲタイプ。ブルーミラーを採用。ＬＥＤウインカーをツインフィンの中央に内臓し鮮やかなオレンジに発光。<br><br>ミラー面手動調整<br><br>●カラー:マテリアルブラック ●右ハンドル車用<br><br><br>適合車種：マーク2 X90系 [1992～1996] ※若干の加工を要す<br><br>ボディパーツ | ドアミラー<br>トヨタ | チェイサー | X100系<tr><td colspan=""2"">
<center><img src=""https://image.rakuten.co.jp/parts/cabinet/design/2017summertire2.jpg"" border=""0"" width=""800px""><br>
</td></tr></center>


<!--

<center>
<img src=""http://image.rakuten.co.jp/parts/cabinet/sale/201612ss_45_pc2.gif"" border=""0"" width=""800px"">
</center><br><br>
<center>
<img src=""http://image.rakuten.co.jp/parts/cabinet/sale/conbini201612pc.jpg"" border=""0"" width=""800px""
><br>

-->



<!--

<style type=""text/css"">
body{

background-image: url(""http://image.rakuten.co.jp/parts/cabinet/sale/36_shop_100x600.gif"");

background-repeat:repeat-y;
background-attachment:scroll;
background-position: right;

}
</style>-->",SuperSportMirror(スーパースポーツミラー) トヨタ チェイサー トヨタ マーク2 X90系 [1992～1996] SLRミラー LED クローム ミラー面手動調整 右ハンドル：ＰＡＲＴＳ,ヘッドライトテールライトコーナーライトサイドマーカーカーボンアンテナドアミラーエアロメーターパネルリップスポイラーウイングホイールカバーペダル車高調ブレーキドライブレコーダーワイパーグリルボンネットローダウンSuperSportMirror(スーパースポーツミラー) トヨタ チェイサー トヨタ マーク2 X90系 [1992～1996] SLRミラー LED クローム ミラー面手動調整 右ハンドル,車種別ドアミラー トヨタ チェイサー。SuperSportMirror(スーパースポーツミラー) トヨタ チェイサー トヨタ マーク2 X90系 [1992～1996] SLRミラー LED クローム ミラー面手動調整 右ハンドル[rn]
2-43347,http://tshop.r10s.jp/parts/cabinet/detail-a/am-srlb-0108.jpg?fitin=700:700,16070.4000,,車用品・バイク用品 > カー用品 > 外装パーツ > エアロパーツ > ドアミラー,SuperSportMirror(スーパースポーツミラー) トヨタ カローラ/スプリンター トヨタ カローラ/スプリンター NZE/ZZE/CE120系 [2000～2006] SR5ミラー LED ブラック ミラー面電動調整 右ハンドル,車種別ドアミラー トヨタ カローラ/スプリンター,"格納式LED付ミラー。ミラーはギラつきの少ないブルーミラーを採用。ミラー面は電動調整式。LEDウインカーはオレンジ色に発光。格納は手動での操作になります。<br><br>ミラーレンズコントロール用モーター内臓。<br><br>カラー：マテリアルブラック<br><br><br>適合車種：トヨタ カローラ/スプリンター NZE/ZZE/CE120系 [2000～2006]<br><br>ボディパーツ | ドアミラー<br>トヨタ | カローラ/スプリンター | AE/CE110系<tr><td colspan=""2"">
<center><img src=""https://image.rakuten.co.jp/parts/cabinet/design/2017summertire2.jpg"" border=""0"" width=""800px""><br>
</td></tr></center>


<!--

<center>
<img src=""http://image.rakuten.co.jp/parts/cabinet/sale/201612ss_45_pc2.gif"" border=""0"" width=""800px"">
</center><br><br>
<center>
<img src=""http://image.rakuten.co.jp/parts/cabinet/sale/conbini201612pc.jpg"" border=""0"" width=""800px""
><br>

-->



<!--

<style type=""text/css"">
body{

background-image: url(""http://image.rakuten.co.jp/parts/cabinet/sale/36_shop_100x600.gif"");

background-repeat:repeat-y;
background-attachment:scroll;
background-position: right;

}
</style>-->",SuperSportMirror(スーパースポーツミラー) トヨタ カローラ/スプリンター トヨタ カローラ/スプリンター NZE/ZZE/CE120系 [2000～2006] SR5ミラー LED ブラック ミラー面電動調整 右ハンドル：ＰＡＲＴＳ,ヘッドライトテールライトコーナーライトサイドマーカーカーボンアンテナドアミラーエアロメーターパネルリップスポイラーウイングホイールカバーペダル車高調ブレーキドライブレコーダーワイパーグリルボンネットローダウンSuperSportMirror(スーパースポーツミラー) トヨタ カローラ/スプリンター トヨタ カローラ/スプリンター NZE/ZZE/CE120系 [2000～2006] SR5ミラー LED ブラック ミラー面電動調整 右ハンドル,車種別ドアミラー トヨタ カローラ/スプリンター。SuperSportMirror(スーパースポーツミラー) トヨタ カローラ/スプリンター トヨタ カローラ/スプリンター NZE/ZZE/CE120系 [2000～2006] SR5ミラー LED ブラック ミラー面電動調整 右ハンドル[rn]
2-43348,http://tshop.r10s.jp/parts/cabinet/detail-s/am-m6b.jpg?fitin=700:700,10445.6000,,車用品・バイク用品 > カー用品 > 外装パーツ > エアロパーツ > ドアミラー,SuperSportMirror(スーパースポーツミラー) トヨタ チェイサー チェイサー X100系 [1996～2001] M60ミラー ブラック ミラー面手動調整 右ハンドル ポップアップ格納,車種別ドアミラー トヨタ チェイサー,"SuperSportMirrorシリーズのフラッグシップモデル。跳ね上がるように格納することが出来ます。ミラーレンズには夜間走行時での後続車のヘッドライトから視界を守るブルーミラーレンズを採用。<br><br>手動により格納できます。ミラー面も同じく手動です。<br><br>●カラー：マテリアルブラック　●手動格納機構　●ブルーミラーレンズ　●ミラーレンズ電動調整式　●右ハンドル車用<br><br><br>適合車種：チェイサー X100系 [1996～2001]<br><br>ボディパーツ | ドアミラー<br>トヨタ | チェイサー | X100系<tr><td colspan=""2"">
<center><img src=""https://image.rakuten.co.jp/parts/cabinet/design/2017summertire2.jpg"" border=""0"" width=""800px""><br>
</td></tr></center>


<!--

<center>
<img src=""http://image.rakuten.co.jp/parts/cabinet/sale/201612ss_45_pc2.gif"" border=""0"" width=""800px"">
</center><br><br>
<center>
<img src=""http://image.rakuten.co.jp/parts/cabinet/sale/conbini201612pc.jpg"" border=""0"" width=""800px""
><br>

-->



<!--

<style type=""text/css"">
body{

background-image: url(""http://image.rakuten.co.jp/parts/cabinet/sale/36_shop_100x600.gif"");

background-repeat:repeat-y;
background-attachment:scroll;
background-position: right;

}
</style>-->",SuperSportMirror(スーパースポーツミラー) トヨタ チェイサー チェイサー X100系 [1996～2001] M60ミラー ブラック ミラー面手動調整 右ハンドル ポップアップ格納：ＰＡＲＴＳ,ヘッドライトテールライトコーナーライトサイドマーカーカーボンアンテナドアミラーエアロメーターパネルリップスポイラーウイングホイールカバーペダル車高調ブレーキドライブレコーダーワイパーグリルボンネットローダウンSuperSportMirror(スーパースポーツミラー) トヨタ チェイサー チェイサー X100系 [1996～2001] M60ミラー ブラック ミラー面手動調整 右ハンドル ポップアップ格納,車種別ドアミラー トヨタ チェイサー。SuperSportMirror(スーパースポーツミラー) トヨタ チェイサー チェイサー X100系 [1996～2001] M60ミラー ブラック ミラー面手動調整 右ハンドル ポップアップ格納[rn]
2-43349,http://tshop.r10s.jp/parts/cabinet/detail-s/am-gtmc.jpg?fitin=700:700,12052.8000,,車用品・バイク用品 > カー用品 > 外装パーツ > エアロパーツ > ドアミラー,SuperSportMirror(スーパースポーツミラー) トヨタ マーク2 マーク2 X100系 [1996～2000] GT1ミラー LED クローム ミラー面手動調整 右ハンドル,車種別ドアミラー トヨタ マーク2,"このミラーを装着するだけで、車全体がレーシーな雰囲気に！純正では決して味わうことの出来ない印象的なデザインが特徴の、軽量コンパクトなＧＴ1タイプ。人気のＬＥＤウインカーを内臓！鮮やかなオレンジに発光。<br><br>モーターを排除することで軽量化。手動タイプでミラーレンズは固定となります。<br><br>●カラー：クローム ●右ハンドル車用<br><br><br>適合車種：マーク2 X100系 [1996～2000]<br><br>ボディパーツ | ドアミラー<br>トヨタ | マーク2 | X100系<tr><td colspan=""2"">
<center><img src=""https://image.rakuten.co.jp/parts/cabinet/design/2017summertire2.jpg"" border=""0"" width=""800px""><br>
</td></tr></center>


<!--

<center>
<img src=""http://image.rakuten.co.jp/parts/cabinet/sale/201612ss_45_pc2.gif"" border=""0"" width=""800px"">
</center><br><br>
<center>
<img src=""http://image.rakuten.co.jp/parts/cabinet/sale/conbini201612pc.jpg"" border=""0"" width=""800px""
><br>

-->



<!--

<style type=""text/css"">
body{

background-image: url(""http://image.rakuten.co.jp/parts/cabinet/sale/36_shop_100x600.gif"");

background-repeat:repeat-y;
background-attachment:scroll;
background-position: right;

}
</style>-->",SuperSportMirror(スーパースポーツミラー) トヨタ マーク2 マーク2 X100系 [1996～2000] GT1ミラー LED クローム ミラー面手動調整 右ハンドル：ＰＡＲＴＳ,ヘッドライトテールライトコーナーライトサイドマーカーカーボンアンテナドアミラーエアロメーターパネルリップスポイラーウイングホイールカバーペダル車高調ブレーキドライブレコーダーワイパーグリルボンネットローダウンSuperSportMirror(スーパースポーツミラー) トヨタ マーク2 マーク2 X100系 [1996～2000] GT1ミラー LED クローム ミラー面手動調整 右ハンドル,車種別ドアミラー トヨタ マーク2。SuperSportMirror(スーパースポーツミラー) トヨタ マーク2 マーク2 X100系 [1996～2000] GT1ミラー LED クローム ミラー面手動調整 右ハンドル[rn]
2-43350,http://tshop.r10s.jp/parts/cabinet/detail-s/am-v8lc.jpg?fitin=700:700,15267.2000,,車用品・バイク用品 > カー用品 > 外装パーツ > エアロパーツ > ドアミラー,SuperSportMirror(スーパースポーツミラー) トヨタ チェイサー チェイサー X100系 [1996～2001] V8Sミラー LED カーボンルック ミラー面電動調整 右ハンドル,車種別ドアミラー トヨタ チェイサー,"細くシャープなデザインのウインカーレンズが特徴のＶ8Ｓタイプ。ギラつきのないブルーミラーを採用しました。人気のＬＥＤウインカーを内臓！鮮やかなオレンジに発光します。<br><br>ミラーレンズコントロール用モーター内臓。<br><br>カラー：カーボン調<br><br><br>適合車種：チェイサー X100系 [1996～2001]<br><br>ボディパーツ | ドアミラー<br>トヨタ | チェイサー | X100系<tr><td colspan=""2"">
<center><img src=""https://image.rakuten.co.jp/parts/cabinet/design/2017summertire2.jpg"" border=""0"" width=""800px""><br>
</td></tr></center>


<!--

<center>
<img src=""http://image.rakuten.co.jp/parts/cabinet/sale/201612ss_45_pc2.gif"" border=""0"" width=""800px"">
</center><br><br>
<center>
<img src=""http://image.rakuten.co.jp/parts/cabinet/sale/conbini201612pc.jpg"" border=""0"" width=""800px""
><br>

-->



<!--

<style type=""text/css"">
body{

background-image: url(""http://image.rakuten.co.jp/parts/cabinet/sale/36_shop_100x600.gif"");

background-repeat:repeat-y;
background-attachment:scroll;
background-position: right;

}
</style>-->",SuperSportMirror(スーパースポーツミラー) トヨタ チェイサー チェイサー X100系 [1996～2001] V8Sミラー LED カーボンルック ミラー面電動調整 右ハンドル：ＰＡＲＴＳ,ヘッドライトテールライトコーナーライトサイドマーカーカーボンアンテナドアミラーエアロメーターパネルリップスポイラーウイングホイールカバーペダル車高調ブレーキドライブレコーダーワイパーグリルボンネットローダウンSuperSportMirror(スーパースポーツミラー) トヨタ チェイサー チェイサー X100系 [1996～2001] V8Sミラー LED カーボンルック ミラー面電動調整 右ハンドル,車種別ドアミラー トヨタ チェイサー。SuperSportMirror(スーパースポーツミラー) トヨタ チェイサー チェイサー X100系 [1996～2001] V8Sミラー LED カーボンルック ミラー面電動調整 右ハンドル[rn]
2-43351,http://tshop.r10s.jp/parts/cabinet/detail-s/am-jt2b.jpg?fitin=700:700,10445.6000,,車用品・バイク用品 > カー用品 > 外装パーツ > エアロパーツ > ドアミラー,SuperSportMirror(スーパースポーツミラー) トヨタ チェイサー チェイサー X100系 [1996～2001] JTC2ミラー ブラック ミラー面手動調整 右ハンドル,車種別ドアミラー トヨタ チェイサー,"スタイリッシュなデザインが人気のJTCタイプのLEDレスタイプ。カバーレスタイプでシンプルでスポーティーに！<br><br>モーターを排除することで軽量化。手動タイプ。<br><br>カラー：マテリアルブラック<br><br><br>適合車種：チェイサー X100系 [1996～2001]<br><br>ボディパーツ | ドアミラー<br>トヨタ | チェイサー | X100系<tr><td colspan=""2"">
<center><img src=""https://image.rakuten.co.jp/parts/cabinet/design/2017summertire2.jpg"" border=""0"" width=""800px""><br>
</td></tr></center>


<!--

<center>
<img src=""http://image.rakuten.co.jp/parts/cabinet/sale/201612ss_45_pc2.gif"" border=""0"" width=""800px"">
</center><br><br>
<center>
<img src=""http://image.rakuten.co.jp/parts/cabinet/sale/conbini201612pc.jpg"" border=""0"" width=""800px""
><br>

-->



<!--

<style type=""text/css"">
body{

background-image: url(""http://image.rakuten.co.jp/parts/cabinet/sale/36_shop_100x600.gif"");

background-repeat:repeat-y;
background-attachment:scroll;
background-position: right;

}
</style>-->",SuperSportMirror(スーパースポーツミラー) トヨタ チェイサー チェイサー X100系 [1996～2001] JTC2ミラー ブラック ミラー面手動調整 右ハンドル：ＰＡＲＴＳ,ヘッドライトテールライトコーナーライトサイドマーカーカーボンアンテナドアミラーエアロメーターパネルリップスポイラーウイングホイールカバーペダル車高調ブレーキドライブレコーダーワイパーグリルボンネットローダウンSuperSportMirror(スーパースポーツミラー) トヨタ チェイサー チェイサー X100系 [1996～2001] JTC2ミラー ブラック ミラー面手動調整 右ハンドル,車種別ドアミラー トヨタ チェイサー。SuperSportMirror(スーパースポーツミラー) トヨタ チェイサー チェイサー X100系 [1996～2001] JTC2ミラー ブラック ミラー面手動調整 右ハンドル[rn]
2-43352,http://tshop.r10s.jp/parts/cabinet/detail-a/am-m6b.jpg?fitin=700:700,16070.4000,,車用品・バイク用品 > カー用品 > 外装パーツ > エアロパーツ > ドアミラー,SuperSportMirror(スーパースポーツミラー) トヨタ ヴィッツ トヨタ ヴィッツ NCP/SCP10系 [1999～2005] M60ミラー LED ブラック ミラー面電動調整 右ハンドル ポップアップ格納,車種別ドアミラー トヨタ ヴィッツ,"SuperSportMirrorシリーズのフラッグシップモデル。跳ね上がるように格納することが出来ます。ミラーレンズには夜間走行時での後続車のヘッドライトから視界を守るブルーミラーレンズを採用。<br><br>本体には安全性・視認性に優れた高輝度LEDウインカーを装備。ミラー面は電動で動かすことが出来ます。　モーター部も配線加工が不要なので電気加工が苦手な方にも簡単に取り付けできます。<br><br>●カラー：マテリアルブラック　●手動格納機構　●ブルーミラーレンズ　●ミラーレンズ手動調整式　●右ハンドル車用<br><br><br>適合車種：トヨタ ヴィッツ NCP/SCP10系 [1999～2005]<br><br>ボディパーツ | ドアミラー<br>トヨタ | ヴィッツ | NCP/SCP10系<tr><td colspan=""2"">
<center><img src=""https://image.rakuten.co.jp/parts/cabinet/design/2017summertire2.jpg"" border=""0"" width=""800px""><br>
</td></tr></center>


<!--

<center>
<img src=""http://image.rakuten.co.jp/parts/cabinet/sale/201612ss_45_pc2.gif"" border=""0"" width=""800px"">
</center><br><br>
<center>
<img src=""http://image.rakuten.co.jp/parts/cabinet/sale/conbini201612pc.jpg"" border=""0"" width=""800px""
><br>

-->



<!--

<style type=""text/css"">
body{

background-image: url(""http://image.rakuten.co.jp/parts/cabinet/sale/36_shop_100x600.gif"");

background-repeat:repeat-y;
background-attachment:scroll;
background-position: right;

}
</style>-->",SuperSportMirror(スーパースポーツミラー) トヨタ ヴィッツ トヨタ ヴィッツ NCP/SCP10系 [1999～2005] M60ミラー LED ブラック ミラー面電動調整 右ハンドル ポップアップ格納：ＰＡＲＴＳ,ヘッドライトテールライトコーナーライトサイドマーカーカーボンアンテナドアミラーエアロメーターパネルリップスポイラーウイングホイールカバーペダル車高調ブレーキドライブレコーダーワイパーグリルボンネットローダウンSuperSportMirror(スーパースポーツミラー) トヨタ ヴィッツ トヨタ ヴィッツ NCP/SCP10系 [1999～2005] M60ミラー LED ブラック ミラー面電動調整 右ハンドル ポップアップ格納,車種別ドアミラー トヨタ ヴィッツ。SuperSportMirror(スーパースポーツミラー) トヨタ ヴィッツ トヨタ ヴィッツ NCP/SCP10系 [1999～2005] M60ミラー LED ブラック ミラー面電動調整 右ハンドル ポップアップ格納[rn]
2-43353,http://tshop.r10s.jp/parts/cabinet/detail-s/am-jt2c.jpg?fitin=700:700,10445.6000,,車用品・バイク用品 > カー用品 > 外装パーツ > エアロパーツ > ドアミラー,SuperSportMirror(スーパースポーツミラー) トヨタ チェイサー チェイサー X100系 [1996～2001] JTC2ミラー カーボンルック ミラー面手動調整 右ハンドル,車種別ドアミラー トヨタ チェイサー,"スタイリッシュなデザインが人気のJTCタイプのLEDレスタイプ。カバーレスタイプでシンプルでスポーティーに！<br><br>モーターを排除することで軽量化。手動タイプ。<br><br>カラー：カーボン調<br><br><br>適合車種：チェイサー X100系 [1996～2001]<br><br>ボディパーツ | ドアミラー<br>トヨタ | チェイサー | X100系<tr><td colspan=""2"">
<center><img src=""https://image.rakuten.co.jp/parts/cabinet/design/2017summertire2.jpg"" border=""0"" width=""800px""><br>
</td></tr></center>


<!--

<center>
<img src=""http://image.rakuten.co.jp/parts/cabinet/sale/201612ss_45_pc2.gif"" border=""0"" width=""800px"">
</center><br><br>
<center>
<img src=""http://image.rakuten.co.jp/parts/cabinet/sale/conbini201612pc.jpg"" border=""0"" width=""800px""
><br>

-->



<!--

<style type=""text/css"">
body{

background-image: url(""http://image.rakuten.co.jp/parts/cabinet/sale/36_shop_100x600.gif"");

background-repeat:repeat-y;
background-attachment:scroll;
background-position: right;

}
</style>-->",SuperSportMirror(スーパースポーツミラー) トヨタ チェイサー チェイサー X100系 [1996～2001] JTC2ミラー カーボンルック ミラー面手動調整 右ハンドル：ＰＡＲＴＳ,ヘッドライトテールライトコーナーライトサイドマーカーカーボンアンテナドアミラーエアロメーターパネルリップスポイラーウイングホイールカバーペダル車高調ブレーキドライブレコーダーワイパーグリルボンネットローダウンSuperSportMirror(スーパースポーツミラー) トヨタ チェイサー チェイサー X100系 [1996～2001] JTC2ミラー カーボンルック ミラー面手動調整 右ハンドル,車種別ドアミラー トヨタ チェイサー。SuperSportMirror(スーパースポーツミラー) トヨタ チェイサー チェイサー X100系 [1996～2001] JTC2ミラー カーボンルック ミラー面手動調整 右ハンドル[rn]
2-43354,http://tshop.r10s.jp/parts/cabinet/detail-a/am-srlb-0108.jpg?fitin=700:700,12052.8000,,車用品・バイク用品 > カー用品 > 外装パーツ > エアロパーツ > ドアミラー,SuperSportMirror(スーパースポーツミラー) トヨタ RAV4 トヨタ RAV4 SXA10系 [1994～2000] SR5ミラー LED ブラック ミラー面手動調整 右ハンドル,車種別ドアミラー トヨタ RAV4,"格納式LED付ミラー。ミラーはギラつきの少ないブルーミラーを採用。ミラー面は手動調整式。LEDウインカーはオレンジ色に発光。格納は手動での操作になります。<br><br>ミラーレンズ面手動調整<br><br>カラー：マテリアルブラック<br><br><br>適合車種：トヨタ RAV4 SXA10系 [1994～2000]<br><br>ボディパーツ | ドアミラー<br>トヨタ | RAV4 | SXA10系<tr><td colspan=""2"">
<center><img src=""https://image.rakuten.co.jp/parts/cabinet/design/2017summertire2.jpg"" border=""0"" width=""800px""><br>
</td></tr></center>


<!--

<center>
<img src=""http://image.rakuten.co.jp/parts/cabinet/sale/201612ss_45_pc2.gif"" border=""0"" width=""800px"">
</center><br><br>
<center>
<img src=""http://image.rakuten.co.jp/parts/cabinet/sale/conbini201612pc.jpg"" border=""0"" width=""800px""
><br>

-->



<!--

<style type=""text/css"">
body{

background-image: url(""http://image.rakuten.co.jp/parts/cabinet/sale/36_shop_100x600.gif"");

background-repeat:repeat-y;
background-attachment:scroll;
background-position: right;

}
</style>-->",SuperSportMirror(スーパースポーツミラー) トヨタ RAV4 トヨタ RAV4 SXA10系 [1994～2000] SR5ミラー LED ブラック ミラー面手動調整 右ハンドル：ＰＡＲＴＳ,ヘッドライトテールライトコーナーライトサイドマーカーカーボンアンテナドアミラーエアロメーターパネルリップスポイラーウイングホイールカバーペダル車高調ブレーキドライブレコーダーワイパーグリルボンネットローダウンSuperSportMirror(スーパースポーツミラー) トヨタ RAV4 トヨタ RAV4 SXA10系 [1994～2000] SR5ミラー LED ブラック ミラー面手動調整 右ハンドル,車種別ドアミラー トヨタ RAV4。SuperSportMirror(スーパースポーツミラー) トヨタ RAV4 トヨタ RAV4 SXA10系 [1994～2000] SR5ミラー LED ブラック ミラー面手動調整 右ハンドル[rn]
2-43355,http://tshop.r10s.jp/parts/cabinet/detail-s/sbmsucr.jpg?fitin=700:700,14463.2000,,車用品・バイク用品 > カー用品 > 外装パーツ > エアロパーツ > ドアミラー,SuperSportMirror(スーパースポーツミラー) トヨタ チェイサー チェイサー X90系 [1992～1996] SUVミラー LED クローム ミラー面手動調整 右ハンドル,車種別ドアミラー トヨタ チェイサー,"SUV専用ミラー！このモデルは跳ね上がるように格納することが出来ます。SUV用に開発された広くて大きなミラーレンズは、後方の視界を最大限に確保することができます。<br><br>本体には安全性・視認性に優れた高輝度LEDウインカーを装備。モーターを排除することで軽量化した手動タイプ。　モーター部も配線加工が不要なので電気加工が苦手な方にも簡単に取り付けできます。<br><br>●カラー：クローム　●LEDウインカー　●ミラーレンズ手動調整式 ●右ハンドル車用　※【注意】ミラー本体のサイズが大きいため、車によっては大きさのバランスが合わない場合があります。ご注意ください。（ミラー本体全長：約30cm）<br><br><br>適合車種：チェイサー X90系 [1992～1996] ※若干の加工を要す<br><br>ボディパーツ | ドアミラー<br>トヨタ | チェイサー | X90系<tr><td colspan=""2"">
<center><img src=""https://image.rakuten.co.jp/parts/cabinet/design/2017summertire2.jpg"" border=""0"" width=""800px""><br>
</td></tr></center>


<!--

<center>
<img src=""http://image.rakuten.co.jp/parts/cabinet/sale/201612ss_45_pc2.gif"" border=""0"" width=""800px"">
</center><br><br>
<center>
<img src=""http://image.rakuten.co.jp/parts/cabinet/sale/conbini201612pc.jpg"" border=""0"" width=""800px""
><br>

-->



<!--

<style type=""text/css"">
body{

background-image: url(""http://image.rakuten.co.jp/parts/cabinet/sale/36_shop_100x600.gif"");

background-repeat:repeat-y;
background-attachment:scroll;
background-position: right;

}
</style>-->",SuperSportMirror(スーパースポーツミラー) トヨタ チェイサー チェイサー X90系 [1992～1996] SUVミラー LED クローム ミラー面手動調整 右ハンドル：ＰＡＲＴＳ,ヘッドライトテールライトコーナーライトサイドマーカーカーボンアンテナドアミラーエアロメーターパネルリップスポイラーウイングホイールカバーペダル車高調ブレーキドライブレコーダーワイパーグリルボンネットローダウンSuperSportMirror(スーパースポーツミラー) トヨタ チェイサー チェイサー X90系 [1992～1996] SUVミラー LED クローム ミラー面手動調整 右ハンドル,車種別ドアミラー トヨタ チェイサー。SuperSportMirror(スーパースポーツミラー) トヨタ チェイサー チェイサー X90系 [1992～1996] SUVミラー LED クローム ミラー面手動調整 右ハンドル[rn]
2-43356,http://tshop.r10s.jp/parts/cabinet/detail-a/am-rolb.jpg?fitin=700:700,16070.4000,,車用品・バイク用品 > カー用品 > 外装パーツ > エアロパーツ > ドアミラー,SuperSportMirror(スーパースポーツミラー) トヨタ カローラ/スプリンター トヨタ カローラ/スプリンター NZE/ZZE/CE120系 [2000～2006] ROSSOミラー LED カーボンルック ミラー面電動調整 右ハンドル,車種別ドアミラー トヨタ カローラ/スプリンター,"格納式LED付ミラー。ミラーはギラつきの少ないブルーミラーを採用。人気のＬＥＤウインカーを内臓！鮮やかなオレンジに発光。<br><br>ミラーレンズコントロール用モーター内臓。右ハンドル車用<br><br>カラー：カーボンルック<br><br><br>適合車種：トヨタ カローラ/スプリンター NZE/ZZE/CE120系 [2000～2006]<br><br>ボディパーツ | ドアミラー<br>トヨタ | カローラ/スプリンター | AE/CE110系<tr><td colspan=""2"">
<center><img src=""https://image.rakuten.co.jp/parts/cabinet/design/2017summertire2.jpg"" border=""0"" width=""800px""><br>
</td></tr></center>


<!--

<center>
<img src=""http://image.rakuten.co.jp/parts/cabinet/sale/201612ss_45_pc2.gif"" border=""0"" width=""800px"">
</center><br><br>
<center>
<img src=""http://image.rakuten.co.jp/parts/cabinet/sale/conbini201612pc.jpg"" border=""0"" width=""800px""
><br>

-->



<!--

<style type=""text/css"">
body{

background-image: url(""http://image.rakuten.co.jp/parts/cabinet/sale/36_shop_100x600.gif"");

background-repeat:repeat-y;
background-attachment:scroll;
background-position: right;

}
</style>-->",SuperSportMirror(スーパースポーツミラー) トヨタ カローラ/スプリンター トヨタ カローラ/スプリンター NZE/ZZE/CE120系 [2000～2006] ROSSOミラー LED カーボンルック ミラー面電動調整 右ハンドル：ＰＡＲＴＳ,ヘッドライトテールライトコーナーライトサイドマーカーカーボンアンテナドアミラーエアロメーターパネルリップスポイラーウイングホイールカバーペダル車高調ブレーキドライブレコーダーワイパーグリルボンネットローダウンSuperSportMirror(スーパースポーツミラー) トヨタ カローラ/スプリンター トヨタ カローラ/スプリンター NZE/ZZE/CE120系 [2000～2006] ROSSOミラー LED カーボンルック ミラー面電動調整 右ハンドル,車種別ドアミラー トヨタ カローラ/スプリンター。SuperSportMirror(スーパースポーツミラー) トヨタ カローラ/スプリンター トヨタ カローラ/スプリンター NZE/ZZE/CE120系 [2000～2006] ROSSOミラー LED カーボンルック ミラー面電動調整 右ハンドル[rn]
2-43357,http://tshop.r10s.jp/parts/cabinet/detail-a/am-rolb.jpg?fitin=700:700,12052.8000,,車用品・バイク用品 > カー用品 > 外装パーツ > エアロパーツ > ドアミラー,SuperSportMirror(スーパースポーツミラー) トヨタ セリカ トヨタ セリカ ZZT230/231 [1999～2006] ROSSOミラー LED カーボンルック ミラー面手動調整 右ハンドル,車種別ドアミラー トヨタ セリカ,"格納式LED付ミラー。ミラーはギラつきの少ないブルーミラーを採用。人気のＬＥＤウインカーを内臓！鮮やかなオレンジに発光。<br><br>モーターを排除することで軽量化。手動タイプ。右ハンドル車用<br><br>カラー：カーボンルック<br><br><br>適合車種：トヨタ セリカ ZZT230/231 [1999～2006]<br><br>ボディパーツ | ドアミラー<br>トヨタ | セリカ | ZZT230/231<tr><td colspan=""2"">
<center><img src=""https://image.rakuten.co.jp/parts/cabinet/design/2017summertire2.jpg"" border=""0"" width=""800px""><br>
</td></tr></center>


<!--

<center>
<img src=""http://image.rakuten.co.jp/parts/cabinet/sale/201612ss_45_pc2.gif"" border=""0"" width=""800px"">
</center><br><br>
<center>
<img src=""http://image.rakuten.co.jp/parts/cabinet/sale/conbini201612pc.jpg"" border=""0"" width=""800px""
><br>

-->



<!--

<style type=""text/css"">
body{

background-image: url(""http://image.rakuten.co.jp/parts/cabinet/sale/36_shop_100x600.gif"");

background-repeat:repeat-y;
background-attachment:scroll;
background-position: right;

}
</style>-->",SuperSportMirror(スーパースポーツミラー) トヨタ セリカ トヨタ セリカ ZZT230/231 [1999～2006] ROSSOミラー LED カーボンルック ミラー面手動調整 右ハンドル：ＰＡＲＴＳ,ヘッドライトテールライトコーナーライトサイドマーカーカーボンアンテナドアミラーエアロメーターパネルリップスポイラーウイングホイールカバーペダル車高調ブレーキドライブレコーダーワイパーグリルボンネットローダウンSuperSportMirror(スーパースポーツミラー) トヨタ セリカ トヨタ セリカ ZZT230/231 [1999～2006] ROSSOミラー LED カーボンルック ミラー面手動調整 右ハンドル,車種別ドアミラー トヨタ セリカ。SuperSportMirror(スーパースポーツミラー) トヨタ セリカ トヨタ セリカ ZZT230/231 [1999～2006] ROSSOミラー LED カーボンルック ミラー面手動調整 右ハンドル[rn]
2-43358,http://tshop.r10s.jp/parts/cabinet/detail-s/am-jt2c.jpg?fitin=700:700,14463.2000,,車用品・バイク用品 > カー用品 > 外装パーツ > エアロパーツ > ドアミラー,SuperSportMirror(スーパースポーツミラー) トヨタ チェイサー チェイサー X100系 [1996～2001] JTC2ミラー カーボンルック ミラー面電動調整 右ハンドル,車種別ドアミラー トヨタ チェイサー,"スタイリッシュなデザインが人気のJTCタイプのLEDレスタイプ。カバーレスタイプでシンプルでスポーティーに！<br><br>ミラーレンズコントロール用モーター内臓。<br><br>カラー：カーボン調<br><br><br>適合車種：チェイサー X100系 [1996～2001]<br><br>ボディパーツ | ドアミラー<br>トヨタ | チェイサー | X100系<tr><td colspan=""2"">
<center><img src=""https://image.rakuten.co.jp/parts/cabinet/design/2017summertire2.jpg"" border=""0"" width=""800px""><br>
</td></tr></center>


<!--

<center>
<img src=""http://image.rakuten.co.jp/parts/cabinet/sale/201612ss_45_pc2.gif"" border=""0"" width=""800px"">
</center><br><br>
<center>
<img src=""http://image.rakuten.co.jp/parts/cabinet/sale/conbini201612pc.jpg"" border=""0"" width=""800px""
><br>

-->



<!--

<style type=""text/css"">
body{

background-image: url(""http://image.rakuten.co.jp/parts/cabinet/sale/36_shop_100x600.gif"");

background-repeat:repeat-y;
background-attachment:scroll;
background-position: right;

}
</style>-->",SuperSportMirror(スーパースポーツミラー) トヨタ チェイサー チェイサー X100系 [1996～2001] JTC2ミラー カーボンルック ミラー面電動調整 右ハンドル：ＰＡＲＴＳ,ヘッドライトテールライトコーナーライトサイドマーカーカーボンアンテナドアミラーエアロメーターパネルリップスポイラーウイングホイールカバーペダル車高調ブレーキドライブレコーダーワイパーグリルボンネットローダウンSuperSportMirror(スーパースポーツミラー) トヨタ チェイサー チェイサー X100系 [1996～2001] JTC2ミラー カーボンルック ミラー面電動調整 右ハンドル,車種別ドアミラー トヨタ チェイサー。SuperSportMirror(スーパースポーツミラー) トヨタ チェイサー チェイサー X100系 [1996～2001] JTC2ミラー カーボンルック ミラー面電動調整 右ハンドル[rn]
2-43359,http://tshop.r10s.jp/parts/cabinet/detail-s/am-dtc.jpg?fitin=700:700,9642.4000,,車用品・バイク用品 > カー用品 > 外装パーツ > エアロパーツ > ドアミラー,SuperSportMirror(スーパースポーツミラー) トヨタ マーク2 マーク2 X100系 [1996～2000] DTMミラー カーボンルック ミラー面手動調整 右ハンドル,車種別ドアミラー トヨタ マーク2,"スタイリッシュなデザインが好評のｄｔｍタイプ。ブルーミラーを採用。手動タイプは面倒な配線なしで簡単に装着できます。<br><br>モーターを排除することで軽量化。手動タイプ。<br><br>カラー：カーボン調<br><br><br>適合車種：マーク2 X100系 [1996～2000]<br><br>ボディパーツ | ドアミラー<br>トヨタ | マーク2 | X100系<tr><td colspan=""2"">
<center><img src=""https://image.rakuten.co.jp/parts/cabinet/design/2017summertire2.jpg"" border=""0"" width=""800px""><br>
</td></tr></center>


<!--

<center>
<img src=""http://image.rakuten.co.jp/parts/cabinet/sale/201612ss_45_pc2.gif"" border=""0"" width=""800px"">
</center><br><br>
<center>
<img src=""http://image.rakuten.co.jp/parts/cabinet/sale/conbini201612pc.jpg"" border=""0"" width=""800px""
><br>

-->



<!--

<style type=""text/css"">
body{

background-image: url(""http://image.rakuten.co.jp/parts/cabinet/sale/36_shop_100x600.gif"");

background-repeat:repeat-y;
background-attachment:scroll;
background-position: right;

}
</style>-->",SuperSportMirror(スーパースポーツミラー) トヨタ マーク2 マーク2 X100系 [1996～2000] DTMミラー カーボンルック ミラー面手動調整 右ハンドル：ＰＡＲＴＳ,ヘッドライトテールライトコーナーライトサイドマーカーカーボンアンテナドアミラーエアロメーターパネルリップスポイラーウイングホイールカバーペダル車高調ブレーキドライブレコーダーワイパーグリルボンネットローダウンSuperSportMirror(スーパースポーツミラー) トヨタ マーク2 マーク2 X100系 [1996～2000] DTMミラー カーボンルック ミラー面手動調整 右ハンドル,車種別ドアミラー トヨタ マーク2。SuperSportMirror(スーパースポーツミラー) トヨタ マーク2 マーク2 X100系 [1996～2000] DTMミラー カーボンルック ミラー面手動調整 右ハンドル[rn]
2-43360,http://tshop.r10s.jp/parts/cabinet/detail-a/am-srlb-0108.jpg?fitin=700:700,12052.8000,,車用品・バイク用品 > カー用品 > 外装パーツ > エアロパーツ > ドアミラー,SuperSportMirror(スーパースポーツミラー) トヨタ チェイサー マーク2 X90系 [1992～1996] SR5ミラー LED ブラック ミラー面手動調整 右ハンドル,車種別ドアミラー トヨタ チェイサー,"格納式LED付ミラー。ミラーはギラつきの少ないブルーミラーを採用。ミラー面は手動調整式。LEDウインカーはオレンジ色に発光。格納は手動での操作になります。<br><br>ミラーレンズ面手動調整<br><br>カラー：マテリアルブラック<br><br><br>適合車種：マーク2 X90系 [1992～1996] ※若干の加工を要す<br><br>ボディパーツ | ドアミラー<br>トヨタ | チェイサー | X100系<tr><td colspan=""2"">
<center><img src=""https://image.rakuten.co.jp/parts/cabinet/design/2017summertire2.jpg"" border=""0"" width=""800px""><br>
</td></tr></center>


<!--

<center>
<img src=""http://image.rakuten.co.jp/parts/cabinet/sale/201612ss_45_pc2.gif"" border=""0"" width=""800px"">
</center><br><br>
<center>
<img src=""http://image.rakuten.co.jp/parts/cabinet/sale/conbini201612pc.jpg"" border=""0"" width=""800px""
><br>

-->



<!--

<style type=""text/css"">
body{

background-image: url(""http://image.rakuten.co.jp/parts/cabinet/sale/36_shop_100x600.gif"");

background-repeat:repeat-y;
background-attachment:scroll;
background-position: right;

}
</style>-->",SuperSportMirror(スーパースポーツミラー) トヨタ チェイサー マーク2 X90系 [1992～1996] SR5ミラー LED ブラック ミラー面手動調整 右ハンドル：ＰＡＲＴＳ,ヘッドライトテールライトコーナーライトサイドマーカーカーボンアンテナドアミラーエアロメーターパネルリップスポイラーウイングホイールカバーペダル車高調ブレーキドライブレコーダーワイパーグリルボンネットローダウンSuperSportMirror(スーパースポーツミラー) トヨタ チェイサー マーク2 X90系 [1992～1996] SR5ミラー LED ブラック ミラー面手動調整 右ハンドル,車種別ドアミラー トヨタ チェイサー。SuperSportMirror(スーパースポーツミラー) トヨタ チェイサー マーク2 X90系 [1992～1996] SR5ミラー LED ブラック ミラー面手動調整 右ハンドル[rn]
2-43361,http://tshop.r10s.jp/parts/cabinet/detail-s/am-m6b.jpg?fitin=700:700,10445.6000,,車用品・バイク用品 > カー用品 > 外装パーツ > エアロパーツ > ドアミラー,SuperSportMirror(スーパースポーツミラー) トヨタ マーク2 マーク2 X100系 [1996～2000] M60ミラー ブラック ミラー面手動調整 右ハンドル ポップアップ格納,車種別ドアミラー トヨタ マーク2,"SuperSportMirrorシリーズのフラッグシップモデル。跳ね上がるように格納することが出来ます。ミラーレンズには夜間走行時での後続車のヘッドライトから視界を守るブルーミラーレンズを採用。<br><br>手動により格納できます。ミラー面も同じく手動です。<br><br>●カラー：マテリアルブラック　●手動格納機構　●ブルーミラーレンズ　●ミラーレンズ電動調整式　●右ハンドル車用<br><br><br>適合車種：マーク2 X100系 [1996～2000]<br><br>ボディパーツ | ドアミラー<br>トヨタ | マーク2 | X100系<tr><td colspan=""2"">
<center><img src=""https://image.rakuten.co.jp/parts/cabinet/design/2017summertire2.jpg"" border=""0"" width=""800px""><br>
</td></tr></center>


<!--

<center>
<img src=""http://image.rakuten.co.jp/parts/cabinet/sale/201612ss_45_pc2.gif"" border=""0"" width=""800px"">
</center><br><br>
<center>
<img src=""http://image.rakuten.co.jp/parts/cabinet/sale/conbini201612pc.jpg"" border=""0"" width=""800px""
><br>

-->



<!--

<style type=""text/css"">
body{

background-image: url(""http://image.rakuten.co.jp/parts/cabinet/sale/36_shop_100x600.gif"");

background-repeat:repeat-y;
background-attachment:scroll;
background-position: right;

}
</style>-->",SuperSportMirror(スーパースポーツミラー) トヨタ マーク2 マーク2 X100系 [1996～2000] M60ミラー ブラック ミラー面手動調整 右ハンドル ポップアップ格納：ＰＡＲＴＳ,ヘッドライトテールライトコーナーライトサイドマーカーカーボンアンテナドアミラーエアロメーターパネルリップスポイラーウイングホイールカバーペダル車高調ブレーキドライブレコーダーワイパーグリルボンネットローダウンSuperSportMirror(スーパースポーツミラー) トヨタ マーク2 マーク2 X100系 [1996～2000] M60ミラー ブラック ミラー面手動調整 右ハンドル ポップアップ格納,車種別ドアミラー トヨタ マーク2。SuperSportMirror(スーパースポーツミラー) トヨタ マーク2 マーク2 X100系 [1996～2000] M60ミラー ブラック ミラー面手動調整 右ハンドル ポップアップ格納[rn]
2-43362,http://tshop.r10s.jp/parts/cabinet/detail-a/am-m6c.jpg?fitin=700:700,14463.2000,,車用品・バイク用品 > カー用品 > 外装パーツ > エアロパーツ > ドアミラー,SuperSportMirror(スーパースポーツミラー) トヨタ チェイサー チェイサー X100系 [1996～2001] M60ミラー カーボンルック ミラー面電動調整 右ハンドル ポップアップ格納,車種別ドアミラー トヨタ チェイサー,"SuperSportMirrorシリーズのフラッグシップモデル。跳ね上がるように格納することが出来ます。ミラーレンズには夜間走行時での後続車のヘッドライトから視界を守るブルーミラーレンズを採用。<br><br>ミラー面は電動で動かすことが出来ます。　モーター部も配線加工が不要なので電気加工が苦手な方にも簡単に取り付けできます。<br><br>●カラー：カーボンルック　●手動格納機構　●ブルーミラーレンズ　●ミラーレンズ電動調整式　●右ハンドル車用<br><br><br>適合車種：チェイサー X100系 [1996～2001]<br><br>ボディパーツ | ドアミラー<br>トヨタ | チェイサー | X100系<tr><td colspan=""2"">
<center><img src=""https://image.rakuten.co.jp/parts/cabinet/design/2017summertire2.jpg"" border=""0"" width=""800px""><br>
</td></tr></center>


<!--

<center>
<img src=""http://image.rakuten.co.jp/parts/cabinet/sale/201612ss_45_pc2.gif"" border=""0"" width=""800px"">
</center><br><br>
<center>
<img src=""http://image.rakuten.co.jp/parts/cabinet/sale/conbini201612pc.jpg"" border=""0"" width=""800px""
><br>

-->



<!--

<style type=""text/css"">
body{

background-image: url(""http://image.rakuten.co.jp/parts/cabinet/sale/36_shop_100x600.gif"");

background-repeat:repeat-y;
background-attachment:scroll;
background-position: right;

}
</style>-->",SuperSportMirror(スーパースポーツミラー) トヨタ チェイサー チェイサー X100系 [1996～2001] M60ミラー カーボンルック ミラー面電動調整 右ハンドル ポップアップ格納：ＰＡＲＴＳ,ヘッドライトテールライトコーナーライトサイドマーカーカーボンアンテナドアミラーエアロメーターパネルリップスポイラーウイングホイールカバーペダル車高調ブレーキドライブレコーダーワイパーグリルボンネットローダウンSuperSportMirror(スーパースポーツミラー) トヨタ チェイサー チェイサー X100系 [1996～2001] M60ミラー カーボンルック ミラー面電動調整 右ハンドル ポップアップ格納,車種別ドアミラー トヨタ チェイサー。SuperSportMirror(スーパースポーツミラー) トヨタ チェイサー チェイサー X100系 [1996～2001] M60ミラー カーボンルック ミラー面電動調整 右ハンドル ポップアップ格納[rn]
