2-8605,http://tshop.r10s.jp/aoi-depart/cabinet/okou/gonesh2-1.gif?fitin=700:700,227.2000,,日用品雑貨・文房具・手芸 > 日用品・生活雑貨 > その他,ガーネッシュ・GONESH CANDLE　お香と言えばGONESH　ガーネッシュ！と言うくらい超有名なお香。種類も豊富です。さらにお得価格の大人気です！【2.980円以上送料無料】【大大人気】【10 】,ガーネッシュ・GONESH！大大人気！,"■説明■<br>
ガーネッシュ・GONESH CANDLE<br>
お香と言えばGONESH　ガーネッシュ！<br>
と言うくらい超有名なお香。種類も豊富です。<br>
さらにお得価格の大人気です！<br>
今回は全５種類！<br>
どれもE～香りでございます！<br>
*在庫切れがまれにございますのでご了承下さい。<br>
■サイズ・仕様■<br>
H4.5ｃｍ<br><TABLE cellspacing=""1"" bgcolor=""#cdcd9a"" cellpadding=""10"">
  <TBODY>
    <TR>
      <TD bgcolor=""#ffffff"" height=""61""><IMG src=""http://image.rakuten.co.jp/aoi-depart/cabinet/souryou.jpg"" width=""505"" height=""52"" border=""0""><br>
      <font size=""2"">沖縄県の場合は、8,000円以上で送料無料となります。</font><FONT size=""1"">（8,000円以下の場合はご注文後に送料が加算されます。）</FONT></TD>
    </TR>
  </TBODY>
</TABLE>
<B><FONT size=""2""><FONT size=""2""><BR>
<FONT size=""2"">★　最終価格！　ソーラー　LEDクリスタルキングトナカイ　ホワイト（白）　★</FONT></FONT><BR>
<BR>
<FONT size=""2"">★　最終価格！　ソーラー　LEDクリスタルキングトナカイ　ブルー（青）　★</FONT></FONT></B><br><br>
<TABLE width=""560"">
  <TBODY>
    <TR>
      <TD valign=""top"" align=""center""><IMG src=""http://image.rakuten.co.jp/aoi-depart/cabinet/00377082/img56929916.gif"" width=""130"" height=""88"" border=""0""><BR>
      <FONT size=""-2"" color=""#999900"">&gt;人気の缶バッジ（バッチ）<BR>
      特集！200アイテム！</FONT></TD>
      <TD valign=""top"" align=""center""><IMG src=""http://image.rakuten.co.jp/aoi-depart/cabinet/00377082/img56929917.gif"" width=""130"" height=""88"" border=""0""><BR>
      <FONT size=""-2"" color=""#999900"">&gt;インテリア用のポスター！<BR>
      特集！200アイテム！</FONT></TD>
      <TD valign=""top"" align=""center""><IMG src=""http://image.rakuten.co.jp/aoi-depart/cabinet/00377082/img56929918.gif"" width=""130"" height=""89"" border=""0""><BR>
      <FONT size=""-2"" color=""#999900"">&gt;人気キャラ！キーホルダー<BR>
      特集！300アイテム！</FONT></TD>
      <TD valign=""top"" align=""center""><IMG src=""http://image.rakuten.co.jp/aoi-depart/cabinet/00377082/img56929919.gif"" width=""130"" height=""89"" border=""0""><BR>
      <FONT size=""-2"" color=""#999900"">&gt;やっぱりワッペン！<BR>
      特集！200アイテム！</FONT></TD>
    </TR>
  </TBODY>
</TABLE>




<P><IMG src=""http://image.rakuten.co.jp/aoi-depart/cabinet/img58891052.gif"" border=""0"" width=""560"" height=""94""><BR>
<FONT color=""#000000"" size=""1"">大人気！くろねこ雑貨、新商品続々入荷中！黒猫キッチン用品、バス用品、おしゃれ雑貨、黒猫インテリア</FONT></P>
<TABLE width=""560"" cellpadding=""0"" cellspacing=""0"">
  <TBODY valign=""top"">
    <TR>
      <TD valign=""top""><IMG src=""http://image.rakuten.co.jp/aoi-depart/cabinet/00377084/imgrc0065158542.gif"" border=""0"" width=""270"" height=""80""><BR>
      <FONT size=""1"">クレヨンしんちゃんグッズ続々入荷中！<BR>
      新学期はしんちゃんのランチグッズやペンケースで決まり！<BR>
      新生活も応援！クッションやタオル、グラスも豊富♪<BR>
      <BR>
      </FONT></TD>
      <TD valign=""top""><IMG src=""http://image.rakuten.co.jp/aoi-depart/cabinet/00377084/imgrc0065158540.gif"" border=""0"" width=""270"" height=""80""><BR>
      <FONT size=""1"">ピンクやレッドがキュートなキティやマイメロ♪<BR>
      サンリオのステップやコロコロクリーナーが売れてます！<BR>
      メラミンカップやグラス、おもちゃ箱も♪プレゼントやギフトにも♪</FONT><BR>
      <BR>
      </TD>
    </TR>
  </TBODY>
</TABLE>
<TABLE width=""560"" cellpadding=""0"" cellspacing=""0"">
  <TBODY valign=""top"">
    <TR>
      <TD valign=""top""><IMG src=""http://image.rakuten.co.jp/aoi-depart/cabinet/00377084/imgrc0065158539.gif"" border=""0"" width=""270"" height=""80""><BR>
      <FONT size=""1"">ベビータオルやベビーギフトならアナノカフェ♪安心の日本製です。<BR>
      ほわほわ～の柔らか素材がお肌にも優しい。<BR>
      内祝やご出産祝にも最適！スタイや肌着の種類も豊富！</FONT><BR>
      <BR>
      </TD>
      <TD valign=""top""><IMG src=""http://image.rakuten.co.jp/aoi-depart/cabinet/00377084/imgrc0065158538.gif"" border=""0"" width=""270"" height=""80""><BR>
      <FONT size=""1"">キュートでポップな亜土ちゃんのグッズでラブリーな生活を♪<BR>
      クッションや食器、ブリキケースもすっごくカワイイ♪<BR>
      お花★ハート★キッス　が合言葉♪！</FONT></TD>
    </TR>
  </TBODY>
</TABLE>
<TABLE width=""560"" cellpadding=""0"" cellspacing=""0"">
  <TBODY valign=""top"">
    <TR>
      <TD valign=""top""><IMG src=""http://image.rakuten.co.jp/aoi-depart/cabinet/00377084/imgrc0065158541.gif"" border=""0"" width=""270"" height=""80""><BR>
      <FONT size=""1"">やっぱり定番！ず～っと人気が止まらないっ！<BR>
      クッションやティッシュカバー、フリーケースで周りをボブイエロー<BR>
      に染めちゃえ！超ビッグなメガデカクッションは要チェック！</FONT><BR>
      <BR>
      </TD>
      <TD valign=""top""><IMG src=""http://image.rakuten.co.jp/aoi-depart/cabinet/00377084/imgrc0065158543.gif"" border=""0"" width=""270"" height=""80""><BR>
      <FONT size=""1"">アメコミの中でもスパイダーマンはダントツ人気！<BR>
      ポスターやコスチューム、ストラップなどなどグッズも大量！<BR>
      お部屋に飾ればカッコイイ　ヒーロコミックの世界に！</FONT><BR>
      <BR>
      </TD>
    </TR>
  </TBODY>
</TABLE>

<TABLE width=""560"">
  <TBODY>
    <TR>
      <TD><IMG src=""http://image.rakuten.co.jp/aoi-depart/cabinet/00377084/img57529064.gif"" width=""186"" height=""70"" border=""0""><BR>
      <FONT size=""-2"" color=""#ff8000"">▼タオル特集！柔らか～！かわいい～！<BR>
      自分流でお気に入りをどうぞ♪</FONT></TD>
      <TD><IMG src=""http://image.rakuten.co.jp/aoi-depart/cabinet/00377084/img57529063.gif"" width=""186"" height=""70"" border=""0""><BR>
      <FONT size=""-2"" color=""#ff8000"">▼健康な美しさを追求♪でもでも毎日使うものだからこそかわいいデザインのものを♪</FONT></TD>
      <TD><IMG src=""http://image.rakuten.co.jp/aoi-depart/cabinet/00377084/img57529065.gif"" width=""186"" height=""70"" border=""0""><BR>
      <FONT size=""-2"" color=""#ff8000"">▼お風呂グッズ特集♪こだわりタオルから便利バス用品まで選りすぐって取り揃えました♪</FONT></TD>
    </TR>
  </TBODY>
</TABLE>

<TABLE width=""560"" height=""120"" bgcolor=""#ffffff"" cellpadding=""0"" cellspacing=""1"">
  <TBODY>
    <TR>
      <TD bgcolor=""#ffffff"" align=""center"" valign=""top""><IMG src=""http://image.rakuten.co.jp/aoi-depart/cabinet/00377084/img57844237.gif"" width=""270"" height=""72"" border=""0""><BR>
      <FONT size=""-2"" color=""#666666"">■生活雑貨勢揃い！1000アイテムの中からお気に入りをどうぞ！■</FONT></TD>
      <TD bgcolor=""#ffffff"" align=""center"" valign=""middle""><IMG src=""http://image.rakuten.co.jp/aoi-depart/cabinet/00377082/img57733851.gif"" width=""270"" height=""103"" border=""0""><BR>
      <FONT size=""-2"" color=""#666666"">■AOIデパートのコスチューム♪新商品がいっぱい♪</FONT></TD>
    </TR>
  </TBODY>
</TABLE>",ガーネッシュ・GONESH CANDLE　お香と言えばGONESH　ガーネッシュ！と言うくらい超有名なお香。種類も豊富です。さらにお得価格の大人気です！【2.980円以上送料無料】【大大人気】【10 】：ＡＯＩデパート,雑貨スポンジボブイルミネーションケアベアラットフィンク時計ハッピーツリーフレンズディズニーガーネッシュ・GONESH CANDLE　お香と言えばGONESH　ガーネッシュ！と言うくらい超有名なお香。種類も豊富です。さらにお得価格の大人気です！【2.980円以上送料無料】【大大人気】【10 】,ガーネッシュ・GONESH！大大人気！。ガーネッシュ・GONESH CANDLE　お香と言えばGONESH　ガーネッシュ！と言うくらい超有名なお香。種類も豊富です。さらにお得価格の大人気です！【2.980円以上送料無料】【大大人気】【10 】[rn]
2-8606,http://tshop.r10s.jp/aoi-depart/cabinet/okou/okou026.jpg?fitin=700:700,378.4000,,日用品雑貨・文房具・手芸 > 日用品・生活雑貨 > その他,GONESH STICK インセンス/BLACK CHERRY　GONESH　ガーネッシュ　お香１０,GONESH　ガーネッシュ　お香１０,"ガーネッシュ<br>
■サイズ■<br>
H31ｃｍ×W6.6ｃｍ×L1.5ｃｍ<br>
■説明■<br>
お香と言えばGONESH！と言うくらい<br>
超有名なお香。種類も豊富です。20本入<br>
北米産チェリーのフルーティーな香り... <br><TABLE cellspacing=""1"" bgcolor=""#cdcd9a"" cellpadding=""10"">
  <TBODY>
    <TR>
      <TD bgcolor=""#ffffff"" height=""61""><IMG src=""http://image.rakuten.co.jp/aoi-depart/cabinet/souryou.jpg"" width=""505"" height=""52"" border=""0""><br>
      <font size=""2"">沖縄県の場合は、8,000円以上で送料無料となります。</font><FONT size=""1"">（8,000円以下の場合はご注文後に送料が加算されます。）</FONT></TD>
    </TR>
  </TBODY>
</TABLE>
<B><FONT size=""2""><FONT size=""2""><BR>
<FONT size=""2"">★　最終価格！　ソーラー　LEDクリスタルキングトナカイ　ホワイト（白）　★</FONT></FONT><BR>
<BR>
<FONT size=""2"">★　最終価格！　ソーラー　LEDクリスタルキングトナカイ　ブルー（青）　★</FONT></FONT></B><br><br>
<TABLE width=""560"">
  <TBODY>
    <TR>
      <TD valign=""top"" align=""center""><IMG src=""http://image.rakuten.co.jp/aoi-depart/cabinet/00377082/img56929916.gif"" width=""130"" height=""88"" border=""0""><BR>
      <FONT size=""-2"" color=""#999900"">&gt;人気の缶バッジ（バッチ）<BR>
      特集！200アイテム！</FONT></TD>
      <TD valign=""top"" align=""center""><IMG src=""http://image.rakuten.co.jp/aoi-depart/cabinet/00377082/img56929917.gif"" width=""130"" height=""88"" border=""0""><BR>
      <FONT size=""-2"" color=""#999900"">&gt;インテリア用のポスター！<BR>
      特集！200アイテム！</FONT></TD>
      <TD valign=""top"" align=""center""><IMG src=""http://image.rakuten.co.jp/aoi-depart/cabinet/00377082/img56929918.gif"" width=""130"" height=""89"" border=""0""><BR>
      <FONT size=""-2"" color=""#999900"">&gt;人気キャラ！キーホルダー<BR>
      特集！300アイテム！</FONT></TD>
      <TD valign=""top"" align=""center""><IMG src=""http://image.rakuten.co.jp/aoi-depart/cabinet/00377082/img56929919.gif"" width=""130"" height=""89"" border=""0""><BR>
      <FONT size=""-2"" color=""#999900"">&gt;やっぱりワッペン！<BR>
      特集！200アイテム！</FONT></TD>
    </TR>
  </TBODY>
</TABLE>




<P><IMG src=""http://image.rakuten.co.jp/aoi-depart/cabinet/img58891052.gif"" border=""0"" width=""560"" height=""94""><BR>
<FONT color=""#000000"" size=""1"">大人気！くろねこ雑貨、新商品続々入荷中！黒猫キッチン用品、バス用品、おしゃれ雑貨、黒猫インテリア</FONT></P>
<TABLE width=""560"" cellpadding=""0"" cellspacing=""0"">
  <TBODY valign=""top"">
    <TR>
      <TD valign=""top""><IMG src=""http://image.rakuten.co.jp/aoi-depart/cabinet/00377084/imgrc0065158542.gif"" border=""0"" width=""270"" height=""80""><BR>
      <FONT size=""1"">クレヨンしんちゃんグッズ続々入荷中！<BR>
      新学期はしんちゃんのランチグッズやペンケースで決まり！<BR>
      新生活も応援！クッションやタオル、グラスも豊富♪<BR>
      <BR>
      </FONT></TD>
      <TD valign=""top""><IMG src=""http://image.rakuten.co.jp/aoi-depart/cabinet/00377084/imgrc0065158540.gif"" border=""0"" width=""270"" height=""80""><BR>
      <FONT size=""1"">ピンクやレッドがキュートなキティやマイメロ♪<BR>
      サンリオのステップやコロコロクリーナーが売れてます！<BR>
      メラミンカップやグラス、おもちゃ箱も♪プレゼントやギフトにも♪</FONT><BR>
      <BR>
      </TD>
    </TR>
  </TBODY>
</TABLE>
<TABLE width=""560"" cellpadding=""0"" cellspacing=""0"">
  <TBODY valign=""top"">
    <TR>
      <TD valign=""top""><IMG src=""http://image.rakuten.co.jp/aoi-depart/cabinet/00377084/imgrc0065158539.gif"" border=""0"" width=""270"" height=""80""><BR>
      <FONT size=""1"">ベビータオルやベビーギフトならアナノカフェ♪安心の日本製です。<BR>
      ほわほわ～の柔らか素材がお肌にも優しい。<BR>
      内祝やご出産祝にも最適！スタイや肌着の種類も豊富！</FONT><BR>
      <BR>
      </TD>
      <TD valign=""top""><IMG src=""http://image.rakuten.co.jp/aoi-depart/cabinet/00377084/imgrc0065158538.gif"" border=""0"" width=""270"" height=""80""><BR>
      <FONT size=""1"">キュートでポップな亜土ちゃんのグッズでラブリーな生活を♪<BR>
      クッションや食器、ブリキケースもすっごくカワイイ♪<BR>
      お花★ハート★キッス　が合言葉♪！</FONT></TD>
    </TR>
  </TBODY>
</TABLE>
<TABLE width=""560"" cellpadding=""0"" cellspacing=""0"">
  <TBODY valign=""top"">
    <TR>
      <TD valign=""top""><IMG src=""http://image.rakuten.co.jp/aoi-depart/cabinet/00377084/imgrc0065158541.gif"" border=""0"" width=""270"" height=""80""><BR>
      <FONT size=""1"">やっぱり定番！ず～っと人気が止まらないっ！<BR>
      クッションやティッシュカバー、フリーケースで周りをボブイエロー<BR>
      に染めちゃえ！超ビッグなメガデカクッションは要チェック！</FONT><BR>
      <BR>
      </TD>
      <TD valign=""top""><IMG src=""http://image.rakuten.co.jp/aoi-depart/cabinet/00377084/imgrc0065158543.gif"" border=""0"" width=""270"" height=""80""><BR>
      <FONT size=""1"">アメコミの中でもスパイダーマンはダントツ人気！<BR>
      ポスターやコスチューム、ストラップなどなどグッズも大量！<BR>
      お部屋に飾ればカッコイイ　ヒーロコミックの世界に！</FONT><BR>
      <BR>
      </TD>
    </TR>
  </TBODY>
</TABLE>

<TABLE width=""560"">
  <TBODY>
    <TR>
      <TD><IMG src=""http://image.rakuten.co.jp/aoi-depart/cabinet/00377084/img57529064.gif"" width=""186"" height=""70"" border=""0""><BR>
      <FONT size=""-2"" color=""#ff8000"">▼タオル特集！柔らか～！かわいい～！<BR>
      自分流でお気に入りをどうぞ♪</FONT></TD>
      <TD><IMG src=""http://image.rakuten.co.jp/aoi-depart/cabinet/00377084/img57529063.gif"" width=""186"" height=""70"" border=""0""><BR>
      <FONT size=""-2"" color=""#ff8000"">▼健康な美しさを追求♪でもでも毎日使うものだからこそかわいいデザインのものを♪</FONT></TD>
      <TD><IMG src=""http://image.rakuten.co.jp/aoi-depart/cabinet/00377084/img57529065.gif"" width=""186"" height=""70"" border=""0""><BR>
      <FONT size=""-2"" color=""#ff8000"">▼お風呂グッズ特集♪こだわりタオルから便利バス用品まで選りすぐって取り揃えました♪</FONT></TD>
    </TR>
  </TBODY>
</TABLE>

<TABLE width=""560"" height=""120"" bgcolor=""#ffffff"" cellpadding=""0"" cellspacing=""1"">
  <TBODY>
    <TR>
      <TD bgcolor=""#ffffff"" align=""center"" valign=""top""><IMG src=""http://image.rakuten.co.jp/aoi-depart/cabinet/00377084/img57844237.gif"" width=""270"" height=""72"" border=""0""><BR>
      <FONT size=""-2"" color=""#666666"">■生活雑貨勢揃い！1000アイテムの中からお気に入りをどうぞ！■</FONT></TD>
      <TD bgcolor=""#ffffff"" align=""center"" valign=""middle""><IMG src=""http://image.rakuten.co.jp/aoi-depart/cabinet/00377082/img57733851.gif"" width=""270"" height=""103"" border=""0""><BR>
      <FONT size=""-2"" color=""#666666"">■AOIデパートのコスチューム♪新商品がいっぱい♪</FONT></TD>
    </TR>
  </TBODY>
</TABLE>",GONESH STICK インセンス/BLACK CHERRY　GONESH　ガーネッシュ　お香１０：ＡＯＩデパート,雑貨スポンジボブイルミネーションケアベアラットフィンク時計ハッピーツリーフレンズディズニーGONESH STICK インセンス/BLACK CHERRY　GONESH　ガーネッシュ　お香１０,GONESH　ガーネッシュ　お香１０。GONESH STICK インセンス/BLACK CHERRY　GONESH　ガーネッシュ　お香１０[rn]
2-8607,http://tshop.r10s.jp/aoi-depart/cabinet/00378988/hai018-1.gif?fitin=700:700,307.2000,,日用品雑貨・文房具・手芸 > 日用品・生活雑貨 > その他,スモークカン　アート　カンカンです！用途はイロイロ！飴玉を入れたり小物を入れたりとGOODです！種類も豊富で多種多様であります！【2.980円以上送料無料】【アメリカン雑貨】【キャラクター雑貨】【20 】,スモークカン！大大人気,"■説明■<br>
スモークカン　アート<br>
カンカンです！用途はイロイロ！<br>
飴玉を入れたり小物を入れたりとGOODです！<br>
種類も豊富で多種多様であります！<br>
■サイズ・仕様■<br>
H9.5cm×W6.5cm<br><TABLE cellspacing=""1"" bgcolor=""#cdcd9a"" cellpadding=""10"">
  <TBODY>
    <TR>
      <TD bgcolor=""#ffffff"" height=""61""><IMG src=""http://image.rakuten.co.jp/aoi-depart/cabinet/souryou.jpg"" width=""505"" height=""52"" border=""0""><br>
      <font size=""2"">沖縄県の場合は、8,000円以上で送料無料となります。</font><FONT size=""1"">（8,000円以下の場合はご注文後に送料が加算されます。）</FONT></TD>
    </TR>
  </TBODY>
</TABLE>
<B><FONT size=""2""><FONT size=""2""><BR>
<FONT size=""2"">★　最終価格！　ソーラー　LEDクリスタルキングトナカイ　ホワイト（白）　★</FONT></FONT><BR>
<BR>
<FONT size=""2"">★　最終価格！　ソーラー　LEDクリスタルキングトナカイ　ブルー（青）　★</FONT></FONT></B><br><br>
<TABLE width=""560"">
  <TBODY>
    <TR>
      <TD valign=""top"" align=""center""><IMG src=""http://image.rakuten.co.jp/aoi-depart/cabinet/00377082/img56929916.gif"" width=""130"" height=""88"" border=""0""><BR>
      <FONT size=""-2"" color=""#999900"">&gt;人気の缶バッジ（バッチ）<BR>
      特集！200アイテム！</FONT></TD>
      <TD valign=""top"" align=""center""><IMG src=""http://image.rakuten.co.jp/aoi-depart/cabinet/00377082/img56929917.gif"" width=""130"" height=""88"" border=""0""><BR>
      <FONT size=""-2"" color=""#999900"">&gt;インテリア用のポスター！<BR>
      特集！200アイテム！</FONT></TD>
      <TD valign=""top"" align=""center""><IMG src=""http://image.rakuten.co.jp/aoi-depart/cabinet/00377082/img56929918.gif"" width=""130"" height=""89"" border=""0""><BR>
      <FONT size=""-2"" color=""#999900"">&gt;人気キャラ！キーホルダー<BR>
      特集！300アイテム！</FONT></TD>
      <TD valign=""top"" align=""center""><IMG src=""http://image.rakuten.co.jp/aoi-depart/cabinet/00377082/img56929919.gif"" width=""130"" height=""89"" border=""0""><BR>
      <FONT size=""-2"" color=""#999900"">&gt;やっぱりワッペン！<BR>
      特集！200アイテム！</FONT></TD>
    </TR>
  </TBODY>
</TABLE>




<P><IMG src=""http://image.rakuten.co.jp/aoi-depart/cabinet/img58891052.gif"" border=""0"" width=""560"" height=""94""><BR>
<FONT color=""#000000"" size=""1"">大人気！くろねこ雑貨、新商品続々入荷中！黒猫キッチン用品、バス用品、おしゃれ雑貨、黒猫インテリア</FONT></P>
<TABLE width=""560"" cellpadding=""0"" cellspacing=""0"">
  <TBODY valign=""top"">
    <TR>
      <TD valign=""top""><IMG src=""http://image.rakuten.co.jp/aoi-depart/cabinet/00377084/imgrc0065158542.gif"" border=""0"" width=""270"" height=""80""><BR>
      <FONT size=""1"">クレヨンしんちゃんグッズ続々入荷中！<BR>
      新学期はしんちゃんのランチグッズやペンケースで決まり！<BR>
      新生活も応援！クッションやタオル、グラスも豊富♪<BR>
      <BR>
      </FONT></TD>
      <TD valign=""top""><IMG src=""http://image.rakuten.co.jp/aoi-depart/cabinet/00377084/imgrc0065158540.gif"" border=""0"" width=""270"" height=""80""><BR>
      <FONT size=""1"">ピンクやレッドがキュートなキティやマイメロ♪<BR>
      サンリオのステップやコロコロクリーナーが売れてます！<BR>
      メラミンカップやグラス、おもちゃ箱も♪プレゼントやギフトにも♪</FONT><BR>
      <BR>
      </TD>
    </TR>
  </TBODY>
</TABLE>
<TABLE width=""560"" cellpadding=""0"" cellspacing=""0"">
  <TBODY valign=""top"">
    <TR>
      <TD valign=""top""><IMG src=""http://image.rakuten.co.jp/aoi-depart/cabinet/00377084/imgrc0065158539.gif"" border=""0"" width=""270"" height=""80""><BR>
      <FONT size=""1"">ベビータオルやベビーギフトならアナノカフェ♪安心の日本製です。<BR>
      ほわほわ～の柔らか素材がお肌にも優しい。<BR>
      内祝やご出産祝にも最適！スタイや肌着の種類も豊富！</FONT><BR>
      <BR>
      </TD>
      <TD valign=""top""><IMG src=""http://image.rakuten.co.jp/aoi-depart/cabinet/00377084/imgrc0065158538.gif"" border=""0"" width=""270"" height=""80""><BR>
      <FONT size=""1"">キュートでポップな亜土ちゃんのグッズでラブリーな生活を♪<BR>
      クッションや食器、ブリキケースもすっごくカワイイ♪<BR>
      お花★ハート★キッス　が合言葉♪！</FONT></TD>
    </TR>
  </TBODY>
</TABLE>
<TABLE width=""560"" cellpadding=""0"" cellspacing=""0"">
  <TBODY valign=""top"">
    <TR>
      <TD valign=""top""><IMG src=""http://image.rakuten.co.jp/aoi-depart/cabinet/00377084/imgrc0065158541.gif"" border=""0"" width=""270"" height=""80""><BR>
      <FONT size=""1"">やっぱり定番！ず～っと人気が止まらないっ！<BR>
      クッションやティッシュカバー、フリーケースで周りをボブイエロー<BR>
      に染めちゃえ！超ビッグなメガデカクッションは要チェック！</FONT><BR>
      <BR>
      </TD>
      <TD valign=""top""><IMG src=""http://image.rakuten.co.jp/aoi-depart/cabinet/00377084/imgrc0065158543.gif"" border=""0"" width=""270"" height=""80""><BR>
      <FONT size=""1"">アメコミの中でもスパイダーマンはダントツ人気！<BR>
      ポスターやコスチューム、ストラップなどなどグッズも大量！<BR>
      お部屋に飾ればカッコイイ　ヒーロコミックの世界に！</FONT><BR>
      <BR>
      </TD>
    </TR>
  </TBODY>
</TABLE>

<TABLE width=""560"">
  <TBODY>
    <TR>
      <TD><IMG src=""http://image.rakuten.co.jp/aoi-depart/cabinet/00377084/img57529064.gif"" width=""186"" height=""70"" border=""0""><BR>
      <FONT size=""-2"" color=""#ff8000"">▼タオル特集！柔らか～！かわいい～！<BR>
      自分流でお気に入りをどうぞ♪</FONT></TD>
      <TD><IMG src=""http://image.rakuten.co.jp/aoi-depart/cabinet/00377084/img57529063.gif"" width=""186"" height=""70"" border=""0""><BR>
      <FONT size=""-2"" color=""#ff8000"">▼健康な美しさを追求♪でもでも毎日使うものだからこそかわいいデザインのものを♪</FONT></TD>
      <TD><IMG src=""http://image.rakuten.co.jp/aoi-depart/cabinet/00377084/img57529065.gif"" width=""186"" height=""70"" border=""0""><BR>
      <FONT size=""-2"" color=""#ff8000"">▼お風呂グッズ特集♪こだわりタオルから便利バス用品まで選りすぐって取り揃えました♪</FONT></TD>
    </TR>
  </TBODY>
</TABLE>

<TABLE width=""560"" height=""120"" bgcolor=""#ffffff"" cellpadding=""0"" cellspacing=""1"">
  <TBODY>
    <TR>
      <TD bgcolor=""#ffffff"" align=""center"" valign=""top""><IMG src=""http://image.rakuten.co.jp/aoi-depart/cabinet/00377084/img57844237.gif"" width=""270"" height=""72"" border=""0""><BR>
      <FONT size=""-2"" color=""#666666"">■生活雑貨勢揃い！1000アイテムの中からお気に入りをどうぞ！■</FONT></TD>
      <TD bgcolor=""#ffffff"" align=""center"" valign=""middle""><IMG src=""http://image.rakuten.co.jp/aoi-depart/cabinet/00377082/img57733851.gif"" width=""270"" height=""103"" border=""0""><BR>
      <FONT size=""-2"" color=""#666666"">■AOIデパートのコスチューム♪新商品がいっぱい♪</FONT></TD>
    </TR>
  </TBODY>
</TABLE>",スモークカン　アート　カンカンです！用途はイロイロ！飴玉を入れたり小物を入れたりとGOODです！種類も豊富で多種多様であります！【2.980円以上送料無料】【アメリカン雑貨】【キャラクター雑貨】【20 】：ＡＯＩデパート,雑貨スポンジボブイルミネーションケアベアラットフィンク時計ハッピーツリーフレンズディズニースモークカン　アート　カンカンです！用途はイロイロ！飴玉を入れたり小物を入れたりとGOODです！種類も豊富で多種多様であります！【2.980円以上送料無料】【アメリカン雑貨】【キャラクター雑貨】【20 】,スモークカン！大大人気。スモークカン　アート　カンカンです！用途はイロイロ！飴玉を入れたり小物を入れたりとGOODです！種類も豊富で多種多様であります！【2.980円以上送料無料】【アメリカン雑貨】【キャラクター雑貨】【20 】[rn]
2-8608,http://tshop.r10s.jp/aoi-depart/cabinet/okou/okou014.jpg?fitin=700:700,378.4000,,日用品雑貨・文房具・手芸 > 日用品・生活雑貨 > その他,GONESH STICK インセンス/No12　GONESH　ガーネッシュ　お香１０,GONESH　ガーネッシュ　お香１０,"ガーネッシュ<br>
■サイズ■<br>
H31ｃｍ×W6.6ｃｍ×L1.5ｃｍ<br>
■説明■<br>
お香と言えばGONESH！と言うくらい<br>
超有名なお香。種類も豊富です。20本入<br>
NO12　GREEN MOUNTAINS<br>
針葉樹林に咲く可憐なリリーオブザバレーを<br>
イメージしたグリーンフローラルの爽やかな香り<br><TABLE cellspacing=""1"" bgcolor=""#cdcd9a"" cellpadding=""10"">
  <TBODY>
    <TR>
      <TD bgcolor=""#ffffff"" height=""61""><IMG src=""http://image.rakuten.co.jp/aoi-depart/cabinet/souryou.jpg"" width=""505"" height=""52"" border=""0""><br>
      <font size=""2"">沖縄県の場合は、8,000円以上で送料無料となります。</font><FONT size=""1"">（8,000円以下の場合はご注文後に送料が加算されます。）</FONT></TD>
    </TR>
  </TBODY>
</TABLE>
<B><FONT size=""2""><FONT size=""2""><BR>
<FONT size=""2"">★　最終価格！　ソーラー　LEDクリスタルキングトナカイ　ホワイト（白）　★</FONT></FONT><BR>
<BR>
<FONT size=""2"">★　最終価格！　ソーラー　LEDクリスタルキングトナカイ　ブルー（青）　★</FONT></FONT></B><br><br>
<TABLE width=""560"">
  <TBODY>
    <TR>
      <TD valign=""top"" align=""center""><IMG src=""http://image.rakuten.co.jp/aoi-depart/cabinet/00377082/img56929916.gif"" width=""130"" height=""88"" border=""0""><BR>
      <FONT size=""-2"" color=""#999900"">&gt;人気の缶バッジ（バッチ）<BR>
      特集！200アイテム！</FONT></TD>
      <TD valign=""top"" align=""center""><IMG src=""http://image.rakuten.co.jp/aoi-depart/cabinet/00377082/img56929917.gif"" width=""130"" height=""88"" border=""0""><BR>
      <FONT size=""-2"" color=""#999900"">&gt;インテリア用のポスター！<BR>
      特集！200アイテム！</FONT></TD>
      <TD valign=""top"" align=""center""><IMG src=""http://image.rakuten.co.jp/aoi-depart/cabinet/00377082/img56929918.gif"" width=""130"" height=""89"" border=""0""><BR>
      <FONT size=""-2"" color=""#999900"">&gt;人気キャラ！キーホルダー<BR>
      特集！300アイテム！</FONT></TD>
      <TD valign=""top"" align=""center""><IMG src=""http://image.rakuten.co.jp/aoi-depart/cabinet/00377082/img56929919.gif"" width=""130"" height=""89"" border=""0""><BR>
      <FONT size=""-2"" color=""#999900"">&gt;やっぱりワッペン！<BR>
      特集！200アイテム！</FONT></TD>
    </TR>
  </TBODY>
</TABLE>




<P><IMG src=""http://image.rakuten.co.jp/aoi-depart/cabinet/img58891052.gif"" border=""0"" width=""560"" height=""94""><BR>
<FONT color=""#000000"" size=""1"">大人気！くろねこ雑貨、新商品続々入荷中！黒猫キッチン用品、バス用品、おしゃれ雑貨、黒猫インテリア</FONT></P>
<TABLE width=""560"" cellpadding=""0"" cellspacing=""0"">
  <TBODY valign=""top"">
    <TR>
      <TD valign=""top""><IMG src=""http://image.rakuten.co.jp/aoi-depart/cabinet/00377084/imgrc0065158542.gif"" border=""0"" width=""270"" height=""80""><BR>
      <FONT size=""1"">クレヨンしんちゃんグッズ続々入荷中！<BR>
      新学期はしんちゃんのランチグッズやペンケースで決まり！<BR>
      新生活も応援！クッションやタオル、グラスも豊富♪<BR>
      <BR>
      </FONT></TD>
      <TD valign=""top""><IMG src=""http://image.rakuten.co.jp/aoi-depart/cabinet/00377084/imgrc0065158540.gif"" border=""0"" width=""270"" height=""80""><BR>
      <FONT size=""1"">ピンクやレッドがキュートなキティやマイメロ♪<BR>
      サンリオのステップやコロコロクリーナーが売れてます！<BR>
      メラミンカップやグラス、おもちゃ箱も♪プレゼントやギフトにも♪</FONT><BR>
      <BR>
      </TD>
    </TR>
  </TBODY>
</TABLE>
<TABLE width=""560"" cellpadding=""0"" cellspacing=""0"">
  <TBODY valign=""top"">
    <TR>
      <TD valign=""top""><IMG src=""http://image.rakuten.co.jp/aoi-depart/cabinet/00377084/imgrc0065158539.gif"" border=""0"" width=""270"" height=""80""><BR>
      <FONT size=""1"">ベビータオルやベビーギフトならアナノカフェ♪安心の日本製です。<BR>
      ほわほわ～の柔らか素材がお肌にも優しい。<BR>
      内祝やご出産祝にも最適！スタイや肌着の種類も豊富！</FONT><BR>
      <BR>
      </TD>
      <TD valign=""top""><IMG src=""http://image.rakuten.co.jp/aoi-depart/cabinet/00377084/imgrc0065158538.gif"" border=""0"" width=""270"" height=""80""><BR>
      <FONT size=""1"">キュートでポップな亜土ちゃんのグッズでラブリーな生活を♪<BR>
      クッションや食器、ブリキケースもすっごくカワイイ♪<BR>
      お花★ハート★キッス　が合言葉♪！</FONT></TD>
    </TR>
  </TBODY>
</TABLE>
<TABLE width=""560"" cellpadding=""0"" cellspacing=""0"">
  <TBODY valign=""top"">
    <TR>
      <TD valign=""top""><IMG src=""http://image.rakuten.co.jp/aoi-depart/cabinet/00377084/imgrc0065158541.gif"" border=""0"" width=""270"" height=""80""><BR>
      <FONT size=""1"">やっぱり定番！ず～っと人気が止まらないっ！<BR>
      クッションやティッシュカバー、フリーケースで周りをボブイエロー<BR>
      に染めちゃえ！超ビッグなメガデカクッションは要チェック！</FONT><BR>
      <BR>
      </TD>
      <TD valign=""top""><IMG src=""http://image.rakuten.co.jp/aoi-depart/cabinet/00377084/imgrc0065158543.gif"" border=""0"" width=""270"" height=""80""><BR>
      <FONT size=""1"">アメコミの中でもスパイダーマンはダントツ人気！<BR>
      ポスターやコスチューム、ストラップなどなどグッズも大量！<BR>
      お部屋に飾ればカッコイイ　ヒーロコミックの世界に！</FONT><BR>
      <BR>
      </TD>
    </TR>
  </TBODY>
</TABLE>

<TABLE width=""560"">
  <TBODY>
    <TR>
      <TD><IMG src=""http://image.rakuten.co.jp/aoi-depart/cabinet/00377084/img57529064.gif"" width=""186"" height=""70"" border=""0""><BR>
      <FONT size=""-2"" color=""#ff8000"">▼タオル特集！柔らか～！かわいい～！<BR>
      自分流でお気に入りをどうぞ♪</FONT></TD>
      <TD><IMG src=""http://image.rakuten.co.jp/aoi-depart/cabinet/00377084/img57529063.gif"" width=""186"" height=""70"" border=""0""><BR>
      <FONT size=""-2"" color=""#ff8000"">▼健康な美しさを追求♪でもでも毎日使うものだからこそかわいいデザインのものを♪</FONT></TD>
      <TD><IMG src=""http://image.rakuten.co.jp/aoi-depart/cabinet/00377084/img57529065.gif"" width=""186"" height=""70"" border=""0""><BR>
      <FONT size=""-2"" color=""#ff8000"">▼お風呂グッズ特集♪こだわりタオルから便利バス用品まで選りすぐって取り揃えました♪</FONT></TD>
    </TR>
  </TBODY>
</TABLE>

<TABLE width=""560"" height=""120"" bgcolor=""#ffffff"" cellpadding=""0"" cellspacing=""1"">
  <TBODY>
    <TR>
      <TD bgcolor=""#ffffff"" align=""center"" valign=""top""><IMG src=""http://image.rakuten.co.jp/aoi-depart/cabinet/00377084/img57844237.gif"" width=""270"" height=""72"" border=""0""><BR>
      <FONT size=""-2"" color=""#666666"">■生活雑貨勢揃い！1000アイテムの中からお気に入りをどうぞ！■</FONT></TD>
      <TD bgcolor=""#ffffff"" align=""center"" valign=""middle""><IMG src=""http://image.rakuten.co.jp/aoi-depart/cabinet/00377082/img57733851.gif"" width=""270"" height=""103"" border=""0""><BR>
      <FONT size=""-2"" color=""#666666"">■AOIデパートのコスチューム♪新商品がいっぱい♪</FONT></TD>
    </TR>
  </TBODY>
</TABLE>",GONESH STICK インセンス/No12　GONESH　ガーネッシュ　お香１０：ＡＯＩデパート,雑貨スポンジボブイルミネーションケアベアラットフィンク時計ハッピーツリーフレンズディズニーGONESH STICK インセンス/No12　GONESH　ガーネッシュ　お香１０,GONESH　ガーネッシュ　お香１０。GONESH STICK インセンス/No12　GONESH　ガーネッシュ　お香１０[rn]
2-8609,http://tshop.r10s.jp/aoi-depart/cabinet/7zak-4/8zak704-1.gif?fitin=700:700,299.2000,,日用品雑貨・文房具・手芸 > 日用品・生活雑貨 > その他,スーパーマリオ【ＭＡＲＩＯ】ライターキャップ！リップクリームキャップカバーとしても♪ライターキャップにたくさんの種類が出ました！キーホルダー　キーチェーン【3980円以上送料無料】【ゲーム】【大人気】【キャラクター】【メール便対応可】,スーパーマリオ【ＭＡＲＩＯ】ライターキャップ♪大大人気！,"■商品説明■<br>
スーパーマリオ【ＭＡＲＩＯ】ライターキャップ！<br>
ライターキャップにたくさんの種類が出ました！<br>
コレでライターをなくす心配が<br>
ありません（のはず？）(　゜Д゜)<br>
どのグッズも超絶かわいくって！キュートです♪<br>
お気に入りのグッズを見つけてください(*゜ロ゜)<br>
【2.980円以上送料無料】【2012年新商品】<br>
【大人気】【大大人気】【20 】【アメリカ】<br>
■サイズ■<br>
本体：約H3.5×W2.8×D1.4cm(リング含まず)<br>
◆仕様◆<br>
素材：スチール・PVC<br>
●AOIデパートはアメリカン雑貨が勢揃い！！●<br>
今回はライターキャップ！雑貨が豊富です！<br>
(*゜▽゜)/品揃えに自信アリ♪<br>
カラフルなグッズで毎日の生活を楽しんでください♪<br><TABLE cellspacing=""1"" bgcolor=""#cdcd9a"" cellpadding=""10"">
  <TBODY>
    <TR>
      <TD bgcolor=""#ffffff"" height=""61""><IMG src=""http://image.rakuten.co.jp/aoi-depart/cabinet/souryou.jpg"" width=""505"" height=""52"" border=""0""><br>
      <font size=""2"">沖縄県の場合は、8,000円以上で送料無料となります。</font><FONT size=""1"">（8,000円以下の場合はご注文後に送料が加算されます。）</FONT></TD>
    </TR>
  </TBODY>
</TABLE>
<B><FONT size=""2""><FONT size=""2""><BR>
<FONT size=""2"">★　最終価格！　ソーラー　LEDクリスタルキングトナカイ　ホワイト（白）　★</FONT></FONT><BR>
<BR>
<FONT size=""2"">★　最終価格！　ソーラー　LEDクリスタルキングトナカイ　ブルー（青）　★</FONT></FONT></B><br><br>
<TABLE width=""560"">
  <TBODY>
    <TR>
      <TD valign=""top"" align=""center""><IMG src=""http://image.rakuten.co.jp/aoi-depart/cabinet/00377082/img56929916.gif"" width=""130"" height=""88"" border=""0""><BR>
      <FONT size=""-2"" color=""#999900"">&gt;人気の缶バッジ（バッチ）<BR>
      特集！200アイテム！</FONT></TD>
      <TD valign=""top"" align=""center""><IMG src=""http://image.rakuten.co.jp/aoi-depart/cabinet/00377082/img56929917.gif"" width=""130"" height=""88"" border=""0""><BR>
      <FONT size=""-2"" color=""#999900"">&gt;インテリア用のポスター！<BR>
      特集！200アイテム！</FONT></TD>
      <TD valign=""top"" align=""center""><IMG src=""http://image.rakuten.co.jp/aoi-depart/cabinet/00377082/img56929918.gif"" width=""130"" height=""89"" border=""0""><BR>
      <FONT size=""-2"" color=""#999900"">&gt;人気キャラ！キーホルダー<BR>
      特集！300アイテム！</FONT></TD>
      <TD valign=""top"" align=""center""><IMG src=""http://image.rakuten.co.jp/aoi-depart/cabinet/00377082/img56929919.gif"" width=""130"" height=""89"" border=""0""><BR>
      <FONT size=""-2"" color=""#999900"">&gt;やっぱりワッペン！<BR>
      特集！200アイテム！</FONT></TD>
    </TR>
  </TBODY>
</TABLE>




<P><IMG src=""http://image.rakuten.co.jp/aoi-depart/cabinet/img58891052.gif"" border=""0"" width=""560"" height=""94""><BR>
<FONT color=""#000000"" size=""1"">大人気！くろねこ雑貨、新商品続々入荷中！黒猫キッチン用品、バス用品、おしゃれ雑貨、黒猫インテリア</FONT></P>
<TABLE width=""560"" cellpadding=""0"" cellspacing=""0"">
  <TBODY valign=""top"">
    <TR>
      <TD valign=""top""><IMG src=""http://image.rakuten.co.jp/aoi-depart/cabinet/00377084/imgrc0065158542.gif"" border=""0"" width=""270"" height=""80""><BR>
      <FONT size=""1"">クレヨンしんちゃんグッズ続々入荷中！<BR>
      新学期はしんちゃんのランチグッズやペンケースで決まり！<BR>
      新生活も応援！クッションやタオル、グラスも豊富♪<BR>
      <BR>
      </FONT></TD>
      <TD valign=""top""><IMG src=""http://image.rakuten.co.jp/aoi-depart/cabinet/00377084/imgrc0065158540.gif"" border=""0"" width=""270"" height=""80""><BR>
      <FONT size=""1"">ピンクやレッドがキュートなキティやマイメロ♪<BR>
      サンリオのステップやコロコロクリーナーが売れてます！<BR>
      メラミンカップやグラス、おもちゃ箱も♪プレゼントやギフトにも♪</FONT><BR>
      <BR>
      </TD>
    </TR>
  </TBODY>
</TABLE>
<TABLE width=""560"" cellpadding=""0"" cellspacing=""0"">
  <TBODY valign=""top"">
    <TR>
      <TD valign=""top""><IMG src=""http://image.rakuten.co.jp/aoi-depart/cabinet/00377084/imgrc0065158539.gif"" border=""0"" width=""270"" height=""80""><BR>
      <FONT size=""1"">ベビータオルやベビーギフトならアナノカフェ♪安心の日本製です。<BR>
      ほわほわ～の柔らか素材がお肌にも優しい。<BR>
      内祝やご出産祝にも最適！スタイや肌着の種類も豊富！</FONT><BR>
      <BR>
      </TD>
      <TD valign=""top""><IMG src=""http://image.rakuten.co.jp/aoi-depart/cabinet/00377084/imgrc0065158538.gif"" border=""0"" width=""270"" height=""80""><BR>
      <FONT size=""1"">キュートでポップな亜土ちゃんのグッズでラブリーな生活を♪<BR>
      クッションや食器、ブリキケースもすっごくカワイイ♪<BR>
      お花★ハート★キッス　が合言葉♪！</FONT></TD>
    </TR>
  </TBODY>
</TABLE>
<TABLE width=""560"" cellpadding=""0"" cellspacing=""0"">
  <TBODY valign=""top"">
    <TR>
      <TD valign=""top""><IMG src=""http://image.rakuten.co.jp/aoi-depart/cabinet/00377084/imgrc0065158541.gif"" border=""0"" width=""270"" height=""80""><BR>
      <FONT size=""1"">やっぱり定番！ず～っと人気が止まらないっ！<BR>
      クッションやティッシュカバー、フリーケースで周りをボブイエロー<BR>
      に染めちゃえ！超ビッグなメガデカクッションは要チェック！</FONT><BR>
      <BR>
      </TD>
      <TD valign=""top""><IMG src=""http://image.rakuten.co.jp/aoi-depart/cabinet/00377084/imgrc0065158543.gif"" border=""0"" width=""270"" height=""80""><BR>
      <FONT size=""1"">アメコミの中でもスパイダーマンはダントツ人気！<BR>
      ポスターやコスチューム、ストラップなどなどグッズも大量！<BR>
      お部屋に飾ればカッコイイ　ヒーロコミックの世界に！</FONT><BR>
      <BR>
      </TD>
    </TR>
  </TBODY>
</TABLE>

<TABLE width=""560"">
  <TBODY>
    <TR>
      <TD><IMG src=""http://image.rakuten.co.jp/aoi-depart/cabinet/00377084/img57529064.gif"" width=""186"" height=""70"" border=""0""><BR>
      <FONT size=""-2"" color=""#ff8000"">▼タオル特集！柔らか～！かわいい～！<BR>
      自分流でお気に入りをどうぞ♪</FONT></TD>
      <TD><IMG src=""http://image.rakuten.co.jp/aoi-depart/cabinet/00377084/img57529063.gif"" width=""186"" height=""70"" border=""0""><BR>
      <FONT size=""-2"" color=""#ff8000"">▼健康な美しさを追求♪でもでも毎日使うものだからこそかわいいデザインのものを♪</FONT></TD>
      <TD><IMG src=""http://image.rakuten.co.jp/aoi-depart/cabinet/00377084/img57529065.gif"" width=""186"" height=""70"" border=""0""><BR>
      <FONT size=""-2"" color=""#ff8000"">▼お風呂グッズ特集♪こだわりタオルから便利バス用品まで選りすぐって取り揃えました♪</FONT></TD>
    </TR>
  </TBODY>
</TABLE>

<TABLE width=""560"" height=""120"" bgcolor=""#ffffff"" cellpadding=""0"" cellspacing=""1"">
  <TBODY>
    <TR>
      <TD bgcolor=""#ffffff"" align=""center"" valign=""top""><IMG src=""http://image.rakuten.co.jp/aoi-depart/cabinet/00377084/img57844237.gif"" width=""270"" height=""72"" border=""0""><BR>
      <FONT size=""-2"" color=""#666666"">■生活雑貨勢揃い！1000アイテムの中からお気に入りをどうぞ！■</FONT></TD>
      <TD bgcolor=""#ffffff"" align=""center"" valign=""middle""><IMG src=""http://image.rakuten.co.jp/aoi-depart/cabinet/00377082/img57733851.gif"" width=""270"" height=""103"" border=""0""><BR>
      <FONT size=""-2"" color=""#666666"">■AOIデパートのコスチューム♪新商品がいっぱい♪</FONT></TD>
    </TR>
  </TBODY>
</TABLE>",スーパーマリオ【ＭＡＲＩＯ】ライターキャップ！リップクリームキャップカバーとしても♪ライターキャップにたくさんの種類が出ました！キーホルダー　キーチェーン【3980円以上送料無料】【ゲーム】【大人気】【キャラクター】【メール便対応可】：ＡＯＩデパート,雑貨スポンジボブイルミネーションケアベアラットフィンク時計ハッピーツリーフレンズディズニースーパーマリオ【ＭＡＲＩＯ】ライターキャップ！リップクリームキャップカバーとしても♪ライターキャップにたくさんの種類が出ました！キーホルダー　キーチェーン【3980円以上送料無料】【ゲーム】【大人気】【キャラクター】【メール便対応可】,スーパーマリオ【ＭＡＲＩＯ】ライターキャップ♪大大人気！。スーパーマリオ【ＭＡＲＩＯ】ライターキャップ！リップクリームキャップカバーとしても♪ライターキャップにたくさんの種類が出ました！キーホルダー　キーチェーン【3980円以上送料無料】【ゲーム】【大人気】【キャラクター】【メール便対応可】[rn]
2-8610,http://tshop.r10s.jp/aoi-depart/cabinet/00378988/hai010-2.gif?fitin=700:700,392.0000,,日用品雑貨・文房具・手芸 > 日用品・生活雑貨 > その他,【あす楽対応】【大幅 ！ 以下！】 アルファベット灰皿　Y型灰皿　大きめサイズで使いやすいです！【 】【大人気】アシュトレイ・喫煙具・アクセトレイにも【2980円以上送料無料】【父の日・バレンタインデー・彼氏へ・タバコを吸う方へのプレゼントに】,【あす楽】【2980円以上送料無料（沖縄以外）】,"■説明■<br>
渋めのアルファベット灰皿！<br>
裏面には滑り止めも付いており使い勝手GOOD！<br>
普通の灰皿では満足できない方！！COOLです！<br>
素材は陶器になります！<br><br>
■サイズ・仕様■<br>
H20cm×W14cm<br>
<br>良い作りなのでプレゼントギフトにも最適！<br><br>
<CENTER>
<TABLE cellspacing=""1"" bgcolor=""#ff0000"" width=""400"">
  <TBODY>
    <TR>
      <TD align=""center""><BR>
      <FONT color=""#ffffff"" size=""+1""><B>【あす楽注意事項】</B></FONT><BR>
      <BR>
      <FONT color=""#ffffff""><B>＜あす楽ご利用のお客様へ＞<BR>
      ！必ず下記をご確認下さい！</B></FONT><BR>
      <BR>
      </TD>
    </TR>
    <TR>
      <TD bgcolor=""#ffffff"" align=""center""><BR>
      <FONT size=""3"" color=""#ff0000""><B>★ご注意★<BR>
      次の場合、翌日のお届けはできません！</B></FONT><FONT size=""2""><BR>
      <BR>
      下記の場合は自動的に「通常配送」となりますが、<BR>
      弊社流通事情によりご注文後のキャンセルは<BR>
      承れませんので予めご了承下さい。<BR>
（買い物かごで「あす楽」をお選び頂いても、通常配送となります。）<br>
      <BR>
      【「通常配送：」とカラー欄に記載がある商品】<br>
      【正午以降のご注文】<BR>
      【対象エリア外のお届け】<BR>
      【当店休業日・営業時間外のご注文】<BR>
      【あす楽対応の記載が無い、あす楽未対応商品との同梱】<BR>
      【決済不備の場合】<BR>
      【「クレジット決済」「代引」「ポイント全額」以外の支払方法の場合】<BR>
      <BR>
      ※配送エリアは離島、中継地域を除きます。<BR>
　　　<br>
　　　※宅配便のみとなります。
      <BR>
      ※お届け時間指定はできません。<BR>
      ⇒備考らんへ「午前中着必須」等記載されても、<BR>
      あす楽商品は翌日配送が優先されます。<BR>
      もしもどうしても時間指定を優先されたい場合は、<BR>
      「翌々日以降でも可」など、<BR>
      翌日配送でなくとも良い旨、明確にご連絡下さい。<BR>
      <BR>
      ※別注文頂きました商品の同梱が発生する場合は、<BR>
      後のご注文に合わせさせて頂いたあす楽になります。<BR>
      また、全てあす楽対応の商品でご注文を頂いた場合でも、<BR>
      あす楽の対応をいたしかねる場合がございます。<BR>
      <BR>
      ※あす楽ご希望の場合は、必ずひとつのカゴで、<BR>
      全てあす楽対応商品のみでまとめてご注文をお願いします。<BR>
      <BR>
      ※お支払い方法は「クレジット決済」「代金引換」<BR>
      「ポイント全額ご利用」のみあす楽対応となります。<BR>
      <BR>
      ※ご注文時、配送日時指定をご指定頂きました場合は、<BR>
      自動的に日時指定優先（あす楽対応外）となります。<BR>
      <BR>
      ※運送時の交通事情や天候事情など、<BR>
      その他の不可抗力が生じた場合には、到着日が<BR>
      前後することがございますのでご了承願います。<BR>
      <BR>
      ※楽天の自動配信メールが届いた時間が注文受付時間となります。<BR>
      ご注文が集中している場合や、システム障害発生時は、<BR>
      受注時間の誤差が生じる場合がございます。<BR>
      <BR>
      ※自動送信メールを必ずご確認下さい。<BR>
      <BR>
      ※迷惑メール対策等により、Eメールが届かない場合、<BR>
      大切なご連絡をお知らせできません為、楽天や当店よりの<BR>
      Eメールは必ず届くよう設定をお願い致します。<BR>
      <BR>
      ※あす楽対応外となりました場合は、自動的に<BR>
      通常配送に変更させて頂きますので、ご了承下さい。<BR>
      <BR>
      ※ご注文後のキャンセルはできません。<BR>
      <BR>
      ※ご注文後の商品変更はお受けできない場合がございます。<BR>
      <BR>
      ※休業日につきましては、<BR>
      【PCサイト】ショップ情報など<BR>
      【携帯サイト】トップページ<BR>
      でお知らせさせて頂きます。<BR>
      <BR>※その他、あす楽に関しましては、楽天の規約・詳細に<BR>
基づきますので、楽天のあす楽ページもご確認下さい。</FONT><BR>
      <BR>
      </TD>
    </TR>
  </TBODY>
</TABLE>
</CENTER><TABLE cellspacing=""1"" bgcolor=""#cdcd9a"" cellpadding=""10"">
  <TBODY>
    <TR>
      <TD bgcolor=""#ffffff"" height=""61""><IMG src=""http://image.rakuten.co.jp/aoi-depart/cabinet/souryou.jpg"" width=""505"" height=""52"" border=""0""><br>
      <font size=""2"">沖縄県の場合は、8,000円以上で送料無料となります。</font><FONT size=""1"">（8,000円以下の場合はご注文後に送料が加算されます。）</FONT></TD>
    </TR>
  </TBODY>
</TABLE>
<B><FONT size=""2""><FONT size=""2""><BR>
<FONT size=""2"">★　最終価格！　ソーラー　LEDクリスタルキングトナカイ　ホワイト（白）　★</FONT></FONT><BR>
<BR>
<FONT size=""2"">★　最終価格！　ソーラー　LEDクリスタルキングトナカイ　ブルー（青）　★</FONT></FONT></B><br><br>
<TABLE width=""560"">
  <TBODY>
    <TR>
      <TD valign=""top"" align=""center""><IMG src=""http://image.rakuten.co.jp/aoi-depart/cabinet/00377082/img56929916.gif"" width=""130"" height=""88"" border=""0""><BR>
      <FONT size=""-2"" color=""#999900"">&gt;人気の缶バッジ（バッチ）<BR>
      特集！200アイテム！</FONT></TD>
      <TD valign=""top"" align=""center""><IMG src=""http://image.rakuten.co.jp/aoi-depart/cabinet/00377082/img56929917.gif"" width=""130"" height=""88"" border=""0""><BR>
      <FONT size=""-2"" color=""#999900"">&gt;インテリア用のポスター！<BR>
      特集！200アイテム！</FONT></TD>
      <TD valign=""top"" align=""center""><IMG src=""http://image.rakuten.co.jp/aoi-depart/cabinet/00377082/img56929918.gif"" width=""130"" height=""89"" border=""0""><BR>
      <FONT size=""-2"" color=""#999900"">&gt;人気キャラ！キーホルダー<BR>
      特集！300アイテム！</FONT></TD>
      <TD valign=""top"" align=""center""><IMG src=""http://image.rakuten.co.jp/aoi-depart/cabinet/00377082/img56929919.gif"" width=""130"" height=""89"" border=""0""><BR>
      <FONT size=""-2"" color=""#999900"">&gt;やっぱりワッペン！<BR>
      特集！200アイテム！</FONT></TD>
    </TR>
  </TBODY>
</TABLE>




<P><IMG src=""http://image.rakuten.co.jp/aoi-depart/cabinet/img58891052.gif"" border=""0"" width=""560"" height=""94""><BR>
<FONT color=""#000000"" size=""1"">大人気！くろねこ雑貨、新商品続々入荷中！黒猫キッチン用品、バス用品、おしゃれ雑貨、黒猫インテリア</FONT></P>
<TABLE width=""560"" cellpadding=""0"" cellspacing=""0"">
  <TBODY valign=""top"">
    <TR>
      <TD valign=""top""><IMG src=""http://image.rakuten.co.jp/aoi-depart/cabinet/00377084/imgrc0065158542.gif"" border=""0"" width=""270"" height=""80""><BR>
      <FONT size=""1"">クレヨンしんちゃんグッズ続々入荷中！<BR>
      新学期はしんちゃんのランチグッズやペンケースで決まり！<BR>
      新生活も応援！クッションやタオル、グラスも豊富♪<BR>
      <BR>
      </FONT></TD>
      <TD valign=""top""><IMG src=""http://image.rakuten.co.jp/aoi-depart/cabinet/00377084/imgrc0065158540.gif"" border=""0"" width=""270"" height=""80""><BR>
      <FONT size=""1"">ピンクやレッドがキュートなキティやマイメロ♪<BR>
      サンリオのステップやコロコロクリーナーが売れてます！<BR>
      メラミンカップやグラス、おもちゃ箱も♪プレゼントやギフトにも♪</FONT><BR>
      <BR>
      </TD>
    </TR>
  </TBODY>
</TABLE>
<TABLE width=""560"" cellpadding=""0"" cellspacing=""0"">
  <TBODY valign=""top"">
    <TR>
      <TD valign=""top""><IMG src=""http://image.rakuten.co.jp/aoi-depart/cabinet/00377084/imgrc0065158539.gif"" border=""0"" width=""270"" height=""80""><BR>
      <FONT size=""1"">ベビータオルやベビーギフトならアナノカフェ♪安心の日本製です。<BR>
      ほわほわ～の柔らか素材がお肌にも優しい。<BR>
      内祝やご出産祝にも最適！スタイや肌着の種類も豊富！</FONT><BR>
      <BR>
      </TD>
      <TD valign=""top""><IMG src=""http://image.rakuten.co.jp/aoi-depart/cabinet/00377084/imgrc0065158538.gif"" border=""0"" width=""270"" height=""80""><BR>
      <FONT size=""1"">キュートでポップな亜土ちゃんのグッズでラブリーな生活を♪<BR>
      クッションや食器、ブリキケースもすっごくカワイイ♪<BR>
      お花★ハート★キッス　が合言葉♪！</FONT></TD>
    </TR>
  </TBODY>
</TABLE>
<TABLE width=""560"" cellpadding=""0"" cellspacing=""0"">
  <TBODY valign=""top"">
    <TR>
      <TD valign=""top""><IMG src=""http://image.rakuten.co.jp/aoi-depart/cabinet/00377084/imgrc0065158541.gif"" border=""0"" width=""270"" height=""80""><BR>
      <FONT size=""1"">やっぱり定番！ず～っと人気が止まらないっ！<BR>
      クッションやティッシュカバー、フリーケースで周りをボブイエロー<BR>
      に染めちゃえ！超ビッグなメガデカクッションは要チェック！</FONT><BR>
      <BR>
      </TD>
      <TD valign=""top""><IMG src=""http://image.rakuten.co.jp/aoi-depart/cabinet/00377084/imgrc0065158543.gif"" border=""0"" width=""270"" height=""80""><BR>
      <FONT size=""1"">アメコミの中でもスパイダーマンはダントツ人気！<BR>
      ポスターやコスチューム、ストラップなどなどグッズも大量！<BR>
      お部屋に飾ればカッコイイ　ヒーロコミックの世界に！</FONT><BR>
      <BR>
      </TD>
    </TR>
  </TBODY>
</TABLE>

<TABLE width=""560"">
  <TBODY>
    <TR>
      <TD><IMG src=""http://image.rakuten.co.jp/aoi-depart/cabinet/00377084/img57529064.gif"" width=""186"" height=""70"" border=""0""><BR>
      <FONT size=""-2"" color=""#ff8000"">▼タオル特集！柔らか～！かわいい～！<BR>
      自分流でお気に入りをどうぞ♪</FONT></TD>
      <TD><IMG src=""http://image.rakuten.co.jp/aoi-depart/cabinet/00377084/img57529063.gif"" width=""186"" height=""70"" border=""0""><BR>
      <FONT size=""-2"" color=""#ff8000"">▼健康な美しさを追求♪でもでも毎日使うものだからこそかわいいデザインのものを♪</FONT></TD>
      <TD><IMG src=""http://image.rakuten.co.jp/aoi-depart/cabinet/00377084/img57529065.gif"" width=""186"" height=""70"" border=""0""><BR>
      <FONT size=""-2"" color=""#ff8000"">▼お風呂グッズ特集♪こだわりタオルから便利バス用品まで選りすぐって取り揃えました♪</FONT></TD>
    </TR>
  </TBODY>
</TABLE>

<TABLE width=""560"" height=""120"" bgcolor=""#ffffff"" cellpadding=""0"" cellspacing=""1"">
  <TBODY>
    <TR>
      <TD bgcolor=""#ffffff"" align=""center"" valign=""top""><IMG src=""http://image.rakuten.co.jp/aoi-depart/cabinet/00377084/img57844237.gif"" width=""270"" height=""72"" border=""0""><BR>
      <FONT size=""-2"" color=""#666666"">■生活雑貨勢揃い！1000アイテムの中からお気に入りをどうぞ！■</FONT></TD>
      <TD bgcolor=""#ffffff"" align=""center"" valign=""middle""><IMG src=""http://image.rakuten.co.jp/aoi-depart/cabinet/00377082/img57733851.gif"" width=""270"" height=""103"" border=""0""><BR>
      <FONT size=""-2"" color=""#666666"">■AOIデパートのコスチューム♪新商品がいっぱい♪</FONT></TD>
    </TR>
  </TBODY>
</TABLE>",【あす楽対応】【大幅 ！ 以下！】 アルファベット灰皿　Y型灰皿　大きめサイズで使いやすいです！【 】【大人気】アシュトレイ・喫煙具・アクセトレイにも【2980円以上送料無料】【父の日・バレンタインデー・彼氏へ・タバコを吸う方へのプレゼントに】：ＡＯＩデパート,雑貨スポンジボブイルミネーションケアベアラットフィンク時計ハッピーツリーフレンズディズニー【あす楽対応】【大幅 ！ 以下！】 アルファベット灰皿　Y型灰皿　大きめサイズで使いやすいです！【 】【大人気】アシュトレイ・喫煙具・アクセトレイにも【2980円以上送料無料】【父の日・バレンタインデー・彼氏へ・タバコを吸う方へのプレゼントに】,【あす楽】【2980円以上送料無料（沖縄以外）】。【あす楽対応】【大幅 ！ 以下！】 アルファベット灰皿　Y型灰皿　大きめサイズで使いやすいです！【 】【大人気】アシュトレイ・喫煙具・アクセトレイにも【2980円以上送料無料】【父の日・バレンタインデー・彼氏へ・タバコを吸う方へのプレゼントに】[rn]
2-8611,http://tshop.r10s.jp/gold/aoi-depart/6zak575-1.gif?fitin=700:700,48.0000,,日用品雑貨・文房具・手芸 > 日用品・生活雑貨 > その他,ビリヤード【ストラップ】【キーチェーン】AOIデパートの大大人気大人気！全品50 以上！最大99 の目玉大人気です♪【2.980円以上送料無料】【新商品】【大人気】【大大人気】【50～99 】,ビリヤード【ストラップ】大大人気！最大99,"■説明■<br>
ビリヤード【ストラップ】【キーチェーン】<br>
AOIデパートの大大人気大人気！<br>
全品50 以上！<br>
最大99 の目玉大人気です♪<br>
【2.980円以上送料無料】【新商品】<br>
【大人気】【大大人気】【50～99 】<br>
■サイズ・仕様■<br>
サイズ：H2.5cm<br>
■AOIデパートは大大人気商品が勢揃い！！■<br>
大人気以上の頑張りが当店のスローガンです♪<br><TABLE cellspacing=""1"" bgcolor=""#cdcd9a"" cellpadding=""10"">
  <TBODY>
    <TR>
      <TD bgcolor=""#ffffff"" height=""61""><IMG src=""http://image.rakuten.co.jp/aoi-depart/cabinet/souryou.jpg"" width=""505"" height=""52"" border=""0""><br>
      <font size=""2"">沖縄県の場合は、8,000円以上で送料無料となります。</font><FONT size=""1"">（8,000円以下の場合はご注文後に送料が加算されます。）</FONT></TD>
    </TR>
  </TBODY>
</TABLE>
<B><FONT size=""2""><FONT size=""2""><BR>
<FONT size=""2"">★　最終価格！　ソーラー　LEDクリスタルキングトナカイ　ホワイト（白）　★</FONT></FONT><BR>
<BR>
<FONT size=""2"">★　最終価格！　ソーラー　LEDクリスタルキングトナカイ　ブルー（青）　★</FONT></FONT></B><br><br>
<TABLE width=""560"">
  <TBODY>
    <TR>
      <TD valign=""top"" align=""center""><IMG src=""http://image.rakuten.co.jp/aoi-depart/cabinet/00377082/img56929916.gif"" width=""130"" height=""88"" border=""0""><BR>
      <FONT size=""-2"" color=""#999900"">&gt;人気の缶バッジ（バッチ）<BR>
      特集！200アイテム！</FONT></TD>
      <TD valign=""top"" align=""center""><IMG src=""http://image.rakuten.co.jp/aoi-depart/cabinet/00377082/img56929917.gif"" width=""130"" height=""88"" border=""0""><BR>
      <FONT size=""-2"" color=""#999900"">&gt;インテリア用のポスター！<BR>
      特集！200アイテム！</FONT></TD>
      <TD valign=""top"" align=""center""><IMG src=""http://image.rakuten.co.jp/aoi-depart/cabinet/00377082/img56929918.gif"" width=""130"" height=""89"" border=""0""><BR>
      <FONT size=""-2"" color=""#999900"">&gt;人気キャラ！キーホルダー<BR>
      特集！300アイテム！</FONT></TD>
      <TD valign=""top"" align=""center""><IMG src=""http://image.rakuten.co.jp/aoi-depart/cabinet/00377082/img56929919.gif"" width=""130"" height=""89"" border=""0""><BR>
      <FONT size=""-2"" color=""#999900"">&gt;やっぱりワッペン！<BR>
      特集！200アイテム！</FONT></TD>
    </TR>
  </TBODY>
</TABLE>




<P><IMG src=""http://image.rakuten.co.jp/aoi-depart/cabinet/img58891052.gif"" border=""0"" width=""560"" height=""94""><BR>
<FONT color=""#000000"" size=""1"">大人気！くろねこ雑貨、新商品続々入荷中！黒猫キッチン用品、バス用品、おしゃれ雑貨、黒猫インテリア</FONT></P>
<TABLE width=""560"" cellpadding=""0"" cellspacing=""0"">
  <TBODY valign=""top"">
    <TR>
      <TD valign=""top""><IMG src=""http://image.rakuten.co.jp/aoi-depart/cabinet/00377084/imgrc0065158542.gif"" border=""0"" width=""270"" height=""80""><BR>
      <FONT size=""1"">クレヨンしんちゃんグッズ続々入荷中！<BR>
      新学期はしんちゃんのランチグッズやペンケースで決まり！<BR>
      新生活も応援！クッションやタオル、グラスも豊富♪<BR>
      <BR>
      </FONT></TD>
      <TD valign=""top""><IMG src=""http://image.rakuten.co.jp/aoi-depart/cabinet/00377084/imgrc0065158540.gif"" border=""0"" width=""270"" height=""80""><BR>
      <FONT size=""1"">ピンクやレッドがキュートなキティやマイメロ♪<BR>
      サンリオのステップやコロコロクリーナーが売れてます！<BR>
      メラミンカップやグラス、おもちゃ箱も♪プレゼントやギフトにも♪</FONT><BR>
      <BR>
      </TD>
    </TR>
  </TBODY>
</TABLE>
<TABLE width=""560"" cellpadding=""0"" cellspacing=""0"">
  <TBODY valign=""top"">
    <TR>
      <TD valign=""top""><IMG src=""http://image.rakuten.co.jp/aoi-depart/cabinet/00377084/imgrc0065158539.gif"" border=""0"" width=""270"" height=""80""><BR>
      <FONT size=""1"">ベビータオルやベビーギフトならアナノカフェ♪安心の日本製です。<BR>
      ほわほわ～の柔らか素材がお肌にも優しい。<BR>
      内祝やご出産祝にも最適！スタイや肌着の種類も豊富！</FONT><BR>
      <BR>
      </TD>
      <TD valign=""top""><IMG src=""http://image.rakuten.co.jp/aoi-depart/cabinet/00377084/imgrc0065158538.gif"" border=""0"" width=""270"" height=""80""><BR>
      <FONT size=""1"">キュートでポップな亜土ちゃんのグッズでラブリーな生活を♪<BR>
      クッションや食器、ブリキケースもすっごくカワイイ♪<BR>
      お花★ハート★キッス　が合言葉♪！</FONT></TD>
    </TR>
  </TBODY>
</TABLE>
<TABLE width=""560"" cellpadding=""0"" cellspacing=""0"">
  <TBODY valign=""top"">
    <TR>
      <TD valign=""top""><IMG src=""http://image.rakuten.co.jp/aoi-depart/cabinet/00377084/imgrc0065158541.gif"" border=""0"" width=""270"" height=""80""><BR>
      <FONT size=""1"">やっぱり定番！ず～っと人気が止まらないっ！<BR>
      クッションやティッシュカバー、フリーケースで周りをボブイエロー<BR>
      に染めちゃえ！超ビッグなメガデカクッションは要チェック！</FONT><BR>
      <BR>
      </TD>
      <TD valign=""top""><IMG src=""http://image.rakuten.co.jp/aoi-depart/cabinet/00377084/imgrc0065158543.gif"" border=""0"" width=""270"" height=""80""><BR>
      <FONT size=""1"">アメコミの中でもスパイダーマンはダントツ人気！<BR>
      ポスターやコスチューム、ストラップなどなどグッズも大量！<BR>
      お部屋に飾ればカッコイイ　ヒーロコミックの世界に！</FONT><BR>
      <BR>
      </TD>
    </TR>
  </TBODY>
</TABLE>

<TABLE width=""560"">
  <TBODY>
    <TR>
      <TD><IMG src=""http://image.rakuten.co.jp/aoi-depart/cabinet/00377084/img57529064.gif"" width=""186"" height=""70"" border=""0""><BR>
      <FONT size=""-2"" color=""#ff8000"">▼タオル特集！柔らか～！かわいい～！<BR>
      自分流でお気に入りをどうぞ♪</FONT></TD>
      <TD><IMG src=""http://image.rakuten.co.jp/aoi-depart/cabinet/00377084/img57529063.gif"" width=""186"" height=""70"" border=""0""><BR>
      <FONT size=""-2"" color=""#ff8000"">▼健康な美しさを追求♪でもでも毎日使うものだからこそかわいいデザインのものを♪</FONT></TD>
      <TD><IMG src=""http://image.rakuten.co.jp/aoi-depart/cabinet/00377084/img57529065.gif"" width=""186"" height=""70"" border=""0""><BR>
      <FONT size=""-2"" color=""#ff8000"">▼お風呂グッズ特集♪こだわりタオルから便利バス用品まで選りすぐって取り揃えました♪</FONT></TD>
    </TR>
  </TBODY>
</TABLE>

<TABLE width=""560"" height=""120"" bgcolor=""#ffffff"" cellpadding=""0"" cellspacing=""1"">
  <TBODY>
    <TR>
      <TD bgcolor=""#ffffff"" align=""center"" valign=""top""><IMG src=""http://image.rakuten.co.jp/aoi-depart/cabinet/00377084/img57844237.gif"" width=""270"" height=""72"" border=""0""><BR>
      <FONT size=""-2"" color=""#666666"">■生活雑貨勢揃い！1000アイテムの中からお気に入りをどうぞ！■</FONT></TD>
      <TD bgcolor=""#ffffff"" align=""center"" valign=""middle""><IMG src=""http://image.rakuten.co.jp/aoi-depart/cabinet/00377082/img57733851.gif"" width=""270"" height=""103"" border=""0""><BR>
      <FONT size=""-2"" color=""#666666"">■AOIデパートのコスチューム♪新商品がいっぱい♪</FONT></TD>
    </TR>
  </TBODY>
</TABLE>",ビリヤード【ストラップ】【キーチェーン】AOIデパートの大大人気大人気！全品50 以上！最大99 の目玉大人気です♪【2.980円以上送料無料】【新商品】【大人気】【大大人気】【50～99 】：ＡＯＩデパート,雑貨スポンジボブイルミネーションケアベアラットフィンク時計ハッピーツリーフレンズディズニービリヤード【ストラップ】【キーチェーン】AOIデパートの大大人気大人気！全品50 以上！最大99 の目玉大人気です♪【2.980円以上送料無料】【新商品】【大人気】【大大人気】【50～99 】,ビリヤード【ストラップ】大大人気！最大99。ビリヤード【ストラップ】【キーチェーン】AOIデパートの大大人気大人気！全品50 以上！最大99 の目玉大人気です♪【2.980円以上送料無料】【新商品】【大人気】【大大人気】【50～99 】[rn]
2-8612,http://tshop.r10s.jp/gold/aoi-depart/6zak561-1.gif?fitin=700:700,72.0000,,日用品雑貨・文房具・手芸 > 日用品・生活雑貨 > その他,【再入荷未定】ハートカラビナ【キーチェーン】AOIデパートの大大人気大人気！全品50 以上！最大99 の目玉大人気です♪【2.980円以上送料無料】【新商品】【大人気】【大大人気】【50～99 】,ハートカラビナ【キーチェーン】大大人気！最大99,"■説明■<br>
ハートカラビナ【キーチェーン】<br>
AOIデパートの大大人気大人気！<br>
全品50 以上！<br>
最大99 の目玉大人気です♪<br>
【2.980円以上送料無料】【新商品】<br>
【大人気】【大大人気】【50～99 】<br>
■サイズ・仕様■<br>
サイズ：H5.5cm×W6.5cm<br>
■AOIデパートは大大人気商品が勢揃い！！■<br>
大人気以上の頑張りが当店のスローガンです♪<br><TABLE cellspacing=""1"" bgcolor=""#cdcd9a"" cellpadding=""10"">
  <TBODY>
    <TR>
      <TD bgcolor=""#ffffff"" height=""61""><IMG src=""http://image.rakuten.co.jp/aoi-depart/cabinet/souryou.jpg"" width=""505"" height=""52"" border=""0""><br>
      <font size=""2"">沖縄県の場合は、8,000円以上で送料無料となります。</font><FONT size=""1"">（8,000円以下の場合はご注文後に送料が加算されます。）</FONT></TD>
    </TR>
  </TBODY>
</TABLE>
<B><FONT size=""2""><FONT size=""2""><BR>
<FONT size=""2"">★　最終価格！　ソーラー　LEDクリスタルキングトナカイ　ホワイト（白）　★</FONT></FONT><BR>
<BR>
<FONT size=""2"">★　最終価格！　ソーラー　LEDクリスタルキングトナカイ　ブルー（青）　★</FONT></FONT></B><br><br>
<TABLE width=""560"">
  <TBODY>
    <TR>
      <TD valign=""top"" align=""center""><IMG src=""http://image.rakuten.co.jp/aoi-depart/cabinet/00377082/img56929916.gif"" width=""130"" height=""88"" border=""0""><BR>
      <FONT size=""-2"" color=""#999900"">&gt;人気の缶バッジ（バッチ）<BR>
      特集！200アイテム！</FONT></TD>
      <TD valign=""top"" align=""center""><IMG src=""http://image.rakuten.co.jp/aoi-depart/cabinet/00377082/img56929917.gif"" width=""130"" height=""88"" border=""0""><BR>
      <FONT size=""-2"" color=""#999900"">&gt;インテリア用のポスター！<BR>
      特集！200アイテム！</FONT></TD>
      <TD valign=""top"" align=""center""><IMG src=""http://image.rakuten.co.jp/aoi-depart/cabinet/00377082/img56929918.gif"" width=""130"" height=""89"" border=""0""><BR>
      <FONT size=""-2"" color=""#999900"">&gt;人気キャラ！キーホルダー<BR>
      特集！300アイテム！</FONT></TD>
      <TD valign=""top"" align=""center""><IMG src=""http://image.rakuten.co.jp/aoi-depart/cabinet/00377082/img56929919.gif"" width=""130"" height=""89"" border=""0""><BR>
      <FONT size=""-2"" color=""#999900"">&gt;やっぱりワッペン！<BR>
      特集！200アイテム！</FONT></TD>
    </TR>
  </TBODY>
</TABLE>




<P><IMG src=""http://image.rakuten.co.jp/aoi-depart/cabinet/img58891052.gif"" border=""0"" width=""560"" height=""94""><BR>
<FONT color=""#000000"" size=""1"">大人気！くろねこ雑貨、新商品続々入荷中！黒猫キッチン用品、バス用品、おしゃれ雑貨、黒猫インテリア</FONT></P>
<TABLE width=""560"" cellpadding=""0"" cellspacing=""0"">
  <TBODY valign=""top"">
    <TR>
      <TD valign=""top""><IMG src=""http://image.rakuten.co.jp/aoi-depart/cabinet/00377084/imgrc0065158542.gif"" border=""0"" width=""270"" height=""80""><BR>
      <FONT size=""1"">クレヨンしんちゃんグッズ続々入荷中！<BR>
      新学期はしんちゃんのランチグッズやペンケースで決まり！<BR>
      新生活も応援！クッションやタオル、グラスも豊富♪<BR>
      <BR>
      </FONT></TD>
      <TD valign=""top""><IMG src=""http://image.rakuten.co.jp/aoi-depart/cabinet/00377084/imgrc0065158540.gif"" border=""0"" width=""270"" height=""80""><BR>
      <FONT size=""1"">ピンクやレッドがキュートなキティやマイメロ♪<BR>
      サンリオのステップやコロコロクリーナーが売れてます！<BR>
      メラミンカップやグラス、おもちゃ箱も♪プレゼントやギフトにも♪</FONT><BR>
      <BR>
      </TD>
    </TR>
  </TBODY>
</TABLE>
<TABLE width=""560"" cellpadding=""0"" cellspacing=""0"">
  <TBODY valign=""top"">
    <TR>
      <TD valign=""top""><IMG src=""http://image.rakuten.co.jp/aoi-depart/cabinet/00377084/imgrc0065158539.gif"" border=""0"" width=""270"" height=""80""><BR>
      <FONT size=""1"">ベビータオルやベビーギフトならアナノカフェ♪安心の日本製です。<BR>
      ほわほわ～の柔らか素材がお肌にも優しい。<BR>
      内祝やご出産祝にも最適！スタイや肌着の種類も豊富！</FONT><BR>
      <BR>
      </TD>
      <TD valign=""top""><IMG src=""http://image.rakuten.co.jp/aoi-depart/cabinet/00377084/imgrc0065158538.gif"" border=""0"" width=""270"" height=""80""><BR>
      <FONT size=""1"">キュートでポップな亜土ちゃんのグッズでラブリーな生活を♪<BR>
      クッションや食器、ブリキケースもすっごくカワイイ♪<BR>
      お花★ハート★キッス　が合言葉♪！</FONT></TD>
    </TR>
  </TBODY>
</TABLE>
<TABLE width=""560"" cellpadding=""0"" cellspacing=""0"">
  <TBODY valign=""top"">
    <TR>
      <TD valign=""top""><IMG src=""http://image.rakuten.co.jp/aoi-depart/cabinet/00377084/imgrc0065158541.gif"" border=""0"" width=""270"" height=""80""><BR>
      <FONT size=""1"">やっぱり定番！ず～っと人気が止まらないっ！<BR>
      クッションやティッシュカバー、フリーケースで周りをボブイエロー<BR>
      に染めちゃえ！超ビッグなメガデカクッションは要チェック！</FONT><BR>
      <BR>
      </TD>
      <TD valign=""top""><IMG src=""http://image.rakuten.co.jp/aoi-depart/cabinet/00377084/imgrc0065158543.gif"" border=""0"" width=""270"" height=""80""><BR>
      <FONT size=""1"">アメコミの中でもスパイダーマンはダントツ人気！<BR>
      ポスターやコスチューム、ストラップなどなどグッズも大量！<BR>
      お部屋に飾ればカッコイイ　ヒーロコミックの世界に！</FONT><BR>
      <BR>
      </TD>
    </TR>
  </TBODY>
</TABLE>

<TABLE width=""560"">
  <TBODY>
    <TR>
      <TD><IMG src=""http://image.rakuten.co.jp/aoi-depart/cabinet/00377084/img57529064.gif"" width=""186"" height=""70"" border=""0""><BR>
      <FONT size=""-2"" color=""#ff8000"">▼タオル特集！柔らか～！かわいい～！<BR>
      自分流でお気に入りをどうぞ♪</FONT></TD>
      <TD><IMG src=""http://image.rakuten.co.jp/aoi-depart/cabinet/00377084/img57529063.gif"" width=""186"" height=""70"" border=""0""><BR>
      <FONT size=""-2"" color=""#ff8000"">▼健康な美しさを追求♪でもでも毎日使うものだからこそかわいいデザインのものを♪</FONT></TD>
      <TD><IMG src=""http://image.rakuten.co.jp/aoi-depart/cabinet/00377084/img57529065.gif"" width=""186"" height=""70"" border=""0""><BR>
      <FONT size=""-2"" color=""#ff8000"">▼お風呂グッズ特集♪こだわりタオルから便利バス用品まで選りすぐって取り揃えました♪</FONT></TD>
    </TR>
  </TBODY>
</TABLE>

<TABLE width=""560"" height=""120"" bgcolor=""#ffffff"" cellpadding=""0"" cellspacing=""1"">
  <TBODY>
    <TR>
      <TD bgcolor=""#ffffff"" align=""center"" valign=""top""><IMG src=""http://image.rakuten.co.jp/aoi-depart/cabinet/00377084/img57844237.gif"" width=""270"" height=""72"" border=""0""><BR>
      <FONT size=""-2"" color=""#666666"">■生活雑貨勢揃い！1000アイテムの中からお気に入りをどうぞ！■</FONT></TD>
      <TD bgcolor=""#ffffff"" align=""center"" valign=""middle""><IMG src=""http://image.rakuten.co.jp/aoi-depart/cabinet/00377082/img57733851.gif"" width=""270"" height=""103"" border=""0""><BR>
      <FONT size=""-2"" color=""#666666"">■AOIデパートのコスチューム♪新商品がいっぱい♪</FONT></TD>
    </TR>
  </TBODY>
</TABLE>",【再入荷未定】ハートカラビナ【キーチェーン】AOIデパートの大大人気大人気！全品50 以上！最大99 の目玉大人気です♪【2.980円以上送料無料】【新商品】【大人気】【大大人気】【50～99 】：ＡＯＩデパート,雑貨スポンジボブイルミネーションケアベアラットフィンク時計ハッピーツリーフレンズディズニー【再入荷未定】ハートカラビナ【キーチェーン】AOIデパートの大大人気大人気！全品50 以上！最大99 の目玉大人気です♪【2.980円以上送料無料】【新商品】【大人気】【大大人気】【50～99 】,ハートカラビナ【キーチェーン】大大人気！最大99。【再入荷未定】ハートカラビナ【キーチェーン】AOIデパートの大大人気大人気！全品50 以上！最大99 の目玉大人気です♪【2.980円以上送料無料】【新商品】【大人気】【大大人気】【50～99 】[rn]
2-8613,http://tshop.r10s.jp/aoi-depart/cabinet/00388283/car044-1.jpg?fitin=700:700,576.0000,,日用品雑貨・文房具・手芸 > 日用品・生活雑貨 > その他,【メール便送料10円！】　8種コンプリで大人気！【一万個突破！】　ケアベア　ミニマスコットフィギュア　全種コンプリートセット　【2980円以上 送料無料 ！】　【銀行振込・郵便振替・カードのみ（代引不可）】飾っても、ストラップにも、ピアスにも、デコにも♪,23,"ケアベアのミニマスコットフィギュアの<br>8種コンプリートセットです！<br>全種類そろえたい方にはとってもお得なセットです♪<br>※実際の商品には便利なフックが付いております！<br>
サイズ：3cm<br><br>メール便か定形外郵便発送になります。（お選び頂けません。保障なしです。ショップ情報のメール便・定形外郵便についてお読み下さい。）また、同梱はできません。（代引き不可）<BR>
⇒こちらのメール便・定形外発送についてをご覧下さい。
<br><br>
※現在ピンクが品切れ中の為、ピンク以外の8種となります。
<br><br>※沖縄・離島はメール便・定形外送料10円対象外となります。<TABLE cellspacing=""1"" bgcolor=""#cdcd9a"" cellpadding=""10"">
  <TBODY>
    <TR>
      <TD bgcolor=""#ffffff"" height=""61""><IMG src=""http://image.rakuten.co.jp/aoi-depart/cabinet/souryou.jpg"" width=""505"" height=""52"" border=""0""><br>
      <font size=""2"">沖縄県の場合は、8,000円以上で送料無料となります。</font><FONT size=""1"">（8,000円以下の場合はご注文後に送料が加算されます。）</FONT></TD>
    </TR>
  </TBODY>
</TABLE>
<B><FONT size=""2""><FONT size=""2""><BR>
<FONT size=""2"">★　最終価格！　ソーラー　LEDクリスタルキングトナカイ　ホワイト（白）　★</FONT></FONT><BR>
<BR>
<FONT size=""2"">★　最終価格！　ソーラー　LEDクリスタルキングトナカイ　ブルー（青）　★</FONT></FONT></B><br><br>
<TABLE width=""560"">
  <TBODY>
    <TR>
      <TD valign=""top"" align=""center""><IMG src=""http://image.rakuten.co.jp/aoi-depart/cabinet/00377082/img56929916.gif"" width=""130"" height=""88"" border=""0""><BR>
      <FONT size=""-2"" color=""#999900"">&gt;人気の缶バッジ（バッチ）<BR>
      特集！200アイテム！</FONT></TD>
      <TD valign=""top"" align=""center""><IMG src=""http://image.rakuten.co.jp/aoi-depart/cabinet/00377082/img56929917.gif"" width=""130"" height=""88"" border=""0""><BR>
      <FONT size=""-2"" color=""#999900"">&gt;インテリア用のポスター！<BR>
      特集！200アイテム！</FONT></TD>
      <TD valign=""top"" align=""center""><IMG src=""http://image.rakuten.co.jp/aoi-depart/cabinet/00377082/img56929918.gif"" width=""130"" height=""89"" border=""0""><BR>
      <FONT size=""-2"" color=""#999900"">&gt;人気キャラ！キーホルダー<BR>
      特集！300アイテム！</FONT></TD>
      <TD valign=""top"" align=""center""><IMG src=""http://image.rakuten.co.jp/aoi-depart/cabinet/00377082/img56929919.gif"" width=""130"" height=""89"" border=""0""><BR>
      <FONT size=""-2"" color=""#999900"">&gt;やっぱりワッペン！<BR>
      特集！200アイテム！</FONT></TD>
    </TR>
  </TBODY>
</TABLE>




<P><IMG src=""http://image.rakuten.co.jp/aoi-depart/cabinet/img58891052.gif"" border=""0"" width=""560"" height=""94""><BR>
<FONT color=""#000000"" size=""1"">大人気！くろねこ雑貨、新商品続々入荷中！黒猫キッチン用品、バス用品、おしゃれ雑貨、黒猫インテリア</FONT></P>
<TABLE width=""560"" cellpadding=""0"" cellspacing=""0"">
  <TBODY valign=""top"">
    <TR>
      <TD valign=""top""><IMG src=""http://image.rakuten.co.jp/aoi-depart/cabinet/00377084/imgrc0065158542.gif"" border=""0"" width=""270"" height=""80""><BR>
      <FONT size=""1"">クレヨンしんちゃんグッズ続々入荷中！<BR>
      新学期はしんちゃんのランチグッズやペンケースで決まり！<BR>
      新生活も応援！クッションやタオル、グラスも豊富♪<BR>
      <BR>
      </FONT></TD>
      <TD valign=""top""><IMG src=""http://image.rakuten.co.jp/aoi-depart/cabinet/00377084/imgrc0065158540.gif"" border=""0"" width=""270"" height=""80""><BR>
      <FONT size=""1"">ピンクやレッドがキュートなキティやマイメロ♪<BR>
      サンリオのステップやコロコロクリーナーが売れてます！<BR>
      メラミンカップやグラス、おもちゃ箱も♪プレゼントやギフトにも♪</FONT><BR>
      <BR>
      </TD>
    </TR>
  </TBODY>
</TABLE>
<TABLE width=""560"" cellpadding=""0"" cellspacing=""0"">
  <TBODY valign=""top"">
    <TR>
      <TD valign=""top""><IMG src=""http://image.rakuten.co.jp/aoi-depart/cabinet/00377084/imgrc0065158539.gif"" border=""0"" width=""270"" height=""80""><BR>
      <FONT size=""1"">ベビータオルやベビーギフトならアナノカフェ♪安心の日本製です。<BR>
      ほわほわ～の柔らか素材がお肌にも優しい。<BR>
      内祝やご出産祝にも最適！スタイや肌着の種類も豊富！</FONT><BR>
      <BR>
      </TD>
      <TD valign=""top""><IMG src=""http://image.rakuten.co.jp/aoi-depart/cabinet/00377084/imgrc0065158538.gif"" border=""0"" width=""270"" height=""80""><BR>
      <FONT size=""1"">キュートでポップな亜土ちゃんのグッズでラブリーな生活を♪<BR>
      クッションや食器、ブリキケースもすっごくカワイイ♪<BR>
      お花★ハート★キッス　が合言葉♪！</FONT></TD>
    </TR>
  </TBODY>
</TABLE>
<TABLE width=""560"" cellpadding=""0"" cellspacing=""0"">
  <TBODY valign=""top"">
    <TR>
      <TD valign=""top""><IMG src=""http://image.rakuten.co.jp/aoi-depart/cabinet/00377084/imgrc0065158541.gif"" border=""0"" width=""270"" height=""80""><BR>
      <FONT size=""1"">やっぱり定番！ず～っと人気が止まらないっ！<BR>
      クッションやティッシュカバー、フリーケースで周りをボブイエロー<BR>
      に染めちゃえ！超ビッグなメガデカクッションは要チェック！</FONT><BR>
      <BR>
      </TD>
      <TD valign=""top""><IMG src=""http://image.rakuten.co.jp/aoi-depart/cabinet/00377084/imgrc0065158543.gif"" border=""0"" width=""270"" height=""80""><BR>
      <FONT size=""1"">アメコミの中でもスパイダーマンはダントツ人気！<BR>
      ポスターやコスチューム、ストラップなどなどグッズも大量！<BR>
      お部屋に飾ればカッコイイ　ヒーロコミックの世界に！</FONT><BR>
      <BR>
      </TD>
    </TR>
  </TBODY>
</TABLE>

<TABLE width=""560"">
  <TBODY>
    <TR>
      <TD><IMG src=""http://image.rakuten.co.jp/aoi-depart/cabinet/00377084/img57529064.gif"" width=""186"" height=""70"" border=""0""><BR>
      <FONT size=""-2"" color=""#ff8000"">▼タオル特集！柔らか～！かわいい～！<BR>
      自分流でお気に入りをどうぞ♪</FONT></TD>
      <TD><IMG src=""http://image.rakuten.co.jp/aoi-depart/cabinet/00377084/img57529063.gif"" width=""186"" height=""70"" border=""0""><BR>
      <FONT size=""-2"" color=""#ff8000"">▼健康な美しさを追求♪でもでも毎日使うものだからこそかわいいデザインのものを♪</FONT></TD>
      <TD><IMG src=""http://image.rakuten.co.jp/aoi-depart/cabinet/00377084/img57529065.gif"" width=""186"" height=""70"" border=""0""><BR>
      <FONT size=""-2"" color=""#ff8000"">▼お風呂グッズ特集♪こだわりタオルから便利バス用品まで選りすぐって取り揃えました♪</FONT></TD>
    </TR>
  </TBODY>
</TABLE>

<TABLE width=""560"" height=""120"" bgcolor=""#ffffff"" cellpadding=""0"" cellspacing=""1"">
  <TBODY>
    <TR>
      <TD bgcolor=""#ffffff"" align=""center"" valign=""top""><IMG src=""http://image.rakuten.co.jp/aoi-depart/cabinet/00377084/img57844237.gif"" width=""270"" height=""72"" border=""0""><BR>
      <FONT size=""-2"" color=""#666666"">■生活雑貨勢揃い！1000アイテムの中からお気に入りをどうぞ！■</FONT></TD>
      <TD bgcolor=""#ffffff"" align=""center"" valign=""middle""><IMG src=""http://image.rakuten.co.jp/aoi-depart/cabinet/00377082/img57733851.gif"" width=""270"" height=""103"" border=""0""><BR>
      <FONT size=""-2"" color=""#666666"">■AOIデパートのコスチューム♪新商品がいっぱい♪</FONT></TD>
    </TR>
  </TBODY>
</TABLE>",【メール便送料10円！】　8種コンプリで大人気！【一万個突破！】　ケアベア　ミニマスコットフィギュア　全種コンプリートセット　【2980円以上 送料無料 ！】　【銀行振込・郵便振替・カードのみ（代引不可）】飾っても、ストラップにも、ピアスにも、デコにも♪：ＡＯＩデパート,雑貨スポンジボブイルミネーションケアベアラットフィンク時計ハッピーツリーフレンズディズニー【メール便送料10円！】　8種コンプリで大人気！【一万個突破！】　ケアベア　ミニマスコットフィギュア　全種コンプリートセット　【2980円以上 送料無料 ！】　【銀行振込・郵便振替・カードのみ（代引不可）】飾っても、ストラップにも、ピアスにも、デコにも♪,23。【メール便送料10円！】　8種コンプリで大人気！【一万個突破！】　ケアベア　ミニマスコットフィギュア　全種コンプリートセット　【2980円以上 送料無料 ！】　【銀行振込・郵便振替・カードのみ（代引不可）】飾っても、ストラップにも、ピアスにも、デコにも♪[rn]
2-8614,http://tshop.r10s.jp/gold/aoi-depart/6zak586-1.gif?fitin=700:700,80.0000,,日用品雑貨・文房具・手芸 > 日用品・生活雑貨 > その他,スカルポーチ【スカル】【ポーチ】AOIデパートの大大人気大人気！全品50 以上！最大99 の目玉大人気です♪【2.980円以上送料無料】【新商品】【大人気】【大大人気】【50～99 】,スカルポーチ【スカル】【ポーチ】大大人気！最大99,"■説明■<br>
スカルポーチ【スカル】【ポーチ】<br>
AOIデパートの大大人気大人気！<br>
全品50 以上！<br>
最大99 の目玉大人気です♪<br>
【2.980円以上送料無料】【新商品】<br>
【大人気】【大大人気】【50～99 】<br>
■サイズ・仕様■<br>
サイズ：H10×W14cm×D6cm<br>
■AOIデパートは大大人気商品が勢揃い！！■<br>
大人気以上の頑張りが当店のスローガンです♪<br><TABLE cellspacing=""1"" bgcolor=""#cdcd9a"" cellpadding=""10"">
  <TBODY>
    <TR>
      <TD bgcolor=""#ffffff"" height=""61""><IMG src=""http://image.rakuten.co.jp/aoi-depart/cabinet/souryou.jpg"" width=""505"" height=""52"" border=""0""><br>
      <font size=""2"">沖縄県の場合は、8,000円以上で送料無料となります。</font><FONT size=""1"">（8,000円以下の場合はご注文後に送料が加算されます。）</FONT></TD>
    </TR>
  </TBODY>
</TABLE>
<B><FONT size=""2""><FONT size=""2""><BR>
<FONT size=""2"">★　最終価格！　ソーラー　LEDクリスタルキングトナカイ　ホワイト（白）　★</FONT></FONT><BR>
<BR>
<FONT size=""2"">★　最終価格！　ソーラー　LEDクリスタルキングトナカイ　ブルー（青）　★</FONT></FONT></B><br><br>
<TABLE width=""560"">
  <TBODY>
    <TR>
      <TD valign=""top"" align=""center""><IMG src=""http://image.rakuten.co.jp/aoi-depart/cabinet/00377082/img56929916.gif"" width=""130"" height=""88"" border=""0""><BR>
      <FONT size=""-2"" color=""#999900"">&gt;人気の缶バッジ（バッチ）<BR>
      特集！200アイテム！</FONT></TD>
      <TD valign=""top"" align=""center""><IMG src=""http://image.rakuten.co.jp/aoi-depart/cabinet/00377082/img56929917.gif"" width=""130"" height=""88"" border=""0""><BR>
      <FONT size=""-2"" color=""#999900"">&gt;インテリア用のポスター！<BR>
      特集！200アイテム！</FONT></TD>
      <TD valign=""top"" align=""center""><IMG src=""http://image.rakuten.co.jp/aoi-depart/cabinet/00377082/img56929918.gif"" width=""130"" height=""89"" border=""0""><BR>
      <FONT size=""-2"" color=""#999900"">&gt;人気キャラ！キーホルダー<BR>
      特集！300アイテム！</FONT></TD>
      <TD valign=""top"" align=""center""><IMG src=""http://image.rakuten.co.jp/aoi-depart/cabinet/00377082/img56929919.gif"" width=""130"" height=""89"" border=""0""><BR>
      <FONT size=""-2"" color=""#999900"">&gt;やっぱりワッペン！<BR>
      特集！200アイテム！</FONT></TD>
    </TR>
  </TBODY>
</TABLE>




<P><IMG src=""http://image.rakuten.co.jp/aoi-depart/cabinet/img58891052.gif"" border=""0"" width=""560"" height=""94""><BR>
<FONT color=""#000000"" size=""1"">大人気！くろねこ雑貨、新商品続々入荷中！黒猫キッチン用品、バス用品、おしゃれ雑貨、黒猫インテリア</FONT></P>
<TABLE width=""560"" cellpadding=""0"" cellspacing=""0"">
  <TBODY valign=""top"">
    <TR>
      <TD valign=""top""><IMG src=""http://image.rakuten.co.jp/aoi-depart/cabinet/00377084/imgrc0065158542.gif"" border=""0"" width=""270"" height=""80""><BR>
      <FONT size=""1"">クレヨンしんちゃんグッズ続々入荷中！<BR>
      新学期はしんちゃんのランチグッズやペンケースで決まり！<BR>
      新生活も応援！クッションやタオル、グラスも豊富♪<BR>
      <BR>
      </FONT></TD>
      <TD valign=""top""><IMG src=""http://image.rakuten.co.jp/aoi-depart/cabinet/00377084/imgrc0065158540.gif"" border=""0"" width=""270"" height=""80""><BR>
      <FONT size=""1"">ピンクやレッドがキュートなキティやマイメロ♪<BR>
      サンリオのステップやコロコロクリーナーが売れてます！<BR>
      メラミンカップやグラス、おもちゃ箱も♪プレゼントやギフトにも♪</FONT><BR>
      <BR>
      </TD>
    </TR>
  </TBODY>
</TABLE>
<TABLE width=""560"" cellpadding=""0"" cellspacing=""0"">
  <TBODY valign=""top"">
    <TR>
      <TD valign=""top""><IMG src=""http://image.rakuten.co.jp/aoi-depart/cabinet/00377084/imgrc0065158539.gif"" border=""0"" width=""270"" height=""80""><BR>
      <FONT size=""1"">ベビータオルやベビーギフトならアナノカフェ♪安心の日本製です。<BR>
      ほわほわ～の柔らか素材がお肌にも優しい。<BR>
      内祝やご出産祝にも最適！スタイや肌着の種類も豊富！</FONT><BR>
      <BR>
      </TD>
      <TD valign=""top""><IMG src=""http://image.rakuten.co.jp/aoi-depart/cabinet/00377084/imgrc0065158538.gif"" border=""0"" width=""270"" height=""80""><BR>
      <FONT size=""1"">キュートでポップな亜土ちゃんのグッズでラブリーな生活を♪<BR>
      クッションや食器、ブリキケースもすっごくカワイイ♪<BR>
      お花★ハート★キッス　が合言葉♪！</FONT></TD>
    </TR>
  </TBODY>
</TABLE>
<TABLE width=""560"" cellpadding=""0"" cellspacing=""0"">
  <TBODY valign=""top"">
    <TR>
      <TD valign=""top""><IMG src=""http://image.rakuten.co.jp/aoi-depart/cabinet/00377084/imgrc0065158541.gif"" border=""0"" width=""270"" height=""80""><BR>
      <FONT size=""1"">やっぱり定番！ず～っと人気が止まらないっ！<BR>
      クッションやティッシュカバー、フリーケースで周りをボブイエロー<BR>
      に染めちゃえ！超ビッグなメガデカクッションは要チェック！</FONT><BR>
      <BR>
      </TD>
      <TD valign=""top""><IMG src=""http://image.rakuten.co.jp/aoi-depart/cabinet/00377084/imgrc0065158543.gif"" border=""0"" width=""270"" height=""80""><BR>
      <FONT size=""1"">アメコミの中でもスパイダーマンはダントツ人気！<BR>
      ポスターやコスチューム、ストラップなどなどグッズも大量！<BR>
      お部屋に飾ればカッコイイ　ヒーロコミックの世界に！</FONT><BR>
      <BR>
      </TD>
    </TR>
  </TBODY>
</TABLE>

<TABLE width=""560"">
  <TBODY>
    <TR>
      <TD><IMG src=""http://image.rakuten.co.jp/aoi-depart/cabinet/00377084/img57529064.gif"" width=""186"" height=""70"" border=""0""><BR>
      <FONT size=""-2"" color=""#ff8000"">▼タオル特集！柔らか～！かわいい～！<BR>
      自分流でお気に入りをどうぞ♪</FONT></TD>
      <TD><IMG src=""http://image.rakuten.co.jp/aoi-depart/cabinet/00377084/img57529063.gif"" width=""186"" height=""70"" border=""0""><BR>
      <FONT size=""-2"" color=""#ff8000"">▼健康な美しさを追求♪でもでも毎日使うものだからこそかわいいデザインのものを♪</FONT></TD>
      <TD><IMG src=""http://image.rakuten.co.jp/aoi-depart/cabinet/00377084/img57529065.gif"" width=""186"" height=""70"" border=""0""><BR>
      <FONT size=""-2"" color=""#ff8000"">▼お風呂グッズ特集♪こだわりタオルから便利バス用品まで選りすぐって取り揃えました♪</FONT></TD>
    </TR>
  </TBODY>
</TABLE>

<TABLE width=""560"" height=""120"" bgcolor=""#ffffff"" cellpadding=""0"" cellspacing=""1"">
  <TBODY>
    <TR>
      <TD bgcolor=""#ffffff"" align=""center"" valign=""top""><IMG src=""http://image.rakuten.co.jp/aoi-depart/cabinet/00377084/img57844237.gif"" width=""270"" height=""72"" border=""0""><BR>
      <FONT size=""-2"" color=""#666666"">■生活雑貨勢揃い！1000アイテムの中からお気に入りをどうぞ！■</FONT></TD>
      <TD bgcolor=""#ffffff"" align=""center"" valign=""middle""><IMG src=""http://image.rakuten.co.jp/aoi-depart/cabinet/00377082/img57733851.gif"" width=""270"" height=""103"" border=""0""><BR>
      <FONT size=""-2"" color=""#666666"">■AOIデパートのコスチューム♪新商品がいっぱい♪</FONT></TD>
    </TR>
  </TBODY>
</TABLE>",スカルポーチ【スカル】【ポーチ】AOIデパートの大大人気大人気！全品50 以上！最大99 の目玉大人気です♪【2.980円以上送料無料】【新商品】【大人気】【大大人気】【50～99 】：ＡＯＩデパート,雑貨スポンジボブイルミネーションケアベアラットフィンク時計ハッピーツリーフレンズディズニースカルポーチ【スカル】【ポーチ】AOIデパートの大大人気大人気！全品50 以上！最大99 の目玉大人気です♪【2.980円以上送料無料】【新商品】【大人気】【大大人気】【50～99 】,スカルポーチ【スカル】【ポーチ】大大人気！最大99。スカルポーチ【スカル】【ポーチ】AOIデパートの大大人気大人気！全品50 以上！最大99 の目玉大人気です♪【2.980円以上送料無料】【新商品】【大人気】【大大人気】【50～99 】[rn]
2-8615,http://tshop.r10s.jp/gold/aoi-depart/6zak626-1.gif?fitin=700:700,48.0000,,日用品雑貨・文房具・手芸 > 日用品・生活雑貨 > その他,デコシール【目玉】【ステッカー】♪AOIデパートの大大人気大人気！全品50 以上！最大99 の目玉大人気です♪【2.980円以上送料無料】【新商品】【大人気】【大大人気】【50～99 】,デコシール【目玉】【ステッカー】♪大大人気！最大99,"■説明■<br>
デコシール【目玉】【ステッカー】♪<br>
AOIデパートの大大人気大人気！<br>
全品50 以上！<br>
最大99 の目玉大人気です♪<br>
【2.980円以上送料無料】【新商品】<br>
【大人気】【大大人気】【50～99 】<br>
■サイズ・仕様■<br>
サイズ：約H9cm<br>
■AOIデパートは大大人気商品が勢揃い！！■<br>
大人気以上の頑張りが当店のスローガンです♪<br><TABLE cellspacing=""1"" bgcolor=""#cdcd9a"" cellpadding=""10"">
  <TBODY>
    <TR>
      <TD bgcolor=""#ffffff"" height=""61""><IMG src=""http://image.rakuten.co.jp/aoi-depart/cabinet/souryou.jpg"" width=""505"" height=""52"" border=""0""><br>
      <font size=""2"">沖縄県の場合は、8,000円以上で送料無料となります。</font><FONT size=""1"">（8,000円以下の場合はご注文後に送料が加算されます。）</FONT></TD>
    </TR>
  </TBODY>
</TABLE>
<B><FONT size=""2""><FONT size=""2""><BR>
<FONT size=""2"">★　最終価格！　ソーラー　LEDクリスタルキングトナカイ　ホワイト（白）　★</FONT></FONT><BR>
<BR>
<FONT size=""2"">★　最終価格！　ソーラー　LEDクリスタルキングトナカイ　ブルー（青）　★</FONT></FONT></B><br><br>
<TABLE width=""560"">
  <TBODY>
    <TR>
      <TD valign=""top"" align=""center""><IMG src=""http://image.rakuten.co.jp/aoi-depart/cabinet/00377082/img56929916.gif"" width=""130"" height=""88"" border=""0""><BR>
      <FONT size=""-2"" color=""#999900"">&gt;人気の缶バッジ（バッチ）<BR>
      特集！200アイテム！</FONT></TD>
      <TD valign=""top"" align=""center""><IMG src=""http://image.rakuten.co.jp/aoi-depart/cabinet/00377082/img56929917.gif"" width=""130"" height=""88"" border=""0""><BR>
      <FONT size=""-2"" color=""#999900"">&gt;インテリア用のポスター！<BR>
      特集！200アイテム！</FONT></TD>
      <TD valign=""top"" align=""center""><IMG src=""http://image.rakuten.co.jp/aoi-depart/cabinet/00377082/img56929918.gif"" width=""130"" height=""89"" border=""0""><BR>
      <FONT size=""-2"" color=""#999900"">&gt;人気キャラ！キーホルダー<BR>
      特集！300アイテム！</FONT></TD>
      <TD valign=""top"" align=""center""><IMG src=""http://image.rakuten.co.jp/aoi-depart/cabinet/00377082/img56929919.gif"" width=""130"" height=""89"" border=""0""><BR>
      <FONT size=""-2"" color=""#999900"">&gt;やっぱりワッペン！<BR>
      特集！200アイテム！</FONT></TD>
    </TR>
  </TBODY>
</TABLE>




<P><IMG src=""http://image.rakuten.co.jp/aoi-depart/cabinet/img58891052.gif"" border=""0"" width=""560"" height=""94""><BR>
<FONT color=""#000000"" size=""1"">大人気！くろねこ雑貨、新商品続々入荷中！黒猫キッチン用品、バス用品、おしゃれ雑貨、黒猫インテリア</FONT></P>
<TABLE width=""560"" cellpadding=""0"" cellspacing=""0"">
  <TBODY valign=""top"">
    <TR>
      <TD valign=""top""><IMG src=""http://image.rakuten.co.jp/aoi-depart/cabinet/00377084/imgrc0065158542.gif"" border=""0"" width=""270"" height=""80""><BR>
      <FONT size=""1"">クレヨンしんちゃんグッズ続々入荷中！<BR>
      新学期はしんちゃんのランチグッズやペンケースで決まり！<BR>
      新生活も応援！クッションやタオル、グラスも豊富♪<BR>
      <BR>
      </FONT></TD>
      <TD valign=""top""><IMG src=""http://image.rakuten.co.jp/aoi-depart/cabinet/00377084/imgrc0065158540.gif"" border=""0"" width=""270"" height=""80""><BR>
      <FONT size=""1"">ピンクやレッドがキュートなキティやマイメロ♪<BR>
      サンリオのステップやコロコロクリーナーが売れてます！<BR>
      メラミンカップやグラス、おもちゃ箱も♪プレゼントやギフトにも♪</FONT><BR>
      <BR>
      </TD>
    </TR>
  </TBODY>
</TABLE>
<TABLE width=""560"" cellpadding=""0"" cellspacing=""0"">
  <TBODY valign=""top"">
    <TR>
      <TD valign=""top""><IMG src=""http://image.rakuten.co.jp/aoi-depart/cabinet/00377084/imgrc0065158539.gif"" border=""0"" width=""270"" height=""80""><BR>
      <FONT size=""1"">ベビータオルやベビーギフトならアナノカフェ♪安心の日本製です。<BR>
      ほわほわ～の柔らか素材がお肌にも優しい。<BR>
      内祝やご出産祝にも最適！スタイや肌着の種類も豊富！</FONT><BR>
      <BR>
      </TD>
      <TD valign=""top""><IMG src=""http://image.rakuten.co.jp/aoi-depart/cabinet/00377084/imgrc0065158538.gif"" border=""0"" width=""270"" height=""80""><BR>
      <FONT size=""1"">キュートでポップな亜土ちゃんのグッズでラブリーな生活を♪<BR>
      クッションや食器、ブリキケースもすっごくカワイイ♪<BR>
      お花★ハート★キッス　が合言葉♪！</FONT></TD>
    </TR>
  </TBODY>
</TABLE>
<TABLE width=""560"" cellpadding=""0"" cellspacing=""0"">
  <TBODY valign=""top"">
    <TR>
      <TD valign=""top""><IMG src=""http://image.rakuten.co.jp/aoi-depart/cabinet/00377084/imgrc0065158541.gif"" border=""0"" width=""270"" height=""80""><BR>
      <FONT size=""1"">やっぱり定番！ず～っと人気が止まらないっ！<BR>
      クッションやティッシュカバー、フリーケースで周りをボブイエロー<BR>
      に染めちゃえ！超ビッグなメガデカクッションは要チェック！</FONT><BR>
      <BR>
      </TD>
      <TD valign=""top""><IMG src=""http://image.rakuten.co.jp/aoi-depart/cabinet/00377084/imgrc0065158543.gif"" border=""0"" width=""270"" height=""80""><BR>
      <FONT size=""1"">アメコミの中でもスパイダーマンはダントツ人気！<BR>
      ポスターやコスチューム、ストラップなどなどグッズも大量！<BR>
      お部屋に飾ればカッコイイ　ヒーロコミックの世界に！</FONT><BR>
      <BR>
      </TD>
    </TR>
  </TBODY>
</TABLE>

<TABLE width=""560"">
  <TBODY>
    <TR>
      <TD><IMG src=""http://image.rakuten.co.jp/aoi-depart/cabinet/00377084/img57529064.gif"" width=""186"" height=""70"" border=""0""><BR>
      <FONT size=""-2"" color=""#ff8000"">▼タオル特集！柔らか～！かわいい～！<BR>
      自分流でお気に入りをどうぞ♪</FONT></TD>
      <TD><IMG src=""http://image.rakuten.co.jp/aoi-depart/cabinet/00377084/img57529063.gif"" width=""186"" height=""70"" border=""0""><BR>
      <FONT size=""-2"" color=""#ff8000"">▼健康な美しさを追求♪でもでも毎日使うものだからこそかわいいデザインのものを♪</FONT></TD>
      <TD><IMG src=""http://image.rakuten.co.jp/aoi-depart/cabinet/00377084/img57529065.gif"" width=""186"" height=""70"" border=""0""><BR>
      <FONT size=""-2"" color=""#ff8000"">▼お風呂グッズ特集♪こだわりタオルから便利バス用品まで選りすぐって取り揃えました♪</FONT></TD>
    </TR>
  </TBODY>
</TABLE>

<TABLE width=""560"" height=""120"" bgcolor=""#ffffff"" cellpadding=""0"" cellspacing=""1"">
  <TBODY>
    <TR>
      <TD bgcolor=""#ffffff"" align=""center"" valign=""top""><IMG src=""http://image.rakuten.co.jp/aoi-depart/cabinet/00377084/img57844237.gif"" width=""270"" height=""72"" border=""0""><BR>
      <FONT size=""-2"" color=""#666666"">■生活雑貨勢揃い！1000アイテムの中からお気に入りをどうぞ！■</FONT></TD>
      <TD bgcolor=""#ffffff"" align=""center"" valign=""middle""><IMG src=""http://image.rakuten.co.jp/aoi-depart/cabinet/00377082/img57733851.gif"" width=""270"" height=""103"" border=""0""><BR>
      <FONT size=""-2"" color=""#666666"">■AOIデパートのコスチューム♪新商品がいっぱい♪</FONT></TD>
    </TR>
  </TBODY>
</TABLE>",デコシール【目玉】【ステッカー】♪AOIデパートの大大人気大人気！全品50 以上！最大99 の目玉大人気です♪【2.980円以上送料無料】【新商品】【大人気】【大大人気】【50～99 】：ＡＯＩデパート,雑貨スポンジボブイルミネーションケアベアラットフィンク時計ハッピーツリーフレンズディズニーデコシール【目玉】【ステッカー】♪AOIデパートの大大人気大人気！全品50 以上！最大99 の目玉大人気です♪【2.980円以上送料無料】【新商品】【大人気】【大大人気】【50～99 】,デコシール【目玉】【ステッカー】♪大大人気！最大99。デコシール【目玉】【ステッカー】♪AOIデパートの大大人気大人気！全品50 以上！最大99 の目玉大人気です♪【2.980円以上送料無料】【新商品】【大人気】【大大人気】【50～99 】[rn]
2-8616,http://tshop.r10s.jp/gold/aoi-depart/6zak728-1.gif?fitin=700:700,80.0000,,日用品雑貨・文房具・手芸 > 日用品・生活雑貨 > その他,サッカー小僧【ストラップ】♪AOIデパートの大大人気大人気！全品50 以上！最大99 の目玉大人気です♪【2.980円以上送料無料】【新商品】【大人気】【大大人気】【50～99 】,サッカー小僧【ストラップ】♪大大人気！最大99,"■説明■<br>
サッカー小僧【ストラップ】♪
AOIデパートの大大人気大人気！<br>
全品50 以上！<br>
最大99 の目玉大人気です♪<br>
【2.980円以上送料無料】【新商品】<br>
【大人気】【大大人気】【50～99 】<br>
■サイズ・仕様■<br>
サイズ：H5cm<br>
■AOIデパートは大大人気商品が勢揃い！！■<br>
大人気以上の頑張りが当店のスローガンです♪<br><TABLE cellspacing=""1"" bgcolor=""#cdcd9a"" cellpadding=""10"">
  <TBODY>
    <TR>
      <TD bgcolor=""#ffffff"" height=""61""><IMG src=""http://image.rakuten.co.jp/aoi-depart/cabinet/souryou.jpg"" width=""505"" height=""52"" border=""0""><br>
      <font size=""2"">沖縄県の場合は、8,000円以上で送料無料となります。</font><FONT size=""1"">（8,000円以下の場合はご注文後に送料が加算されます。）</FONT></TD>
    </TR>
  </TBODY>
</TABLE>
<B><FONT size=""2""><FONT size=""2""><BR>
<FONT size=""2"">★　最終価格！　ソーラー　LEDクリスタルキングトナカイ　ホワイト（白）　★</FONT></FONT><BR>
<BR>
<FONT size=""2"">★　最終価格！　ソーラー　LEDクリスタルキングトナカイ　ブルー（青）　★</FONT></FONT></B><br><br>
<TABLE width=""560"">
  <TBODY>
    <TR>
      <TD valign=""top"" align=""center""><IMG src=""http://image.rakuten.co.jp/aoi-depart/cabinet/00377082/img56929916.gif"" width=""130"" height=""88"" border=""0""><BR>
      <FONT size=""-2"" color=""#999900"">&gt;人気の缶バッジ（バッチ）<BR>
      特集！200アイテム！</FONT></TD>
      <TD valign=""top"" align=""center""><IMG src=""http://image.rakuten.co.jp/aoi-depart/cabinet/00377082/img56929917.gif"" width=""130"" height=""88"" border=""0""><BR>
      <FONT size=""-2"" color=""#999900"">&gt;インテリア用のポスター！<BR>
      特集！200アイテム！</FONT></TD>
      <TD valign=""top"" align=""center""><IMG src=""http://image.rakuten.co.jp/aoi-depart/cabinet/00377082/img56929918.gif"" width=""130"" height=""89"" border=""0""><BR>
      <FONT size=""-2"" color=""#999900"">&gt;人気キャラ！キーホルダー<BR>
      特集！300アイテム！</FONT></TD>
      <TD valign=""top"" align=""center""><IMG src=""http://image.rakuten.co.jp/aoi-depart/cabinet/00377082/img56929919.gif"" width=""130"" height=""89"" border=""0""><BR>
      <FONT size=""-2"" color=""#999900"">&gt;やっぱりワッペン！<BR>
      特集！200アイテム！</FONT></TD>
    </TR>
  </TBODY>
</TABLE>




<P><IMG src=""http://image.rakuten.co.jp/aoi-depart/cabinet/img58891052.gif"" border=""0"" width=""560"" height=""94""><BR>
<FONT color=""#000000"" size=""1"">大人気！くろねこ雑貨、新商品続々入荷中！黒猫キッチン用品、バス用品、おしゃれ雑貨、黒猫インテリア</FONT></P>
<TABLE width=""560"" cellpadding=""0"" cellspacing=""0"">
  <TBODY valign=""top"">
    <TR>
      <TD valign=""top""><IMG src=""http://image.rakuten.co.jp/aoi-depart/cabinet/00377084/imgrc0065158542.gif"" border=""0"" width=""270"" height=""80""><BR>
      <FONT size=""1"">クレヨンしんちゃんグッズ続々入荷中！<BR>
      新学期はしんちゃんのランチグッズやペンケースで決まり！<BR>
      新生活も応援！クッションやタオル、グラスも豊富♪<BR>
      <BR>
      </FONT></TD>
      <TD valign=""top""><IMG src=""http://image.rakuten.co.jp/aoi-depart/cabinet/00377084/imgrc0065158540.gif"" border=""0"" width=""270"" height=""80""><BR>
      <FONT size=""1"">ピンクやレッドがキュートなキティやマイメロ♪<BR>
      サンリオのステップやコロコロクリーナーが売れてます！<BR>
      メラミンカップやグラス、おもちゃ箱も♪プレゼントやギフトにも♪</FONT><BR>
      <BR>
      </TD>
    </TR>
  </TBODY>
</TABLE>
<TABLE width=""560"" cellpadding=""0"" cellspacing=""0"">
  <TBODY valign=""top"">
    <TR>
      <TD valign=""top""><IMG src=""http://image.rakuten.co.jp/aoi-depart/cabinet/00377084/imgrc0065158539.gif"" border=""0"" width=""270"" height=""80""><BR>
      <FONT size=""1"">ベビータオルやベビーギフトならアナノカフェ♪安心の日本製です。<BR>
      ほわほわ～の柔らか素材がお肌にも優しい。<BR>
      内祝やご出産祝にも最適！スタイや肌着の種類も豊富！</FONT><BR>
      <BR>
      </TD>
      <TD valign=""top""><IMG src=""http://image.rakuten.co.jp/aoi-depart/cabinet/00377084/imgrc0065158538.gif"" border=""0"" width=""270"" height=""80""><BR>
      <FONT size=""1"">キュートでポップな亜土ちゃんのグッズでラブリーな生活を♪<BR>
      クッションや食器、ブリキケースもすっごくカワイイ♪<BR>
      お花★ハート★キッス　が合言葉♪！</FONT></TD>
    </TR>
  </TBODY>
</TABLE>
<TABLE width=""560"" cellpadding=""0"" cellspacing=""0"">
  <TBODY valign=""top"">
    <TR>
      <TD valign=""top""><IMG src=""http://image.rakuten.co.jp/aoi-depart/cabinet/00377084/imgrc0065158541.gif"" border=""0"" width=""270"" height=""80""><BR>
      <FONT size=""1"">やっぱり定番！ず～っと人気が止まらないっ！<BR>
      クッションやティッシュカバー、フリーケースで周りをボブイエロー<BR>
      に染めちゃえ！超ビッグなメガデカクッションは要チェック！</FONT><BR>
      <BR>
      </TD>
      <TD valign=""top""><IMG src=""http://image.rakuten.co.jp/aoi-depart/cabinet/00377084/imgrc0065158543.gif"" border=""0"" width=""270"" height=""80""><BR>
      <FONT size=""1"">アメコミの中でもスパイダーマンはダントツ人気！<BR>
      ポスターやコスチューム、ストラップなどなどグッズも大量！<BR>
      お部屋に飾ればカッコイイ　ヒーロコミックの世界に！</FONT><BR>
      <BR>
      </TD>
    </TR>
  </TBODY>
</TABLE>

<TABLE width=""560"">
  <TBODY>
    <TR>
      <TD><IMG src=""http://image.rakuten.co.jp/aoi-depart/cabinet/00377084/img57529064.gif"" width=""186"" height=""70"" border=""0""><BR>
      <FONT size=""-2"" color=""#ff8000"">▼タオル特集！柔らか～！かわいい～！<BR>
      自分流でお気に入りをどうぞ♪</FONT></TD>
      <TD><IMG src=""http://image.rakuten.co.jp/aoi-depart/cabinet/00377084/img57529063.gif"" width=""186"" height=""70"" border=""0""><BR>
      <FONT size=""-2"" color=""#ff8000"">▼健康な美しさを追求♪でもでも毎日使うものだからこそかわいいデザインのものを♪</FONT></TD>
      <TD><IMG src=""http://image.rakuten.co.jp/aoi-depart/cabinet/00377084/img57529065.gif"" width=""186"" height=""70"" border=""0""><BR>
      <FONT size=""-2"" color=""#ff8000"">▼お風呂グッズ特集♪こだわりタオルから便利バス用品まで選りすぐって取り揃えました♪</FONT></TD>
    </TR>
  </TBODY>
</TABLE>

<TABLE width=""560"" height=""120"" bgcolor=""#ffffff"" cellpadding=""0"" cellspacing=""1"">
  <TBODY>
    <TR>
      <TD bgcolor=""#ffffff"" align=""center"" valign=""top""><IMG src=""http://image.rakuten.co.jp/aoi-depart/cabinet/00377084/img57844237.gif"" width=""270"" height=""72"" border=""0""><BR>
      <FONT size=""-2"" color=""#666666"">■生活雑貨勢揃い！1000アイテムの中からお気に入りをどうぞ！■</FONT></TD>
      <TD bgcolor=""#ffffff"" align=""center"" valign=""middle""><IMG src=""http://image.rakuten.co.jp/aoi-depart/cabinet/00377082/img57733851.gif"" width=""270"" height=""103"" border=""0""><BR>
      <FONT size=""-2"" color=""#666666"">■AOIデパートのコスチューム♪新商品がいっぱい♪</FONT></TD>
    </TR>
  </TBODY>
</TABLE>",サッカー小僧【ストラップ】♪AOIデパートの大大人気大人気！全品50 以上！最大99 の目玉大人気です♪【2.980円以上送料無料】【新商品】【大人気】【大大人気】【50～99 】：ＡＯＩデパート,雑貨スポンジボブイルミネーションケアベアラットフィンク時計ハッピーツリーフレンズディズニーサッカー小僧【ストラップ】♪AOIデパートの大大人気大人気！全品50 以上！最大99 の目玉大人気です♪【2.980円以上送料無料】【新商品】【大人気】【大大人気】【50～99 】,サッカー小僧【ストラップ】♪大大人気！最大99。サッカー小僧【ストラップ】♪AOIデパートの大大人気大人気！全品50 以上！最大99 の目玉大人気です♪【2.980円以上送料無料】【新商品】【大人気】【大大人気】【50～99 】[rn]
2-8617,http://tshop.r10s.jp/aoi-depart/cabinet/13zak-1/13zak154-1.gif?fitin=700:700,5616.0000,,日用品雑貨・文房具・手芸 > 日用品・生活雑貨 > その他,【アメリカン雑貨】【US STAND MAIL BOX】スタンドメールボックス【郵便箱】【ポスト】【手紙入れ】【雑貨】【アメリカ雑貨】【アメリカ】【USA】【かわいい】【おしゃれ】アメリカンスタイルに欠かせないメールボックス バリエーションも豊富であきないデザイン,【アメリカン雑貨】【US STAND MAIL BOX】メールボックス,"■説明■<br>
【アメリカン雑貨】【US STAND MAIL BOX】<br>
スタンドメールボックス<br>
【郵便箱】【ポスト】【手紙入れ】【雑貨】<br>
【アメリカ雑貨】【アメリカ】【USA】<br>
【かわいい】【おしゃれ】<br>
アメリカンスタイルに欠かせないメールボックス！<br>
バリエーションも豊富であきないデザイン♪<br>
定番のアメリカン雑貨や！<br>
珍しいグッズを多数揃えました♪<br>
お気に入りのアイテムで楽しい空間を演出♪<br>
【大人気】【かわいい雑貨】【新作】<br>
【2.980円以上送料無料】【人気商品】【生活】<br>
【大人気】【大大人気】【雑貨】【日用品】【POP】<br>
【日本】【2015年】【グッズ】【ファンシー】<br>
【人気商品】【大人気】【アメリカ雑貨】<br>
【かわいい】【おしゃれ】【生活雑貨】【AOI】<br>
【アメリカ】【BAR】【インテリア雑貨】<br>
【USA】【アメリカン】【アメリカン雑貨】<br>
■サイズ・仕様■<br>
◆サイズ：約245×167×521mm(ポール：1115mm)<br>
◆素　材：スチール<br>
●AOIデパートはアメリカン雑貨が勢揃い！！●<br>
アメリカン雑貨が豊富です！<br>
(*゜▽゜)/品揃えに自信アリ♪<br>
カラフルなグッズで毎日の生活を楽しんでください！<br>
■当商品について■<br>
＊在庫状況により入荷待ち・<br>
欠品になる場合がございます。<br>
予めご了承下さいますようお願いいたします。<br><TABLE cellspacing=""1"" bgcolor=""#cdcd9a"" cellpadding=""10"">
  <TBODY>
    <TR>
      <TD bgcolor=""#ffffff"" height=""61""><IMG src=""http://image.rakuten.co.jp/aoi-depart/cabinet/souryou.jpg"" width=""505"" height=""52"" border=""0""><br>
      <font size=""2"">沖縄県の場合は、8,000円以上で送料無料となります。</font><FONT size=""1"">（8,000円以下の場合はご注文後に送料が加算されます。）</FONT></TD>
    </TR>
  </TBODY>
</TABLE>
<B><FONT size=""2""><FONT size=""2""><BR>
<FONT size=""2"">★　最終価格！　ソーラー　LEDクリスタルキングトナカイ　ホワイト（白）　★</FONT></FONT><BR>
<BR>
<FONT size=""2"">★　最終価格！　ソーラー　LEDクリスタルキングトナカイ　ブルー（青）　★</FONT></FONT></B><br><br>
<TABLE width=""560"">
  <TBODY>
    <TR>
      <TD valign=""top"" align=""center""><IMG src=""http://image.rakuten.co.jp/aoi-depart/cabinet/00377082/img56929916.gif"" width=""130"" height=""88"" border=""0""><BR>
      <FONT size=""-2"" color=""#999900"">&gt;人気の缶バッジ（バッチ）<BR>
      特集！200アイテム！</FONT></TD>
      <TD valign=""top"" align=""center""><IMG src=""http://image.rakuten.co.jp/aoi-depart/cabinet/00377082/img56929917.gif"" width=""130"" height=""88"" border=""0""><BR>
      <FONT size=""-2"" color=""#999900"">&gt;インテリア用のポスター！<BR>
      特集！200アイテム！</FONT></TD>
      <TD valign=""top"" align=""center""><IMG src=""http://image.rakuten.co.jp/aoi-depart/cabinet/00377082/img56929918.gif"" width=""130"" height=""89"" border=""0""><BR>
      <FONT size=""-2"" color=""#999900"">&gt;人気キャラ！キーホルダー<BR>
      特集！300アイテム！</FONT></TD>
      <TD valign=""top"" align=""center""><IMG src=""http://image.rakuten.co.jp/aoi-depart/cabinet/00377082/img56929919.gif"" width=""130"" height=""89"" border=""0""><BR>
      <FONT size=""-2"" color=""#999900"">&gt;やっぱりワッペン！<BR>
      特集！200アイテム！</FONT></TD>
    </TR>
  </TBODY>
</TABLE>




<P><IMG src=""http://image.rakuten.co.jp/aoi-depart/cabinet/img58891052.gif"" border=""0"" width=""560"" height=""94""><BR>
<FONT color=""#000000"" size=""1"">大人気！くろねこ雑貨、新商品続々入荷中！黒猫キッチン用品、バス用品、おしゃれ雑貨、黒猫インテリア</FONT></P>
<TABLE width=""560"" cellpadding=""0"" cellspacing=""0"">
  <TBODY valign=""top"">
    <TR>
      <TD valign=""top""><IMG src=""http://image.rakuten.co.jp/aoi-depart/cabinet/00377084/imgrc0065158542.gif"" border=""0"" width=""270"" height=""80""><BR>
      <FONT size=""1"">クレヨンしんちゃんグッズ続々入荷中！<BR>
      新学期はしんちゃんのランチグッズやペンケースで決まり！<BR>
      新生活も応援！クッションやタオル、グラスも豊富♪<BR>
      <BR>
      </FONT></TD>
      <TD valign=""top""><IMG src=""http://image.rakuten.co.jp/aoi-depart/cabinet/00377084/imgrc0065158540.gif"" border=""0"" width=""270"" height=""80""><BR>
      <FONT size=""1"">ピンクやレッドがキュートなキティやマイメロ♪<BR>
      サンリオのステップやコロコロクリーナーが売れてます！<BR>
      メラミンカップやグラス、おもちゃ箱も♪プレゼントやギフトにも♪</FONT><BR>
      <BR>
      </TD>
    </TR>
  </TBODY>
</TABLE>
<TABLE width=""560"" cellpadding=""0"" cellspacing=""0"">
  <TBODY valign=""top"">
    <TR>
      <TD valign=""top""><IMG src=""http://image.rakuten.co.jp/aoi-depart/cabinet/00377084/imgrc0065158539.gif"" border=""0"" width=""270"" height=""80""><BR>
      <FONT size=""1"">ベビータオルやベビーギフトならアナノカフェ♪安心の日本製です。<BR>
      ほわほわ～の柔らか素材がお肌にも優しい。<BR>
      内祝やご出産祝にも最適！スタイや肌着の種類も豊富！</FONT><BR>
      <BR>
      </TD>
      <TD valign=""top""><IMG src=""http://image.rakuten.co.jp/aoi-depart/cabinet/00377084/imgrc0065158538.gif"" border=""0"" width=""270"" height=""80""><BR>
      <FONT size=""1"">キュートでポップな亜土ちゃんのグッズでラブリーな生活を♪<BR>
      クッションや食器、ブリキケースもすっごくカワイイ♪<BR>
      お花★ハート★キッス　が合言葉♪！</FONT></TD>
    </TR>
  </TBODY>
</TABLE>
<TABLE width=""560"" cellpadding=""0"" cellspacing=""0"">
  <TBODY valign=""top"">
    <TR>
      <TD valign=""top""><IMG src=""http://image.rakuten.co.jp/aoi-depart/cabinet/00377084/imgrc0065158541.gif"" border=""0"" width=""270"" height=""80""><BR>
      <FONT size=""1"">やっぱり定番！ず～っと人気が止まらないっ！<BR>
      クッションやティッシュカバー、フリーケースで周りをボブイエロー<BR>
      に染めちゃえ！超ビッグなメガデカクッションは要チェック！</FONT><BR>
      <BR>
      </TD>
      <TD valign=""top""><IMG src=""http://image.rakuten.co.jp/aoi-depart/cabinet/00377084/imgrc0065158543.gif"" border=""0"" width=""270"" height=""80""><BR>
      <FONT size=""1"">アメコミの中でもスパイダーマンはダントツ人気！<BR>
      ポスターやコスチューム、ストラップなどなどグッズも大量！<BR>
      お部屋に飾ればカッコイイ　ヒーロコミックの世界に！</FONT><BR>
      <BR>
      </TD>
    </TR>
  </TBODY>
</TABLE>

<TABLE width=""560"">
  <TBODY>
    <TR>
      <TD><IMG src=""http://image.rakuten.co.jp/aoi-depart/cabinet/00377084/img57529064.gif"" width=""186"" height=""70"" border=""0""><BR>
      <FONT size=""-2"" color=""#ff8000"">▼タオル特集！柔らか～！かわいい～！<BR>
      自分流でお気に入りをどうぞ♪</FONT></TD>
      <TD><IMG src=""http://image.rakuten.co.jp/aoi-depart/cabinet/00377084/img57529063.gif"" width=""186"" height=""70"" border=""0""><BR>
      <FONT size=""-2"" color=""#ff8000"">▼健康な美しさを追求♪でもでも毎日使うものだからこそかわいいデザインのものを♪</FONT></TD>
      <TD><IMG src=""http://image.rakuten.co.jp/aoi-depart/cabinet/00377084/img57529065.gif"" width=""186"" height=""70"" border=""0""><BR>
      <FONT size=""-2"" color=""#ff8000"">▼お風呂グッズ特集♪こだわりタオルから便利バス用品まで選りすぐって取り揃えました♪</FONT></TD>
    </TR>
  </TBODY>
</TABLE>

<TABLE width=""560"" height=""120"" bgcolor=""#ffffff"" cellpadding=""0"" cellspacing=""1"">
  <TBODY>
    <TR>
      <TD bgcolor=""#ffffff"" align=""center"" valign=""top""><IMG src=""http://image.rakuten.co.jp/aoi-depart/cabinet/00377084/img57844237.gif"" width=""270"" height=""72"" border=""0""><BR>
      <FONT size=""-2"" color=""#666666"">■生活雑貨勢揃い！1000アイテムの中からお気に入りをどうぞ！■</FONT></TD>
      <TD bgcolor=""#ffffff"" align=""center"" valign=""middle""><IMG src=""http://image.rakuten.co.jp/aoi-depart/cabinet/00377082/img57733851.gif"" width=""270"" height=""103"" border=""0""><BR>
      <FONT size=""-2"" color=""#666666"">■AOIデパートのコスチューム♪新商品がいっぱい♪</FONT></TD>
    </TR>
  </TBODY>
</TABLE>",【アメリカン雑貨】【US STAND MAIL BOX】スタンドメールボックス【郵便箱】【ポスト】【手紙入れ】【雑貨】【アメリカ雑貨】【アメリカ】【USA】【かわいい】【おしゃれ】アメリカンスタイルに欠かせないメールボックス バリエーションも豊富であきないデザイン：ＡＯＩデパート,雑貨スポンジボブイルミネーションケアベアラットフィンク時計ハッピーツリーフレンズディズニー【アメリカン雑貨】【US STAND MAIL BOX】スタンドメールボックス【郵便箱】【ポスト】【手紙入れ】【雑貨】【アメリカ雑貨】【アメリカ】【USA】【かわいい】【おしゃれ】アメリカンスタイルに欠かせないメールボックス バリエーションも豊富であきないデザイン,【アメリカン雑貨】【US STAND MAIL BOX】メールボックス。【アメリカン雑貨】【US STAND MAIL BOX】スタンドメールボックス【郵便箱】【ポスト】【手紙入れ】【雑貨】【アメリカ雑貨】【アメリカ】【USA】【かわいい】【おしゃれ】アメリカンスタイルに欠かせないメールボックス バリエーションも豊富であきないデザイン[rn]
2-8618,http://tshop.r10s.jp/aoi-depart/cabinet/00379431/sono050-2.gif?fitin=700:700,367.2000,,日用品雑貨・文房具・手芸 > 日用品・生活雑貨 > その他,【メール便送料10円！】　アメコミ タートルズ ミニフィギュア★ツインストラップ！ そのまま飾ってもカッコイイ！【2.980円以上送料無料】【大人気】　【銀行振込・郵便振替・クレジットカードのみ（代引き不可）】,,"タートルズ ミニフィギュアツインストラップ<br>
■サイズ■<br>
約3cm<br>
■説明■<br>
ミニミニサイズのタートルズフィギュア<br>
ツインストラップ！<br>
どれも超COOLです！<br>
キャラクターはランダムになります。<br>
<br>メール便・定形外発送になります。また、同梱はできません。<BR>
⇒こちらのメール便・定形外発送についてをご覧下さい。
<br><br>※沖縄はメール便送料10円対象外となります。<TABLE cellspacing=""1"" bgcolor=""#cdcd9a"" cellpadding=""10"">
  <TBODY>
    <TR>
      <TD bgcolor=""#ffffff"" height=""61""><IMG src=""http://image.rakuten.co.jp/aoi-depart/cabinet/souryou.jpg"" width=""505"" height=""52"" border=""0""><br>
      <font size=""2"">沖縄県の場合は、8,000円以上で送料無料となります。</font><FONT size=""1"">（8,000円以下の場合はご注文後に送料が加算されます。）</FONT></TD>
    </TR>
  </TBODY>
</TABLE>
<B><FONT size=""2""><FONT size=""2""><BR>
<FONT size=""2"">★　最終価格！　ソーラー　LEDクリスタルキングトナカイ　ホワイト（白）　★</FONT></FONT><BR>
<BR>
<FONT size=""2"">★　最終価格！　ソーラー　LEDクリスタルキングトナカイ　ブルー（青）　★</FONT></FONT></B><br><br>
<TABLE width=""560"">
  <TBODY>
    <TR>
      <TD valign=""top"" align=""center""><IMG src=""http://image.rakuten.co.jp/aoi-depart/cabinet/00377082/img56929916.gif"" width=""130"" height=""88"" border=""0""><BR>
      <FONT size=""-2"" color=""#999900"">&gt;人気の缶バッジ（バッチ）<BR>
      特集！200アイテム！</FONT></TD>
      <TD valign=""top"" align=""center""><IMG src=""http://image.rakuten.co.jp/aoi-depart/cabinet/00377082/img56929917.gif"" width=""130"" height=""88"" border=""0""><BR>
      <FONT size=""-2"" color=""#999900"">&gt;インテリア用のポスター！<BR>
      特集！200アイテム！</FONT></TD>
      <TD valign=""top"" align=""center""><IMG src=""http://image.rakuten.co.jp/aoi-depart/cabinet/00377082/img56929918.gif"" width=""130"" height=""89"" border=""0""><BR>
      <FONT size=""-2"" color=""#999900"">&gt;人気キャラ！キーホルダー<BR>
      特集！300アイテム！</FONT></TD>
      <TD valign=""top"" align=""center""><IMG src=""http://image.rakuten.co.jp/aoi-depart/cabinet/00377082/img56929919.gif"" width=""130"" height=""89"" border=""0""><BR>
      <FONT size=""-2"" color=""#999900"">&gt;やっぱりワッペン！<BR>
      特集！200アイテム！</FONT></TD>
    </TR>
  </TBODY>
</TABLE>




<P><IMG src=""http://image.rakuten.co.jp/aoi-depart/cabinet/img58891052.gif"" border=""0"" width=""560"" height=""94""><BR>
<FONT color=""#000000"" size=""1"">大人気！くろねこ雑貨、新商品続々入荷中！黒猫キッチン用品、バス用品、おしゃれ雑貨、黒猫インテリア</FONT></P>
<TABLE width=""560"" cellpadding=""0"" cellspacing=""0"">
  <TBODY valign=""top"">
    <TR>
      <TD valign=""top""><IMG src=""http://image.rakuten.co.jp/aoi-depart/cabinet/00377084/imgrc0065158542.gif"" border=""0"" width=""270"" height=""80""><BR>
      <FONT size=""1"">クレヨンしんちゃんグッズ続々入荷中！<BR>
      新学期はしんちゃんのランチグッズやペンケースで決まり！<BR>
      新生活も応援！クッションやタオル、グラスも豊富♪<BR>
      <BR>
      </FONT></TD>
      <TD valign=""top""><IMG src=""http://image.rakuten.co.jp/aoi-depart/cabinet/00377084/imgrc0065158540.gif"" border=""0"" width=""270"" height=""80""><BR>
      <FONT size=""1"">ピンクやレッドがキュートなキティやマイメロ♪<BR>
      サンリオのステップやコロコロクリーナーが売れてます！<BR>
      メラミンカップやグラス、おもちゃ箱も♪プレゼントやギフトにも♪</FONT><BR>
      <BR>
      </TD>
    </TR>
  </TBODY>
</TABLE>
<TABLE width=""560"" cellpadding=""0"" cellspacing=""0"">
  <TBODY valign=""top"">
    <TR>
      <TD valign=""top""><IMG src=""http://image.rakuten.co.jp/aoi-depart/cabinet/00377084/imgrc0065158539.gif"" border=""0"" width=""270"" height=""80""><BR>
      <FONT size=""1"">ベビータオルやベビーギフトならアナノカフェ♪安心の日本製です。<BR>
      ほわほわ～の柔らか素材がお肌にも優しい。<BR>
      内祝やご出産祝にも最適！スタイや肌着の種類も豊富！</FONT><BR>
      <BR>
      </TD>
      <TD valign=""top""><IMG src=""http://image.rakuten.co.jp/aoi-depart/cabinet/00377084/imgrc0065158538.gif"" border=""0"" width=""270"" height=""80""><BR>
      <FONT size=""1"">キュートでポップな亜土ちゃんのグッズでラブリーな生活を♪<BR>
      クッションや食器、ブリキケースもすっごくカワイイ♪<BR>
      お花★ハート★キッス　が合言葉♪！</FONT></TD>
    </TR>
  </TBODY>
</TABLE>
<TABLE width=""560"" cellpadding=""0"" cellspacing=""0"">
  <TBODY valign=""top"">
    <TR>
      <TD valign=""top""><IMG src=""http://image.rakuten.co.jp/aoi-depart/cabinet/00377084/imgrc0065158541.gif"" border=""0"" width=""270"" height=""80""><BR>
      <FONT size=""1"">やっぱり定番！ず～っと人気が止まらないっ！<BR>
      クッションやティッシュカバー、フリーケースで周りをボブイエロー<BR>
      に染めちゃえ！超ビッグなメガデカクッションは要チェック！</FONT><BR>
      <BR>
      </TD>
      <TD valign=""top""><IMG src=""http://image.rakuten.co.jp/aoi-depart/cabinet/00377084/imgrc0065158543.gif"" border=""0"" width=""270"" height=""80""><BR>
      <FONT size=""1"">アメコミの中でもスパイダーマンはダントツ人気！<BR>
      ポスターやコスチューム、ストラップなどなどグッズも大量！<BR>
      お部屋に飾ればカッコイイ　ヒーロコミックの世界に！</FONT><BR>
      <BR>
      </TD>
    </TR>
  </TBODY>
</TABLE>

<TABLE width=""560"">
  <TBODY>
    <TR>
      <TD><IMG src=""http://image.rakuten.co.jp/aoi-depart/cabinet/00377084/img57529064.gif"" width=""186"" height=""70"" border=""0""><BR>
      <FONT size=""-2"" color=""#ff8000"">▼タオル特集！柔らか～！かわいい～！<BR>
      自分流でお気に入りをどうぞ♪</FONT></TD>
      <TD><IMG src=""http://image.rakuten.co.jp/aoi-depart/cabinet/00377084/img57529063.gif"" width=""186"" height=""70"" border=""0""><BR>
      <FONT size=""-2"" color=""#ff8000"">▼健康な美しさを追求♪でもでも毎日使うものだからこそかわいいデザインのものを♪</FONT></TD>
      <TD><IMG src=""http://image.rakuten.co.jp/aoi-depart/cabinet/00377084/img57529065.gif"" width=""186"" height=""70"" border=""0""><BR>
      <FONT size=""-2"" color=""#ff8000"">▼お風呂グッズ特集♪こだわりタオルから便利バス用品まで選りすぐって取り揃えました♪</FONT></TD>
    </TR>
  </TBODY>
</TABLE>

<TABLE width=""560"" height=""120"" bgcolor=""#ffffff"" cellpadding=""0"" cellspacing=""1"">
  <TBODY>
    <TR>
      <TD bgcolor=""#ffffff"" align=""center"" valign=""top""><IMG src=""http://image.rakuten.co.jp/aoi-depart/cabinet/00377084/img57844237.gif"" width=""270"" height=""72"" border=""0""><BR>
      <FONT size=""-2"" color=""#666666"">■生活雑貨勢揃い！1000アイテムの中からお気に入りをどうぞ！■</FONT></TD>
      <TD bgcolor=""#ffffff"" align=""center"" valign=""middle""><IMG src=""http://image.rakuten.co.jp/aoi-depart/cabinet/00377082/img57733851.gif"" width=""270"" height=""103"" border=""0""><BR>
      <FONT size=""-2"" color=""#666666"">■AOIデパートのコスチューム♪新商品がいっぱい♪</FONT></TD>
    </TR>
  </TBODY>
</TABLE>",【メール便送料10円！】　アメコミ タートルズ ミニフィギュア★ツインストラップ！ そのまま飾ってもカッコイイ！【2.980円以上送料無料】【大人気】　【銀行振込・郵便振替・クレジットカードのみ（代引き不可）】：ＡＯＩデパート,雑貨スポンジボブイルミネーションケアベアラットフィンク時計ハッピーツリーフレンズディズニー【メール便送料10円！】　アメコミ タートルズ ミニフィギュア★ツインストラップ！ そのまま飾ってもカッコイイ！【2.980円以上送料無料】【大人気】　【銀行振込・郵便振替・クレジットカードのみ（代引き不可）】,【メール便送料10円！】　アメコミ タートルズ ミニフィギュア★ツインストラップ！ そのまま飾ってもカッコイイ！【2.980円以上送料無料】【大人気】　【銀行振込・郵便振替・クレジットカードのみ（代引き不可）】[rn]
2-8619,http://tshop.r10s.jp/gold/aoi-depart/6zak587-1.gif?fitin=700:700,80.0000,,日用品雑貨・文房具・手芸 > 日用品・生活雑貨 > その他,スカルペンケース【スカル】【ペンケース】AOIデパートの大大人気大人気！全品50 以上！最大99 の目玉大人気です♪【2.980円以上送料無料】【新商品】【大人気】【大大人気】【50～99 】100円均一,スカルペンケース【スカル】【ペンケース】大大人気！最大99,"■説明■<br>
スカルペンケース【スカル】【ペンケース】<br>
AOIデパートの大大人気大人気！<br>
全品50 以上！<br>
最大99 の目玉大人気です♪<br>
【2.980円以上送料無料】【新商品】<br>
【大人気】【大大人気】【50～99 】<br>
■サイズ・仕様■<br>
サイズ：H6.5×W19cm×D6.5cm<br>
■AOIデパートは大大人気商品が勢揃い！！■<br>
大人気以上の頑張りが当店のスローガンです♪<br><TABLE cellspacing=""1"" bgcolor=""#cdcd9a"" cellpadding=""10"">
  <TBODY>
    <TR>
      <TD bgcolor=""#ffffff"" height=""61""><IMG src=""http://image.rakuten.co.jp/aoi-depart/cabinet/souryou.jpg"" width=""505"" height=""52"" border=""0""><br>
      <font size=""2"">沖縄県の場合は、8,000円以上で送料無料となります。</font><FONT size=""1"">（8,000円以下の場合はご注文後に送料が加算されます。）</FONT></TD>
    </TR>
  </TBODY>
</TABLE>
<B><FONT size=""2""><FONT size=""2""><BR>
<FONT size=""2"">★　最終価格！　ソーラー　LEDクリスタルキングトナカイ　ホワイト（白）　★</FONT></FONT><BR>
<BR>
<FONT size=""2"">★　最終価格！　ソーラー　LEDクリスタルキングトナカイ　ブルー（青）　★</FONT></FONT></B><br><br>
<TABLE width=""560"">
  <TBODY>
    <TR>
      <TD valign=""top"" align=""center""><IMG src=""http://image.rakuten.co.jp/aoi-depart/cabinet/00377082/img56929916.gif"" width=""130"" height=""88"" border=""0""><BR>
      <FONT size=""-2"" color=""#999900"">&gt;人気の缶バッジ（バッチ）<BR>
      特集！200アイテム！</FONT></TD>
      <TD valign=""top"" align=""center""><IMG src=""http://image.rakuten.co.jp/aoi-depart/cabinet/00377082/img56929917.gif"" width=""130"" height=""88"" border=""0""><BR>
      <FONT size=""-2"" color=""#999900"">&gt;インテリア用のポスター！<BR>
      特集！200アイテム！</FONT></TD>
      <TD valign=""top"" align=""center""><IMG src=""http://image.rakuten.co.jp/aoi-depart/cabinet/00377082/img56929918.gif"" width=""130"" height=""89"" border=""0""><BR>
      <FONT size=""-2"" color=""#999900"">&gt;人気キャラ！キーホルダー<BR>
      特集！300アイテム！</FONT></TD>
      <TD valign=""top"" align=""center""><IMG src=""http://image.rakuten.co.jp/aoi-depart/cabinet/00377082/img56929919.gif"" width=""130"" height=""89"" border=""0""><BR>
      <FONT size=""-2"" color=""#999900"">&gt;やっぱりワッペン！<BR>
      特集！200アイテム！</FONT></TD>
    </TR>
  </TBODY>
</TABLE>




<P><IMG src=""http://image.rakuten.co.jp/aoi-depart/cabinet/img58891052.gif"" border=""0"" width=""560"" height=""94""><BR>
<FONT color=""#000000"" size=""1"">大人気！くろねこ雑貨、新商品続々入荷中！黒猫キッチン用品、バス用品、おしゃれ雑貨、黒猫インテリア</FONT></P>
<TABLE width=""560"" cellpadding=""0"" cellspacing=""0"">
  <TBODY valign=""top"">
    <TR>
      <TD valign=""top""><IMG src=""http://image.rakuten.co.jp/aoi-depart/cabinet/00377084/imgrc0065158542.gif"" border=""0"" width=""270"" height=""80""><BR>
      <FONT size=""1"">クレヨンしんちゃんグッズ続々入荷中！<BR>
      新学期はしんちゃんのランチグッズやペンケースで決まり！<BR>
      新生活も応援！クッションやタオル、グラスも豊富♪<BR>
      <BR>
      </FONT></TD>
      <TD valign=""top""><IMG src=""http://image.rakuten.co.jp/aoi-depart/cabinet/00377084/imgrc0065158540.gif"" border=""0"" width=""270"" height=""80""><BR>
      <FONT size=""1"">ピンクやレッドがキュートなキティやマイメロ♪<BR>
      サンリオのステップやコロコロクリーナーが売れてます！<BR>
      メラミンカップやグラス、おもちゃ箱も♪プレゼントやギフトにも♪</FONT><BR>
      <BR>
      </TD>
    </TR>
  </TBODY>
</TABLE>
<TABLE width=""560"" cellpadding=""0"" cellspacing=""0"">
  <TBODY valign=""top"">
    <TR>
      <TD valign=""top""><IMG src=""http://image.rakuten.co.jp/aoi-depart/cabinet/00377084/imgrc0065158539.gif"" border=""0"" width=""270"" height=""80""><BR>
      <FONT size=""1"">ベビータオルやベビーギフトならアナノカフェ♪安心の日本製です。<BR>
      ほわほわ～の柔らか素材がお肌にも優しい。<BR>
      内祝やご出産祝にも最適！スタイや肌着の種類も豊富！</FONT><BR>
      <BR>
      </TD>
      <TD valign=""top""><IMG src=""http://image.rakuten.co.jp/aoi-depart/cabinet/00377084/imgrc0065158538.gif"" border=""0"" width=""270"" height=""80""><BR>
      <FONT size=""1"">キュートでポップな亜土ちゃんのグッズでラブリーな生活を♪<BR>
      クッションや食器、ブリキケースもすっごくカワイイ♪<BR>
      お花★ハート★キッス　が合言葉♪！</FONT></TD>
    </TR>
  </TBODY>
</TABLE>
<TABLE width=""560"" cellpadding=""0"" cellspacing=""0"">
  <TBODY valign=""top"">
    <TR>
      <TD valign=""top""><IMG src=""http://image.rakuten.co.jp/aoi-depart/cabinet/00377084/imgrc0065158541.gif"" border=""0"" width=""270"" height=""80""><BR>
      <FONT size=""1"">やっぱり定番！ず～っと人気が止まらないっ！<BR>
      クッションやティッシュカバー、フリーケースで周りをボブイエロー<BR>
      に染めちゃえ！超ビッグなメガデカクッションは要チェック！</FONT><BR>
      <BR>
      </TD>
      <TD valign=""top""><IMG src=""http://image.rakuten.co.jp/aoi-depart/cabinet/00377084/imgrc0065158543.gif"" border=""0"" width=""270"" height=""80""><BR>
      <FONT size=""1"">アメコミの中でもスパイダーマンはダントツ人気！<BR>
      ポスターやコスチューム、ストラップなどなどグッズも大量！<BR>
      お部屋に飾ればカッコイイ　ヒーロコミックの世界に！</FONT><BR>
      <BR>
      </TD>
    </TR>
  </TBODY>
</TABLE>

<TABLE width=""560"">
  <TBODY>
    <TR>
      <TD><IMG src=""http://image.rakuten.co.jp/aoi-depart/cabinet/00377084/img57529064.gif"" width=""186"" height=""70"" border=""0""><BR>
      <FONT size=""-2"" color=""#ff8000"">▼タオル特集！柔らか～！かわいい～！<BR>
      自分流でお気に入りをどうぞ♪</FONT></TD>
      <TD><IMG src=""http://image.rakuten.co.jp/aoi-depart/cabinet/00377084/img57529063.gif"" width=""186"" height=""70"" border=""0""><BR>
      <FONT size=""-2"" color=""#ff8000"">▼健康な美しさを追求♪でもでも毎日使うものだからこそかわいいデザインのものを♪</FONT></TD>
      <TD><IMG src=""http://image.rakuten.co.jp/aoi-depart/cabinet/00377084/img57529065.gif"" width=""186"" height=""70"" border=""0""><BR>
      <FONT size=""-2"" color=""#ff8000"">▼お風呂グッズ特集♪こだわりタオルから便利バス用品まで選りすぐって取り揃えました♪</FONT></TD>
    </TR>
  </TBODY>
</TABLE>

<TABLE width=""560"" height=""120"" bgcolor=""#ffffff"" cellpadding=""0"" cellspacing=""1"">
  <TBODY>
    <TR>
      <TD bgcolor=""#ffffff"" align=""center"" valign=""top""><IMG src=""http://image.rakuten.co.jp/aoi-depart/cabinet/00377084/img57844237.gif"" width=""270"" height=""72"" border=""0""><BR>
      <FONT size=""-2"" color=""#666666"">■生活雑貨勢揃い！1000アイテムの中からお気に入りをどうぞ！■</FONT></TD>
      <TD bgcolor=""#ffffff"" align=""center"" valign=""middle""><IMG src=""http://image.rakuten.co.jp/aoi-depart/cabinet/00377082/img57733851.gif"" width=""270"" height=""103"" border=""0""><BR>
      <FONT size=""-2"" color=""#666666"">■AOIデパートのコスチューム♪新商品がいっぱい♪</FONT></TD>
    </TR>
  </TBODY>
</TABLE>",スカルペンケース【スカル】【ペンケース】AOIデパートの大大人気大人気！全品50 以上！最大99 の目玉大人気です♪【2.980円以上送料無料】【新商品】【大人気】【大大人気】【50～99 】100円均一：ＡＯＩデパート,雑貨スポンジボブイルミネーションケアベアラットフィンク時計ハッピーツリーフレンズディズニースカルペンケース【スカル】【ペンケース】AOIデパートの大大人気大人気！全品50 以上！最大99 の目玉大人気です♪【2.980円以上送料無料】【新商品】【大人気】【大大人気】【50～99 】100円均一,スカルペンケース【スカル】【ペンケース】大大人気！最大99。スカルペンケース【スカル】【ペンケース】AOIデパートの大大人気大人気！全品50 以上！最大99 の目玉大人気です♪【2.980円以上送料無料】【新商品】【大人気】【大大人気】【50～99 】100円均一[rn]
2-8620,http://tshop.r10s.jp/aoi-depart/cabinet/01474709/01606296/img56934834.gif?fitin=700:700,168.0000,,日用品雑貨・文房具・手芸 > 日用品・生活雑貨 > その他,ゾウ【企業ロゴ】人気の缶バッジを大量投入！服やバック・カバンなどをリメイクしちゃいましょう♪なつかしいキャラクターや海外のメーカー！お気に入りを見つけてください♪【缶】【バッチ】【バッジ】【2.980円以上送料無料】,ゾウ【企業ロゴ】カンバッチ15,"■説明■<br>
ゾウ【企業ロゴ】<br>
人気の缶バッジを大量投入！<br>
服やバック・カバンなどを<br>
リメイクしちゃいましょう♪<br>
なつかしいキャラクターや海外のメーカー！<br>
お気に入りを見つけてください♪<br>
【缶】【バッチ】【バッジ】<br>
■サイズ・仕様■<br>
H3cm<br><br>

■当商品について■<br>
＊在庫状況により<br>
入荷待ち・欠品になる場合がございます。<br>
予めご了承下さいますようお願いいたします。<br><TABLE cellspacing=""1"" bgcolor=""#cdcd9a"" cellpadding=""10"">
  <TBODY>
    <TR>
      <TD bgcolor=""#ffffff"" height=""61""><IMG src=""http://image.rakuten.co.jp/aoi-depart/cabinet/souryou.jpg"" width=""505"" height=""52"" border=""0""><br>
      <font size=""2"">沖縄県の場合は、8,000円以上で送料無料となります。</font><FONT size=""1"">（8,000円以下の場合はご注文後に送料が加算されます。）</FONT></TD>
    </TR>
  </TBODY>
</TABLE>
<B><FONT size=""2""><FONT size=""2""><BR>
<FONT size=""2"">★　最終価格！　ソーラー　LEDクリスタルキングトナカイ　ホワイト（白）　★</FONT></FONT><BR>
<BR>
<FONT size=""2"">★　最終価格！　ソーラー　LEDクリスタルキングトナカイ　ブルー（青）　★</FONT></FONT></B><br><br>
<TABLE width=""560"">
  <TBODY>
    <TR>
      <TD valign=""top"" align=""center""><IMG src=""http://image.rakuten.co.jp/aoi-depart/cabinet/00377082/img56929916.gif"" width=""130"" height=""88"" border=""0""><BR>
      <FONT size=""-2"" color=""#999900"">&gt;人気の缶バッジ（バッチ）<BR>
      特集！200アイテム！</FONT></TD>
      <TD valign=""top"" align=""center""><IMG src=""http://image.rakuten.co.jp/aoi-depart/cabinet/00377082/img56929917.gif"" width=""130"" height=""88"" border=""0""><BR>
      <FONT size=""-2"" color=""#999900"">&gt;インテリア用のポスター！<BR>
      特集！200アイテム！</FONT></TD>
      <TD valign=""top"" align=""center""><IMG src=""http://image.rakuten.co.jp/aoi-depart/cabinet/00377082/img56929918.gif"" width=""130"" height=""89"" border=""0""><BR>
      <FONT size=""-2"" color=""#999900"">&gt;人気キャラ！キーホルダー<BR>
      特集！300アイテム！</FONT></TD>
      <TD valign=""top"" align=""center""><IMG src=""http://image.rakuten.co.jp/aoi-depart/cabinet/00377082/img56929919.gif"" width=""130"" height=""89"" border=""0""><BR>
      <FONT size=""-2"" color=""#999900"">&gt;やっぱりワッペン！<BR>
      特集！200アイテム！</FONT></TD>
    </TR>
  </TBODY>
</TABLE>




<P><IMG src=""http://image.rakuten.co.jp/aoi-depart/cabinet/img58891052.gif"" border=""0"" width=""560"" height=""94""><BR>
<FONT color=""#000000"" size=""1"">大人気！くろねこ雑貨、新商品続々入荷中！黒猫キッチン用品、バス用品、おしゃれ雑貨、黒猫インテリア</FONT></P>
<TABLE width=""560"" cellpadding=""0"" cellspacing=""0"">
  <TBODY valign=""top"">
    <TR>
      <TD valign=""top""><IMG src=""http://image.rakuten.co.jp/aoi-depart/cabinet/00377084/imgrc0065158542.gif"" border=""0"" width=""270"" height=""80""><BR>
      <FONT size=""1"">クレヨンしんちゃんグッズ続々入荷中！<BR>
      新学期はしんちゃんのランチグッズやペンケースで決まり！<BR>
      新生活も応援！クッションやタオル、グラスも豊富♪<BR>
      <BR>
      </FONT></TD>
      <TD valign=""top""><IMG src=""http://image.rakuten.co.jp/aoi-depart/cabinet/00377084/imgrc0065158540.gif"" border=""0"" width=""270"" height=""80""><BR>
      <FONT size=""1"">ピンクやレッドがキュートなキティやマイメロ♪<BR>
      サンリオのステップやコロコロクリーナーが売れてます！<BR>
      メラミンカップやグラス、おもちゃ箱も♪プレゼントやギフトにも♪</FONT><BR>
      <BR>
      </TD>
    </TR>
  </TBODY>
</TABLE>
<TABLE width=""560"" cellpadding=""0"" cellspacing=""0"">
  <TBODY valign=""top"">
    <TR>
      <TD valign=""top""><IMG src=""http://image.rakuten.co.jp/aoi-depart/cabinet/00377084/imgrc0065158539.gif"" border=""0"" width=""270"" height=""80""><BR>
      <FONT size=""1"">ベビータオルやベビーギフトならアナノカフェ♪安心の日本製です。<BR>
      ほわほわ～の柔らか素材がお肌にも優しい。<BR>
      内祝やご出産祝にも最適！スタイや肌着の種類も豊富！</FONT><BR>
      <BR>
      </TD>
      <TD valign=""top""><IMG src=""http://image.rakuten.co.jp/aoi-depart/cabinet/00377084/imgrc0065158538.gif"" border=""0"" width=""270"" height=""80""><BR>
      <FONT size=""1"">キュートでポップな亜土ちゃんのグッズでラブリーな生活を♪<BR>
      クッションや食器、ブリキケースもすっごくカワイイ♪<BR>
      お花★ハート★キッス　が合言葉♪！</FONT></TD>
    </TR>
  </TBODY>
</TABLE>
<TABLE width=""560"" cellpadding=""0"" cellspacing=""0"">
  <TBODY valign=""top"">
    <TR>
      <TD valign=""top""><IMG src=""http://image.rakuten.co.jp/aoi-depart/cabinet/00377084/imgrc0065158541.gif"" border=""0"" width=""270"" height=""80""><BR>
      <FONT size=""1"">やっぱり定番！ず～っと人気が止まらないっ！<BR>
      クッションやティッシュカバー、フリーケースで周りをボブイエロー<BR>
      に染めちゃえ！超ビッグなメガデカクッションは要チェック！</FONT><BR>
      <BR>
      </TD>
      <TD valign=""top""><IMG src=""http://image.rakuten.co.jp/aoi-depart/cabinet/00377084/imgrc0065158543.gif"" border=""0"" width=""270"" height=""80""><BR>
      <FONT size=""1"">アメコミの中でもスパイダーマンはダントツ人気！<BR>
      ポスターやコスチューム、ストラップなどなどグッズも大量！<BR>
      お部屋に飾ればカッコイイ　ヒーロコミックの世界に！</FONT><BR>
      <BR>
      </TD>
    </TR>
  </TBODY>
</TABLE>

<TABLE width=""560"">
  <TBODY>
    <TR>
      <TD><IMG src=""http://image.rakuten.co.jp/aoi-depart/cabinet/00377084/img57529064.gif"" width=""186"" height=""70"" border=""0""><BR>
      <FONT size=""-2"" color=""#ff8000"">▼タオル特集！柔らか～！かわいい～！<BR>
      自分流でお気に入りをどうぞ♪</FONT></TD>
      <TD><IMG src=""http://image.rakuten.co.jp/aoi-depart/cabinet/00377084/img57529063.gif"" width=""186"" height=""70"" border=""0""><BR>
      <FONT size=""-2"" color=""#ff8000"">▼健康な美しさを追求♪でもでも毎日使うものだからこそかわいいデザインのものを♪</FONT></TD>
      <TD><IMG src=""http://image.rakuten.co.jp/aoi-depart/cabinet/00377084/img57529065.gif"" width=""186"" height=""70"" border=""0""><BR>
      <FONT size=""-2"" color=""#ff8000"">▼お風呂グッズ特集♪こだわりタオルから便利バス用品まで選りすぐって取り揃えました♪</FONT></TD>
    </TR>
  </TBODY>
</TABLE>

<TABLE width=""560"" height=""120"" bgcolor=""#ffffff"" cellpadding=""0"" cellspacing=""1"">
  <TBODY>
    <TR>
      <TD bgcolor=""#ffffff"" align=""center"" valign=""top""><IMG src=""http://image.rakuten.co.jp/aoi-depart/cabinet/00377084/img57844237.gif"" width=""270"" height=""72"" border=""0""><BR>
      <FONT size=""-2"" color=""#666666"">■生活雑貨勢揃い！1000アイテムの中からお気に入りをどうぞ！■</FONT></TD>
      <TD bgcolor=""#ffffff"" align=""center"" valign=""middle""><IMG src=""http://image.rakuten.co.jp/aoi-depart/cabinet/00377082/img57733851.gif"" width=""270"" height=""103"" border=""0""><BR>
      <FONT size=""-2"" color=""#666666"">■AOIデパートのコスチューム♪新商品がいっぱい♪</FONT></TD>
    </TR>
  </TBODY>
</TABLE>",ゾウ【企業ロゴ】人気の缶バッジを大量投入！服やバック・カバンなどをリメイクしちゃいましょう♪なつかしいキャラクターや海外のメーカー！お気に入りを見つけてください♪【缶】【バッチ】【バッジ】【2.980円以上送料無料】：ＡＯＩデパート,雑貨スポンジボブイルミネーションケアベアラットフィンク時計ハッピーツリーフレンズディズニーゾウ【企業ロゴ】人気の缶バッジを大量投入！服やバック・カバンなどをリメイクしちゃいましょう♪なつかしいキャラクターや海外のメーカー！お気に入りを見つけてください♪【缶】【バッチ】【バッジ】【2.980円以上送料無料】,ゾウ【企業ロゴ】カンバッチ15。ゾウ【企業ロゴ】人気の缶バッジを大量投入！服やバック・カバンなどをリメイクしちゃいましょう♪なつかしいキャラクターや海外のメーカー！お気に入りを見つけてください♪【缶】【バッチ】【バッジ】【2.980円以上送料無料】[rn]
2-8621,http://tshop.r10s.jp/aoi-depart/cabinet/14zak-2/14zak414-1.gif?fitin=700:700,972.8000,,日用品雑貨・文房具・手芸 > 日用品・生活雑貨 > その他,【ケアベア】【CAREBEARS】メチャノリイヤフォン【イヤホン】【生活】【ジャック】【クマ】【Carebears】【イアホン】【かわいい】【アニメ】【キャラクターグッズ】【雑貨】ケアベアグッズ多数揃えました 耳のところにケアベアがついていてとってもかわいいんです,【ケアベア】【CAREBEARS】メチャノリイヤフォン【イヤホン】,"■説明■<br>
【ケアベア】【CAREBEARS】<br>
メチャノリイヤフォン<br>
【イヤホン】【生活】【ジャック】【クマ】<br>
【Carebears】【イアホン】【かわいい】<br>
【アニメ】【キャラクターグッズ】【雑貨】<br>
ケアベアグッズ多数揃えました！<br>
耳のところにケアベアがついていて<br>
とってもかわいいんです！<br>
全世界で愛されているケアベア！<br>
最高の可愛さを持った商品が誕生です！<br>
たくさんのキャラクターに囲まれて<br>
楽しくハッピーライフ☆<br>
【大人気】【かわいい雑貨】【新作】<br>
【2.980円以上送料無料】【人気商品】【生活】<br>
【大人気】【大大人気】【雑貨】【日用品】【POP】<br>
【日本】【2015年】【グッズ】【ファンシー】<br>
【人気商品】【大人気】【大大人気】【クマ】<br>
【かわいい】【おしゃれ】【生活雑貨】【AOI】<br>
【キャラグッズ】【キャラクターグッズ】<br>
■サイズ・仕様■<br>
◆サイズ：12×25×18mm<br>
コード：1.2M<br>
◆素　材：ABS・シリコン<br>
●AOIデパートはキャラクター雑貨が勢揃い！！●<br>
キキララ・ケアベア雑貨が豊富です！<br>
(*゜▽゜)/品揃えに自信アリ♪<br>
ケアベア・サンリオグッズならAOIデパート☆<br>
■当商品について■<br>
＊在庫状況により入荷待ち・<br>
欠品になる場合がございます。<br>
予めご了承下さいますようお願いいたします。<br><TABLE cellspacing=""1"" bgcolor=""#cdcd9a"" cellpadding=""10"">
  <TBODY>
    <TR>
      <TD bgcolor=""#ffffff"" height=""61""><IMG src=""http://image.rakuten.co.jp/aoi-depart/cabinet/souryou.jpg"" width=""505"" height=""52"" border=""0""><br>
      <font size=""2"">沖縄県の場合は、8,000円以上で送料無料となります。</font><FONT size=""1"">（8,000円以下の場合はご注文後に送料が加算されます。）</FONT></TD>
    </TR>
  </TBODY>
</TABLE>
<B><FONT size=""2""><FONT size=""2""><BR>
<FONT size=""2"">★　最終価格！　ソーラー　LEDクリスタルキングトナカイ　ホワイト（白）　★</FONT></FONT><BR>
<BR>
<FONT size=""2"">★　最終価格！　ソーラー　LEDクリスタルキングトナカイ　ブルー（青）　★</FONT></FONT></B><br><br>
<TABLE width=""560"">
  <TBODY>
    <TR>
      <TD valign=""top"" align=""center""><IMG src=""http://image.rakuten.co.jp/aoi-depart/cabinet/00377082/img56929916.gif"" width=""130"" height=""88"" border=""0""><BR>
      <FONT size=""-2"" color=""#999900"">&gt;人気の缶バッジ（バッチ）<BR>
      特集！200アイテム！</FONT></TD>
      <TD valign=""top"" align=""center""><IMG src=""http://image.rakuten.co.jp/aoi-depart/cabinet/00377082/img56929917.gif"" width=""130"" height=""88"" border=""0""><BR>
      <FONT size=""-2"" color=""#999900"">&gt;インテリア用のポスター！<BR>
      特集！200アイテム！</FONT></TD>
      <TD valign=""top"" align=""center""><IMG src=""http://image.rakuten.co.jp/aoi-depart/cabinet/00377082/img56929918.gif"" width=""130"" height=""89"" border=""0""><BR>
      <FONT size=""-2"" color=""#999900"">&gt;人気キャラ！キーホルダー<BR>
      特集！300アイテム！</FONT></TD>
      <TD valign=""top"" align=""center""><IMG src=""http://image.rakuten.co.jp/aoi-depart/cabinet/00377082/img56929919.gif"" width=""130"" height=""89"" border=""0""><BR>
      <FONT size=""-2"" color=""#999900"">&gt;やっぱりワッペン！<BR>
      特集！200アイテム！</FONT></TD>
    </TR>
  </TBODY>
</TABLE>




<P><IMG src=""http://image.rakuten.co.jp/aoi-depart/cabinet/img58891052.gif"" border=""0"" width=""560"" height=""94""><BR>
<FONT color=""#000000"" size=""1"">大人気！くろねこ雑貨、新商品続々入荷中！黒猫キッチン用品、バス用品、おしゃれ雑貨、黒猫インテリア</FONT></P>
<TABLE width=""560"" cellpadding=""0"" cellspacing=""0"">
  <TBODY valign=""top"">
    <TR>
      <TD valign=""top""><IMG src=""http://image.rakuten.co.jp/aoi-depart/cabinet/00377084/imgrc0065158542.gif"" border=""0"" width=""270"" height=""80""><BR>
      <FONT size=""1"">クレヨンしんちゃんグッズ続々入荷中！<BR>
      新学期はしんちゃんのランチグッズやペンケースで決まり！<BR>
      新生活も応援！クッションやタオル、グラスも豊富♪<BR>
      <BR>
      </FONT></TD>
      <TD valign=""top""><IMG src=""http://image.rakuten.co.jp/aoi-depart/cabinet/00377084/imgrc0065158540.gif"" border=""0"" width=""270"" height=""80""><BR>
      <FONT size=""1"">ピンクやレッドがキュートなキティやマイメロ♪<BR>
      サンリオのステップやコロコロクリーナーが売れてます！<BR>
      メラミンカップやグラス、おもちゃ箱も♪プレゼントやギフトにも♪</FONT><BR>
      <BR>
      </TD>
    </TR>
  </TBODY>
</TABLE>
<TABLE width=""560"" cellpadding=""0"" cellspacing=""0"">
  <TBODY valign=""top"">
    <TR>
      <TD valign=""top""><IMG src=""http://image.rakuten.co.jp/aoi-depart/cabinet/00377084/imgrc0065158539.gif"" border=""0"" width=""270"" height=""80""><BR>
      <FONT size=""1"">ベビータオルやベビーギフトならアナノカフェ♪安心の日本製です。<BR>
      ほわほわ～の柔らか素材がお肌にも優しい。<BR>
      内祝やご出産祝にも最適！スタイや肌着の種類も豊富！</FONT><BR>
      <BR>
      </TD>
      <TD valign=""top""><IMG src=""http://image.rakuten.co.jp/aoi-depart/cabinet/00377084/imgrc0065158538.gif"" border=""0"" width=""270"" height=""80""><BR>
      <FONT size=""1"">キュートでポップな亜土ちゃんのグッズでラブリーな生活を♪<BR>
      クッションや食器、ブリキケースもすっごくカワイイ♪<BR>
      お花★ハート★キッス　が合言葉♪！</FONT></TD>
    </TR>
  </TBODY>
</TABLE>
<TABLE width=""560"" cellpadding=""0"" cellspacing=""0"">
  <TBODY valign=""top"">
    <TR>
      <TD valign=""top""><IMG src=""http://image.rakuten.co.jp/aoi-depart/cabinet/00377084/imgrc0065158541.gif"" border=""0"" width=""270"" height=""80""><BR>
      <FONT size=""1"">やっぱり定番！ず～っと人気が止まらないっ！<BR>
      クッションやティッシュカバー、フリーケースで周りをボブイエロー<BR>
      に染めちゃえ！超ビッグなメガデカクッションは要チェック！</FONT><BR>
      <BR>
      </TD>
      <TD valign=""top""><IMG src=""http://image.rakuten.co.jp/aoi-depart/cabinet/00377084/imgrc0065158543.gif"" border=""0"" width=""270"" height=""80""><BR>
      <FONT size=""1"">アメコミの中でもスパイダーマンはダントツ人気！<BR>
      ポスターやコスチューム、ストラップなどなどグッズも大量！<BR>
      お部屋に飾ればカッコイイ　ヒーロコミックの世界に！</FONT><BR>
      <BR>
      </TD>
    </TR>
  </TBODY>
</TABLE>

<TABLE width=""560"">
  <TBODY>
    <TR>
      <TD><IMG src=""http://image.rakuten.co.jp/aoi-depart/cabinet/00377084/img57529064.gif"" width=""186"" height=""70"" border=""0""><BR>
      <FONT size=""-2"" color=""#ff8000"">▼タオル特集！柔らか～！かわいい～！<BR>
      自分流でお気に入りをどうぞ♪</FONT></TD>
      <TD><IMG src=""http://image.rakuten.co.jp/aoi-depart/cabinet/00377084/img57529063.gif"" width=""186"" height=""70"" border=""0""><BR>
      <FONT size=""-2"" color=""#ff8000"">▼健康な美しさを追求♪でもでも毎日使うものだからこそかわいいデザインのものを♪</FONT></TD>
      <TD><IMG src=""http://image.rakuten.co.jp/aoi-depart/cabinet/00377084/img57529065.gif"" width=""186"" height=""70"" border=""0""><BR>
      <FONT size=""-2"" color=""#ff8000"">▼お風呂グッズ特集♪こだわりタオルから便利バス用品まで選りすぐって取り揃えました♪</FONT></TD>
    </TR>
  </TBODY>
</TABLE>

<TABLE width=""560"" height=""120"" bgcolor=""#ffffff"" cellpadding=""0"" cellspacing=""1"">
  <TBODY>
    <TR>
      <TD bgcolor=""#ffffff"" align=""center"" valign=""top""><IMG src=""http://image.rakuten.co.jp/aoi-depart/cabinet/00377084/img57844237.gif"" width=""270"" height=""72"" border=""0""><BR>
      <FONT size=""-2"" color=""#666666"">■生活雑貨勢揃い！1000アイテムの中からお気に入りをどうぞ！■</FONT></TD>
      <TD bgcolor=""#ffffff"" align=""center"" valign=""middle""><IMG src=""http://image.rakuten.co.jp/aoi-depart/cabinet/00377082/img57733851.gif"" width=""270"" height=""103"" border=""0""><BR>
      <FONT size=""-2"" color=""#666666"">■AOIデパートのコスチューム♪新商品がいっぱい♪</FONT></TD>
    </TR>
  </TBODY>
</TABLE>",【ケアベア】【CAREBEARS】メチャノリイヤフォン【イヤホン】【生活】【ジャック】【クマ】【Carebears】【イアホン】【かわいい】【アニメ】【キャラクターグッズ】【雑貨】ケアベアグッズ多数揃えました 耳のところにケアベアがついていてとってもかわいいんです：ＡＯＩデパート,雑貨スポンジボブイルミネーションケアベアラットフィンク時計ハッピーツリーフレンズディズニー【ケアベア】【CAREBEARS】メチャノリイヤフォン【イヤホン】【生活】【ジャック】【クマ】【Carebears】【イアホン】【かわいい】【アニメ】【キャラクターグッズ】【雑貨】ケアベアグッズ多数揃えました 耳のところにケアベアがついていてとってもかわいいんです,【ケアベア】【CAREBEARS】メチャノリイヤフォン【イヤホン】。【ケアベア】【CAREBEARS】メチャノリイヤフォン【イヤホン】【生活】【ジャック】【クマ】【Carebears】【イアホン】【かわいい】【アニメ】【キャラクターグッズ】【雑貨】ケアベアグッズ多数揃えました 耳のところにケアベアがついていてとってもかわいいんです[rn]
2-8622,http://tshop.r10s.jp/gold/aoi-depart/6zak609-1.gif?fitin=700:700,200.0000,,日用品雑貨・文房具・手芸 > 日用品・生活雑貨 > その他,スージーズー（ブーフ）【マッサージ（ツボ押）】AOIデパートの大大人気大人気！全品50 以上！最大99 の目玉大人気です♪【2.980円以上送料無料】【新商品】【大人気】【大大人気】【50～99 】,スージーズー（ブーフ）【マッサージ】大大人気！最大99,"■説明■<br>
スージーズー（ブーフ）【マッサージ】<br>
AOIデパートの大大人気大人気！<br>
全品50 以上！<br>
最大99 の目玉大人気です♪<br>
【2.980円以上送料無料】【新商品】<br>
【大人気】【大大人気】【50～99 】<br>
■サイズ・仕様■<br>
サイズ：H15cm×W11cm<br>
■AOIデパートは大大人気商品が勢揃い！！■<br>
大人気以上の頑張りが当店のスローガンです♪<br><TABLE cellspacing=""1"" bgcolor=""#cdcd9a"" cellpadding=""10"">
  <TBODY>
    <TR>
      <TD bgcolor=""#ffffff"" height=""61""><IMG src=""http://image.rakuten.co.jp/aoi-depart/cabinet/souryou.jpg"" width=""505"" height=""52"" border=""0""><br>
      <font size=""2"">沖縄県の場合は、8,000円以上で送料無料となります。</font><FONT size=""1"">（8,000円以下の場合はご注文後に送料が加算されます。）</FONT></TD>
    </TR>
  </TBODY>
</TABLE>
<B><FONT size=""2""><FONT size=""2""><BR>
<FONT size=""2"">★　最終価格！　ソーラー　LEDクリスタルキングトナカイ　ホワイト（白）　★</FONT></FONT><BR>
<BR>
<FONT size=""2"">★　最終価格！　ソーラー　LEDクリスタルキングトナカイ　ブルー（青）　★</FONT></FONT></B><br><br>
<TABLE width=""560"">
  <TBODY>
    <TR>
      <TD valign=""top"" align=""center""><IMG src=""http://image.rakuten.co.jp/aoi-depart/cabinet/00377082/img56929916.gif"" width=""130"" height=""88"" border=""0""><BR>
      <FONT size=""-2"" color=""#999900"">&gt;人気の缶バッジ（バッチ）<BR>
      特集！200アイテム！</FONT></TD>
      <TD valign=""top"" align=""center""><IMG src=""http://image.rakuten.co.jp/aoi-depart/cabinet/00377082/img56929917.gif"" width=""130"" height=""88"" border=""0""><BR>
      <FONT size=""-2"" color=""#999900"">&gt;インテリア用のポスター！<BR>
      特集！200アイテム！</FONT></TD>
      <TD valign=""top"" align=""center""><IMG src=""http://image.rakuten.co.jp/aoi-depart/cabinet/00377082/img56929918.gif"" width=""130"" height=""89"" border=""0""><BR>
      <FONT size=""-2"" color=""#999900"">&gt;人気キャラ！キーホルダー<BR>
      特集！300アイテム！</FONT></TD>
      <TD valign=""top"" align=""center""><IMG src=""http://image.rakuten.co.jp/aoi-depart/cabinet/00377082/img56929919.gif"" width=""130"" height=""89"" border=""0""><BR>
      <FONT size=""-2"" color=""#999900"">&gt;やっぱりワッペン！<BR>
      特集！200アイテム！</FONT></TD>
    </TR>
  </TBODY>
</TABLE>




<P><IMG src=""http://image.rakuten.co.jp/aoi-depart/cabinet/img58891052.gif"" border=""0"" width=""560"" height=""94""><BR>
<FONT color=""#000000"" size=""1"">大人気！くろねこ雑貨、新商品続々入荷中！黒猫キッチン用品、バス用品、おしゃれ雑貨、黒猫インテリア</FONT></P>
<TABLE width=""560"" cellpadding=""0"" cellspacing=""0"">
  <TBODY valign=""top"">
    <TR>
      <TD valign=""top""><IMG src=""http://image.rakuten.co.jp/aoi-depart/cabinet/00377084/imgrc0065158542.gif"" border=""0"" width=""270"" height=""80""><BR>
      <FONT size=""1"">クレヨンしんちゃんグッズ続々入荷中！<BR>
      新学期はしんちゃんのランチグッズやペンケースで決まり！<BR>
      新生活も応援！クッションやタオル、グラスも豊富♪<BR>
      <BR>
      </FONT></TD>
      <TD valign=""top""><IMG src=""http://image.rakuten.co.jp/aoi-depart/cabinet/00377084/imgrc0065158540.gif"" border=""0"" width=""270"" height=""80""><BR>
      <FONT size=""1"">ピンクやレッドがキュートなキティやマイメロ♪<BR>
      サンリオのステップやコロコロクリーナーが売れてます！<BR>
      メラミンカップやグラス、おもちゃ箱も♪プレゼントやギフトにも♪</FONT><BR>
      <BR>
      </TD>
    </TR>
  </TBODY>
</TABLE>
<TABLE width=""560"" cellpadding=""0"" cellspacing=""0"">
  <TBODY valign=""top"">
    <TR>
      <TD valign=""top""><IMG src=""http://image.rakuten.co.jp/aoi-depart/cabinet/00377084/imgrc0065158539.gif"" border=""0"" width=""270"" height=""80""><BR>
      <FONT size=""1"">ベビータオルやベビーギフトならアナノカフェ♪安心の日本製です。<BR>
      ほわほわ～の柔らか素材がお肌にも優しい。<BR>
      内祝やご出産祝にも最適！スタイや肌着の種類も豊富！</FONT><BR>
      <BR>
      </TD>
      <TD valign=""top""><IMG src=""http://image.rakuten.co.jp/aoi-depart/cabinet/00377084/imgrc0065158538.gif"" border=""0"" width=""270"" height=""80""><BR>
      <FONT size=""1"">キュートでポップな亜土ちゃんのグッズでラブリーな生活を♪<BR>
      クッションや食器、ブリキケースもすっごくカワイイ♪<BR>
      お花★ハート★キッス　が合言葉♪！</FONT></TD>
    </TR>
  </TBODY>
</TABLE>
<TABLE width=""560"" cellpadding=""0"" cellspacing=""0"">
  <TBODY valign=""top"">
    <TR>
      <TD valign=""top""><IMG src=""http://image.rakuten.co.jp/aoi-depart/cabinet/00377084/imgrc0065158541.gif"" border=""0"" width=""270"" height=""80""><BR>
      <FONT size=""1"">やっぱり定番！ず～っと人気が止まらないっ！<BR>
      クッションやティッシュカバー、フリーケースで周りをボブイエロー<BR>
      に染めちゃえ！超ビッグなメガデカクッションは要チェック！</FONT><BR>
      <BR>
      </TD>
      <TD valign=""top""><IMG src=""http://image.rakuten.co.jp/aoi-depart/cabinet/00377084/imgrc0065158543.gif"" border=""0"" width=""270"" height=""80""><BR>
      <FONT size=""1"">アメコミの中でもスパイダーマンはダントツ人気！<BR>
      ポスターやコスチューム、ストラップなどなどグッズも大量！<BR>
      お部屋に飾ればカッコイイ　ヒーロコミックの世界に！</FONT><BR>
      <BR>
      </TD>
    </TR>
  </TBODY>
</TABLE>

<TABLE width=""560"">
  <TBODY>
    <TR>
      <TD><IMG src=""http://image.rakuten.co.jp/aoi-depart/cabinet/00377084/img57529064.gif"" width=""186"" height=""70"" border=""0""><BR>
      <FONT size=""-2"" color=""#ff8000"">▼タオル特集！柔らか～！かわいい～！<BR>
      自分流でお気に入りをどうぞ♪</FONT></TD>
      <TD><IMG src=""http://image.rakuten.co.jp/aoi-depart/cabinet/00377084/img57529063.gif"" width=""186"" height=""70"" border=""0""><BR>
      <FONT size=""-2"" color=""#ff8000"">▼健康な美しさを追求♪でもでも毎日使うものだからこそかわいいデザインのものを♪</FONT></TD>
      <TD><IMG src=""http://image.rakuten.co.jp/aoi-depart/cabinet/00377084/img57529065.gif"" width=""186"" height=""70"" border=""0""><BR>
      <FONT size=""-2"" color=""#ff8000"">▼お風呂グッズ特集♪こだわりタオルから便利バス用品まで選りすぐって取り揃えました♪</FONT></TD>
    </TR>
  </TBODY>
</TABLE>

<TABLE width=""560"" height=""120"" bgcolor=""#ffffff"" cellpadding=""0"" cellspacing=""1"">
  <TBODY>
    <TR>
      <TD bgcolor=""#ffffff"" align=""center"" valign=""top""><IMG src=""http://image.rakuten.co.jp/aoi-depart/cabinet/00377084/img57844237.gif"" width=""270"" height=""72"" border=""0""><BR>
      <FONT size=""-2"" color=""#666666"">■生活雑貨勢揃い！1000アイテムの中からお気に入りをどうぞ！■</FONT></TD>
      <TD bgcolor=""#ffffff"" align=""center"" valign=""middle""><IMG src=""http://image.rakuten.co.jp/aoi-depart/cabinet/00377082/img57733851.gif"" width=""270"" height=""103"" border=""0""><BR>
      <FONT size=""-2"" color=""#666666"">■AOIデパートのコスチューム♪新商品がいっぱい♪</FONT></TD>
    </TR>
  </TBODY>
</TABLE>",スージーズー（ブーフ）【マッサージ（ツボ押）】AOIデパートの大大人気大人気！全品50 以上！最大99 の目玉大人気です♪【2.980円以上送料無料】【新商品】【大人気】【大大人気】【50～99 】：ＡＯＩデパート,雑貨スポンジボブイルミネーションケアベアラットフィンク時計ハッピーツリーフレンズディズニースージーズー（ブーフ）【マッサージ（ツボ押）】AOIデパートの大大人気大人気！全品50 以上！最大99 の目玉大人気です♪【2.980円以上送料無料】【新商品】【大人気】【大大人気】【50～99 】,スージーズー（ブーフ）【マッサージ】大大人気！最大99。スージーズー（ブーフ）【マッサージ（ツボ押）】AOIデパートの大大人気大人気！全品50 以上！最大99 の目玉大人気です♪【2.980円以上送料無料】【新商品】【大人気】【大大人気】【50～99 】[rn]
2-8623,http://tshop.r10s.jp/aoi-depart/cabinet/19zak-1/19zak216-1.gif?fitin=700:700,5616.0000,,日用品雑貨・文房具・手芸 > 日用品・生活雑貨 > その他,【アメリカ製】【STREET SIGN】ストリートサインボード【WALL】【高速】【看板】【米国交通局】【雑貨】【アメリカン雑貨】【アメリカ雑貨】【アメリカ】【USA】【かわいい】【おしゃれ】,【アメリカ製】【STREET SIGN】ストリートサインボード,"■説明■<br>
【アメリカ製】【STREET SIGN】<br>
ストリートサインボード【WALL】【高速】<br>
【看板】【米国交通局】【雑貨】<br>
【アメリカン雑貨】【アメリカ雑貨】<br>
【アメリカ】【USA】【かわいい】【おしゃれ】<br>
実際にアメリカで使用されているオフィシャル看板。
<br>ガレージやショップのディスプレイにも最適です<br> 
実際にアメリカの道路で使用されている!<br>
オフィシャルの看板♪<br>
定番のアメリカン雑貨や！<br>
珍しいグッズを多数揃えました♪<br>
お気に入りのアイテムで楽しい空間を演出♪<br>
【大人気】【アメリカン雑貨】【新作】【POP】<br>
【3.980円以上送料無料】【人気商品】【生活】<br>
【大人気】【大大人気】【雑貨】【日用品】<br>
【日本】【グッズ】【ファンシー】【人気商品】<br>
【アメリカ雑貨】【かわいい】【おしゃれ】<br>
【生活雑貨】【AOI】【アメリカ】【BAR】<br>
【インテリア雑貨】【USA】【アメリカン】<br>
■サイズ・仕様■<br>
◆サイズ：H130×610mm<br>
◆素　材：アルミニウム<br>
◆MADE IN U.S.A<br>
●AOIデパートはアメリカン雑貨が勢揃い！！●<br>
アメリカン雑貨が豊富です！<br>
(*゜▽゜)/品揃えに自信アリ♪<br>
カラフルなグッズで毎日の生活を楽しんでください！<br>
■当商品について■<br>
＊在庫状況により入荷待ち・<br>
欠品になる場合がございます。<br>
予めご了承下さいますようお願いいたします。<br><TABLE cellspacing=""1"" bgcolor=""#cdcd9a"" cellpadding=""10"">
  <TBODY>
    <TR>
      <TD bgcolor=""#ffffff"" height=""61""><IMG src=""http://image.rakuten.co.jp/aoi-depart/cabinet/souryou.jpg"" width=""505"" height=""52"" border=""0""><br>
      <font size=""2"">沖縄県の場合は、8,000円以上で送料無料となります。</font><FONT size=""1"">（8,000円以下の場合はご注文後に送料が加算されます。）</FONT></TD>
    </TR>
  </TBODY>
</TABLE>
<B><FONT size=""2""><FONT size=""2""><BR>
<FONT size=""2"">★　最終価格！　ソーラー　LEDクリスタルキングトナカイ　ホワイト（白）　★</FONT></FONT><BR>
<BR>
<FONT size=""2"">★　最終価格！　ソーラー　LEDクリスタルキングトナカイ　ブルー（青）　★</FONT></FONT></B><br><br>
<TABLE width=""560"">
  <TBODY>
    <TR>
      <TD valign=""top"" align=""center""><IMG src=""http://image.rakuten.co.jp/aoi-depart/cabinet/00377082/img56929916.gif"" width=""130"" height=""88"" border=""0""><BR>
      <FONT size=""-2"" color=""#999900"">&gt;人気の缶バッジ（バッチ）<BR>
      特集！200アイテム！</FONT></TD>
      <TD valign=""top"" align=""center""><IMG src=""http://image.rakuten.co.jp/aoi-depart/cabinet/00377082/img56929917.gif"" width=""130"" height=""88"" border=""0""><BR>
      <FONT size=""-2"" color=""#999900"">&gt;インテリア用のポスター！<BR>
      特集！200アイテム！</FONT></TD>
      <TD valign=""top"" align=""center""><IMG src=""http://image.rakuten.co.jp/aoi-depart/cabinet/00377082/img56929918.gif"" width=""130"" height=""89"" border=""0""><BR>
      <FONT size=""-2"" color=""#999900"">&gt;人気キャラ！キーホルダー<BR>
      特集！300アイテム！</FONT></TD>
      <TD valign=""top"" align=""center""><IMG src=""http://image.rakuten.co.jp/aoi-depart/cabinet/00377082/img56929919.gif"" width=""130"" height=""89"" border=""0""><BR>
      <FONT size=""-2"" color=""#999900"">&gt;やっぱりワッペン！<BR>
      特集！200アイテム！</FONT></TD>
    </TR>
  </TBODY>
</TABLE>




<P><IMG src=""http://image.rakuten.co.jp/aoi-depart/cabinet/img58891052.gif"" border=""0"" width=""560"" height=""94""><BR>
<FONT color=""#000000"" size=""1"">大人気！くろねこ雑貨、新商品続々入荷中！黒猫キッチン用品、バス用品、おしゃれ雑貨、黒猫インテリア</FONT></P>
<TABLE width=""560"" cellpadding=""0"" cellspacing=""0"">
  <TBODY valign=""top"">
    <TR>
      <TD valign=""top""><IMG src=""http://image.rakuten.co.jp/aoi-depart/cabinet/00377084/imgrc0065158542.gif"" border=""0"" width=""270"" height=""80""><BR>
      <FONT size=""1"">クレヨンしんちゃんグッズ続々入荷中！<BR>
      新学期はしんちゃんのランチグッズやペンケースで決まり！<BR>
      新生活も応援！クッションやタオル、グラスも豊富♪<BR>
      <BR>
      </FONT></TD>
      <TD valign=""top""><IMG src=""http://image.rakuten.co.jp/aoi-depart/cabinet/00377084/imgrc0065158540.gif"" border=""0"" width=""270"" height=""80""><BR>
      <FONT size=""1"">ピンクやレッドがキュートなキティやマイメロ♪<BR>
      サンリオのステップやコロコロクリーナーが売れてます！<BR>
      メラミンカップやグラス、おもちゃ箱も♪プレゼントやギフトにも♪</FONT><BR>
      <BR>
      </TD>
    </TR>
  </TBODY>
</TABLE>
<TABLE width=""560"" cellpadding=""0"" cellspacing=""0"">
  <TBODY valign=""top"">
    <TR>
      <TD valign=""top""><IMG src=""http://image.rakuten.co.jp/aoi-depart/cabinet/00377084/imgrc0065158539.gif"" border=""0"" width=""270"" height=""80""><BR>
      <FONT size=""1"">ベビータオルやベビーギフトならアナノカフェ♪安心の日本製です。<BR>
      ほわほわ～の柔らか素材がお肌にも優しい。<BR>
      内祝やご出産祝にも最適！スタイや肌着の種類も豊富！</FONT><BR>
      <BR>
      </TD>
      <TD valign=""top""><IMG src=""http://image.rakuten.co.jp/aoi-depart/cabinet/00377084/imgrc0065158538.gif"" border=""0"" width=""270"" height=""80""><BR>
      <FONT size=""1"">キュートでポップな亜土ちゃんのグッズでラブリーな生活を♪<BR>
      クッションや食器、ブリキケースもすっごくカワイイ♪<BR>
      お花★ハート★キッス　が合言葉♪！</FONT></TD>
    </TR>
  </TBODY>
</TABLE>
<TABLE width=""560"" cellpadding=""0"" cellspacing=""0"">
  <TBODY valign=""top"">
    <TR>
      <TD valign=""top""><IMG src=""http://image.rakuten.co.jp/aoi-depart/cabinet/00377084/imgrc0065158541.gif"" border=""0"" width=""270"" height=""80""><BR>
      <FONT size=""1"">やっぱり定番！ず～っと人気が止まらないっ！<BR>
      クッションやティッシュカバー、フリーケースで周りをボブイエロー<BR>
      に染めちゃえ！超ビッグなメガデカクッションは要チェック！</FONT><BR>
      <BR>
      </TD>
      <TD valign=""top""><IMG src=""http://image.rakuten.co.jp/aoi-depart/cabinet/00377084/imgrc0065158543.gif"" border=""0"" width=""270"" height=""80""><BR>
      <FONT size=""1"">アメコミの中でもスパイダーマンはダントツ人気！<BR>
      ポスターやコスチューム、ストラップなどなどグッズも大量！<BR>
      お部屋に飾ればカッコイイ　ヒーロコミックの世界に！</FONT><BR>
      <BR>
      </TD>
    </TR>
  </TBODY>
</TABLE>

<TABLE width=""560"">
  <TBODY>
    <TR>
      <TD><IMG src=""http://image.rakuten.co.jp/aoi-depart/cabinet/00377084/img57529064.gif"" width=""186"" height=""70"" border=""0""><BR>
      <FONT size=""-2"" color=""#ff8000"">▼タオル特集！柔らか～！かわいい～！<BR>
      自分流でお気に入りをどうぞ♪</FONT></TD>
      <TD><IMG src=""http://image.rakuten.co.jp/aoi-depart/cabinet/00377084/img57529063.gif"" width=""186"" height=""70"" border=""0""><BR>
      <FONT size=""-2"" color=""#ff8000"">▼健康な美しさを追求♪でもでも毎日使うものだからこそかわいいデザインのものを♪</FONT></TD>
      <TD><IMG src=""http://image.rakuten.co.jp/aoi-depart/cabinet/00377084/img57529065.gif"" width=""186"" height=""70"" border=""0""><BR>
      <FONT size=""-2"" color=""#ff8000"">▼お風呂グッズ特集♪こだわりタオルから便利バス用品まで選りすぐって取り揃えました♪</FONT></TD>
    </TR>
  </TBODY>
</TABLE>

<TABLE width=""560"" height=""120"" bgcolor=""#ffffff"" cellpadding=""0"" cellspacing=""1"">
  <TBODY>
    <TR>
      <TD bgcolor=""#ffffff"" align=""center"" valign=""top""><IMG src=""http://image.rakuten.co.jp/aoi-depart/cabinet/00377084/img57844237.gif"" width=""270"" height=""72"" border=""0""><BR>
      <FONT size=""-2"" color=""#666666"">■生活雑貨勢揃い！1000アイテムの中からお気に入りをどうぞ！■</FONT></TD>
      <TD bgcolor=""#ffffff"" align=""center"" valign=""middle""><IMG src=""http://image.rakuten.co.jp/aoi-depart/cabinet/00377082/img57733851.gif"" width=""270"" height=""103"" border=""0""><BR>
      <FONT size=""-2"" color=""#666666"">■AOIデパートのコスチューム♪新商品がいっぱい♪</FONT></TD>
    </TR>
  </TBODY>
</TABLE>",【アメリカ製】【STREET SIGN】ストリートサインボード【WALL】【高速】【看板】【米国交通局】【雑貨】【アメリカン雑貨】【アメリカ雑貨】【アメリカ】【USA】【かわいい】【おしゃれ】：ＡＯＩデパート,雑貨スポンジボブイルミネーションケアベアラットフィンク時計ハッピーツリーフレンズディズニー【アメリカ製】【STREET SIGN】ストリートサインボード【WALL】【高速】【看板】【米国交通局】【雑貨】【アメリカン雑貨】【アメリカ雑貨】【アメリカ】【USA】【かわいい】【おしゃれ】,【アメリカ製】【STREET SIGN】ストリートサインボード。【アメリカ製】【STREET SIGN】ストリートサインボード【WALL】【高速】【看板】【米国交通局】【雑貨】【アメリカン雑貨】【アメリカ雑貨】【アメリカ】【USA】【かわいい】【おしゃれ】[rn]
2-8624,http://tshop.r10s.jp/gold/aoi-depart/6zak597-1.gif?fitin=700:700,319.2000,,日用品雑貨・文房具・手芸 > 日用品・生活雑貨 > その他,【あす楽対応】ミッキーマウス　ドッグウェア【ディズニー】【ミッキー】コスプレ　わんちゃん服・犬の服・ペット用　衣装　プレゼント・ギフトにも♪【新商品】【大人気】【大大人気】,あす楽対応！2980円以上送料無料！（沖縄除く）,"■説明■<br>
ミッキーマウス　ドッグウェアー<br>
ディズニー】【ミッキー】<br>
AOIデパートの大大人気大人気！<br>
【2.980円以上送料無料】【新商品】<br>
【大人気】【大大人気】<br>
■サイズ・仕様■<br>
サイズ▼<br>
S：たて約37.5cm　首回り約26cm　胴回り約36cm<br>
L:たて約62cm　首回り約40cm　胴回り約53cm<br>
多少伸びる生地です。また、リード穴があります。<br><br>
<CENTER>
<TABLE cellspacing=""1"" bgcolor=""#ff0000"" width=""400"">
  <TBODY>
    <TR>
      <TD align=""center""><BR>
      <FONT color=""#ffffff"" size=""+1""><B>【あす楽注意事項】</B></FONT><BR>
      <BR>
      <FONT color=""#ffffff""><B>＜あす楽ご利用のお客様へ＞<BR>
      ！必ず下記をご確認下さい！</B></FONT><BR>
      <BR>
      </TD>
    </TR>
    <TR>
      <TD bgcolor=""#ffffff"" align=""center""><BR>
      <FONT size=""3"" color=""#ff0000""><B>★ご注意★<BR>
      次の場合、翌日のお届けはできません！</B></FONT><FONT size=""2""><BR>
      <BR>
      下記の場合は自動的に「通常配送」となりますが、<BR>
      弊社流通事情によりご注文後のキャンセルは<BR>
      承れませんので予めご了承下さい。<BR>
      <BR>
      <font color=""red"">【「通常配送：」と配送種別に記載がある商品】<br>
（買い物かごで「あす楽」をお選び頂いても、<br>通常配送となりますのでご注意下さい。）</font><br>
      【正午以降のご注文】<BR>
      【対象エリア外のお届け】<BR>
      【当店休業日・営業時間外のご注文】<BR>
      【あす楽対応の記載が無い、あす楽未対応商品との同梱】<BR>
      【決済不備の場合】<BR>
      【「クレジット決済」「代引」「ポイント全額」以外の支払方法の場合】<BR>
      <BR>
      ※配送エリアは離島、中継地域を除きます。<BR>
　　　<br>
　　　※宅配便のみとなります。
      <BR>
      ※お届け時間指定はできません。<BR>
      ⇒備考らんへ「午前中着必須」等記載されても、<BR>
      あす楽商品は翌日配送が優先されます。<BR>
      もしもどうしても時間指定を優先されたい場合は、<BR>
      「翌々日以降でも可」など、<BR>
      翌日配送でなくとも良い旨、明確にご連絡下さい。<BR>
      <BR>
      ※別注文頂きました商品の同梱が発生する場合は、<BR>
      後のご注文に合わせさせて頂いたあす楽になります。<BR>
      また、全てあす楽対応の商品でご注文を頂いた場合でも、<BR>
      あす楽の対応をいたしかねる場合がございます。<BR>
      <BR>
      ※あす楽ご希望の場合は、必ずひとつのカゴで、<BR>
      全てあす楽対応商品のみでまとめてご注文をお願いします。<BR>
      <BR>
      ※お支払い方法は「クレジット決済」「代金引換」<BR>
      「ポイント全額ご利用」のみあす楽対応となります。<BR>
      <BR>
      ※ご注文時、配送日時指定をご指定頂きました場合は、<BR>
      自動的に日時指定優先（あす楽対応外）となります。<BR>
      <BR>
      ※運送時の交通事情や天候事情など、<BR>
      その他の不可抗力が生じた場合には、到着日が<BR>
      前後することがございますのでご了承願います。<BR>
      <BR>
      ※楽天の自動配信メールが届いた時間が注文受付時間となります。<BR>
      ご注文が集中している場合や、システム障害発生時は、<BR>
      受注時間の誤差が生じる場合がございます。<BR>
      <BR>
      ※自動送信メールを必ずご確認下さい。<BR>
      <BR>
      ※迷惑メール対策等により、Eメールが届かない場合、<BR>
      大切なご連絡をお知らせできません為、楽天や当店よりの<BR>
      Eメールは必ず届くよう設定をお願い致します。<BR>
      <BR>
      ※あす楽対応外となりました場合は、自動的に<BR>
      通常配送に変更させて頂きますので、ご了承下さい。<BR>
      <BR>
      ※ご注文後のキャンセルはできません。<BR>
      <BR>
      ※ご注文後の商品変更はお受けできない場合がございます。<BR>
      <BR>
      ※休業日につきましては、<BR>
      【PCサイト】ショップ情報など<BR>
      【携帯サイト】トップページ<BR>
      でお知らせさせて頂きます。<BR>
      <BR>※その他、あす楽に関しましては、楽天の規約・詳細に<BR>
基づきますので、楽天のあす楽ページもご確認下さい。</FONT><BR>
      <BR>
      </TD>
    </TR>
  </TBODY>
</TABLE>
</CENTER><TABLE cellspacing=""1"" bgcolor=""#cdcd9a"" cellpadding=""10"">
  <TBODY>
    <TR>
      <TD bgcolor=""#ffffff"" height=""61""><IMG src=""http://image.rakuten.co.jp/aoi-depart/cabinet/souryou.jpg"" width=""505"" height=""52"" border=""0""><br>
      <font size=""2"">沖縄県の場合は、8,000円以上で送料無料となります。</font><FONT size=""1"">（8,000円以下の場合はご注文後に送料が加算されます。）</FONT></TD>
    </TR>
  </TBODY>
</TABLE>
<B><FONT size=""2""><FONT size=""2""><BR>
<FONT size=""2"">★　最終価格！　ソーラー　LEDクリスタルキングトナカイ　ホワイト（白）　★</FONT></FONT><BR>
<BR>
<FONT size=""2"">★　最終価格！　ソーラー　LEDクリスタルキングトナカイ　ブルー（青）　★</FONT></FONT></B><br><br>
<TABLE width=""560"">
  <TBODY>
    <TR>
      <TD valign=""top"" align=""center""><IMG src=""http://image.rakuten.co.jp/aoi-depart/cabinet/00377082/img56929916.gif"" width=""130"" height=""88"" border=""0""><BR>
      <FONT size=""-2"" color=""#999900"">&gt;人気の缶バッジ（バッチ）<BR>
      特集！200アイテム！</FONT></TD>
      <TD valign=""top"" align=""center""><IMG src=""http://image.rakuten.co.jp/aoi-depart/cabinet/00377082/img56929917.gif"" width=""130"" height=""88"" border=""0""><BR>
      <FONT size=""-2"" color=""#999900"">&gt;インテリア用のポスター！<BR>
      特集！200アイテム！</FONT></TD>
      <TD valign=""top"" align=""center""><IMG src=""http://image.rakuten.co.jp/aoi-depart/cabinet/00377082/img56929918.gif"" width=""130"" height=""89"" border=""0""><BR>
      <FONT size=""-2"" color=""#999900"">&gt;人気キャラ！キーホルダー<BR>
      特集！300アイテム！</FONT></TD>
      <TD valign=""top"" align=""center""><IMG src=""http://image.rakuten.co.jp/aoi-depart/cabinet/00377082/img56929919.gif"" width=""130"" height=""89"" border=""0""><BR>
      <FONT size=""-2"" color=""#999900"">&gt;やっぱりワッペン！<BR>
      特集！200アイテム！</FONT></TD>
    </TR>
  </TBODY>
</TABLE>




<P><IMG src=""http://image.rakuten.co.jp/aoi-depart/cabinet/img58891052.gif"" border=""0"" width=""560"" height=""94""><BR>
<FONT color=""#000000"" size=""1"">大人気！くろねこ雑貨、新商品続々入荷中！黒猫キッチン用品、バス用品、おしゃれ雑貨、黒猫インテリア</FONT></P>
<TABLE width=""560"" cellpadding=""0"" cellspacing=""0"">
  <TBODY valign=""top"">
    <TR>
      <TD valign=""top""><IMG src=""http://image.rakuten.co.jp/aoi-depart/cabinet/00377084/imgrc0065158542.gif"" border=""0"" width=""270"" height=""80""><BR>
      <FONT size=""1"">クレヨンしんちゃんグッズ続々入荷中！<BR>
      新学期はしんちゃんのランチグッズやペンケースで決まり！<BR>
      新生活も応援！クッションやタオル、グラスも豊富♪<BR>
      <BR>
      </FONT></TD>
      <TD valign=""top""><IMG src=""http://image.rakuten.co.jp/aoi-depart/cabinet/00377084/imgrc0065158540.gif"" border=""0"" width=""270"" height=""80""><BR>
      <FONT size=""1"">ピンクやレッドがキュートなキティやマイメロ♪<BR>
      サンリオのステップやコロコロクリーナーが売れてます！<BR>
      メラミンカップやグラス、おもちゃ箱も♪プレゼントやギフトにも♪</FONT><BR>
      <BR>
      </TD>
    </TR>
  </TBODY>
</TABLE>
<TABLE width=""560"" cellpadding=""0"" cellspacing=""0"">
  <TBODY valign=""top"">
    <TR>
      <TD valign=""top""><IMG src=""http://image.rakuten.co.jp/aoi-depart/cabinet/00377084/imgrc0065158539.gif"" border=""0"" width=""270"" height=""80""><BR>
      <FONT size=""1"">ベビータオルやベビーギフトならアナノカフェ♪安心の日本製です。<BR>
      ほわほわ～の柔らか素材がお肌にも優しい。<BR>
      内祝やご出産祝にも最適！スタイや肌着の種類も豊富！</FONT><BR>
      <BR>
      </TD>
      <TD valign=""top""><IMG src=""http://image.rakuten.co.jp/aoi-depart/cabinet/00377084/imgrc0065158538.gif"" border=""0"" width=""270"" height=""80""><BR>
      <FONT size=""1"">キュートでポップな亜土ちゃんのグッズでラブリーな生活を♪<BR>
      クッションや食器、ブリキケースもすっごくカワイイ♪<BR>
      お花★ハート★キッス　が合言葉♪！</FONT></TD>
    </TR>
  </TBODY>
</TABLE>
<TABLE width=""560"" cellpadding=""0"" cellspacing=""0"">
  <TBODY valign=""top"">
    <TR>
      <TD valign=""top""><IMG src=""http://image.rakuten.co.jp/aoi-depart/cabinet/00377084/imgrc0065158541.gif"" border=""0"" width=""270"" height=""80""><BR>
      <FONT size=""1"">やっぱり定番！ず～っと人気が止まらないっ！<BR>
      クッションやティッシュカバー、フリーケースで周りをボブイエロー<BR>
      に染めちゃえ！超ビッグなメガデカクッションは要チェック！</FONT><BR>
      <BR>
      </TD>
      <TD valign=""top""><IMG src=""http://image.rakuten.co.jp/aoi-depart/cabinet/00377084/imgrc0065158543.gif"" border=""0"" width=""270"" height=""80""><BR>
      <FONT size=""1"">アメコミの中でもスパイダーマンはダントツ人気！<BR>
      ポスターやコスチューム、ストラップなどなどグッズも大量！<BR>
      お部屋に飾ればカッコイイ　ヒーロコミックの世界に！</FONT><BR>
      <BR>
      </TD>
    </TR>
  </TBODY>
</TABLE>

<TABLE width=""560"">
  <TBODY>
    <TR>
      <TD><IMG src=""http://image.rakuten.co.jp/aoi-depart/cabinet/00377084/img57529064.gif"" width=""186"" height=""70"" border=""0""><BR>
      <FONT size=""-2"" color=""#ff8000"">▼タオル特集！柔らか～！かわいい～！<BR>
      自分流でお気に入りをどうぞ♪</FONT></TD>
      <TD><IMG src=""http://image.rakuten.co.jp/aoi-depart/cabinet/00377084/img57529063.gif"" width=""186"" height=""70"" border=""0""><BR>
      <FONT size=""-2"" color=""#ff8000"">▼健康な美しさを追求♪でもでも毎日使うものだからこそかわいいデザインのものを♪</FONT></TD>
      <TD><IMG src=""http://image.rakuten.co.jp/aoi-depart/cabinet/00377084/img57529065.gif"" width=""186"" height=""70"" border=""0""><BR>
      <FONT size=""-2"" color=""#ff8000"">▼お風呂グッズ特集♪こだわりタオルから便利バス用品まで選りすぐって取り揃えました♪</FONT></TD>
    </TR>
  </TBODY>
</TABLE>

<TABLE width=""560"" height=""120"" bgcolor=""#ffffff"" cellpadding=""0"" cellspacing=""1"">
  <TBODY>
    <TR>
      <TD bgcolor=""#ffffff"" align=""center"" valign=""top""><IMG src=""http://image.rakuten.co.jp/aoi-depart/cabinet/00377084/img57844237.gif"" width=""270"" height=""72"" border=""0""><BR>
      <FONT size=""-2"" color=""#666666"">■生活雑貨勢揃い！1000アイテムの中からお気に入りをどうぞ！■</FONT></TD>
      <TD bgcolor=""#ffffff"" align=""center"" valign=""middle""><IMG src=""http://image.rakuten.co.jp/aoi-depart/cabinet/00377082/img57733851.gif"" width=""270"" height=""103"" border=""0""><BR>
      <FONT size=""-2"" color=""#666666"">■AOIデパートのコスチューム♪新商品がいっぱい♪</FONT></TD>
    </TR>
  </TBODY>
</TABLE>",【あす楽対応】ミッキーマウス　ドッグウェア【ディズニー】【ミッキー】コスプレ　わんちゃん服・犬の服・ペット用　衣装　プレゼント・ギフトにも♪【新商品】【大人気】【大大人気】：ＡＯＩデパート,雑貨スポンジボブイルミネーションケアベアラットフィンク時計ハッピーツリーフレンズディズニー【あす楽対応】ミッキーマウス　ドッグウェア【ディズニー】【ミッキー】コスプレ　わんちゃん服・犬の服・ペット用　衣装　プレゼント・ギフトにも♪【新商品】【大人気】【大大人気】,あす楽対応！2980円以上送料無料！（沖縄除く）。【あす楽対応】ミッキーマウス　ドッグウェア【ディズニー】【ミッキー】コスプレ　わんちゃん服・犬の服・ペット用　衣装　プレゼント・ギフトにも♪【新商品】【大人気】【大大人気】[rn]
2-8625,http://tshop.r10s.jp/gold/aoi-depart/6zak628-1.gif?fitin=700:700,48.0000,,日用品雑貨・文房具・手芸 > 日用品・生活雑貨 > その他,デコシール【ナイト】【ステッカー】♪AOIデパートの大大人気大人気！全品50 以上！最大99 の目玉大人気です♪【2.980円以上送料無料】【新商品】【大人気】【大大人気】【50～99 】,デコシール【ナイト】【ステッカー】♪大大人気！最大99,"■説明■<br>
デコシール【ナイト】【ステッカー】♪<br>
AOIデパートの大大人気大人気！<br>
全品50 以上！<br>
最大99 の目玉大人気です♪<br>
【2.980円以上送料無料】【新商品】<br>
【大人気】【大大人気】【50～99 】<br>
■サイズ・仕様■<br>
サイズ：約H10cm<br>
■AOIデパートは大大人気商品が勢揃い！！■<br>
大人気以上の頑張りが当店のスローガンです♪<br><TABLE cellspacing=""1"" bgcolor=""#cdcd9a"" cellpadding=""10"">
  <TBODY>
    <TR>
      <TD bgcolor=""#ffffff"" height=""61""><IMG src=""http://image.rakuten.co.jp/aoi-depart/cabinet/souryou.jpg"" width=""505"" height=""52"" border=""0""><br>
      <font size=""2"">沖縄県の場合は、8,000円以上で送料無料となります。</font><FONT size=""1"">（8,000円以下の場合はご注文後に送料が加算されます。）</FONT></TD>
    </TR>
  </TBODY>
</TABLE>
<B><FONT size=""2""><FONT size=""2""><BR>
<FONT size=""2"">★　最終価格！　ソーラー　LEDクリスタルキングトナカイ　ホワイト（白）　★</FONT></FONT><BR>
<BR>
<FONT size=""2"">★　最終価格！　ソーラー　LEDクリスタルキングトナカイ　ブルー（青）　★</FONT></FONT></B><br><br>
<TABLE width=""560"">
  <TBODY>
    <TR>
      <TD valign=""top"" align=""center""><IMG src=""http://image.rakuten.co.jp/aoi-depart/cabinet/00377082/img56929916.gif"" width=""130"" height=""88"" border=""0""><BR>
      <FONT size=""-2"" color=""#999900"">&gt;人気の缶バッジ（バッチ）<BR>
      特集！200アイテム！</FONT></TD>
      <TD valign=""top"" align=""center""><IMG src=""http://image.rakuten.co.jp/aoi-depart/cabinet/00377082/img56929917.gif"" width=""130"" height=""88"" border=""0""><BR>
      <FONT size=""-2"" color=""#999900"">&gt;インテリア用のポスター！<BR>
      特集！200アイテム！</FONT></TD>
      <TD valign=""top"" align=""center""><IMG src=""http://image.rakuten.co.jp/aoi-depart/cabinet/00377082/img56929918.gif"" width=""130"" height=""89"" border=""0""><BR>
      <FONT size=""-2"" color=""#999900"">&gt;人気キャラ！キーホルダー<BR>
      特集！300アイテム！</FONT></TD>
      <TD valign=""top"" align=""center""><IMG src=""http://image.rakuten.co.jp/aoi-depart/cabinet/00377082/img56929919.gif"" width=""130"" height=""89"" border=""0""><BR>
      <FONT size=""-2"" color=""#999900"">&gt;やっぱりワッペン！<BR>
      特集！200アイテム！</FONT></TD>
    </TR>
  </TBODY>
</TABLE>




<P><IMG src=""http://image.rakuten.co.jp/aoi-depart/cabinet/img58891052.gif"" border=""0"" width=""560"" height=""94""><BR>
<FONT color=""#000000"" size=""1"">大人気！くろねこ雑貨、新商品続々入荷中！黒猫キッチン用品、バス用品、おしゃれ雑貨、黒猫インテリア</FONT></P>
<TABLE width=""560"" cellpadding=""0"" cellspacing=""0"">
  <TBODY valign=""top"">
    <TR>
      <TD valign=""top""><IMG src=""http://image.rakuten.co.jp/aoi-depart/cabinet/00377084/imgrc0065158542.gif"" border=""0"" width=""270"" height=""80""><BR>
      <FONT size=""1"">クレヨンしんちゃんグッズ続々入荷中！<BR>
      新学期はしんちゃんのランチグッズやペンケースで決まり！<BR>
      新生活も応援！クッションやタオル、グラスも豊富♪<BR>
      <BR>
      </FONT></TD>
      <TD valign=""top""><IMG src=""http://image.rakuten.co.jp/aoi-depart/cabinet/00377084/imgrc0065158540.gif"" border=""0"" width=""270"" height=""80""><BR>
      <FONT size=""1"">ピンクやレッドがキュートなキティやマイメロ♪<BR>
      サンリオのステップやコロコロクリーナーが売れてます！<BR>
      メラミンカップやグラス、おもちゃ箱も♪プレゼントやギフトにも♪</FONT><BR>
      <BR>
      </TD>
    </TR>
  </TBODY>
</TABLE>
<TABLE width=""560"" cellpadding=""0"" cellspacing=""0"">
  <TBODY valign=""top"">
    <TR>
      <TD valign=""top""><IMG src=""http://image.rakuten.co.jp/aoi-depart/cabinet/00377084/imgrc0065158539.gif"" border=""0"" width=""270"" height=""80""><BR>
      <FONT size=""1"">ベビータオルやベビーギフトならアナノカフェ♪安心の日本製です。<BR>
      ほわほわ～の柔らか素材がお肌にも優しい。<BR>
      内祝やご出産祝にも最適！スタイや肌着の種類も豊富！</FONT><BR>
      <BR>
      </TD>
      <TD valign=""top""><IMG src=""http://image.rakuten.co.jp/aoi-depart/cabinet/00377084/imgrc0065158538.gif"" border=""0"" width=""270"" height=""80""><BR>
      <FONT size=""1"">キュートでポップな亜土ちゃんのグッズでラブリーな生活を♪<BR>
      クッションや食器、ブリキケースもすっごくカワイイ♪<BR>
      お花★ハート★キッス　が合言葉♪！</FONT></TD>
    </TR>
  </TBODY>
</TABLE>
<TABLE width=""560"" cellpadding=""0"" cellspacing=""0"">
  <TBODY valign=""top"">
    <TR>
      <TD valign=""top""><IMG src=""http://image.rakuten.co.jp/aoi-depart/cabinet/00377084/imgrc0065158541.gif"" border=""0"" width=""270"" height=""80""><BR>
      <FONT size=""1"">やっぱり定番！ず～っと人気が止まらないっ！<BR>
      クッションやティッシュカバー、フリーケースで周りをボブイエロー<BR>
      に染めちゃえ！超ビッグなメガデカクッションは要チェック！</FONT><BR>
      <BR>
      </TD>
      <TD valign=""top""><IMG src=""http://image.rakuten.co.jp/aoi-depart/cabinet/00377084/imgrc0065158543.gif"" border=""0"" width=""270"" height=""80""><BR>
      <FONT size=""1"">アメコミの中でもスパイダーマンはダントツ人気！<BR>
      ポスターやコスチューム、ストラップなどなどグッズも大量！<BR>
      お部屋に飾ればカッコイイ　ヒーロコミックの世界に！</FONT><BR>
      <BR>
      </TD>
    </TR>
  </TBODY>
</TABLE>

<TABLE width=""560"">
  <TBODY>
    <TR>
      <TD><IMG src=""http://image.rakuten.co.jp/aoi-depart/cabinet/00377084/img57529064.gif"" width=""186"" height=""70"" border=""0""><BR>
      <FONT size=""-2"" color=""#ff8000"">▼タオル特集！柔らか～！かわいい～！<BR>
      自分流でお気に入りをどうぞ♪</FONT></TD>
      <TD><IMG src=""http://image.rakuten.co.jp/aoi-depart/cabinet/00377084/img57529063.gif"" width=""186"" height=""70"" border=""0""><BR>
      <FONT size=""-2"" color=""#ff8000"">▼健康な美しさを追求♪でもでも毎日使うものだからこそかわいいデザインのものを♪</FONT></TD>
      <TD><IMG src=""http://image.rakuten.co.jp/aoi-depart/cabinet/00377084/img57529065.gif"" width=""186"" height=""70"" border=""0""><BR>
      <FONT size=""-2"" color=""#ff8000"">▼お風呂グッズ特集♪こだわりタオルから便利バス用品まで選りすぐって取り揃えました♪</FONT></TD>
    </TR>
  </TBODY>
</TABLE>

<TABLE width=""560"" height=""120"" bgcolor=""#ffffff"" cellpadding=""0"" cellspacing=""1"">
  <TBODY>
    <TR>
      <TD bgcolor=""#ffffff"" align=""center"" valign=""top""><IMG src=""http://image.rakuten.co.jp/aoi-depart/cabinet/00377084/img57844237.gif"" width=""270"" height=""72"" border=""0""><BR>
      <FONT size=""-2"" color=""#666666"">■生活雑貨勢揃い！1000アイテムの中からお気に入りをどうぞ！■</FONT></TD>
      <TD bgcolor=""#ffffff"" align=""center"" valign=""middle""><IMG src=""http://image.rakuten.co.jp/aoi-depart/cabinet/00377082/img57733851.gif"" width=""270"" height=""103"" border=""0""><BR>
      <FONT size=""-2"" color=""#666666"">■AOIデパートのコスチューム♪新商品がいっぱい♪</FONT></TD>
    </TR>
  </TBODY>
</TABLE>",デコシール【ナイト】【ステッカー】♪AOIデパートの大大人気大人気！全品50 以上！最大99 の目玉大人気です♪【2.980円以上送料無料】【新商品】【大人気】【大大人気】【50～99 】：ＡＯＩデパート,雑貨スポンジボブイルミネーションケアベアラットフィンク時計ハッピーツリーフレンズディズニーデコシール【ナイト】【ステッカー】♪AOIデパートの大大人気大人気！全品50 以上！最大99 の目玉大人気です♪【2.980円以上送料無料】【新商品】【大人気】【大大人気】【50～99 】,デコシール【ナイト】【ステッカー】♪大大人気！最大99。デコシール【ナイト】【ステッカー】♪AOIデパートの大大人気大人気！全品50 以上！最大99 の目玉大人気です♪【2.980円以上送料無料】【新商品】【大人気】【大大人気】【50～99 】[rn]
2-8626,http://tshop.r10s.jp/gold/aoi-depart/6zak589-1.gif?fitin=700:700,80.0000,,日用品雑貨・文房具・手芸 > 日用品・生活雑貨 > その他,犬のおもちゃ【ホットドッグ】【ドッグ】【トイ】AOIデパートの大大人気大人気！全品50 以上！最大99 の目玉大人気です♪【2.980円以上送料無料】【新商品】【大人気】【大大人気】【50～99 】100円均一,犬のおもちゃ【ホットドッグ】【ドッグ】大大人気！最大99,"■説明■<br>
犬のおもちゃ【ホットドッグ】【ドッグ】【トイ】<br>
AOIデパートの大大人気大人気！<br>
全品50 以上！<br>
最大99 の目玉大人気です♪<br>
【2.980円以上送料無料】【新商品】<br>
【大人気】【大大人気】【50～99 】<br>
■サイズ・仕様■<br>
サイズ：H6.5×W7cm×D2.5cm<br>
■AOIデパートは大大人気商品が勢揃い！！■<br>
大人気以上の頑張りが当店のスローガンです♪<br><TABLE cellspacing=""1"" bgcolor=""#cdcd9a"" cellpadding=""10"">
  <TBODY>
    <TR>
      <TD bgcolor=""#ffffff"" height=""61""><IMG src=""http://image.rakuten.co.jp/aoi-depart/cabinet/souryou.jpg"" width=""505"" height=""52"" border=""0""><br>
      <font size=""2"">沖縄県の場合は、8,000円以上で送料無料となります。</font><FONT size=""1"">（8,000円以下の場合はご注文後に送料が加算されます。）</FONT></TD>
    </TR>
  </TBODY>
</TABLE>
<B><FONT size=""2""><FONT size=""2""><BR>
<FONT size=""2"">★　最終価格！　ソーラー　LEDクリスタルキングトナカイ　ホワイト（白）　★</FONT></FONT><BR>
<BR>
<FONT size=""2"">★　最終価格！　ソーラー　LEDクリスタルキングトナカイ　ブルー（青）　★</FONT></FONT></B><br><br>
<TABLE width=""560"">
  <TBODY>
    <TR>
      <TD valign=""top"" align=""center""><IMG src=""http://image.rakuten.co.jp/aoi-depart/cabinet/00377082/img56929916.gif"" width=""130"" height=""88"" border=""0""><BR>
      <FONT size=""-2"" color=""#999900"">&gt;人気の缶バッジ（バッチ）<BR>
      特集！200アイテム！</FONT></TD>
      <TD valign=""top"" align=""center""><IMG src=""http://image.rakuten.co.jp/aoi-depart/cabinet/00377082/img56929917.gif"" width=""130"" height=""88"" border=""0""><BR>
      <FONT size=""-2"" color=""#999900"">&gt;インテリア用のポスター！<BR>
      特集！200アイテム！</FONT></TD>
      <TD valign=""top"" align=""center""><IMG src=""http://image.rakuten.co.jp/aoi-depart/cabinet/00377082/img56929918.gif"" width=""130"" height=""89"" border=""0""><BR>
      <FONT size=""-2"" color=""#999900"">&gt;人気キャラ！キーホルダー<BR>
      特集！300アイテム！</FONT></TD>
      <TD valign=""top"" align=""center""><IMG src=""http://image.rakuten.co.jp/aoi-depart/cabinet/00377082/img56929919.gif"" width=""130"" height=""89"" border=""0""><BR>
      <FONT size=""-2"" color=""#999900"">&gt;やっぱりワッペン！<BR>
      特集！200アイテム！</FONT></TD>
    </TR>
  </TBODY>
</TABLE>




<P><IMG src=""http://image.rakuten.co.jp/aoi-depart/cabinet/img58891052.gif"" border=""0"" width=""560"" height=""94""><BR>
<FONT color=""#000000"" size=""1"">大人気！くろねこ雑貨、新商品続々入荷中！黒猫キッチン用品、バス用品、おしゃれ雑貨、黒猫インテリア</FONT></P>
<TABLE width=""560"" cellpadding=""0"" cellspacing=""0"">
  <TBODY valign=""top"">
    <TR>
      <TD valign=""top""><IMG src=""http://image.rakuten.co.jp/aoi-depart/cabinet/00377084/imgrc0065158542.gif"" border=""0"" width=""270"" height=""80""><BR>
      <FONT size=""1"">クレヨンしんちゃんグッズ続々入荷中！<BR>
      新学期はしんちゃんのランチグッズやペンケースで決まり！<BR>
      新生活も応援！クッションやタオル、グラスも豊富♪<BR>
      <BR>
      </FONT></TD>
      <TD valign=""top""><IMG src=""http://image.rakuten.co.jp/aoi-depart/cabinet/00377084/imgrc0065158540.gif"" border=""0"" width=""270"" height=""80""><BR>
      <FONT size=""1"">ピンクやレッドがキュートなキティやマイメロ♪<BR>
      サンリオのステップやコロコロクリーナーが売れてます！<BR>
      メラミンカップやグラス、おもちゃ箱も♪プレゼントやギフトにも♪</FONT><BR>
      <BR>
      </TD>
    </TR>
  </TBODY>
</TABLE>
<TABLE width=""560"" cellpadding=""0"" cellspacing=""0"">
  <TBODY valign=""top"">
    <TR>
      <TD valign=""top""><IMG src=""http://image.rakuten.co.jp/aoi-depart/cabinet/00377084/imgrc0065158539.gif"" border=""0"" width=""270"" height=""80""><BR>
      <FONT size=""1"">ベビータオルやベビーギフトならアナノカフェ♪安心の日本製です。<BR>
      ほわほわ～の柔らか素材がお肌にも優しい。<BR>
      内祝やご出産祝にも最適！スタイや肌着の種類も豊富！</FONT><BR>
      <BR>
      </TD>
      <TD valign=""top""><IMG src=""http://image.rakuten.co.jp/aoi-depart/cabinet/00377084/imgrc0065158538.gif"" border=""0"" width=""270"" height=""80""><BR>
      <FONT size=""1"">キュートでポップな亜土ちゃんのグッズでラブリーな生活を♪<BR>
      クッションや食器、ブリキケースもすっごくカワイイ♪<BR>
      お花★ハート★キッス　が合言葉♪！</FONT></TD>
    </TR>
  </TBODY>
</TABLE>
<TABLE width=""560"" cellpadding=""0"" cellspacing=""0"">
  <TBODY valign=""top"">
    <TR>
      <TD valign=""top""><IMG src=""http://image.rakuten.co.jp/aoi-depart/cabinet/00377084/imgrc0065158541.gif"" border=""0"" width=""270"" height=""80""><BR>
      <FONT size=""1"">やっぱり定番！ず～っと人気が止まらないっ！<BR>
      クッションやティッシュカバー、フリーケースで周りをボブイエロー<BR>
      に染めちゃえ！超ビッグなメガデカクッションは要チェック！</FONT><BR>
      <BR>
      </TD>
      <TD valign=""top""><IMG src=""http://image.rakuten.co.jp/aoi-depart/cabinet/00377084/imgrc0065158543.gif"" border=""0"" width=""270"" height=""80""><BR>
      <FONT size=""1"">アメコミの中でもスパイダーマンはダントツ人気！<BR>
      ポスターやコスチューム、ストラップなどなどグッズも大量！<BR>
      お部屋に飾ればカッコイイ　ヒーロコミックの世界に！</FONT><BR>
      <BR>
      </TD>
    </TR>
  </TBODY>
</TABLE>

<TABLE width=""560"">
  <TBODY>
    <TR>
      <TD><IMG src=""http://image.rakuten.co.jp/aoi-depart/cabinet/00377084/img57529064.gif"" width=""186"" height=""70"" border=""0""><BR>
      <FONT size=""-2"" color=""#ff8000"">▼タオル特集！柔らか～！かわいい～！<BR>
      自分流でお気に入りをどうぞ♪</FONT></TD>
      <TD><IMG src=""http://image.rakuten.co.jp/aoi-depart/cabinet/00377084/img57529063.gif"" width=""186"" height=""70"" border=""0""><BR>
      <FONT size=""-2"" color=""#ff8000"">▼健康な美しさを追求♪でもでも毎日使うものだからこそかわいいデザインのものを♪</FONT></TD>
      <TD><IMG src=""http://image.rakuten.co.jp/aoi-depart/cabinet/00377084/img57529065.gif"" width=""186"" height=""70"" border=""0""><BR>
      <FONT size=""-2"" color=""#ff8000"">▼お風呂グッズ特集♪こだわりタオルから便利バス用品まで選りすぐって取り揃えました♪</FONT></TD>
    </TR>
  </TBODY>
</TABLE>

<TABLE width=""560"" height=""120"" bgcolor=""#ffffff"" cellpadding=""0"" cellspacing=""1"">
  <TBODY>
    <TR>
      <TD bgcolor=""#ffffff"" align=""center"" valign=""top""><IMG src=""http://image.rakuten.co.jp/aoi-depart/cabinet/00377084/img57844237.gif"" width=""270"" height=""72"" border=""0""><BR>
      <FONT size=""-2"" color=""#666666"">■生活雑貨勢揃い！1000アイテムの中からお気に入りをどうぞ！■</FONT></TD>
      <TD bgcolor=""#ffffff"" align=""center"" valign=""middle""><IMG src=""http://image.rakuten.co.jp/aoi-depart/cabinet/00377082/img57733851.gif"" width=""270"" height=""103"" border=""0""><BR>
      <FONT size=""-2"" color=""#666666"">■AOIデパートのコスチューム♪新商品がいっぱい♪</FONT></TD>
    </TR>
  </TBODY>
</TABLE>",犬のおもちゃ【ホットドッグ】【ドッグ】【トイ】AOIデパートの大大人気大人気！全品50 以上！最大99 の目玉大人気です♪【2.980円以上送料無料】【新商品】【大人気】【大大人気】【50～99 】100円均一：ＡＯＩデパート,雑貨スポンジボブイルミネーションケアベアラットフィンク時計ハッピーツリーフレンズディズニー犬のおもちゃ【ホットドッグ】【ドッグ】【トイ】AOIデパートの大大人気大人気！全品50 以上！最大99 の目玉大人気です♪【2.980円以上送料無料】【新商品】【大人気】【大大人気】【50～99 】100円均一,犬のおもちゃ【ホットドッグ】【ドッグ】大大人気！最大99。犬のおもちゃ【ホットドッグ】【ドッグ】【トイ】AOIデパートの大大人気大人気！全品50 以上！最大99 の目玉大人気です♪【2.980円以上送料無料】【新商品】【大人気】【大大人気】【50～99 】100円均一[rn]
2-8627,http://tshop.r10s.jp/aoi-depart/cabinet/13zak-1/13zak059-1.gif?fitin=700:700,417.6000,,日用品雑貨・文房具・手芸 > 日用品・生活雑貨 > その他,【アメリカン雑貨】【GOODYEAR】ラバーコインケース【RUBBER COIN CASE】【小銭入れ】【グッドイヤー】【カンパニー】【雑貨】【アメリカ雑貨】【アメリカ】【USA】【かわいい】【おしゃれ】人気アイテムのコインケース さっと小銭をかっこよく出しちゃおう,【アメリカン雑貨】【GOODYEAR】ラバーコインケース,"■説明■<br>
【アメリカン雑貨】【GOODYEAR】<br>
ラバーコインケース【RUBBER COIN CASE】<br>
【小銭入れ】【グッドイヤー】【カンパニー】<br>
【雑貨】【アメリカ雑貨】【アメリカ】<br>
【USA】【かわいい】【おしゃれ】<br>
人気アイテムのコインケース！<br>
さっと小銭を出しちゃおう♪<br>
定番のアメリカン雑貨や！<br>
珍しいグッズを多数揃えました♪<br>
お気に入りのアイテムで楽しい空間を演出♪<br>
【大人気】【かわいい雑貨】【新作】<br>
【2.980円以上送料無料】【人気商品】【生活】<br>
【大人気】【大大人気】【雑貨】【日用品】【POP】<br>
【日本】【2015年】【グッズ】【ファンシー】<br>
【人気商品】【大人気】【アメリカ雑貨】<br>
【かわいい】【おしゃれ】【生活雑貨】【AOI】<br>
【アメリカ】【BAR】【インテリア雑貨】<br>
【USA】【アメリカン】【アメリカン雑貨】<br>
■サイズ・仕様■<br>
◆サイズ：約82×52×12mm<br>
◆素　材：ラバー<br>
●AOIデパートはアメリカン雑貨が勢揃い！！●<br>
アメリカン雑貨が豊富です！<br>
(*゜▽゜)/品揃えに自信アリ♪<br>
カラフルなグッズで毎日の生活を楽しんでください！<br>
■当商品について■<br>
＊在庫状況により入荷待ち・<br>
欠品になる場合がございます。<br>
予めご了承下さいますようお願いいたします。<br><TABLE cellspacing=""1"" bgcolor=""#cdcd9a"" cellpadding=""10"">
  <TBODY>
    <TR>
      <TD bgcolor=""#ffffff"" height=""61""><IMG src=""http://image.rakuten.co.jp/aoi-depart/cabinet/souryou.jpg"" width=""505"" height=""52"" border=""0""><br>
      <font size=""2"">沖縄県の場合は、8,000円以上で送料無料となります。</font><FONT size=""1"">（8,000円以下の場合はご注文後に送料が加算されます。）</FONT></TD>
    </TR>
  </TBODY>
</TABLE>
<B><FONT size=""2""><FONT size=""2""><BR>
<FONT size=""2"">★　最終価格！　ソーラー　LEDクリスタルキングトナカイ　ホワイト（白）　★</FONT></FONT><BR>
<BR>
<FONT size=""2"">★　最終価格！　ソーラー　LEDクリスタルキングトナカイ　ブルー（青）　★</FONT></FONT></B><br><br>
<TABLE width=""560"">
  <TBODY>
    <TR>
      <TD valign=""top"" align=""center""><IMG src=""http://image.rakuten.co.jp/aoi-depart/cabinet/00377082/img56929916.gif"" width=""130"" height=""88"" border=""0""><BR>
      <FONT size=""-2"" color=""#999900"">&gt;人気の缶バッジ（バッチ）<BR>
      特集！200アイテム！</FONT></TD>
      <TD valign=""top"" align=""center""><IMG src=""http://image.rakuten.co.jp/aoi-depart/cabinet/00377082/img56929917.gif"" width=""130"" height=""88"" border=""0""><BR>
      <FONT size=""-2"" color=""#999900"">&gt;インテリア用のポスター！<BR>
      特集！200アイテム！</FONT></TD>
      <TD valign=""top"" align=""center""><IMG src=""http://image.rakuten.co.jp/aoi-depart/cabinet/00377082/img56929918.gif"" width=""130"" height=""89"" border=""0""><BR>
      <FONT size=""-2"" color=""#999900"">&gt;人気キャラ！キーホルダー<BR>
      特集！300アイテム！</FONT></TD>
      <TD valign=""top"" align=""center""><IMG src=""http://image.rakuten.co.jp/aoi-depart/cabinet/00377082/img56929919.gif"" width=""130"" height=""89"" border=""0""><BR>
      <FONT size=""-2"" color=""#999900"">&gt;やっぱりワッペン！<BR>
      特集！200アイテム！</FONT></TD>
    </TR>
  </TBODY>
</TABLE>




<P><IMG src=""http://image.rakuten.co.jp/aoi-depart/cabinet/img58891052.gif"" border=""0"" width=""560"" height=""94""><BR>
<FONT color=""#000000"" size=""1"">大人気！くろねこ雑貨、新商品続々入荷中！黒猫キッチン用品、バス用品、おしゃれ雑貨、黒猫インテリア</FONT></P>
<TABLE width=""560"" cellpadding=""0"" cellspacing=""0"">
  <TBODY valign=""top"">
    <TR>
      <TD valign=""top""><IMG src=""http://image.rakuten.co.jp/aoi-depart/cabinet/00377084/imgrc0065158542.gif"" border=""0"" width=""270"" height=""80""><BR>
      <FONT size=""1"">クレヨンしんちゃんグッズ続々入荷中！<BR>
      新学期はしんちゃんのランチグッズやペンケースで決まり！<BR>
      新生活も応援！クッションやタオル、グラスも豊富♪<BR>
      <BR>
      </FONT></TD>
      <TD valign=""top""><IMG src=""http://image.rakuten.co.jp/aoi-depart/cabinet/00377084/imgrc0065158540.gif"" border=""0"" width=""270"" height=""80""><BR>
      <FONT size=""1"">ピンクやレッドがキュートなキティやマイメロ♪<BR>
      サンリオのステップやコロコロクリーナーが売れてます！<BR>
      メラミンカップやグラス、おもちゃ箱も♪プレゼントやギフトにも♪</FONT><BR>
      <BR>
      </TD>
    </TR>
  </TBODY>
</TABLE>
<TABLE width=""560"" cellpadding=""0"" cellspacing=""0"">
  <TBODY valign=""top"">
    <TR>
      <TD valign=""top""><IMG src=""http://image.rakuten.co.jp/aoi-depart/cabinet/00377084/imgrc0065158539.gif"" border=""0"" width=""270"" height=""80""><BR>
      <FONT size=""1"">ベビータオルやベビーギフトならアナノカフェ♪安心の日本製です。<BR>
      ほわほわ～の柔らか素材がお肌にも優しい。<BR>
      内祝やご出産祝にも最適！スタイや肌着の種類も豊富！</FONT><BR>
      <BR>
      </TD>
      <TD valign=""top""><IMG src=""http://image.rakuten.co.jp/aoi-depart/cabinet/00377084/imgrc0065158538.gif"" border=""0"" width=""270"" height=""80""><BR>
      <FONT size=""1"">キュートでポップな亜土ちゃんのグッズでラブリーな生活を♪<BR>
      クッションや食器、ブリキケースもすっごくカワイイ♪<BR>
      お花★ハート★キッス　が合言葉♪！</FONT></TD>
    </TR>
  </TBODY>
</TABLE>
<TABLE width=""560"" cellpadding=""0"" cellspacing=""0"">
  <TBODY valign=""top"">
    <TR>
      <TD valign=""top""><IMG src=""http://image.rakuten.co.jp/aoi-depart/cabinet/00377084/imgrc0065158541.gif"" border=""0"" width=""270"" height=""80""><BR>
      <FONT size=""1"">やっぱり定番！ず～っと人気が止まらないっ！<BR>
      クッションやティッシュカバー、フリーケースで周りをボブイエロー<BR>
      に染めちゃえ！超ビッグなメガデカクッションは要チェック！</FONT><BR>
      <BR>
      </TD>
      <TD valign=""top""><IMG src=""http://image.rakuten.co.jp/aoi-depart/cabinet/00377084/imgrc0065158543.gif"" border=""0"" width=""270"" height=""80""><BR>
      <FONT size=""1"">アメコミの中でもスパイダーマンはダントツ人気！<BR>
      ポスターやコスチューム、ストラップなどなどグッズも大量！<BR>
      お部屋に飾ればカッコイイ　ヒーロコミックの世界に！</FONT><BR>
      <BR>
      </TD>
    </TR>
  </TBODY>
</TABLE>

<TABLE width=""560"">
  <TBODY>
    <TR>
      <TD><IMG src=""http://image.rakuten.co.jp/aoi-depart/cabinet/00377084/img57529064.gif"" width=""186"" height=""70"" border=""0""><BR>
      <FONT size=""-2"" color=""#ff8000"">▼タオル特集！柔らか～！かわいい～！<BR>
      自分流でお気に入りをどうぞ♪</FONT></TD>
      <TD><IMG src=""http://image.rakuten.co.jp/aoi-depart/cabinet/00377084/img57529063.gif"" width=""186"" height=""70"" border=""0""><BR>
      <FONT size=""-2"" color=""#ff8000"">▼健康な美しさを追求♪でもでも毎日使うものだからこそかわいいデザインのものを♪</FONT></TD>
      <TD><IMG src=""http://image.rakuten.co.jp/aoi-depart/cabinet/00377084/img57529065.gif"" width=""186"" height=""70"" border=""0""><BR>
      <FONT size=""-2"" color=""#ff8000"">▼お風呂グッズ特集♪こだわりタオルから便利バス用品まで選りすぐって取り揃えました♪</FONT></TD>
    </TR>
  </TBODY>
</TABLE>

<TABLE width=""560"" height=""120"" bgcolor=""#ffffff"" cellpadding=""0"" cellspacing=""1"">
  <TBODY>
    <TR>
      <TD bgcolor=""#ffffff"" align=""center"" valign=""top""><IMG src=""http://image.rakuten.co.jp/aoi-depart/cabinet/00377084/img57844237.gif"" width=""270"" height=""72"" border=""0""><BR>
      <FONT size=""-2"" color=""#666666"">■生活雑貨勢揃い！1000アイテムの中からお気に入りをどうぞ！■</FONT></TD>
      <TD bgcolor=""#ffffff"" align=""center"" valign=""middle""><IMG src=""http://image.rakuten.co.jp/aoi-depart/cabinet/00377082/img57733851.gif"" width=""270"" height=""103"" border=""0""><BR>
      <FONT size=""-2"" color=""#666666"">■AOIデパートのコスチューム♪新商品がいっぱい♪</FONT></TD>
    </TR>
  </TBODY>
</TABLE>",【アメリカン雑貨】【GOODYEAR】ラバーコインケース【RUBBER COIN CASE】【小銭入れ】【グッドイヤー】【カンパニー】【雑貨】【アメリカ雑貨】【アメリカ】【USA】【かわいい】【おしゃれ】人気アイテムのコインケース さっと小銭をかっこよく出しちゃおう：ＡＯＩデパート,雑貨スポンジボブイルミネーションケアベアラットフィンク時計ハッピーツリーフレンズディズニー【アメリカン雑貨】【GOODYEAR】ラバーコインケース【RUBBER COIN CASE】【小銭入れ】【グッドイヤー】【カンパニー】【雑貨】【アメリカ雑貨】【アメリカ】【USA】【かわいい】【おしゃれ】人気アイテムのコインケース さっと小銭をかっこよく出しちゃおう,【アメリカン雑貨】【GOODYEAR】ラバーコインケース。【アメリカン雑貨】【GOODYEAR】ラバーコインケース【RUBBER COIN CASE】【小銭入れ】【グッドイヤー】【カンパニー】【雑貨】【アメリカ雑貨】【アメリカ】【USA】【かわいい】【おしゃれ】人気アイテムのコインケース さっと小銭をかっこよく出しちゃおう[rn]
2-8628,http://tshop.r10s.jp/gold/aoi-depart/6zak588-1.gif?fitin=700:700,80.0000,,日用品雑貨・文房具・手芸 > 日用品・生活雑貨 > その他,犬のおもちゃ【ハンバーガー】【ドッグ】【トイ】AOIデパートの大大人気大人気！全品50 以上！最大99 の目玉大人気です♪【2.980円以上送料無料】【新商品】【大人気】【大大人気】【50～99 】100円均一,犬のおもちゃ【ハンバーガー】【ドッグ】大大人気！最大99,"■説明■<br>
犬のおもちゃ【ハンバーガー】<br>
【ドッグ】【トイ】<br>
AOIデパートの大大人気大人気！<br>
全品50 以上！<br>
最大99 の目玉大人気です♪<br>
【2.980円以上送料無料】【新商品】<br>
【大人気】【大大人気】【50～99 】<br>
■サイズ・仕様■<br>
サイズ：H6.5×W14cm×D4.5cm<br>
■AOIデパートは大大人気商品が勢揃い！！■<br>
大人気以上の頑張りが当店のスローガンです♪<br><TABLE cellspacing=""1"" bgcolor=""#cdcd9a"" cellpadding=""10"">
  <TBODY>
    <TR>
      <TD bgcolor=""#ffffff"" height=""61""><IMG src=""http://image.rakuten.co.jp/aoi-depart/cabinet/souryou.jpg"" width=""505"" height=""52"" border=""0""><br>
      <font size=""2"">沖縄県の場合は、8,000円以上で送料無料となります。</font><FONT size=""1"">（8,000円以下の場合はご注文後に送料が加算されます。）</FONT></TD>
    </TR>
  </TBODY>
</TABLE>
<B><FONT size=""2""><FONT size=""2""><BR>
<FONT size=""2"">★　最終価格！　ソーラー　LEDクリスタルキングトナカイ　ホワイト（白）　★</FONT></FONT><BR>
<BR>
<FONT size=""2"">★　最終価格！　ソーラー　LEDクリスタルキングトナカイ　ブルー（青）　★</FONT></FONT></B><br><br>
<TABLE width=""560"">
  <TBODY>
    <TR>
      <TD valign=""top"" align=""center""><IMG src=""http://image.rakuten.co.jp/aoi-depart/cabinet/00377082/img56929916.gif"" width=""130"" height=""88"" border=""0""><BR>
      <FONT size=""-2"" color=""#999900"">&gt;人気の缶バッジ（バッチ）<BR>
      特集！200アイテム！</FONT></TD>
      <TD valign=""top"" align=""center""><IMG src=""http://image.rakuten.co.jp/aoi-depart/cabinet/00377082/img56929917.gif"" width=""130"" height=""88"" border=""0""><BR>
      <FONT size=""-2"" color=""#999900"">&gt;インテリア用のポスター！<BR>
      特集！200アイテム！</FONT></TD>
      <TD valign=""top"" align=""center""><IMG src=""http://image.rakuten.co.jp/aoi-depart/cabinet/00377082/img56929918.gif"" width=""130"" height=""89"" border=""0""><BR>
      <FONT size=""-2"" color=""#999900"">&gt;人気キャラ！キーホルダー<BR>
      特集！300アイテム！</FONT></TD>
      <TD valign=""top"" align=""center""><IMG src=""http://image.rakuten.co.jp/aoi-depart/cabinet/00377082/img56929919.gif"" width=""130"" height=""89"" border=""0""><BR>
      <FONT size=""-2"" color=""#999900"">&gt;やっぱりワッペン！<BR>
      特集！200アイテム！</FONT></TD>
    </TR>
  </TBODY>
</TABLE>




<P><IMG src=""http://image.rakuten.co.jp/aoi-depart/cabinet/img58891052.gif"" border=""0"" width=""560"" height=""94""><BR>
<FONT color=""#000000"" size=""1"">大人気！くろねこ雑貨、新商品続々入荷中！黒猫キッチン用品、バス用品、おしゃれ雑貨、黒猫インテリア</FONT></P>
<TABLE width=""560"" cellpadding=""0"" cellspacing=""0"">
  <TBODY valign=""top"">
    <TR>
      <TD valign=""top""><IMG src=""http://image.rakuten.co.jp/aoi-depart/cabinet/00377084/imgrc0065158542.gif"" border=""0"" width=""270"" height=""80""><BR>
      <FONT size=""1"">クレヨンしんちゃんグッズ続々入荷中！<BR>
      新学期はしんちゃんのランチグッズやペンケースで決まり！<BR>
      新生活も応援！クッションやタオル、グラスも豊富♪<BR>
      <BR>
      </FONT></TD>
      <TD valign=""top""><IMG src=""http://image.rakuten.co.jp/aoi-depart/cabinet/00377084/imgrc0065158540.gif"" border=""0"" width=""270"" height=""80""><BR>
      <FONT size=""1"">ピンクやレッドがキュートなキティやマイメロ♪<BR>
      サンリオのステップやコロコロクリーナーが売れてます！<BR>
      メラミンカップやグラス、おもちゃ箱も♪プレゼントやギフトにも♪</FONT><BR>
      <BR>
      </TD>
    </TR>
  </TBODY>
</TABLE>
<TABLE width=""560"" cellpadding=""0"" cellspacing=""0"">
  <TBODY valign=""top"">
    <TR>
      <TD valign=""top""><IMG src=""http://image.rakuten.co.jp/aoi-depart/cabinet/00377084/imgrc0065158539.gif"" border=""0"" width=""270"" height=""80""><BR>
      <FONT size=""1"">ベビータオルやベビーギフトならアナノカフェ♪安心の日本製です。<BR>
      ほわほわ～の柔らか素材がお肌にも優しい。<BR>
      内祝やご出産祝にも最適！スタイや肌着の種類も豊富！</FONT><BR>
      <BR>
      </TD>
      <TD valign=""top""><IMG src=""http://image.rakuten.co.jp/aoi-depart/cabinet/00377084/imgrc0065158538.gif"" border=""0"" width=""270"" height=""80""><BR>
      <FONT size=""1"">キュートでポップな亜土ちゃんのグッズでラブリーな生活を♪<BR>
      クッションや食器、ブリキケースもすっごくカワイイ♪<BR>
      お花★ハート★キッス　が合言葉♪！</FONT></TD>
    </TR>
  </TBODY>
</TABLE>
<TABLE width=""560"" cellpadding=""0"" cellspacing=""0"">
  <TBODY valign=""top"">
    <TR>
      <TD valign=""top""><IMG src=""http://image.rakuten.co.jp/aoi-depart/cabinet/00377084/imgrc0065158541.gif"" border=""0"" width=""270"" height=""80""><BR>
      <FONT size=""1"">やっぱり定番！ず～っと人気が止まらないっ！<BR>
      クッションやティッシュカバー、フリーケースで周りをボブイエロー<BR>
      に染めちゃえ！超ビッグなメガデカクッションは要チェック！</FONT><BR>
      <BR>
      </TD>
      <TD valign=""top""><IMG src=""http://image.rakuten.co.jp/aoi-depart/cabinet/00377084/imgrc0065158543.gif"" border=""0"" width=""270"" height=""80""><BR>
      <FONT size=""1"">アメコミの中でもスパイダーマンはダントツ人気！<BR>
      ポスターやコスチューム、ストラップなどなどグッズも大量！<BR>
      お部屋に飾ればカッコイイ　ヒーロコミックの世界に！</FONT><BR>
      <BR>
      </TD>
    </TR>
  </TBODY>
</TABLE>

<TABLE width=""560"">
  <TBODY>
    <TR>
      <TD><IMG src=""http://image.rakuten.co.jp/aoi-depart/cabinet/00377084/img57529064.gif"" width=""186"" height=""70"" border=""0""><BR>
      <FONT size=""-2"" color=""#ff8000"">▼タオル特集！柔らか～！かわいい～！<BR>
      自分流でお気に入りをどうぞ♪</FONT></TD>
      <TD><IMG src=""http://image.rakuten.co.jp/aoi-depart/cabinet/00377084/img57529063.gif"" width=""186"" height=""70"" border=""0""><BR>
      <FONT size=""-2"" color=""#ff8000"">▼健康な美しさを追求♪でもでも毎日使うものだからこそかわいいデザインのものを♪</FONT></TD>
      <TD><IMG src=""http://image.rakuten.co.jp/aoi-depart/cabinet/00377084/img57529065.gif"" width=""186"" height=""70"" border=""0""><BR>
      <FONT size=""-2"" color=""#ff8000"">▼お風呂グッズ特集♪こだわりタオルから便利バス用品まで選りすぐって取り揃えました♪</FONT></TD>
    </TR>
  </TBODY>
</TABLE>

<TABLE width=""560"" height=""120"" bgcolor=""#ffffff"" cellpadding=""0"" cellspacing=""1"">
  <TBODY>
    <TR>
      <TD bgcolor=""#ffffff"" align=""center"" valign=""top""><IMG src=""http://image.rakuten.co.jp/aoi-depart/cabinet/00377084/img57844237.gif"" width=""270"" height=""72"" border=""0""><BR>
      <FONT size=""-2"" color=""#666666"">■生活雑貨勢揃い！1000アイテムの中からお気に入りをどうぞ！■</FONT></TD>
      <TD bgcolor=""#ffffff"" align=""center"" valign=""middle""><IMG src=""http://image.rakuten.co.jp/aoi-depart/cabinet/00377082/img57733851.gif"" width=""270"" height=""103"" border=""0""><BR>
      <FONT size=""-2"" color=""#666666"">■AOIデパートのコスチューム♪新商品がいっぱい♪</FONT></TD>
    </TR>
  </TBODY>
</TABLE>",犬のおもちゃ【ハンバーガー】【ドッグ】【トイ】AOIデパートの大大人気大人気！全品50 以上！最大99 の目玉大人気です♪【2.980円以上送料無料】【新商品】【大人気】【大大人気】【50～99 】100円均一：ＡＯＩデパート,雑貨スポンジボブイルミネーションケアベアラットフィンク時計ハッピーツリーフレンズディズニー犬のおもちゃ【ハンバーガー】【ドッグ】【トイ】AOIデパートの大大人気大人気！全品50 以上！最大99 の目玉大人気です♪【2.980円以上送料無料】【新商品】【大人気】【大大人気】【50～99 】100円均一,犬のおもちゃ【ハンバーガー】【ドッグ】大大人気！最大99。犬のおもちゃ【ハンバーガー】【ドッグ】【トイ】AOIデパートの大大人気大人気！全品50 以上！最大99 の目玉大人気です♪【2.980円以上送料無料】【新商品】【大人気】【大大人気】【50～99 】100円均一[rn]
2-8629,http://tshop.r10s.jp/gold/aoi-depart/6zak574-1.gif?fitin=700:700,48.0000,,日用品雑貨・文房具・手芸 > 日用品・生活雑貨 > その他,ビリヤード【キーホルダー】【キーチェーン】AOIデパートの大大人気大人気！全品50 以上！最大99 の目玉大人気です♪【2.980円以上送料無料】【新商品】【大人気】【大大人気】【50～99 】,ビリヤード【キーホルダー】大大人気！最大99,"■説明■<br>
ビリヤード【キーホルダー】【キーチェーン】<br>
AOIデパートの大大人気大人気！<br>
★文字・色はランダムです<br>
最大99 の目玉大人気です♪<br>
【2.980円以上送料無料】【新商品】<br>
【大人気】【大大人気】【ランダム】<br>
■サイズ・仕様■<br>
サイズ：H2.5cm<br>
■AOIデパートは大大人気商品が勢揃い！！■<br>
大人気以上の頑張りが当店のスローガンです♪<br><TABLE cellspacing=""1"" bgcolor=""#cdcd9a"" cellpadding=""10"">
  <TBODY>
    <TR>
      <TD bgcolor=""#ffffff"" height=""61""><IMG src=""http://image.rakuten.co.jp/aoi-depart/cabinet/souryou.jpg"" width=""505"" height=""52"" border=""0""><br>
      <font size=""2"">沖縄県の場合は、8,000円以上で送料無料となります。</font><FONT size=""1"">（8,000円以下の場合はご注文後に送料が加算されます。）</FONT></TD>
    </TR>
  </TBODY>
</TABLE>
<B><FONT size=""2""><FONT size=""2""><BR>
<FONT size=""2"">★　最終価格！　ソーラー　LEDクリスタルキングトナカイ　ホワイト（白）　★</FONT></FONT><BR>
<BR>
<FONT size=""2"">★　最終価格！　ソーラー　LEDクリスタルキングトナカイ　ブルー（青）　★</FONT></FONT></B><br><br>
<TABLE width=""560"">
  <TBODY>
    <TR>
      <TD valign=""top"" align=""center""><IMG src=""http://image.rakuten.co.jp/aoi-depart/cabinet/00377082/img56929916.gif"" width=""130"" height=""88"" border=""0""><BR>
      <FONT size=""-2"" color=""#999900"">&gt;人気の缶バッジ（バッチ）<BR>
      特集！200アイテム！</FONT></TD>
      <TD valign=""top"" align=""center""><IMG src=""http://image.rakuten.co.jp/aoi-depart/cabinet/00377082/img56929917.gif"" width=""130"" height=""88"" border=""0""><BR>
      <FONT size=""-2"" color=""#999900"">&gt;インテリア用のポスター！<BR>
      特集！200アイテム！</FONT></TD>
      <TD valign=""top"" align=""center""><IMG src=""http://image.rakuten.co.jp/aoi-depart/cabinet/00377082/img56929918.gif"" width=""130"" height=""89"" border=""0""><BR>
      <FONT size=""-2"" color=""#999900"">&gt;人気キャラ！キーホルダー<BR>
      特集！300アイテム！</FONT></TD>
      <TD valign=""top"" align=""center""><IMG src=""http://image.rakuten.co.jp/aoi-depart/cabinet/00377082/img56929919.gif"" width=""130"" height=""89"" border=""0""><BR>
      <FONT size=""-2"" color=""#999900"">&gt;やっぱりワッペン！<BR>
      特集！200アイテム！</FONT></TD>
    </TR>
  </TBODY>
</TABLE>




<P><IMG src=""http://image.rakuten.co.jp/aoi-depart/cabinet/img58891052.gif"" border=""0"" width=""560"" height=""94""><BR>
<FONT color=""#000000"" size=""1"">大人気！くろねこ雑貨、新商品続々入荷中！黒猫キッチン用品、バス用品、おしゃれ雑貨、黒猫インテリア</FONT></P>
<TABLE width=""560"" cellpadding=""0"" cellspacing=""0"">
  <TBODY valign=""top"">
    <TR>
      <TD valign=""top""><IMG src=""http://image.rakuten.co.jp/aoi-depart/cabinet/00377084/imgrc0065158542.gif"" border=""0"" width=""270"" height=""80""><BR>
      <FONT size=""1"">クレヨンしんちゃんグッズ続々入荷中！<BR>
      新学期はしんちゃんのランチグッズやペンケースで決まり！<BR>
      新生活も応援！クッションやタオル、グラスも豊富♪<BR>
      <BR>
      </FONT></TD>
      <TD valign=""top""><IMG src=""http://image.rakuten.co.jp/aoi-depart/cabinet/00377084/imgrc0065158540.gif"" border=""0"" width=""270"" height=""80""><BR>
      <FONT size=""1"">ピンクやレッドがキュートなキティやマイメロ♪<BR>
      サンリオのステップやコロコロクリーナーが売れてます！<BR>
      メラミンカップやグラス、おもちゃ箱も♪プレゼントやギフトにも♪</FONT><BR>
      <BR>
      </TD>
    </TR>
  </TBODY>
</TABLE>
<TABLE width=""560"" cellpadding=""0"" cellspacing=""0"">
  <TBODY valign=""top"">
    <TR>
      <TD valign=""top""><IMG src=""http://image.rakuten.co.jp/aoi-depart/cabinet/00377084/imgrc0065158539.gif"" border=""0"" width=""270"" height=""80""><BR>
      <FONT size=""1"">ベビータオルやベビーギフトならアナノカフェ♪安心の日本製です。<BR>
      ほわほわ～の柔らか素材がお肌にも優しい。<BR>
      内祝やご出産祝にも最適！スタイや肌着の種類も豊富！</FONT><BR>
      <BR>
      </TD>
      <TD valign=""top""><IMG src=""http://image.rakuten.co.jp/aoi-depart/cabinet/00377084/imgrc0065158538.gif"" border=""0"" width=""270"" height=""80""><BR>
      <FONT size=""1"">キュートでポップな亜土ちゃんのグッズでラブリーな生活を♪<BR>
      クッションや食器、ブリキケースもすっごくカワイイ♪<BR>
      お花★ハート★キッス　が合言葉♪！</FONT></TD>
    </TR>
  </TBODY>
</TABLE>
<TABLE width=""560"" cellpadding=""0"" cellspacing=""0"">
  <TBODY valign=""top"">
    <TR>
      <TD valign=""top""><IMG src=""http://image.rakuten.co.jp/aoi-depart/cabinet/00377084/imgrc0065158541.gif"" border=""0"" width=""270"" height=""80""><BR>
      <FONT size=""1"">やっぱり定番！ず～っと人気が止まらないっ！<BR>
      クッションやティッシュカバー、フリーケースで周りをボブイエロー<BR>
      に染めちゃえ！超ビッグなメガデカクッションは要チェック！</FONT><BR>
      <BR>
      </TD>
      <TD valign=""top""><IMG src=""http://image.rakuten.co.jp/aoi-depart/cabinet/00377084/imgrc0065158543.gif"" border=""0"" width=""270"" height=""80""><BR>
      <FONT size=""1"">アメコミの中でもスパイダーマンはダントツ人気！<BR>
      ポスターやコスチューム、ストラップなどなどグッズも大量！<BR>
      お部屋に飾ればカッコイイ　ヒーロコミックの世界に！</FONT><BR>
      <BR>
      </TD>
    </TR>
  </TBODY>
</TABLE>

<TABLE width=""560"">
  <TBODY>
    <TR>
      <TD><IMG src=""http://image.rakuten.co.jp/aoi-depart/cabinet/00377084/img57529064.gif"" width=""186"" height=""70"" border=""0""><BR>
      <FONT size=""-2"" color=""#ff8000"">▼タオル特集！柔らか～！かわいい～！<BR>
      自分流でお気に入りをどうぞ♪</FONT></TD>
      <TD><IMG src=""http://image.rakuten.co.jp/aoi-depart/cabinet/00377084/img57529063.gif"" width=""186"" height=""70"" border=""0""><BR>
      <FONT size=""-2"" color=""#ff8000"">▼健康な美しさを追求♪でもでも毎日使うものだからこそかわいいデザインのものを♪</FONT></TD>
      <TD><IMG src=""http://image.rakuten.co.jp/aoi-depart/cabinet/00377084/img57529065.gif"" width=""186"" height=""70"" border=""0""><BR>
      <FONT size=""-2"" color=""#ff8000"">▼お風呂グッズ特集♪こだわりタオルから便利バス用品まで選りすぐって取り揃えました♪</FONT></TD>
    </TR>
  </TBODY>
</TABLE>

<TABLE width=""560"" height=""120"" bgcolor=""#ffffff"" cellpadding=""0"" cellspacing=""1"">
  <TBODY>
    <TR>
      <TD bgcolor=""#ffffff"" align=""center"" valign=""top""><IMG src=""http://image.rakuten.co.jp/aoi-depart/cabinet/00377084/img57844237.gif"" width=""270"" height=""72"" border=""0""><BR>
      <FONT size=""-2"" color=""#666666"">■生活雑貨勢揃い！1000アイテムの中からお気に入りをどうぞ！■</FONT></TD>
      <TD bgcolor=""#ffffff"" align=""center"" valign=""middle""><IMG src=""http://image.rakuten.co.jp/aoi-depart/cabinet/00377082/img57733851.gif"" width=""270"" height=""103"" border=""0""><BR>
      <FONT size=""-2"" color=""#666666"">■AOIデパートのコスチューム♪新商品がいっぱい♪</FONT></TD>
    </TR>
  </TBODY>
</TABLE>",ビリヤード【キーホルダー】【キーチェーン】AOIデパートの大大人気大人気！全品50 以上！最大99 の目玉大人気です♪【2.980円以上送料無料】【新商品】【大人気】【大大人気】【50～99 】：ＡＯＩデパート,雑貨スポンジボブイルミネーションケアベアラットフィンク時計ハッピーツリーフレンズディズニービリヤード【キーホルダー】【キーチェーン】AOIデパートの大大人気大人気！全品50 以上！最大99 の目玉大人気です♪【2.980円以上送料無料】【新商品】【大人気】【大大人気】【50～99 】,ビリヤード【キーホルダー】大大人気！最大99。ビリヤード【キーホルダー】【キーチェーン】AOIデパートの大大人気大人気！全品50 以上！最大99 の目玉大人気です♪【2.980円以上送料無料】【新商品】【大人気】【大大人気】【50～99 】[rn]
2-8630,http://tshop.r10s.jp/gold/aoi-depart/6zak590-1.gif?fitin=700:700,80.0000,,日用品雑貨・文房具・手芸 > 日用品・生活雑貨 > その他,犬のおもちゃ【ブーツ】【ドッグ】【トイ】AOIデパートの大大人気大人気！全品50 以上！最大99 の目玉大人気です♪【2.980円以上送料無料】【新商品】【大人気】【大大人気】【50～99 】100円均一,犬のおもちゃ【ブーツ】【ドッグ】大大人気！最大99,"■説明■<br>
犬のおもちゃ【ブーツ】【ドッグ】【トイ】<br>
AOIデパートの大大人気大人気！<br>
全品50 以上！<br>
最大99 の目玉大人気です♪<br>
【2.980円以上送料無料】【新商品】<br>
【大人気】【大大人気】【50～99 】<br>
■サイズ・仕様■<br>
サイズ：H14×W13cm×D4cm<br>
■AOIデパートは大大人気商品が勢揃い！！■<br>
大人気以上の頑張りが当店のスローガンです♪<br><TABLE cellspacing=""1"" bgcolor=""#cdcd9a"" cellpadding=""10"">
  <TBODY>
    <TR>
      <TD bgcolor=""#ffffff"" height=""61""><IMG src=""http://image.rakuten.co.jp/aoi-depart/cabinet/souryou.jpg"" width=""505"" height=""52"" border=""0""><br>
      <font size=""2"">沖縄県の場合は、8,000円以上で送料無料となります。</font><FONT size=""1"">（8,000円以下の場合はご注文後に送料が加算されます。）</FONT></TD>
    </TR>
  </TBODY>
</TABLE>
<B><FONT size=""2""><FONT size=""2""><BR>
<FONT size=""2"">★　最終価格！　ソーラー　LEDクリスタルキングトナカイ　ホワイト（白）　★</FONT></FONT><BR>
<BR>
<FONT size=""2"">★　最終価格！　ソーラー　LEDクリスタルキングトナカイ　ブルー（青）　★</FONT></FONT></B><br><br>
<TABLE width=""560"">
  <TBODY>
    <TR>
      <TD valign=""top"" align=""center""><IMG src=""http://image.rakuten.co.jp/aoi-depart/cabinet/00377082/img56929916.gif"" width=""130"" height=""88"" border=""0""><BR>
      <FONT size=""-2"" color=""#999900"">&gt;人気の缶バッジ（バッチ）<BR>
      特集！200アイテム！</FONT></TD>
      <TD valign=""top"" align=""center""><IMG src=""http://image.rakuten.co.jp/aoi-depart/cabinet/00377082/img56929917.gif"" width=""130"" height=""88"" border=""0""><BR>
      <FONT size=""-2"" color=""#999900"">&gt;インテリア用のポスター！<BR>
      特集！200アイテム！</FONT></TD>
      <TD valign=""top"" align=""center""><IMG src=""http://image.rakuten.co.jp/aoi-depart/cabinet/00377082/img56929918.gif"" width=""130"" height=""89"" border=""0""><BR>
      <FONT size=""-2"" color=""#999900"">&gt;人気キャラ！キーホルダー<BR>
      特集！300アイテム！</FONT></TD>
      <TD valign=""top"" align=""center""><IMG src=""http://image.rakuten.co.jp/aoi-depart/cabinet/00377082/img56929919.gif"" width=""130"" height=""89"" border=""0""><BR>
      <FONT size=""-2"" color=""#999900"">&gt;やっぱりワッペン！<BR>
      特集！200アイテム！</FONT></TD>
    </TR>
  </TBODY>
</TABLE>




<P><IMG src=""http://image.rakuten.co.jp/aoi-depart/cabinet/img58891052.gif"" border=""0"" width=""560"" height=""94""><BR>
<FONT color=""#000000"" size=""1"">大人気！くろねこ雑貨、新商品続々入荷中！黒猫キッチン用品、バス用品、おしゃれ雑貨、黒猫インテリア</FONT></P>
<TABLE width=""560"" cellpadding=""0"" cellspacing=""0"">
  <TBODY valign=""top"">
    <TR>
      <TD valign=""top""><IMG src=""http://image.rakuten.co.jp/aoi-depart/cabinet/00377084/imgrc0065158542.gif"" border=""0"" width=""270"" height=""80""><BR>
      <FONT size=""1"">クレヨンしんちゃんグッズ続々入荷中！<BR>
      新学期はしんちゃんのランチグッズやペンケースで決まり！<BR>
      新生活も応援！クッションやタオル、グラスも豊富♪<BR>
      <BR>
      </FONT></TD>
      <TD valign=""top""><IMG src=""http://image.rakuten.co.jp/aoi-depart/cabinet/00377084/imgrc0065158540.gif"" border=""0"" width=""270"" height=""80""><BR>
      <FONT size=""1"">ピンクやレッドがキュートなキティやマイメロ♪<BR>
      サンリオのステップやコロコロクリーナーが売れてます！<BR>
      メラミンカップやグラス、おもちゃ箱も♪プレゼントやギフトにも♪</FONT><BR>
      <BR>
      </TD>
    </TR>
  </TBODY>
</TABLE>
<TABLE width=""560"" cellpadding=""0"" cellspacing=""0"">
  <TBODY valign=""top"">
    <TR>
      <TD valign=""top""><IMG src=""http://image.rakuten.co.jp/aoi-depart/cabinet/00377084/imgrc0065158539.gif"" border=""0"" width=""270"" height=""80""><BR>
      <FONT size=""1"">ベビータオルやベビーギフトならアナノカフェ♪安心の日本製です。<BR>
      ほわほわ～の柔らか素材がお肌にも優しい。<BR>
      内祝やご出産祝にも最適！スタイや肌着の種類も豊富！</FONT><BR>
      <BR>
      </TD>
      <TD valign=""top""><IMG src=""http://image.rakuten.co.jp/aoi-depart/cabinet/00377084/imgrc0065158538.gif"" border=""0"" width=""270"" height=""80""><BR>
      <FONT size=""1"">キュートでポップな亜土ちゃんのグッズでラブリーな生活を♪<BR>
      クッションや食器、ブリキケースもすっごくカワイイ♪<BR>
      お花★ハート★キッス　が合言葉♪！</FONT></TD>
    </TR>
  </TBODY>
</TABLE>
<TABLE width=""560"" cellpadding=""0"" cellspacing=""0"">
  <TBODY valign=""top"">
    <TR>
      <TD valign=""top""><IMG src=""http://image.rakuten.co.jp/aoi-depart/cabinet/00377084/imgrc0065158541.gif"" border=""0"" width=""270"" height=""80""><BR>
      <FONT size=""1"">やっぱり定番！ず～っと人気が止まらないっ！<BR>
      クッションやティッシュカバー、フリーケースで周りをボブイエロー<BR>
      に染めちゃえ！超ビッグなメガデカクッションは要チェック！</FONT><BR>
      <BR>
      </TD>
      <TD valign=""top""><IMG src=""http://image.rakuten.co.jp/aoi-depart/cabinet/00377084/imgrc0065158543.gif"" border=""0"" width=""270"" height=""80""><BR>
      <FONT size=""1"">アメコミの中でもスパイダーマンはダントツ人気！<BR>
      ポスターやコスチューム、ストラップなどなどグッズも大量！<BR>
      お部屋に飾ればカッコイイ　ヒーロコミックの世界に！</FONT><BR>
      <BR>
      </TD>
    </TR>
  </TBODY>
</TABLE>

<TABLE width=""560"">
  <TBODY>
    <TR>
      <TD><IMG src=""http://image.rakuten.co.jp/aoi-depart/cabinet/00377084/img57529064.gif"" width=""186"" height=""70"" border=""0""><BR>
      <FONT size=""-2"" color=""#ff8000"">▼タオル特集！柔らか～！かわいい～！<BR>
      自分流でお気に入りをどうぞ♪</FONT></TD>
      <TD><IMG src=""http://image.rakuten.co.jp/aoi-depart/cabinet/00377084/img57529063.gif"" width=""186"" height=""70"" border=""0""><BR>
      <FONT size=""-2"" color=""#ff8000"">▼健康な美しさを追求♪でもでも毎日使うものだからこそかわいいデザインのものを♪</FONT></TD>
      <TD><IMG src=""http://image.rakuten.co.jp/aoi-depart/cabinet/00377084/img57529065.gif"" width=""186"" height=""70"" border=""0""><BR>
      <FONT size=""-2"" color=""#ff8000"">▼お風呂グッズ特集♪こだわりタオルから便利バス用品まで選りすぐって取り揃えました♪</FONT></TD>
    </TR>
  </TBODY>
</TABLE>

<TABLE width=""560"" height=""120"" bgcolor=""#ffffff"" cellpadding=""0"" cellspacing=""1"">
  <TBODY>
    <TR>
      <TD bgcolor=""#ffffff"" align=""center"" valign=""top""><IMG src=""http://image.rakuten.co.jp/aoi-depart/cabinet/00377084/img57844237.gif"" width=""270"" height=""72"" border=""0""><BR>
      <FONT size=""-2"" color=""#666666"">■生活雑貨勢揃い！1000アイテムの中からお気に入りをどうぞ！■</FONT></TD>
      <TD bgcolor=""#ffffff"" align=""center"" valign=""middle""><IMG src=""http://image.rakuten.co.jp/aoi-depart/cabinet/00377082/img57733851.gif"" width=""270"" height=""103"" border=""0""><BR>
      <FONT size=""-2"" color=""#666666"">■AOIデパートのコスチューム♪新商品がいっぱい♪</FONT></TD>
    </TR>
  </TBODY>
</TABLE>",犬のおもちゃ【ブーツ】【ドッグ】【トイ】AOIデパートの大大人気大人気！全品50 以上！最大99 の目玉大人気です♪【2.980円以上送料無料】【新商品】【大人気】【大大人気】【50～99 】100円均一：ＡＯＩデパート,雑貨スポンジボブイルミネーションケアベアラットフィンク時計ハッピーツリーフレンズディズニー犬のおもちゃ【ブーツ】【ドッグ】【トイ】AOIデパートの大大人気大人気！全品50 以上！最大99 の目玉大人気です♪【2.980円以上送料無料】【新商品】【大人気】【大大人気】【50～99 】100円均一,犬のおもちゃ【ブーツ】【ドッグ】大大人気！最大99。犬のおもちゃ【ブーツ】【ドッグ】【トイ】AOIデパートの大大人気大人気！全品50 以上！最大99 の目玉大人気です♪【2.980円以上送料無料】【新商品】【大人気】【大大人気】【50～99 】100円均一[rn]
2-8631,http://tshop.r10s.jp/gold/aoi-depart/6zak630-1.gif?fitin=700:700,48.0000,,日用品雑貨・文房具・手芸 > 日用品・生活雑貨 > その他,デコシール【ZERO】【ステッカー】♪AOIデパートの大大人気大人気！全品50 以上！最大99 の目玉大人気です♪【2.980円以上送料無料】【新商品】【大人気】【大大人気】【50～99 】,デコシール【ZERO】【ステッカー】♪大大人気！最大99,"■説明■<br>
デコシール【ZERO】【ステッカー】♪<br>
AOIデパートの大大人気大人気！<br>
全品50 以上！<br>
最大99 の目玉大人気です♪<br>
【2.980円以上送料無料】【新商品】<br>
【大人気】【大大人気】【50～99 】<br>
■サイズ・仕様■<br>
サイズ：約H8cm<br>
■AOIデパートは大大人気商品が勢揃い！！■<br>
大人気以上の頑張りが当店のスローガンです♪<br><TABLE cellspacing=""1"" bgcolor=""#cdcd9a"" cellpadding=""10"">
  <TBODY>
    <TR>
      <TD bgcolor=""#ffffff"" height=""61""><IMG src=""http://image.rakuten.co.jp/aoi-depart/cabinet/souryou.jpg"" width=""505"" height=""52"" border=""0""><br>
      <font size=""2"">沖縄県の場合は、8,000円以上で送料無料となります。</font><FONT size=""1"">（8,000円以下の場合はご注文後に送料が加算されます。）</FONT></TD>
    </TR>
  </TBODY>
</TABLE>
<B><FONT size=""2""><FONT size=""2""><BR>
<FONT size=""2"">★　最終価格！　ソーラー　LEDクリスタルキングトナカイ　ホワイト（白）　★</FONT></FONT><BR>
<BR>
<FONT size=""2"">★　最終価格！　ソーラー　LEDクリスタルキングトナカイ　ブルー（青）　★</FONT></FONT></B><br><br>
<TABLE width=""560"">
  <TBODY>
    <TR>
      <TD valign=""top"" align=""center""><IMG src=""http://image.rakuten.co.jp/aoi-depart/cabinet/00377082/img56929916.gif"" width=""130"" height=""88"" border=""0""><BR>
      <FONT size=""-2"" color=""#999900"">&gt;人気の缶バッジ（バッチ）<BR>
      特集！200アイテム！</FONT></TD>
      <TD valign=""top"" align=""center""><IMG src=""http://image.rakuten.co.jp/aoi-depart/cabinet/00377082/img56929917.gif"" width=""130"" height=""88"" border=""0""><BR>
      <FONT size=""-2"" color=""#999900"">&gt;インテリア用のポスター！<BR>
      特集！200アイテム！</FONT></TD>
      <TD valign=""top"" align=""center""><IMG src=""http://image.rakuten.co.jp/aoi-depart/cabinet/00377082/img56929918.gif"" width=""130"" height=""89"" border=""0""><BR>
      <FONT size=""-2"" color=""#999900"">&gt;人気キャラ！キーホルダー<BR>
      特集！300アイテム！</FONT></TD>
      <TD valign=""top"" align=""center""><IMG src=""http://image.rakuten.co.jp/aoi-depart/cabinet/00377082/img56929919.gif"" width=""130"" height=""89"" border=""0""><BR>
      <FONT size=""-2"" color=""#999900"">&gt;やっぱりワッペン！<BR>
      特集！200アイテム！</FONT></TD>
    </TR>
  </TBODY>
</TABLE>




<P><IMG src=""http://image.rakuten.co.jp/aoi-depart/cabinet/img58891052.gif"" border=""0"" width=""560"" height=""94""><BR>
<FONT color=""#000000"" size=""1"">大人気！くろねこ雑貨、新商品続々入荷中！黒猫キッチン用品、バス用品、おしゃれ雑貨、黒猫インテリア</FONT></P>
<TABLE width=""560"" cellpadding=""0"" cellspacing=""0"">
  <TBODY valign=""top"">
    <TR>
      <TD valign=""top""><IMG src=""http://image.rakuten.co.jp/aoi-depart/cabinet/00377084/imgrc0065158542.gif"" border=""0"" width=""270"" height=""80""><BR>
      <FONT size=""1"">クレヨンしんちゃんグッズ続々入荷中！<BR>
      新学期はしんちゃんのランチグッズやペンケースで決まり！<BR>
      新生活も応援！クッションやタオル、グラスも豊富♪<BR>
      <BR>
      </FONT></TD>
      <TD valign=""top""><IMG src=""http://image.rakuten.co.jp/aoi-depart/cabinet/00377084/imgrc0065158540.gif"" border=""0"" width=""270"" height=""80""><BR>
      <FONT size=""1"">ピンクやレッドがキュートなキティやマイメロ♪<BR>
      サンリオのステップやコロコロクリーナーが売れてます！<BR>
      メラミンカップやグラス、おもちゃ箱も♪プレゼントやギフトにも♪</FONT><BR>
      <BR>
      </TD>
    </TR>
  </TBODY>
</TABLE>
<TABLE width=""560"" cellpadding=""0"" cellspacing=""0"">
  <TBODY valign=""top"">
    <TR>
      <TD valign=""top""><IMG src=""http://image.rakuten.co.jp/aoi-depart/cabinet/00377084/imgrc0065158539.gif"" border=""0"" width=""270"" height=""80""><BR>
      <FONT size=""1"">ベビータオルやベビーギフトならアナノカフェ♪安心の日本製です。<BR>
      ほわほわ～の柔らか素材がお肌にも優しい。<BR>
      内祝やご出産祝にも最適！スタイや肌着の種類も豊富！</FONT><BR>
      <BR>
      </TD>
      <TD valign=""top""><IMG src=""http://image.rakuten.co.jp/aoi-depart/cabinet/00377084/imgrc0065158538.gif"" border=""0"" width=""270"" height=""80""><BR>
      <FONT size=""1"">キュートでポップな亜土ちゃんのグッズでラブリーな生活を♪<BR>
      クッションや食器、ブリキケースもすっごくカワイイ♪<BR>
      お花★ハート★キッス　が合言葉♪！</FONT></TD>
    </TR>
  </TBODY>
</TABLE>
<TABLE width=""560"" cellpadding=""0"" cellspacing=""0"">
  <TBODY valign=""top"">
    <TR>
      <TD valign=""top""><IMG src=""http://image.rakuten.co.jp/aoi-depart/cabinet/00377084/imgrc0065158541.gif"" border=""0"" width=""270"" height=""80""><BR>
      <FONT size=""1"">やっぱり定番！ず～っと人気が止まらないっ！<BR>
      クッションやティッシュカバー、フリーケースで周りをボブイエロー<BR>
      に染めちゃえ！超ビッグなメガデカクッションは要チェック！</FONT><BR>
      <BR>
      </TD>
      <TD valign=""top""><IMG src=""http://image.rakuten.co.jp/aoi-depart/cabinet/00377084/imgrc0065158543.gif"" border=""0"" width=""270"" height=""80""><BR>
      <FONT size=""1"">アメコミの中でもスパイダーマンはダントツ人気！<BR>
      ポスターやコスチューム、ストラップなどなどグッズも大量！<BR>
      お部屋に飾ればカッコイイ　ヒーロコミックの世界に！</FONT><BR>
      <BR>
      </TD>
    </TR>
  </TBODY>
</TABLE>

<TABLE width=""560"">
  <TBODY>
    <TR>
      <TD><IMG src=""http://image.rakuten.co.jp/aoi-depart/cabinet/00377084/img57529064.gif"" width=""186"" height=""70"" border=""0""><BR>
      <FONT size=""-2"" color=""#ff8000"">▼タオル特集！柔らか～！かわいい～！<BR>
      自分流でお気に入りをどうぞ♪</FONT></TD>
      <TD><IMG src=""http://image.rakuten.co.jp/aoi-depart/cabinet/00377084/img57529063.gif"" width=""186"" height=""70"" border=""0""><BR>
      <FONT size=""-2"" color=""#ff8000"">▼健康な美しさを追求♪でもでも毎日使うものだからこそかわいいデザインのものを♪</FONT></TD>
      <TD><IMG src=""http://image.rakuten.co.jp/aoi-depart/cabinet/00377084/img57529065.gif"" width=""186"" height=""70"" border=""0""><BR>
      <FONT size=""-2"" color=""#ff8000"">▼お風呂グッズ特集♪こだわりタオルから便利バス用品まで選りすぐって取り揃えました♪</FONT></TD>
    </TR>
  </TBODY>
</TABLE>

<TABLE width=""560"" height=""120"" bgcolor=""#ffffff"" cellpadding=""0"" cellspacing=""1"">
  <TBODY>
    <TR>
      <TD bgcolor=""#ffffff"" align=""center"" valign=""top""><IMG src=""http://image.rakuten.co.jp/aoi-depart/cabinet/00377084/img57844237.gif"" width=""270"" height=""72"" border=""0""><BR>
      <FONT size=""-2"" color=""#666666"">■生活雑貨勢揃い！1000アイテムの中からお気に入りをどうぞ！■</FONT></TD>
      <TD bgcolor=""#ffffff"" align=""center"" valign=""middle""><IMG src=""http://image.rakuten.co.jp/aoi-depart/cabinet/00377082/img57733851.gif"" width=""270"" height=""103"" border=""0""><BR>
      <FONT size=""-2"" color=""#666666"">■AOIデパートのコスチューム♪新商品がいっぱい♪</FONT></TD>
    </TR>
  </TBODY>
</TABLE>",デコシール【ZERO】【ステッカー】♪AOIデパートの大大人気大人気！全品50 以上！最大99 の目玉大人気です♪【2.980円以上送料無料】【新商品】【大人気】【大大人気】【50～99 】：ＡＯＩデパート,雑貨スポンジボブイルミネーションケアベアラットフィンク時計ハッピーツリーフレンズディズニーデコシール【ZERO】【ステッカー】♪AOIデパートの大大人気大人気！全品50 以上！最大99 の目玉大人気です♪【2.980円以上送料無料】【新商品】【大人気】【大大人気】【50～99 】,デコシール【ZERO】【ステッカー】♪大大人気！最大99。デコシール【ZERO】【ステッカー】♪AOIデパートの大大人気大人気！全品50 以上！最大99 の目玉大人気です♪【2.980円以上送料無料】【新商品】【大人気】【大大人気】【50～99 】[rn]
2-8632,http://tshop.r10s.jp/gold/aoi-depart/6zak629-1.gif?fitin=700:700,48.0000,,日用品雑貨・文房具・手芸 > 日用品・生活雑貨 > その他,デコシール【忍者】【ステッカー】♪AOIデパートの大大人気大人気！全品50 以上！最大99 の目玉大人気です♪【2.980円以上送料無料】【新商品】【大人気】【大大人気】【50～99 】,デコシール【忍者】【ステッカー】♪大大人気！最大99,"■説明■<br>
デコシール【忍者】【ステッカー】♪<br>
AOIデパートの大大人気大人気！<br>
全品50 以上！<br>
最大99 の目玉大人気です♪<br>
【2.980円以上送料無料】【新商品】<br>
【大人気】【大大人気】【50～99 】<br>
■サイズ・仕様■<br>
サイズ：約H12cm<br>
■AOIデパートは大大人気商品が勢揃い！！■<br>
大人気以上の頑張りが当店のスローガンです♪<br><TABLE cellspacing=""1"" bgcolor=""#cdcd9a"" cellpadding=""10"">
  <TBODY>
    <TR>
      <TD bgcolor=""#ffffff"" height=""61""><IMG src=""http://image.rakuten.co.jp/aoi-depart/cabinet/souryou.jpg"" width=""505"" height=""52"" border=""0""><br>
      <font size=""2"">沖縄県の場合は、8,000円以上で送料無料となります。</font><FONT size=""1"">（8,000円以下の場合はご注文後に送料が加算されます。）</FONT></TD>
    </TR>
  </TBODY>
</TABLE>
<B><FONT size=""2""><FONT size=""2""><BR>
<FONT size=""2"">★　最終価格！　ソーラー　LEDクリスタルキングトナカイ　ホワイト（白）　★</FONT></FONT><BR>
<BR>
<FONT size=""2"">★　最終価格！　ソーラー　LEDクリスタルキングトナカイ　ブルー（青）　★</FONT></FONT></B><br><br>
<TABLE width=""560"">
  <TBODY>
    <TR>
      <TD valign=""top"" align=""center""><IMG src=""http://image.rakuten.co.jp/aoi-depart/cabinet/00377082/img56929916.gif"" width=""130"" height=""88"" border=""0""><BR>
      <FONT size=""-2"" color=""#999900"">&gt;人気の缶バッジ（バッチ）<BR>
      特集！200アイテム！</FONT></TD>
      <TD valign=""top"" align=""center""><IMG src=""http://image.rakuten.co.jp/aoi-depart/cabinet/00377082/img56929917.gif"" width=""130"" height=""88"" border=""0""><BR>
      <FONT size=""-2"" color=""#999900"">&gt;インテリア用のポスター！<BR>
      特集！200アイテム！</FONT></TD>
      <TD valign=""top"" align=""center""><IMG src=""http://image.rakuten.co.jp/aoi-depart/cabinet/00377082/img56929918.gif"" width=""130"" height=""89"" border=""0""><BR>
      <FONT size=""-2"" color=""#999900"">&gt;人気キャラ！キーホルダー<BR>
      特集！300アイテム！</FONT></TD>
      <TD valign=""top"" align=""center""><IMG src=""http://image.rakuten.co.jp/aoi-depart/cabinet/00377082/img56929919.gif"" width=""130"" height=""89"" border=""0""><BR>
      <FONT size=""-2"" color=""#999900"">&gt;やっぱりワッペン！<BR>
      特集！200アイテム！</FONT></TD>
    </TR>
  </TBODY>
</TABLE>




<P><IMG src=""http://image.rakuten.co.jp/aoi-depart/cabinet/img58891052.gif"" border=""0"" width=""560"" height=""94""><BR>
<FONT color=""#000000"" size=""1"">大人気！くろねこ雑貨、新商品続々入荷中！黒猫キッチン用品、バス用品、おしゃれ雑貨、黒猫インテリア</FONT></P>
<TABLE width=""560"" cellpadding=""0"" cellspacing=""0"">
  <TBODY valign=""top"">
    <TR>
      <TD valign=""top""><IMG src=""http://image.rakuten.co.jp/aoi-depart/cabinet/00377084/imgrc0065158542.gif"" border=""0"" width=""270"" height=""80""><BR>
      <FONT size=""1"">クレヨンしんちゃんグッズ続々入荷中！<BR>
      新学期はしんちゃんのランチグッズやペンケースで決まり！<BR>
      新生活も応援！クッションやタオル、グラスも豊富♪<BR>
      <BR>
      </FONT></TD>
      <TD valign=""top""><IMG src=""http://image.rakuten.co.jp/aoi-depart/cabinet/00377084/imgrc0065158540.gif"" border=""0"" width=""270"" height=""80""><BR>
      <FONT size=""1"">ピンクやレッドがキュートなキティやマイメロ♪<BR>
      サンリオのステップやコロコロクリーナーが売れてます！<BR>
      メラミンカップやグラス、おもちゃ箱も♪プレゼントやギフトにも♪</FONT><BR>
      <BR>
      </TD>
    </TR>
  </TBODY>
</TABLE>
<TABLE width=""560"" cellpadding=""0"" cellspacing=""0"">
  <TBODY valign=""top"">
    <TR>
      <TD valign=""top""><IMG src=""http://image.rakuten.co.jp/aoi-depart/cabinet/00377084/imgrc0065158539.gif"" border=""0"" width=""270"" height=""80""><BR>
      <FONT size=""1"">ベビータオルやベビーギフトならアナノカフェ♪安心の日本製です。<BR>
      ほわほわ～の柔らか素材がお肌にも優しい。<BR>
      内祝やご出産祝にも最適！スタイや肌着の種類も豊富！</FONT><BR>
      <BR>
      </TD>
      <TD valign=""top""><IMG src=""http://image.rakuten.co.jp/aoi-depart/cabinet/00377084/imgrc0065158538.gif"" border=""0"" width=""270"" height=""80""><BR>
      <FONT size=""1"">キュートでポップな亜土ちゃんのグッズでラブリーな生活を♪<BR>
      クッションや食器、ブリキケースもすっごくカワイイ♪<BR>
      お花★ハート★キッス　が合言葉♪！</FONT></TD>
    </TR>
  </TBODY>
</TABLE>
<TABLE width=""560"" cellpadding=""0"" cellspacing=""0"">
  <TBODY valign=""top"">
    <TR>
      <TD valign=""top""><IMG src=""http://image.rakuten.co.jp/aoi-depart/cabinet/00377084/imgrc0065158541.gif"" border=""0"" width=""270"" height=""80""><BR>
      <FONT size=""1"">やっぱり定番！ず～っと人気が止まらないっ！<BR>
      クッションやティッシュカバー、フリーケースで周りをボブイエロー<BR>
      に染めちゃえ！超ビッグなメガデカクッションは要チェック！</FONT><BR>
      <BR>
      </TD>
      <TD valign=""top""><IMG src=""http://image.rakuten.co.jp/aoi-depart/cabinet/00377084/imgrc0065158543.gif"" border=""0"" width=""270"" height=""80""><BR>
      <FONT size=""1"">アメコミの中でもスパイダーマンはダントツ人気！<BR>
      ポスターやコスチューム、ストラップなどなどグッズも大量！<BR>
      お部屋に飾ればカッコイイ　ヒーロコミックの世界に！</FONT><BR>
      <BR>
      </TD>
    </TR>
  </TBODY>
</TABLE>

<TABLE width=""560"">
  <TBODY>
    <TR>
      <TD><IMG src=""http://image.rakuten.co.jp/aoi-depart/cabinet/00377084/img57529064.gif"" width=""186"" height=""70"" border=""0""><BR>
      <FONT size=""-2"" color=""#ff8000"">▼タオル特集！柔らか～！かわいい～！<BR>
      自分流でお気に入りをどうぞ♪</FONT></TD>
      <TD><IMG src=""http://image.rakuten.co.jp/aoi-depart/cabinet/00377084/img57529063.gif"" width=""186"" height=""70"" border=""0""><BR>
      <FONT size=""-2"" color=""#ff8000"">▼健康な美しさを追求♪でもでも毎日使うものだからこそかわいいデザインのものを♪</FONT></TD>
      <TD><IMG src=""http://image.rakuten.co.jp/aoi-depart/cabinet/00377084/img57529065.gif"" width=""186"" height=""70"" border=""0""><BR>
      <FONT size=""-2"" color=""#ff8000"">▼お風呂グッズ特集♪こだわりタオルから便利バス用品まで選りすぐって取り揃えました♪</FONT></TD>
    </TR>
  </TBODY>
</TABLE>

<TABLE width=""560"" height=""120"" bgcolor=""#ffffff"" cellpadding=""0"" cellspacing=""1"">
  <TBODY>
    <TR>
      <TD bgcolor=""#ffffff"" align=""center"" valign=""top""><IMG src=""http://image.rakuten.co.jp/aoi-depart/cabinet/00377084/img57844237.gif"" width=""270"" height=""72"" border=""0""><BR>
      <FONT size=""-2"" color=""#666666"">■生活雑貨勢揃い！1000アイテムの中からお気に入りをどうぞ！■</FONT></TD>
      <TD bgcolor=""#ffffff"" align=""center"" valign=""middle""><IMG src=""http://image.rakuten.co.jp/aoi-depart/cabinet/00377082/img57733851.gif"" width=""270"" height=""103"" border=""0""><BR>
      <FONT size=""-2"" color=""#666666"">■AOIデパートのコスチューム♪新商品がいっぱい♪</FONT></TD>
    </TR>
  </TBODY>
</TABLE>",デコシール【忍者】【ステッカー】♪AOIデパートの大大人気大人気！全品50 以上！最大99 の目玉大人気です♪【2.980円以上送料無料】【新商品】【大人気】【大大人気】【50～99 】：ＡＯＩデパート,雑貨スポンジボブイルミネーションケアベアラットフィンク時計ハッピーツリーフレンズディズニーデコシール【忍者】【ステッカー】♪AOIデパートの大大人気大人気！全品50 以上！最大99 の目玉大人気です♪【2.980円以上送料無料】【新商品】【大人気】【大大人気】【50～99 】,デコシール【忍者】【ステッカー】♪大大人気！最大99。デコシール【忍者】【ステッカー】♪AOIデパートの大大人気大人気！全品50 以上！最大99 の目玉大人気です♪【2.980円以上送料無料】【新商品】【大人気】【大大人気】【50～99 】[rn]
2-8633,http://tshop.r10s.jp/aoi-depart/cabinet/01474709/01606296/img56936167.gif?fitin=700:700,168.0000,,日用品雑貨・文房具・手芸 > 日用品・生活雑貨 > その他,フォルクスワーゲン【Volkswagen】人気の缶バッジを大量投入！服やバック・カバンなどをリメイクしちゃいましょう♪なつかしいキャラクターや海外のメーカー！お気に入りを見つけてください♪【缶】【バッチ】【バッジ】【2.980円以上送料無料】,フォルクスワーゲン【Volkswagen】カンバッチ15,"■説明■<br>
フォルクスワーゲン【Volkswagen】<br>
人気の缶バッジを大量投入！<br>
服やバック・カバンなどを<br>
リメイクしちゃいましょう♪<br>
なつかしいキャラクターや海外のメーカー！<br>
お気に入りを見つけてください♪<br>
【缶】【バッチ】【バッジ】<br>
■サイズ・仕様■<br>
H3cm<br><br>

■当商品について■<br>
＊在庫状況により<br>
入荷待ち・欠品になる場合がございます。<br>
予めご了承下さいますようお願いいたします。<br><TABLE cellspacing=""1"" bgcolor=""#cdcd9a"" cellpadding=""10"">
  <TBODY>
    <TR>
      <TD bgcolor=""#ffffff"" height=""61""><IMG src=""http://image.rakuten.co.jp/aoi-depart/cabinet/souryou.jpg"" width=""505"" height=""52"" border=""0""><br>
      <font size=""2"">沖縄県の場合は、8,000円以上で送料無料となります。</font><FONT size=""1"">（8,000円以下の場合はご注文後に送料が加算されます。）</FONT></TD>
    </TR>
  </TBODY>
</TABLE>
<B><FONT size=""2""><FONT size=""2""><BR>
<FONT size=""2"">★　最終価格！　ソーラー　LEDクリスタルキングトナカイ　ホワイト（白）　★</FONT></FONT><BR>
<BR>
<FONT size=""2"">★　最終価格！　ソーラー　LEDクリスタルキングトナカイ　ブルー（青）　★</FONT></FONT></B><br><br>
<TABLE width=""560"">
  <TBODY>
    <TR>
      <TD valign=""top"" align=""center""><IMG src=""http://image.rakuten.co.jp/aoi-depart/cabinet/00377082/img56929916.gif"" width=""130"" height=""88"" border=""0""><BR>
      <FONT size=""-2"" color=""#999900"">&gt;人気の缶バッジ（バッチ）<BR>
      特集！200アイテム！</FONT></TD>
      <TD valign=""top"" align=""center""><IMG src=""http://image.rakuten.co.jp/aoi-depart/cabinet/00377082/img56929917.gif"" width=""130"" height=""88"" border=""0""><BR>
      <FONT size=""-2"" color=""#999900"">&gt;インテリア用のポスター！<BR>
      特集！200アイテム！</FONT></TD>
      <TD valign=""top"" align=""center""><IMG src=""http://image.rakuten.co.jp/aoi-depart/cabinet/00377082/img56929918.gif"" width=""130"" height=""89"" border=""0""><BR>
      <FONT size=""-2"" color=""#999900"">&gt;人気キャラ！キーホルダー<BR>
      特集！300アイテム！</FONT></TD>
      <TD valign=""top"" align=""center""><IMG src=""http://image.rakuten.co.jp/aoi-depart/cabinet/00377082/img56929919.gif"" width=""130"" height=""89"" border=""0""><BR>
      <FONT size=""-2"" color=""#999900"">&gt;やっぱりワッペン！<BR>
      特集！200アイテム！</FONT></TD>
    </TR>
  </TBODY>
</TABLE>




<P><IMG src=""http://image.rakuten.co.jp/aoi-depart/cabinet/img58891052.gif"" border=""0"" width=""560"" height=""94""><BR>
<FONT color=""#000000"" size=""1"">大人気！くろねこ雑貨、新商品続々入荷中！黒猫キッチン用品、バス用品、おしゃれ雑貨、黒猫インテリア</FONT></P>
<TABLE width=""560"" cellpadding=""0"" cellspacing=""0"">
  <TBODY valign=""top"">
    <TR>
      <TD valign=""top""><IMG src=""http://image.rakuten.co.jp/aoi-depart/cabinet/00377084/imgrc0065158542.gif"" border=""0"" width=""270"" height=""80""><BR>
      <FONT size=""1"">クレヨンしんちゃんグッズ続々入荷中！<BR>
      新学期はしんちゃんのランチグッズやペンケースで決まり！<BR>
      新生活も応援！クッションやタオル、グラスも豊富♪<BR>
      <BR>
      </FONT></TD>
      <TD valign=""top""><IMG src=""http://image.rakuten.co.jp/aoi-depart/cabinet/00377084/imgrc0065158540.gif"" border=""0"" width=""270"" height=""80""><BR>
      <FONT size=""1"">ピンクやレッドがキュートなキティやマイメロ♪<BR>
      サンリオのステップやコロコロクリーナーが売れてます！<BR>
      メラミンカップやグラス、おもちゃ箱も♪プレゼントやギフトにも♪</FONT><BR>
      <BR>
      </TD>
    </TR>
  </TBODY>
</TABLE>
<TABLE width=""560"" cellpadding=""0"" cellspacing=""0"">
  <TBODY valign=""top"">
    <TR>
      <TD valign=""top""><IMG src=""http://image.rakuten.co.jp/aoi-depart/cabinet/00377084/imgrc0065158539.gif"" border=""0"" width=""270"" height=""80""><BR>
      <FONT size=""1"">ベビータオルやベビーギフトならアナノカフェ♪安心の日本製です。<BR>
      ほわほわ～の柔らか素材がお肌にも優しい。<BR>
      内祝やご出産祝にも最適！スタイや肌着の種類も豊富！</FONT><BR>
      <BR>
      </TD>
      <TD valign=""top""><IMG src=""http://image.rakuten.co.jp/aoi-depart/cabinet/00377084/imgrc0065158538.gif"" border=""0"" width=""270"" height=""80""><BR>
      <FONT size=""1"">キュートでポップな亜土ちゃんのグッズでラブリーな生活を♪<BR>
      クッションや食器、ブリキケースもすっごくカワイイ♪<BR>
      お花★ハート★キッス　が合言葉♪！</FONT></TD>
    </TR>
  </TBODY>
</TABLE>
<TABLE width=""560"" cellpadding=""0"" cellspacing=""0"">
  <TBODY valign=""top"">
    <TR>
      <TD valign=""top""><IMG src=""http://image.rakuten.co.jp/aoi-depart/cabinet/00377084/imgrc0065158541.gif"" border=""0"" width=""270"" height=""80""><BR>
      <FONT size=""1"">やっぱり定番！ず～っと人気が止まらないっ！<BR>
      クッションやティッシュカバー、フリーケースで周りをボブイエロー<BR>
      に染めちゃえ！超ビッグなメガデカクッションは要チェック！</FONT><BR>
      <BR>
      </TD>
      <TD valign=""top""><IMG src=""http://image.rakuten.co.jp/aoi-depart/cabinet/00377084/imgrc0065158543.gif"" border=""0"" width=""270"" height=""80""><BR>
      <FONT size=""1"">アメコミの中でもスパイダーマンはダントツ人気！<BR>
      ポスターやコスチューム、ストラップなどなどグッズも大量！<BR>
      お部屋に飾ればカッコイイ　ヒーロコミックの世界に！</FONT><BR>
      <BR>
      </TD>
    </TR>
  </TBODY>
</TABLE>

<TABLE width=""560"">
  <TBODY>
    <TR>
      <TD><IMG src=""http://image.rakuten.co.jp/aoi-depart/cabinet/00377084/img57529064.gif"" width=""186"" height=""70"" border=""0""><BR>
      <FONT size=""-2"" color=""#ff8000"">▼タオル特集！柔らか～！かわいい～！<BR>
      自分流でお気に入りをどうぞ♪</FONT></TD>
      <TD><IMG src=""http://image.rakuten.co.jp/aoi-depart/cabinet/00377084/img57529063.gif"" width=""186"" height=""70"" border=""0""><BR>
      <FONT size=""-2"" color=""#ff8000"">▼健康な美しさを追求♪でもでも毎日使うものだからこそかわいいデザインのものを♪</FONT></TD>
      <TD><IMG src=""http://image.rakuten.co.jp/aoi-depart/cabinet/00377084/img57529065.gif"" width=""186"" height=""70"" border=""0""><BR>
      <FONT size=""-2"" color=""#ff8000"">▼お風呂グッズ特集♪こだわりタオルから便利バス用品まで選りすぐって取り揃えました♪</FONT></TD>
    </TR>
  </TBODY>
</TABLE>

<TABLE width=""560"" height=""120"" bgcolor=""#ffffff"" cellpadding=""0"" cellspacing=""1"">
  <TBODY>
    <TR>
      <TD bgcolor=""#ffffff"" align=""center"" valign=""top""><IMG src=""http://image.rakuten.co.jp/aoi-depart/cabinet/00377084/img57844237.gif"" width=""270"" height=""72"" border=""0""><BR>
      <FONT size=""-2"" color=""#666666"">■生活雑貨勢揃い！1000アイテムの中からお気に入りをどうぞ！■</FONT></TD>
      <TD bgcolor=""#ffffff"" align=""center"" valign=""middle""><IMG src=""http://image.rakuten.co.jp/aoi-depart/cabinet/00377082/img57733851.gif"" width=""270"" height=""103"" border=""0""><BR>
      <FONT size=""-2"" color=""#666666"">■AOIデパートのコスチューム♪新商品がいっぱい♪</FONT></TD>
    </TR>
  </TBODY>
</TABLE>",フォルクスワーゲン【Volkswagen】人気の缶バッジを大量投入！服やバック・カバンなどをリメイクしちゃいましょう♪なつかしいキャラクターや海外のメーカー！お気に入りを見つけてください♪【缶】【バッチ】【バッジ】【2.980円以上送料無料】：ＡＯＩデパート,雑貨スポンジボブイルミネーションケアベアラットフィンク時計ハッピーツリーフレンズディズニーフォルクスワーゲン【Volkswagen】人気の缶バッジを大量投入！服やバック・カバンなどをリメイクしちゃいましょう♪なつかしいキャラクターや海外のメーカー！お気に入りを見つけてください♪【缶】【バッチ】【バッジ】【2.980円以上送料無料】,フォルクスワーゲン【Volkswagen】カンバッチ15。フォルクスワーゲン【Volkswagen】人気の缶バッジを大量投入！服やバック・カバンなどをリメイクしちゃいましょう♪なつかしいキャラクターや海外のメーカー！お気に入りを見つけてください♪【缶】【バッチ】【バッジ】【2.980円以上送料無料】[rn]
2-8634,http://tshop.r10s.jp/aoi-depart/cabinet/13zak-1/13zak145-1.gif?fitin=700:700,3456.0000,,日用品雑貨・文房具・手芸 > 日用品・生活雑貨 > その他,【アメリカン雑貨】【IMPORT ITEM】ホームデポツールボックス【ホームデポ】【ホームセンター】【道具箱】【ツールボックス】【雑貨】【アメリカ雑貨】【アメリカ】【USA】【かわいい】【おしゃれ】アメリカ最大級のホームセンターよりツールボックスが登場,【アメリカン雑貨】【IMPORT ITEM】ホームデポツールボックス,"■説明■<br>
【アメリカン雑貨】【IMPORT ITEM】<br>
ホームデポツールボックス【ホームデポ】<br>
【ホームセンター】【道具箱】【ツールボックス】<br>
【雑貨】【アメリカ雑貨】【アメリカ】【USA】<br>
【かわいい】【おしゃれ】<br>
アメリカ最大級のホームセンターより<br>
ツールボックスが登場♪<br>
定番のアメリカン雑貨や！<br>
珍しいグッズを多数揃えました♪<br>
お気に入りのアイテムで楽しい空間を演出♪<br>
【大人気】【かわいい雑貨】【新作】<br>
【2.980円以上送料無料】【人気商品】【生活】<br>
【大人気】【大大人気】【雑貨】【日用品】【POP】<br>
【日本】【2015年】【グッズ】【ファンシー】<br>
【人気商品】【大人気】【アメリカ雑貨】<br>
【かわいい】【おしゃれ】【生活雑貨】【AOI】<br>
【アメリカ】【BAR】【インテリア雑貨】<br>
【USA】【アメリカン】【アメリカン雑貨】<br>
■サイズ・仕様■<br>
◆サイズ：約250×500×260mm<br>
◆素　材：ポリプロピレン<br>
●AOIデパートはアメリカン雑貨が勢揃い！！●<br>
アメリカン雑貨が豊富です！<br>
(*゜▽゜)/品揃えに自信アリ♪<br>
カラフルなグッズで毎日の生活を楽しんでください！<br>
■当商品について■<br>
＊在庫状況により入荷待ち・<br>
欠品になる場合がございます。<br>
予めご了承下さいますようお願いいたします。<br><TABLE cellspacing=""1"" bgcolor=""#cdcd9a"" cellpadding=""10"">
  <TBODY>
    <TR>
      <TD bgcolor=""#ffffff"" height=""61""><IMG src=""http://image.rakuten.co.jp/aoi-depart/cabinet/souryou.jpg"" width=""505"" height=""52"" border=""0""><br>
      <font size=""2"">沖縄県の場合は、8,000円以上で送料無料となります。</font><FONT size=""1"">（8,000円以下の場合はご注文後に送料が加算されます。）</FONT></TD>
    </TR>
  </TBODY>
</TABLE>
<B><FONT size=""2""><FONT size=""2""><BR>
<FONT size=""2"">★　最終価格！　ソーラー　LEDクリスタルキングトナカイ　ホワイト（白）　★</FONT></FONT><BR>
<BR>
<FONT size=""2"">★　最終価格！　ソーラー　LEDクリスタルキングトナカイ　ブルー（青）　★</FONT></FONT></B><br><br>
<TABLE width=""560"">
  <TBODY>
    <TR>
      <TD valign=""top"" align=""center""><IMG src=""http://image.rakuten.co.jp/aoi-depart/cabinet/00377082/img56929916.gif"" width=""130"" height=""88"" border=""0""><BR>
      <FONT size=""-2"" color=""#999900"">&gt;人気の缶バッジ（バッチ）<BR>
      特集！200アイテム！</FONT></TD>
      <TD valign=""top"" align=""center""><IMG src=""http://image.rakuten.co.jp/aoi-depart/cabinet/00377082/img56929917.gif"" width=""130"" height=""88"" border=""0""><BR>
      <FONT size=""-2"" color=""#999900"">&gt;インテリア用のポスター！<BR>
      特集！200アイテム！</FONT></TD>
      <TD valign=""top"" align=""center""><IMG src=""http://image.rakuten.co.jp/aoi-depart/cabinet/00377082/img56929918.gif"" width=""130"" height=""89"" border=""0""><BR>
      <FONT size=""-2"" color=""#999900"">&gt;人気キャラ！キーホルダー<BR>
      特集！300アイテム！</FONT></TD>
      <TD valign=""top"" align=""center""><IMG src=""http://image.rakuten.co.jp/aoi-depart/cabinet/00377082/img56929919.gif"" width=""130"" height=""89"" border=""0""><BR>
      <FONT size=""-2"" color=""#999900"">&gt;やっぱりワッペン！<BR>
      特集！200アイテム！</FONT></TD>
    </TR>
  </TBODY>
</TABLE>




<P><IMG src=""http://image.rakuten.co.jp/aoi-depart/cabinet/img58891052.gif"" border=""0"" width=""560"" height=""94""><BR>
<FONT color=""#000000"" size=""1"">大人気！くろねこ雑貨、新商品続々入荷中！黒猫キッチン用品、バス用品、おしゃれ雑貨、黒猫インテリア</FONT></P>
<TABLE width=""560"" cellpadding=""0"" cellspacing=""0"">
  <TBODY valign=""top"">
    <TR>
      <TD valign=""top""><IMG src=""http://image.rakuten.co.jp/aoi-depart/cabinet/00377084/imgrc0065158542.gif"" border=""0"" width=""270"" height=""80""><BR>
      <FONT size=""1"">クレヨンしんちゃんグッズ続々入荷中！<BR>
      新学期はしんちゃんのランチグッズやペンケースで決まり！<BR>
      新生活も応援！クッションやタオル、グラスも豊富♪<BR>
      <BR>
      </FONT></TD>
      <TD valign=""top""><IMG src=""http://image.rakuten.co.jp/aoi-depart/cabinet/00377084/imgrc0065158540.gif"" border=""0"" width=""270"" height=""80""><BR>
      <FONT size=""1"">ピンクやレッドがキュートなキティやマイメロ♪<BR>
      サンリオのステップやコロコロクリーナーが売れてます！<BR>
      メラミンカップやグラス、おもちゃ箱も♪プレゼントやギフトにも♪</FONT><BR>
      <BR>
      </TD>
    </TR>
  </TBODY>
</TABLE>
<TABLE width=""560"" cellpadding=""0"" cellspacing=""0"">
  <TBODY valign=""top"">
    <TR>
      <TD valign=""top""><IMG src=""http://image.rakuten.co.jp/aoi-depart/cabinet/00377084/imgrc0065158539.gif"" border=""0"" width=""270"" height=""80""><BR>
      <FONT size=""1"">ベビータオルやベビーギフトならアナノカフェ♪安心の日本製です。<BR>
      ほわほわ～の柔らか素材がお肌にも優しい。<BR>
      内祝やご出産祝にも最適！スタイや肌着の種類も豊富！</FONT><BR>
      <BR>
      </TD>
      <TD valign=""top""><IMG src=""http://image.rakuten.co.jp/aoi-depart/cabinet/00377084/imgrc0065158538.gif"" border=""0"" width=""270"" height=""80""><BR>
      <FONT size=""1"">キュートでポップな亜土ちゃんのグッズでラブリーな生活を♪<BR>
      クッションや食器、ブリキケースもすっごくカワイイ♪<BR>
      お花★ハート★キッス　が合言葉♪！</FONT></TD>
    </TR>
  </TBODY>
</TABLE>
<TABLE width=""560"" cellpadding=""0"" cellspacing=""0"">
  <TBODY valign=""top"">
    <TR>
      <TD valign=""top""><IMG src=""http://image.rakuten.co.jp/aoi-depart/cabinet/00377084/imgrc0065158541.gif"" border=""0"" width=""270"" height=""80""><BR>
      <FONT size=""1"">やっぱり定番！ず～っと人気が止まらないっ！<BR>
      クッションやティッシュカバー、フリーケースで周りをボブイエロー<BR>
      に染めちゃえ！超ビッグなメガデカクッションは要チェック！</FONT><BR>
      <BR>
      </TD>
      <TD valign=""top""><IMG src=""http://image.rakuten.co.jp/aoi-depart/cabinet/00377084/imgrc0065158543.gif"" border=""0"" width=""270"" height=""80""><BR>
      <FONT size=""1"">アメコミの中でもスパイダーマンはダントツ人気！<BR>
      ポスターやコスチューム、ストラップなどなどグッズも大量！<BR>
      お部屋に飾ればカッコイイ　ヒーロコミックの世界に！</FONT><BR>
      <BR>
      </TD>
    </TR>
  </TBODY>
</TABLE>

<TABLE width=""560"">
  <TBODY>
    <TR>
      <TD><IMG src=""http://image.rakuten.co.jp/aoi-depart/cabinet/00377084/img57529064.gif"" width=""186"" height=""70"" border=""0""><BR>
      <FONT size=""-2"" color=""#ff8000"">▼タオル特集！柔らか～！かわいい～！<BR>
      自分流でお気に入りをどうぞ♪</FONT></TD>
      <TD><IMG src=""http://image.rakuten.co.jp/aoi-depart/cabinet/00377084/img57529063.gif"" width=""186"" height=""70"" border=""0""><BR>
      <FONT size=""-2"" color=""#ff8000"">▼健康な美しさを追求♪でもでも毎日使うものだからこそかわいいデザインのものを♪</FONT></TD>
      <TD><IMG src=""http://image.rakuten.co.jp/aoi-depart/cabinet/00377084/img57529065.gif"" width=""186"" height=""70"" border=""0""><BR>
      <FONT size=""-2"" color=""#ff8000"">▼お風呂グッズ特集♪こだわりタオルから便利バス用品まで選りすぐって取り揃えました♪</FONT></TD>
    </TR>
  </TBODY>
</TABLE>

<TABLE width=""560"" height=""120"" bgcolor=""#ffffff"" cellpadding=""0"" cellspacing=""1"">
  <TBODY>
    <TR>
      <TD bgcolor=""#ffffff"" align=""center"" valign=""top""><IMG src=""http://image.rakuten.co.jp/aoi-depart/cabinet/00377084/img57844237.gif"" width=""270"" height=""72"" border=""0""><BR>
      <FONT size=""-2"" color=""#666666"">■生活雑貨勢揃い！1000アイテムの中からお気に入りをどうぞ！■</FONT></TD>
      <TD bgcolor=""#ffffff"" align=""center"" valign=""middle""><IMG src=""http://image.rakuten.co.jp/aoi-depart/cabinet/00377082/img57733851.gif"" width=""270"" height=""103"" border=""0""><BR>
      <FONT size=""-2"" color=""#666666"">■AOIデパートのコスチューム♪新商品がいっぱい♪</FONT></TD>
    </TR>
  </TBODY>
</TABLE>",【アメリカン雑貨】【IMPORT ITEM】ホームデポツールボックス【ホームデポ】【ホームセンター】【道具箱】【ツールボックス】【雑貨】【アメリカ雑貨】【アメリカ】【USA】【かわいい】【おしゃれ】アメリカ最大級のホームセンターよりツールボックスが登場：ＡＯＩデパート,雑貨スポンジボブイルミネーションケアベアラットフィンク時計ハッピーツリーフレンズディズニー【アメリカン雑貨】【IMPORT ITEM】ホームデポツールボックス【ホームデポ】【ホームセンター】【道具箱】【ツールボックス】【雑貨】【アメリカ雑貨】【アメリカ】【USA】【かわいい】【おしゃれ】アメリカ最大級のホームセンターよりツールボックスが登場,【アメリカン雑貨】【IMPORT ITEM】ホームデポツールボックス。【アメリカン雑貨】【IMPORT ITEM】ホームデポツールボックス【ホームデポ】【ホームセンター】【道具箱】【ツールボックス】【雑貨】【アメリカ雑貨】【アメリカ】【USA】【かわいい】【おしゃれ】アメリカ最大級のホームセンターよりツールボックスが登場[rn]
2-8635,http://tshop.r10s.jp/aoi-depart/cabinet/19zak-1/19zak209-1.gif?fitin=700:700,14256.0000,,日用品雑貨・文房具・手芸 > 日用品・生活雑貨 > その他,【アメリカ製】【TRAFFIC SIGN】ハイウェイサインボード【CALIFORNIA】【L】【高速】【看板】【米国交通局】【雑貨】【アメリカン雑貨】【アメリカ雑貨】【アメリカ】【USA】【かわいい】【おしゃれ】【MADE IN U.S.A】,【アメリカ製】【TRAFFIC SIGN】ハイウェイサインボード,"■説明■<br>
【アメリカ製】【TRAFFIC SIGN】<br>
ハイウェイサインボード【CALIFORNIA】【L】<br>
【高速】【看板】【米国交通局】【雑貨】<br>
【アメリカン雑貨】【アメリカ雑貨】<br>
【アメリカ】【USA】【かわいい】<br>
【おしゃれ】【MADE IN U.S.A】<br> 
MADE IN U.S.A<br>
実際にアメリカの道路で使用されている!<br>
オフィシャルの看板♪<br>
定番のアメリカン雑貨や！<br>
珍しいグッズを多数揃えました♪<br>
お気に入りのアイテムで楽しい空間を演出♪<br>
【大人気】【アメリカン雑貨】【新作】【POP】<br>
【3.980円以上送料無料】【人気商品】【生活】<br>
【大人気】【大大人気】【雑貨】【日用品】<br>
【日本】【グッズ】【ファンシー】【人気商品】<br>
【アメリカ雑貨】【かわいい】【おしゃれ】<br>
【生活雑貨】【AOI】【アメリカ】【BAR】<br>
【インテリア雑貨】【USA】【アメリカン】<br>
■サイズ・仕様■<br>
◆サイズ：約610×610mm<br>
◆素　材：アルミニウム<br>
◆MADE IN U.S.A<br>
●AOIデパートはアメリカン雑貨が勢揃い！！●<br>
アメリカン雑貨が豊富です！<br>
(*゜▽゜)/品揃えに自信アリ♪<br>
カラフルなグッズで毎日の生活を楽しんでください！<br>
■当商品について■<br>
＊在庫状況により入荷待ち・<br>
欠品になる場合がございます。<br>
予めご了承下さいますようお願いいたします。<br><TABLE cellspacing=""1"" bgcolor=""#cdcd9a"" cellpadding=""10"">
  <TBODY>
    <TR>
      <TD bgcolor=""#ffffff"" height=""61""><IMG src=""http://image.rakuten.co.jp/aoi-depart/cabinet/souryou.jpg"" width=""505"" height=""52"" border=""0""><br>
      <font size=""2"">沖縄県の場合は、8,000円以上で送料無料となります。</font><FONT size=""1"">（8,000円以下の場合はご注文後に送料が加算されます。）</FONT></TD>
    </TR>
  </TBODY>
</TABLE>
<B><FONT size=""2""><FONT size=""2""><BR>
<FONT size=""2"">★　最終価格！　ソーラー　LEDクリスタルキングトナカイ　ホワイト（白）　★</FONT></FONT><BR>
<BR>
<FONT size=""2"">★　最終価格！　ソーラー　LEDクリスタルキングトナカイ　ブルー（青）　★</FONT></FONT></B><br><br>
<TABLE width=""560"">
  <TBODY>
    <TR>
      <TD valign=""top"" align=""center""><IMG src=""http://image.rakuten.co.jp/aoi-depart/cabinet/00377082/img56929916.gif"" width=""130"" height=""88"" border=""0""><BR>
      <FONT size=""-2"" color=""#999900"">&gt;人気の缶バッジ（バッチ）<BR>
      特集！200アイテム！</FONT></TD>
      <TD valign=""top"" align=""center""><IMG src=""http://image.rakuten.co.jp/aoi-depart/cabinet/00377082/img56929917.gif"" width=""130"" height=""88"" border=""0""><BR>
      <FONT size=""-2"" color=""#999900"">&gt;インテリア用のポスター！<BR>
      特集！200アイテム！</FONT></TD>
      <TD valign=""top"" align=""center""><IMG src=""http://image.rakuten.co.jp/aoi-depart/cabinet/00377082/img56929918.gif"" width=""130"" height=""89"" border=""0""><BR>
      <FONT size=""-2"" color=""#999900"">&gt;人気キャラ！キーホルダー<BR>
      特集！300アイテム！</FONT></TD>
      <TD valign=""top"" align=""center""><IMG src=""http://image.rakuten.co.jp/aoi-depart/cabinet/00377082/img56929919.gif"" width=""130"" height=""89"" border=""0""><BR>
      <FONT size=""-2"" color=""#999900"">&gt;やっぱりワッペン！<BR>
      特集！200アイテム！</FONT></TD>
    </TR>
  </TBODY>
</TABLE>




<P><IMG src=""http://image.rakuten.co.jp/aoi-depart/cabinet/img58891052.gif"" border=""0"" width=""560"" height=""94""><BR>
<FONT color=""#000000"" size=""1"">大人気！くろねこ雑貨、新商品続々入荷中！黒猫キッチン用品、バス用品、おしゃれ雑貨、黒猫インテリア</FONT></P>
<TABLE width=""560"" cellpadding=""0"" cellspacing=""0"">
  <TBODY valign=""top"">
    <TR>
      <TD valign=""top""><IMG src=""http://image.rakuten.co.jp/aoi-depart/cabinet/00377084/imgrc0065158542.gif"" border=""0"" width=""270"" height=""80""><BR>
      <FONT size=""1"">クレヨンしんちゃんグッズ続々入荷中！<BR>
      新学期はしんちゃんのランチグッズやペンケースで決まり！<BR>
      新生活も応援！クッションやタオル、グラスも豊富♪<BR>
      <BR>
      </FONT></TD>
      <TD valign=""top""><IMG src=""http://image.rakuten.co.jp/aoi-depart/cabinet/00377084/imgrc0065158540.gif"" border=""0"" width=""270"" height=""80""><BR>
      <FONT size=""1"">ピンクやレッドがキュートなキティやマイメロ♪<BR>
      サンリオのステップやコロコロクリーナーが売れてます！<BR>
      メラミンカップやグラス、おもちゃ箱も♪プレゼントやギフトにも♪</FONT><BR>
      <BR>
      </TD>
    </TR>
  </TBODY>
</TABLE>
<TABLE width=""560"" cellpadding=""0"" cellspacing=""0"">
  <TBODY valign=""top"">
    <TR>
      <TD valign=""top""><IMG src=""http://image.rakuten.co.jp/aoi-depart/cabinet/00377084/imgrc0065158539.gif"" border=""0"" width=""270"" height=""80""><BR>
      <FONT size=""1"">ベビータオルやベビーギフトならアナノカフェ♪安心の日本製です。<BR>
      ほわほわ～の柔らか素材がお肌にも優しい。<BR>
      内祝やご出産祝にも最適！スタイや肌着の種類も豊富！</FONT><BR>
      <BR>
      </TD>
      <TD valign=""top""><IMG src=""http://image.rakuten.co.jp/aoi-depart/cabinet/00377084/imgrc0065158538.gif"" border=""0"" width=""270"" height=""80""><BR>
      <FONT size=""1"">キュートでポップな亜土ちゃんのグッズでラブリーな生活を♪<BR>
      クッションや食器、ブリキケースもすっごくカワイイ♪<BR>
      お花★ハート★キッス　が合言葉♪！</FONT></TD>
    </TR>
  </TBODY>
</TABLE>
<TABLE width=""560"" cellpadding=""0"" cellspacing=""0"">
  <TBODY valign=""top"">
    <TR>
      <TD valign=""top""><IMG src=""http://image.rakuten.co.jp/aoi-depart/cabinet/00377084/imgrc0065158541.gif"" border=""0"" width=""270"" height=""80""><BR>
      <FONT size=""1"">やっぱり定番！ず～っと人気が止まらないっ！<BR>
      クッションやティッシュカバー、フリーケースで周りをボブイエロー<BR>
      に染めちゃえ！超ビッグなメガデカクッションは要チェック！</FONT><BR>
      <BR>
      </TD>
      <TD valign=""top""><IMG src=""http://image.rakuten.co.jp/aoi-depart/cabinet/00377084/imgrc0065158543.gif"" border=""0"" width=""270"" height=""80""><BR>
      <FONT size=""1"">アメコミの中でもスパイダーマンはダントツ人気！<BR>
      ポスターやコスチューム、ストラップなどなどグッズも大量！<BR>
      お部屋に飾ればカッコイイ　ヒーロコミックの世界に！</FONT><BR>
      <BR>
      </TD>
    </TR>
  </TBODY>
</TABLE>

<TABLE width=""560"">
  <TBODY>
    <TR>
      <TD><IMG src=""http://image.rakuten.co.jp/aoi-depart/cabinet/00377084/img57529064.gif"" width=""186"" height=""70"" border=""0""><BR>
      <FONT size=""-2"" color=""#ff8000"">▼タオル特集！柔らか～！かわいい～！<BR>
      自分流でお気に入りをどうぞ♪</FONT></TD>
      <TD><IMG src=""http://image.rakuten.co.jp/aoi-depart/cabinet/00377084/img57529063.gif"" width=""186"" height=""70"" border=""0""><BR>
      <FONT size=""-2"" color=""#ff8000"">▼健康な美しさを追求♪でもでも毎日使うものだからこそかわいいデザインのものを♪</FONT></TD>
      <TD><IMG src=""http://image.rakuten.co.jp/aoi-depart/cabinet/00377084/img57529065.gif"" width=""186"" height=""70"" border=""0""><BR>
      <FONT size=""-2"" color=""#ff8000"">▼お風呂グッズ特集♪こだわりタオルから便利バス用品まで選りすぐって取り揃えました♪</FONT></TD>
    </TR>
  </TBODY>
</TABLE>

<TABLE width=""560"" height=""120"" bgcolor=""#ffffff"" cellpadding=""0"" cellspacing=""1"">
  <TBODY>
    <TR>
      <TD bgcolor=""#ffffff"" align=""center"" valign=""top""><IMG src=""http://image.rakuten.co.jp/aoi-depart/cabinet/00377084/img57844237.gif"" width=""270"" height=""72"" border=""0""><BR>
      <FONT size=""-2"" color=""#666666"">■生活雑貨勢揃い！1000アイテムの中からお気に入りをどうぞ！■</FONT></TD>
      <TD bgcolor=""#ffffff"" align=""center"" valign=""middle""><IMG src=""http://image.rakuten.co.jp/aoi-depart/cabinet/00377082/img57733851.gif"" width=""270"" height=""103"" border=""0""><BR>
      <FONT size=""-2"" color=""#666666"">■AOIデパートのコスチューム♪新商品がいっぱい♪</FONT></TD>
    </TR>
  </TBODY>
</TABLE>",【アメリカ製】【TRAFFIC SIGN】ハイウェイサインボード【CALIFORNIA】【L】【高速】【看板】【米国交通局】【雑貨】【アメリカン雑貨】【アメリカ雑貨】【アメリカ】【USA】【かわいい】【おしゃれ】【MADE IN U.S.A】：ＡＯＩデパート,雑貨スポンジボブイルミネーションケアベアラットフィンク時計ハッピーツリーフレンズディズニー【アメリカ製】【TRAFFIC SIGN】ハイウェイサインボード【CALIFORNIA】【L】【高速】【看板】【米国交通局】【雑貨】【アメリカン雑貨】【アメリカ雑貨】【アメリカ】【USA】【かわいい】【おしゃれ】【MADE IN U.S.A】,【アメリカ製】【TRAFFIC SIGN】ハイウェイサインボード。【アメリカ製】【TRAFFIC SIGN】ハイウェイサインボード【CALIFORNIA】【L】【高速】【看板】【米国交通局】【雑貨】【アメリカン雑貨】【アメリカ雑貨】【アメリカ】【USA】【かわいい】【おしゃれ】【MADE IN U.S.A】[rn]
2-8636,http://tshop.r10s.jp/aoi-depart/cabinet/13zak-1/13zak149-1.gif?fitin=700:700,2016.0000,,日用品雑貨・文房具・手芸 > 日用品・生活雑貨 > その他,【アメリカン雑貨】【RAILROAD SIGN】レイルロードサイン【オブジェ】【置物】【踏み切り】【雑貨】【アメリカ雑貨】【アメリカ】【USA】【かわいい】【おしゃれ】アメリカの踏み切りを小さくしたオブジェです 大き目サイズでインテリとして存在感がバツグンです,【アメリカン雑貨】【RAILROAD SIGN】レイルロードサイン,"■説明■<br>
【アメリカン雑貨】【RAILROAD SIGN】<br>
レイルロードサイン<br>
【オブジェ】【置物】【踏み切り】【雑貨】<br>
【アメリカ雑貨】【アメリカ】【USA】<br>
【かわいい】【おしゃれ】<br>
アメリカの踏み切りを小さくしたオブジェです！<br>
大き目サイズでインテリとして<br>
存在感がバツグンです♪<br>
定番のアメリカン雑貨や！<br>
珍しいグッズを多数揃えました♪<br>
お気に入りのアイテムで楽しい空間を演出♪<br>
【大人気】【かわいい雑貨】【新作】<br>
【3.980円以上送料無料】【人気商品】【生活】<br>
【大人気】【大大人気】【雑貨】【日用品】【POP】<br>
【日本】【2015年】【グッズ】【ファンシー】<br>
【人気商品】【大人気】【アメリカ雑貨】<br>
【かわいい】【おしゃれ】【生活雑貨】【AOI】<br>
【アメリカ】【BAR】【インテリア雑貨】<br>
【USA】【アメリカン】【アメリカン雑貨】<br>
■サイズ・仕様■<br>
◆サイズ：約H290×150×90mm<br>
◆素　材：スチール<br>
●AOIデパートはアメリカン雑貨が勢揃い！！●<br>
アメリカン雑貨が豊富です！<br>
(*゜▽゜)/品揃えに自信アリ♪<br>
カラフルなグッズで毎日の生活を楽しんでください！<br>
■当商品について■<br>
＊在庫状況により入荷待ち・<br>
欠品になる場合がございます。<br>
予めご了承下さいますようお願いいたします。<br><TABLE cellspacing=""1"" bgcolor=""#cdcd9a"" cellpadding=""10"">
  <TBODY>
    <TR>
      <TD bgcolor=""#ffffff"" height=""61""><IMG src=""http://image.rakuten.co.jp/aoi-depart/cabinet/souryou.jpg"" width=""505"" height=""52"" border=""0""><br>
      <font size=""2"">沖縄県の場合は、8,000円以上で送料無料となります。</font><FONT size=""1"">（8,000円以下の場合はご注文後に送料が加算されます。）</FONT></TD>
    </TR>
  </TBODY>
</TABLE>
<B><FONT size=""2""><FONT size=""2""><BR>
<FONT size=""2"">★　最終価格！　ソーラー　LEDクリスタルキングトナカイ　ホワイト（白）　★</FONT></FONT><BR>
<BR>
<FONT size=""2"">★　最終価格！　ソーラー　LEDクリスタルキングトナカイ　ブルー（青）　★</FONT></FONT></B><br><br>
<TABLE width=""560"">
  <TBODY>
    <TR>
      <TD valign=""top"" align=""center""><IMG src=""http://image.rakuten.co.jp/aoi-depart/cabinet/00377082/img56929916.gif"" width=""130"" height=""88"" border=""0""><BR>
      <FONT size=""-2"" color=""#999900"">&gt;人気の缶バッジ（バッチ）<BR>
      特集！200アイテム！</FONT></TD>
      <TD valign=""top"" align=""center""><IMG src=""http://image.rakuten.co.jp/aoi-depart/cabinet/00377082/img56929917.gif"" width=""130"" height=""88"" border=""0""><BR>
      <FONT size=""-2"" color=""#999900"">&gt;インテリア用のポスター！<BR>
      特集！200アイテム！</FONT></TD>
      <TD valign=""top"" align=""center""><IMG src=""http://image.rakuten.co.jp/aoi-depart/cabinet/00377082/img56929918.gif"" width=""130"" height=""89"" border=""0""><BR>
      <FONT size=""-2"" color=""#999900"">&gt;人気キャラ！キーホルダー<BR>
      特集！300アイテム！</FONT></TD>
      <TD valign=""top"" align=""center""><IMG src=""http://image.rakuten.co.jp/aoi-depart/cabinet/00377082/img56929919.gif"" width=""130"" height=""89"" border=""0""><BR>
      <FONT size=""-2"" color=""#999900"">&gt;やっぱりワッペン！<BR>
      特集！200アイテム！</FONT></TD>
    </TR>
  </TBODY>
</TABLE>




<P><IMG src=""http://image.rakuten.co.jp/aoi-depart/cabinet/img58891052.gif"" border=""0"" width=""560"" height=""94""><BR>
<FONT color=""#000000"" size=""1"">大人気！くろねこ雑貨、新商品続々入荷中！黒猫キッチン用品、バス用品、おしゃれ雑貨、黒猫インテリア</FONT></P>
<TABLE width=""560"" cellpadding=""0"" cellspacing=""0"">
  <TBODY valign=""top"">
    <TR>
      <TD valign=""top""><IMG src=""http://image.rakuten.co.jp/aoi-depart/cabinet/00377084/imgrc0065158542.gif"" border=""0"" width=""270"" height=""80""><BR>
      <FONT size=""1"">クレヨンしんちゃんグッズ続々入荷中！<BR>
      新学期はしんちゃんのランチグッズやペンケースで決まり！<BR>
      新生活も応援！クッションやタオル、グラスも豊富♪<BR>
      <BR>
      </FONT></TD>
      <TD valign=""top""><IMG src=""http://image.rakuten.co.jp/aoi-depart/cabinet/00377084/imgrc0065158540.gif"" border=""0"" width=""270"" height=""80""><BR>
      <FONT size=""1"">ピンクやレッドがキュートなキティやマイメロ♪<BR>
      サンリオのステップやコロコロクリーナーが売れてます！<BR>
      メラミンカップやグラス、おもちゃ箱も♪プレゼントやギフトにも♪</FONT><BR>
      <BR>
      </TD>
    </TR>
  </TBODY>
</TABLE>
<TABLE width=""560"" cellpadding=""0"" cellspacing=""0"">
  <TBODY valign=""top"">
    <TR>
      <TD valign=""top""><IMG src=""http://image.rakuten.co.jp/aoi-depart/cabinet/00377084/imgrc0065158539.gif"" border=""0"" width=""270"" height=""80""><BR>
      <FONT size=""1"">ベビータオルやベビーギフトならアナノカフェ♪安心の日本製です。<BR>
      ほわほわ～の柔らか素材がお肌にも優しい。<BR>
      内祝やご出産祝にも最適！スタイや肌着の種類も豊富！</FONT><BR>
      <BR>
      </TD>
      <TD valign=""top""><IMG src=""http://image.rakuten.co.jp/aoi-depart/cabinet/00377084/imgrc0065158538.gif"" border=""0"" width=""270"" height=""80""><BR>
      <FONT size=""1"">キュートでポップな亜土ちゃんのグッズでラブリーな生活を♪<BR>
      クッションや食器、ブリキケースもすっごくカワイイ♪<BR>
      お花★ハート★キッス　が合言葉♪！</FONT></TD>
    </TR>
  </TBODY>
</TABLE>
<TABLE width=""560"" cellpadding=""0"" cellspacing=""0"">
  <TBODY valign=""top"">
    <TR>
      <TD valign=""top""><IMG src=""http://image.rakuten.co.jp/aoi-depart/cabinet/00377084/imgrc0065158541.gif"" border=""0"" width=""270"" height=""80""><BR>
      <FONT size=""1"">やっぱり定番！ず～っと人気が止まらないっ！<BR>
      クッションやティッシュカバー、フリーケースで周りをボブイエロー<BR>
      に染めちゃえ！超ビッグなメガデカクッションは要チェック！</FONT><BR>
      <BR>
      </TD>
      <TD valign=""top""><IMG src=""http://image.rakuten.co.jp/aoi-depart/cabinet/00377084/imgrc0065158543.gif"" border=""0"" width=""270"" height=""80""><BR>
      <FONT size=""1"">アメコミの中でもスパイダーマンはダントツ人気！<BR>
      ポスターやコスチューム、ストラップなどなどグッズも大量！<BR>
      お部屋に飾ればカッコイイ　ヒーロコミックの世界に！</FONT><BR>
      <BR>
      </TD>
    </TR>
  </TBODY>
</TABLE>

<TABLE width=""560"">
  <TBODY>
    <TR>
      <TD><IMG src=""http://image.rakuten.co.jp/aoi-depart/cabinet/00377084/img57529064.gif"" width=""186"" height=""70"" border=""0""><BR>
      <FONT size=""-2"" color=""#ff8000"">▼タオル特集！柔らか～！かわいい～！<BR>
      自分流でお気に入りをどうぞ♪</FONT></TD>
      <TD><IMG src=""http://image.rakuten.co.jp/aoi-depart/cabinet/00377084/img57529063.gif"" width=""186"" height=""70"" border=""0""><BR>
      <FONT size=""-2"" color=""#ff8000"">▼健康な美しさを追求♪でもでも毎日使うものだからこそかわいいデザインのものを♪</FONT></TD>
      <TD><IMG src=""http://image.rakuten.co.jp/aoi-depart/cabinet/00377084/img57529065.gif"" width=""186"" height=""70"" border=""0""><BR>
      <FONT size=""-2"" color=""#ff8000"">▼お風呂グッズ特集♪こだわりタオルから便利バス用品まで選りすぐって取り揃えました♪</FONT></TD>
    </TR>
  </TBODY>
</TABLE>

<TABLE width=""560"" height=""120"" bgcolor=""#ffffff"" cellpadding=""0"" cellspacing=""1"">
  <TBODY>
    <TR>
      <TD bgcolor=""#ffffff"" align=""center"" valign=""top""><IMG src=""http://image.rakuten.co.jp/aoi-depart/cabinet/00377084/img57844237.gif"" width=""270"" height=""72"" border=""0""><BR>
      <FONT size=""-2"" color=""#666666"">■生活雑貨勢揃い！1000アイテムの中からお気に入りをどうぞ！■</FONT></TD>
      <TD bgcolor=""#ffffff"" align=""center"" valign=""middle""><IMG src=""http://image.rakuten.co.jp/aoi-depart/cabinet/00377082/img57733851.gif"" width=""270"" height=""103"" border=""0""><BR>
      <FONT size=""-2"" color=""#666666"">■AOIデパートのコスチューム♪新商品がいっぱい♪</FONT></TD>
    </TR>
  </TBODY>
</TABLE>",【アメリカン雑貨】【RAILROAD SIGN】レイルロードサイン【オブジェ】【置物】【踏み切り】【雑貨】【アメリカ雑貨】【アメリカ】【USA】【かわいい】【おしゃれ】アメリカの踏み切りを小さくしたオブジェです 大き目サイズでインテリとして存在感がバツグンです：ＡＯＩデパート,雑貨スポンジボブイルミネーションケアベアラットフィンク時計ハッピーツリーフレンズディズニー【アメリカン雑貨】【RAILROAD SIGN】レイルロードサイン【オブジェ】【置物】【踏み切り】【雑貨】【アメリカ雑貨】【アメリカ】【USA】【かわいい】【おしゃれ】アメリカの踏み切りを小さくしたオブジェです 大き目サイズでインテリとして存在感がバツグンです,【アメリカン雑貨】【RAILROAD SIGN】レイルロードサイン。【アメリカン雑貨】【RAILROAD SIGN】レイルロードサイン【オブジェ】【置物】【踏み切り】【雑貨】【アメリカ雑貨】【アメリカ】【USA】【かわいい】【おしゃれ】アメリカの踏み切りを小さくしたオブジェです 大き目サイズでインテリとして存在感がバツグンです[rn]
2-8637,http://tshop.r10s.jp/aoi-depart/cabinet/13zak-1/13zak173-1.gif?fitin=700:700,12096.0000,,日用品雑貨・文房具・手芸 > 日用品・生活雑貨 > その他,【アメリカ製】【TRAFFIC SIGN】ハイウェイサインボード【CALIFORNIA STATE LINE】【高速】【看板】【米国交通局】【雑貨】【アメリカン雑貨】【アメリカ雑貨】【アメリカ】【USA】【かわいい】【おしゃれ】MADE IN U.S.A 実際にアメリカの道路で使用 オフィシャルの看板,【アメリカ製】【TRAFFIC SIGN】ハイウェイサインボード,"■説明■<br>
【アメリカ製】【TRAFFIC SIGN】<br>
ハイウェイサインボード【CALIFORNIA STATE LINE】<br>
【高速】【看板】【米国交通局】【雑貨】<br>
【アメリカン雑貨】【アメリカ雑貨】<br>
【アメリカ】【USA】【かわいい】【おしゃれ】<br>
MADE IN U.S.A<br>
実際にアメリカの道路で使用されている!<br>
オフィシャルの看板♪<br>
定番のアメリカン雑貨や！<br>
珍しいグッズを多数揃えました♪<br>
お気に入りのアイテムで楽しい空間を演出♪<br>
【大人気】【かわいい雑貨】【新作】<br>
【2.980円以上送料無料】【人気商品】【生活】<br>
【大人気】【大大人気】【雑貨】【日用品】【POP】<br>
【日本】【2015年】【グッズ】【ファンシー】<br>
【人気商品】【大人気】【アメリカ雑貨】<br>
【かわいい】【おしゃれ】【生活雑貨】【AOI】<br>
【アメリカ】【BAR】【インテリア雑貨】<br>
【USA】【アメリカン】【アメリカン雑貨】<br>
■サイズ・仕様■<br>
◆サイズ：約460×610mm<br>
◆素　材：アルミニウム<br>
●AOIデパートはアメリカン雑貨が勢揃い！！●<br>
アメリカン雑貨が豊富です！<br>
(*゜▽゜)/品揃えに自信アリ♪<br>
カラフルなグッズで毎日の生活を楽しんでください！<br>
■当商品について■<br>
＊在庫状況により入荷待ち・<br>
欠品になる場合がございます。<br>
予めご了承下さいますようお願いいたします。<br><TABLE cellspacing=""1"" bgcolor=""#cdcd9a"" cellpadding=""10"">
  <TBODY>
    <TR>
      <TD bgcolor=""#ffffff"" height=""61""><IMG src=""http://image.rakuten.co.jp/aoi-depart/cabinet/souryou.jpg"" width=""505"" height=""52"" border=""0""><br>
      <font size=""2"">沖縄県の場合は、8,000円以上で送料無料となります。</font><FONT size=""1"">（8,000円以下の場合はご注文後に送料が加算されます。）</FONT></TD>
    </TR>
  </TBODY>
</TABLE>
<B><FONT size=""2""><FONT size=""2""><BR>
<FONT size=""2"">★　最終価格！　ソーラー　LEDクリスタルキングトナカイ　ホワイト（白）　★</FONT></FONT><BR>
<BR>
<FONT size=""2"">★　最終価格！　ソーラー　LEDクリスタルキングトナカイ　ブルー（青）　★</FONT></FONT></B><br><br>
<TABLE width=""560"">
  <TBODY>
    <TR>
      <TD valign=""top"" align=""center""><IMG src=""http://image.rakuten.co.jp/aoi-depart/cabinet/00377082/img56929916.gif"" width=""130"" height=""88"" border=""0""><BR>
      <FONT size=""-2"" color=""#999900"">&gt;人気の缶バッジ（バッチ）<BR>
      特集！200アイテム！</FONT></TD>
      <TD valign=""top"" align=""center""><IMG src=""http://image.rakuten.co.jp/aoi-depart/cabinet/00377082/img56929917.gif"" width=""130"" height=""88"" border=""0""><BR>
      <FONT size=""-2"" color=""#999900"">&gt;インテリア用のポスター！<BR>
      特集！200アイテム！</FONT></TD>
      <TD valign=""top"" align=""center""><IMG src=""http://image.rakuten.co.jp/aoi-depart/cabinet/00377082/img56929918.gif"" width=""130"" height=""89"" border=""0""><BR>
      <FONT size=""-2"" color=""#999900"">&gt;人気キャラ！キーホルダー<BR>
      特集！300アイテム！</FONT></TD>
      <TD valign=""top"" align=""center""><IMG src=""http://image.rakuten.co.jp/aoi-depart/cabinet/00377082/img56929919.gif"" width=""130"" height=""89"" border=""0""><BR>
      <FONT size=""-2"" color=""#999900"">&gt;やっぱりワッペン！<BR>
      特集！200アイテム！</FONT></TD>
    </TR>
  </TBODY>
</TABLE>




<P><IMG src=""http://image.rakuten.co.jp/aoi-depart/cabinet/img58891052.gif"" border=""0"" width=""560"" height=""94""><BR>
<FONT color=""#000000"" size=""1"">大人気！くろねこ雑貨、新商品続々入荷中！黒猫キッチン用品、バス用品、おしゃれ雑貨、黒猫インテリア</FONT></P>
<TABLE width=""560"" cellpadding=""0"" cellspacing=""0"">
  <TBODY valign=""top"">
    <TR>
      <TD valign=""top""><IMG src=""http://image.rakuten.co.jp/aoi-depart/cabinet/00377084/imgrc0065158542.gif"" border=""0"" width=""270"" height=""80""><BR>
      <FONT size=""1"">クレヨンしんちゃんグッズ続々入荷中！<BR>
      新学期はしんちゃんのランチグッズやペンケースで決まり！<BR>
      新生活も応援！クッションやタオル、グラスも豊富♪<BR>
      <BR>
      </FONT></TD>
      <TD valign=""top""><IMG src=""http://image.rakuten.co.jp/aoi-depart/cabinet/00377084/imgrc0065158540.gif"" border=""0"" width=""270"" height=""80""><BR>
      <FONT size=""1"">ピンクやレッドがキュートなキティやマイメロ♪<BR>
      サンリオのステップやコロコロクリーナーが売れてます！<BR>
      メラミンカップやグラス、おもちゃ箱も♪プレゼントやギフトにも♪</FONT><BR>
      <BR>
      </TD>
    </TR>
  </TBODY>
</TABLE>
<TABLE width=""560"" cellpadding=""0"" cellspacing=""0"">
  <TBODY valign=""top"">
    <TR>
      <TD valign=""top""><IMG src=""http://image.rakuten.co.jp/aoi-depart/cabinet/00377084/imgrc0065158539.gif"" border=""0"" width=""270"" height=""80""><BR>
      <FONT size=""1"">ベビータオルやベビーギフトならアナノカフェ♪安心の日本製です。<BR>
      ほわほわ～の柔らか素材がお肌にも優しい。<BR>
      内祝やご出産祝にも最適！スタイや肌着の種類も豊富！</FONT><BR>
      <BR>
      </TD>
      <TD valign=""top""><IMG src=""http://image.rakuten.co.jp/aoi-depart/cabinet/00377084/imgrc0065158538.gif"" border=""0"" width=""270"" height=""80""><BR>
      <FONT size=""1"">キュートでポップな亜土ちゃんのグッズでラブリーな生活を♪<BR>
      クッションや食器、ブリキケースもすっごくカワイイ♪<BR>
      お花★ハート★キッス　が合言葉♪！</FONT></TD>
    </TR>
  </TBODY>
</TABLE>
<TABLE width=""560"" cellpadding=""0"" cellspacing=""0"">
  <TBODY valign=""top"">
    <TR>
      <TD valign=""top""><IMG src=""http://image.rakuten.co.jp/aoi-depart/cabinet/00377084/imgrc0065158541.gif"" border=""0"" width=""270"" height=""80""><BR>
      <FONT size=""1"">やっぱり定番！ず～っと人気が止まらないっ！<BR>
      クッションやティッシュカバー、フリーケースで周りをボブイエロー<BR>
      に染めちゃえ！超ビッグなメガデカクッションは要チェック！</FONT><BR>
      <BR>
      </TD>
      <TD valign=""top""><IMG src=""http://image.rakuten.co.jp/aoi-depart/cabinet/00377084/imgrc0065158543.gif"" border=""0"" width=""270"" height=""80""><BR>
      <FONT size=""1"">アメコミの中でもスパイダーマンはダントツ人気！<BR>
      ポスターやコスチューム、ストラップなどなどグッズも大量！<BR>
      お部屋に飾ればカッコイイ　ヒーロコミックの世界に！</FONT><BR>
      <BR>
      </TD>
    </TR>
  </TBODY>
</TABLE>

<TABLE width=""560"">
  <TBODY>
    <TR>
      <TD><IMG src=""http://image.rakuten.co.jp/aoi-depart/cabinet/00377084/img57529064.gif"" width=""186"" height=""70"" border=""0""><BR>
      <FONT size=""-2"" color=""#ff8000"">▼タオル特集！柔らか～！かわいい～！<BR>
      自分流でお気に入りをどうぞ♪</FONT></TD>
      <TD><IMG src=""http://image.rakuten.co.jp/aoi-depart/cabinet/00377084/img57529063.gif"" width=""186"" height=""70"" border=""0""><BR>
      <FONT size=""-2"" color=""#ff8000"">▼健康な美しさを追求♪でもでも毎日使うものだからこそかわいいデザインのものを♪</FONT></TD>
      <TD><IMG src=""http://image.rakuten.co.jp/aoi-depart/cabinet/00377084/img57529065.gif"" width=""186"" height=""70"" border=""0""><BR>
      <FONT size=""-2"" color=""#ff8000"">▼お風呂グッズ特集♪こだわりタオルから便利バス用品まで選りすぐって取り揃えました♪</FONT></TD>
    </TR>
  </TBODY>
</TABLE>

<TABLE width=""560"" height=""120"" bgcolor=""#ffffff"" cellpadding=""0"" cellspacing=""1"">
  <TBODY>
    <TR>
      <TD bgcolor=""#ffffff"" align=""center"" valign=""top""><IMG src=""http://image.rakuten.co.jp/aoi-depart/cabinet/00377084/img57844237.gif"" width=""270"" height=""72"" border=""0""><BR>
      <FONT size=""-2"" color=""#666666"">■生活雑貨勢揃い！1000アイテムの中からお気に入りをどうぞ！■</FONT></TD>
      <TD bgcolor=""#ffffff"" align=""center"" valign=""middle""><IMG src=""http://image.rakuten.co.jp/aoi-depart/cabinet/00377082/img57733851.gif"" width=""270"" height=""103"" border=""0""><BR>
      <FONT size=""-2"" color=""#666666"">■AOIデパートのコスチューム♪新商品がいっぱい♪</FONT></TD>
    </TR>
  </TBODY>
</TABLE>",【アメリカ製】【TRAFFIC SIGN】ハイウェイサインボード【CALIFORNIA STATE LINE】【高速】【看板】【米国交通局】【雑貨】【アメリカン雑貨】【アメリカ雑貨】【アメリカ】【USA】【かわいい】【おしゃれ】MADE IN U.S.A 実際にアメリカの道路で使用 オフィシャルの看板：ＡＯＩデパート,雑貨スポンジボブイルミネーションケアベアラットフィンク時計ハッピーツリーフレンズディズニー【アメリカ製】【TRAFFIC SIGN】ハイウェイサインボード【CALIFORNIA STATE LINE】【高速】【看板】【米国交通局】【雑貨】【アメリカン雑貨】【アメリカ雑貨】【アメリカ】【USA】【かわいい】【おしゃれ】MADE IN U.S.A 実際にアメリカの道路で使用 オフィシャルの看板,【アメリカ製】【TRAFFIC SIGN】ハイウェイサインボード。【アメリカ製】【TRAFFIC SIGN】ハイウェイサインボード【CALIFORNIA STATE LINE】【高速】【看板】【米国交通局】【雑貨】【アメリカン雑貨】【アメリカ雑貨】【アメリカ】【USA】【かわいい】【おしゃれ】MADE IN U.S.A 実際にアメリカの道路で使用 オフィシャルの看板[rn]
2-8638,http://tshop.r10s.jp/aoi-depart/cabinet/21zak-5/21zak913-1.gif?fitin=700:700,2736.0000,,日用品雑貨・文房具・手芸 > 日用品・生活雑貨 > その他,【アメリカン雑貨】キーキャビネット【グッドイヤー】【ホワイト】【GOODYEAR】【キーボックス】【ボックス】【KEY BOX】【雑貨】【アメリカ雑貨】【アメリカ】【USA】【かわいい】【おしゃれ】,【アメリカン雑貨】キーキャビネット【グッドイヤー】,"■説明■<br>
【アメリカン雑貨】<br>
キーキャビネット【グッドイヤー】【ホワイト】<br>
【GOODYEAR】【キーボックス】【ボックス】<br>
【KEY BOX】【雑貨】【アメリカ雑貨】<br>
【アメリカ】【USA】【かわいい】【おしゃれ】<br>
スチール製が特徴的なKEY BOX<br>
KEY BOXもアメリカ風にかっこよくカスタム♪<br>
定番のアメリカン雑貨や！<br>
珍しいグッズを多数揃えました♪<br>
お気に入りのアイテムで楽しい空間を演出♪<br>
【大人気】【アメリカン雑貨】【新作】【POP】<br>
【3.980円以上送料無料】【人気商品】【生活】<br>
【大人気】【大大人気】【雑貨】【日用品】<br>
【日本】【グッズ】【ファンシー】【人気商品】<br>
【アメリカ雑貨】【かわいい】【おしゃれ】<br>
【生活雑貨】【AOI】【アメリカ】【BAR】<br>
【インテリア雑貨】【USA】【アメリカン】<br>
■サイズ・仕様■<br>
◆サイズ：250×170×H60mm<br> 
◆素　材：スチール<br>
●AOIデパートはアメリカン雑貨が勢揃い！！●<br>
アメリカン雑貨が豊富です！<br>
(*゜▽゜)/品揃えに自信アリ♪<br>
カラフルなグッズで毎日の生活を楽しんでください！<br>
■当商品について■<br>
＊在庫状況により入荷待ち・<br>
欠品になる場合がございます。<br>
予めご了承下さいますようお願いいたします。<br><TABLE cellspacing=""1"" bgcolor=""#cdcd9a"" cellpadding=""10"">
  <TBODY>
    <TR>
      <TD bgcolor=""#ffffff"" height=""61""><IMG src=""http://image.rakuten.co.jp/aoi-depart/cabinet/souryou.jpg"" width=""505"" height=""52"" border=""0""><br>
      <font size=""2"">沖縄県の場合は、8,000円以上で送料無料となります。</font><FONT size=""1"">（8,000円以下の場合はご注文後に送料が加算されます。）</FONT></TD>
    </TR>
  </TBODY>
</TABLE>
<B><FONT size=""2""><FONT size=""2""><BR>
<FONT size=""2"">★　最終価格！　ソーラー　LEDクリスタルキングトナカイ　ホワイト（白）　★</FONT></FONT><BR>
<BR>
<FONT size=""2"">★　最終価格！　ソーラー　LEDクリスタルキングトナカイ　ブルー（青）　★</FONT></FONT></B><br><br>
<TABLE width=""560"">
  <TBODY>
    <TR>
      <TD valign=""top"" align=""center""><IMG src=""http://image.rakuten.co.jp/aoi-depart/cabinet/00377082/img56929916.gif"" width=""130"" height=""88"" border=""0""><BR>
      <FONT size=""-2"" color=""#999900"">&gt;人気の缶バッジ（バッチ）<BR>
      特集！200アイテム！</FONT></TD>
      <TD valign=""top"" align=""center""><IMG src=""http://image.rakuten.co.jp/aoi-depart/cabinet/00377082/img56929917.gif"" width=""130"" height=""88"" border=""0""><BR>
      <FONT size=""-2"" color=""#999900"">&gt;インテリア用のポスター！<BR>
      特集！200アイテム！</FONT></TD>
      <TD valign=""top"" align=""center""><IMG src=""http://image.rakuten.co.jp/aoi-depart/cabinet/00377082/img56929918.gif"" width=""130"" height=""89"" border=""0""><BR>
      <FONT size=""-2"" color=""#999900"">&gt;人気キャラ！キーホルダー<BR>
      特集！300アイテム！</FONT></TD>
      <TD valign=""top"" align=""center""><IMG src=""http://image.rakuten.co.jp/aoi-depart/cabinet/00377082/img56929919.gif"" width=""130"" height=""89"" border=""0""><BR>
      <FONT size=""-2"" color=""#999900"">&gt;やっぱりワッペン！<BR>
      特集！200アイテム！</FONT></TD>
    </TR>
  </TBODY>
</TABLE>




<P><IMG src=""http://image.rakuten.co.jp/aoi-depart/cabinet/img58891052.gif"" border=""0"" width=""560"" height=""94""><BR>
<FONT color=""#000000"" size=""1"">大人気！くろねこ雑貨、新商品続々入荷中！黒猫キッチン用品、バス用品、おしゃれ雑貨、黒猫インテリア</FONT></P>
<TABLE width=""560"" cellpadding=""0"" cellspacing=""0"">
  <TBODY valign=""top"">
    <TR>
      <TD valign=""top""><IMG src=""http://image.rakuten.co.jp/aoi-depart/cabinet/00377084/imgrc0065158542.gif"" border=""0"" width=""270"" height=""80""><BR>
      <FONT size=""1"">クレヨンしんちゃんグッズ続々入荷中！<BR>
      新学期はしんちゃんのランチグッズやペンケースで決まり！<BR>
      新生活も応援！クッションやタオル、グラスも豊富♪<BR>
      <BR>
      </FONT></TD>
      <TD valign=""top""><IMG src=""http://image.rakuten.co.jp/aoi-depart/cabinet/00377084/imgrc0065158540.gif"" border=""0"" width=""270"" height=""80""><BR>
      <FONT size=""1"">ピンクやレッドがキュートなキティやマイメロ♪<BR>
      サンリオのステップやコロコロクリーナーが売れてます！<BR>
      メラミンカップやグラス、おもちゃ箱も♪プレゼントやギフトにも♪</FONT><BR>
      <BR>
      </TD>
    </TR>
  </TBODY>
</TABLE>
<TABLE width=""560"" cellpadding=""0"" cellspacing=""0"">
  <TBODY valign=""top"">
    <TR>
      <TD valign=""top""><IMG src=""http://image.rakuten.co.jp/aoi-depart/cabinet/00377084/imgrc0065158539.gif"" border=""0"" width=""270"" height=""80""><BR>
      <FONT size=""1"">ベビータオルやベビーギフトならアナノカフェ♪安心の日本製です。<BR>
      ほわほわ～の柔らか素材がお肌にも優しい。<BR>
      内祝やご出産祝にも最適！スタイや肌着の種類も豊富！</FONT><BR>
      <BR>
      </TD>
      <TD valign=""top""><IMG src=""http://image.rakuten.co.jp/aoi-depart/cabinet/00377084/imgrc0065158538.gif"" border=""0"" width=""270"" height=""80""><BR>
      <FONT size=""1"">キュートでポップな亜土ちゃんのグッズでラブリーな生活を♪<BR>
      クッションや食器、ブリキケースもすっごくカワイイ♪<BR>
      お花★ハート★キッス　が合言葉♪！</FONT></TD>
    </TR>
  </TBODY>
</TABLE>
<TABLE width=""560"" cellpadding=""0"" cellspacing=""0"">
  <TBODY valign=""top"">
    <TR>
      <TD valign=""top""><IMG src=""http://image.rakuten.co.jp/aoi-depart/cabinet/00377084/imgrc0065158541.gif"" border=""0"" width=""270"" height=""80""><BR>
      <FONT size=""1"">やっぱり定番！ず～っと人気が止まらないっ！<BR>
      クッションやティッシュカバー、フリーケースで周りをボブイエロー<BR>
      に染めちゃえ！超ビッグなメガデカクッションは要チェック！</FONT><BR>
      <BR>
      </TD>
      <TD valign=""top""><IMG src=""http://image.rakuten.co.jp/aoi-depart/cabinet/00377084/imgrc0065158543.gif"" border=""0"" width=""270"" height=""80""><BR>
      <FONT size=""1"">アメコミの中でもスパイダーマンはダントツ人気！<BR>
      ポスターやコスチューム、ストラップなどなどグッズも大量！<BR>
      お部屋に飾ればカッコイイ　ヒーロコミックの世界に！</FONT><BR>
      <BR>
      </TD>
    </TR>
  </TBODY>
</TABLE>

<TABLE width=""560"">
  <TBODY>
    <TR>
      <TD><IMG src=""http://image.rakuten.co.jp/aoi-depart/cabinet/00377084/img57529064.gif"" width=""186"" height=""70"" border=""0""><BR>
      <FONT size=""-2"" color=""#ff8000"">▼タオル特集！柔らか～！かわいい～！<BR>
      自分流でお気に入りをどうぞ♪</FONT></TD>
      <TD><IMG src=""http://image.rakuten.co.jp/aoi-depart/cabinet/00377084/img57529063.gif"" width=""186"" height=""70"" border=""0""><BR>
      <FONT size=""-2"" color=""#ff8000"">▼健康な美しさを追求♪でもでも毎日使うものだからこそかわいいデザインのものを♪</FONT></TD>
      <TD><IMG src=""http://image.rakuten.co.jp/aoi-depart/cabinet/00377084/img57529065.gif"" width=""186"" height=""70"" border=""0""><BR>
      <FONT size=""-2"" color=""#ff8000"">▼お風呂グッズ特集♪こだわりタオルから便利バス用品まで選りすぐって取り揃えました♪</FONT></TD>
    </TR>
  </TBODY>
</TABLE>

<TABLE width=""560"" height=""120"" bgcolor=""#ffffff"" cellpadding=""0"" cellspacing=""1"">
  <TBODY>
    <TR>
      <TD bgcolor=""#ffffff"" align=""center"" valign=""top""><IMG src=""http://image.rakuten.co.jp/aoi-depart/cabinet/00377084/img57844237.gif"" width=""270"" height=""72"" border=""0""><BR>
      <FONT size=""-2"" color=""#666666"">■生活雑貨勢揃い！1000アイテムの中からお気に入りをどうぞ！■</FONT></TD>
      <TD bgcolor=""#ffffff"" align=""center"" valign=""middle""><IMG src=""http://image.rakuten.co.jp/aoi-depart/cabinet/00377082/img57733851.gif"" width=""270"" height=""103"" border=""0""><BR>
      <FONT size=""-2"" color=""#666666"">■AOIデパートのコスチューム♪新商品がいっぱい♪</FONT></TD>
    </TR>
  </TBODY>
</TABLE>",【アメリカン雑貨】キーキャビネット【グッドイヤー】【ホワイト】【GOODYEAR】【キーボックス】【ボックス】【KEY BOX】【雑貨】【アメリカ雑貨】【アメリカ】【USA】【かわいい】【おしゃれ】：ＡＯＩデパート,雑貨スポンジボブイルミネーションケアベアラットフィンク時計ハッピーツリーフレンズディズニー【アメリカン雑貨】キーキャビネット【グッドイヤー】【ホワイト】【GOODYEAR】【キーボックス】【ボックス】【KEY BOX】【雑貨】【アメリカ雑貨】【アメリカ】【USA】【かわいい】【おしゃれ】,【アメリカン雑貨】キーキャビネット【グッドイヤー】。【アメリカン雑貨】キーキャビネット【グッドイヤー】【ホワイト】【GOODYEAR】【キーボックス】【ボックス】【KEY BOX】【雑貨】【アメリカ雑貨】【アメリカ】【USA】【かわいい】【おしゃれ】[rn]
2-8639,http://tshop.r10s.jp/aoi-depart/cabinet/13zak-1/13zak050-1.gif?fitin=700:700,561.6000,,日用品雑貨・文房具・手芸 > 日用品・生活雑貨 > その他,【アメリカン雑貨】【WAPPEN】ワッペン【L】【DIAMOND】【GOODYEAR】【わっぺん】【グッドイヤー】【アメキャラ】【雑貨】【アメリカ雑貨】【アメリカ】【USA】【かわいい】【おしゃれ】ペタペタワッペンを付けておしゃれにカスタム 種類も豊富ですのでお気に入りが見つかる,【アメリカン雑貨】【WAPPEN】ワッペン【L】【DIAMOND】,"■説明■<br>
【アメリカン雑貨】<br>
【WAPPEN】ワッペン【L】【DIAMOND】【GOODYEAR】<br>
【わっぺん】【グッドイヤー】【アメキャラ】<br>
【雑貨】【アメリカ雑貨】【アメリカ】<br>
【USA】【かわいい】【おしゃれ】<br>
ペタペタワッペンを付けておしゃれにカスタム！<br>
種類も豊富ですのでお気に入りが見つかる♪<br>
定番のアメリカン雑貨や！<br>
珍しいグッズを多数揃えました♪<br>
日々の生活に彩りを与え、<br>
楽しく明るくしてくれます。<br>
お気に入りのアイテムで楽しい空間を演出♪<br>
【大人気】【かわいい雑貨】【新作】<br>
【2.980円以上送料無料】【人気商品】【生活】<br>
【大人気】【大大人気】【雑貨】【日用品】【POP】<br>
【日本】【2015年】【グッズ】【ファンシー】<br>
【人気商品】【大人気】【アメリカ雑貨】<br>
【かわいい】【おしゃれ】【生活雑貨】【AOI】<br>
【アメリカ】【BAR】【インテリア雑貨】<br>
【USA】【アメリカン】【アメリカン雑貨】<br>
■サイズ・仕様■<br>
◆サイズ：約H150×W85mm<br>
◆素　材：コットン<br>
●AOIデパートはアメリカン雑貨が勢揃い！！●<br>
アメリカン雑貨が豊富です！<br>
(*゜▽゜)/品揃えに自信アリ♪<br>
カラフルなグッズで毎日の生活を楽しんでください！<br>
■当商品について■<br>
＊在庫状況により入荷待ち・<br>
欠品になる場合がございます。<br>
予めご了承下さいますようお願いいたします。<br><TABLE cellspacing=""1"" bgcolor=""#cdcd9a"" cellpadding=""10"">
  <TBODY>
    <TR>
      <TD bgcolor=""#ffffff"" height=""61""><IMG src=""http://image.rakuten.co.jp/aoi-depart/cabinet/souryou.jpg"" width=""505"" height=""52"" border=""0""><br>
      <font size=""2"">沖縄県の場合は、8,000円以上で送料無料となります。</font><FONT size=""1"">（8,000円以下の場合はご注文後に送料が加算されます。）</FONT></TD>
    </TR>
  </TBODY>
</TABLE>
<B><FONT size=""2""><FONT size=""2""><BR>
<FONT size=""2"">★　最終価格！　ソーラー　LEDクリスタルキングトナカイ　ホワイト（白）　★</FONT></FONT><BR>
<BR>
<FONT size=""2"">★　最終価格！　ソーラー　LEDクリスタルキングトナカイ　ブルー（青）　★</FONT></FONT></B><br><br>
<TABLE width=""560"">
  <TBODY>
    <TR>
      <TD valign=""top"" align=""center""><IMG src=""http://image.rakuten.co.jp/aoi-depart/cabinet/00377082/img56929916.gif"" width=""130"" height=""88"" border=""0""><BR>
      <FONT size=""-2"" color=""#999900"">&gt;人気の缶バッジ（バッチ）<BR>
      特集！200アイテム！</FONT></TD>
      <TD valign=""top"" align=""center""><IMG src=""http://image.rakuten.co.jp/aoi-depart/cabinet/00377082/img56929917.gif"" width=""130"" height=""88"" border=""0""><BR>
      <FONT size=""-2"" color=""#999900"">&gt;インテリア用のポスター！<BR>
      特集！200アイテム！</FONT></TD>
      <TD valign=""top"" align=""center""><IMG src=""http://image.rakuten.co.jp/aoi-depart/cabinet/00377082/img56929918.gif"" width=""130"" height=""89"" border=""0""><BR>
      <FONT size=""-2"" color=""#999900"">&gt;人気キャラ！キーホルダー<BR>
      特集！300アイテム！</FONT></TD>
      <TD valign=""top"" align=""center""><IMG src=""http://image.rakuten.co.jp/aoi-depart/cabinet/00377082/img56929919.gif"" width=""130"" height=""89"" border=""0""><BR>
      <FONT size=""-2"" color=""#999900"">&gt;やっぱりワッペン！<BR>
      特集！200アイテム！</FONT></TD>
    </TR>
  </TBODY>
</TABLE>




<P><IMG src=""http://image.rakuten.co.jp/aoi-depart/cabinet/img58891052.gif"" border=""0"" width=""560"" height=""94""><BR>
<FONT color=""#000000"" size=""1"">大人気！くろねこ雑貨、新商品続々入荷中！黒猫キッチン用品、バス用品、おしゃれ雑貨、黒猫インテリア</FONT></P>
<TABLE width=""560"" cellpadding=""0"" cellspacing=""0"">
  <TBODY valign=""top"">
    <TR>
      <TD valign=""top""><IMG src=""http://image.rakuten.co.jp/aoi-depart/cabinet/00377084/imgrc0065158542.gif"" border=""0"" width=""270"" height=""80""><BR>
      <FONT size=""1"">クレヨンしんちゃんグッズ続々入荷中！<BR>
      新学期はしんちゃんのランチグッズやペンケースで決まり！<BR>
      新生活も応援！クッションやタオル、グラスも豊富♪<BR>
      <BR>
      </FONT></TD>
      <TD valign=""top""><IMG src=""http://image.rakuten.co.jp/aoi-depart/cabinet/00377084/imgrc0065158540.gif"" border=""0"" width=""270"" height=""80""><BR>
      <FONT size=""1"">ピンクやレッドがキュートなキティやマイメロ♪<BR>
      サンリオのステップやコロコロクリーナーが売れてます！<BR>
      メラミンカップやグラス、おもちゃ箱も♪プレゼントやギフトにも♪</FONT><BR>
      <BR>
      </TD>
    </TR>
  </TBODY>
</TABLE>
<TABLE width=""560"" cellpadding=""0"" cellspacing=""0"">
  <TBODY valign=""top"">
    <TR>
      <TD valign=""top""><IMG src=""http://image.rakuten.co.jp/aoi-depart/cabinet/00377084/imgrc0065158539.gif"" border=""0"" width=""270"" height=""80""><BR>
      <FONT size=""1"">ベビータオルやベビーギフトならアナノカフェ♪安心の日本製です。<BR>
      ほわほわ～の柔らか素材がお肌にも優しい。<BR>
      内祝やご出産祝にも最適！スタイや肌着の種類も豊富！</FONT><BR>
      <BR>
      </TD>
      <TD valign=""top""><IMG src=""http://image.rakuten.co.jp/aoi-depart/cabinet/00377084/imgrc0065158538.gif"" border=""0"" width=""270"" height=""80""><BR>
      <FONT size=""1"">キュートでポップな亜土ちゃんのグッズでラブリーな生活を♪<BR>
      クッションや食器、ブリキケースもすっごくカワイイ♪<BR>
      お花★ハート★キッス　が合言葉♪！</FONT></TD>
    </TR>
  </TBODY>
</TABLE>
<TABLE width=""560"" cellpadding=""0"" cellspacing=""0"">
  <TBODY valign=""top"">
    <TR>
      <TD valign=""top""><IMG src=""http://image.rakuten.co.jp/aoi-depart/cabinet/00377084/imgrc0065158541.gif"" border=""0"" width=""270"" height=""80""><BR>
      <FONT size=""1"">やっぱり定番！ず～っと人気が止まらないっ！<BR>
      クッションやティッシュカバー、フリーケースで周りをボブイエロー<BR>
      に染めちゃえ！超ビッグなメガデカクッションは要チェック！</FONT><BR>
      <BR>
      </TD>
      <TD valign=""top""><IMG src=""http://image.rakuten.co.jp/aoi-depart/cabinet/00377084/imgrc0065158543.gif"" border=""0"" width=""270"" height=""80""><BR>
      <FONT size=""1"">アメコミの中でもスパイダーマンはダントツ人気！<BR>
      ポスターやコスチューム、ストラップなどなどグッズも大量！<BR>
      お部屋に飾ればカッコイイ　ヒーロコミックの世界に！</FONT><BR>
      <BR>
      </TD>
    </TR>
  </TBODY>
</TABLE>

<TABLE width=""560"">
  <TBODY>
    <TR>
      <TD><IMG src=""http://image.rakuten.co.jp/aoi-depart/cabinet/00377084/img57529064.gif"" width=""186"" height=""70"" border=""0""><BR>
      <FONT size=""-2"" color=""#ff8000"">▼タオル特集！柔らか～！かわいい～！<BR>
      自分流でお気に入りをどうぞ♪</FONT></TD>
      <TD><IMG src=""http://image.rakuten.co.jp/aoi-depart/cabinet/00377084/img57529063.gif"" width=""186"" height=""70"" border=""0""><BR>
      <FONT size=""-2"" color=""#ff8000"">▼健康な美しさを追求♪でもでも毎日使うものだからこそかわいいデザインのものを♪</FONT></TD>
      <TD><IMG src=""http://image.rakuten.co.jp/aoi-depart/cabinet/00377084/img57529065.gif"" width=""186"" height=""70"" border=""0""><BR>
      <FONT size=""-2"" color=""#ff8000"">▼お風呂グッズ特集♪こだわりタオルから便利バス用品まで選りすぐって取り揃えました♪</FONT></TD>
    </TR>
  </TBODY>
</TABLE>

<TABLE width=""560"" height=""120"" bgcolor=""#ffffff"" cellpadding=""0"" cellspacing=""1"">
  <TBODY>
    <TR>
      <TD bgcolor=""#ffffff"" align=""center"" valign=""top""><IMG src=""http://image.rakuten.co.jp/aoi-depart/cabinet/00377084/img57844237.gif"" width=""270"" height=""72"" border=""0""><BR>
      <FONT size=""-2"" color=""#666666"">■生活雑貨勢揃い！1000アイテムの中からお気に入りをどうぞ！■</FONT></TD>
      <TD bgcolor=""#ffffff"" align=""center"" valign=""middle""><IMG src=""http://image.rakuten.co.jp/aoi-depart/cabinet/00377082/img57733851.gif"" width=""270"" height=""103"" border=""0""><BR>
      <FONT size=""-2"" color=""#666666"">■AOIデパートのコスチューム♪新商品がいっぱい♪</FONT></TD>
    </TR>
  </TBODY>
</TABLE>",【アメリカン雑貨】【WAPPEN】ワッペン【L】【DIAMOND】【GOODYEAR】【わっぺん】【グッドイヤー】【アメキャラ】【雑貨】【アメリカ雑貨】【アメリカ】【USA】【かわいい】【おしゃれ】ペタペタワッペンを付けておしゃれにカスタム 種類も豊富ですのでお気に入りが見つかる：ＡＯＩデパート,雑貨スポンジボブイルミネーションケアベアラットフィンク時計ハッピーツリーフレンズディズニー【アメリカン雑貨】【WAPPEN】ワッペン【L】【DIAMOND】【GOODYEAR】【わっぺん】【グッドイヤー】【アメキャラ】【雑貨】【アメリカ雑貨】【アメリカ】【USA】【かわいい】【おしゃれ】ペタペタワッペンを付けておしゃれにカスタム 種類も豊富ですのでお気に入りが見つかる,【アメリカン雑貨】【WAPPEN】ワッペン【L】【DIAMOND】。【アメリカン雑貨】【WAPPEN】ワッペン【L】【DIAMOND】【GOODYEAR】【わっぺん】【グッドイヤー】【アメキャラ】【雑貨】【アメリカ雑貨】【アメリカ】【USA】【かわいい】【おしゃれ】ペタペタワッペンを付けておしゃれにカスタム 種類も豊富ですのでお気に入りが見つかる[rn]
2-8640,http://tshop.r10s.jp/aoi-depart/cabinet/13zak-1/13zak170-1.gif?fitin=700:700,8640.0000,,日用品雑貨・文房具・手芸 > 日用品・生活雑貨 > その他,【アメリカ製】【TRAFFIC SIGN】ハイウェイサインボード【グッドイヤー】【LOGO S】【看板】【米国交通局】【雑貨】【アメリカン雑貨】【アメリカ雑貨】【アメリカ】【USA】【かわいい】【おしゃれ】MADE IN U.S.A 実際にアメリカの道路で使用 オフィシャルの看板,【アメリカ製】【TRAFFIC SIGN】ハイウェイサインボード,"■説明■<br>
【アメリカ製】【TRAFFIC SIGN】<br>
ハイウェイサインボード【グッドイヤー】【LOGO S】<br>
【看板】【米国交通局】【雑貨】<br>
【アメリカン雑貨】【アメリカ雑貨】<br>
【アメリカ】【USA】【かわいい】【おしゃれ】<br>
MADE IN U.S.A<br>
実際にアメリカの道路で使用されている!<br>
オフィシャルの看板♪<br>
定番のアメリカン雑貨や！<br>
珍しいグッズを多数揃えました♪<br>
お気に入りのアイテムで楽しい空間を演出♪<br>
【大人気】【かわいい雑貨】【新作】<br>
【2.980円以上送料無料】【人気商品】【生活】<br>
【大人気】【大大人気】【雑貨】【日用品】【POP】<br>
【日本】【2015年】【グッズ】【ファンシー】<br>
【人気商品】【大人気】【アメリカ雑貨】<br>
【かわいい】【おしゃれ】【生活雑貨】【AOI】<br>
【アメリカ】【BAR】【インテリア雑貨】<br>
【USA】【アメリカン】【アメリカン雑貨】<br>
■サイズ・仕様■<br>
◆サイズ：約180×880mm<br>
◆素　材：アルミニウム<br>
◆商品はイエローのみとなります。<br>
●AOIデパートはアメリカン雑貨が勢揃い！！●<br>
アメリカン雑貨が豊富です！<br>
(*゜▽゜)/品揃えに自信アリ♪<br>
カラフルなグッズで毎日の生活を楽しんでください！<br>
■当商品について■<br>
＊在庫状況により入荷待ち・<br>
欠品になる場合がございます。<br>
予めご了承下さいますようお願いいたします。<br><TABLE cellspacing=""1"" bgcolor=""#cdcd9a"" cellpadding=""10"">
  <TBODY>
    <TR>
      <TD bgcolor=""#ffffff"" height=""61""><IMG src=""http://image.rakuten.co.jp/aoi-depart/cabinet/souryou.jpg"" width=""505"" height=""52"" border=""0""><br>
      <font size=""2"">沖縄県の場合は、8,000円以上で送料無料となります。</font><FONT size=""1"">（8,000円以下の場合はご注文後に送料が加算されます。）</FONT></TD>
    </TR>
  </TBODY>
</TABLE>
<B><FONT size=""2""><FONT size=""2""><BR>
<FONT size=""2"">★　最終価格！　ソーラー　LEDクリスタルキングトナカイ　ホワイト（白）　★</FONT></FONT><BR>
<BR>
<FONT size=""2"">★　最終価格！　ソーラー　LEDクリスタルキングトナカイ　ブルー（青）　★</FONT></FONT></B><br><br>
<TABLE width=""560"">
  <TBODY>
    <TR>
      <TD valign=""top"" align=""center""><IMG src=""http://image.rakuten.co.jp/aoi-depart/cabinet/00377082/img56929916.gif"" width=""130"" height=""88"" border=""0""><BR>
      <FONT size=""-2"" color=""#999900"">&gt;人気の缶バッジ（バッチ）<BR>
      特集！200アイテム！</FONT></TD>
      <TD valign=""top"" align=""center""><IMG src=""http://image.rakuten.co.jp/aoi-depart/cabinet/00377082/img56929917.gif"" width=""130"" height=""88"" border=""0""><BR>
      <FONT size=""-2"" color=""#999900"">&gt;インテリア用のポスター！<BR>
      特集！200アイテム！</FONT></TD>
      <TD valign=""top"" align=""center""><IMG src=""http://image.rakuten.co.jp/aoi-depart/cabinet/00377082/img56929918.gif"" width=""130"" height=""89"" border=""0""><BR>
      <FONT size=""-2"" color=""#999900"">&gt;人気キャラ！キーホルダー<BR>
      特集！300アイテム！</FONT></TD>
      <TD valign=""top"" align=""center""><IMG src=""http://image.rakuten.co.jp/aoi-depart/cabinet/00377082/img56929919.gif"" width=""130"" height=""89"" border=""0""><BR>
      <FONT size=""-2"" color=""#999900"">&gt;やっぱりワッペン！<BR>
      特集！200アイテム！</FONT></TD>
    </TR>
  </TBODY>
</TABLE>




<P><IMG src=""http://image.rakuten.co.jp/aoi-depart/cabinet/img58891052.gif"" border=""0"" width=""560"" height=""94""><BR>
<FONT color=""#000000"" size=""1"">大人気！くろねこ雑貨、新商品続々入荷中！黒猫キッチン用品、バス用品、おしゃれ雑貨、黒猫インテリア</FONT></P>
<TABLE width=""560"" cellpadding=""0"" cellspacing=""0"">
  <TBODY valign=""top"">
    <TR>
      <TD valign=""top""><IMG src=""http://image.rakuten.co.jp/aoi-depart/cabinet/00377084/imgrc0065158542.gif"" border=""0"" width=""270"" height=""80""><BR>
      <FONT size=""1"">クレヨンしんちゃんグッズ続々入荷中！<BR>
      新学期はしんちゃんのランチグッズやペンケースで決まり！<BR>
      新生活も応援！クッションやタオル、グラスも豊富♪<BR>
      <BR>
      </FONT></TD>
      <TD valign=""top""><IMG src=""http://image.rakuten.co.jp/aoi-depart/cabinet/00377084/imgrc0065158540.gif"" border=""0"" width=""270"" height=""80""><BR>
      <FONT size=""1"">ピンクやレッドがキュートなキティやマイメロ♪<BR>
      サンリオのステップやコロコロクリーナーが売れてます！<BR>
      メラミンカップやグラス、おもちゃ箱も♪プレゼントやギフトにも♪</FONT><BR>
      <BR>
      </TD>
    </TR>
  </TBODY>
</TABLE>
<TABLE width=""560"" cellpadding=""0"" cellspacing=""0"">
  <TBODY valign=""top"">
    <TR>
      <TD valign=""top""><IMG src=""http://image.rakuten.co.jp/aoi-depart/cabinet/00377084/imgrc0065158539.gif"" border=""0"" width=""270"" height=""80""><BR>
      <FONT size=""1"">ベビータオルやベビーギフトならアナノカフェ♪安心の日本製です。<BR>
      ほわほわ～の柔らか素材がお肌にも優しい。<BR>
      内祝やご出産祝にも最適！スタイや肌着の種類も豊富！</FONT><BR>
      <BR>
      </TD>
      <TD valign=""top""><IMG src=""http://image.rakuten.co.jp/aoi-depart/cabinet/00377084/imgrc0065158538.gif"" border=""0"" width=""270"" height=""80""><BR>
      <FONT size=""1"">キュートでポップな亜土ちゃんのグッズでラブリーな生活を♪<BR>
      クッションや食器、ブリキケースもすっごくカワイイ♪<BR>
      お花★ハート★キッス　が合言葉♪！</FONT></TD>
    </TR>
  </TBODY>
</TABLE>
<TABLE width=""560"" cellpadding=""0"" cellspacing=""0"">
  <TBODY valign=""top"">
    <TR>
      <TD valign=""top""><IMG src=""http://image.rakuten.co.jp/aoi-depart/cabinet/00377084/imgrc0065158541.gif"" border=""0"" width=""270"" height=""80""><BR>
      <FONT size=""1"">やっぱり定番！ず～っと人気が止まらないっ！<BR>
      クッションやティッシュカバー、フリーケースで周りをボブイエロー<BR>
      に染めちゃえ！超ビッグなメガデカクッションは要チェック！</FONT><BR>
      <BR>
      </TD>
      <TD valign=""top""><IMG src=""http://image.rakuten.co.jp/aoi-depart/cabinet/00377084/imgrc0065158543.gif"" border=""0"" width=""270"" height=""80""><BR>
      <FONT size=""1"">アメコミの中でもスパイダーマンはダントツ人気！<BR>
      ポスターやコスチューム、ストラップなどなどグッズも大量！<BR>
      お部屋に飾ればカッコイイ　ヒーロコミックの世界に！</FONT><BR>
      <BR>
      </TD>
    </TR>
  </TBODY>
</TABLE>

<TABLE width=""560"">
  <TBODY>
    <TR>
      <TD><IMG src=""http://image.rakuten.co.jp/aoi-depart/cabinet/00377084/img57529064.gif"" width=""186"" height=""70"" border=""0""><BR>
      <FONT size=""-2"" color=""#ff8000"">▼タオル特集！柔らか～！かわいい～！<BR>
      自分流でお気に入りをどうぞ♪</FONT></TD>
      <TD><IMG src=""http://image.rakuten.co.jp/aoi-depart/cabinet/00377084/img57529063.gif"" width=""186"" height=""70"" border=""0""><BR>
      <FONT size=""-2"" color=""#ff8000"">▼健康な美しさを追求♪でもでも毎日使うものだからこそかわいいデザインのものを♪</FONT></TD>
      <TD><IMG src=""http://image.rakuten.co.jp/aoi-depart/cabinet/00377084/img57529065.gif"" width=""186"" height=""70"" border=""0""><BR>
      <FONT size=""-2"" color=""#ff8000"">▼お風呂グッズ特集♪こだわりタオルから便利バス用品まで選りすぐって取り揃えました♪</FONT></TD>
    </TR>
  </TBODY>
</TABLE>

<TABLE width=""560"" height=""120"" bgcolor=""#ffffff"" cellpadding=""0"" cellspacing=""1"">
  <TBODY>
    <TR>
      <TD bgcolor=""#ffffff"" align=""center"" valign=""top""><IMG src=""http://image.rakuten.co.jp/aoi-depart/cabinet/00377084/img57844237.gif"" width=""270"" height=""72"" border=""0""><BR>
      <FONT size=""-2"" color=""#666666"">■生活雑貨勢揃い！1000アイテムの中からお気に入りをどうぞ！■</FONT></TD>
      <TD bgcolor=""#ffffff"" align=""center"" valign=""middle""><IMG src=""http://image.rakuten.co.jp/aoi-depart/cabinet/00377082/img57733851.gif"" width=""270"" height=""103"" border=""0""><BR>
      <FONT size=""-2"" color=""#666666"">■AOIデパートのコスチューム♪新商品がいっぱい♪</FONT></TD>
    </TR>
  </TBODY>
</TABLE>",【アメリカ製】【TRAFFIC SIGN】ハイウェイサインボード【グッドイヤー】【LOGO S】【看板】【米国交通局】【雑貨】【アメリカン雑貨】【アメリカ雑貨】【アメリカ】【USA】【かわいい】【おしゃれ】MADE IN U.S.A 実際にアメリカの道路で使用 オフィシャルの看板：ＡＯＩデパート,雑貨スポンジボブイルミネーションケアベアラットフィンク時計ハッピーツリーフレンズディズニー【アメリカ製】【TRAFFIC SIGN】ハイウェイサインボード【グッドイヤー】【LOGO S】【看板】【米国交通局】【雑貨】【アメリカン雑貨】【アメリカ雑貨】【アメリカ】【USA】【かわいい】【おしゃれ】MADE IN U.S.A 実際にアメリカの道路で使用 オフィシャルの看板,【アメリカ製】【TRAFFIC SIGN】ハイウェイサインボード。【アメリカ製】【TRAFFIC SIGN】ハイウェイサインボード【グッドイヤー】【LOGO S】【看板】【米国交通局】【雑貨】【アメリカン雑貨】【アメリカ雑貨】【アメリカ】【USA】【かわいい】【おしゃれ】MADE IN U.S.A 実際にアメリカの道路で使用 オフィシャルの看板[rn]
2-8641,http://tshop.r10s.jp/aoi-depart/cabinet/01474709/01606296/img56934839.gif?fitin=700:700,168.0000,,日用品雑貨・文房具・手芸 > 日用品・生活雑貨 > その他,ラジオフライヤー【RadioFlyer】人気の缶バッジを大量投入！服やバック・カバンなどをリメイクしちゃいましょう♪なつかしいキャラクターや海外のメーカー！お気に入りを見つけてください♪【缶】【バッチ】【バッジ】【2.980円以上送料無料】,ラジオフライヤー【RadioFlyer】カンバッチ15,"■説明■<br>
ラジオフライヤー【RadioFlyer】<br>
人気の缶バッジを大量投入！<br>
服やバック・カバンなどを<br>
リメイクしちゃいましょう♪<br>
なつかしいキャラクターや海外のメーカー！<br>
お気に入りを見つけてください♪<br>
【缶】【バッチ】【バッジ】<br>
■サイズ・仕様■<br>
H3cm<br><br>

■当商品について■<br>
＊在庫状況により<br>
入荷待ち・欠品になる場合がございます。<br>
予めご了承下さいますようお願いいたします。<br><TABLE cellspacing=""1"" bgcolor=""#cdcd9a"" cellpadding=""10"">
  <TBODY>
    <TR>
      <TD bgcolor=""#ffffff"" height=""61""><IMG src=""http://image.rakuten.co.jp/aoi-depart/cabinet/souryou.jpg"" width=""505"" height=""52"" border=""0""><br>
      <font size=""2"">沖縄県の場合は、8,000円以上で送料無料となります。</font><FONT size=""1"">（8,000円以下の場合はご注文後に送料が加算されます。）</FONT></TD>
    </TR>
  </TBODY>
</TABLE>
<B><FONT size=""2""><FONT size=""2""><BR>
<FONT size=""2"">★　最終価格！　ソーラー　LEDクリスタルキングトナカイ　ホワイト（白）　★</FONT></FONT><BR>
<BR>
<FONT size=""2"">★　最終価格！　ソーラー　LEDクリスタルキングトナカイ　ブルー（青）　★</FONT></FONT></B><br><br>
<TABLE width=""560"">
  <TBODY>
    <TR>
      <TD valign=""top"" align=""center""><IMG src=""http://image.rakuten.co.jp/aoi-depart/cabinet/00377082/img56929916.gif"" width=""130"" height=""88"" border=""0""><BR>
      <FONT size=""-2"" color=""#999900"">&gt;人気の缶バッジ（バッチ）<BR>
      特集！200アイテム！</FONT></TD>
      <TD valign=""top"" align=""center""><IMG src=""http://image.rakuten.co.jp/aoi-depart/cabinet/00377082/img56929917.gif"" width=""130"" height=""88"" border=""0""><BR>
      <FONT size=""-2"" color=""#999900"">&gt;インテリア用のポスター！<BR>
      特集！200アイテム！</FONT></TD>
      <TD valign=""top"" align=""center""><IMG src=""http://image.rakuten.co.jp/aoi-depart/cabinet/00377082/img56929918.gif"" width=""130"" height=""89"" border=""0""><BR>
      <FONT size=""-2"" color=""#999900"">&gt;人気キャラ！キーホルダー<BR>
      特集！300アイテム！</FONT></TD>
      <TD valign=""top"" align=""center""><IMG src=""http://image.rakuten.co.jp/aoi-depart/cabinet/00377082/img56929919.gif"" width=""130"" height=""89"" border=""0""><BR>
      <FONT size=""-2"" color=""#999900"">&gt;やっぱりワッペン！<BR>
      特集！200アイテム！</FONT></TD>
    </TR>
  </TBODY>
</TABLE>




<P><IMG src=""http://image.rakuten.co.jp/aoi-depart/cabinet/img58891052.gif"" border=""0"" width=""560"" height=""94""><BR>
<FONT color=""#000000"" size=""1"">大人気！くろねこ雑貨、新商品続々入荷中！黒猫キッチン用品、バス用品、おしゃれ雑貨、黒猫インテリア</FONT></P>
<TABLE width=""560"" cellpadding=""0"" cellspacing=""0"">
  <TBODY valign=""top"">
    <TR>
      <TD valign=""top""><IMG src=""http://image.rakuten.co.jp/aoi-depart/cabinet/00377084/imgrc0065158542.gif"" border=""0"" width=""270"" height=""80""><BR>
      <FONT size=""1"">クレヨンしんちゃんグッズ続々入荷中！<BR>
      新学期はしんちゃんのランチグッズやペンケースで決まり！<BR>
      新生活も応援！クッションやタオル、グラスも豊富♪<BR>
      <BR>
      </FONT></TD>
      <TD valign=""top""><IMG src=""http://image.rakuten.co.jp/aoi-depart/cabinet/00377084/imgrc0065158540.gif"" border=""0"" width=""270"" height=""80""><BR>
      <FONT size=""1"">ピンクやレッドがキュートなキティやマイメロ♪<BR>
      サンリオのステップやコロコロクリーナーが売れてます！<BR>
      メラミンカップやグラス、おもちゃ箱も♪プレゼントやギフトにも♪</FONT><BR>
      <BR>
      </TD>
    </TR>
  </TBODY>
</TABLE>
<TABLE width=""560"" cellpadding=""0"" cellspacing=""0"">
  <TBODY valign=""top"">
    <TR>
      <TD valign=""top""><IMG src=""http://image.rakuten.co.jp/aoi-depart/cabinet/00377084/imgrc0065158539.gif"" border=""0"" width=""270"" height=""80""><BR>
      <FONT size=""1"">ベビータオルやベビーギフトならアナノカフェ♪安心の日本製です。<BR>
      ほわほわ～の柔らか素材がお肌にも優しい。<BR>
      内祝やご出産祝にも最適！スタイや肌着の種類も豊富！</FONT><BR>
      <BR>
      </TD>
      <TD valign=""top""><IMG src=""http://image.rakuten.co.jp/aoi-depart/cabinet/00377084/imgrc0065158538.gif"" border=""0"" width=""270"" height=""80""><BR>
      <FONT size=""1"">キュートでポップな亜土ちゃんのグッズでラブリーな生活を♪<BR>
      クッションや食器、ブリキケースもすっごくカワイイ♪<BR>
      お花★ハート★キッス　が合言葉♪！</FONT></TD>
    </TR>
  </TBODY>
</TABLE>
<TABLE width=""560"" cellpadding=""0"" cellspacing=""0"">
  <TBODY valign=""top"">
    <TR>
      <TD valign=""top""><IMG src=""http://image.rakuten.co.jp/aoi-depart/cabinet/00377084/imgrc0065158541.gif"" border=""0"" width=""270"" height=""80""><BR>
      <FONT size=""1"">やっぱり定番！ず～っと人気が止まらないっ！<BR>
      クッションやティッシュカバー、フリーケースで周りをボブイエロー<BR>
      に染めちゃえ！超ビッグなメガデカクッションは要チェック！</FONT><BR>
      <BR>
      </TD>
      <TD valign=""top""><IMG src=""http://image.rakuten.co.jp/aoi-depart/cabinet/00377084/imgrc0065158543.gif"" border=""0"" width=""270"" height=""80""><BR>
      <FONT size=""1"">アメコミの中でもスパイダーマンはダントツ人気！<BR>
      ポスターやコスチューム、ストラップなどなどグッズも大量！<BR>
      お部屋に飾ればカッコイイ　ヒーロコミックの世界に！</FONT><BR>
      <BR>
      </TD>
    </TR>
  </TBODY>
</TABLE>

<TABLE width=""560"">
  <TBODY>
    <TR>
      <TD><IMG src=""http://image.rakuten.co.jp/aoi-depart/cabinet/00377084/img57529064.gif"" width=""186"" height=""70"" border=""0""><BR>
      <FONT size=""-2"" color=""#ff8000"">▼タオル特集！柔らか～！かわいい～！<BR>
      自分流でお気に入りをどうぞ♪</FONT></TD>
      <TD><IMG src=""http://image.rakuten.co.jp/aoi-depart/cabinet/00377084/img57529063.gif"" width=""186"" height=""70"" border=""0""><BR>
      <FONT size=""-2"" color=""#ff8000"">▼健康な美しさを追求♪でもでも毎日使うものだからこそかわいいデザインのものを♪</FONT></TD>
      <TD><IMG src=""http://image.rakuten.co.jp/aoi-depart/cabinet/00377084/img57529065.gif"" width=""186"" height=""70"" border=""0""><BR>
      <FONT size=""-2"" color=""#ff8000"">▼お風呂グッズ特集♪こだわりタオルから便利バス用品まで選りすぐって取り揃えました♪</FONT></TD>
    </TR>
  </TBODY>
</TABLE>

<TABLE width=""560"" height=""120"" bgcolor=""#ffffff"" cellpadding=""0"" cellspacing=""1"">
  <TBODY>
    <TR>
      <TD bgcolor=""#ffffff"" align=""center"" valign=""top""><IMG src=""http://image.rakuten.co.jp/aoi-depart/cabinet/00377084/img57844237.gif"" width=""270"" height=""72"" border=""0""><BR>
      <FONT size=""-2"" color=""#666666"">■生活雑貨勢揃い！1000アイテムの中からお気に入りをどうぞ！■</FONT></TD>
      <TD bgcolor=""#ffffff"" align=""center"" valign=""middle""><IMG src=""http://image.rakuten.co.jp/aoi-depart/cabinet/00377082/img57733851.gif"" width=""270"" height=""103"" border=""0""><BR>
      <FONT size=""-2"" color=""#666666"">■AOIデパートのコスチューム♪新商品がいっぱい♪</FONT></TD>
    </TR>
  </TBODY>
</TABLE>",ラジオフライヤー【RadioFlyer】人気の缶バッジを大量投入！服やバック・カバンなどをリメイクしちゃいましょう♪なつかしいキャラクターや海外のメーカー！お気に入りを見つけてください♪【缶】【バッチ】【バッジ】【2.980円以上送料無料】：ＡＯＩデパート,雑貨スポンジボブイルミネーションケアベアラットフィンク時計ハッピーツリーフレンズディズニーラジオフライヤー【RadioFlyer】人気の缶バッジを大量投入！服やバック・カバンなどをリメイクしちゃいましょう♪なつかしいキャラクターや海外のメーカー！お気に入りを見つけてください♪【缶】【バッチ】【バッジ】【2.980円以上送料無料】,ラジオフライヤー【RadioFlyer】カンバッチ15。ラジオフライヤー【RadioFlyer】人気の缶バッジを大量投入！服やバック・カバンなどをリメイクしちゃいましょう♪なつかしいキャラクターや海外のメーカー！お気に入りを見つけてください♪【缶】【バッチ】【バッジ】【2.980円以上送料無料】[rn]
2-8642,http://tshop.r10s.jp/aoi-depart/cabinet/13zak-1/13zak129-1.gif?fitin=700:700,489.6000,,日用品雑貨・文房具・手芸 > 日用品・生活雑貨 > その他,【アメリカン雑貨】【MARKET BASKET】マーケットバスケット S【グッドイヤー】【ルート66】【買い物かご】【バスケット】【カゴ】【収納】【雑貨】【アメリカ雑貨】【アメリカ】【USA】【かわいい】【おしゃれ】大人気の買い物かごに新柄登場 どれもキュートな仕上がり,【アメリカン雑貨】【MARKET BASKET】マーケットバスケット S,"■説明■<br>
【アメリカン雑貨】【MARKET BASKET】<br>
マーケットバスケット S<br>
【グッドイヤー】【ルート66】【買い物かご】<br>
【バスケット】【カゴ】【収納】【アメキャラ】<br>
【雑貨】【アメリカ雑貨】【アメリカ】<br>
【USA】【かわいい】【おしゃれ】<br>
大人気の買い物かごに新柄登場！<br>
どれもキュートな仕上がり♪<br>
定番のアメリカン雑貨や！<br>
珍しいグッズを多数揃えました♪<br>
お気に入りのアイテムで楽しい空間を演出♪<br>
【大人気】【かわいい雑貨】【新作】<br>
【3.980円以上送料無料】【人気商品】【生活】<br>
【大人気】【大大人気】【雑貨】【日用品】【POP】<br>
【日本】【2015年】【グッズ】【ファンシー】<br>
【人気商品】【大人気】【アメリカ雑貨】<br>
【かわいい】【おしゃれ】【生活雑貨】【AOI】<br>
【アメリカ】【BAR】【インテリア雑貨】<br>
【USA】【アメリカン】【アメリカン雑貨】<br>
■サイズ・仕様■<br>
◆サイズ：約140×280×200mm<br>
◆素　材：ポリプロピレン<br>
●AOIデパートはアメリカン雑貨が勢揃い！！●<br>
アメリカン雑貨が豊富です！<br>
(*゜▽゜)/品揃えに自信アリ♪<br>
カラフルなグッズで毎日の生活を楽しんでください！<br>
■当商品について■<br>
＊在庫状況により入荷待ち・<br>
欠品になる場合がございます。<br>
予めご了承下さいますようお願いいたします。<br><TABLE cellspacing=""1"" bgcolor=""#cdcd9a"" cellpadding=""10"">
  <TBODY>
    <TR>
      <TD bgcolor=""#ffffff"" height=""61""><IMG src=""http://image.rakuten.co.jp/aoi-depart/cabinet/souryou.jpg"" width=""505"" height=""52"" border=""0""><br>
      <font size=""2"">沖縄県の場合は、8,000円以上で送料無料となります。</font><FONT size=""1"">（8,000円以下の場合はご注文後に送料が加算されます。）</FONT></TD>
    </TR>
  </TBODY>
</TABLE>
<B><FONT size=""2""><FONT size=""2""><BR>
<FONT size=""2"">★　最終価格！　ソーラー　LEDクリスタルキングトナカイ　ホワイト（白）　★</FONT></FONT><BR>
<BR>
<FONT size=""2"">★　最終価格！　ソーラー　LEDクリスタルキングトナカイ　ブルー（青）　★</FONT></FONT></B><br><br>
<TABLE width=""560"">
  <TBODY>
    <TR>
      <TD valign=""top"" align=""center""><IMG src=""http://image.rakuten.co.jp/aoi-depart/cabinet/00377082/img56929916.gif"" width=""130"" height=""88"" border=""0""><BR>
      <FONT size=""-2"" color=""#999900"">&gt;人気の缶バッジ（バッチ）<BR>
      特集！200アイテム！</FONT></TD>
      <TD valign=""top"" align=""center""><IMG src=""http://image.rakuten.co.jp/aoi-depart/cabinet/00377082/img56929917.gif"" width=""130"" height=""88"" border=""0""><BR>
      <FONT size=""-2"" color=""#999900"">&gt;インテリア用のポスター！<BR>
      特集！200アイテム！</FONT></TD>
      <TD valign=""top"" align=""center""><IMG src=""http://image.rakuten.co.jp/aoi-depart/cabinet/00377082/img56929918.gif"" width=""130"" height=""89"" border=""0""><BR>
      <FONT size=""-2"" color=""#999900"">&gt;人気キャラ！キーホルダー<BR>
      特集！300アイテム！</FONT></TD>
      <TD valign=""top"" align=""center""><IMG src=""http://image.rakuten.co.jp/aoi-depart/cabinet/00377082/img56929919.gif"" width=""130"" height=""89"" border=""0""><BR>
      <FONT size=""-2"" color=""#999900"">&gt;やっぱりワッペン！<BR>
      特集！200アイテム！</FONT></TD>
    </TR>
  </TBODY>
</TABLE>




<P><IMG src=""http://image.rakuten.co.jp/aoi-depart/cabinet/img58891052.gif"" border=""0"" width=""560"" height=""94""><BR>
<FONT color=""#000000"" size=""1"">大人気！くろねこ雑貨、新商品続々入荷中！黒猫キッチン用品、バス用品、おしゃれ雑貨、黒猫インテリア</FONT></P>
<TABLE width=""560"" cellpadding=""0"" cellspacing=""0"">
  <TBODY valign=""top"">
    <TR>
      <TD valign=""top""><IMG src=""http://image.rakuten.co.jp/aoi-depart/cabinet/00377084/imgrc0065158542.gif"" border=""0"" width=""270"" height=""80""><BR>
      <FONT size=""1"">クレヨンしんちゃんグッズ続々入荷中！<BR>
      新学期はしんちゃんのランチグッズやペンケースで決まり！<BR>
      新生活も応援！クッションやタオル、グラスも豊富♪<BR>
      <BR>
      </FONT></TD>
      <TD valign=""top""><IMG src=""http://image.rakuten.co.jp/aoi-depart/cabinet/00377084/imgrc0065158540.gif"" border=""0"" width=""270"" height=""80""><BR>
      <FONT size=""1"">ピンクやレッドがキュートなキティやマイメロ♪<BR>
      サンリオのステップやコロコロクリーナーが売れてます！<BR>
      メラミンカップやグラス、おもちゃ箱も♪プレゼントやギフトにも♪</FONT><BR>
      <BR>
      </TD>
    </TR>
  </TBODY>
</TABLE>
<TABLE width=""560"" cellpadding=""0"" cellspacing=""0"">
  <TBODY valign=""top"">
    <TR>
      <TD valign=""top""><IMG src=""http://image.rakuten.co.jp/aoi-depart/cabinet/00377084/imgrc0065158539.gif"" border=""0"" width=""270"" height=""80""><BR>
      <FONT size=""1"">ベビータオルやベビーギフトならアナノカフェ♪安心の日本製です。<BR>
      ほわほわ～の柔らか素材がお肌にも優しい。<BR>
      内祝やご出産祝にも最適！スタイや肌着の種類も豊富！</FONT><BR>
      <BR>
      </TD>
      <TD valign=""top""><IMG src=""http://image.rakuten.co.jp/aoi-depart/cabinet/00377084/imgrc0065158538.gif"" border=""0"" width=""270"" height=""80""><BR>
      <FONT size=""1"">キュートでポップな亜土ちゃんのグッズでラブリーな生活を♪<BR>
      クッションや食器、ブリキケースもすっごくカワイイ♪<BR>
      お花★ハート★キッス　が合言葉♪！</FONT></TD>
    </TR>
  </TBODY>
</TABLE>
<TABLE width=""560"" cellpadding=""0"" cellspacing=""0"">
  <TBODY valign=""top"">
    <TR>
      <TD valign=""top""><IMG src=""http://image.rakuten.co.jp/aoi-depart/cabinet/00377084/imgrc0065158541.gif"" border=""0"" width=""270"" height=""80""><BR>
      <FONT size=""1"">やっぱり定番！ず～っと人気が止まらないっ！<BR>
      クッションやティッシュカバー、フリーケースで周りをボブイエロー<BR>
      に染めちゃえ！超ビッグなメガデカクッションは要チェック！</FONT><BR>
      <BR>
      </TD>
      <TD valign=""top""><IMG src=""http://image.rakuten.co.jp/aoi-depart/cabinet/00377084/imgrc0065158543.gif"" border=""0"" width=""270"" height=""80""><BR>
      <FONT size=""1"">アメコミの中でもスパイダーマンはダントツ人気！<BR>
      ポスターやコスチューム、ストラップなどなどグッズも大量！<BR>
      お部屋に飾ればカッコイイ　ヒーロコミックの世界に！</FONT><BR>
      <BR>
      </TD>
    </TR>
  </TBODY>
</TABLE>

<TABLE width=""560"">
  <TBODY>
    <TR>
      <TD><IMG src=""http://image.rakuten.co.jp/aoi-depart/cabinet/00377084/img57529064.gif"" width=""186"" height=""70"" border=""0""><BR>
      <FONT size=""-2"" color=""#ff8000"">▼タオル特集！柔らか～！かわいい～！<BR>
      自分流でお気に入りをどうぞ♪</FONT></TD>
      <TD><IMG src=""http://image.rakuten.co.jp/aoi-depart/cabinet/00377084/img57529063.gif"" width=""186"" height=""70"" border=""0""><BR>
      <FONT size=""-2"" color=""#ff8000"">▼健康な美しさを追求♪でもでも毎日使うものだからこそかわいいデザインのものを♪</FONT></TD>
      <TD><IMG src=""http://image.rakuten.co.jp/aoi-depart/cabinet/00377084/img57529065.gif"" width=""186"" height=""70"" border=""0""><BR>
      <FONT size=""-2"" color=""#ff8000"">▼お風呂グッズ特集♪こだわりタオルから便利バス用品まで選りすぐって取り揃えました♪</FONT></TD>
    </TR>
  </TBODY>
</TABLE>

<TABLE width=""560"" height=""120"" bgcolor=""#ffffff"" cellpadding=""0"" cellspacing=""1"">
  <TBODY>
    <TR>
      <TD bgcolor=""#ffffff"" align=""center"" valign=""top""><IMG src=""http://image.rakuten.co.jp/aoi-depart/cabinet/00377084/img57844237.gif"" width=""270"" height=""72"" border=""0""><BR>
      <FONT size=""-2"" color=""#666666"">■生活雑貨勢揃い！1000アイテムの中からお気に入りをどうぞ！■</FONT></TD>
      <TD bgcolor=""#ffffff"" align=""center"" valign=""middle""><IMG src=""http://image.rakuten.co.jp/aoi-depart/cabinet/00377082/img57733851.gif"" width=""270"" height=""103"" border=""0""><BR>
      <FONT size=""-2"" color=""#666666"">■AOIデパートのコスチューム♪新商品がいっぱい♪</FONT></TD>
    </TR>
  </TBODY>
</TABLE>",【アメリカン雑貨】【MARKET BASKET】マーケットバスケット S【グッドイヤー】【ルート66】【買い物かご】【バスケット】【カゴ】【収納】【雑貨】【アメリカ雑貨】【アメリカ】【USA】【かわいい】【おしゃれ】大人気の買い物かごに新柄登場 どれもキュートな仕上がり：ＡＯＩデパート,雑貨スポンジボブイルミネーションケアベアラットフィンク時計ハッピーツリーフレンズディズニー【アメリカン雑貨】【MARKET BASKET】マーケットバスケット S【グッドイヤー】【ルート66】【買い物かご】【バスケット】【カゴ】【収納】【雑貨】【アメリカ雑貨】【アメリカ】【USA】【かわいい】【おしゃれ】大人気の買い物かごに新柄登場 どれもキュートな仕上がり,【アメリカン雑貨】【MARKET BASKET】マーケットバスケット S。【アメリカン雑貨】【MARKET BASKET】マーケットバスケット S【グッドイヤー】【ルート66】【買い物かご】【バスケット】【カゴ】【収納】【雑貨】【アメリカ雑貨】【アメリカ】【USA】【かわいい】【おしゃれ】大人気の買い物かごに新柄登場 どれもキュートな仕上がり[rn]
2-8643,http://tshop.r10s.jp/aoi-depart/cabinet/13zak-1/13zak229-1.gif?fitin=700:700,2736.0000,,日用品雑貨・文房具・手芸 > 日用品・生活雑貨 > その他,【アメリカン雑貨】【LED LETTER】LEDレター【A-M】【看板】【電飾】【文字】【アルファベット】【雑貨】【アメリカ雑貨】【アメリカ】【USA】【かわいい】【おしゃれ】LEDの文字看板がすぐに出来上がります 3色に色彩変換も可能 お店の名前や電話番号を作っちゃおう,【アメリカン雑貨】【LED LETTER】LEDレター【A-M】【看板】,"■説明■<br>
【アメリカン雑貨】【LED LETTER】<br>
LEDレター【A-M】<br>
【看板】【電飾】【文字】【アルファベット】<br>
【雑貨】【アメリカ雑貨】【アメリカ】<br>
【USA】【かわいい】【おしゃれ】<br>
LEDの文字看板がすぐに出来上がります！<br>
3色に色彩変換も可能！<br>
お店の名前や電話番号を作っちゃおう♪<br>
定番のアメリカン雑貨や！<br>
珍しいグッズを多数揃えました♪<br>
お気に入りのアイテムで楽しい空間を演出♪<br>
【大人気】【かわいい雑貨】【新作】<br>
【2.980円以上送料無料】【人気商品】【生活】<br>
【大人気】【大大人気】【雑貨】【日用品】【POP】<br>
【日本】【2015年】【グッズ】【ファンシー】<br>
【人気商品】【大人気】【アメリカ雑貨】<br>
【かわいい】【おしゃれ】【生活雑貨】【AOI】<br>
【アメリカ】【BAR】【インテリア雑貨】<br>
【USA】【アメリカン】【アメリカン雑貨】<br>
■サイズ・仕様■<br>
◆サイズ：約H195×100×25mm<br>
◆素　材：プラスチック<br>
◆※別売りのパワートランスキットが必要です。<br>
●AOIデパートはアメリカン雑貨が勢揃い！！●<br>
アメリカン雑貨が豊富です！<br>
(*゜▽゜)/品揃えに自信アリ♪<br>
カラフルなグッズで毎日の生活を楽しんでください！<br>
■当商品について■<br>
＊在庫状況により入荷待ち・<br>
欠品になる場合がございます。<br>
予めご了承下さいますようお願いいたします。<br><TABLE cellspacing=""1"" bgcolor=""#cdcd9a"" cellpadding=""10"">
  <TBODY>
    <TR>
      <TD bgcolor=""#ffffff"" height=""61""><IMG src=""http://image.rakuten.co.jp/aoi-depart/cabinet/souryou.jpg"" width=""505"" height=""52"" border=""0""><br>
      <font size=""2"">沖縄県の場合は、8,000円以上で送料無料となります。</font><FONT size=""1"">（8,000円以下の場合はご注文後に送料が加算されます。）</FONT></TD>
    </TR>
  </TBODY>
</TABLE>
<B><FONT size=""2""><FONT size=""2""><BR>
<FONT size=""2"">★　最終価格！　ソーラー　LEDクリスタルキングトナカイ　ホワイト（白）　★</FONT></FONT><BR>
<BR>
<FONT size=""2"">★　最終価格！　ソーラー　LEDクリスタルキングトナカイ　ブルー（青）　★</FONT></FONT></B><br><br>
<TABLE width=""560"">
  <TBODY>
    <TR>
      <TD valign=""top"" align=""center""><IMG src=""http://image.rakuten.co.jp/aoi-depart/cabinet/00377082/img56929916.gif"" width=""130"" height=""88"" border=""0""><BR>
      <FONT size=""-2"" color=""#999900"">&gt;人気の缶バッジ（バッチ）<BR>
      特集！200アイテム！</FONT></TD>
      <TD valign=""top"" align=""center""><IMG src=""http://image.rakuten.co.jp/aoi-depart/cabinet/00377082/img56929917.gif"" width=""130"" height=""88"" border=""0""><BR>
      <FONT size=""-2"" color=""#999900"">&gt;インテリア用のポスター！<BR>
      特集！200アイテム！</FONT></TD>
      <TD valign=""top"" align=""center""><IMG src=""http://image.rakuten.co.jp/aoi-depart/cabinet/00377082/img56929918.gif"" width=""130"" height=""89"" border=""0""><BR>
      <FONT size=""-2"" color=""#999900"">&gt;人気キャラ！キーホルダー<BR>
      特集！300アイテム！</FONT></TD>
      <TD valign=""top"" align=""center""><IMG src=""http://image.rakuten.co.jp/aoi-depart/cabinet/00377082/img56929919.gif"" width=""130"" height=""89"" border=""0""><BR>
      <FONT size=""-2"" color=""#999900"">&gt;やっぱりワッペン！<BR>
      特集！200アイテム！</FONT></TD>
    </TR>
  </TBODY>
</TABLE>




<P><IMG src=""http://image.rakuten.co.jp/aoi-depart/cabinet/img58891052.gif"" border=""0"" width=""560"" height=""94""><BR>
<FONT color=""#000000"" size=""1"">大人気！くろねこ雑貨、新商品続々入荷中！黒猫キッチン用品、バス用品、おしゃれ雑貨、黒猫インテリア</FONT></P>
<TABLE width=""560"" cellpadding=""0"" cellspacing=""0"">
  <TBODY valign=""top"">
    <TR>
      <TD valign=""top""><IMG src=""http://image.rakuten.co.jp/aoi-depart/cabinet/00377084/imgrc0065158542.gif"" border=""0"" width=""270"" height=""80""><BR>
      <FONT size=""1"">クレヨンしんちゃんグッズ続々入荷中！<BR>
      新学期はしんちゃんのランチグッズやペンケースで決まり！<BR>
      新生活も応援！クッションやタオル、グラスも豊富♪<BR>
      <BR>
      </FONT></TD>
      <TD valign=""top""><IMG src=""http://image.rakuten.co.jp/aoi-depart/cabinet/00377084/imgrc0065158540.gif"" border=""0"" width=""270"" height=""80""><BR>
      <FONT size=""1"">ピンクやレッドがキュートなキティやマイメロ♪<BR>
      サンリオのステップやコロコロクリーナーが売れてます！<BR>
      メラミンカップやグラス、おもちゃ箱も♪プレゼントやギフトにも♪</FONT><BR>
      <BR>
      </TD>
    </TR>
  </TBODY>
</TABLE>
<TABLE width=""560"" cellpadding=""0"" cellspacing=""0"">
  <TBODY valign=""top"">
    <TR>
      <TD valign=""top""><IMG src=""http://image.rakuten.co.jp/aoi-depart/cabinet/00377084/imgrc0065158539.gif"" border=""0"" width=""270"" height=""80""><BR>
      <FONT size=""1"">ベビータオルやベビーギフトならアナノカフェ♪安心の日本製です。<BR>
      ほわほわ～の柔らか素材がお肌にも優しい。<BR>
      内祝やご出産祝にも最適！スタイや肌着の種類も豊富！</FONT><BR>
      <BR>
      </TD>
      <TD valign=""top""><IMG src=""http://image.rakuten.co.jp/aoi-depart/cabinet/00377084/imgrc0065158538.gif"" border=""0"" width=""270"" height=""80""><BR>
      <FONT size=""1"">キュートでポップな亜土ちゃんのグッズでラブリーな生活を♪<BR>
      クッションや食器、ブリキケースもすっごくカワイイ♪<BR>
      お花★ハート★キッス　が合言葉♪！</FONT></TD>
    </TR>
  </TBODY>
</TABLE>
<TABLE width=""560"" cellpadding=""0"" cellspacing=""0"">
  <TBODY valign=""top"">
    <TR>
      <TD valign=""top""><IMG src=""http://image.rakuten.co.jp/aoi-depart/cabinet/00377084/imgrc0065158541.gif"" border=""0"" width=""270"" height=""80""><BR>
      <FONT size=""1"">やっぱり定番！ず～っと人気が止まらないっ！<BR>
      クッションやティッシュカバー、フリーケースで周りをボブイエロー<BR>
      に染めちゃえ！超ビッグなメガデカクッションは要チェック！</FONT><BR>
      <BR>
      </TD>
      <TD valign=""top""><IMG src=""http://image.rakuten.co.jp/aoi-depart/cabinet/00377084/imgrc0065158543.gif"" border=""0"" width=""270"" height=""80""><BR>
      <FONT size=""1"">アメコミの中でもスパイダーマンはダントツ人気！<BR>
      ポスターやコスチューム、ストラップなどなどグッズも大量！<BR>
      お部屋に飾ればカッコイイ　ヒーロコミックの世界に！</FONT><BR>
      <BR>
      </TD>
    </TR>
  </TBODY>
</TABLE>

<TABLE width=""560"">
  <TBODY>
    <TR>
      <TD><IMG src=""http://image.rakuten.co.jp/aoi-depart/cabinet/00377084/img57529064.gif"" width=""186"" height=""70"" border=""0""><BR>
      <FONT size=""-2"" color=""#ff8000"">▼タオル特集！柔らか～！かわいい～！<BR>
      自分流でお気に入りをどうぞ♪</FONT></TD>
      <TD><IMG src=""http://image.rakuten.co.jp/aoi-depart/cabinet/00377084/img57529063.gif"" width=""186"" height=""70"" border=""0""><BR>
      <FONT size=""-2"" color=""#ff8000"">▼健康な美しさを追求♪でもでも毎日使うものだからこそかわいいデザインのものを♪</FONT></TD>
      <TD><IMG src=""http://image.rakuten.co.jp/aoi-depart/cabinet/00377084/img57529065.gif"" width=""186"" height=""70"" border=""0""><BR>
      <FONT size=""-2"" color=""#ff8000"">▼お風呂グッズ特集♪こだわりタオルから便利バス用品まで選りすぐって取り揃えました♪</FONT></TD>
    </TR>
  </TBODY>
</TABLE>

<TABLE width=""560"" height=""120"" bgcolor=""#ffffff"" cellpadding=""0"" cellspacing=""1"">
  <TBODY>
    <TR>
      <TD bgcolor=""#ffffff"" align=""center"" valign=""top""><IMG src=""http://image.rakuten.co.jp/aoi-depart/cabinet/00377084/img57844237.gif"" width=""270"" height=""72"" border=""0""><BR>
      <FONT size=""-2"" color=""#666666"">■生活雑貨勢揃い！1000アイテムの中からお気に入りをどうぞ！■</FONT></TD>
      <TD bgcolor=""#ffffff"" align=""center"" valign=""middle""><IMG src=""http://image.rakuten.co.jp/aoi-depart/cabinet/00377082/img57733851.gif"" width=""270"" height=""103"" border=""0""><BR>
      <FONT size=""-2"" color=""#666666"">■AOIデパートのコスチューム♪新商品がいっぱい♪</FONT></TD>
    </TR>
  </TBODY>
</TABLE>",【アメリカン雑貨】【LED LETTER】LEDレター【A-M】【看板】【電飾】【文字】【アルファベット】【雑貨】【アメリカ雑貨】【アメリカ】【USA】【かわいい】【おしゃれ】LEDの文字看板がすぐに出来上がります 3色に色彩変換も可能 お店の名前や電話番号を作っちゃおう：ＡＯＩデパート,雑貨スポンジボブイルミネーションケアベアラットフィンク時計ハッピーツリーフレンズディズニー【アメリカン雑貨】【LED LETTER】LEDレター【A-M】【看板】【電飾】【文字】【アルファベット】【雑貨】【アメリカ雑貨】【アメリカ】【USA】【かわいい】【おしゃれ】LEDの文字看板がすぐに出来上がります 3色に色彩変換も可能 お店の名前や電話番号を作っちゃおう,【アメリカン雑貨】【LED LETTER】LEDレター【A-M】【看板】。【アメリカン雑貨】【LED LETTER】LEDレター【A-M】【看板】【電飾】【文字】【アルファベット】【雑貨】【アメリカ雑貨】【アメリカ】【USA】【かわいい】【おしゃれ】LEDの文字看板がすぐに出来上がります 3色に色彩変換も可能 お店の名前や電話番号を作っちゃおう[rn]
2-8644,http://tshop.r10s.jp/aoi-depart/cabinet/19zak-1/19zak224-1.gif?fitin=700:700,4896.0000,,日用品雑貨・文房具・手芸 > 日用品・生活雑貨 > その他,【ENAMEL SIGN】ホーロー製看板【SUNSET】【サイン】【看板】【地名】【雑貨】【アメリカン雑貨】【アメリカ雑貨】【アメリカ】【USA】【かわいい】【おしゃれ】,【ENAMEL SIGN】ホーロー製看板【SUNSET】【サイン】,"■説明■<br>
【ENAMEL SIGN】<br>
ホーロー製看板【SUNSET】<br>
【サイン】【看板】【地名】【雑貨】<br>
【アメリカン雑貨】【アメリカ雑貨】<br>
【アメリカ】【USA】【かわいい】【おしゃれ】<br>
1960年代頃、町の至る所で見かけた<br>
懐かしいホーロー看板。<br>
最近では手法が変わり、大変珍しい<br>
存在となりました。<br>
裏側のインクの流れが本物の目印です。<br>
定番のアメリカン雑貨や！<br>
珍しいグッズを多数揃えました♪<br>
お気に入りのアイテムで楽しい空間を演出♪<br>
【大人気】【アメリカン雑貨】【新作】【POP】<br>
【3.980円以上送料無料】【人気商品】【生活】<br>
【大人気】【大大人気】【雑貨】【日用品】<br>
【日本】【グッズ】【ファンシー】【人気商品】<br>
【アメリカ雑貨】【かわいい】【おしゃれ】<br>
【生活雑貨】【AOI】【アメリカ】【BAR】<br>
【インテリア雑貨】【USA】【アメリカン】<br>
■サイズ・仕様■<br>
◆サイズ：H150×600mm<br>
◆素　材：ホーロー<br>
●AOIデパートはアメリカン雑貨が勢揃い！！●<br>
アメリカン雑貨が豊富です！<br>
(*゜▽゜)/品揃えに自信アリ♪<br>
カラフルなグッズで毎日の生活を楽しんでください！<br>
■当商品について■<br>
＊在庫状況により入荷待ち・<br>
欠品になる場合がございます。<br>
予めご了承下さいますようお願いいたします。<br><TABLE cellspacing=""1"" bgcolor=""#cdcd9a"" cellpadding=""10"">
  <TBODY>
    <TR>
      <TD bgcolor=""#ffffff"" height=""61""><IMG src=""http://image.rakuten.co.jp/aoi-depart/cabinet/souryou.jpg"" width=""505"" height=""52"" border=""0""><br>
      <font size=""2"">沖縄県の場合は、8,000円以上で送料無料となります。</font><FONT size=""1"">（8,000円以下の場合はご注文後に送料が加算されます。）</FONT></TD>
    </TR>
  </TBODY>
</TABLE>
<B><FONT size=""2""><FONT size=""2""><BR>
<FONT size=""2"">★　最終価格！　ソーラー　LEDクリスタルキングトナカイ　ホワイト（白）　★</FONT></FONT><BR>
<BR>
<FONT size=""2"">★　最終価格！　ソーラー　LEDクリスタルキングトナカイ　ブルー（青）　★</FONT></FONT></B><br><br>
<TABLE width=""560"">
  <TBODY>
    <TR>
      <TD valign=""top"" align=""center""><IMG src=""http://image.rakuten.co.jp/aoi-depart/cabinet/00377082/img56929916.gif"" width=""130"" height=""88"" border=""0""><BR>
      <FONT size=""-2"" color=""#999900"">&gt;人気の缶バッジ（バッチ）<BR>
      特集！200アイテム！</FONT></TD>
      <TD valign=""top"" align=""center""><IMG src=""http://image.rakuten.co.jp/aoi-depart/cabinet/00377082/img56929917.gif"" width=""130"" height=""88"" border=""0""><BR>
      <FONT size=""-2"" color=""#999900"">&gt;インテリア用のポスター！<BR>
      特集！200アイテム！</FONT></TD>
      <TD valign=""top"" align=""center""><IMG src=""http://image.rakuten.co.jp/aoi-depart/cabinet/00377082/img56929918.gif"" width=""130"" height=""89"" border=""0""><BR>
      <FONT size=""-2"" color=""#999900"">&gt;人気キャラ！キーホルダー<BR>
      特集！300アイテム！</FONT></TD>
      <TD valign=""top"" align=""center""><IMG src=""http://image.rakuten.co.jp/aoi-depart/cabinet/00377082/img56929919.gif"" width=""130"" height=""89"" border=""0""><BR>
      <FONT size=""-2"" color=""#999900"">&gt;やっぱりワッペン！<BR>
      特集！200アイテム！</FONT></TD>
    </TR>
  </TBODY>
</TABLE>




<P><IMG src=""http://image.rakuten.co.jp/aoi-depart/cabinet/img58891052.gif"" border=""0"" width=""560"" height=""94""><BR>
<FONT color=""#000000"" size=""1"">大人気！くろねこ雑貨、新商品続々入荷中！黒猫キッチン用品、バス用品、おしゃれ雑貨、黒猫インテリア</FONT></P>
<TABLE width=""560"" cellpadding=""0"" cellspacing=""0"">
  <TBODY valign=""top"">
    <TR>
      <TD valign=""top""><IMG src=""http://image.rakuten.co.jp/aoi-depart/cabinet/00377084/imgrc0065158542.gif"" border=""0"" width=""270"" height=""80""><BR>
      <FONT size=""1"">クレヨンしんちゃんグッズ続々入荷中！<BR>
      新学期はしんちゃんのランチグッズやペンケースで決まり！<BR>
      新生活も応援！クッションやタオル、グラスも豊富♪<BR>
      <BR>
      </FONT></TD>
      <TD valign=""top""><IMG src=""http://image.rakuten.co.jp/aoi-depart/cabinet/00377084/imgrc0065158540.gif"" border=""0"" width=""270"" height=""80""><BR>
      <FONT size=""1"">ピンクやレッドがキュートなキティやマイメロ♪<BR>
      サンリオのステップやコロコロクリーナーが売れてます！<BR>
      メラミンカップやグラス、おもちゃ箱も♪プレゼントやギフトにも♪</FONT><BR>
      <BR>
      </TD>
    </TR>
  </TBODY>
</TABLE>
<TABLE width=""560"" cellpadding=""0"" cellspacing=""0"">
  <TBODY valign=""top"">
    <TR>
      <TD valign=""top""><IMG src=""http://image.rakuten.co.jp/aoi-depart/cabinet/00377084/imgrc0065158539.gif"" border=""0"" width=""270"" height=""80""><BR>
      <FONT size=""1"">ベビータオルやベビーギフトならアナノカフェ♪安心の日本製です。<BR>
      ほわほわ～の柔らか素材がお肌にも優しい。<BR>
      内祝やご出産祝にも最適！スタイや肌着の種類も豊富！</FONT><BR>
      <BR>
      </TD>
      <TD valign=""top""><IMG src=""http://image.rakuten.co.jp/aoi-depart/cabinet/00377084/imgrc0065158538.gif"" border=""0"" width=""270"" height=""80""><BR>
      <FONT size=""1"">キュートでポップな亜土ちゃんのグッズでラブリーな生活を♪<BR>
      クッションや食器、ブリキケースもすっごくカワイイ♪<BR>
      お花★ハート★キッス　が合言葉♪！</FONT></TD>
    </TR>
  </TBODY>
</TABLE>
<TABLE width=""560"" cellpadding=""0"" cellspacing=""0"">
  <TBODY valign=""top"">
    <TR>
      <TD valign=""top""><IMG src=""http://image.rakuten.co.jp/aoi-depart/cabinet/00377084/imgrc0065158541.gif"" border=""0"" width=""270"" height=""80""><BR>
      <FONT size=""1"">やっぱり定番！ず～っと人気が止まらないっ！<BR>
      クッションやティッシュカバー、フリーケースで周りをボブイエロー<BR>
      に染めちゃえ！超ビッグなメガデカクッションは要チェック！</FONT><BR>
      <BR>
      </TD>
      <TD valign=""top""><IMG src=""http://image.rakuten.co.jp/aoi-depart/cabinet/00377084/imgrc0065158543.gif"" border=""0"" width=""270"" height=""80""><BR>
      <FONT size=""1"">アメコミの中でもスパイダーマンはダントツ人気！<BR>
      ポスターやコスチューム、ストラップなどなどグッズも大量！<BR>
      お部屋に飾ればカッコイイ　ヒーロコミックの世界に！</FONT><BR>
      <BR>
      </TD>
    </TR>
  </TBODY>
</TABLE>

<TABLE width=""560"">
  <TBODY>
    <TR>
      <TD><IMG src=""http://image.rakuten.co.jp/aoi-depart/cabinet/00377084/img57529064.gif"" width=""186"" height=""70"" border=""0""><BR>
      <FONT size=""-2"" color=""#ff8000"">▼タオル特集！柔らか～！かわいい～！<BR>
      自分流でお気に入りをどうぞ♪</FONT></TD>
      <TD><IMG src=""http://image.rakuten.co.jp/aoi-depart/cabinet/00377084/img57529063.gif"" width=""186"" height=""70"" border=""0""><BR>
      <FONT size=""-2"" color=""#ff8000"">▼健康な美しさを追求♪でもでも毎日使うものだからこそかわいいデザインのものを♪</FONT></TD>
      <TD><IMG src=""http://image.rakuten.co.jp/aoi-depart/cabinet/00377084/img57529065.gif"" width=""186"" height=""70"" border=""0""><BR>
      <FONT size=""-2"" color=""#ff8000"">▼お風呂グッズ特集♪こだわりタオルから便利バス用品まで選りすぐって取り揃えました♪</FONT></TD>
    </TR>
  </TBODY>
</TABLE>

<TABLE width=""560"" height=""120"" bgcolor=""#ffffff"" cellpadding=""0"" cellspacing=""1"">
  <TBODY>
    <TR>
      <TD bgcolor=""#ffffff"" align=""center"" valign=""top""><IMG src=""http://image.rakuten.co.jp/aoi-depart/cabinet/00377084/img57844237.gif"" width=""270"" height=""72"" border=""0""><BR>
      <FONT size=""-2"" color=""#666666"">■生活雑貨勢揃い！1000アイテムの中からお気に入りをどうぞ！■</FONT></TD>
      <TD bgcolor=""#ffffff"" align=""center"" valign=""middle""><IMG src=""http://image.rakuten.co.jp/aoi-depart/cabinet/00377082/img57733851.gif"" width=""270"" height=""103"" border=""0""><BR>
      <FONT size=""-2"" color=""#666666"">■AOIデパートのコスチューム♪新商品がいっぱい♪</FONT></TD>
    </TR>
  </TBODY>
</TABLE>",【ENAMEL SIGN】ホーロー製看板【SUNSET】【サイン】【看板】【地名】【雑貨】【アメリカン雑貨】【アメリカ雑貨】【アメリカ】【USA】【かわいい】【おしゃれ】：ＡＯＩデパート,雑貨スポンジボブイルミネーションケアベアラットフィンク時計ハッピーツリーフレンズディズニー【ENAMEL SIGN】ホーロー製看板【SUNSET】【サイン】【看板】【地名】【雑貨】【アメリカン雑貨】【アメリカ雑貨】【アメリカ】【USA】【かわいい】【おしゃれ】,【ENAMEL SIGN】ホーロー製看板【SUNSET】【サイン】。【ENAMEL SIGN】ホーロー製看板【SUNSET】【サイン】【看板】【地名】【雑貨】【アメリカン雑貨】【アメリカ雑貨】【アメリカ】【USA】【かわいい】【おしゃれ】[rn]
2-8645,http://tshop.r10s.jp/aoi-depart/cabinet/13zak-1/13zak232-1.gif?fitin=700:700,2736.0000,,日用品雑貨・文房具・手芸 > 日用品・生活雑貨 > その他,【アメリカン雑貨】【LED LETTER】LEDレター【特殊文字】【看板】【電飾】【文字】【アルファベット】【雑貨】【アメリカ雑貨】【アメリカ】【USA】【かわいい】【おしゃれ】LEDの文字看板がすぐに出来上がります 3色に色彩変換も可能 お店の名前や電話番号を作っちゃおう,【アメリカン雑貨】【LED LETTER】LEDレター【特殊文字】,"■説明■<br>
【アメリカン雑貨】【LED LETTER】<br>
LEDレター【数字】<br>
【看板】【電飾】【特殊文字】【アルファベット】<br>
【雑貨】【アメリカ雑貨】【アメリカ】<br>
【USA】【かわいい】【おしゃれ】<br>
LEDの文字看板がすぐに出来上がります！<br>
3色に色彩変換も可能！<br>
お店の名前や電話番号を作っちゃおう♪<br>
定番のアメリカン雑貨や！<br>
珍しいグッズを多数揃えました♪<br>
お気に入りのアイテムで楽しい空間を演出♪<br>
【大人気】【かわいい雑貨】【新作】<br>
【2.980円以上送料無料】【人気商品】【生活】<br>
【大人気】【大大人気】【雑貨】【日用品】【POP】<br>
【日本】【2015年】【グッズ】【ファンシー】<br>
【人気商品】【大人気】【アメリカ雑貨】<br>
【かわいい】【おしゃれ】【生活雑貨】【AOI】<br>
【アメリカ】【BAR】【インテリア雑貨】<br>
【USA】【アメリカン】【アメリカン雑貨】<br>
■サイズ・仕様■<br>
◆サイズ：約H195×100×25mm<br>
◆素　材：プラスチック<br>
◆※別売りのパワートランスキットが必要です。<br>
●AOIデパートはアメリカン雑貨が勢揃い！！●<br>
アメリカン雑貨が豊富です！<br>
(*゜▽゜)/品揃えに自信アリ♪<br>
カラフルなグッズで毎日の生活を楽しんでください！<br>
■当商品について■<br>
＊在庫状況により入荷待ち・<br>
欠品になる場合がございます。<br>
予めご了承下さいますようお願いいたします。<br><TABLE cellspacing=""1"" bgcolor=""#cdcd9a"" cellpadding=""10"">
  <TBODY>
    <TR>
      <TD bgcolor=""#ffffff"" height=""61""><IMG src=""http://image.rakuten.co.jp/aoi-depart/cabinet/souryou.jpg"" width=""505"" height=""52"" border=""0""><br>
      <font size=""2"">沖縄県の場合は、8,000円以上で送料無料となります。</font><FONT size=""1"">（8,000円以下の場合はご注文後に送料が加算されます。）</FONT></TD>
    </TR>
  </TBODY>
</TABLE>
<B><FONT size=""2""><FONT size=""2""><BR>
<FONT size=""2"">★　最終価格！　ソーラー　LEDクリスタルキングトナカイ　ホワイト（白）　★</FONT></FONT><BR>
<BR>
<FONT size=""2"">★　最終価格！　ソーラー　LEDクリスタルキングトナカイ　ブルー（青）　★</FONT></FONT></B><br><br>
<TABLE width=""560"">
  <TBODY>
    <TR>
      <TD valign=""top"" align=""center""><IMG src=""http://image.rakuten.co.jp/aoi-depart/cabinet/00377082/img56929916.gif"" width=""130"" height=""88"" border=""0""><BR>
      <FONT size=""-2"" color=""#999900"">&gt;人気の缶バッジ（バッチ）<BR>
      特集！200アイテム！</FONT></TD>
      <TD valign=""top"" align=""center""><IMG src=""http://image.rakuten.co.jp/aoi-depart/cabinet/00377082/img56929917.gif"" width=""130"" height=""88"" border=""0""><BR>
      <FONT size=""-2"" color=""#999900"">&gt;インテリア用のポスター！<BR>
      特集！200アイテム！</FONT></TD>
      <TD valign=""top"" align=""center""><IMG src=""http://image.rakuten.co.jp/aoi-depart/cabinet/00377082/img56929918.gif"" width=""130"" height=""89"" border=""0""><BR>
      <FONT size=""-2"" color=""#999900"">&gt;人気キャラ！キーホルダー<BR>
      特集！300アイテム！</FONT></TD>
      <TD valign=""top"" align=""center""><IMG src=""http://image.rakuten.co.jp/aoi-depart/cabinet/00377082/img56929919.gif"" width=""130"" height=""89"" border=""0""><BR>
      <FONT size=""-2"" color=""#999900"">&gt;やっぱりワッペン！<BR>
      特集！200アイテム！</FONT></TD>
    </TR>
  </TBODY>
</TABLE>




<P><IMG src=""http://image.rakuten.co.jp/aoi-depart/cabinet/img58891052.gif"" border=""0"" width=""560"" height=""94""><BR>
<FONT color=""#000000"" size=""1"">大人気！くろねこ雑貨、新商品続々入荷中！黒猫キッチン用品、バス用品、おしゃれ雑貨、黒猫インテリア</FONT></P>
<TABLE width=""560"" cellpadding=""0"" cellspacing=""0"">
  <TBODY valign=""top"">
    <TR>
      <TD valign=""top""><IMG src=""http://image.rakuten.co.jp/aoi-depart/cabinet/00377084/imgrc0065158542.gif"" border=""0"" width=""270"" height=""80""><BR>
      <FONT size=""1"">クレヨンしんちゃんグッズ続々入荷中！<BR>
      新学期はしんちゃんのランチグッズやペンケースで決まり！<BR>
      新生活も応援！クッションやタオル、グラスも豊富♪<BR>
      <BR>
      </FONT></TD>
      <TD valign=""top""><IMG src=""http://image.rakuten.co.jp/aoi-depart/cabinet/00377084/imgrc0065158540.gif"" border=""0"" width=""270"" height=""80""><BR>
      <FONT size=""1"">ピンクやレッドがキュートなキティやマイメロ♪<BR>
      サンリオのステップやコロコロクリーナーが売れてます！<BR>
      メラミンカップやグラス、おもちゃ箱も♪プレゼントやギフトにも♪</FONT><BR>
      <BR>
      </TD>
    </TR>
  </TBODY>
</TABLE>
<TABLE width=""560"" cellpadding=""0"" cellspacing=""0"">
  <TBODY valign=""top"">
    <TR>
      <TD valign=""top""><IMG src=""http://image.rakuten.co.jp/aoi-depart/cabinet/00377084/imgrc0065158539.gif"" border=""0"" width=""270"" height=""80""><BR>
      <FONT size=""1"">ベビータオルやベビーギフトならアナノカフェ♪安心の日本製です。<BR>
      ほわほわ～の柔らか素材がお肌にも優しい。<BR>
      内祝やご出産祝にも最適！スタイや肌着の種類も豊富！</FONT><BR>
      <BR>
      </TD>
      <TD valign=""top""><IMG src=""http://image.rakuten.co.jp/aoi-depart/cabinet/00377084/imgrc0065158538.gif"" border=""0"" width=""270"" height=""80""><BR>
      <FONT size=""1"">キュートでポップな亜土ちゃんのグッズでラブリーな生活を♪<BR>
      クッションや食器、ブリキケースもすっごくカワイイ♪<BR>
      お花★ハート★キッス　が合言葉♪！</FONT></TD>
    </TR>
  </TBODY>
</TABLE>
<TABLE width=""560"" cellpadding=""0"" cellspacing=""0"">
  <TBODY valign=""top"">
    <TR>
      <TD valign=""top""><IMG src=""http://image.rakuten.co.jp/aoi-depart/cabinet/00377084/imgrc0065158541.gif"" border=""0"" width=""270"" height=""80""><BR>
      <FONT size=""1"">やっぱり定番！ず～っと人気が止まらないっ！<BR>
      クッションやティッシュカバー、フリーケースで周りをボブイエロー<BR>
      に染めちゃえ！超ビッグなメガデカクッションは要チェック！</FONT><BR>
      <BR>
      </TD>
      <TD valign=""top""><IMG src=""http://image.rakuten.co.jp/aoi-depart/cabinet/00377084/imgrc0065158543.gif"" border=""0"" width=""270"" height=""80""><BR>
      <FONT size=""1"">アメコミの中でもスパイダーマンはダントツ人気！<BR>
      ポスターやコスチューム、ストラップなどなどグッズも大量！<BR>
      お部屋に飾ればカッコイイ　ヒーロコミックの世界に！</FONT><BR>
      <BR>
      </TD>
    </TR>
  </TBODY>
</TABLE>

<TABLE width=""560"">
  <TBODY>
    <TR>
      <TD><IMG src=""http://image.rakuten.co.jp/aoi-depart/cabinet/00377084/img57529064.gif"" width=""186"" height=""70"" border=""0""><BR>
      <FONT size=""-2"" color=""#ff8000"">▼タオル特集！柔らか～！かわいい～！<BR>
      自分流でお気に入りをどうぞ♪</FONT></TD>
      <TD><IMG src=""http://image.rakuten.co.jp/aoi-depart/cabinet/00377084/img57529063.gif"" width=""186"" height=""70"" border=""0""><BR>
      <FONT size=""-2"" color=""#ff8000"">▼健康な美しさを追求♪でもでも毎日使うものだからこそかわいいデザインのものを♪</FONT></TD>
      <TD><IMG src=""http://image.rakuten.co.jp/aoi-depart/cabinet/00377084/img57529065.gif"" width=""186"" height=""70"" border=""0""><BR>
      <FONT size=""-2"" color=""#ff8000"">▼お風呂グッズ特集♪こだわりタオルから便利バス用品まで選りすぐって取り揃えました♪</FONT></TD>
    </TR>
  </TBODY>
</TABLE>

<TABLE width=""560"" height=""120"" bgcolor=""#ffffff"" cellpadding=""0"" cellspacing=""1"">
  <TBODY>
    <TR>
      <TD bgcolor=""#ffffff"" align=""center"" valign=""top""><IMG src=""http://image.rakuten.co.jp/aoi-depart/cabinet/00377084/img57844237.gif"" width=""270"" height=""72"" border=""0""><BR>
      <FONT size=""-2"" color=""#666666"">■生活雑貨勢揃い！1000アイテムの中からお気に入りをどうぞ！■</FONT></TD>
      <TD bgcolor=""#ffffff"" align=""center"" valign=""middle""><IMG src=""http://image.rakuten.co.jp/aoi-depart/cabinet/00377082/img57733851.gif"" width=""270"" height=""103"" border=""0""><BR>
      <FONT size=""-2"" color=""#666666"">■AOIデパートのコスチューム♪新商品がいっぱい♪</FONT></TD>
    </TR>
  </TBODY>
</TABLE>",【アメリカン雑貨】【LED LETTER】LEDレター【特殊文字】【看板】【電飾】【文字】【アルファベット】【雑貨】【アメリカ雑貨】【アメリカ】【USA】【かわいい】【おしゃれ】LEDの文字看板がすぐに出来上がります 3色に色彩変換も可能 お店の名前や電話番号を作っちゃおう：ＡＯＩデパート,雑貨スポンジボブイルミネーションケアベアラットフィンク時計ハッピーツリーフレンズディズニー【アメリカン雑貨】【LED LETTER】LEDレター【特殊文字】【看板】【電飾】【文字】【アルファベット】【雑貨】【アメリカ雑貨】【アメリカ】【USA】【かわいい】【おしゃれ】LEDの文字看板がすぐに出来上がります 3色に色彩変換も可能 お店の名前や電話番号を作っちゃおう,【アメリカン雑貨】【LED LETTER】LEDレター【特殊文字】。【アメリカン雑貨】【LED LETTER】LEDレター【特殊文字】【看板】【電飾】【文字】【アルファベット】【雑貨】【アメリカ雑貨】【アメリカ】【USA】【かわいい】【おしゃれ】LEDの文字看板がすぐに出来上がります 3色に色彩変換も可能 お店の名前や電話番号を作っちゃおう[rn]
2-8646,http://tshop.r10s.jp/aoi-depart/cabinet/13zak-1/13zak190-1.gif?fitin=700:700,4176.0000,,日用品雑貨・文房具・手芸 > 日用品・生活雑貨 > その他,【アメリカ製】【TRAFFIC SIGN】ハイウェイサインボード【BIKE】【高速】【看板】【米国交通局】【雑貨】【アメリカン雑貨】【アメリカ雑貨】【アメリカ】【USA】【かわいい】【おしゃれ】MADE IN U.S.A 実際にアメリカの道路で使用 オフィシャルの看板,【アメリカ製】【TRAFFIC SIGN】ハイウェイサインボード,"■説明■<br>
【アメリカ製】【TRAFFIC SIGN】<br>
ハイウェイサインボード【BIKE】<br>
【高速】【看板】【米国交通局】【雑貨】<br>
【アメリカン雑貨】【アメリカ雑貨】<br>
【アメリカ】【USA】【かわいい】【おしゃれ】<br>
MADE IN U.S.A<br>
実際にアメリカの道路で使用されている!<br>
オフィシャルの看板♪<br>
定番のアメリカン雑貨や！<br>
珍しいグッズを多数揃えました♪<br>
お気に入りのアイテムで楽しい空間を演出♪<br>
【大人気】【かわいい雑貨】【新作】<br>
【2.980円以上送料無料】【人気商品】【生活】<br>
【大人気】【大大人気】【雑貨】【日用品】【POP】<br>
【日本】【2015年】【グッズ】【ファンシー】<br>
【人気商品】【大人気】【アメリカ雑貨】<br>
【かわいい】【おしゃれ】【生活雑貨】【AOI】<br>
【アメリカ】【BAR】【インテリア雑貨】<br>
【USA】【アメリカン】【アメリカン雑貨】<br>
■サイズ・仕様■<br>
◆サイズ：約460×300mm<br>
◆素　材：アルミニウム<br>
●AOIデパートはアメリカン雑貨が勢揃い！！●<br>
アメリカン雑貨が豊富です！<br>
(*゜▽゜)/品揃えに自信アリ♪<br>
カラフルなグッズで毎日の生活を楽しんでください！<br>
■当商品について■<br>
＊在庫状況により入荷待ち・<br>
欠品になる場合がございます。<br>
予めご了承下さいますようお願いいたします。<br><TABLE cellspacing=""1"" bgcolor=""#cdcd9a"" cellpadding=""10"">
  <TBODY>
    <TR>
      <TD bgcolor=""#ffffff"" height=""61""><IMG src=""http://image.rakuten.co.jp/aoi-depart/cabinet/souryou.jpg"" width=""505"" height=""52"" border=""0""><br>
      <font size=""2"">沖縄県の場合は、8,000円以上で送料無料となります。</font><FONT size=""1"">（8,000円以下の場合はご注文後に送料が加算されます。）</FONT></TD>
    </TR>
  </TBODY>
</TABLE>
<B><FONT size=""2""><FONT size=""2""><BR>
<FONT size=""2"">★　最終価格！　ソーラー　LEDクリスタルキングトナカイ　ホワイト（白）　★</FONT></FONT><BR>
<BR>
<FONT size=""2"">★　最終価格！　ソーラー　LEDクリスタルキングトナカイ　ブルー（青）　★</FONT></FONT></B><br><br>
<TABLE width=""560"">
  <TBODY>
    <TR>
      <TD valign=""top"" align=""center""><IMG src=""http://image.rakuten.co.jp/aoi-depart/cabinet/00377082/img56929916.gif"" width=""130"" height=""88"" border=""0""><BR>
      <FONT size=""-2"" color=""#999900"">&gt;人気の缶バッジ（バッチ）<BR>
      特集！200アイテム！</FONT></TD>
      <TD valign=""top"" align=""center""><IMG src=""http://image.rakuten.co.jp/aoi-depart/cabinet/00377082/img56929917.gif"" width=""130"" height=""88"" border=""0""><BR>
      <FONT size=""-2"" color=""#999900"">&gt;インテリア用のポスター！<BR>
      特集！200アイテム！</FONT></TD>
      <TD valign=""top"" align=""center""><IMG src=""http://image.rakuten.co.jp/aoi-depart/cabinet/00377082/img56929918.gif"" width=""130"" height=""89"" border=""0""><BR>
      <FONT size=""-2"" color=""#999900"">&gt;人気キャラ！キーホルダー<BR>
      特集！300アイテム！</FONT></TD>
      <TD valign=""top"" align=""center""><IMG src=""http://image.rakuten.co.jp/aoi-depart/cabinet/00377082/img56929919.gif"" width=""130"" height=""89"" border=""0""><BR>
      <FONT size=""-2"" color=""#999900"">&gt;やっぱりワッペン！<BR>
      特集！200アイテム！</FONT></TD>
    </TR>
  </TBODY>
</TABLE>




<P><IMG src=""http://image.rakuten.co.jp/aoi-depart/cabinet/img58891052.gif"" border=""0"" width=""560"" height=""94""><BR>
<FONT color=""#000000"" size=""1"">大人気！くろねこ雑貨、新商品続々入荷中！黒猫キッチン用品、バス用品、おしゃれ雑貨、黒猫インテリア</FONT></P>
<TABLE width=""560"" cellpadding=""0"" cellspacing=""0"">
  <TBODY valign=""top"">
    <TR>
      <TD valign=""top""><IMG src=""http://image.rakuten.co.jp/aoi-depart/cabinet/00377084/imgrc0065158542.gif"" border=""0"" width=""270"" height=""80""><BR>
      <FONT size=""1"">クレヨンしんちゃんグッズ続々入荷中！<BR>
      新学期はしんちゃんのランチグッズやペンケースで決まり！<BR>
      新生活も応援！クッションやタオル、グラスも豊富♪<BR>
      <BR>
      </FONT></TD>
      <TD valign=""top""><IMG src=""http://image.rakuten.co.jp/aoi-depart/cabinet/00377084/imgrc0065158540.gif"" border=""0"" width=""270"" height=""80""><BR>
      <FONT size=""1"">ピンクやレッドがキュートなキティやマイメロ♪<BR>
      サンリオのステップやコロコロクリーナーが売れてます！<BR>
      メラミンカップやグラス、おもちゃ箱も♪プレゼントやギフトにも♪</FONT><BR>
      <BR>
      </TD>
    </TR>
  </TBODY>
</TABLE>
<TABLE width=""560"" cellpadding=""0"" cellspacing=""0"">
  <TBODY valign=""top"">
    <TR>
      <TD valign=""top""><IMG src=""http://image.rakuten.co.jp/aoi-depart/cabinet/00377084/imgrc0065158539.gif"" border=""0"" width=""270"" height=""80""><BR>
      <FONT size=""1"">ベビータオルやベビーギフトならアナノカフェ♪安心の日本製です。<BR>
      ほわほわ～の柔らか素材がお肌にも優しい。<BR>
      内祝やご出産祝にも最適！スタイや肌着の種類も豊富！</FONT><BR>
      <BR>
      </TD>
      <TD valign=""top""><IMG src=""http://image.rakuten.co.jp/aoi-depart/cabinet/00377084/imgrc0065158538.gif"" border=""0"" width=""270"" height=""80""><BR>
      <FONT size=""1"">キュートでポップな亜土ちゃんのグッズでラブリーな生活を♪<BR>
      クッションや食器、ブリキケースもすっごくカワイイ♪<BR>
      お花★ハート★キッス　が合言葉♪！</FONT></TD>
    </TR>
  </TBODY>
</TABLE>
<TABLE width=""560"" cellpadding=""0"" cellspacing=""0"">
  <TBODY valign=""top"">
    <TR>
      <TD valign=""top""><IMG src=""http://image.rakuten.co.jp/aoi-depart/cabinet/00377084/imgrc0065158541.gif"" border=""0"" width=""270"" height=""80""><BR>
      <FONT size=""1"">やっぱり定番！ず～っと人気が止まらないっ！<BR>
      クッションやティッシュカバー、フリーケースで周りをボブイエロー<BR>
      に染めちゃえ！超ビッグなメガデカクッションは要チェック！</FONT><BR>
      <BR>
      </TD>
      <TD valign=""top""><IMG src=""http://image.rakuten.co.jp/aoi-depart/cabinet/00377084/imgrc0065158543.gif"" border=""0"" width=""270"" height=""80""><BR>
      <FONT size=""1"">アメコミの中でもスパイダーマンはダントツ人気！<BR>
      ポスターやコスチューム、ストラップなどなどグッズも大量！<BR>
      お部屋に飾ればカッコイイ　ヒーロコミックの世界に！</FONT><BR>
      <BR>
      </TD>
    </TR>
  </TBODY>
</TABLE>

<TABLE width=""560"">
  <TBODY>
    <TR>
      <TD><IMG src=""http://image.rakuten.co.jp/aoi-depart/cabinet/00377084/img57529064.gif"" width=""186"" height=""70"" border=""0""><BR>
      <FONT size=""-2"" color=""#ff8000"">▼タオル特集！柔らか～！かわいい～！<BR>
      自分流でお気に入りをどうぞ♪</FONT></TD>
      <TD><IMG src=""http://image.rakuten.co.jp/aoi-depart/cabinet/00377084/img57529063.gif"" width=""186"" height=""70"" border=""0""><BR>
      <FONT size=""-2"" color=""#ff8000"">▼健康な美しさを追求♪でもでも毎日使うものだからこそかわいいデザインのものを♪</FONT></TD>
      <TD><IMG src=""http://image.rakuten.co.jp/aoi-depart/cabinet/00377084/img57529065.gif"" width=""186"" height=""70"" border=""0""><BR>
      <FONT size=""-2"" color=""#ff8000"">▼お風呂グッズ特集♪こだわりタオルから便利バス用品まで選りすぐって取り揃えました♪</FONT></TD>
    </TR>
  </TBODY>
</TABLE>

<TABLE width=""560"" height=""120"" bgcolor=""#ffffff"" cellpadding=""0"" cellspacing=""1"">
  <TBODY>
    <TR>
      <TD bgcolor=""#ffffff"" align=""center"" valign=""top""><IMG src=""http://image.rakuten.co.jp/aoi-depart/cabinet/00377084/img57844237.gif"" width=""270"" height=""72"" border=""0""><BR>
      <FONT size=""-2"" color=""#666666"">■生活雑貨勢揃い！1000アイテムの中からお気に入りをどうぞ！■</FONT></TD>
      <TD bgcolor=""#ffffff"" align=""center"" valign=""middle""><IMG src=""http://image.rakuten.co.jp/aoi-depart/cabinet/00377082/img57733851.gif"" width=""270"" height=""103"" border=""0""><BR>
      <FONT size=""-2"" color=""#666666"">■AOIデパートのコスチューム♪新商品がいっぱい♪</FONT></TD>
    </TR>
  </TBODY>
</TABLE>",【アメリカ製】【TRAFFIC SIGN】ハイウェイサインボード【BIKE】【高速】【看板】【米国交通局】【雑貨】【アメリカン雑貨】【アメリカ雑貨】【アメリカ】【USA】【かわいい】【おしゃれ】MADE IN U.S.A 実際にアメリカの道路で使用 オフィシャルの看板：ＡＯＩデパート,雑貨スポンジボブイルミネーションケアベアラットフィンク時計ハッピーツリーフレンズディズニー【アメリカ製】【TRAFFIC SIGN】ハイウェイサインボード【BIKE】【高速】【看板】【米国交通局】【雑貨】【アメリカン雑貨】【アメリカ雑貨】【アメリカ】【USA】【かわいい】【おしゃれ】MADE IN U.S.A 実際にアメリカの道路で使用 オフィシャルの看板,【アメリカ製】【TRAFFIC SIGN】ハイウェイサインボード。【アメリカ製】【TRAFFIC SIGN】ハイウェイサインボード【BIKE】【高速】【看板】【米国交通局】【雑貨】【アメリカン雑貨】【アメリカ雑貨】【アメリカ】【USA】【かわいい】【おしゃれ】MADE IN U.S.A 実際にアメリカの道路で使用 オフィシャルの看板[rn]
2-8647,http://tshop.r10s.jp/aoi-depart/cabinet/19zak-1/19zak217-1.gif?fitin=700:700,5616.0000,,日用品雑貨・文房具・手芸 > 日用品・生活雑貨 > その他,【アメリカ製】【STREET SIGN】ストリートサインボード【VENICE】【高速】【看板】【米国交通局】【雑貨】【アメリカン雑貨】【アメリカ雑貨】【アメリカ】【USA】【かわいい】【おしゃれ】,【アメリカ製】【STREET SIGN】ストリートサインボード,"■説明■<br>
【アメリカ製】【STREET SIGN】<br>
ストリートサインボード【VENICE】【高速】<br>
【看板】【米国交通局】【雑貨】<br>
【アメリカン雑貨】【アメリカ雑貨】<br>
【アメリカ】【USA】【かわいい】【おしゃれ】<br>
実際にアメリカで使用されているオフィシャル看板。
<br>ガレージやショップのディスプレイにも最適です<br> 
実際にアメリカの道路で使用されている!<br>
オフィシャルの看板♪<br>
定番のアメリカン雑貨や！<br>
珍しいグッズを多数揃えました♪<br>
お気に入りのアイテムで楽しい空間を演出♪<br>
【大人気】【アメリカン雑貨】【新作】【POP】<br>
【3.980円以上送料無料】【人気商品】【生活】<br>
【大人気】【大大人気】【雑貨】【日用品】<br>
【日本】【グッズ】【ファンシー】【人気商品】<br>
【アメリカ雑貨】【かわいい】【おしゃれ】<br>
【生活雑貨】【AOI】【アメリカ】【BAR】<br>
【インテリア雑貨】【USA】【アメリカン】<br>
■サイズ・仕様■<br>
◆サイズ：H130×610mm<br>
◆素　材：アルミニウム<br>
◆MADE IN U.S.A<br>
●AOIデパートはアメリカン雑貨が勢揃い！！●<br>
アメリカン雑貨が豊富です！<br>
(*゜▽゜)/品揃えに自信アリ♪<br>
カラフルなグッズで毎日の生活を楽しんでください！<br>
■当商品について■<br>
＊在庫状況により入荷待ち・<br>
欠品になる場合がございます。<br>
予めご了承下さいますようお願いいたします。<br><TABLE cellspacing=""1"" bgcolor=""#cdcd9a"" cellpadding=""10"">
  <TBODY>
    <TR>
      <TD bgcolor=""#ffffff"" height=""61""><IMG src=""http://image.rakuten.co.jp/aoi-depart/cabinet/souryou.jpg"" width=""505"" height=""52"" border=""0""><br>
      <font size=""2"">沖縄県の場合は、8,000円以上で送料無料となります。</font><FONT size=""1"">（8,000円以下の場合はご注文後に送料が加算されます。）</FONT></TD>
    </TR>
  </TBODY>
</TABLE>
<B><FONT size=""2""><FONT size=""2""><BR>
<FONT size=""2"">★　最終価格！　ソーラー　LEDクリスタルキングトナカイ　ホワイト（白）　★</FONT></FONT><BR>
<BR>
<FONT size=""2"">★　最終価格！　ソーラー　LEDクリスタルキングトナカイ　ブルー（青）　★</FONT></FONT></B><br><br>
<TABLE width=""560"">
  <TBODY>
    <TR>
      <TD valign=""top"" align=""center""><IMG src=""http://image.rakuten.co.jp/aoi-depart/cabinet/00377082/img56929916.gif"" width=""130"" height=""88"" border=""0""><BR>
      <FONT size=""-2"" color=""#999900"">&gt;人気の缶バッジ（バッチ）<BR>
      特集！200アイテム！</FONT></TD>
      <TD valign=""top"" align=""center""><IMG src=""http://image.rakuten.co.jp/aoi-depart/cabinet/00377082/img56929917.gif"" width=""130"" height=""88"" border=""0""><BR>
      <FONT size=""-2"" color=""#999900"">&gt;インテリア用のポスター！<BR>
      特集！200アイテム！</FONT></TD>
      <TD valign=""top"" align=""center""><IMG src=""http://image.rakuten.co.jp/aoi-depart/cabinet/00377082/img56929918.gif"" width=""130"" height=""89"" border=""0""><BR>
      <FONT size=""-2"" color=""#999900"">&gt;人気キャラ！キーホルダー<BR>
      特集！300アイテム！</FONT></TD>
      <TD valign=""top"" align=""center""><IMG src=""http://image.rakuten.co.jp/aoi-depart/cabinet/00377082/img56929919.gif"" width=""130"" height=""89"" border=""0""><BR>
      <FONT size=""-2"" color=""#999900"">&gt;やっぱりワッペン！<BR>
      特集！200アイテム！</FONT></TD>
    </TR>
  </TBODY>
</TABLE>




<P><IMG src=""http://image.rakuten.co.jp/aoi-depart/cabinet/img58891052.gif"" border=""0"" width=""560"" height=""94""><BR>
<FONT color=""#000000"" size=""1"">大人気！くろねこ雑貨、新商品続々入荷中！黒猫キッチン用品、バス用品、おしゃれ雑貨、黒猫インテリア</FONT></P>
<TABLE width=""560"" cellpadding=""0"" cellspacing=""0"">
  <TBODY valign=""top"">
    <TR>
      <TD valign=""top""><IMG src=""http://image.rakuten.co.jp/aoi-depart/cabinet/00377084/imgrc0065158542.gif"" border=""0"" width=""270"" height=""80""><BR>
      <FONT size=""1"">クレヨンしんちゃんグッズ続々入荷中！<BR>
      新学期はしんちゃんのランチグッズやペンケースで決まり！<BR>
      新生活も応援！クッションやタオル、グラスも豊富♪<BR>
      <BR>
      </FONT></TD>
      <TD valign=""top""><IMG src=""http://image.rakuten.co.jp/aoi-depart/cabinet/00377084/imgrc0065158540.gif"" border=""0"" width=""270"" height=""80""><BR>
      <FONT size=""1"">ピンクやレッドがキュートなキティやマイメロ♪<BR>
      サンリオのステップやコロコロクリーナーが売れてます！<BR>
      メラミンカップやグラス、おもちゃ箱も♪プレゼントやギフトにも♪</FONT><BR>
      <BR>
      </TD>
    </TR>
  </TBODY>
</TABLE>
<TABLE width=""560"" cellpadding=""0"" cellspacing=""0"">
  <TBODY valign=""top"">
    <TR>
      <TD valign=""top""><IMG src=""http://image.rakuten.co.jp/aoi-depart/cabinet/00377084/imgrc0065158539.gif"" border=""0"" width=""270"" height=""80""><BR>
      <FONT size=""1"">ベビータオルやベビーギフトならアナノカフェ♪安心の日本製です。<BR>
      ほわほわ～の柔らか素材がお肌にも優しい。<BR>
      内祝やご出産祝にも最適！スタイや肌着の種類も豊富！</FONT><BR>
      <BR>
      </TD>
      <TD valign=""top""><IMG src=""http://image.rakuten.co.jp/aoi-depart/cabinet/00377084/imgrc0065158538.gif"" border=""0"" width=""270"" height=""80""><BR>
      <FONT size=""1"">キュートでポップな亜土ちゃんのグッズでラブリーな生活を♪<BR>
      クッションや食器、ブリキケースもすっごくカワイイ♪<BR>
      お花★ハート★キッス　が合言葉♪！</FONT></TD>
    </TR>
  </TBODY>
</TABLE>
<TABLE width=""560"" cellpadding=""0"" cellspacing=""0"">
  <TBODY valign=""top"">
    <TR>
      <TD valign=""top""><IMG src=""http://image.rakuten.co.jp/aoi-depart/cabinet/00377084/imgrc0065158541.gif"" border=""0"" width=""270"" height=""80""><BR>
      <FONT size=""1"">やっぱり定番！ず～っと人気が止まらないっ！<BR>
      クッションやティッシュカバー、フリーケースで周りをボブイエロー<BR>
      に染めちゃえ！超ビッグなメガデカクッションは要チェック！</FONT><BR>
      <BR>
      </TD>
      <TD valign=""top""><IMG src=""http://image.rakuten.co.jp/aoi-depart/cabinet/00377084/imgrc0065158543.gif"" border=""0"" width=""270"" height=""80""><BR>
      <FONT size=""1"">アメコミの中でもスパイダーマンはダントツ人気！<BR>
      ポスターやコスチューム、ストラップなどなどグッズも大量！<BR>
      お部屋に飾ればカッコイイ　ヒーロコミックの世界に！</FONT><BR>
      <BR>
      </TD>
    </TR>
  </TBODY>
</TABLE>

<TABLE width=""560"">
  <TBODY>
    <TR>
      <TD><IMG src=""http://image.rakuten.co.jp/aoi-depart/cabinet/00377084/img57529064.gif"" width=""186"" height=""70"" border=""0""><BR>
      <FONT size=""-2"" color=""#ff8000"">▼タオル特集！柔らか～！かわいい～！<BR>
      自分流でお気に入りをどうぞ♪</FONT></TD>
      <TD><IMG src=""http://image.rakuten.co.jp/aoi-depart/cabinet/00377084/img57529063.gif"" width=""186"" height=""70"" border=""0""><BR>
      <FONT size=""-2"" color=""#ff8000"">▼健康な美しさを追求♪でもでも毎日使うものだからこそかわいいデザインのものを♪</FONT></TD>
      <TD><IMG src=""http://image.rakuten.co.jp/aoi-depart/cabinet/00377084/img57529065.gif"" width=""186"" height=""70"" border=""0""><BR>
      <FONT size=""-2"" color=""#ff8000"">▼お風呂グッズ特集♪こだわりタオルから便利バス用品まで選りすぐって取り揃えました♪</FONT></TD>
    </TR>
  </TBODY>
</TABLE>

<TABLE width=""560"" height=""120"" bgcolor=""#ffffff"" cellpadding=""0"" cellspacing=""1"">
  <TBODY>
    <TR>
      <TD bgcolor=""#ffffff"" align=""center"" valign=""top""><IMG src=""http://image.rakuten.co.jp/aoi-depart/cabinet/00377084/img57844237.gif"" width=""270"" height=""72"" border=""0""><BR>
      <FONT size=""-2"" color=""#666666"">■生活雑貨勢揃い！1000アイテムの中からお気に入りをどうぞ！■</FONT></TD>
      <TD bgcolor=""#ffffff"" align=""center"" valign=""middle""><IMG src=""http://image.rakuten.co.jp/aoi-depart/cabinet/00377082/img57733851.gif"" width=""270"" height=""103"" border=""0""><BR>
      <FONT size=""-2"" color=""#666666"">■AOIデパートのコスチューム♪新商品がいっぱい♪</FONT></TD>
    </TR>
  </TBODY>
</TABLE>",【アメリカ製】【STREET SIGN】ストリートサインボード【VENICE】【高速】【看板】【米国交通局】【雑貨】【アメリカン雑貨】【アメリカ雑貨】【アメリカ】【USA】【かわいい】【おしゃれ】：ＡＯＩデパート,雑貨スポンジボブイルミネーションケアベアラットフィンク時計ハッピーツリーフレンズディズニー【アメリカ製】【STREET SIGN】ストリートサインボード【VENICE】【高速】【看板】【米国交通局】【雑貨】【アメリカン雑貨】【アメリカ雑貨】【アメリカ】【USA】【かわいい】【おしゃれ】,【アメリカ製】【STREET SIGN】ストリートサインボード。【アメリカ製】【STREET SIGN】ストリートサインボード【VENICE】【高速】【看板】【米国交通局】【雑貨】【アメリカン雑貨】【アメリカ雑貨】【アメリカ】【USA】【かわいい】【おしゃれ】[rn]
2-8648,http://tshop.r10s.jp/aoi-depart/cabinet/19zak-1/19zak101-1.gif?fitin=700:700,1368.0000,,日用品雑貨・文房具・手芸 > 日用品・生活雑貨 > その他,【アメリカン雑貨】【MERCURY】ティッシュケース【イエロー】【ティッシュ入れ】【ティッシュボックス】【マーキュリー】【雑貨】【アメリカ雑貨】【アメリカ】【USA】【かわいい】【おしゃれ】,【アメリカン雑貨】【MERCURY】ティッシュケース【イエロー】,"■説明■<br>
【アメリカン雑貨】【MERCURY】<br>
ティッシュケース【イエロー】<br>
【ティッシュ入れ】<br>
【ティッシュボックス】【マーキュリー】<br>
【雑貨】【アメリカ雑貨】【アメリカ】<br>
【USA】【かわいい】【おしゃれ】<br>
あのMERCURY(マーキュリー)商品が復活しました！<br>
アメリカン雑貨の定番「MERCURY」<br>
Heavy-Dutyな作りのブリキティッシュケースです。<br>
シンプルなデザインでお部屋の雰囲気を<br>
崩さずお使いいただけます。<br>
ステッカーなど貼って<br>
カスタマイズするのもGOODです！！<br>
定番のアメリカン雑貨や！<br>
珍しいグッズを多数揃えました♪<br>
お気に入りのアイテムで楽しい空間を演出♪<br>
【大人気】【アメリカン雑貨】【新作】【POP】<br>
【3.980円以上送料無料】【人気商品】【生活】<br>
【大人気】【大大人気】【雑貨】【日用品】<br>
【日本】【グッズ】【ファンシー】【人気商品】<br>
【アメリカ雑貨】【かわいい】【おしゃれ】<br>
【生活雑貨】【AOI】【アメリカ】【BAR】<br>
【インテリア雑貨】【USA】【アメリカン】<br>
■サイズ・仕様■<br>
◆サイズ：W25.5×H25×D7.3cm<br>
◆素　材：ブリキ<br>
●AOIデパートはアメリカン雑貨が勢揃い！！●<br>
アメリカン雑貨が豊富です！<br>
(*゜▽゜)/品揃えに自信アリ♪<br>
カラフルなグッズで毎日の生活を楽しんでください！<br>
■当商品について■<br>
＊在庫状況により入荷待ち・<br>
欠品になる場合がございます。<br>
予めご了承下さいますようお願いいたします。<br><TABLE cellspacing=""1"" bgcolor=""#cdcd9a"" cellpadding=""10"">
  <TBODY>
    <TR>
      <TD bgcolor=""#ffffff"" height=""61""><IMG src=""http://image.rakuten.co.jp/aoi-depart/cabinet/souryou.jpg"" width=""505"" height=""52"" border=""0""><br>
      <font size=""2"">沖縄県の場合は、8,000円以上で送料無料となります。</font><FONT size=""1"">（8,000円以下の場合はご注文後に送料が加算されます。）</FONT></TD>
    </TR>
  </TBODY>
</TABLE>
<B><FONT size=""2""><FONT size=""2""><BR>
<FONT size=""2"">★　最終価格！　ソーラー　LEDクリスタルキングトナカイ　ホワイト（白）　★</FONT></FONT><BR>
<BR>
<FONT size=""2"">★　最終価格！　ソーラー　LEDクリスタルキングトナカイ　ブルー（青）　★</FONT></FONT></B><br><br>
<TABLE width=""560"">
  <TBODY>
    <TR>
      <TD valign=""top"" align=""center""><IMG src=""http://image.rakuten.co.jp/aoi-depart/cabinet/00377082/img56929916.gif"" width=""130"" height=""88"" border=""0""><BR>
      <FONT size=""-2"" color=""#999900"">&gt;人気の缶バッジ（バッチ）<BR>
      特集！200アイテム！</FONT></TD>
      <TD valign=""top"" align=""center""><IMG src=""http://image.rakuten.co.jp/aoi-depart/cabinet/00377082/img56929917.gif"" width=""130"" height=""88"" border=""0""><BR>
      <FONT size=""-2"" color=""#999900"">&gt;インテリア用のポスター！<BR>
      特集！200アイテム！</FONT></TD>
      <TD valign=""top"" align=""center""><IMG src=""http://image.rakuten.co.jp/aoi-depart/cabinet/00377082/img56929918.gif"" width=""130"" height=""89"" border=""0""><BR>
      <FONT size=""-2"" color=""#999900"">&gt;人気キャラ！キーホルダー<BR>
      特集！300アイテム！</FONT></TD>
      <TD valign=""top"" align=""center""><IMG src=""http://image.rakuten.co.jp/aoi-depart/cabinet/00377082/img56929919.gif"" width=""130"" height=""89"" border=""0""><BR>
      <FONT size=""-2"" color=""#999900"">&gt;やっぱりワッペン！<BR>
      特集！200アイテム！</FONT></TD>
    </TR>
  </TBODY>
</TABLE>




<P><IMG src=""http://image.rakuten.co.jp/aoi-depart/cabinet/img58891052.gif"" border=""0"" width=""560"" height=""94""><BR>
<FONT color=""#000000"" size=""1"">大人気！くろねこ雑貨、新商品続々入荷中！黒猫キッチン用品、バス用品、おしゃれ雑貨、黒猫インテリア</FONT></P>
<TABLE width=""560"" cellpadding=""0"" cellspacing=""0"">
  <TBODY valign=""top"">
    <TR>
      <TD valign=""top""><IMG src=""http://image.rakuten.co.jp/aoi-depart/cabinet/00377084/imgrc0065158542.gif"" border=""0"" width=""270"" height=""80""><BR>
      <FONT size=""1"">クレヨンしんちゃんグッズ続々入荷中！<BR>
      新学期はしんちゃんのランチグッズやペンケースで決まり！<BR>
      新生活も応援！クッションやタオル、グラスも豊富♪<BR>
      <BR>
      </FONT></TD>
      <TD valign=""top""><IMG src=""http://image.rakuten.co.jp/aoi-depart/cabinet/00377084/imgrc0065158540.gif"" border=""0"" width=""270"" height=""80""><BR>
      <FONT size=""1"">ピンクやレッドがキュートなキティやマイメロ♪<BR>
      サンリオのステップやコロコロクリーナーが売れてます！<BR>
      メラミンカップやグラス、おもちゃ箱も♪プレゼントやギフトにも♪</FONT><BR>
      <BR>
      </TD>
    </TR>
  </TBODY>
</TABLE>
<TABLE width=""560"" cellpadding=""0"" cellspacing=""0"">
  <TBODY valign=""top"">
    <TR>
      <TD valign=""top""><IMG src=""http://image.rakuten.co.jp/aoi-depart/cabinet/00377084/imgrc0065158539.gif"" border=""0"" width=""270"" height=""80""><BR>
      <FONT size=""1"">ベビータオルやベビーギフトならアナノカフェ♪安心の日本製です。<BR>
      ほわほわ～の柔らか素材がお肌にも優しい。<BR>
      内祝やご出産祝にも最適！スタイや肌着の種類も豊富！</FONT><BR>
      <BR>
      </TD>
      <TD valign=""top""><IMG src=""http://image.rakuten.co.jp/aoi-depart/cabinet/00377084/imgrc0065158538.gif"" border=""0"" width=""270"" height=""80""><BR>
      <FONT size=""1"">キュートでポップな亜土ちゃんのグッズでラブリーな生活を♪<BR>
      クッションや食器、ブリキケースもすっごくカワイイ♪<BR>
      お花★ハート★キッス　が合言葉♪！</FONT></TD>
    </TR>
  </TBODY>
</TABLE>
<TABLE width=""560"" cellpadding=""0"" cellspacing=""0"">
  <TBODY valign=""top"">
    <TR>
      <TD valign=""top""><IMG src=""http://image.rakuten.co.jp/aoi-depart/cabinet/00377084/imgrc0065158541.gif"" border=""0"" width=""270"" height=""80""><BR>
      <FONT size=""1"">やっぱり定番！ず～っと人気が止まらないっ！<BR>
      クッションやティッシュカバー、フリーケースで周りをボブイエロー<BR>
      に染めちゃえ！超ビッグなメガデカクッションは要チェック！</FONT><BR>
      <BR>
      </TD>
      <TD valign=""top""><IMG src=""http://image.rakuten.co.jp/aoi-depart/cabinet/00377084/imgrc0065158543.gif"" border=""0"" width=""270"" height=""80""><BR>
      <FONT size=""1"">アメコミの中でもスパイダーマンはダントツ人気！<BR>
      ポスターやコスチューム、ストラップなどなどグッズも大量！<BR>
      お部屋に飾ればカッコイイ　ヒーロコミックの世界に！</FONT><BR>
      <BR>
      </TD>
    </TR>
  </TBODY>
</TABLE>

<TABLE width=""560"">
  <TBODY>
    <TR>
      <TD><IMG src=""http://image.rakuten.co.jp/aoi-depart/cabinet/00377084/img57529064.gif"" width=""186"" height=""70"" border=""0""><BR>
      <FONT size=""-2"" color=""#ff8000"">▼タオル特集！柔らか～！かわいい～！<BR>
      自分流でお気に入りをどうぞ♪</FONT></TD>
      <TD><IMG src=""http://image.rakuten.co.jp/aoi-depart/cabinet/00377084/img57529063.gif"" width=""186"" height=""70"" border=""0""><BR>
      <FONT size=""-2"" color=""#ff8000"">▼健康な美しさを追求♪でもでも毎日使うものだからこそかわいいデザインのものを♪</FONT></TD>
      <TD><IMG src=""http://image.rakuten.co.jp/aoi-depart/cabinet/00377084/img57529065.gif"" width=""186"" height=""70"" border=""0""><BR>
      <FONT size=""-2"" color=""#ff8000"">▼お風呂グッズ特集♪こだわりタオルから便利バス用品まで選りすぐって取り揃えました♪</FONT></TD>
    </TR>
  </TBODY>
</TABLE>

<TABLE width=""560"" height=""120"" bgcolor=""#ffffff"" cellpadding=""0"" cellspacing=""1"">
  <TBODY>
    <TR>
      <TD bgcolor=""#ffffff"" align=""center"" valign=""top""><IMG src=""http://image.rakuten.co.jp/aoi-depart/cabinet/00377084/img57844237.gif"" width=""270"" height=""72"" border=""0""><BR>
      <FONT size=""-2"" color=""#666666"">■生活雑貨勢揃い！1000アイテムの中からお気に入りをどうぞ！■</FONT></TD>
      <TD bgcolor=""#ffffff"" align=""center"" valign=""middle""><IMG src=""http://image.rakuten.co.jp/aoi-depart/cabinet/00377082/img57733851.gif"" width=""270"" height=""103"" border=""0""><BR>
      <FONT size=""-2"" color=""#666666"">■AOIデパートのコスチューム♪新商品がいっぱい♪</FONT></TD>
    </TR>
  </TBODY>
</TABLE>",【アメリカン雑貨】【MERCURY】ティッシュケース【イエロー】【ティッシュ入れ】【ティッシュボックス】【マーキュリー】【雑貨】【アメリカ雑貨】【アメリカ】【USA】【かわいい】【おしゃれ】：ＡＯＩデパート,雑貨スポンジボブイルミネーションケアベアラットフィンク時計ハッピーツリーフレンズディズニー【アメリカン雑貨】【MERCURY】ティッシュケース【イエロー】【ティッシュ入れ】【ティッシュボックス】【マーキュリー】【雑貨】【アメリカ雑貨】【アメリカ】【USA】【かわいい】【おしゃれ】,【アメリカン雑貨】【MERCURY】ティッシュケース【イエロー】。【アメリカン雑貨】【MERCURY】ティッシュケース【イエロー】【ティッシュ入れ】【ティッシュボックス】【マーキュリー】【雑貨】【アメリカ雑貨】【アメリカ】【USA】【かわいい】【おしゃれ】[rn]
2-8649,http://tshop.r10s.jp/aoi-depart/cabinet/01474709/01606296/img56935313.gif?fitin=700:700,168.0000,,日用品雑貨・文房具・手芸 > 日用品・生活雑貨 > その他,プレイモービル【PLAYMOBIL】人気の缶バッジを大量投入！服やバック・カバンなどをリメイクしちゃいましょう♪なつかしいキャラクターや海外のメーカー！お気に入りを見つけてください♪【缶】【バッチ】【バッジ】【2.980円以上送料無料】,プレイモービル【PLAYMOBIL】カンバッチ15,"■説明■<br>
プレイモービル【PLAYMOBIL】<br>
人気の缶バッジを大量投入！<br>
服やバック・カバンなどを<br>
リメイクしちゃいましょう♪<br>
なつかしいキャラクターや海外のメーカー！<br>
お気に入りを見つけてください♪<br>
【缶】【バッチ】【バッジ】<br>
■サイズ・仕様■<br>
H3cm<br><br>

■当商品について■<br>
＊在庫状況により<br>
入荷待ち・欠品になる場合がございます。<br>
予めご了承下さいますようお願いいたします。<br><TABLE cellspacing=""1"" bgcolor=""#cdcd9a"" cellpadding=""10"">
  <TBODY>
    <TR>
      <TD bgcolor=""#ffffff"" height=""61""><IMG src=""http://image.rakuten.co.jp/aoi-depart/cabinet/souryou.jpg"" width=""505"" height=""52"" border=""0""><br>
      <font size=""2"">沖縄県の場合は、8,000円以上で送料無料となります。</font><FONT size=""1"">（8,000円以下の場合はご注文後に送料が加算されます。）</FONT></TD>
    </TR>
  </TBODY>
</TABLE>
<B><FONT size=""2""><FONT size=""2""><BR>
<FONT size=""2"">★　最終価格！　ソーラー　LEDクリスタルキングトナカイ　ホワイト（白）　★</FONT></FONT><BR>
<BR>
<FONT size=""2"">★　最終価格！　ソーラー　LEDクリスタルキングトナカイ　ブルー（青）　★</FONT></FONT></B><br><br>
<TABLE width=""560"">
  <TBODY>
    <TR>
      <TD valign=""top"" align=""center""><IMG src=""http://image.rakuten.co.jp/aoi-depart/cabinet/00377082/img56929916.gif"" width=""130"" height=""88"" border=""0""><BR>
      <FONT size=""-2"" color=""#999900"">&gt;人気の缶バッジ（バッチ）<BR>
      特集！200アイテム！</FONT></TD>
      <TD valign=""top"" align=""center""><IMG src=""http://image.rakuten.co.jp/aoi-depart/cabinet/00377082/img56929917.gif"" width=""130"" height=""88"" border=""0""><BR>
      <FONT size=""-2"" color=""#999900"">&gt;インテリア用のポスター！<BR>
      特集！200アイテム！</FONT></TD>
      <TD valign=""top"" align=""center""><IMG src=""http://image.rakuten.co.jp/aoi-depart/cabinet/00377082/img56929918.gif"" width=""130"" height=""89"" border=""0""><BR>
      <FONT size=""-2"" color=""#999900"">&gt;人気キャラ！キーホルダー<BR>
      特集！300アイテム！</FONT></TD>
      <TD valign=""top"" align=""center""><IMG src=""http://image.rakuten.co.jp/aoi-depart/cabinet/00377082/img56929919.gif"" width=""130"" height=""89"" border=""0""><BR>
      <FONT size=""-2"" color=""#999900"">&gt;やっぱりワッペン！<BR>
      特集！200アイテム！</FONT></TD>
    </TR>
  </TBODY>
</TABLE>




<P><IMG src=""http://image.rakuten.co.jp/aoi-depart/cabinet/img58891052.gif"" border=""0"" width=""560"" height=""94""><BR>
<FONT color=""#000000"" size=""1"">大人気！くろねこ雑貨、新商品続々入荷中！黒猫キッチン用品、バス用品、おしゃれ雑貨、黒猫インテリア</FONT></P>
<TABLE width=""560"" cellpadding=""0"" cellspacing=""0"">
  <TBODY valign=""top"">
    <TR>
      <TD valign=""top""><IMG src=""http://image.rakuten.co.jp/aoi-depart/cabinet/00377084/imgrc0065158542.gif"" border=""0"" width=""270"" height=""80""><BR>
      <FONT size=""1"">クレヨンしんちゃんグッズ続々入荷中！<BR>
      新学期はしんちゃんのランチグッズやペンケースで決まり！<BR>
      新生活も応援！クッションやタオル、グラスも豊富♪<BR>
      <BR>
      </FONT></TD>
      <TD valign=""top""><IMG src=""http://image.rakuten.co.jp/aoi-depart/cabinet/00377084/imgrc0065158540.gif"" border=""0"" width=""270"" height=""80""><BR>
      <FONT size=""1"">ピンクやレッドがキュートなキティやマイメロ♪<BR>
      サンリオのステップやコロコロクリーナーが売れてます！<BR>
      メラミンカップやグラス、おもちゃ箱も♪プレゼントやギフトにも♪</FONT><BR>
      <BR>
      </TD>
    </TR>
  </TBODY>
</TABLE>
<TABLE width=""560"" cellpadding=""0"" cellspacing=""0"">
  <TBODY valign=""top"">
    <TR>
      <TD valign=""top""><IMG src=""http://image.rakuten.co.jp/aoi-depart/cabinet/00377084/imgrc0065158539.gif"" border=""0"" width=""270"" height=""80""><BR>
      <FONT size=""1"">ベビータオルやベビーギフトならアナノカフェ♪安心の日本製です。<BR>
      ほわほわ～の柔らか素材がお肌にも優しい。<BR>
      内祝やご出産祝にも最適！スタイや肌着の種類も豊富！</FONT><BR>
      <BR>
      </TD>
      <TD valign=""top""><IMG src=""http://image.rakuten.co.jp/aoi-depart/cabinet/00377084/imgrc0065158538.gif"" border=""0"" width=""270"" height=""80""><BR>
      <FONT size=""1"">キュートでポップな亜土ちゃんのグッズでラブリーな生活を♪<BR>
      クッションや食器、ブリキケースもすっごくカワイイ♪<BR>
      お花★ハート★キッス　が合言葉♪！</FONT></TD>
    </TR>
  </TBODY>
</TABLE>
<TABLE width=""560"" cellpadding=""0"" cellspacing=""0"">
  <TBODY valign=""top"">
    <TR>
      <TD valign=""top""><IMG src=""http://image.rakuten.co.jp/aoi-depart/cabinet/00377084/imgrc0065158541.gif"" border=""0"" width=""270"" height=""80""><BR>
      <FONT size=""1"">やっぱり定番！ず～っと人気が止まらないっ！<BR>
      クッションやティッシュカバー、フリーケースで周りをボブイエロー<BR>
      に染めちゃえ！超ビッグなメガデカクッションは要チェック！</FONT><BR>
      <BR>
      </TD>
      <TD valign=""top""><IMG src=""http://image.rakuten.co.jp/aoi-depart/cabinet/00377084/imgrc0065158543.gif"" border=""0"" width=""270"" height=""80""><BR>
      <FONT size=""1"">アメコミの中でもスパイダーマンはダントツ人気！<BR>
      ポスターやコスチューム、ストラップなどなどグッズも大量！<BR>
      お部屋に飾ればカッコイイ　ヒーロコミックの世界に！</FONT><BR>
      <BR>
      </TD>
    </TR>
  </TBODY>
</TABLE>

<TABLE width=""560"">
  <TBODY>
    <TR>
      <TD><IMG src=""http://image.rakuten.co.jp/aoi-depart/cabinet/00377084/img57529064.gif"" width=""186"" height=""70"" border=""0""><BR>
      <FONT size=""-2"" color=""#ff8000"">▼タオル特集！柔らか～！かわいい～！<BR>
      自分流でお気に入りをどうぞ♪</FONT></TD>
      <TD><IMG src=""http://image.rakuten.co.jp/aoi-depart/cabinet/00377084/img57529063.gif"" width=""186"" height=""70"" border=""0""><BR>
      <FONT size=""-2"" color=""#ff8000"">▼健康な美しさを追求♪でもでも毎日使うものだからこそかわいいデザインのものを♪</FONT></TD>
      <TD><IMG src=""http://image.rakuten.co.jp/aoi-depart/cabinet/00377084/img57529065.gif"" width=""186"" height=""70"" border=""0""><BR>
      <FONT size=""-2"" color=""#ff8000"">▼お風呂グッズ特集♪こだわりタオルから便利バス用品まで選りすぐって取り揃えました♪</FONT></TD>
    </TR>
  </TBODY>
</TABLE>

<TABLE width=""560"" height=""120"" bgcolor=""#ffffff"" cellpadding=""0"" cellspacing=""1"">
  <TBODY>
    <TR>
      <TD bgcolor=""#ffffff"" align=""center"" valign=""top""><IMG src=""http://image.rakuten.co.jp/aoi-depart/cabinet/00377084/img57844237.gif"" width=""270"" height=""72"" border=""0""><BR>
      <FONT size=""-2"" color=""#666666"">■生活雑貨勢揃い！1000アイテムの中からお気に入りをどうぞ！■</FONT></TD>
      <TD bgcolor=""#ffffff"" align=""center"" valign=""middle""><IMG src=""http://image.rakuten.co.jp/aoi-depart/cabinet/00377082/img57733851.gif"" width=""270"" height=""103"" border=""0""><BR>
      <FONT size=""-2"" color=""#666666"">■AOIデパートのコスチューム♪新商品がいっぱい♪</FONT></TD>
    </TR>
  </TBODY>
</TABLE>",プレイモービル【PLAYMOBIL】人気の缶バッジを大量投入！服やバック・カバンなどをリメイクしちゃいましょう♪なつかしいキャラクターや海外のメーカー！お気に入りを見つけてください♪【缶】【バッチ】【バッジ】【2.980円以上送料無料】：ＡＯＩデパート,雑貨スポンジボブイルミネーションケアベアラットフィンク時計ハッピーツリーフレンズディズニープレイモービル【PLAYMOBIL】人気の缶バッジを大量投入！服やバック・カバンなどをリメイクしちゃいましょう♪なつかしいキャラクターや海外のメーカー！お気に入りを見つけてください♪【缶】【バッチ】【バッジ】【2.980円以上送料無料】,プレイモービル【PLAYMOBIL】カンバッチ15。プレイモービル【PLAYMOBIL】人気の缶バッジを大量投入！服やバック・カバンなどをリメイクしちゃいましょう♪なつかしいキャラクターや海外のメーカー！お気に入りを見つけてください♪【缶】【バッチ】【バッジ】【2.980円以上送料無料】[rn]
2-8650,http://tshop.r10s.jp/aoi-depart/cabinet/25zak-1/25zak293-1.gif?fitin=700:700,345.6000,,日用品雑貨・文房具・手芸 > 日用品・生活雑貨 > その他,【アメリカン雑貨】【WAPPEN】ワッペン【Doughboy】【ドゥボーイ】【わっぺん】【アイロンパッチ】【アメキャラ】【雑貨】【アメリカ雑貨】【アメリカ】【USA】【かわいい】【おしゃれ】,【アメリカン雑貨】【WAPPEN】ワッペン【Doughboy】,"■説明■<br>
【アメリカン雑貨】【WAPPEN】<br>
ワッペン【Doughboy】【ドゥボーイ】<br>
【わっぺん】【アイロンパッチ】【アメキャラ】<br>
【雑貨】【アメリカ雑貨】【アメリカ】<br>
【USA】【かわいい】【おしゃれ】<br>
ペタペタワッペンを付けておしゃれにカスタム！<br>
種類も豊富ですのでお気に入りが見つかる♪<br>
定番のアメリカン雑貨や！<br>
珍しいグッズを多数揃えました♪<br>
日々の生活に彩りを与え、<br>
楽しく明るくしてくれます。<br>
お気に入りのアイテムで楽しい空間を演出♪<br>
【大人気】【かわいい雑貨】【新作】【生活】<br>
【3.980円以上送料無料】【人気商品】【大人気】<br>
【大大人気】【雑貨】【日用品】【POP】【日本】<br>
【グッズ】【ファンシー】【大人気】】【BAR】<br>
【インテリア雑貨】【アメリカ雑貨】【かわいい】<br>
【おしゃれ】【生活雑貨】【AOI】【アメリカ】<br>
【USA】【アメリカン】【アメリカン雑貨】<br>
■サイズ・仕様■<br>
◆サイズ：約H6～9cm<br>
◆素　材：コットン<br>
●AOIデパートはアメリカン雑貨が勢揃い！！●<br>
アメリカン雑貨が豊富です！<br>
(*゜▽゜)/品揃えに自信アリ♪<br>
カラフルなグッズで毎日の生活を楽しんでください！<br>
■当商品について■<br>
＊在庫状況により入荷待ち・<br>
欠品になる場合がございます。<br>
予めご了承下さいますようお願いいたします。<br><TABLE cellspacing=""1"" bgcolor=""#cdcd9a"" cellpadding=""10"">
  <TBODY>
    <TR>
      <TD bgcolor=""#ffffff"" height=""61""><IMG src=""http://image.rakuten.co.jp/aoi-depart/cabinet/souryou.jpg"" width=""505"" height=""52"" border=""0""><br>
      <font size=""2"">沖縄県の場合は、8,000円以上で送料無料となります。</font><FONT size=""1"">（8,000円以下の場合はご注文後に送料が加算されます。）</FONT></TD>
    </TR>
  </TBODY>
</TABLE>
<B><FONT size=""2""><FONT size=""2""><BR>
<FONT size=""2"">★　最終価格！　ソーラー　LEDクリスタルキングトナカイ　ホワイト（白）　★</FONT></FONT><BR>
<BR>
<FONT size=""2"">★　最終価格！　ソーラー　LEDクリスタルキングトナカイ　ブルー（青）　★</FONT></FONT></B><br><br>
<TABLE width=""560"">
  <TBODY>
    <TR>
      <TD valign=""top"" align=""center""><IMG src=""http://image.rakuten.co.jp/aoi-depart/cabinet/00377082/img56929916.gif"" width=""130"" height=""88"" border=""0""><BR>
      <FONT size=""-2"" color=""#999900"">&gt;人気の缶バッジ（バッチ）<BR>
      特集！200アイテム！</FONT></TD>
      <TD valign=""top"" align=""center""><IMG src=""http://image.rakuten.co.jp/aoi-depart/cabinet/00377082/img56929917.gif"" width=""130"" height=""88"" border=""0""><BR>
      <FONT size=""-2"" color=""#999900"">&gt;インテリア用のポスター！<BR>
      特集！200アイテム！</FONT></TD>
      <TD valign=""top"" align=""center""><IMG src=""http://image.rakuten.co.jp/aoi-depart/cabinet/00377082/img56929918.gif"" width=""130"" height=""89"" border=""0""><BR>
      <FONT size=""-2"" color=""#999900"">&gt;人気キャラ！キーホルダー<BR>
      特集！300アイテム！</FONT></TD>
      <TD valign=""top"" align=""center""><IMG src=""http://image.rakuten.co.jp/aoi-depart/cabinet/00377082/img56929919.gif"" width=""130"" height=""89"" border=""0""><BR>
      <FONT size=""-2"" color=""#999900"">&gt;やっぱりワッペン！<BR>
      特集！200アイテム！</FONT></TD>
    </TR>
  </TBODY>
</TABLE>




<P><IMG src=""http://image.rakuten.co.jp/aoi-depart/cabinet/img58891052.gif"" border=""0"" width=""560"" height=""94""><BR>
<FONT color=""#000000"" size=""1"">大人気！くろねこ雑貨、新商品続々入荷中！黒猫キッチン用品、バス用品、おしゃれ雑貨、黒猫インテリア</FONT></P>
<TABLE width=""560"" cellpadding=""0"" cellspacing=""0"">
  <TBODY valign=""top"">
    <TR>
      <TD valign=""top""><IMG src=""http://image.rakuten.co.jp/aoi-depart/cabinet/00377084/imgrc0065158542.gif"" border=""0"" width=""270"" height=""80""><BR>
      <FONT size=""1"">クレヨンしんちゃんグッズ続々入荷中！<BR>
      新学期はしんちゃんのランチグッズやペンケースで決まり！<BR>
      新生活も応援！クッションやタオル、グラスも豊富♪<BR>
      <BR>
      </FONT></TD>
      <TD valign=""top""><IMG src=""http://image.rakuten.co.jp/aoi-depart/cabinet/00377084/imgrc0065158540.gif"" border=""0"" width=""270"" height=""80""><BR>
      <FONT size=""1"">ピンクやレッドがキュートなキティやマイメロ♪<BR>
      サンリオのステップやコロコロクリーナーが売れてます！<BR>
      メラミンカップやグラス、おもちゃ箱も♪プレゼントやギフトにも♪</FONT><BR>
      <BR>
      </TD>
    </TR>
  </TBODY>
</TABLE>
<TABLE width=""560"" cellpadding=""0"" cellspacing=""0"">
  <TBODY valign=""top"">
    <TR>
      <TD valign=""top""><IMG src=""http://image.rakuten.co.jp/aoi-depart/cabinet/00377084/imgrc0065158539.gif"" border=""0"" width=""270"" height=""80""><BR>
      <FONT size=""1"">ベビータオルやベビーギフトならアナノカフェ♪安心の日本製です。<BR>
      ほわほわ～の柔らか素材がお肌にも優しい。<BR>
      内祝やご出産祝にも最適！スタイや肌着の種類も豊富！</FONT><BR>
      <BR>
      </TD>
      <TD valign=""top""><IMG src=""http://image.rakuten.co.jp/aoi-depart/cabinet/00377084/imgrc0065158538.gif"" border=""0"" width=""270"" height=""80""><BR>
      <FONT size=""1"">キュートでポップな亜土ちゃんのグッズでラブリーな生活を♪<BR>
      クッションや食器、ブリキケースもすっごくカワイイ♪<BR>
      お花★ハート★キッス　が合言葉♪！</FONT></TD>
    </TR>
  </TBODY>
</TABLE>
<TABLE width=""560"" cellpadding=""0"" cellspacing=""0"">
  <TBODY valign=""top"">
    <TR>
      <TD valign=""top""><IMG src=""http://image.rakuten.co.jp/aoi-depart/cabinet/00377084/imgrc0065158541.gif"" border=""0"" width=""270"" height=""80""><BR>
      <FONT size=""1"">やっぱり定番！ず～っと人気が止まらないっ！<BR>
      クッションやティッシュカバー、フリーケースで周りをボブイエロー<BR>
      に染めちゃえ！超ビッグなメガデカクッションは要チェック！</FONT><BR>
      <BR>
      </TD>
      <TD valign=""top""><IMG src=""http://image.rakuten.co.jp/aoi-depart/cabinet/00377084/imgrc0065158543.gif"" border=""0"" width=""270"" height=""80""><BR>
      <FONT size=""1"">アメコミの中でもスパイダーマンはダントツ人気！<BR>
      ポスターやコスチューム、ストラップなどなどグッズも大量！<BR>
      お部屋に飾ればカッコイイ　ヒーロコミックの世界に！</FONT><BR>
      <BR>
      </TD>
    </TR>
  </TBODY>
</TABLE>

<TABLE width=""560"">
  <TBODY>
    <TR>
      <TD><IMG src=""http://image.rakuten.co.jp/aoi-depart/cabinet/00377084/img57529064.gif"" width=""186"" height=""70"" border=""0""><BR>
      <FONT size=""-2"" color=""#ff8000"">▼タオル特集！柔らか～！かわいい～！<BR>
      自分流でお気に入りをどうぞ♪</FONT></TD>
      <TD><IMG src=""http://image.rakuten.co.jp/aoi-depart/cabinet/00377084/img57529063.gif"" width=""186"" height=""70"" border=""0""><BR>
      <FONT size=""-2"" color=""#ff8000"">▼健康な美しさを追求♪でもでも毎日使うものだからこそかわいいデザインのものを♪</FONT></TD>
      <TD><IMG src=""http://image.rakuten.co.jp/aoi-depart/cabinet/00377084/img57529065.gif"" width=""186"" height=""70"" border=""0""><BR>
      <FONT size=""-2"" color=""#ff8000"">▼お風呂グッズ特集♪こだわりタオルから便利バス用品まで選りすぐって取り揃えました♪</FONT></TD>
    </TR>
  </TBODY>
</TABLE>

<TABLE width=""560"" height=""120"" bgcolor=""#ffffff"" cellpadding=""0"" cellspacing=""1"">
  <TBODY>
    <TR>
      <TD bgcolor=""#ffffff"" align=""center"" valign=""top""><IMG src=""http://image.rakuten.co.jp/aoi-depart/cabinet/00377084/img57844237.gif"" width=""270"" height=""72"" border=""0""><BR>
      <FONT size=""-2"" color=""#666666"">■生活雑貨勢揃い！1000アイテムの中からお気に入りをどうぞ！■</FONT></TD>
      <TD bgcolor=""#ffffff"" align=""center"" valign=""middle""><IMG src=""http://image.rakuten.co.jp/aoi-depart/cabinet/00377082/img57733851.gif"" width=""270"" height=""103"" border=""0""><BR>
      <FONT size=""-2"" color=""#666666"">■AOIデパートのコスチューム♪新商品がいっぱい♪</FONT></TD>
    </TR>
  </TBODY>
</TABLE>",【アメリカン雑貨】【WAPPEN】ワッペン【Doughboy】【ドゥボーイ】【わっぺん】【アイロンパッチ】【アメキャラ】【雑貨】【アメリカ雑貨】【アメリカ】【USA】【かわいい】【おしゃれ】：ＡＯＩデパート,雑貨スポンジボブイルミネーションケアベアラットフィンク時計ハッピーツリーフレンズディズニー【アメリカン雑貨】【WAPPEN】ワッペン【Doughboy】【ドゥボーイ】【わっぺん】【アイロンパッチ】【アメキャラ】【雑貨】【アメリカ雑貨】【アメリカ】【USA】【かわいい】【おしゃれ】,【アメリカン雑貨】【WAPPEN】ワッペン【Doughboy】。【アメリカン雑貨】【WAPPEN】ワッペン【Doughboy】【ドゥボーイ】【わっぺん】【アイロンパッチ】【アメキャラ】【雑貨】【アメリカ雑貨】【アメリカ】【USA】【かわいい】【おしゃれ】[rn]
2-8651,http://tshop.r10s.jp/aoi-depart/cabinet/13zak-1/13zak196-1.gif?fitin=700:700,3456.0000,,日用品雑貨・文房具・手芸 > 日用品・生活雑貨 > その他,【アメリカ製】【TRAFFIC SIGN】ハイウェイサインボード【TOU AWAY ZONE】【WRECKER】【高速】【看板】【米国交通局】【雑貨】【アメリカン雑貨】【アメリカ雑貨】【アメリカ】【USA】【かわいい】【おしゃれ】MADE IN U.S.A 実際にアメリカの道路で使用 オフィシャルの看板,【アメリカ製】【TRAFFIC SIGN】ハイウェイサインボード,"■説明■<br>
【アメリカ製】【TRAFFIC SIGN】<br>
ハイウェイサインボード<br>
【WRECKER】【TOU AWAY ZONE】<br>
【高速】【看板】【米国交通局】【雑貨】<br>
【アメリカン雑貨】【アメリカ雑貨】<br>
【アメリカ】【USA】【かわいい】【おしゃれ】<br>
MADE IN U.S.A<br>
実際にアメリカの道路で使用されている!<br>
オフィシャルの看板♪<br>
定番のアメリカン雑貨や！<br>
珍しいグッズを多数揃えました♪<br>
お気に入りのアイテムで楽しい空間を演出♪<br>
【大人気】【かわいい雑貨】【新作】<br>
【2.980円以上送料無料】【人気商品】【生活】<br>
【大人気】【大大人気】【雑貨】【日用品】【POP】<br>
【日本】【2015年】【グッズ】【ファンシー】<br>
【人気商品】【大人気】【アメリカ雑貨】<br>
【かわいい】【おしゃれ】【生活雑貨】【AOI】<br>
【アメリカ】【BAR】【インテリア雑貨】<br>
【USA】【アメリカン】【アメリカン雑貨】<br>
■サイズ・仕様■<br>
◆サイズ：約150×300mm<br>
◆素　材：アルミニウム<br>
●AOIデパートはアメリカン雑貨が勢揃い！！●<br>
アメリカン雑貨が豊富です！<br>
(*゜▽゜)/品揃えに自信アリ♪<br>
カラフルなグッズで毎日の生活を楽しんでください！<br>
■当商品について■<br>
＊在庫状況により入荷待ち・<br>
欠品になる場合がございます。<br>
予めご了承下さいますようお願いいたします。<br><TABLE cellspacing=""1"" bgcolor=""#cdcd9a"" cellpadding=""10"">
  <TBODY>
    <TR>
      <TD bgcolor=""#ffffff"" height=""61""><IMG src=""http://image.rakuten.co.jp/aoi-depart/cabinet/souryou.jpg"" width=""505"" height=""52"" border=""0""><br>
      <font size=""2"">沖縄県の場合は、8,000円以上で送料無料となります。</font><FONT size=""1"">（8,000円以下の場合はご注文後に送料が加算されます。）</FONT></TD>
    </TR>
  </TBODY>
</TABLE>
<B><FONT size=""2""><FONT size=""2""><BR>
<FONT size=""2"">★　最終価格！　ソーラー　LEDクリスタルキングトナカイ　ホワイト（白）　★</FONT></FONT><BR>
<BR>
<FONT size=""2"">★　最終価格！　ソーラー　LEDクリスタルキングトナカイ　ブルー（青）　★</FONT></FONT></B><br><br>
<TABLE width=""560"">
  <TBODY>
    <TR>
      <TD valign=""top"" align=""center""><IMG src=""http://image.rakuten.co.jp/aoi-depart/cabinet/00377082/img56929916.gif"" width=""130"" height=""88"" border=""0""><BR>
      <FONT size=""-2"" color=""#999900"">&gt;人気の缶バッジ（バッチ）<BR>
      特集！200アイテム！</FONT></TD>
      <TD valign=""top"" align=""center""><IMG src=""http://image.rakuten.co.jp/aoi-depart/cabinet/00377082/img56929917.gif"" width=""130"" height=""88"" border=""0""><BR>
      <FONT size=""-2"" color=""#999900"">&gt;インテリア用のポスター！<BR>
      特集！200アイテム！</FONT></TD>
      <TD valign=""top"" align=""center""><IMG src=""http://image.rakuten.co.jp/aoi-depart/cabinet/00377082/img56929918.gif"" width=""130"" height=""89"" border=""0""><BR>
      <FONT size=""-2"" color=""#999900"">&gt;人気キャラ！キーホルダー<BR>
      特集！300アイテム！</FONT></TD>
      <TD valign=""top"" align=""center""><IMG src=""http://image.rakuten.co.jp/aoi-depart/cabinet/00377082/img56929919.gif"" width=""130"" height=""89"" border=""0""><BR>
      <FONT size=""-2"" color=""#999900"">&gt;やっぱりワッペン！<BR>
      特集！200アイテム！</FONT></TD>
    </TR>
  </TBODY>
</TABLE>




<P><IMG src=""http://image.rakuten.co.jp/aoi-depart/cabinet/img58891052.gif"" border=""0"" width=""560"" height=""94""><BR>
<FONT color=""#000000"" size=""1"">大人気！くろねこ雑貨、新商品続々入荷中！黒猫キッチン用品、バス用品、おしゃれ雑貨、黒猫インテリア</FONT></P>
<TABLE width=""560"" cellpadding=""0"" cellspacing=""0"">
  <TBODY valign=""top"">
    <TR>
      <TD valign=""top""><IMG src=""http://image.rakuten.co.jp/aoi-depart/cabinet/00377084/imgrc0065158542.gif"" border=""0"" width=""270"" height=""80""><BR>
      <FONT size=""1"">クレヨンしんちゃんグッズ続々入荷中！<BR>
      新学期はしんちゃんのランチグッズやペンケースで決まり！<BR>
      新生活も応援！クッションやタオル、グラスも豊富♪<BR>
      <BR>
      </FONT></TD>
      <TD valign=""top""><IMG src=""http://image.rakuten.co.jp/aoi-depart/cabinet/00377084/imgrc0065158540.gif"" border=""0"" width=""270"" height=""80""><BR>
      <FONT size=""1"">ピンクやレッドがキュートなキティやマイメロ♪<BR>
      サンリオのステップやコロコロクリーナーが売れてます！<BR>
      メラミンカップやグラス、おもちゃ箱も♪プレゼントやギフトにも♪</FONT><BR>
      <BR>
      </TD>
    </TR>
  </TBODY>
</TABLE>
<TABLE width=""560"" cellpadding=""0"" cellspacing=""0"">
  <TBODY valign=""top"">
    <TR>
      <TD valign=""top""><IMG src=""http://image.rakuten.co.jp/aoi-depart/cabinet/00377084/imgrc0065158539.gif"" border=""0"" width=""270"" height=""80""><BR>
      <FONT size=""1"">ベビータオルやベビーギフトならアナノカフェ♪安心の日本製です。<BR>
      ほわほわ～の柔らか素材がお肌にも優しい。<BR>
      内祝やご出産祝にも最適！スタイや肌着の種類も豊富！</FONT><BR>
      <BR>
      </TD>
      <TD valign=""top""><IMG src=""http://image.rakuten.co.jp/aoi-depart/cabinet/00377084/imgrc0065158538.gif"" border=""0"" width=""270"" height=""80""><BR>
      <FONT size=""1"">キュートでポップな亜土ちゃんのグッズでラブリーな生活を♪<BR>
      クッションや食器、ブリキケースもすっごくカワイイ♪<BR>
      お花★ハート★キッス　が合言葉♪！</FONT></TD>
    </TR>
  </TBODY>
</TABLE>
<TABLE width=""560"" cellpadding=""0"" cellspacing=""0"">
  <TBODY valign=""top"">
    <TR>
      <TD valign=""top""><IMG src=""http://image.rakuten.co.jp/aoi-depart/cabinet/00377084/imgrc0065158541.gif"" border=""0"" width=""270"" height=""80""><BR>
      <FONT size=""1"">やっぱり定番！ず～っと人気が止まらないっ！<BR>
      クッションやティッシュカバー、フリーケースで周りをボブイエロー<BR>
      に染めちゃえ！超ビッグなメガデカクッションは要チェック！</FONT><BR>
      <BR>
      </TD>
      <TD valign=""top""><IMG src=""http://image.rakuten.co.jp/aoi-depart/cabinet/00377084/imgrc0065158543.gif"" border=""0"" width=""270"" height=""80""><BR>
      <FONT size=""1"">アメコミの中でもスパイダーマンはダントツ人気！<BR>
      ポスターやコスチューム、ストラップなどなどグッズも大量！<BR>
      お部屋に飾ればカッコイイ　ヒーロコミックの世界に！</FONT><BR>
      <BR>
      </TD>
    </TR>
  </TBODY>
</TABLE>

<TABLE width=""560"">
  <TBODY>
    <TR>
      <TD><IMG src=""http://image.rakuten.co.jp/aoi-depart/cabinet/00377084/img57529064.gif"" width=""186"" height=""70"" border=""0""><BR>
      <FONT size=""-2"" color=""#ff8000"">▼タオル特集！柔らか～！かわいい～！<BR>
      自分流でお気に入りをどうぞ♪</FONT></TD>
      <TD><IMG src=""http://image.rakuten.co.jp/aoi-depart/cabinet/00377084/img57529063.gif"" width=""186"" height=""70"" border=""0""><BR>
      <FONT size=""-2"" color=""#ff8000"">▼健康な美しさを追求♪でもでも毎日使うものだからこそかわいいデザインのものを♪</FONT></TD>
      <TD><IMG src=""http://image.rakuten.co.jp/aoi-depart/cabinet/00377084/img57529065.gif"" width=""186"" height=""70"" border=""0""><BR>
      <FONT size=""-2"" color=""#ff8000"">▼お風呂グッズ特集♪こだわりタオルから便利バス用品まで選りすぐって取り揃えました♪</FONT></TD>
    </TR>
  </TBODY>
</TABLE>

<TABLE width=""560"" height=""120"" bgcolor=""#ffffff"" cellpadding=""0"" cellspacing=""1"">
  <TBODY>
    <TR>
      <TD bgcolor=""#ffffff"" align=""center"" valign=""top""><IMG src=""http://image.rakuten.co.jp/aoi-depart/cabinet/00377084/img57844237.gif"" width=""270"" height=""72"" border=""0""><BR>
      <FONT size=""-2"" color=""#666666"">■生活雑貨勢揃い！1000アイテムの中からお気に入りをどうぞ！■</FONT></TD>
      <TD bgcolor=""#ffffff"" align=""center"" valign=""middle""><IMG src=""http://image.rakuten.co.jp/aoi-depart/cabinet/00377082/img57733851.gif"" width=""270"" height=""103"" border=""0""><BR>
      <FONT size=""-2"" color=""#666666"">■AOIデパートのコスチューム♪新商品がいっぱい♪</FONT></TD>
    </TR>
  </TBODY>
</TABLE>",【アメリカ製】【TRAFFIC SIGN】ハイウェイサインボード【TOU AWAY ZONE】【WRECKER】【高速】【看板】【米国交通局】【雑貨】【アメリカン雑貨】【アメリカ雑貨】【アメリカ】【USA】【かわいい】【おしゃれ】MADE IN U.S.A 実際にアメリカの道路で使用 オフィシャルの看板：ＡＯＩデパート,雑貨スポンジボブイルミネーションケアベアラットフィンク時計ハッピーツリーフレンズディズニー【アメリカ製】【TRAFFIC SIGN】ハイウェイサインボード【TOU AWAY ZONE】【WRECKER】【高速】【看板】【米国交通局】【雑貨】【アメリカン雑貨】【アメリカ雑貨】【アメリカ】【USA】【かわいい】【おしゃれ】MADE IN U.S.A 実際にアメリカの道路で使用 オフィシャルの看板,【アメリカ製】【TRAFFIC SIGN】ハイウェイサインボード。【アメリカ製】【TRAFFIC SIGN】ハイウェイサインボード【TOU AWAY ZONE】【WRECKER】【高速】【看板】【米国交通局】【雑貨】【アメリカン雑貨】【アメリカ雑貨】【アメリカ】【USA】【かわいい】【おしゃれ】MADE IN U.S.A 実際にアメリカの道路で使用 オフィシャルの看板[rn]
2-8652,http://tshop.r10s.jp/aoi-depart/cabinet/13zak-1/13zak180-1.gif?fitin=700:700,11376.0000,,日用品雑貨・文房具・手芸 > 日用品・生活雑貨 > その他,【アメリカ製】【TRAFFIC SIGN】ハイウェイサインボード【BLUE】【高速】【看板】【米国交通局】【雑貨】【アメリカン雑貨】【アメリカ雑貨】【アメリカ】【USA】【かわいい】【おしゃれ】MADE IN U.S.A 実際にアメリカの道路で使用 オフィシャルの看板,【アメリカ製】【TRAFFIC SIGN】ハイウェイサインボード,"■説明■<br>
【アメリカ製】【TRAFFIC SIGN】<br>
ハイウェイサインボード【BLUE】<br>
【高速】【看板】【米国交通局】【雑貨】<br>
【アメリカン雑貨】【アメリカ雑貨】<br>
【アメリカ】【USA】【かわいい】【おしゃれ】<br>
MADE IN U.S.A<br>
実際にアメリカの道路で使用されている!<br>
オフィシャルの看板♪<br>
定番のアメリカン雑貨や！<br>
珍しいグッズを多数揃えました♪<br>
お気に入りのアイテムで楽しい空間を演出♪<br>
【大人気】【かわいい雑貨】【新作】<br>
【2.980円以上送料無料】【人気商品】【生活】<br>
【大人気】【大大人気】【雑貨】【日用品】【POP】<br>
【日本】【2015年】【グッズ】【ファンシー】<br>
【人気商品】【大人気】【アメリカ雑貨】<br>
【かわいい】【おしゃれ】【生活雑貨】【AOI】<br>
【アメリカ】【BAR】【インテリア雑貨】<br>
【USA】【アメリカン】【アメリカン雑貨】<br>
■サイズ・仕様■<br>
◆サイズ：約300×760mm<br>
◆素　材：アルミニウム<br>
●AOIデパートはアメリカン雑貨が勢揃い！！●<br>
アメリカン雑貨が豊富です！<br>
(*゜▽゜)/品揃えに自信アリ♪<br>
カラフルなグッズで毎日の生活を楽しんでください！<br>
■当商品について■<br>
＊在庫状況により入荷待ち・<br>
欠品になる場合がございます。<br>
予めご了承下さいますようお願いいたします。<br><TABLE cellspacing=""1"" bgcolor=""#cdcd9a"" cellpadding=""10"">
  <TBODY>
    <TR>
      <TD bgcolor=""#ffffff"" height=""61""><IMG src=""http://image.rakuten.co.jp/aoi-depart/cabinet/souryou.jpg"" width=""505"" height=""52"" border=""0""><br>
      <font size=""2"">沖縄県の場合は、8,000円以上で送料無料となります。</font><FONT size=""1"">（8,000円以下の場合はご注文後に送料が加算されます。）</FONT></TD>
    </TR>
  </TBODY>
</TABLE>
<B><FONT size=""2""><FONT size=""2""><BR>
<FONT size=""2"">★　最終価格！　ソーラー　LEDクリスタルキングトナカイ　ホワイト（白）　★</FONT></FONT><BR>
<BR>
<FONT size=""2"">★　最終価格！　ソーラー　LEDクリスタルキングトナカイ　ブルー（青）　★</FONT></FONT></B><br><br>
<TABLE width=""560"">
  <TBODY>
    <TR>
      <TD valign=""top"" align=""center""><IMG src=""http://image.rakuten.co.jp/aoi-depart/cabinet/00377082/img56929916.gif"" width=""130"" height=""88"" border=""0""><BR>
      <FONT size=""-2"" color=""#999900"">&gt;人気の缶バッジ（バッチ）<BR>
      特集！200アイテム！</FONT></TD>
      <TD valign=""top"" align=""center""><IMG src=""http://image.rakuten.co.jp/aoi-depart/cabinet/00377082/img56929917.gif"" width=""130"" height=""88"" border=""0""><BR>
      <FONT size=""-2"" color=""#999900"">&gt;インテリア用のポスター！<BR>
      特集！200アイテム！</FONT></TD>
      <TD valign=""top"" align=""center""><IMG src=""http://image.rakuten.co.jp/aoi-depart/cabinet/00377082/img56929918.gif"" width=""130"" height=""89"" border=""0""><BR>
      <FONT size=""-2"" color=""#999900"">&gt;人気キャラ！キーホルダー<BR>
      特集！300アイテム！</FONT></TD>
      <TD valign=""top"" align=""center""><IMG src=""http://image.rakuten.co.jp/aoi-depart/cabinet/00377082/img56929919.gif"" width=""130"" height=""89"" border=""0""><BR>
      <FONT size=""-2"" color=""#999900"">&gt;やっぱりワッペン！<BR>
      特集！200アイテム！</FONT></TD>
    </TR>
  </TBODY>
</TABLE>




<P><IMG src=""http://image.rakuten.co.jp/aoi-depart/cabinet/img58891052.gif"" border=""0"" width=""560"" height=""94""><BR>
<FONT color=""#000000"" size=""1"">大人気！くろねこ雑貨、新商品続々入荷中！黒猫キッチン用品、バス用品、おしゃれ雑貨、黒猫インテリア</FONT></P>
<TABLE width=""560"" cellpadding=""0"" cellspacing=""0"">
  <TBODY valign=""top"">
    <TR>
      <TD valign=""top""><IMG src=""http://image.rakuten.co.jp/aoi-depart/cabinet/00377084/imgrc0065158542.gif"" border=""0"" width=""270"" height=""80""><BR>
      <FONT size=""1"">クレヨンしんちゃんグッズ続々入荷中！<BR>
      新学期はしんちゃんのランチグッズやペンケースで決まり！<BR>
      新生活も応援！クッションやタオル、グラスも豊富♪<BR>
      <BR>
      </FONT></TD>
      <TD valign=""top""><IMG src=""http://image.rakuten.co.jp/aoi-depart/cabinet/00377084/imgrc0065158540.gif"" border=""0"" width=""270"" height=""80""><BR>
      <FONT size=""1"">ピンクやレッドがキュートなキティやマイメロ♪<BR>
      サンリオのステップやコロコロクリーナーが売れてます！<BR>
      メラミンカップやグラス、おもちゃ箱も♪プレゼントやギフトにも♪</FONT><BR>
      <BR>
      </TD>
    </TR>
  </TBODY>
</TABLE>
<TABLE width=""560"" cellpadding=""0"" cellspacing=""0"">
  <TBODY valign=""top"">
    <TR>
      <TD valign=""top""><IMG src=""http://image.rakuten.co.jp/aoi-depart/cabinet/00377084/imgrc0065158539.gif"" border=""0"" width=""270"" height=""80""><BR>
      <FONT size=""1"">ベビータオルやベビーギフトならアナノカフェ♪安心の日本製です。<BR>
      ほわほわ～の柔らか素材がお肌にも優しい。<BR>
      内祝やご出産祝にも最適！スタイや肌着の種類も豊富！</FONT><BR>
      <BR>
      </TD>
      <TD valign=""top""><IMG src=""http://image.rakuten.co.jp/aoi-depart/cabinet/00377084/imgrc0065158538.gif"" border=""0"" width=""270"" height=""80""><BR>
      <FONT size=""1"">キュートでポップな亜土ちゃんのグッズでラブリーな生活を♪<BR>
      クッションや食器、ブリキケースもすっごくカワイイ♪<BR>
      お花★ハート★キッス　が合言葉♪！</FONT></TD>
    </TR>
  </TBODY>
</TABLE>
<TABLE width=""560"" cellpadding=""0"" cellspacing=""0"">
  <TBODY valign=""top"">
    <TR>
      <TD valign=""top""><IMG src=""http://image.rakuten.co.jp/aoi-depart/cabinet/00377084/imgrc0065158541.gif"" border=""0"" width=""270"" height=""80""><BR>
      <FONT size=""1"">やっぱり定番！ず～っと人気が止まらないっ！<BR>
      クッションやティッシュカバー、フリーケースで周りをボブイエロー<BR>
      に染めちゃえ！超ビッグなメガデカクッションは要チェック！</FONT><BR>
      <BR>
      </TD>
      <TD valign=""top""><IMG src=""http://image.rakuten.co.jp/aoi-depart/cabinet/00377084/imgrc0065158543.gif"" border=""0"" width=""270"" height=""80""><BR>
      <FONT size=""1"">アメコミの中でもスパイダーマンはダントツ人気！<BR>
      ポスターやコスチューム、ストラップなどなどグッズも大量！<BR>
      お部屋に飾ればカッコイイ　ヒーロコミックの世界に！</FONT><BR>
      <BR>
      </TD>
    </TR>
  </TBODY>
</TABLE>

<TABLE width=""560"">
  <TBODY>
    <TR>
      <TD><IMG src=""http://image.rakuten.co.jp/aoi-depart/cabinet/00377084/img57529064.gif"" width=""186"" height=""70"" border=""0""><BR>
      <FONT size=""-2"" color=""#ff8000"">▼タオル特集！柔らか～！かわいい～！<BR>
      自分流でお気に入りをどうぞ♪</FONT></TD>
      <TD><IMG src=""http://image.rakuten.co.jp/aoi-depart/cabinet/00377084/img57529063.gif"" width=""186"" height=""70"" border=""0""><BR>
      <FONT size=""-2"" color=""#ff8000"">▼健康な美しさを追求♪でもでも毎日使うものだからこそかわいいデザインのものを♪</FONT></TD>
      <TD><IMG src=""http://image.rakuten.co.jp/aoi-depart/cabinet/00377084/img57529065.gif"" width=""186"" height=""70"" border=""0""><BR>
      <FONT size=""-2"" color=""#ff8000"">▼お風呂グッズ特集♪こだわりタオルから便利バス用品まで選りすぐって取り揃えました♪</FONT></TD>
    </TR>
  </TBODY>
</TABLE>

<TABLE width=""560"" height=""120"" bgcolor=""#ffffff"" cellpadding=""0"" cellspacing=""1"">
  <TBODY>
    <TR>
      <TD bgcolor=""#ffffff"" align=""center"" valign=""top""><IMG src=""http://image.rakuten.co.jp/aoi-depart/cabinet/00377084/img57844237.gif"" width=""270"" height=""72"" border=""0""><BR>
      <FONT size=""-2"" color=""#666666"">■生活雑貨勢揃い！1000アイテムの中からお気に入りをどうぞ！■</FONT></TD>
      <TD bgcolor=""#ffffff"" align=""center"" valign=""middle""><IMG src=""http://image.rakuten.co.jp/aoi-depart/cabinet/00377082/img57733851.gif"" width=""270"" height=""103"" border=""0""><BR>
      <FONT size=""-2"" color=""#666666"">■AOIデパートのコスチューム♪新商品がいっぱい♪</FONT></TD>
    </TR>
  </TBODY>
</TABLE>",【アメリカ製】【TRAFFIC SIGN】ハイウェイサインボード【BLUE】【高速】【看板】【米国交通局】【雑貨】【アメリカン雑貨】【アメリカ雑貨】【アメリカ】【USA】【かわいい】【おしゃれ】MADE IN U.S.A 実際にアメリカの道路で使用 オフィシャルの看板：ＡＯＩデパート,雑貨スポンジボブイルミネーションケアベアラットフィンク時計ハッピーツリーフレンズディズニー【アメリカ製】【TRAFFIC SIGN】ハイウェイサインボード【BLUE】【高速】【看板】【米国交通局】【雑貨】【アメリカン雑貨】【アメリカ雑貨】【アメリカ】【USA】【かわいい】【おしゃれ】MADE IN U.S.A 実際にアメリカの道路で使用 オフィシャルの看板,【アメリカ製】【TRAFFIC SIGN】ハイウェイサインボード。【アメリカ製】【TRAFFIC SIGN】ハイウェイサインボード【BLUE】【高速】【看板】【米国交通局】【雑貨】【アメリカン雑貨】【アメリカ雑貨】【アメリカ】【USA】【かわいい】【おしゃれ】MADE IN U.S.A 実際にアメリカの道路で使用 オフィシャルの看板[rn]
2-8653,http://tshop.r10s.jp/aoi-depart/cabinet/19zak-1/19zak215-1.gif?fitin=700:700,5616.0000,,日用品雑貨・文房具・手芸 > 日用品・生活雑貨 > その他,【アメリカ製】【STREET SIGN】ストリートサインボード【BEACH】【高速】【看板】【米国交通局】【雑貨】【アメリカン雑貨】【アメリカ雑貨】【アメリカ】【USA】【かわいい】【おしゃれ】,【アメリカ製】【STREET SIGN】ストリートサインボード,"■説明■<br>
【アメリカ製】【STREET SIGN】<br>
ストリートサインボード【BEACH】【高速】<br>
【看板】【米国交通局】【雑貨】<br>
【アメリカン雑貨】【アメリカ雑貨】<br>
【アメリカ】【USA】【かわいい】【おしゃれ】<br>
実際にアメリカで使用されているオフィシャル看板。
<br>ガレージやショップのディスプレイにも最適です<br> 
実際にアメリカの道路で使用されている!<br>
オフィシャルの看板♪<br>
定番のアメリカン雑貨や！<br>
珍しいグッズを多数揃えました♪<br>
お気に入りのアイテムで楽しい空間を演出♪<br>
【大人気】【アメリカン雑貨】【新作】【POP】<br>
【3.980円以上送料無料】【人気商品】【生活】<br>
【大人気】【大大人気】【雑貨】【日用品】<br>
【日本】【グッズ】【ファンシー】【人気商品】<br>
【アメリカ雑貨】【かわいい】【おしゃれ】<br>
【生活雑貨】【AOI】【アメリカ】【BAR】<br>
【インテリア雑貨】【USA】【アメリカン】<br>
■サイズ・仕様■<br>
◆サイズ：H130×610mm<br>
◆素　材：アルミニウム<br>
◆MADE IN U.S.A<br>
●AOIデパートはアメリカン雑貨が勢揃い！！●<br>
アメリカン雑貨が豊富です！<br>
(*゜▽゜)/品揃えに自信アリ♪<br>
カラフルなグッズで毎日の生活を楽しんでください！<br>
■当商品について■<br>
＊在庫状況により入荷待ち・<br>
欠品になる場合がございます。<br>
予めご了承下さいますようお願いいたします。<br><TABLE cellspacing=""1"" bgcolor=""#cdcd9a"" cellpadding=""10"">
  <TBODY>
    <TR>
      <TD bgcolor=""#ffffff"" height=""61""><IMG src=""http://image.rakuten.co.jp/aoi-depart/cabinet/souryou.jpg"" width=""505"" height=""52"" border=""0""><br>
      <font size=""2"">沖縄県の場合は、8,000円以上で送料無料となります。</font><FONT size=""1"">（8,000円以下の場合はご注文後に送料が加算されます。）</FONT></TD>
    </TR>
  </TBODY>
</TABLE>
<B><FONT size=""2""><FONT size=""2""><BR>
<FONT size=""2"">★　最終価格！　ソーラー　LEDクリスタルキングトナカイ　ホワイト（白）　★</FONT></FONT><BR>
<BR>
<FONT size=""2"">★　最終価格！　ソーラー　LEDクリスタルキングトナカイ　ブルー（青）　★</FONT></FONT></B><br><br>
<TABLE width=""560"">
  <TBODY>
    <TR>
      <TD valign=""top"" align=""center""><IMG src=""http://image.rakuten.co.jp/aoi-depart/cabinet/00377082/img56929916.gif"" width=""130"" height=""88"" border=""0""><BR>
      <FONT size=""-2"" color=""#999900"">&gt;人気の缶バッジ（バッチ）<BR>
      特集！200アイテム！</FONT></TD>
      <TD valign=""top"" align=""center""><IMG src=""http://image.rakuten.co.jp/aoi-depart/cabinet/00377082/img56929917.gif"" width=""130"" height=""88"" border=""0""><BR>
      <FONT size=""-2"" color=""#999900"">&gt;インテリア用のポスター！<BR>
      特集！200アイテム！</FONT></TD>
      <TD valign=""top"" align=""center""><IMG src=""http://image.rakuten.co.jp/aoi-depart/cabinet/00377082/img56929918.gif"" width=""130"" height=""89"" border=""0""><BR>
      <FONT size=""-2"" color=""#999900"">&gt;人気キャラ！キーホルダー<BR>
      特集！300アイテム！</FONT></TD>
      <TD valign=""top"" align=""center""><IMG src=""http://image.rakuten.co.jp/aoi-depart/cabinet/00377082/img56929919.gif"" width=""130"" height=""89"" border=""0""><BR>
      <FONT size=""-2"" color=""#999900"">&gt;やっぱりワッペン！<BR>
      特集！200アイテム！</FONT></TD>
    </TR>
  </TBODY>
</TABLE>




<P><IMG src=""http://image.rakuten.co.jp/aoi-depart/cabinet/img58891052.gif"" border=""0"" width=""560"" height=""94""><BR>
<FONT color=""#000000"" size=""1"">大人気！くろねこ雑貨、新商品続々入荷中！黒猫キッチン用品、バス用品、おしゃれ雑貨、黒猫インテリア</FONT></P>
<TABLE width=""560"" cellpadding=""0"" cellspacing=""0"">
  <TBODY valign=""top"">
    <TR>
      <TD valign=""top""><IMG src=""http://image.rakuten.co.jp/aoi-depart/cabinet/00377084/imgrc0065158542.gif"" border=""0"" width=""270"" height=""80""><BR>
      <FONT size=""1"">クレヨンしんちゃんグッズ続々入荷中！<BR>
      新学期はしんちゃんのランチグッズやペンケースで決まり！<BR>
      新生活も応援！クッションやタオル、グラスも豊富♪<BR>
      <BR>
      </FONT></TD>
      <TD valign=""top""><IMG src=""http://image.rakuten.co.jp/aoi-depart/cabinet/00377084/imgrc0065158540.gif"" border=""0"" width=""270"" height=""80""><BR>
      <FONT size=""1"">ピンクやレッドがキュートなキティやマイメロ♪<BR>
      サンリオのステップやコロコロクリーナーが売れてます！<BR>
      メラミンカップやグラス、おもちゃ箱も♪プレゼントやギフトにも♪</FONT><BR>
      <BR>
      </TD>
    </TR>
  </TBODY>
</TABLE>
<TABLE width=""560"" cellpadding=""0"" cellspacing=""0"">
  <TBODY valign=""top"">
    <TR>
      <TD valign=""top""><IMG src=""http://image.rakuten.co.jp/aoi-depart/cabinet/00377084/imgrc0065158539.gif"" border=""0"" width=""270"" height=""80""><BR>
      <FONT size=""1"">ベビータオルやベビーギフトならアナノカフェ♪安心の日本製です。<BR>
      ほわほわ～の柔らか素材がお肌にも優しい。<BR>
      内祝やご出産祝にも最適！スタイや肌着の種類も豊富！</FONT><BR>
      <BR>
      </TD>
      <TD valign=""top""><IMG src=""http://image.rakuten.co.jp/aoi-depart/cabinet/00377084/imgrc0065158538.gif"" border=""0"" width=""270"" height=""80""><BR>
      <FONT size=""1"">キュートでポップな亜土ちゃんのグッズでラブリーな生活を♪<BR>
      クッションや食器、ブリキケースもすっごくカワイイ♪<BR>
      お花★ハート★キッス　が合言葉♪！</FONT></TD>
    </TR>
  </TBODY>
</TABLE>
<TABLE width=""560"" cellpadding=""0"" cellspacing=""0"">
  <TBODY valign=""top"">
    <TR>
      <TD valign=""top""><IMG src=""http://image.rakuten.co.jp/aoi-depart/cabinet/00377084/imgrc0065158541.gif"" border=""0"" width=""270"" height=""80""><BR>
      <FONT size=""1"">やっぱり定番！ず～っと人気が止まらないっ！<BR>
      クッションやティッシュカバー、フリーケースで周りをボブイエロー<BR>
      に染めちゃえ！超ビッグなメガデカクッションは要チェック！</FONT><BR>
      <BR>
      </TD>
      <TD valign=""top""><IMG src=""http://image.rakuten.co.jp/aoi-depart/cabinet/00377084/imgrc0065158543.gif"" border=""0"" width=""270"" height=""80""><BR>
      <FONT size=""1"">アメコミの中でもスパイダーマンはダントツ人気！<BR>
      ポスターやコスチューム、ストラップなどなどグッズも大量！<BR>
      お部屋に飾ればカッコイイ　ヒーロコミックの世界に！</FONT><BR>
      <BR>
      </TD>
    </TR>
  </TBODY>
</TABLE>

<TABLE width=""560"">
  <TBODY>
    <TR>
      <TD><IMG src=""http://image.rakuten.co.jp/aoi-depart/cabinet/00377084/img57529064.gif"" width=""186"" height=""70"" border=""0""><BR>
      <FONT size=""-2"" color=""#ff8000"">▼タオル特集！柔らか～！かわいい～！<BR>
      自分流でお気に入りをどうぞ♪</FONT></TD>
      <TD><IMG src=""http://image.rakuten.co.jp/aoi-depart/cabinet/00377084/img57529063.gif"" width=""186"" height=""70"" border=""0""><BR>
      <FONT size=""-2"" color=""#ff8000"">▼健康な美しさを追求♪でもでも毎日使うものだからこそかわいいデザインのものを♪</FONT></TD>
      <TD><IMG src=""http://image.rakuten.co.jp/aoi-depart/cabinet/00377084/img57529065.gif"" width=""186"" height=""70"" border=""0""><BR>
      <FONT size=""-2"" color=""#ff8000"">▼お風呂グッズ特集♪こだわりタオルから便利バス用品まで選りすぐって取り揃えました♪</FONT></TD>
    </TR>
  </TBODY>
</TABLE>

<TABLE width=""560"" height=""120"" bgcolor=""#ffffff"" cellpadding=""0"" cellspacing=""1"">
  <TBODY>
    <TR>
      <TD bgcolor=""#ffffff"" align=""center"" valign=""top""><IMG src=""http://image.rakuten.co.jp/aoi-depart/cabinet/00377084/img57844237.gif"" width=""270"" height=""72"" border=""0""><BR>
      <FONT size=""-2"" color=""#666666"">■生活雑貨勢揃い！1000アイテムの中からお気に入りをどうぞ！■</FONT></TD>
      <TD bgcolor=""#ffffff"" align=""center"" valign=""middle""><IMG src=""http://image.rakuten.co.jp/aoi-depart/cabinet/00377082/img57733851.gif"" width=""270"" height=""103"" border=""0""><BR>
      <FONT size=""-2"" color=""#666666"">■AOIデパートのコスチューム♪新商品がいっぱい♪</FONT></TD>
    </TR>
  </TBODY>
</TABLE>",【アメリカ製】【STREET SIGN】ストリートサインボード【BEACH】【高速】【看板】【米国交通局】【雑貨】【アメリカン雑貨】【アメリカ雑貨】【アメリカ】【USA】【かわいい】【おしゃれ】：ＡＯＩデパート,雑貨スポンジボブイルミネーションケアベアラットフィンク時計ハッピーツリーフレンズディズニー【アメリカ製】【STREET SIGN】ストリートサインボード【BEACH】【高速】【看板】【米国交通局】【雑貨】【アメリカン雑貨】【アメリカ雑貨】【アメリカ】【USA】【かわいい】【おしゃれ】,【アメリカ製】【STREET SIGN】ストリートサインボード。【アメリカ製】【STREET SIGN】ストリートサインボード【BEACH】【高速】【看板】【米国交通局】【雑貨】【アメリカン雑貨】【アメリカ雑貨】【アメリカ】【USA】【かわいい】【おしゃれ】[rn]
2-8654,http://tshop.r10s.jp/aoi-depart/cabinet/00377082/01797821/02171221/img57707476.gif?fitin=700:700,336.0000,,日用品雑貨・文房具・手芸 > 日用品・生活雑貨 > その他,【70 】レギンス　ニュースペーパー柄（ピンク）♪今欠かせないオシャレアイテムと言えばレギンス★☆AOIデパートのコスプレシリーズ♪【コスプレ】【衣装】【コスチューム】【2.980円以上送料無料】【大人気】【大大人気】,【70 】【コスプレ】レギンスニュースペーパー柄♪大大人気！,"■説明■<br>
【70 】レギンス　ニュースペーパー柄（ピンク）♪<br>
今欠かせないオシャレアイテムと言えば<br>
レギンス★カラフルなレギンスは気軽に<br>
オシャレを楽しませてくれる優れもの♪<br>
ＰＯＰな柄が美脚効果もあります☆<br>

☆AOIデパートのコスプレシリーズ♪<br>
【コスプレ】【衣装】【コスチューム】<br>
■サイズ・仕様■<br>
【素材】<br>
綿：95％、<br>
ポリウレタン：5％　<br>
【セット内容】<br>
レギンス　<br>
【サイズ】<br>
M～L、<br>
ヒップ85～98<br>
(未着時本体ウエスト26ｃｍ伸縮性あり)、<br>
着丈85.7cm、股下65cm　<br>
【洗濯表示】<br>
洗濯：弱40度(ネット使用)<br>
タンブラー乾燥はお避けください。<br>
・淡色商品は色落ちしやすいので、<br>
単独で洗い形を整えて直に干してください。<br>
・着用時の摩擦や汗により<br>
色移りすることがあります。<br>
【生産国】中国<br>

■AOIデパートは衣装が勢揃い！！■<br>
(*゜□゜)/ かわぇぇ～【コスプレ】【衣装】<br>
【コスチューム】で毎日の生活を楽しんでください！<br>

■当商品について■<br><br>
＊在庫状況により入荷待ち・欠品になる<br>
場合がございます。<br>
予めご了承下さいますようお願いいたします。<br><TABLE cellspacing=""1"" bgcolor=""#cdcd9a"" cellpadding=""10"">
  <TBODY>
    <TR>
      <TD bgcolor=""#ffffff"" height=""61""><IMG src=""http://image.rakuten.co.jp/aoi-depart/cabinet/souryou.jpg"" width=""505"" height=""52"" border=""0""><br>
      <font size=""2"">沖縄県の場合は、8,000円以上で送料無料となります。</font><FONT size=""1"">（8,000円以下の場合はご注文後に送料が加算されます。）</FONT></TD>
    </TR>
  </TBODY>
</TABLE>
<B><FONT size=""2""><FONT size=""2""><BR>
<FONT size=""2"">★　最終価格！　ソーラー　LEDクリスタルキングトナカイ　ホワイト（白）　★</FONT></FONT><BR>
<BR>
<FONT size=""2"">★　最終価格！　ソーラー　LEDクリスタルキングトナカイ　ブルー（青）　★</FONT></FONT></B><br><br>
<TABLE width=""560"">
  <TBODY>
    <TR>
      <TD valign=""top"" align=""center""><IMG src=""http://image.rakuten.co.jp/aoi-depart/cabinet/00377082/img56929916.gif"" width=""130"" height=""88"" border=""0""><BR>
      <FONT size=""-2"" color=""#999900"">&gt;人気の缶バッジ（バッチ）<BR>
      特集！200アイテム！</FONT></TD>
      <TD valign=""top"" align=""center""><IMG src=""http://image.rakuten.co.jp/aoi-depart/cabinet/00377082/img56929917.gif"" width=""130"" height=""88"" border=""0""><BR>
      <FONT size=""-2"" color=""#999900"">&gt;インテリア用のポスター！<BR>
      特集！200アイテム！</FONT></TD>
      <TD valign=""top"" align=""center""><IMG src=""http://image.rakuten.co.jp/aoi-depart/cabinet/00377082/img56929918.gif"" width=""130"" height=""89"" border=""0""><BR>
      <FONT size=""-2"" color=""#999900"">&gt;人気キャラ！キーホルダー<BR>
      特集！300アイテム！</FONT></TD>
      <TD valign=""top"" align=""center""><IMG src=""http://image.rakuten.co.jp/aoi-depart/cabinet/00377082/img56929919.gif"" width=""130"" height=""89"" border=""0""><BR>
      <FONT size=""-2"" color=""#999900"">&gt;やっぱりワッペン！<BR>
      特集！200アイテム！</FONT></TD>
    </TR>
  </TBODY>
</TABLE>




<P><IMG src=""http://image.rakuten.co.jp/aoi-depart/cabinet/img58891052.gif"" border=""0"" width=""560"" height=""94""><BR>
<FONT color=""#000000"" size=""1"">大人気！くろねこ雑貨、新商品続々入荷中！黒猫キッチン用品、バス用品、おしゃれ雑貨、黒猫インテリア</FONT></P>
<TABLE width=""560"" cellpadding=""0"" cellspacing=""0"">
  <TBODY valign=""top"">
    <TR>
      <TD valign=""top""><IMG src=""http://image.rakuten.co.jp/aoi-depart/cabinet/00377084/imgrc0065158542.gif"" border=""0"" width=""270"" height=""80""><BR>
      <FONT size=""1"">クレヨンしんちゃんグッズ続々入荷中！<BR>
      新学期はしんちゃんのランチグッズやペンケースで決まり！<BR>
      新生活も応援！クッションやタオル、グラスも豊富♪<BR>
      <BR>
      </FONT></TD>
      <TD valign=""top""><IMG src=""http://image.rakuten.co.jp/aoi-depart/cabinet/00377084/imgrc0065158540.gif"" border=""0"" width=""270"" height=""80""><BR>
      <FONT size=""1"">ピンクやレッドがキュートなキティやマイメロ♪<BR>
      サンリオのステップやコロコロクリーナーが売れてます！<BR>
      メラミンカップやグラス、おもちゃ箱も♪プレゼントやギフトにも♪</FONT><BR>
      <BR>
      </TD>
    </TR>
  </TBODY>
</TABLE>
<TABLE width=""560"" cellpadding=""0"" cellspacing=""0"">
  <TBODY valign=""top"">
    <TR>
      <TD valign=""top""><IMG src=""http://image.rakuten.co.jp/aoi-depart/cabinet/00377084/imgrc0065158539.gif"" border=""0"" width=""270"" height=""80""><BR>
      <FONT size=""1"">ベビータオルやベビーギフトならアナノカフェ♪安心の日本製です。<BR>
      ほわほわ～の柔らか素材がお肌にも優しい。<BR>
      内祝やご出産祝にも最適！スタイや肌着の種類も豊富！</FONT><BR>
      <BR>
      </TD>
      <TD valign=""top""><IMG src=""http://image.rakuten.co.jp/aoi-depart/cabinet/00377084/imgrc0065158538.gif"" border=""0"" width=""270"" height=""80""><BR>
      <FONT size=""1"">キュートでポップな亜土ちゃんのグッズでラブリーな生活を♪<BR>
      クッションや食器、ブリキケースもすっごくカワイイ♪<BR>
      お花★ハート★キッス　が合言葉♪！</FONT></TD>
    </TR>
  </TBODY>
</TABLE>
<TABLE width=""560"" cellpadding=""0"" cellspacing=""0"">
  <TBODY valign=""top"">
    <TR>
      <TD valign=""top""><IMG src=""http://image.rakuten.co.jp/aoi-depart/cabinet/00377084/imgrc0065158541.gif"" border=""0"" width=""270"" height=""80""><BR>
      <FONT size=""1"">やっぱり定番！ず～っと人気が止まらないっ！<BR>
      クッションやティッシュカバー、フリーケースで周りをボブイエロー<BR>
      に染めちゃえ！超ビッグなメガデカクッションは要チェック！</FONT><BR>
      <BR>
      </TD>
      <TD valign=""top""><IMG src=""http://image.rakuten.co.jp/aoi-depart/cabinet/00377084/imgrc0065158543.gif"" border=""0"" width=""270"" height=""80""><BR>
      <FONT size=""1"">アメコミの中でもスパイダーマンはダントツ人気！<BR>
      ポスターやコスチューム、ストラップなどなどグッズも大量！<BR>
      お部屋に飾ればカッコイイ　ヒーロコミックの世界に！</FONT><BR>
      <BR>
      </TD>
    </TR>
  </TBODY>
</TABLE>

<TABLE width=""560"">
  <TBODY>
    <TR>
      <TD><IMG src=""http://image.rakuten.co.jp/aoi-depart/cabinet/00377084/img57529064.gif"" width=""186"" height=""70"" border=""0""><BR>
      <FONT size=""-2"" color=""#ff8000"">▼タオル特集！柔らか～！かわいい～！<BR>
      自分流でお気に入りをどうぞ♪</FONT></TD>
      <TD><IMG src=""http://image.rakuten.co.jp/aoi-depart/cabinet/00377084/img57529063.gif"" width=""186"" height=""70"" border=""0""><BR>
      <FONT size=""-2"" color=""#ff8000"">▼健康な美しさを追求♪でもでも毎日使うものだからこそかわいいデザインのものを♪</FONT></TD>
      <TD><IMG src=""http://image.rakuten.co.jp/aoi-depart/cabinet/00377084/img57529065.gif"" width=""186"" height=""70"" border=""0""><BR>
      <FONT size=""-2"" color=""#ff8000"">▼お風呂グッズ特集♪こだわりタオルから便利バス用品まで選りすぐって取り揃えました♪</FONT></TD>
    </TR>
  </TBODY>
</TABLE>

<TABLE width=""560"" height=""120"" bgcolor=""#ffffff"" cellpadding=""0"" cellspacing=""1"">
  <TBODY>
    <TR>
      <TD bgcolor=""#ffffff"" align=""center"" valign=""top""><IMG src=""http://image.rakuten.co.jp/aoi-depart/cabinet/00377084/img57844237.gif"" width=""270"" height=""72"" border=""0""><BR>
      <FONT size=""-2"" color=""#666666"">■生活雑貨勢揃い！1000アイテムの中からお気に入りをどうぞ！■</FONT></TD>
      <TD bgcolor=""#ffffff"" align=""center"" valign=""middle""><IMG src=""http://image.rakuten.co.jp/aoi-depart/cabinet/00377082/img57733851.gif"" width=""270"" height=""103"" border=""0""><BR>
      <FONT size=""-2"" color=""#666666"">■AOIデパートのコスチューム♪新商品がいっぱい♪</FONT></TD>
    </TR>
  </TBODY>
</TABLE>",【70 】レギンス　ニュースペーパー柄（ピンク）♪今欠かせないオシャレアイテムと言えばレギンス★☆AOIデパートのコスプレシリーズ♪【コスプレ】【衣装】【コスチューム】【2.980円以上送料無料】【大人気】【大大人気】：ＡＯＩデパート,雑貨スポンジボブイルミネーションケアベアラットフィンク時計ハッピーツリーフレンズディズニー【70 】レギンス　ニュースペーパー柄（ピンク）♪今欠かせないオシャレアイテムと言えばレギンス★☆AOIデパートのコスプレシリーズ♪【コスプレ】【衣装】【コスチューム】【2.980円以上送料無料】【大人気】【大大人気】,【70 】【コスプレ】レギンスニュースペーパー柄♪大大人気！。【70 】レギンス　ニュースペーパー柄（ピンク）♪今欠かせないオシャレアイテムと言えばレギンス★☆AOIデパートのコスプレシリーズ♪【コスプレ】【衣装】【コスチューム】【2.980円以上送料無料】【大人気】【大大人気】[rn]
2-8655,http://tshop.r10s.jp/aoi-depart/cabinet/00377082/01797821/02179217/img57729423.gif?fitin=700:700,168.0000,,日用品雑貨・文房具・手芸 > 日用品・生活雑貨 > その他,【再入荷未定】男の前髪　ビジュアル系前髪♪業界初！殿方の前髪列伝発売！！変わり身願望のあるでござるお主達！☆AOIデパートのコスプレシリーズ♪【コスプレ】【衣装】【コスチューム】【2.980円以上送料無料】【大人気】【大大人気】,【80 】【コスプレ】男の前髪　ビジュアル系前髪♪大大人気！,"■説明■<br>
【80 】男の前髪　ビジュアル系前髪♪<br>
業界初！殿方の前髪列伝発売！！<br>
変わり身願望のあるでござるお主達！<br>
前髪ういっぐを付けて新しゐ己に変わり身じゃ！<br>

☆AOIデパートのコスプレシリーズ♪<br>
【コスプレ】【衣装】【コスチューム】<br>
■サイズ・仕様■<br>
【セット内容】<br>
前髪ウィッグ　　<br>
【素材】<br>
ポリエステル100%　<br>

■AOIデパートは衣装が勢揃い！！■<br>
(*゜□゜)/ かわぇぇ～【コスプレ】【衣装】<br>
【コスチューム】で毎日の生活を楽しんでください！<br>

■当商品について■<br><br>
＊在庫状況により入荷待ち・欠品になる<br>
場合がございます。<br>
予めご了承下さいますようお願いいたします。<br><TABLE cellspacing=""1"" bgcolor=""#cdcd9a"" cellpadding=""10"">
  <TBODY>
    <TR>
      <TD bgcolor=""#ffffff"" height=""61""><IMG src=""http://image.rakuten.co.jp/aoi-depart/cabinet/souryou.jpg"" width=""505"" height=""52"" border=""0""><br>
      <font size=""2"">沖縄県の場合は、8,000円以上で送料無料となります。</font><FONT size=""1"">（8,000円以下の場合はご注文後に送料が加算されます。）</FONT></TD>
    </TR>
  </TBODY>
</TABLE>
<B><FONT size=""2""><FONT size=""2""><BR>
<FONT size=""2"">★　最終価格！　ソーラー　LEDクリスタルキングトナカイ　ホワイト（白）　★</FONT></FONT><BR>
<BR>
<FONT size=""2"">★　最終価格！　ソーラー　LEDクリスタルキングトナカイ　ブルー（青）　★</FONT></FONT></B><br><br>
<TABLE width=""560"">
  <TBODY>
    <TR>
      <TD valign=""top"" align=""center""><IMG src=""http://image.rakuten.co.jp/aoi-depart/cabinet/00377082/img56929916.gif"" width=""130"" height=""88"" border=""0""><BR>
      <FONT size=""-2"" color=""#999900"">&gt;人気の缶バッジ（バッチ）<BR>
      特集！200アイテム！</FONT></TD>
      <TD valign=""top"" align=""center""><IMG src=""http://image.rakuten.co.jp/aoi-depart/cabinet/00377082/img56929917.gif"" width=""130"" height=""88"" border=""0""><BR>
      <FONT size=""-2"" color=""#999900"">&gt;インテリア用のポスター！<BR>
      特集！200アイテム！</FONT></TD>
      <TD valign=""top"" align=""center""><IMG src=""http://image.rakuten.co.jp/aoi-depart/cabinet/00377082/img56929918.gif"" width=""130"" height=""89"" border=""0""><BR>
      <FONT size=""-2"" color=""#999900"">&gt;人気キャラ！キーホルダー<BR>
      特集！300アイテム！</FONT></TD>
      <TD valign=""top"" align=""center""><IMG src=""http://image.rakuten.co.jp/aoi-depart/cabinet/00377082/img56929919.gif"" width=""130"" height=""89"" border=""0""><BR>
      <FONT size=""-2"" color=""#999900"">&gt;やっぱりワッペン！<BR>
      特集！200アイテム！</FONT></TD>
    </TR>
  </TBODY>
</TABLE>




<P><IMG src=""http://image.rakuten.co.jp/aoi-depart/cabinet/img58891052.gif"" border=""0"" width=""560"" height=""94""><BR>
<FONT color=""#000000"" size=""1"">大人気！くろねこ雑貨、新商品続々入荷中！黒猫キッチン用品、バス用品、おしゃれ雑貨、黒猫インテリア</FONT></P>
<TABLE width=""560"" cellpadding=""0"" cellspacing=""0"">
  <TBODY valign=""top"">
    <TR>
      <TD valign=""top""><IMG src=""http://image.rakuten.co.jp/aoi-depart/cabinet/00377084/imgrc0065158542.gif"" border=""0"" width=""270"" height=""80""><BR>
      <FONT size=""1"">クレヨンしんちゃんグッズ続々入荷中！<BR>
      新学期はしんちゃんのランチグッズやペンケースで決まり！<BR>
      新生活も応援！クッションやタオル、グラスも豊富♪<BR>
      <BR>
      </FONT></TD>
      <TD valign=""top""><IMG src=""http://image.rakuten.co.jp/aoi-depart/cabinet/00377084/imgrc0065158540.gif"" border=""0"" width=""270"" height=""80""><BR>
      <FONT size=""1"">ピンクやレッドがキュートなキティやマイメロ♪<BR>
      サンリオのステップやコロコロクリーナーが売れてます！<BR>
      メラミンカップやグラス、おもちゃ箱も♪プレゼントやギフトにも♪</FONT><BR>
      <BR>
      </TD>
    </TR>
  </TBODY>
</TABLE>
<TABLE width=""560"" cellpadding=""0"" cellspacing=""0"">
  <TBODY valign=""top"">
    <TR>
      <TD valign=""top""><IMG src=""http://image.rakuten.co.jp/aoi-depart/cabinet/00377084/imgrc0065158539.gif"" border=""0"" width=""270"" height=""80""><BR>
      <FONT size=""1"">ベビータオルやベビーギフトならアナノカフェ♪安心の日本製です。<BR>
      ほわほわ～の柔らか素材がお肌にも優しい。<BR>
      内祝やご出産祝にも最適！スタイや肌着の種類も豊富！</FONT><BR>
      <BR>
      </TD>
      <TD valign=""top""><IMG src=""http://image.rakuten.co.jp/aoi-depart/cabinet/00377084/imgrc0065158538.gif"" border=""0"" width=""270"" height=""80""><BR>
      <FONT size=""1"">キュートでポップな亜土ちゃんのグッズでラブリーな生活を♪<BR>
      クッションや食器、ブリキケースもすっごくカワイイ♪<BR>
      お花★ハート★キッス　が合言葉♪！</FONT></TD>
    </TR>
  </TBODY>
</TABLE>
<TABLE width=""560"" cellpadding=""0"" cellspacing=""0"">
  <TBODY valign=""top"">
    <TR>
      <TD valign=""top""><IMG src=""http://image.rakuten.co.jp/aoi-depart/cabinet/00377084/imgrc0065158541.gif"" border=""0"" width=""270"" height=""80""><BR>
      <FONT size=""1"">やっぱり定番！ず～っと人気が止まらないっ！<BR>
      クッションやティッシュカバー、フリーケースで周りをボブイエロー<BR>
      に染めちゃえ！超ビッグなメガデカクッションは要チェック！</FONT><BR>
      <BR>
      </TD>
      <TD valign=""top""><IMG src=""http://image.rakuten.co.jp/aoi-depart/cabinet/00377084/imgrc0065158543.gif"" border=""0"" width=""270"" height=""80""><BR>
      <FONT size=""1"">アメコミの中でもスパイダーマンはダントツ人気！<BR>
      ポスターやコスチューム、ストラップなどなどグッズも大量！<BR>
      お部屋に飾ればカッコイイ　ヒーロコミックの世界に！</FONT><BR>
      <BR>
      </TD>
    </TR>
  </TBODY>
</TABLE>

<TABLE width=""560"">
  <TBODY>
    <TR>
      <TD><IMG src=""http://image.rakuten.co.jp/aoi-depart/cabinet/00377084/img57529064.gif"" width=""186"" height=""70"" border=""0""><BR>
      <FONT size=""-2"" color=""#ff8000"">▼タオル特集！柔らか～！かわいい～！<BR>
      自分流でお気に入りをどうぞ♪</FONT></TD>
      <TD><IMG src=""http://image.rakuten.co.jp/aoi-depart/cabinet/00377084/img57529063.gif"" width=""186"" height=""70"" border=""0""><BR>
      <FONT size=""-2"" color=""#ff8000"">▼健康な美しさを追求♪でもでも毎日使うものだからこそかわいいデザインのものを♪</FONT></TD>
      <TD><IMG src=""http://image.rakuten.co.jp/aoi-depart/cabinet/00377084/img57529065.gif"" width=""186"" height=""70"" border=""0""><BR>
      <FONT size=""-2"" color=""#ff8000"">▼お風呂グッズ特集♪こだわりタオルから便利バス用品まで選りすぐって取り揃えました♪</FONT></TD>
    </TR>
  </TBODY>
</TABLE>

<TABLE width=""560"" height=""120"" bgcolor=""#ffffff"" cellpadding=""0"" cellspacing=""1"">
  <TBODY>
    <TR>
      <TD bgcolor=""#ffffff"" align=""center"" valign=""top""><IMG src=""http://image.rakuten.co.jp/aoi-depart/cabinet/00377084/img57844237.gif"" width=""270"" height=""72"" border=""0""><BR>
      <FONT size=""-2"" color=""#666666"">■生活雑貨勢揃い！1000アイテムの中からお気に入りをどうぞ！■</FONT></TD>
      <TD bgcolor=""#ffffff"" align=""center"" valign=""middle""><IMG src=""http://image.rakuten.co.jp/aoi-depart/cabinet/00377082/img57733851.gif"" width=""270"" height=""103"" border=""0""><BR>
      <FONT size=""-2"" color=""#666666"">■AOIデパートのコスチューム♪新商品がいっぱい♪</FONT></TD>
    </TR>
  </TBODY>
</TABLE>",【再入荷未定】男の前髪　ビジュアル系前髪♪業界初！殿方の前髪列伝発売！！変わり身願望のあるでござるお主達！☆AOIデパートのコスプレシリーズ♪【コスプレ】【衣装】【コスチューム】【2.980円以上送料無料】【大人気】【大大人気】：ＡＯＩデパート,雑貨スポンジボブイルミネーションケアベアラットフィンク時計ハッピーツリーフレンズディズニー【再入荷未定】男の前髪　ビジュアル系前髪♪業界初！殿方の前髪列伝発売！！変わり身願望のあるでござるお主達！☆AOIデパートのコスプレシリーズ♪【コスプレ】【衣装】【コスチューム】【2.980円以上送料無料】【大人気】【大大人気】,【80 】【コスプレ】男の前髪　ビジュアル系前髪♪大大人気！。【再入荷未定】男の前髪　ビジュアル系前髪♪業界初！殿方の前髪列伝発売！！変わり身願望のあるでござるお主達！☆AOIデパートのコスプレシリーズ♪【コスプレ】【衣装】【コスチューム】【2.980円以上送料無料】【大人気】【大大人気】[rn]
2-8656,http://tshop.r10s.jp/plantz/cabinet/4972353235070.jpg?fitin=700:700,51696.0000,,キッチン用品・食器・調理器具 > キッチン用品・雑貨・エプロン > その他,送料無料【カクダイ/KAKUDAI】#235-007 温水洗浄便座 JAN:4972353235070,水と住まいの接点&rdquo;にある製品を追求したカクダイ,"<div id=""t1"">◆標準、大型(エロンゲート)兼用サイズ
◆(財)電気安全環境研究所(JET)認証品
◆分岐用フレキチーズ付き
◆ホワイト
<hr>【カクダイ】235-007 温水洗浄便座/JAN:4972353235070<br>
温水洗浄便座（操作パネル式）（235-005）の代替商品
<br><br>キーワード＜カクダイ/KAKUDAI/便所/トイレ/洗面/便器・便座/温水洗浄便座（貯湯式）/水周り/水道用品/整備用品/住宅機器/＞</div><img src=""http://image.rakuten.co.jp/plantz/cabinet/wrappng.jpg"" width=""640""><br>",送料無料【カクダイ/KAKUDAI】#235-007 温水洗浄便座 JAN:4972353235070：ものうりばPlantz,ネット通販 オンラインショッピング 通信販売 ものうりばプランツ 海外配送 纏め買い 大阪府堺市 特価 格安坂源 ハンドクリエーション フラワーアレンジメント ガーデニングツールグローバール GLOBAL ステンレス包丁 牛刀 三徳 ペティ パン切り 庖丁セットアナ雪 アナと雪の女王 エルサ アナ ディズニー 入園祝い 入学祝い クリスマスプレゼント入学式 入園式 新生活 新社会人 一人暮らし 便利 生活用品 日用雑貨阪急 トーエー スペシャルクリーナー アクアダンス ビューティーシャワー ミンクル 靴の汚れ落とし ツヤ出し 防水スプレー 撥水スプレー シューケアー 革製品 ソファ 革ジャン 梅雨  雨合羽 レインコート レインウェア母の日 父の日 古沢製作所 爪美人 ギフト ワタオカ　爪やすり 踵やすり つめやすり かかとやすり 柄沢やすりセンサーライト 防犯　自転車　駐輪場 ドア 窓ロック ベランダ 防災 突っ張り棒 転倒防止 災害対策 地震対策スタンレー マグボトル 水筒 マグカップ 炊飯ジャー アメリカ お弁当SUWADA　爪切り ネイル 革ケース 須和田 諏訪田製作所 つめ切り 三条 マルト 長谷川刃物 爪美人 古沢製作所くまのがっこう くまの学校 絵本 キッチングッズ ヤクセル 関ダマスカス ミルフィーユ包丁 曜 ヤクセル 積層包丁 外山刃物　秀久 剪定鋏　剪定はさみ 剪定ばさみ 剪定サック 飛庄 SR-1ベンリナー スライサー 片岡製作所 ニャミー ピザ 猫レジャー 住友化学エンバイロメントサイエンス ストロンテック アウトドア 尾上製作所 ビクトリノックス マルチナイフ コンロ キャンプ 中林製作所　冒険倶楽部キンボシ 手動芝刈機 GSB-2000N  芝生のお手入れ 芝のお手入れ ナイスバーディーモアー ナイスバーディモアデラックス ナイスバーディーモアー GSB-2000NDX GSB-2000DX  手動式芝刈機珪藻土バスマット 足乾バスマット 速乾バスマットミニ バス用品 フジワラ化学 アクドメール かんたん安心珪藻土ウルフガルテン フェルコ ドイツの園芸用品　ベルガー バーガー 高品質新生活応援 キッチンセット包丁 一人暮らし 引越し 便利グッズ DS-38 ダイヤモンドシャープナー京セラ セラミック包丁 セラミックキッチンセット 包丁セット まな板 ピーラー 三徳包丁 RS-20BK ロールシャープナー 刃物砥石送料無料【カクダイ/KAKUDAI】#235-007 温水洗浄便座 JAN:4972353235070,水と住まいの接点&rdquo;にある製品を追求したカクダイ。送料無料【カクダイ/KAKUDAI】#235-007 温水洗浄便座 JAN:4972353235070[rn]
2-8657,http://tshop.r10s.jp/plantz/cabinet/4972353701438.jpg?fitin=700:700,1728.0000,,キッチン用品・食器・調理器具 > キッチン用品・雑貨・エプロン > その他,【カクダイ/KAKUDAI】#7015F-13 万能ホーム水栓,水と住まいの接点&rdquo;にある製品を追求したカクダイ,"<img src=""http://image.rakuten.co.jp/plantz/cabinet/wrappng.jpg"" width=""640""><br>",【カクダイ/KAKUDAI】#7015F-13 万能ホーム水栓：ものうりばPlantz,ネット通販 オンラインショッピング 通信販売 ものうりばプランツ 海外配送 纏め買い 大阪府堺市 特価 格安坂源 ハンドクリエーション フラワーアレンジメント ガーデニングツールグローバール GLOBAL ステンレス包丁 牛刀 三徳 ペティ パン切り 庖丁セットアナ雪 アナと雪の女王 エルサ アナ ディズニー 入園祝い 入学祝い クリスマスプレゼント入学式 入園式 新生活 新社会人 一人暮らし 便利 生活用品 日用雑貨阪急 トーエー スペシャルクリーナー アクアダンス ビューティーシャワー ミンクル 靴の汚れ落とし ツヤ出し 防水スプレー 撥水スプレー シューケアー 革製品 ソファ 革ジャン 梅雨  雨合羽 レインコート レインウェア母の日 父の日 古沢製作所 爪美人 ギフト ワタオカ　爪やすり 踵やすり つめやすり かかとやすり 柄沢やすりセンサーライト 防犯　自転車　駐輪場 ドア 窓ロック ベランダ 防災 突っ張り棒 転倒防止 災害対策 地震対策スタンレー マグボトル 水筒 マグカップ 炊飯ジャー アメリカ お弁当SUWADA　爪切り ネイル 革ケース 須和田 諏訪田製作所 つめ切り 三条 マルト 長谷川刃物 爪美人 古沢製作所くまのがっこう くまの学校 絵本 キッチングッズ ヤクセル 関ダマスカス ミルフィーユ包丁 曜 ヤクセル 積層包丁 外山刃物　秀久 剪定鋏　剪定はさみ 剪定ばさみ 剪定サック 飛庄 SR-1ベンリナー スライサー 片岡製作所 ニャミー ピザ 猫レジャー 住友化学エンバイロメントサイエンス ストロンテック アウトドア 尾上製作所 ビクトリノックス マルチナイフ コンロ キャンプ 中林製作所　冒険倶楽部キンボシ 手動芝刈機 GSB-2000N  芝生のお手入れ 芝のお手入れ ナイスバーディーモアー ナイスバーディモアデラックス ナイスバーディーモアー GSB-2000NDX GSB-2000DX  手動式芝刈機珪藻土バスマット 足乾バスマット 速乾バスマットミニ バス用品 フジワラ化学 アクドメール かんたん安心珪藻土ウルフガルテン フェルコ ドイツの園芸用品　ベルガー バーガー 高品質新生活応援 キッチンセット包丁 一人暮らし 引越し 便利グッズ DS-38 ダイヤモンドシャープナー京セラ セラミック包丁 セラミックキッチンセット 包丁セット まな板 ピーラー 三徳包丁 RS-20BK ロールシャープナー 刃物砥石【カクダイ/KAKUDAI】#7015F-13 万能ホーム水栓,水と住まいの接点&rdquo;にある製品を追求したカクダイ。【カクダイ/KAKUDAI】#7015F-13 万能ホーム水栓[rn]
2-8658,http://tshop.r10s.jp/plantz/cabinet/4972353020386.jpg?fitin=700:700,1416.0000,,キッチン用品・食器・調理器具 > キッチン用品・雑貨・エプロン > その他,【カクダイ/KAKUDAI】#649-871-03F 汎用圧力計(Aタイプ),水と住まいの接点&rdquo;にある製品を追求したカクダイ,"<img src=""http://image.rakuten.co.jp/plantz/cabinet/wrappng.jpg"" width=""640""><br>",【カクダイ/KAKUDAI】#649-871-03F 汎用圧力計(Aタイプ)：ものうりばPlantz,ネット通販 オンラインショッピング 通信販売 ものうりばプランツ 海外配送 纏め買い 大阪府堺市 特価 格安坂源 ハンドクリエーション フラワーアレンジメント ガーデニングツールグローバール GLOBAL ステンレス包丁 牛刀 三徳 ペティ パン切り 庖丁セットアナ雪 アナと雪の女王 エルサ アナ ディズニー 入園祝い 入学祝い クリスマスプレゼント入学式 入園式 新生活 新社会人 一人暮らし 便利 生活用品 日用雑貨阪急 トーエー スペシャルクリーナー アクアダンス ビューティーシャワー ミンクル 靴の汚れ落とし ツヤ出し 防水スプレー 撥水スプレー シューケアー 革製品 ソファ 革ジャン 梅雨  雨合羽 レインコート レインウェア母の日 父の日 古沢製作所 爪美人 ギフト ワタオカ　爪やすり 踵やすり つめやすり かかとやすり 柄沢やすりセンサーライト 防犯　自転車　駐輪場 ドア 窓ロック ベランダ 防災 突っ張り棒 転倒防止 災害対策 地震対策スタンレー マグボトル 水筒 マグカップ 炊飯ジャー アメリカ お弁当SUWADA　爪切り ネイル 革ケース 須和田 諏訪田製作所 つめ切り 三条 マルト 長谷川刃物 爪美人 古沢製作所くまのがっこう くまの学校 絵本 キッチングッズ ヤクセル 関ダマスカス ミルフィーユ包丁 曜 ヤクセル 積層包丁 外山刃物　秀久 剪定鋏　剪定はさみ 剪定ばさみ 剪定サック 飛庄 SR-1ベンリナー スライサー 片岡製作所 ニャミー ピザ 猫レジャー 住友化学エンバイロメントサイエンス ストロンテック アウトドア 尾上製作所 ビクトリノックス マルチナイフ コンロ キャンプ 中林製作所　冒険倶楽部キンボシ 手動芝刈機 GSB-2000N  芝生のお手入れ 芝のお手入れ ナイスバーディーモアー ナイスバーディモアデラックス ナイスバーディーモアー GSB-2000NDX GSB-2000DX  手動式芝刈機珪藻土バスマット 足乾バスマット 速乾バスマットミニ バス用品 フジワラ化学 アクドメール かんたん安心珪藻土ウルフガルテン フェルコ ドイツの園芸用品　ベルガー バーガー 高品質新生活応援 キッチンセット包丁 一人暮らし 引越し 便利グッズ DS-38 ダイヤモンドシャープナー京セラ セラミック包丁 セラミックキッチンセット 包丁セット まな板 ピーラー 三徳包丁 RS-20BK ロールシャープナー 刃物砥石【カクダイ/KAKUDAI】#649-871-03F 汎用圧力計(Aタイプ),水と住まいの接点&rdquo;にある製品を追求したカクダイ。【カクダイ/KAKUDAI】#649-871-03F 汎用圧力計(Aタイプ)[rn]
2-8659,http://tshop.r10s.jp/plantz/cabinet/4972353650743.jpg?fitin=700:700,2184.0000,,キッチン用品・食器・調理器具 > キッチン用品・雑貨・エプロン > その他,【廃番】【カクダイ/KAKUDAI】#650-735-13 耐熱ボールバルブ フルボア,水と住まいの接点&rdquo;にある製品を追求したカクダイ,"<img src=""http://image.rakuten.co.jp/plantz/cabinet/wrappng.jpg"" width=""640""><br>",【廃番】【カクダイ/KAKUDAI】#650-735-13 耐熱ボールバルブ フルボア：ものうりばPlantz,ネット通販 オンラインショッピング 通信販売 ものうりばプランツ 海外配送 纏め買い 大阪府堺市 特価 格安坂源 ハンドクリエーション フラワーアレンジメント ガーデニングツールグローバール GLOBAL ステンレス包丁 牛刀 三徳 ペティ パン切り 庖丁セットアナ雪 アナと雪の女王 エルサ アナ ディズニー 入園祝い 入学祝い クリスマスプレゼント入学式 入園式 新生活 新社会人 一人暮らし 便利 生活用品 日用雑貨阪急 トーエー スペシャルクリーナー アクアダンス ビューティーシャワー ミンクル 靴の汚れ落とし ツヤ出し 防水スプレー 撥水スプレー シューケアー 革製品 ソファ 革ジャン 梅雨  雨合羽 レインコート レインウェア母の日 父の日 古沢製作所 爪美人 ギフト ワタオカ　爪やすり 踵やすり つめやすり かかとやすり 柄沢やすりセンサーライト 防犯　自転車　駐輪場 ドア 窓ロック ベランダ 防災 突っ張り棒 転倒防止 災害対策 地震対策スタンレー マグボトル 水筒 マグカップ 炊飯ジャー アメリカ お弁当SUWADA　爪切り ネイル 革ケース 須和田 諏訪田製作所 つめ切り 三条 マルト 長谷川刃物 爪美人 古沢製作所くまのがっこう くまの学校 絵本 キッチングッズ ヤクセル 関ダマスカス ミルフィーユ包丁 曜 ヤクセル 積層包丁 外山刃物　秀久 剪定鋏　剪定はさみ 剪定ばさみ 剪定サック 飛庄 SR-1ベンリナー スライサー 片岡製作所 ニャミー ピザ 猫レジャー 住友化学エンバイロメントサイエンス ストロンテック アウトドア 尾上製作所 ビクトリノックス マルチナイフ コンロ キャンプ 中林製作所　冒険倶楽部キンボシ 手動芝刈機 GSB-2000N  芝生のお手入れ 芝のお手入れ ナイスバーディーモアー ナイスバーディモアデラックス ナイスバーディーモアー GSB-2000NDX GSB-2000DX  手動式芝刈機珪藻土バスマット 足乾バスマット 速乾バスマットミニ バス用品 フジワラ化学 アクドメール かんたん安心珪藻土ウルフガルテン フェルコ ドイツの園芸用品　ベルガー バーガー 高品質新生活応援 キッチンセット包丁 一人暮らし 引越し 便利グッズ DS-38 ダイヤモンドシャープナー京セラ セラミック包丁 セラミックキッチンセット 包丁セット まな板 ピーラー 三徳包丁 RS-20BK ロールシャープナー 刃物砥石【廃番】【カクダイ/KAKUDAI】#650-735-13 耐熱ボールバルブ フルボア,水と住まいの接点&rdquo;にある製品を追求したカクダイ。【廃番】【カクダイ/KAKUDAI】#650-735-13 耐熱ボールバルブ フルボア[rn]
2-8660,http://tshop.r10s.jp/plantz/cabinet/4972353008124.jpg?fitin=700:700,2976.0000,,キッチン用品・食器・調理器具 > キッチン用品・雑貨・エプロン > その他,【カクダイ/KAKUDAI】#422-100-100 トラップ付目皿,水と住まいの接点&rdquo;にある製品を追求したカクダイ,"<img src=""http://image.rakuten.co.jp/plantz/cabinet/wrappng.jpg"" width=""640""><br>",【カクダイ/KAKUDAI】#422-100-100 トラップ付目皿：ものうりばPlantz,ネット通販 オンラインショッピング 通信販売 ものうりばプランツ 海外配送 纏め買い 大阪府堺市 特価 格安坂源 ハンドクリエーション フラワーアレンジメント ガーデニングツールグローバール GLOBAL ステンレス包丁 牛刀 三徳 ペティ パン切り 庖丁セットアナ雪 アナと雪の女王 エルサ アナ ディズニー 入園祝い 入学祝い クリスマスプレゼント入学式 入園式 新生活 新社会人 一人暮らし 便利 生活用品 日用雑貨阪急 トーエー スペシャルクリーナー アクアダンス ビューティーシャワー ミンクル 靴の汚れ落とし ツヤ出し 防水スプレー 撥水スプレー シューケアー 革製品 ソファ 革ジャン 梅雨  雨合羽 レインコート レインウェア母の日 父の日 古沢製作所 爪美人 ギフト ワタオカ　爪やすり 踵やすり つめやすり かかとやすり 柄沢やすりセンサーライト 防犯　自転車　駐輪場 ドア 窓ロック ベランダ 防災 突っ張り棒 転倒防止 災害対策 地震対策スタンレー マグボトル 水筒 マグカップ 炊飯ジャー アメリカ お弁当SUWADA　爪切り ネイル 革ケース 須和田 諏訪田製作所 つめ切り 三条 マルト 長谷川刃物 爪美人 古沢製作所くまのがっこう くまの学校 絵本 キッチングッズ ヤクセル 関ダマスカス ミルフィーユ包丁 曜 ヤクセル 積層包丁 外山刃物　秀久 剪定鋏　剪定はさみ 剪定ばさみ 剪定サック 飛庄 SR-1ベンリナー スライサー 片岡製作所 ニャミー ピザ 猫レジャー 住友化学エンバイロメントサイエンス ストロンテック アウトドア 尾上製作所 ビクトリノックス マルチナイフ コンロ キャンプ 中林製作所　冒険倶楽部キンボシ 手動芝刈機 GSB-2000N  芝生のお手入れ 芝のお手入れ ナイスバーディーモアー ナイスバーディモアデラックス ナイスバーディーモアー GSB-2000NDX GSB-2000DX  手動式芝刈機珪藻土バスマット 足乾バスマット 速乾バスマットミニ バス用品 フジワラ化学 アクドメール かんたん安心珪藻土ウルフガルテン フェルコ ドイツの園芸用品　ベルガー バーガー 高品質新生活応援 キッチンセット包丁 一人暮らし 引越し 便利グッズ DS-38 ダイヤモンドシャープナー京セラ セラミック包丁 セラミックキッチンセット 包丁セット まな板 ピーラー 三徳包丁 RS-20BK ロールシャープナー 刃物砥石【カクダイ/KAKUDAI】#422-100-100 トラップ付目皿,水と住まいの接点&rdquo;にある製品を追求したカクダイ。【カクダイ/KAKUDAI】#422-100-100 トラップ付目皿[rn]
2-8661,http://tshop.r10s.jp/plantz/cabinet/4972353660001.jpg?fitin=700:700,3320.0000,,キッチン用品・食器・調理器具 > キッチン用品・雑貨・エプロン > その他,【カクダイ/KAKUDAI】#660-041-13 横形ボールタップ,水と住まいの接点&rdquo;にある製品を追求したカクダイ,"<img src=""http://image.rakuten.co.jp/plantz/cabinet/wrappng.jpg"" width=""640""><br>",【カクダイ/KAKUDAI】#660-041-13 横形ボールタップ：ものうりばPlantz,ネット通販 オンラインショッピング 通信販売 ものうりばプランツ 海外配送 纏め買い 大阪府堺市 特価 格安坂源 ハンドクリエーション フラワーアレンジメント ガーデニングツールグローバール GLOBAL ステンレス包丁 牛刀 三徳 ペティ パン切り 庖丁セットアナ雪 アナと雪の女王 エルサ アナ ディズニー 入園祝い 入学祝い クリスマスプレゼント入学式 入園式 新生活 新社会人 一人暮らし 便利 生活用品 日用雑貨阪急 トーエー スペシャルクリーナー アクアダンス ビューティーシャワー ミンクル 靴の汚れ落とし ツヤ出し 防水スプレー 撥水スプレー シューケアー 革製品 ソファ 革ジャン 梅雨  雨合羽 レインコート レインウェア母の日 父の日 古沢製作所 爪美人 ギフト ワタオカ　爪やすり 踵やすり つめやすり かかとやすり 柄沢やすりセンサーライト 防犯　自転車　駐輪場 ドア 窓ロック ベランダ 防災 突っ張り棒 転倒防止 災害対策 地震対策スタンレー マグボトル 水筒 マグカップ 炊飯ジャー アメリカ お弁当SUWADA　爪切り ネイル 革ケース 須和田 諏訪田製作所 つめ切り 三条 マルト 長谷川刃物 爪美人 古沢製作所くまのがっこう くまの学校 絵本 キッチングッズ ヤクセル 関ダマスカス ミルフィーユ包丁 曜 ヤクセル 積層包丁 外山刃物　秀久 剪定鋏　剪定はさみ 剪定ばさみ 剪定サック 飛庄 SR-1ベンリナー スライサー 片岡製作所 ニャミー ピザ 猫レジャー 住友化学エンバイロメントサイエンス ストロンテック アウトドア 尾上製作所 ビクトリノックス マルチナイフ コンロ キャンプ 中林製作所　冒険倶楽部キンボシ 手動芝刈機 GSB-2000N  芝生のお手入れ 芝のお手入れ ナイスバーディーモアー ナイスバーディモアデラックス ナイスバーディーモアー GSB-2000NDX GSB-2000DX  手動式芝刈機珪藻土バスマット 足乾バスマット 速乾バスマットミニ バス用品 フジワラ化学 アクドメール かんたん安心珪藻土ウルフガルテン フェルコ ドイツの園芸用品　ベルガー バーガー 高品質新生活応援 キッチンセット包丁 一人暮らし 引越し 便利グッズ DS-38 ダイヤモンドシャープナー京セラ セラミック包丁 セラミックキッチンセット 包丁セット まな板 ピーラー 三徳包丁 RS-20BK ロールシャープナー 刃物砥石【カクダイ/KAKUDAI】#660-041-13 横形ボールタップ,水と住まいの接点&rdquo;にある製品を追求したカクダイ。【カクダイ/KAKUDAI】#660-041-13 横形ボールタップ[rn]
2-8662,http://tshop.r10s.jp/plantz/cabinet/4972353016518.jpg?fitin=700:700,5880.0000,,キッチン用品・食器・調理器具 > キッチン用品・雑貨・エプロン > その他,【カクダイ/KAKUDAI】#702-002-13 横水栓/ロング･Pゴールド,水と住まいの接点&rdquo;にある製品を追求したカクダイ,"<img src=""http://image.rakuten.co.jp/plantz/cabinet/wrappng.jpg"" width=""640""><br>",【カクダイ/KAKUDAI】#702-002-13 横水栓/ロング･Pゴールド：ものうりばPlantz,ネット通販 オンラインショッピング 通信販売 ものうりばプランツ 海外配送 纏め買い 大阪府堺市 特価 格安坂源 ハンドクリエーション フラワーアレンジメント ガーデニングツールグローバール GLOBAL ステンレス包丁 牛刀 三徳 ペティ パン切り 庖丁セットアナ雪 アナと雪の女王 エルサ アナ ディズニー 入園祝い 入学祝い クリスマスプレゼント入学式 入園式 新生活 新社会人 一人暮らし 便利 生活用品 日用雑貨阪急 トーエー スペシャルクリーナー アクアダンス ビューティーシャワー ミンクル 靴の汚れ落とし ツヤ出し 防水スプレー 撥水スプレー シューケアー 革製品 ソファ 革ジャン 梅雨  雨合羽 レインコート レインウェア母の日 父の日 古沢製作所 爪美人 ギフト ワタオカ　爪やすり 踵やすり つめやすり かかとやすり 柄沢やすりセンサーライト 防犯　自転車　駐輪場 ドア 窓ロック ベランダ 防災 突っ張り棒 転倒防止 災害対策 地震対策スタンレー マグボトル 水筒 マグカップ 炊飯ジャー アメリカ お弁当SUWADA　爪切り ネイル 革ケース 須和田 諏訪田製作所 つめ切り 三条 マルト 長谷川刃物 爪美人 古沢製作所くまのがっこう くまの学校 絵本 キッチングッズ ヤクセル 関ダマスカス ミルフィーユ包丁 曜 ヤクセル 積層包丁 外山刃物　秀久 剪定鋏　剪定はさみ 剪定ばさみ 剪定サック 飛庄 SR-1ベンリナー スライサー 片岡製作所 ニャミー ピザ 猫レジャー 住友化学エンバイロメントサイエンス ストロンテック アウトドア 尾上製作所 ビクトリノックス マルチナイフ コンロ キャンプ 中林製作所　冒険倶楽部キンボシ 手動芝刈機 GSB-2000N  芝生のお手入れ 芝のお手入れ ナイスバーディーモアー ナイスバーディモアデラックス ナイスバーディーモアー GSB-2000NDX GSB-2000DX  手動式芝刈機珪藻土バスマット 足乾バスマット 速乾バスマットミニ バス用品 フジワラ化学 アクドメール かんたん安心珪藻土ウルフガルテン フェルコ ドイツの園芸用品　ベルガー バーガー 高品質新生活応援 キッチンセット包丁 一人暮らし 引越し 便利グッズ DS-38 ダイヤモンドシャープナー京セラ セラミック包丁 セラミックキッチンセット 包丁セット まな板 ピーラー 三徳包丁 RS-20BK ロールシャープナー 刃物砥石【カクダイ/KAKUDAI】#702-002-13 横水栓/ロング･Pゴールド,水と住まいの接点&rdquo;にある製品を追求したカクダイ。【カクダイ/KAKUDAI】#702-002-13 横水栓/ロング･Pゴールド[rn]
2-8663,http://tshop.r10s.jp/plantz/cabinet/4972353669202.jpg?fitin=700:700,240.0000,,キッチン用品・食器・調理器具 > キッチン用品・雑貨・エプロン > その他,【カクダイ/KAKUDAI】#6692-6.35 銅管チーズ,水と住まいの接点&rdquo;にある製品を追求したカクダイ,"<img src=""http://image.rakuten.co.jp/plantz/cabinet/wrappng.jpg"" width=""640""><br>",【カクダイ/KAKUDAI】#6692-6.35 銅管チーズ：ものうりばPlantz,ネット通販 オンラインショッピング 通信販売 ものうりばプランツ 海外配送 纏め買い 大阪府堺市 特価 格安坂源 ハンドクリエーション フラワーアレンジメント ガーデニングツールグローバール GLOBAL ステンレス包丁 牛刀 三徳 ペティ パン切り 庖丁セットアナ雪 アナと雪の女王 エルサ アナ ディズニー 入園祝い 入学祝い クリスマスプレゼント入学式 入園式 新生活 新社会人 一人暮らし 便利 生活用品 日用雑貨阪急 トーエー スペシャルクリーナー アクアダンス ビューティーシャワー ミンクル 靴の汚れ落とし ツヤ出し 防水スプレー 撥水スプレー シューケアー 革製品 ソファ 革ジャン 梅雨  雨合羽 レインコート レインウェア母の日 父の日 古沢製作所 爪美人 ギフト ワタオカ　爪やすり 踵やすり つめやすり かかとやすり 柄沢やすりセンサーライト 防犯　自転車　駐輪場 ドア 窓ロック ベランダ 防災 突っ張り棒 転倒防止 災害対策 地震対策スタンレー マグボトル 水筒 マグカップ 炊飯ジャー アメリカ お弁当SUWADA　爪切り ネイル 革ケース 須和田 諏訪田製作所 つめ切り 三条 マルト 長谷川刃物 爪美人 古沢製作所くまのがっこう くまの学校 絵本 キッチングッズ ヤクセル 関ダマスカス ミルフィーユ包丁 曜 ヤクセル 積層包丁 外山刃物　秀久 剪定鋏　剪定はさみ 剪定ばさみ 剪定サック 飛庄 SR-1ベンリナー スライサー 片岡製作所 ニャミー ピザ 猫レジャー 住友化学エンバイロメントサイエンス ストロンテック アウトドア 尾上製作所 ビクトリノックス マルチナイフ コンロ キャンプ 中林製作所　冒険倶楽部キンボシ 手動芝刈機 GSB-2000N  芝生のお手入れ 芝のお手入れ ナイスバーディーモアー ナイスバーディモアデラックス ナイスバーディーモアー GSB-2000NDX GSB-2000DX  手動式芝刈機珪藻土バスマット 足乾バスマット 速乾バスマットミニ バス用品 フジワラ化学 アクドメール かんたん安心珪藻土ウルフガルテン フェルコ ドイツの園芸用品　ベルガー バーガー 高品質新生活応援 キッチンセット包丁 一人暮らし 引越し 便利グッズ DS-38 ダイヤモンドシャープナー京セラ セラミック包丁 セラミックキッチンセット 包丁セット まな板 ピーラー 三徳包丁 RS-20BK ロールシャープナー 刃物砥石【カクダイ/KAKUDAI】#6692-6.35 銅管チーズ,水と住まいの接点&rdquo;にある製品を追求したカクダイ。【カクダイ/KAKUDAI】#6692-6.35 銅管チーズ[rn]
2-8664,http://tshop.r10s.jp/plantz/cabinet/4972353022120.jpg?fitin=700:700,208.0000,,キッチン用品・食器・調理器具 > キッチン用品・雑貨・エプロン > その他,【カクダイ/KAKUDAI】#0221S-M6×50 化粧AYボルト,水と住まいの接点&rdquo;にある製品を追求したカクダイ,"<img src=""http://image.rakuten.co.jp/plantz/cabinet/wrappng.jpg"" width=""640""><br>",【カクダイ/KAKUDAI】#0221S-M6&times;50 化粧AYボルト：ものうりばPlantz,ネット通販 オンラインショッピング 通信販売 ものうりばプランツ 海外配送 纏め買い 大阪府堺市 特価 格安坂源 ハンドクリエーション フラワーアレンジメント ガーデニングツールグローバール GLOBAL ステンレス包丁 牛刀 三徳 ペティ パン切り 庖丁セットアナ雪 アナと雪の女王 エルサ アナ ディズニー 入園祝い 入学祝い クリスマスプレゼント入学式 入園式 新生活 新社会人 一人暮らし 便利 生活用品 日用雑貨阪急 トーエー スペシャルクリーナー アクアダンス ビューティーシャワー ミンクル 靴の汚れ落とし ツヤ出し 防水スプレー 撥水スプレー シューケアー 革製品 ソファ 革ジャン 梅雨  雨合羽 レインコート レインウェア母の日 父の日 古沢製作所 爪美人 ギフト ワタオカ　爪やすり 踵やすり つめやすり かかとやすり 柄沢やすりセンサーライト 防犯　自転車　駐輪場 ドア 窓ロック ベランダ 防災 突っ張り棒 転倒防止 災害対策 地震対策スタンレー マグボトル 水筒 マグカップ 炊飯ジャー アメリカ お弁当SUWADA　爪切り ネイル 革ケース 須和田 諏訪田製作所 つめ切り 三条 マルト 長谷川刃物 爪美人 古沢製作所くまのがっこう くまの学校 絵本 キッチングッズ ヤクセル 関ダマスカス ミルフィーユ包丁 曜 ヤクセル 積層包丁 外山刃物　秀久 剪定鋏　剪定はさみ 剪定ばさみ 剪定サック 飛庄 SR-1ベンリナー スライサー 片岡製作所 ニャミー ピザ 猫レジャー 住友化学エンバイロメントサイエンス ストロンテック アウトドア 尾上製作所 ビクトリノックス マルチナイフ コンロ キャンプ 中林製作所　冒険倶楽部キンボシ 手動芝刈機 GSB-2000N  芝生のお手入れ 芝のお手入れ ナイスバーディーモアー ナイスバーディモアデラックス ナイスバーディーモアー GSB-2000NDX GSB-2000DX  手動式芝刈機珪藻土バスマット 足乾バスマット 速乾バスマットミニ バス用品 フジワラ化学 アクドメール かんたん安心珪藻土ウルフガルテン フェルコ ドイツの園芸用品　ベルガー バーガー 高品質新生活応援 キッチンセット包丁 一人暮らし 引越し 便利グッズ DS-38 ダイヤモンドシャープナー京セラ セラミック包丁 セラミックキッチンセット 包丁セット まな板 ピーラー 三徳包丁 RS-20BK ロールシャープナー 刃物砥石【カクダイ/KAKUDAI】#0221S-M6&times;50 化粧AYボルト,水と住まいの接点&rdquo;にある製品を追求したカクダイ。【カクダイ/KAKUDAI】#0221S-M6&times;50 化粧AYボルト[rn]
2-8665,http://tshop.r10s.jp/plantz/cabinet/4972353907045.jpg?fitin=700:700,3496.0000,,キッチン用品・食器・調理器具 > キッチン用品・雑貨・エプロン > その他,【カクダイ/KAKUDAI】#907-003 凍結防止水栓上部,水と住まいの接点&rdquo;にある製品を追求したカクダイ,"<img src=""http://image.rakuten.co.jp/plantz/cabinet/wrappng.jpg"" width=""640""><br>",【カクダイ/KAKUDAI】#907-003 凍結防止水栓上部：ものうりばPlantz,ネット通販 オンラインショッピング 通信販売 ものうりばプランツ 海外配送 纏め買い 大阪府堺市 特価 格安坂源 ハンドクリエーション フラワーアレンジメント ガーデニングツールグローバール GLOBAL ステンレス包丁 牛刀 三徳 ペティ パン切り 庖丁セットアナ雪 アナと雪の女王 エルサ アナ ディズニー 入園祝い 入学祝い クリスマスプレゼント入学式 入園式 新生活 新社会人 一人暮らし 便利 生活用品 日用雑貨阪急 トーエー スペシャルクリーナー アクアダンス ビューティーシャワー ミンクル 靴の汚れ落とし ツヤ出し 防水スプレー 撥水スプレー シューケアー 革製品 ソファ 革ジャン 梅雨  雨合羽 レインコート レインウェア母の日 父の日 古沢製作所 爪美人 ギフト ワタオカ　爪やすり 踵やすり つめやすり かかとやすり 柄沢やすりセンサーライト 防犯　自転車　駐輪場 ドア 窓ロック ベランダ 防災 突っ張り棒 転倒防止 災害対策 地震対策スタンレー マグボトル 水筒 マグカップ 炊飯ジャー アメリカ お弁当SUWADA　爪切り ネイル 革ケース 須和田 諏訪田製作所 つめ切り 三条 マルト 長谷川刃物 爪美人 古沢製作所くまのがっこう くまの学校 絵本 キッチングッズ ヤクセル 関ダマスカス ミルフィーユ包丁 曜 ヤクセル 積層包丁 外山刃物　秀久 剪定鋏　剪定はさみ 剪定ばさみ 剪定サック 飛庄 SR-1ベンリナー スライサー 片岡製作所 ニャミー ピザ 猫レジャー 住友化学エンバイロメントサイエンス ストロンテック アウトドア 尾上製作所 ビクトリノックス マルチナイフ コンロ キャンプ 中林製作所　冒険倶楽部キンボシ 手動芝刈機 GSB-2000N  芝生のお手入れ 芝のお手入れ ナイスバーディーモアー ナイスバーディモアデラックス ナイスバーディーモアー GSB-2000NDX GSB-2000DX  手動式芝刈機珪藻土バスマット 足乾バスマット 速乾バスマットミニ バス用品 フジワラ化学 アクドメール かんたん安心珪藻土ウルフガルテン フェルコ ドイツの園芸用品　ベルガー バーガー 高品質新生活応援 キッチンセット包丁 一人暮らし 引越し 便利グッズ DS-38 ダイヤモンドシャープナー京セラ セラミック包丁 セラミックキッチンセット 包丁セット まな板 ピーラー 三徳包丁 RS-20BK ロールシャープナー 刃物砥石【カクダイ/KAKUDAI】#907-003 凍結防止水栓上部,水と住まいの接点&rdquo;にある製品を追求したカクダイ。【カクダイ/KAKUDAI】#907-003 凍結防止水栓上部[rn]
2-8666,http://tshop.r10s.jp/plantz/cabinet/4972353682294.jpg?fitin=700:700,1144.0000,,キッチン用品・食器・調理器具 > キッチン用品・雑貨・エプロン > その他,【カクダイ/KAKUDAI】#682-022-3 エルボヘッダー用保温材,水と住まいの接点&rdquo;にある製品を追求したカクダイ,"<img src=""http://image.rakuten.co.jp/plantz/cabinet/wrappng.jpg"" width=""640""><br>",【カクダイ/KAKUDAI】#682-022-3 エルボヘッダー用保温材：ものうりばPlantz,ネット通販 オンラインショッピング 通信販売 ものうりばプランツ 海外配送 纏め買い 大阪府堺市 特価 格安坂源 ハンドクリエーション フラワーアレンジメント ガーデニングツールグローバール GLOBAL ステンレス包丁 牛刀 三徳 ペティ パン切り 庖丁セットアナ雪 アナと雪の女王 エルサ アナ ディズニー 入園祝い 入学祝い クリスマスプレゼント入学式 入園式 新生活 新社会人 一人暮らし 便利 生活用品 日用雑貨阪急 トーエー スペシャルクリーナー アクアダンス ビューティーシャワー ミンクル 靴の汚れ落とし ツヤ出し 防水スプレー 撥水スプレー シューケアー 革製品 ソファ 革ジャン 梅雨  雨合羽 レインコート レインウェア母の日 父の日 古沢製作所 爪美人 ギフト ワタオカ　爪やすり 踵やすり つめやすり かかとやすり 柄沢やすりセンサーライト 防犯　自転車　駐輪場 ドア 窓ロック ベランダ 防災 突っ張り棒 転倒防止 災害対策 地震対策スタンレー マグボトル 水筒 マグカップ 炊飯ジャー アメリカ お弁当SUWADA　爪切り ネイル 革ケース 須和田 諏訪田製作所 つめ切り 三条 マルト 長谷川刃物 爪美人 古沢製作所くまのがっこう くまの学校 絵本 キッチングッズ ヤクセル 関ダマスカス ミルフィーユ包丁 曜 ヤクセル 積層包丁 外山刃物　秀久 剪定鋏　剪定はさみ 剪定ばさみ 剪定サック 飛庄 SR-1ベンリナー スライサー 片岡製作所 ニャミー ピザ 猫レジャー 住友化学エンバイロメントサイエンス ストロンテック アウトドア 尾上製作所 ビクトリノックス マルチナイフ コンロ キャンプ 中林製作所　冒険倶楽部キンボシ 手動芝刈機 GSB-2000N  芝生のお手入れ 芝のお手入れ ナイスバーディーモアー ナイスバーディモアデラックス ナイスバーディーモアー GSB-2000NDX GSB-2000DX  手動式芝刈機珪藻土バスマット 足乾バスマット 速乾バスマットミニ バス用品 フジワラ化学 アクドメール かんたん安心珪藻土ウルフガルテン フェルコ ドイツの園芸用品　ベルガー バーガー 高品質新生活応援 キッチンセット包丁 一人暮らし 引越し 便利グッズ DS-38 ダイヤモンドシャープナー京セラ セラミック包丁 セラミックキッチンセット 包丁セット まな板 ピーラー 三徳包丁 RS-20BK ロールシャープナー 刃物砥石【カクダイ/KAKUDAI】#682-022-3 エルボヘッダー用保温材,水と住まいの接点&rdquo;にある製品を追求したカクダイ。【カクダイ/KAKUDAI】#682-022-3 エルボヘッダー用保温材[rn]
2-8667,http://tshop.r10s.jp/plantz/cabinet/4972353010943.jpg?fitin=700:700,4568.0000,,キッチン用品・食器・調理器具 > キッチン用品・雑貨・エプロン > その他,【カクダイ/KAKUDAI】#690-06-A 片へルールエルボ//1S,水と住まいの接点&rdquo;にある製品を追求したカクダイ,"<img src=""http://image.rakuten.co.jp/plantz/cabinet/wrappng.jpg"" width=""640""><br>",【カクダイ/KAKUDAI】#690-06-A 片へルールエルボ//1S：ものうりばPlantz,ネット通販 オンラインショッピング 通信販売 ものうりばプランツ 海外配送 纏め買い 大阪府堺市 特価 格安坂源 ハンドクリエーション フラワーアレンジメント ガーデニングツールグローバール GLOBAL ステンレス包丁 牛刀 三徳 ペティ パン切り 庖丁セットアナ雪 アナと雪の女王 エルサ アナ ディズニー 入園祝い 入学祝い クリスマスプレゼント入学式 入園式 新生活 新社会人 一人暮らし 便利 生活用品 日用雑貨阪急 トーエー スペシャルクリーナー アクアダンス ビューティーシャワー ミンクル 靴の汚れ落とし ツヤ出し 防水スプレー 撥水スプレー シューケアー 革製品 ソファ 革ジャン 梅雨  雨合羽 レインコート レインウェア母の日 父の日 古沢製作所 爪美人 ギフト ワタオカ　爪やすり 踵やすり つめやすり かかとやすり 柄沢やすりセンサーライト 防犯　自転車　駐輪場 ドア 窓ロック ベランダ 防災 突っ張り棒 転倒防止 災害対策 地震対策スタンレー マグボトル 水筒 マグカップ 炊飯ジャー アメリカ お弁当SUWADA　爪切り ネイル 革ケース 須和田 諏訪田製作所 つめ切り 三条 マルト 長谷川刃物 爪美人 古沢製作所くまのがっこう くまの学校 絵本 キッチングッズ ヤクセル 関ダマスカス ミルフィーユ包丁 曜 ヤクセル 積層包丁 外山刃物　秀久 剪定鋏　剪定はさみ 剪定ばさみ 剪定サック 飛庄 SR-1ベンリナー スライサー 片岡製作所 ニャミー ピザ 猫レジャー 住友化学エンバイロメントサイエンス ストロンテック アウトドア 尾上製作所 ビクトリノックス マルチナイフ コンロ キャンプ 中林製作所　冒険倶楽部キンボシ 手動芝刈機 GSB-2000N  芝生のお手入れ 芝のお手入れ ナイスバーディーモアー ナイスバーディモアデラックス ナイスバーディーモアー GSB-2000NDX GSB-2000DX  手動式芝刈機珪藻土バスマット 足乾バスマット 速乾バスマットミニ バス用品 フジワラ化学 アクドメール かんたん安心珪藻土ウルフガルテン フェルコ ドイツの園芸用品　ベルガー バーガー 高品質新生活応援 キッチンセット包丁 一人暮らし 引越し 便利グッズ DS-38 ダイヤモンドシャープナー京セラ セラミック包丁 セラミックキッチンセット 包丁セット まな板 ピーラー 三徳包丁 RS-20BK ロールシャープナー 刃物砥石【カクダイ/KAKUDAI】#690-06-A 片へルールエルボ//1S,水と住まいの接点&rdquo;にある製品を追求したカクダイ。【カクダイ/KAKUDAI】#690-06-A 片へルールエルボ//1S[rn]
2-8668,http://tshop.r10s.jp/rakuten24/cabinet/x7399/x739900h_l.jpg?fitin=700:700,240.8000,,キッチン用品・食器・調理器具 > キッチン用品・雑貨・エプロン > その他,マジック 細巻寿司型 クリア WE-132【楽天24】【あす楽対応】[巻きす 寿司 すし スシ],曙産業/税抜1880円以上送料無料,"<br><br><small>※パッケージデザイン等は予告なく変更されることがあります。</small><br><br><table><tr><td width=""100%""><p class=""pdesc""><div class=""pdesctitle"">商品説明</div><div class=""pdeschonbun"">「マジック 細巻寿司型 クリア WE-132」は、ギュッとつめて、ポンと押すだけでキレイに細巻が作れる巻寿司型です。お好みの具を入れて、カッパ巻き&納豆巻きなど、巻きすを使わず手軽に巻き寿司が作れます。大きい凹凸の表面に、さらに微細な凹凸を設けたダブルエンボス加工でごはんがこびりつきません。型ばなれがよく、お手入れもラクラク。</div><div class=""pdesctitle"">使用方法</div><div class=""pdeschonbun"">1.中段よりやや多めにご飯を入れ中央にお好みの具を入れます。<br>2.具の上からご飯を型本体すりきりまで軽く均等に入れます。<br>3.上からフタでご飯を型本体中段まで押します。<br>4.底のヒンジを押してご飯を取り出し海苔を巻きます。<br>5.食べやすい大きさに切り分けて完成です。</div><div class=""pdesctitle"">ご注意</div><div class=""pdeschonbun"">●ご使用前に<br>・食器用洗剤でよく洗ってからご使用ください。<br><br>●取り扱い上の注意<br>・火のそばに置かないでください。<br>・たわし又はみがき粉でみがくと傷が付き、性能が悪くなります。<br>・水につけてからご使用いただくと、よりご飯がつきにくくなります。<br>・長期間のご使用により表面に傷などが生じ、ご飯がくっつきやすくなる場合があります。その場合は一度水につけてからご使用ください。<br><br>●ご使用後は<br>・柔らかいスポンジ等で汚れをよく洗い落としてください。<br>・水分を拭き取りよく乾燥させてください。</div><div class=""pdesctitle"">品質表示</div><div class=""pdeschonbun"">原料樹脂：ポリプロピレン<br>耐熱温度：120度<br>耐冷温度：-20度</div><div class=""pdesctitle"">原産国</div><div class=""pdeschonbun"">日本</div></p></td></tr></table><br>ブランド：曙産業<br>楽天24＞ホーム＆キッチン＞調理器具＞専用調理機器＞寿司桶・寿司用品＞マジック 細巻寿司型 クリア WE-132<br>製造販売元：曙産業<br>原産国 日本<br><br><br><br>サイズ(外装)：45*205*45(mm)<br>JANコード：　4954267051328<br><br><table width=""100%"" border=0 cellspacing=0 cellpadding=5><tr><td></td><tr><td></td></tr></table><br><br><br>広告文責：ケンコーコム株式会社<br>TEL:050-5577-5043<br><br>[曙産業]<br>調理器具/専用調理機器/寿司桶・寿司用品<br><br><!-- id: ?s-id=r24_ihbnr_01/ ?s-id=r24_ihbnr_02 -->
<table width=""730"" cellpadding=""0"" cellspacing=""0"" border=""0"">

<!--10％OFFクーポン/ -->

<div style=""margin-bottom:10px;"">

<img src=""
https://image.rakuten.co.jp/rakuten24/cabinet/coupon/bnr_100_700_60.jpg"" alt=""初めての方限定100円OFFクーポン！"" width=""700"" height=""60"" border=""0"">
</div>

<div style=""margin-bottom:10px;"">

<img src=""http://image.rakuten.co.jp/rakuten24/cabinet/coupon/bnr_700_60_4.jpg"" alt=""4,000円以上購入10%OFF！"" width=""700"" height=""60"" border=""0"">
</div>

<div style=""margin-bottom:10px;"">

<img src=""http://image.rakuten.co.jp/rakuten24/cabinet/coupon/bnr_700_60_10000.jpg"" alt=""10,000円以上購入で15%OFF！"" width=""700"" height=""60"" border=""0"">
</div>

<!--div style=""margin-bottom:10px;"">

<img src=""http://image.rakuten.co.jp/rakuten24/cabinet/campaign/asuraku/bnr_700_60.jpg"" alt=""あす楽商品ポイント3倍！"" width=""700"" height=""60"" border=""0"">
</div-->


<div style=""margin-bottom:10px;"">

<img src=""https://image.rakuten.co.jp/rakuten24/cabinet/special/2016_ecampaign.jpg"" alt=""イーグルス勝利記念ポイント2倍！"" width=""468"" height=""60"" border=""0"">
</div>


<!-- /10％OFFクーポン -->

<!-- おすすめ商品 -->
テレビ紹介：
トマトジュース /
マカデミアナッツオイル /
 電動ブレッドカッター /
 ルイボスティー /
りんご酢 /
<!-- /おすすめ商品 -->



<!-- 楽天24からのメッセージ/ -->
<br><br>


<!-- /楽天24からのメッセージ -->

<!-- あす楽NG/ -->
<!--　<img src=""http://image.rakuten.co.jp/rakuten24/cabinet/item46/asuraku0704.jpg"" width=""730"" height=""130"" border=""0"">

<div style=""margin-bottom:5px;"">
<img src=""http://image.rakuten.co.jp/rakuten24/cabinet/item45/asuraku0711.jpg"" width=""730"" height=""50"" border=""0"">
</div>
-->
<!-- /あす楽NG -->



<!-- 回遊/ -->
<!-- 

 -->
<!-- /回遊 -->



<!-- 2列表示用バナーエリア>
<!--
<tr>
<td width=""365""><img src=""http://www.rakuten.ne.jp/gold/rakuten24/item/images/itempage_bnr_01.jpg"" width=""360"" height=""60"" border=""0"" alt=""""></td>
<td width=""365""><img src=""http://www.rakuten.ne.jp/gold/rakuten24/item/images/itempage_bnr_02.gif"" width=""360"" height=""60"" border=""0"" alt=""""></td>
</tr>
--> 

<!-- 買い物かごボタン/ -->
<style>
/* 旧ボタン
#rakutenLimitedId_aroundCart input {
  width: 160px;
  height: 40px;
 background:url(http://image.rakuten.co.jp/rakuten24/cabinet/test/cart_black.gif) #fcfcfc no-repeat;
  overflow: hidden;
  border-width: 0px;
  text-indent: 150%;
  cursor: pointer !important;
  white-space: nowrap;
  margin: 10px 0 0 0;
}
*/

/* 旧2
#rakutenLimitedId_aroundCart input {
  width: 180px;
  height: 40px;
 background:url(http://image.rakuten.co.jp/rakuten24/cabinet/layout/btn_cart_black.gif) #fcfcfc no-repeat;
  overflow: hidden;
  border-width: 0px;
  text-indent: 150%;
  cursor: pointer !important;
  white-space: nowrap;
  margin: 10px 0 0 0;
}
*/

/* 予約かご対応でコメントアウト
#rakutenLimitedId_aroundCart input {
  width: 180px;
  height: 40px;
 background:url(""http://image.rakuten.co.jp/rakuten24/cabinet/layout/btn_cart_black.gif"") #fcfcfc no-repeat;
  overflow: hidden;
  border-width: 0px;
  text-indent: 150%;
  cursor: pointer !important;
  white-space: nowrap;
  margin: 10px 0 0 0;
}
*/
#rakutenLimitedId_aroundCart input.rCartBtn:hover,
div.shopBookmarkArea div.shopBkm a.addShopBkm span.shopBkmStar:hover,
div.bookmarkArea div.bkm a.addBkm span.bkmStar:hover {
  opacity: 0.8;
  filter: alpha(opacity=80);
}

#rakutenLimitedId_aroundCart #serviceTableSml{
/*
  margin-left: 92px !important;
*/
}

#rakutenLimitedId_aroundCart #serviceTableSml td.favorite{
width: 270px !important;
}



#rakutenLimitedId_aroundCart div.shopBkm{
width: 120px;
}

div.shopBookmarkArea div.shopBkm a.addShopBkm{
width: 120px !important;
height: 26px !important;
}

div.shopBookmarkArea div.shopBkm a.addShopBkm span.shopBkmStar{
width: 120px !important;
height: 26px !important;
background: url(http://image.rakuten.co.jp/rakuten24/cabinet/layout/btn_favorite_shop.gif) no-repeat 0 0 !important;
}



#rakutenLimitedId_aroundCart div.bkm{
width: 120px;
}

div.bookmarkArea div.bkm a.addBkm{
width: 120px !important;
height: 26px !important;
}

div.bookmarkArea div.bkm a.addBkm span.bkmStar{
width: 120px !important;
height: 26px !important;
background: url(http://image.rakuten.co.jp/rakuten24/cabinet/layout/btn_favorite_item.gif) no-repeat 0 0 !important;
}

.weeklyBnr{
width: 700px;
height: 231px;
position: relative;
background: url(""http://www.rakuten.ne.jp/gold/rakuten24/img/rank1/bg_rankbnr.jpg"") left top no-repeat;
}

.weeklyBnr img{
width: 662px;
position: absolute;
bottom: 30px;
left: 20px;
z-index: 10;
}

.weeklyBnr:after{
content: url(""http://www.rakuten.ne.jp/gold/rakuten24/img/rank1/wrap_rankbnr.png"");
position: absolute;
top: 0;
left: 0;
z-index: 100;
}

.reviewBnr {
    width: 700px;
    height: 100px;
    background: url(""http://image.rakuten.co.jp/rakuten24/cabinet/campaign/review/bg_reviewbnr.jpg"") left top no-repeat;
    position: relative;
    font-size: 16px;
}

.reviewBnr div {
    padding: 10px;
    background: #fff;
    position: absolute;
    top: 11px;
    left: 180px;
    line-height: 120%;
    border-radius: 5px;
}

.reviewBnr span {
    color: #ff0000;
}

.reviewBnr strong {
    font-size: 18px;
}

.bnr_eagles{
    width: 700px;
    display: block;
    background-color: #92041e;
    text-align: center;
}



html,body {
font-family: Century Gothic, Arial;
}

span.category_itemtaxpostage {font-size:10px;}
span.category_itemprice {color:#bf0000;font-size:24px;font-weight:bold; display:block;}
span.price2 { font-size:220% !important;font-weight:bold;}
table{z-index:0;} 
span.category_itemprice:before{/*content:""PRICE "";*/font-size:10px;}
</style>

<!-- ここまで -->


</table>",マジック 細巻寿司型 クリア WE-132【楽天24】【あす楽対応】[巻きす 寿司 すし スシ]：楽天24,楽天24クリスタルガイザーミネラルウォーターリアップリアップx5ダウニーコンドームペリエサーモスコントレックス日焼け止めココナッツオイルえごまこめ油サンペレグリノ扇風機クリスタルガイザー 500ml 48本緑の魔女甘酒マジック 細巻寿司型 クリア WE-132【楽天24】【あす楽対応】[巻きす 寿司 すし スシ],曙産業/税抜1880円以上送料無料。マジック 細巻寿司型 クリア WE-132【楽天24】【あす楽対応】[巻きす 寿司 すし スシ][rn]
2-8669,http://tshop.r10s.jp/rakuten24/cabinet/x7399/x739910h_l.jpg?fitin=700:700,349.6000,,キッチン用品・食器・調理器具 > キッチン用品・雑貨・エプロン > その他,マジック 太巻寿司型 クリア WE-134【楽天24】【あす楽対応】[巻きす 寿司 すし スシ],曙産業/税抜1880円以上送料無料,"<br><br><small>※パッケージデザイン等は予告なく変更されることがあります。</small><br><br><table><tr><td width=""100%""><p class=""pdesc""><div class=""pdesctitle"">商品説明</div><div class=""pdeschonbun"">「マジック 太巻寿司型 クリア WE-134」は、ギュッとつめて、ポンと押すだけでキレイに太巻が作れる巻寿司型です。お好みの具をいっぱい入れて、巻きすを使わず手軽に巻き寿司が作れます。大きい凹凸の表面に、さらに微細な凹凸を設けたダブルエンボス加工でごはんがこびりつきません。型ばなれがよく、お手入れもラクラク。</div><div class=""pdesctitle"">使用方法</div><div class=""pdeschonbun"">1.中段よりやや多めにご飯を居れ中央にお好みの具を入れます。<br>2.具の上からご飯を型本体すりきりまで軽く均等に入れます。<br>3.上からフタでご飯を型本体中段まで押します。<br>4.底のヒンジを押してご飯を取り出し海苔を巻きます。<br>5.食べやすい大きさに切り分けて完成です。</div><div class=""pdesctitle"">ご注意</div><div class=""pdeschonbun"">●ご使用前に<br>・食器用洗剤でよく洗ってからご使用ください。<br><br>●取り扱い上の注意<br>・火のそばに置かないでください。<br>・たわし又はみがき粉でみがくと傷が付き、性能が悪くなります。<br>・水につけてからご使用いただくと、よりご飯がつきにくくなります。<br>・長期間のご使用により表面に傷などが生じ、ご飯がくっつきやすくなる場合があります。その場合は一度水につけてからご使用ください。<br><br>●ご使用後は<br>・柔らかいスポンジ等で汚れをよく洗い落としてください。<br>・水分を拭き取りよく乾燥させてください。</div><div class=""pdesctitle"">品質表示</div><div class=""pdeschonbun"">原料樹脂：ポリプロピレン<br>耐熱温度：120度<br>耐冷温度：-20度</div><div class=""pdesctitle"">原産国</div><div class=""pdeschonbun"">日本</div></p></td></tr></table><br>ブランド：曙産業<br>楽天24＞ホーム＆キッチン＞調理器具＞専用調理機器＞寿司桶・寿司用品＞マジック 太巻寿司型 クリア WE-134<br>製造販売元：曙産業<br>原産国 日本<br><br><br><br>サイズ(外装)：65*210*65(mm)<br>JANコード：　4954267051342<br><br><table width=""100%"" border=0 cellspacing=0 cellpadding=5><tr><td></td><tr><td></td></tr></table><br><br><br>広告文責：ケンコーコム株式会社<br>TEL:050-5577-5043<br><br>[曙産業]<br>調理器具/専用調理機器/寿司桶・寿司用品<br><br><!-- id: ?s-id=r24_ihbnr_01/ ?s-id=r24_ihbnr_02 -->
<table width=""730"" cellpadding=""0"" cellspacing=""0"" border=""0"">

<!--10％OFFクーポン/ -->

<div style=""margin-bottom:10px;"">

<img src=""
https://image.rakuten.co.jp/rakuten24/cabinet/coupon/bnr_100_700_60.jpg"" alt=""初めての方限定100円OFFクーポン！"" width=""700"" height=""60"" border=""0"">
</div>

<div style=""margin-bottom:10px;"">

<img src=""http://image.rakuten.co.jp/rakuten24/cabinet/coupon/bnr_700_60_4.jpg"" alt=""4,000円以上購入10%OFF！"" width=""700"" height=""60"" border=""0"">
</div>

<div style=""margin-bottom:10px;"">

<img src=""http://image.rakuten.co.jp/rakuten24/cabinet/coupon/bnr_700_60_10000.jpg"" alt=""10,000円以上購入で15%OFF！"" width=""700"" height=""60"" border=""0"">
</div>

<!--div style=""margin-bottom:10px;"">

<img src=""http://image.rakuten.co.jp/rakuten24/cabinet/campaign/asuraku/bnr_700_60.jpg"" alt=""あす楽商品ポイント3倍！"" width=""700"" height=""60"" border=""0"">
</div-->


<div style=""margin-bottom:10px;"">

<img src=""https://image.rakuten.co.jp/rakuten24/cabinet/special/2016_ecampaign.jpg"" alt=""イーグルス勝利記念ポイント2倍！"" width=""468"" height=""60"" border=""0"">
</div>


<!-- /10％OFFクーポン -->

<!-- おすすめ商品 -->
テレビ紹介：
トマトジュース /
マカデミアナッツオイル /
 電動ブレッドカッター /
 ルイボスティー /
りんご酢 /
<!-- /おすすめ商品 -->



<!-- 楽天24からのメッセージ/ -->
<br><br>


<!-- /楽天24からのメッセージ -->

<!-- あす楽NG/ -->
<!--　<img src=""http://image.rakuten.co.jp/rakuten24/cabinet/item46/asuraku0704.jpg"" width=""730"" height=""130"" border=""0"">

<div style=""margin-bottom:5px;"">
<img src=""http://image.rakuten.co.jp/rakuten24/cabinet/item45/asuraku0711.jpg"" width=""730"" height=""50"" border=""0"">
</div>
-->
<!-- /あす楽NG -->



<!-- 回遊/ -->
<!-- 

 -->
<!-- /回遊 -->



<!-- 2列表示用バナーエリア>
<!--
<tr>
<td width=""365""><img src=""http://www.rakuten.ne.jp/gold/rakuten24/item/images/itempage_bnr_01.jpg"" width=""360"" height=""60"" border=""0"" alt=""""></td>
<td width=""365""><img src=""http://www.rakuten.ne.jp/gold/rakuten24/item/images/itempage_bnr_02.gif"" width=""360"" height=""60"" border=""0"" alt=""""></td>
</tr>
--> 

<!-- 買い物かごボタン/ -->
<style>
/* 旧ボタン
#rakutenLimitedId_aroundCart input {
  width: 160px;
  height: 40px;
 background:url(http://image.rakuten.co.jp/rakuten24/cabinet/test/cart_black.gif) #fcfcfc no-repeat;
  overflow: hidden;
  border-width: 0px;
  text-indent: 150%;
  cursor: pointer !important;
  white-space: nowrap;
  margin: 10px 0 0 0;
}
*/

/* 旧2
#rakutenLimitedId_aroundCart input {
  width: 180px;
  height: 40px;
 background:url(http://image.rakuten.co.jp/rakuten24/cabinet/layout/btn_cart_black.gif) #fcfcfc no-repeat;
  overflow: hidden;
  border-width: 0px;
  text-indent: 150%;
  cursor: pointer !important;
  white-space: nowrap;
  margin: 10px 0 0 0;
}
*/

/* 予約かご対応でコメントアウト
#rakutenLimitedId_aroundCart input {
  width: 180px;
  height: 40px;
 background:url(""http://image.rakuten.co.jp/rakuten24/cabinet/layout/btn_cart_black.gif"") #fcfcfc no-repeat;
  overflow: hidden;
  border-width: 0px;
  text-indent: 150%;
  cursor: pointer !important;
  white-space: nowrap;
  margin: 10px 0 0 0;
}
*/
#rakutenLimitedId_aroundCart input.rCartBtn:hover,
div.shopBookmarkArea div.shopBkm a.addShopBkm span.shopBkmStar:hover,
div.bookmarkArea div.bkm a.addBkm span.bkmStar:hover {
  opacity: 0.8;
  filter: alpha(opacity=80);
}

#rakutenLimitedId_aroundCart #serviceTableSml{
/*
  margin-left: 92px !important;
*/
}

#rakutenLimitedId_aroundCart #serviceTableSml td.favorite{
width: 270px !important;
}



#rakutenLimitedId_aroundCart div.shopBkm{
width: 120px;
}

div.shopBookmarkArea div.shopBkm a.addShopBkm{
width: 120px !important;
height: 26px !important;
}

div.shopBookmarkArea div.shopBkm a.addShopBkm span.shopBkmStar{
width: 120px !important;
height: 26px !important;
background: url(http://image.rakuten.co.jp/rakuten24/cabinet/layout/btn_favorite_shop.gif) no-repeat 0 0 !important;
}



#rakutenLimitedId_aroundCart div.bkm{
width: 120px;
}

div.bookmarkArea div.bkm a.addBkm{
width: 120px !important;
height: 26px !important;
}

div.bookmarkArea div.bkm a.addBkm span.bkmStar{
width: 120px !important;
height: 26px !important;
background: url(http://image.rakuten.co.jp/rakuten24/cabinet/layout/btn_favorite_item.gif) no-repeat 0 0 !important;
}

.weeklyBnr{
width: 700px;
height: 231px;
position: relative;
background: url(""http://www.rakuten.ne.jp/gold/rakuten24/img/rank1/bg_rankbnr.jpg"") left top no-repeat;
}

.weeklyBnr img{
width: 662px;
position: absolute;
bottom: 30px;
left: 20px;
z-index: 10;
}

.weeklyBnr:after{
content: url(""http://www.rakuten.ne.jp/gold/rakuten24/img/rank1/wrap_rankbnr.png"");
position: absolute;
top: 0;
left: 0;
z-index: 100;
}

.reviewBnr {
    width: 700px;
    height: 100px;
    background: url(""http://image.rakuten.co.jp/rakuten24/cabinet/campaign/review/bg_reviewbnr.jpg"") left top no-repeat;
    position: relative;
    font-size: 16px;
}

.reviewBnr div {
    padding: 10px;
    background: #fff;
    position: absolute;
    top: 11px;
    left: 180px;
    line-height: 120%;
    border-radius: 5px;
}

.reviewBnr span {
    color: #ff0000;
}

.reviewBnr strong {
    font-size: 18px;
}

.bnr_eagles{
    width: 700px;
    display: block;
    background-color: #92041e;
    text-align: center;
}



html,body {
font-family: Century Gothic, Arial;
}

span.category_itemtaxpostage {font-size:10px;}
span.category_itemprice {color:#bf0000;font-size:24px;font-weight:bold; display:block;}
span.price2 { font-size:220% !important;font-weight:bold;}
table{z-index:0;} 
span.category_itemprice:before{/*content:""PRICE "";*/font-size:10px;}
</style>

<!-- ここまで -->


</table>",マジック 太巻寿司型 クリア WE-134【楽天24】【あす楽対応】[巻きす 寿司 すし スシ]：楽天24,楽天24クリスタルガイザーミネラルウォーターリアップリアップx5ダウニーコンドームペリエサーモスコントレックス日焼け止めココナッツオイルえごまこめ油サンペレグリノ扇風機クリスタルガイザー 500ml 48本緑の魔女甘酒マジック 太巻寿司型 クリア WE-134【楽天24】【あす楽対応】[巻きす 寿司 すし スシ],曙産業/税抜1880円以上送料無料。マジック 太巻寿司型 クリア WE-134【楽天24】【あす楽対応】[巻きす 寿司 すし スシ][rn]
2-8670,http://tshop.r10s.jp/rakuten24/cabinet/e3907/e390777h_l.jpg?fitin=700:700,543.2000,,キッチン用品・食器・調理器具 > キッチン用品・雑貨・エプロン > その他,キーコーヒー クリスタルドリッパー 円すい形【楽天24】【あす楽対応】[コーヒードリッパー コーヒー・ティー用品],キーコーヒー(KEY COFFEE)/税抜1880円以上送料無料,"<br><br><small>※パッケージデザイン等は予告なく変更されることがあります。</small><br><br><table><tr><td width=""100%""><p class=""pdesc""><div class=""pdesctitle"">商品説明</div><div class=""pdeschonbun"">「キーコーヒー クリスタルドリッパー 円すい形」は、キーコーヒーが独自に開発した、耐熱性の高い円すい形構造のドリッパーです。最適な抽出スピードを保ちながらコーヒー全体を均一に抽出できるので、おいしいコーヒーをお楽しみいただけます。コーヒーを知り尽くしたキーコーヒーだからこそ作りえた、コーヒードリッパーです。1-4人用。メジャースプーン付き。</div><div class=""pdesctitle"">使用方法</div><div class=""pdeschonbun"">●おいしいコーヒーのいれ方<br>(1)フィルター横のチャック部分を折り、ドリッパーに密着させます。<br>(2)人数分の粉を入れ、ドリッパーをゆすって粉の表面を平らにします。一度沸騰した少量のお湯を、中心から粉全体にまんべんなく注ぎ、蒸らします。<br>(3)蒸らした後、中央部分で円を描くように数回に分けてできるだけゆっくり注ぎ、出来上がり量まで抽出します。</div><div class=""pdesctitle"">品質表示</div><div class=""pdeschonbun"">●原材料樹脂：ポリカーボネート<br>●耐熱温度：120度</div><div class=""pdesctitle"">原産国</div><div class=""pdeschonbun"">日本</div><div class=""pdesctitle"">お問い合わせ先</div><div class=""pdeschonbun"">キーコーヒーお客様センター<br>フリーダイヤル：0120-192008</div></p></td></tr></table><br>ブランド：キーコーヒー(KEY COFFEE)<br>楽天24＞ホーム＆キッチン＞コーヒー・ティー用品＞コーヒー用品＞コーヒードリッパー＞キーコーヒー クリスタルドリッパー 円すい形<br>製造販売元：キーコーヒー<br>原産国 日本<br><br><br><br><br>JANコード：　4901372278973<br><br><table width=""100%"" border=0 cellspacing=0 cellpadding=5><tr><td></td><tr><td></td></tr></table><br><br><br>広告文責：ケンコーコム株式会社<br>TEL:050-5577-5043<br><br>[キーコーヒー(KEY COFFEE)]<br>コーヒー・ティー用品/コーヒー用品/コーヒードリッパー<br><br><!-- id: ?s-id=r24_ihbnr_01/ ?s-id=r24_ihbnr_02 -->
<table width=""730"" cellpadding=""0"" cellspacing=""0"" border=""0"">

<!--10％OFFクーポン/ -->

<div style=""margin-bottom:10px;"">

<img src=""
https://image.rakuten.co.jp/rakuten24/cabinet/coupon/bnr_100_700_60.jpg"" alt=""初めての方限定100円OFFクーポン！"" width=""700"" height=""60"" border=""0"">
</div>

<div style=""margin-bottom:10px;"">

<img src=""http://image.rakuten.co.jp/rakuten24/cabinet/coupon/bnr_700_60_4.jpg"" alt=""4,000円以上購入10%OFF！"" width=""700"" height=""60"" border=""0"">
</div>

<div style=""margin-bottom:10px;"">

<img src=""http://image.rakuten.co.jp/rakuten24/cabinet/coupon/bnr_700_60_10000.jpg"" alt=""10,000円以上購入で15%OFF！"" width=""700"" height=""60"" border=""0"">
</div>

<!--div style=""margin-bottom:10px;"">

<img src=""http://image.rakuten.co.jp/rakuten24/cabinet/campaign/asuraku/bnr_700_60.jpg"" alt=""あす楽商品ポイント3倍！"" width=""700"" height=""60"" border=""0"">
</div-->


<div style=""margin-bottom:10px;"">

<img src=""https://image.rakuten.co.jp/rakuten24/cabinet/special/2016_ecampaign.jpg"" alt=""イーグルス勝利記念ポイント2倍！"" width=""468"" height=""60"" border=""0"">
</div>


<!-- /10％OFFクーポン -->

<!-- おすすめ商品 -->
テレビ紹介：
トマトジュース /
マカデミアナッツオイル /
 電動ブレッドカッター /
 ルイボスティー /
りんご酢 /
<!-- /おすすめ商品 -->



<!-- 楽天24からのメッセージ/ -->
<br><br>


<!-- /楽天24からのメッセージ -->

<!-- あす楽NG/ -->
<!--　<img src=""http://image.rakuten.co.jp/rakuten24/cabinet/item46/asuraku0704.jpg"" width=""730"" height=""130"" border=""0"">

<div style=""margin-bottom:5px;"">
<img src=""http://image.rakuten.co.jp/rakuten24/cabinet/item45/asuraku0711.jpg"" width=""730"" height=""50"" border=""0"">
</div>
-->
<!-- /あす楽NG -->



<!-- 回遊/ -->
<!-- 

 -->
<!-- /回遊 -->



<!-- 2列表示用バナーエリア>
<!--
<tr>
<td width=""365""><img src=""http://www.rakuten.ne.jp/gold/rakuten24/item/images/itempage_bnr_01.jpg"" width=""360"" height=""60"" border=""0"" alt=""""></td>
<td width=""365""><img src=""http://www.rakuten.ne.jp/gold/rakuten24/item/images/itempage_bnr_02.gif"" width=""360"" height=""60"" border=""0"" alt=""""></td>
</tr>
--> 

<!-- 買い物かごボタン/ -->
<style>
/* 旧ボタン
#rakutenLimitedId_aroundCart input {
  width: 160px;
  height: 40px;
 background:url(http://image.rakuten.co.jp/rakuten24/cabinet/test/cart_black.gif) #fcfcfc no-repeat;
  overflow: hidden;
  border-width: 0px;
  text-indent: 150%;
  cursor: pointer !important;
  white-space: nowrap;
  margin: 10px 0 0 0;
}
*/

/* 旧2
#rakutenLimitedId_aroundCart input {
  width: 180px;
  height: 40px;
 background:url(http://image.rakuten.co.jp/rakuten24/cabinet/layout/btn_cart_black.gif) #fcfcfc no-repeat;
  overflow: hidden;
  border-width: 0px;
  text-indent: 150%;
  cursor: pointer !important;
  white-space: nowrap;
  margin: 10px 0 0 0;
}
*/

/* 予約かご対応でコメントアウト
#rakutenLimitedId_aroundCart input {
  width: 180px;
  height: 40px;
 background:url(""http://image.rakuten.co.jp/rakuten24/cabinet/layout/btn_cart_black.gif"") #fcfcfc no-repeat;
  overflow: hidden;
  border-width: 0px;
  text-indent: 150%;
  cursor: pointer !important;
  white-space: nowrap;
  margin: 10px 0 0 0;
}
*/
#rakutenLimitedId_aroundCart input.rCartBtn:hover,
div.shopBookmarkArea div.shopBkm a.addShopBkm span.shopBkmStar:hover,
div.bookmarkArea div.bkm a.addBkm span.bkmStar:hover {
  opacity: 0.8;
  filter: alpha(opacity=80);
}

#rakutenLimitedId_aroundCart #serviceTableSml{
/*
  margin-left: 92px !important;
*/
}

#rakutenLimitedId_aroundCart #serviceTableSml td.favorite{
width: 270px !important;
}



#rakutenLimitedId_aroundCart div.shopBkm{
width: 120px;
}

div.shopBookmarkArea div.shopBkm a.addShopBkm{
width: 120px !important;
height: 26px !important;
}

div.shopBookmarkArea div.shopBkm a.addShopBkm span.shopBkmStar{
width: 120px !important;
height: 26px !important;
background: url(http://image.rakuten.co.jp/rakuten24/cabinet/layout/btn_favorite_shop.gif) no-repeat 0 0 !important;
}



#rakutenLimitedId_aroundCart div.bkm{
width: 120px;
}

div.bookmarkArea div.bkm a.addBkm{
width: 120px !important;
height: 26px !important;
}

div.bookmarkArea div.bkm a.addBkm span.bkmStar{
width: 120px !important;
height: 26px !important;
background: url(http://image.rakuten.co.jp/rakuten24/cabinet/layout/btn_favorite_item.gif) no-repeat 0 0 !important;
}

.weeklyBnr{
width: 700px;
height: 231px;
position: relative;
background: url(""http://www.rakuten.ne.jp/gold/rakuten24/img/rank1/bg_rankbnr.jpg"") left top no-repeat;
}

.weeklyBnr img{
width: 662px;
position: absolute;
bottom: 30px;
left: 20px;
z-index: 10;
}

.weeklyBnr:after{
content: url(""http://www.rakuten.ne.jp/gold/rakuten24/img/rank1/wrap_rankbnr.png"");
position: absolute;
top: 0;
left: 0;
z-index: 100;
}

.reviewBnr {
    width: 700px;
    height: 100px;
    background: url(""http://image.rakuten.co.jp/rakuten24/cabinet/campaign/review/bg_reviewbnr.jpg"") left top no-repeat;
    position: relative;
    font-size: 16px;
}

.reviewBnr div {
    padding: 10px;
    background: #fff;
    position: absolute;
    top: 11px;
    left: 180px;
    line-height: 120%;
    border-radius: 5px;
}

.reviewBnr span {
    color: #ff0000;
}

.reviewBnr strong {
    font-size: 18px;
}

.bnr_eagles{
    width: 700px;
    display: block;
    background-color: #92041e;
    text-align: center;
}



html,body {
font-family: Century Gothic, Arial;
}

span.category_itemtaxpostage {font-size:10px;}
span.category_itemprice {color:#bf0000;font-size:24px;font-weight:bold; display:block;}
span.price2 { font-size:220% !important;font-weight:bold;}
table{z-index:0;} 
span.category_itemprice:before{/*content:""PRICE "";*/font-size:10px;}
</style>

<!-- ここまで -->


</table>",キーコーヒー クリスタルドリッパー 円すい形【楽天24】【あす楽対応】[コーヒードリッパー コーヒー・ティー用品]：楽天24,楽天24クリスタルガイザーミネラルウォーターリアップリアップx5ダウニーコンドームペリエサーモスコントレックス日焼け止めココナッツオイルえごまこめ油サンペレグリノ扇風機クリスタルガイザー 500ml 48本緑の魔女甘酒キーコーヒー クリスタルドリッパー 円すい形【楽天24】【あす楽対応】[コーヒードリッパー コーヒー・ティー用品],キーコーヒー(KEY COFFEE)/税抜1880円以上送料無料。キーコーヒー クリスタルドリッパー 円すい形【楽天24】【あす楽対応】[コーヒードリッパー コーヒー・ティー用品][rn]
2-8671,http://tshop.r10s.jp/rakuten24/cabinet/e3167/e316788h_l.jpg?fitin=700:700,156.8000,,キッチン用品・食器・調理器具 > キッチン用品・雑貨・エプロン > その他,キーコーヒー コーヒーフィルター 1-2人用 無漂白 タブ付き 40枚入【楽天24】【あす楽対応】[キーコーヒー(KEY COFFEE) コーヒーフィルター(ペーパーフィルター)],キーコーヒー(KEY COFFEE)/税抜1880円以上送料無料,"<br><br><small>※パッケージデザイン等は予告なく変更されることがあります。</small><br><br><table><tr><td width=""100%""><p class=""pdesc""><div class=""pdesctitle"">商品説明</div><div class=""pdeschonbun"">「キーコーヒー コーヒーフィルター 1-2人用 無漂白 タブ付き 40枚入」は、無漂白パルプを100%使用した開けやすいタブ付きのコーヒーフィルター(ペーパーフィルター)です。1-2人用。40枚入り。</div><div class=""pdesctitle"">使用方法</div><div class=""pdeschonbun"">(1)底部のチャック部分を上に折り曲げます。<br>(2)側部のチャック部分を反対側へ折り返します。<br>(3)フィルターをドリッパーにぴったりと合わせて入れてください。<br>(4)抽出後の粉は、水気が切れたことを確認し、フィルターごとゴミ入れへ捨ててください。</div><div class=""pdesctitle"">使用上の注意</div><div class=""pdeschonbun"">●チャック部分は必ず互い違いに折り曲げてご使用ください。チャック部分は機械で圧着しており接着剤などは使用しておりませんので、底が抜ける恐れがあります。<br>●使用後のフィルターはつまみ上げないでください。フィルターの底が抜けたり、やけどなどの思わぬ事故を引き起こす恐れがあります。<br>●円錐形ドリッパーでは使用できません。お使いのドリッパー(ロト)とコーヒーフィルターのサイズ・形状が合っていることをお確かめの上ご使用ください。<br>●湿気をさけて保存してください。</div><div class=""pdesctitle"">原産国</div><div class=""pdeschonbun"">日本</div><div class=""pdesctitle"">お問い合わせ先</div><div class=""pdeschonbun"">キーコーヒー株式会社<br>キーコーヒーお客様センター：0120-192008</div></p></td></tr></table><br>ブランド：キーコーヒー(KEY COFFEE)<br>楽天24＞ホーム＆キッチン＞コーヒー・ティー用品＞コーヒー用品＞コーヒーフィルター(ペーパーフィルター)＞キーコーヒー コーヒーフィルター 1-2人用 無漂白 タブ付き 40枚入<br>製造販売元：キーコーヒー<br>原産国 日本<br>内容量：40枚入り<br><br><br><br>JANコード：　4901372279048<br><br><table width=""100%"" border=0 cellspacing=0 cellpadding=5><tr><td></td><tr><td></td></tr></table><br><br><br>広告文責：ケンコーコム株式会社<br>TEL:050-5577-5043<br><br>[キーコーヒー(KEY COFFEE)]<br>コーヒー・ティー用品/コーヒー用品/コーヒーフィルター(ペーパーフィルター)<br><br><!-- id: ?s-id=r24_ihbnr_01/ ?s-id=r24_ihbnr_02 -->
<table width=""730"" cellpadding=""0"" cellspacing=""0"" border=""0"">

<!--10％OFFクーポン/ -->

<div style=""margin-bottom:10px;"">

<img src=""
https://image.rakuten.co.jp/rakuten24/cabinet/coupon/bnr_100_700_60.jpg"" alt=""初めての方限定100円OFFクーポン！"" width=""700"" height=""60"" border=""0"">
</div>

<div style=""margin-bottom:10px;"">

<img src=""http://image.rakuten.co.jp/rakuten24/cabinet/coupon/bnr_700_60_4.jpg"" alt=""4,000円以上購入10%OFF！"" width=""700"" height=""60"" border=""0"">
</div>

<div style=""margin-bottom:10px;"">

<img src=""http://image.rakuten.co.jp/rakuten24/cabinet/coupon/bnr_700_60_10000.jpg"" alt=""10,000円以上購入で15%OFF！"" width=""700"" height=""60"" border=""0"">
</div>

<!--div style=""margin-bottom:10px;"">

<img src=""http://image.rakuten.co.jp/rakuten24/cabinet/campaign/asuraku/bnr_700_60.jpg"" alt=""あす楽商品ポイント3倍！"" width=""700"" height=""60"" border=""0"">
</div-->


<div style=""margin-bottom:10px;"">

<img src=""https://image.rakuten.co.jp/rakuten24/cabinet/special/2016_ecampaign.jpg"" alt=""イーグルス勝利記念ポイント2倍！"" width=""468"" height=""60"" border=""0"">
</div>


<!-- /10％OFFクーポン -->

<!-- おすすめ商品 -->
テレビ紹介：
トマトジュース /
マカデミアナッツオイル /
 電動ブレッドカッター /
 ルイボスティー /
りんご酢 /
<!-- /おすすめ商品 -->



<!-- 楽天24からのメッセージ/ -->
<br><br>


<!-- /楽天24からのメッセージ -->

<!-- あす楽NG/ -->
<!--　<img src=""http://image.rakuten.co.jp/rakuten24/cabinet/item46/asuraku0704.jpg"" width=""730"" height=""130"" border=""0"">

<div style=""margin-bottom:5px;"">
<img src=""http://image.rakuten.co.jp/rakuten24/cabinet/item45/asuraku0711.jpg"" width=""730"" height=""50"" border=""0"">
</div>
-->
<!-- /あす楽NG -->



<!-- 回遊/ -->
<!-- 

 -->
<!-- /回遊 -->



<!-- 2列表示用バナーエリア>
<!--
<tr>
<td width=""365""><img src=""http://www.rakuten.ne.jp/gold/rakuten24/item/images/itempage_bnr_01.jpg"" width=""360"" height=""60"" border=""0"" alt=""""></td>
<td width=""365""><img src=""http://www.rakuten.ne.jp/gold/rakuten24/item/images/itempage_bnr_02.gif"" width=""360"" height=""60"" border=""0"" alt=""""></td>
</tr>
--> 

<!-- 買い物かごボタン/ -->
<style>
/* 旧ボタン
#rakutenLimitedId_aroundCart input {
  width: 160px;
  height: 40px;
 background:url(http://image.rakuten.co.jp/rakuten24/cabinet/test/cart_black.gif) #fcfcfc no-repeat;
  overflow: hidden;
  border-width: 0px;
  text-indent: 150%;
  cursor: pointer !important;
  white-space: nowrap;
  margin: 10px 0 0 0;
}
*/

/* 旧2
#rakutenLimitedId_aroundCart input {
  width: 180px;
  height: 40px;
 background:url(http://image.rakuten.co.jp/rakuten24/cabinet/layout/btn_cart_black.gif) #fcfcfc no-repeat;
  overflow: hidden;
  border-width: 0px;
  text-indent: 150%;
  cursor: pointer !important;
  white-space: nowrap;
  margin: 10px 0 0 0;
}
*/

/* 予約かご対応でコメントアウト
#rakutenLimitedId_aroundCart input {
  width: 180px;
  height: 40px;
 background:url(""http://image.rakuten.co.jp/rakuten24/cabinet/layout/btn_cart_black.gif"") #fcfcfc no-repeat;
  overflow: hidden;
  border-width: 0px;
  text-indent: 150%;
  cursor: pointer !important;
  white-space: nowrap;
  margin: 10px 0 0 0;
}
*/
#rakutenLimitedId_aroundCart input.rCartBtn:hover,
div.shopBookmarkArea div.shopBkm a.addShopBkm span.shopBkmStar:hover,
div.bookmarkArea div.bkm a.addBkm span.bkmStar:hover {
  opacity: 0.8;
  filter: alpha(opacity=80);
}

#rakutenLimitedId_aroundCart #serviceTableSml{
/*
  margin-left: 92px !important;
*/
}

#rakutenLimitedId_aroundCart #serviceTableSml td.favorite{
width: 270px !important;
}



#rakutenLimitedId_aroundCart div.shopBkm{
width: 120px;
}

div.shopBookmarkArea div.shopBkm a.addShopBkm{
width: 120px !important;
height: 26px !important;
}

div.shopBookmarkArea div.shopBkm a.addShopBkm span.shopBkmStar{
width: 120px !important;
height: 26px !important;
background: url(http://image.rakuten.co.jp/rakuten24/cabinet/layout/btn_favorite_shop.gif) no-repeat 0 0 !important;
}



#rakutenLimitedId_aroundCart div.bkm{
width: 120px;
}

div.bookmarkArea div.bkm a.addBkm{
width: 120px !important;
height: 26px !important;
}

div.bookmarkArea div.bkm a.addBkm span.bkmStar{
width: 120px !important;
height: 26px !important;
background: url(http://image.rakuten.co.jp/rakuten24/cabinet/layout/btn_favorite_item.gif) no-repeat 0 0 !important;
}

.weeklyBnr{
width: 700px;
height: 231px;
position: relative;
background: url(""http://www.rakuten.ne.jp/gold/rakuten24/img/rank1/bg_rankbnr.jpg"") left top no-repeat;
}

.weeklyBnr img{
width: 662px;
position: absolute;
bottom: 30px;
left: 20px;
z-index: 10;
}

.weeklyBnr:after{
content: url(""http://www.rakuten.ne.jp/gold/rakuten24/img/rank1/wrap_rankbnr.png"");
position: absolute;
top: 0;
left: 0;
z-index: 100;
}

.reviewBnr {
    width: 700px;
    height: 100px;
    background: url(""http://image.rakuten.co.jp/rakuten24/cabinet/campaign/review/bg_reviewbnr.jpg"") left top no-repeat;
    position: relative;
    font-size: 16px;
}

.reviewBnr div {
    padding: 10px;
    background: #fff;
    position: absolute;
    top: 11px;
    left: 180px;
    line-height: 120%;
    border-radius: 5px;
}

.reviewBnr span {
    color: #ff0000;
}

.reviewBnr strong {
    font-size: 18px;
}

.bnr_eagles{
    width: 700px;
    display: block;
    background-color: #92041e;
    text-align: center;
}



html,body {
font-family: Century Gothic, Arial;
}

span.category_itemtaxpostage {font-size:10px;}
span.category_itemprice {color:#bf0000;font-size:24px;font-weight:bold; display:block;}
span.price2 { font-size:220% !important;font-weight:bold;}
table{z-index:0;} 
span.category_itemprice:before{/*content:""PRICE "";*/font-size:10px;}
</style>

<!-- ここまで -->


</table>",キーコーヒー コーヒーフィルター 1-2人用 無漂白 タブ付き 40枚入【楽天24】【あす楽対応】[キーコーヒー(KEY COFFEE) コーヒーフィルター(ペーパーフィルター)]：楽天24,楽天24クリスタルガイザーミネラルウォーターリアップリアップx5ダウニーコンドームペリエサーモスコントレックス日焼け止めココナッツオイルえごまこめ油サンペレグリノ扇風機クリスタルガイザー 500ml 48本緑の魔女甘酒キーコーヒー コーヒーフィルター 1-2人用 無漂白 タブ付き 40枚入【楽天24】【あす楽対応】[キーコーヒー(KEY COFFEE) コーヒーフィルター(ペーパーフィルター)],キーコーヒー(KEY COFFEE)/税抜1880円以上送料無料。キーコーヒー コーヒーフィルター 1-2人用 無漂白 タブ付き 40枚入【楽天24】【あす楽対応】[キーコーヒー(KEY COFFEE) コーヒーフィルター(ペーパーフィルター)][rn]
2-8672,http://tshop.r10s.jp/rakuten24/cabinet/e3167/e316789h_l.jpg?fitin=700:700,80.8000,,キッチン用品・食器・調理器具 > キッチン用品・雑貨・エプロン > その他,キーコーヒー コーヒーフィルター 2-4人用 無漂白 タブ付き 40枚入【楽天24】[キーコーヒー(KEY COFFEE) コーヒーフィルター(ペーパーフィルター)],キーコーヒー(KEY COFFEE)/税抜1880円以上送料無料,"<br><br><small>※パッケージデザイン等は予告なく変更されることがあります。</small><br><br><table><tr><td width=""100%""><p class=""pdesc""><div class=""pdesctitle"">商品説明</div><div class=""pdeschonbun"">「キーコーヒー コーヒーフィルター 2-4人用 無漂白 タブ付き 40枚入」は、無漂白パルプを100%使用した開けやすいタブ付きのコーヒーフィルター(ペーパーフィルター)です。2-4人用。40枚入り。</div><div class=""pdesctitle"">使用方法</div><div class=""pdeschonbun"">(1)底部のチャック部分を上に折り曲げます。<br>(2)側部のチャック部分を反対側へ折り返します。<br>(3)フィルターをドリッパーにぴったりと合わせて入れてください。<br>(4)抽出後の粉は、水気が切れたことを確認し、フィルターごとゴミ入れへ捨ててください。</div><div class=""pdesctitle"">使用上の注意</div><div class=""pdeschonbun"">●チャック部分は必ず互い違いに折り曲げてご使用ください。チャック部分は機械で圧着しており接着剤などは使用しておりませんので、底が抜ける恐れがあります。<br>●使用後のフィルターはつまみ上げないでください。フィルターの底が抜けたり、やけどなどの思わぬ事故を引き起こす恐れがあります。<br>●円錐形ドリッパーでは使用できません。お使いのドリッパー(ロト)とコーヒーフィルターのサイズ・形状が合っていることをお確かめの上ご使用ください。<br>●湿気をさけて保存してください。</div><div class=""pdesctitle"">原産国</div><div class=""pdeschonbun"">日本</div><div class=""pdesctitle"">お問い合わせ先</div><div class=""pdeschonbun"">キーコーヒー株式会社<br>キーコーヒーお客様センター：0120-192008</div></p></td></tr></table><br>ブランド：キーコーヒー(KEY COFFEE)<br>楽天24＞ホーム＆キッチン＞コーヒー・ティー用品＞コーヒー用品＞コーヒーフィルター(ペーパーフィルター)＞キーコーヒー コーヒーフィルター 2-4人用 無漂白 タブ付き 40枚入<br>製造販売元：キーコーヒー<br>原産国 日本<br>内容量：40枚入り<br><br><br><br>JANコード：　4901372279055<br><br><table width=""100%"" border=0 cellspacing=0 cellpadding=5><tr><td></td><tr><td></td></tr></table><br><br><br>広告文責：ケンコーコム株式会社<br>TEL:050-5577-5043<br><br>[キーコーヒー(KEY COFFEE)]<br>コーヒー・ティー用品/コーヒー用品/コーヒーフィルター(ペーパーフィルター)<br><br><!-- id: ?s-id=r24_ihbnr_01/ ?s-id=r24_ihbnr_02 -->
<table width=""730"" cellpadding=""0"" cellspacing=""0"" border=""0"">

<!--10％OFFクーポン/ -->

<div style=""margin-bottom:10px;"">

<img src=""
https://image.rakuten.co.jp/rakuten24/cabinet/coupon/bnr_100_700_60.jpg"" alt=""初めての方限定100円OFFクーポン！"" width=""700"" height=""60"" border=""0"">
</div>

<div style=""margin-bottom:10px;"">

<img src=""http://image.rakuten.co.jp/rakuten24/cabinet/coupon/bnr_700_60_4.jpg"" alt=""4,000円以上購入10%OFF！"" width=""700"" height=""60"" border=""0"">
</div>

<div style=""margin-bottom:10px;"">

<img src=""http://image.rakuten.co.jp/rakuten24/cabinet/coupon/bnr_700_60_10000.jpg"" alt=""10,000円以上購入で15%OFF！"" width=""700"" height=""60"" border=""0"">
</div>

<!--div style=""margin-bottom:10px;"">

<img src=""http://image.rakuten.co.jp/rakuten24/cabinet/campaign/asuraku/bnr_700_60.jpg"" alt=""あす楽商品ポイント3倍！"" width=""700"" height=""60"" border=""0"">
</div-->


<div style=""margin-bottom:10px;"">

<img src=""https://image.rakuten.co.jp/rakuten24/cabinet/special/2016_ecampaign.jpg"" alt=""イーグルス勝利記念ポイント2倍！"" width=""468"" height=""60"" border=""0"">
</div>


<!-- /10％OFFクーポン -->

<!-- おすすめ商品 -->
テレビ紹介：
トマトジュース /
マカデミアナッツオイル /
 電動ブレッドカッター /
 ルイボスティー /
りんご酢 /
<!-- /おすすめ商品 -->



<!-- 楽天24からのメッセージ/ -->
<br><br>


<!-- /楽天24からのメッセージ -->

<!-- あす楽NG/ -->
<!--　<img src=""http://image.rakuten.co.jp/rakuten24/cabinet/item46/asuraku0704.jpg"" width=""730"" height=""130"" border=""0"">

<div style=""margin-bottom:5px;"">
<img src=""http://image.rakuten.co.jp/rakuten24/cabinet/item45/asuraku0711.jpg"" width=""730"" height=""50"" border=""0"">
</div>
-->
<!-- /あす楽NG -->



<!-- 回遊/ -->
<!-- 

 -->
<!-- /回遊 -->



<!-- 2列表示用バナーエリア>
<!--
<tr>
<td width=""365""><img src=""http://www.rakuten.ne.jp/gold/rakuten24/item/images/itempage_bnr_01.jpg"" width=""360"" height=""60"" border=""0"" alt=""""></td>
<td width=""365""><img src=""http://www.rakuten.ne.jp/gold/rakuten24/item/images/itempage_bnr_02.gif"" width=""360"" height=""60"" border=""0"" alt=""""></td>
</tr>
--> 

<!-- 買い物かごボタン/ -->
<style>
/* 旧ボタン
#rakutenLimitedId_aroundCart input {
  width: 160px;
  height: 40px;
 background:url(http://image.rakuten.co.jp/rakuten24/cabinet/test/cart_black.gif) #fcfcfc no-repeat;
  overflow: hidden;
  border-width: 0px;
  text-indent: 150%;
  cursor: pointer !important;
  white-space: nowrap;
  margin: 10px 0 0 0;
}
*/

/* 旧2
#rakutenLimitedId_aroundCart input {
  width: 180px;
  height: 40px;
 background:url(http://image.rakuten.co.jp/rakuten24/cabinet/layout/btn_cart_black.gif) #fcfcfc no-repeat;
  overflow: hidden;
  border-width: 0px;
  text-indent: 150%;
  cursor: pointer !important;
  white-space: nowrap;
  margin: 10px 0 0 0;
}
*/

/* 予約かご対応でコメントアウト
#rakutenLimitedId_aroundCart input {
  width: 180px;
  height: 40px;
 background:url(""http://image.rakuten.co.jp/rakuten24/cabinet/layout/btn_cart_black.gif"") #fcfcfc no-repeat;
  overflow: hidden;
  border-width: 0px;
  text-indent: 150%;
  cursor: pointer !important;
  white-space: nowrap;
  margin: 10px 0 0 0;
}
*/
#rakutenLimitedId_aroundCart input.rCartBtn:hover,
div.shopBookmarkArea div.shopBkm a.addShopBkm span.shopBkmStar:hover,
div.bookmarkArea div.bkm a.addBkm span.bkmStar:hover {
  opacity: 0.8;
  filter: alpha(opacity=80);
}

#rakutenLimitedId_aroundCart #serviceTableSml{
/*
  margin-left: 92px !important;
*/
}

#rakutenLimitedId_aroundCart #serviceTableSml td.favorite{
width: 270px !important;
}



#rakutenLimitedId_aroundCart div.shopBkm{
width: 120px;
}

div.shopBookmarkArea div.shopBkm a.addShopBkm{
width: 120px !important;
height: 26px !important;
}

div.shopBookmarkArea div.shopBkm a.addShopBkm span.shopBkmStar{
width: 120px !important;
height: 26px !important;
background: url(http://image.rakuten.co.jp/rakuten24/cabinet/layout/btn_favorite_shop.gif) no-repeat 0 0 !important;
}



#rakutenLimitedId_aroundCart div.bkm{
width: 120px;
}

div.bookmarkArea div.bkm a.addBkm{
width: 120px !important;
height: 26px !important;
}

div.bookmarkArea div.bkm a.addBkm span.bkmStar{
width: 120px !important;
height: 26px !important;
background: url(http://image.rakuten.co.jp/rakuten24/cabinet/layout/btn_favorite_item.gif) no-repeat 0 0 !important;
}

.weeklyBnr{
width: 700px;
height: 231px;
position: relative;
background: url(""http://www.rakuten.ne.jp/gold/rakuten24/img/rank1/bg_rankbnr.jpg"") left top no-repeat;
}

.weeklyBnr img{
width: 662px;
position: absolute;
bottom: 30px;
left: 20px;
z-index: 10;
}

.weeklyBnr:after{
content: url(""http://www.rakuten.ne.jp/gold/rakuten24/img/rank1/wrap_rankbnr.png"");
position: absolute;
top: 0;
left: 0;
z-index: 100;
}

.reviewBnr {
    width: 700px;
    height: 100px;
    background: url(""http://image.rakuten.co.jp/rakuten24/cabinet/campaign/review/bg_reviewbnr.jpg"") left top no-repeat;
    position: relative;
    font-size: 16px;
}

.reviewBnr div {
    padding: 10px;
    background: #fff;
    position: absolute;
    top: 11px;
    left: 180px;
    line-height: 120%;
    border-radius: 5px;
}

.reviewBnr span {
    color: #ff0000;
}

.reviewBnr strong {
    font-size: 18px;
}

.bnr_eagles{
    width: 700px;
    display: block;
    background-color: #92041e;
    text-align: center;
}



html,body {
font-family: Century Gothic, Arial;
}

span.category_itemtaxpostage {font-size:10px;}
span.category_itemprice {color:#bf0000;font-size:24px;font-weight:bold; display:block;}
span.price2 { font-size:220% !important;font-weight:bold;}
table{z-index:0;} 
span.category_itemprice:before{/*content:""PRICE "";*/font-size:10px;}
</style>

<!-- ここまで -->


</table>",キーコーヒー コーヒーフィルター 2-4人用 無漂白 タブ付き 40枚入【楽天24】[キーコーヒー(KEY COFFEE) コーヒーフィルター(ペーパーフィルター)]：楽天24,楽天24クリスタルガイザーミネラルウォーターリアップリアップx5ダウニーコンドームペリエサーモスコントレックス日焼け止めココナッツオイルえごまこめ油サンペレグリノ扇風機クリスタルガイザー 500ml 48本緑の魔女甘酒キーコーヒー コーヒーフィルター 2-4人用 無漂白 タブ付き 40枚入【楽天24】[キーコーヒー(KEY COFFEE) コーヒーフィルター(ペーパーフィルター)],キーコーヒー(KEY COFFEE)/税抜1880円以上送料無料。キーコーヒー コーヒーフィルター 2-4人用 無漂白 タブ付き 40枚入【楽天24】[キーコーヒー(KEY COFFEE) コーヒーフィルター(ペーパーフィルター)][rn]
2-8673,http://tshop.r10s.jp/rakuten24/cabinet/e3167/e316790h_l.jpg?fitin=700:700,176.0000,,キッチン用品・食器・調理器具 > キッチン用品・雑貨・エプロン > その他,キーコーヒー コーヒーフィルター 2-4人用 無漂白 タブ付き 100枚入【楽天24】【あす楽対応】[キーコーヒー(KEY COFFEE) コーヒーフィルター(ペーパーフィルター)],キーコーヒー(KEY COFFEE)/税抜1880円以上送料無料,"<br><br><small>※パッケージデザイン等は予告なく変更されることがあります。</small><br><br><table><tr><td width=""100%""><p class=""pdesc""><div class=""pdesctitle"">商品説明</div><div class=""pdeschonbun"">「キーコーヒー コーヒーフィルター 2-4人用 無漂白 タブ付き 100枚入」は、無漂白パルプを100%使用した開けやすいタブ付きのコーヒーフィルター(ペーパーフィルター)です。2-4人用。100枚入り。</div><div class=""pdesctitle"">使用方法</div><div class=""pdeschonbun"">●キー・コーヒーフィルターの使い方<br>(1)底部のチャック部分を上に折り曲げる。<br>(2)側部のチャック部分を反対側へ折り返す。<br>(3)キー・コーヒードリッパーにピッタリと入れる。<br>(4)抽出後の粉はコーヒーフィルターごとゴミ入れへ捨てる。</div><div class=""pdesctitle"">使用上の注意</div><div class=""pdeschonbun"">●フィルターの底が抜ける恐れがありますのでチャック部分は必ず、互い違いに折り曲げてご使用ください。<br>●また、熱湯を注ぎ始めた後や、ゴミ入れに捨てる際に、フィルターをつまみ上げないでください。フィルターの底が抜けたり、やけど等の思わぬ事故を引き起こす恐れがあります。<br>※キー・コーヒーフィルター2-4人用はキー・コーヒードリッパー102に合うように作られております。ドリッパーに合わせてお使いください。</div><div class=""pdesctitle"">原産国</div><div class=""pdeschonbun"">日本</div><div class=""pdesctitle"">お問い合わせ先</div><div class=""pdeschonbun"">キーコーヒー株式会社<br>キーコーヒーお客様センター：0120-192008</div></p></td></tr></table><br>ブランド：キーコーヒー(KEY COFFEE)<br>楽天24＞ホーム＆キッチン＞コーヒー・ティー用品＞コーヒー用品＞コーヒーフィルター(ペーパーフィルター)＞キーコーヒー コーヒーフィルター 2-4人用 無漂白 タブ付き 100枚入<br>製造販売元：キーコーヒー<br>原産国 日本<br>内容量：100枚入り<br><br><br><br>JANコード：　4901372279703<br><br><table width=""100%"" border=0 cellspacing=0 cellpadding=5><tr><td></td><tr><td></td></tr></table><br><br><br>広告文責：ケンコーコム株式会社<br>TEL:050-5577-5043<br><br>[キーコーヒー(KEY COFFEE)]<br>コーヒー・ティー用品/コーヒー用品/コーヒーフィルター(ペーパーフィルター)<br><br><!-- id: ?s-id=r24_ihbnr_01/ ?s-id=r24_ihbnr_02 -->
<table width=""730"" cellpadding=""0"" cellspacing=""0"" border=""0"">

<!--10％OFFクーポン/ -->

<div style=""margin-bottom:10px;"">

<img src=""
https://image.rakuten.co.jp/rakuten24/cabinet/coupon/bnr_100_700_60.jpg"" alt=""初めての方限定100円OFFクーポン！"" width=""700"" height=""60"" border=""0"">
</div>

<div style=""margin-bottom:10px;"">

<img src=""http://image.rakuten.co.jp/rakuten24/cabinet/coupon/bnr_700_60_4.jpg"" alt=""4,000円以上購入10%OFF！"" width=""700"" height=""60"" border=""0"">
</div>

<div style=""margin-bottom:10px;"">

<img src=""http://image.rakuten.co.jp/rakuten24/cabinet/coupon/bnr_700_60_10000.jpg"" alt=""10,000円以上購入で15%OFF！"" width=""700"" height=""60"" border=""0"">
</div>

<!--div style=""margin-bottom:10px;"">

<img src=""http://image.rakuten.co.jp/rakuten24/cabinet/campaign/asuraku/bnr_700_60.jpg"" alt=""あす楽商品ポイント3倍！"" width=""700"" height=""60"" border=""0"">
</div-->


<div style=""margin-bottom:10px;"">

<img src=""https://image.rakuten.co.jp/rakuten24/cabinet/special/2016_ecampaign.jpg"" alt=""イーグルス勝利記念ポイント2倍！"" width=""468"" height=""60"" border=""0"">
</div>


<!-- /10％OFFクーポン -->

<!-- おすすめ商品 -->
テレビ紹介：
トマトジュース /
マカデミアナッツオイル /
 電動ブレッドカッター /
 ルイボスティー /
りんご酢 /
<!-- /おすすめ商品 -->



<!-- 楽天24からのメッセージ/ -->
<br><br>


<!-- /楽天24からのメッセージ -->

<!-- あす楽NG/ -->
<!--　<img src=""http://image.rakuten.co.jp/rakuten24/cabinet/item46/asuraku0704.jpg"" width=""730"" height=""130"" border=""0"">

<div style=""margin-bottom:5px;"">
<img src=""http://image.rakuten.co.jp/rakuten24/cabinet/item45/asuraku0711.jpg"" width=""730"" height=""50"" border=""0"">
</div>
-->
<!-- /あす楽NG -->



<!-- 回遊/ -->
<!-- 

 -->
<!-- /回遊 -->



<!-- 2列表示用バナーエリア>
<!--
<tr>
<td width=""365""><img src=""http://www.rakuten.ne.jp/gold/rakuten24/item/images/itempage_bnr_01.jpg"" width=""360"" height=""60"" border=""0"" alt=""""></td>
<td width=""365""><img src=""http://www.rakuten.ne.jp/gold/rakuten24/item/images/itempage_bnr_02.gif"" width=""360"" height=""60"" border=""0"" alt=""""></td>
</tr>
--> 

<!-- 買い物かごボタン/ -->
<style>
/* 旧ボタン
#rakutenLimitedId_aroundCart input {
  width: 160px;
  height: 40px;
 background:url(http://image.rakuten.co.jp/rakuten24/cabinet/test/cart_black.gif) #fcfcfc no-repeat;
  overflow: hidden;
  border-width: 0px;
  text-indent: 150%;
  cursor: pointer !important;
  white-space: nowrap;
  margin: 10px 0 0 0;
}
*/

/* 旧2
#rakutenLimitedId_aroundCart input {
  width: 180px;
  height: 40px;
 background:url(http://image.rakuten.co.jp/rakuten24/cabinet/layout/btn_cart_black.gif) #fcfcfc no-repeat;
  overflow: hidden;
  border-width: 0px;
  text-indent: 150%;
  cursor: pointer !important;
  white-space: nowrap;
  margin: 10px 0 0 0;
}
*/

/* 予約かご対応でコメントアウト
#rakutenLimitedId_aroundCart input {
  width: 180px;
  height: 40px;
 background:url(""http://image.rakuten.co.jp/rakuten24/cabinet/layout/btn_cart_black.gif"") #fcfcfc no-repeat;
  overflow: hidden;
  border-width: 0px;
  text-indent: 150%;
  cursor: pointer !important;
  white-space: nowrap;
  margin: 10px 0 0 0;
}
*/
#rakutenLimitedId_aroundCart input.rCartBtn:hover,
div.shopBookmarkArea div.shopBkm a.addShopBkm span.shopBkmStar:hover,
div.bookmarkArea div.bkm a.addBkm span.bkmStar:hover {
  opacity: 0.8;
  filter: alpha(opacity=80);
}

#rakutenLimitedId_aroundCart #serviceTableSml{
/*
  margin-left: 92px !important;
*/
}

#rakutenLimitedId_aroundCart #serviceTableSml td.favorite{
width: 270px !important;
}



#rakutenLimitedId_aroundCart div.shopBkm{
width: 120px;
}

div.shopBookmarkArea div.shopBkm a.addShopBkm{
width: 120px !important;
height: 26px !important;
}

div.shopBookmarkArea div.shopBkm a.addShopBkm span.shopBkmStar{
width: 120px !important;
height: 26px !important;
background: url(http://image.rakuten.co.jp/rakuten24/cabinet/layout/btn_favorite_shop.gif) no-repeat 0 0 !important;
}



#rakutenLimitedId_aroundCart div.bkm{
width: 120px;
}

div.bookmarkArea div.bkm a.addBkm{
width: 120px !important;
height: 26px !important;
}

div.bookmarkArea div.bkm a.addBkm span.bkmStar{
width: 120px !important;
height: 26px !important;
background: url(http://image.rakuten.co.jp/rakuten24/cabinet/layout/btn_favorite_item.gif) no-repeat 0 0 !important;
}

.weeklyBnr{
width: 700px;
height: 231px;
position: relative;
background: url(""http://www.rakuten.ne.jp/gold/rakuten24/img/rank1/bg_rankbnr.jpg"") left top no-repeat;
}

.weeklyBnr img{
width: 662px;
position: absolute;
bottom: 30px;
left: 20px;
z-index: 10;
}

.weeklyBnr:after{
content: url(""http://www.rakuten.ne.jp/gold/rakuten24/img/rank1/wrap_rankbnr.png"");
position: absolute;
top: 0;
left: 0;
z-index: 100;
}

.reviewBnr {
    width: 700px;
    height: 100px;
    background: url(""http://image.rakuten.co.jp/rakuten24/cabinet/campaign/review/bg_reviewbnr.jpg"") left top no-repeat;
    position: relative;
    font-size: 16px;
}

.reviewBnr div {
    padding: 10px;
    background: #fff;
    position: absolute;
    top: 11px;
    left: 180px;
    line-height: 120%;
    border-radius: 5px;
}

.reviewBnr span {
    color: #ff0000;
}

.reviewBnr strong {
    font-size: 18px;
}

.bnr_eagles{
    width: 700px;
    display: block;
    background-color: #92041e;
    text-align: center;
}



html,body {
font-family: Century Gothic, Arial;
}

span.category_itemtaxpostage {font-size:10px;}
span.category_itemprice {color:#bf0000;font-size:24px;font-weight:bold; display:block;}
span.price2 { font-size:220% !important;font-weight:bold;}
table{z-index:0;} 
span.category_itemprice:before{/*content:""PRICE "";*/font-size:10px;}
</style>

<!-- ここまで -->


</table>",キーコーヒー コーヒーフィルター 2-4人用 無漂白 タブ付き 100枚入【楽天24】【あす楽対応】[キーコーヒー(KEY COFFEE) コーヒーフィルター(ペーパーフィルター)]：楽天24,楽天24クリスタルガイザーミネラルウォーターリアップリアップx5ダウニーコンドームペリエサーモスコントレックス日焼け止めココナッツオイルえごまこめ油サンペレグリノ扇風機クリスタルガイザー 500ml 48本緑の魔女甘酒キーコーヒー コーヒーフィルター 2-4人用 無漂白 タブ付き 100枚入【楽天24】【あす楽対応】[キーコーヒー(KEY COFFEE) コーヒーフィルター(ペーパーフィルター)],キーコーヒー(KEY COFFEE)/税抜1880円以上送料無料。キーコーヒー コーヒーフィルター 2-4人用 無漂白 タブ付き 100枚入【楽天24】【あす楽対応】[キーコーヒー(KEY COFFEE) コーヒーフィルター(ペーパーフィルター)][rn]
2-8674,http://tshop.r10s.jp/rakuten24/cabinet/e4766/e476646h_l.jpg?fitin=700:700,2191.2000,,キッチン用品・食器・調理器具 > キッチン用品・雑貨・エプロン > その他,カリタ 陶器製 ツーウェイドリップセット ポエム 2-4人用【楽天24】【あす楽対応】[Kalita(カリタ) コーヒードリッパー],Kalita(カリタ)/送料無料,"<br><br><small>※パッケージデザイン等は予告なく変更されることがあります。</small><br><br><table><tr><td width=""100%""><p class=""pdesc""><div class=""pdesctitle"">商品説明</div><div class=""pdeschonbun"">「カリタ 陶器製 ツーウェイドリップセット ポエム 2-4人用」は、陶器製のポットとドリッパーのセットです。コーヒーでも紅茶でも、素敵なティータイムを演出します。2-4人用。</div><div class=""pdesctitle"">製品仕様</div><div class=""pdeschonbun"">●材質：ドリッパー・ポット/陶器、濾紙/バージンパルプ100%、茶こし/ステンレス、メジャーカップ/ポリプロピレン<br>●サイズ：約幅(取っ手含む)19.5×奥行12.5×高さ(ドリッパーセット時)15.3cm</div><div class=""pdesctitle"">原産国</div><div class=""pdeschonbun"">日本</div><div class=""pdesctitle"">お問い合わせ先</div><div class=""pdeschonbun"">株式会社カリタ<br>TEL：045-440-6444</div></p></td></tr></table><br>ブランド：Kalita(カリタ)<br>楽天24＞ホーム＆キッチン＞コーヒー・ティー用品＞コーヒー用品＞コーヒードリッパー＞カリタ 陶器製 ツーウェイドリップセット ポエム 2-4人用<br>製造販売元：カリタ<br>原産国 日本<br><br><br><br><br>JANコード：　4901369505341<br><br><table width=""100%"" border=0 cellspacing=0 cellpadding=5><tr><td></td><tr><td></td></tr></table><br><br><br>広告文責：ケンコーコム株式会社<br>TEL:050-5577-5043<br><br>[Kalita(カリタ)]<br>コーヒー・ティー用品/コーヒー用品/コーヒードリッパー<br><br><!-- id: ?s-id=r24_ihbnr_01/ ?s-id=r24_ihbnr_02 -->
<table width=""730"" cellpadding=""0"" cellspacing=""0"" border=""0"">

<!--10％OFFクーポン/ -->

<div style=""margin-bottom:10px;"">

<img src=""
https://image.rakuten.co.jp/rakuten24/cabinet/coupon/bnr_100_700_60.jpg"" alt=""初めての方限定100円OFFクーポン！"" width=""700"" height=""60"" border=""0"">
</div>

<div style=""margin-bottom:10px;"">

<img src=""http://image.rakuten.co.jp/rakuten24/cabinet/coupon/bnr_700_60_4.jpg"" alt=""4,000円以上購入10%OFF！"" width=""700"" height=""60"" border=""0"">
</div>

<div style=""margin-bottom:10px;"">

<img src=""http://image.rakuten.co.jp/rakuten24/cabinet/coupon/bnr_700_60_10000.jpg"" alt=""10,000円以上購入で15%OFF！"" width=""700"" height=""60"" border=""0"">
</div>

<!--div style=""margin-bottom:10px;"">

<img src=""http://image.rakuten.co.jp/rakuten24/cabinet/campaign/asuraku/bnr_700_60.jpg"" alt=""あす楽商品ポイント3倍！"" width=""700"" height=""60"" border=""0"">
</div-->


<div style=""margin-bottom:10px;"">

<img src=""https://image.rakuten.co.jp/rakuten24/cabinet/special/2016_ecampaign.jpg"" alt=""イーグルス勝利記念ポイント2倍！"" width=""468"" height=""60"" border=""0"">
</div>


<!-- /10％OFFクーポン -->

<!-- おすすめ商品 -->
テレビ紹介：
トマトジュース /
マカデミアナッツオイル /
 電動ブレッドカッター /
 ルイボスティー /
りんご酢 /
<!-- /おすすめ商品 -->



<!-- 楽天24からのメッセージ/ -->
<br><br>


<!-- /楽天24からのメッセージ -->

<!-- あす楽NG/ -->
<!--　<img src=""http://image.rakuten.co.jp/rakuten24/cabinet/item46/asuraku0704.jpg"" width=""730"" height=""130"" border=""0"">

<div style=""margin-bottom:5px;"">
<img src=""http://image.rakuten.co.jp/rakuten24/cabinet/item45/asuraku0711.jpg"" width=""730"" height=""50"" border=""0"">
</div>
-->
<!-- /あす楽NG -->



<!-- 回遊/ -->
<!-- 

 -->
<!-- /回遊 -->



<!-- 2列表示用バナーエリア>
<!--
<tr>
<td width=""365""><img src=""http://www.rakuten.ne.jp/gold/rakuten24/item/images/itempage_bnr_01.jpg"" width=""360"" height=""60"" border=""0"" alt=""""></td>
<td width=""365""><img src=""http://www.rakuten.ne.jp/gold/rakuten24/item/images/itempage_bnr_02.gif"" width=""360"" height=""60"" border=""0"" alt=""""></td>
</tr>
--> 

<!-- 買い物かごボタン/ -->
<style>
/* 旧ボタン
#rakutenLimitedId_aroundCart input {
  width: 160px;
  height: 40px;
 background:url(http://image.rakuten.co.jp/rakuten24/cabinet/test/cart_black.gif) #fcfcfc no-repeat;
  overflow: hidden;
  border-width: 0px;
  text-indent: 150%;
  cursor: pointer !important;
  white-space: nowrap;
  margin: 10px 0 0 0;
}
*/

/* 旧2
#rakutenLimitedId_aroundCart input {
  width: 180px;
  height: 40px;
 background:url(http://image.rakuten.co.jp/rakuten24/cabinet/layout/btn_cart_black.gif) #fcfcfc no-repeat;
  overflow: hidden;
  border-width: 0px;
  text-indent: 150%;
  cursor: pointer !important;
  white-space: nowrap;
  margin: 10px 0 0 0;
}
*/

/* 予約かご対応でコメントアウト
#rakutenLimitedId_aroundCart input {
  width: 180px;
  height: 40px;
 background:url(""http://image.rakuten.co.jp/rakuten24/cabinet/layout/btn_cart_black.gif"") #fcfcfc no-repeat;
  overflow: hidden;
  border-width: 0px;
  text-indent: 150%;
  cursor: pointer !important;
  white-space: nowrap;
  margin: 10px 0 0 0;
}
*/
#rakutenLimitedId_aroundCart input.rCartBtn:hover,
div.shopBookmarkArea div.shopBkm a.addShopBkm span.shopBkmStar:hover,
div.bookmarkArea div.bkm a.addBkm span.bkmStar:hover {
  opacity: 0.8;
  filter: alpha(opacity=80);
}

#rakutenLimitedId_aroundCart #serviceTableSml{
/*
  margin-left: 92px !important;
*/
}

#rakutenLimitedId_aroundCart #serviceTableSml td.favorite{
width: 270px !important;
}



#rakutenLimitedId_aroundCart div.shopBkm{
width: 120px;
}

div.shopBookmarkArea div.shopBkm a.addShopBkm{
width: 120px !important;
height: 26px !important;
}

div.shopBookmarkArea div.shopBkm a.addShopBkm span.shopBkmStar{
width: 120px !important;
height: 26px !important;
background: url(http://image.rakuten.co.jp/rakuten24/cabinet/layout/btn_favorite_shop.gif) no-repeat 0 0 !important;
}



#rakutenLimitedId_aroundCart div.bkm{
width: 120px;
}

div.bookmarkArea div.bkm a.addBkm{
width: 120px !important;
height: 26px !important;
}

div.bookmarkArea div.bkm a.addBkm span.bkmStar{
width: 120px !important;
height: 26px !important;
background: url(http://image.rakuten.co.jp/rakuten24/cabinet/layout/btn_favorite_item.gif) no-repeat 0 0 !important;
}

.weeklyBnr{
width: 700px;
height: 231px;
position: relative;
background: url(""http://www.rakuten.ne.jp/gold/rakuten24/img/rank1/bg_rankbnr.jpg"") left top no-repeat;
}

.weeklyBnr img{
width: 662px;
position: absolute;
bottom: 30px;
left: 20px;
z-index: 10;
}

.weeklyBnr:after{
content: url(""http://www.rakuten.ne.jp/gold/rakuten24/img/rank1/wrap_rankbnr.png"");
position: absolute;
top: 0;
left: 0;
z-index: 100;
}

.reviewBnr {
    width: 700px;
    height: 100px;
    background: url(""http://image.rakuten.co.jp/rakuten24/cabinet/campaign/review/bg_reviewbnr.jpg"") left top no-repeat;
    position: relative;
    font-size: 16px;
}

.reviewBnr div {
    padding: 10px;
    background: #fff;
    position: absolute;
    top: 11px;
    left: 180px;
    line-height: 120%;
    border-radius: 5px;
}

.reviewBnr span {
    color: #ff0000;
}

.reviewBnr strong {
    font-size: 18px;
}

.bnr_eagles{
    width: 700px;
    display: block;
    background-color: #92041e;
    text-align: center;
}



html,body {
font-family: Century Gothic, Arial;
}

span.category_itemtaxpostage {font-size:10px;}
span.category_itemprice {color:#bf0000;font-size:24px;font-weight:bold; display:block;}
span.price2 { font-size:220% !important;font-weight:bold;}
table{z-index:0;} 
span.category_itemprice:before{/*content:""PRICE "";*/font-size:10px;}
</style>

<!-- ここまで -->


</table>",カリタ 陶器製 ツーウェイドリップセット ポエム 2-4人用【楽天24】【あす楽対応】[Kalita(カリタ) コーヒードリッパー]：楽天24,楽天24クリスタルガイザーミネラルウォーターリアップリアップx5ダウニーコンドームペリエサーモスコントレックス日焼け止めココナッツオイルえごまこめ油サンペレグリノ扇風機クリスタルガイザー 500ml 48本緑の魔女甘酒カリタ 陶器製 ツーウェイドリップセット ポエム 2-4人用【楽天24】【あす楽対応】[Kalita(カリタ) コーヒードリッパー],Kalita(カリタ)/送料無料。カリタ 陶器製 ツーウェイドリップセット ポエム 2-4人用【楽天24】【あす楽対応】[Kalita(カリタ) コーヒードリッパー][rn]
2-8675,http://tshop.r10s.jp/kurashikenkou/cabinet/arata/9402036-e.jpg?fitin=700:700,102.4000,,キッチン用品・食器・調理器具 > キッチン用品・雑貨・エプロン > その他,【M’s one】油スイスイ吸いとる綿　12個入【D】,【税抜1980円以上で送料無料】,"天然の綿(原綿)を加工する時に残る端材を吸収材に利用した環境にやさしい廃食用油処理パッド☆<br>
天然の綿は再生パルプの1.3倍もの油を吸収します!!<br>
パッド1個で約120mlの油を片付けられ、油の量に合わせてムダなくお使いいただけます！<br>
※ゴミを出すときは市区町村の区分に従ってください。<br><br>
●内容量：12個入<br>
●吸油量：約120ml<br>
●材質：コットン、ポリエチレン・ポリプロピレン<br>
【使用上の注意】<br>
・パッドに油が十分しみ込んでから廃棄する。<br>
・火のそばやお子様の手の届く所に置かない。<br>
・用途以外に使わない。
・油を十分に冷まして(40度以下)ご使用ください。<br>
・熱いうちにご使用になりますとヤケドや自然発火の可能性があります。<br>
※本品記載の使用法・使用上の注意をよくお読みの上ご使用下さい。<br><br>【enetshop1128-B1】<center>



<!--GoQSystemランキング自動更新ツールワイド-->
<table align=""center"" width=""600"" border=""0"" cellpadding=""0"" cellspacing=""0"" bgcolor=""#FFFFFF"">
<tr>
<td>
<table align=""center"" width=""600"" border=""0"" cellpadding=""0"" cellspacing=""0"" bgcolor=""#FFFFFF"">
<tr>
<td align=""center"" valign=""bottom"" bgcolor=""#cccccc""><img src=""http://www.rakuten.ne.jp/gold/kurashikenkou/goqsystem/600rankingtitel.gif"" width=""600"" /></td>
</tr>
</table>
<table align=""center"" width=""596"" border=""0"" cellpadding=""0"" cellspacing=""0"" bgcolor=""#CCCCCC"" style=""border-left:solid;border-left-width:1px;border-right:solid;border-right-width:1px;border-bottom:solid;border-bottom-width:1px;border-color:#CCCCCC;"">
<tr>
<td align=""center"" bgcolor=""#FFFFFF"" style=""overflow:auto;"">

</td>
</tr>
<tr>
<td align=""right"" bgcolor=""#FFFFFF"" style=""padding:2px;"">
<img src=""http://www.rakuten.ne.jp/gold/kurashikenkou/goqsystem/powered_by_banner.gif"" width=""125"" />
</td>
</tr>
</table>
</td>
</tr>
</table>
<!--GoQSystemランキング自動更新ツールワイド-->


</center>",【M&rsquo;s one】油スイスイ吸いとる綿　12個入【D】：暮らし健康ネット館,キッチンバス調理器具洗剤クリスタルガイザー500ml柔軟剤室内物干し物干し健康食品アイリスオーヤマ掃除ハンガー洗濯収納米ダイエット水ダウニーフライパン特茶【M&rsquo;s one】油スイスイ吸いとる綿　12個入【D】,【税抜1980円以上で送料無料】。【M&rsquo;s one】油スイスイ吸いとる綿　12個入【D】[rn]
2-8676,http://tshop.r10s.jp/kurashikenkou/cabinet/okabe/9520441.jpg?fitin=700:700,594.4000,,キッチン用品・食器・調理器具 > キッチン用品・雑貨・エプロン > その他,レアック・ジャパンオイルブラシ グリーンRJ127KT29-GN【TC】,【税抜1980円以上で送料無料】,"少ないオイルでヘルシーに！<br>使いたい分だけ調節して使用出来ます<br>残りの量がひと目でわかる半透明のシリコン製です<br>直接フライパンや、ホットプレートにブラシで塗ることができます<br>フタ付きなので、ホコリなどからブラシ部分を守り、衛生的にお使いいただけます<br><br>●商品サイズ（約）：直径5×高さ12.5cm<br>●商品重量（約）：70g<br>●材質：本体＝シリコーン樹脂 フタ＝AS樹脂<br>●耐熱温度：230度（本体）・70度（フタ）<br>●メーカー：レアックジャパン<br><center>



<!--GoQSystemランキング自動更新ツールワイド-->
<table align=""center"" width=""600"" border=""0"" cellpadding=""0"" cellspacing=""0"" bgcolor=""#FFFFFF"">
<tr>
<td>
<table align=""center"" width=""600"" border=""0"" cellpadding=""0"" cellspacing=""0"" bgcolor=""#FFFFFF"">
<tr>
<td align=""center"" valign=""bottom"" bgcolor=""#cccccc""><img src=""http://www.rakuten.ne.jp/gold/kurashikenkou/goqsystem/600rankingtitel.gif"" width=""600"" /></td>
</tr>
</table>
<table align=""center"" width=""596"" border=""0"" cellpadding=""0"" cellspacing=""0"" bgcolor=""#CCCCCC"" style=""border-left:solid;border-left-width:1px;border-right:solid;border-right-width:1px;border-bottom:solid;border-bottom-width:1px;border-color:#CCCCCC;"">
<tr>
<td align=""center"" bgcolor=""#FFFFFF"" style=""overflow:auto;"">

</td>
</tr>
<tr>
<td align=""right"" bgcolor=""#FFFFFF"" style=""padding:2px;"">
<img src=""http://www.rakuten.ne.jp/gold/kurashikenkou/goqsystem/powered_by_banner.gif"" width=""125"" />
</td>
</tr>
</table>
</td>
</tr>
</table>
<!--GoQSystemランキング自動更新ツールワイド-->


</center>",レアック・ジャパンオイルブラシ グリーンRJ127KT29-GN【TC】：暮らし健康ネット館,キッチンバス調理器具洗剤クリスタルガイザー500ml柔軟剤室内物干し物干し健康食品アイリスオーヤマ掃除ハンガー洗濯収納米ダイエット水ダウニーフライパン特茶レアック・ジャパンオイルブラシ グリーンRJ127KT29-GN【TC】,【税抜1980円以上で送料無料】。レアック・ジャパンオイルブラシ グリーンRJ127KT29-GN【TC】[rn]
2-8677,http://tshop.r10s.jp/kurashikenkou/cabinet/okabe/9520438.jpg?fitin=700:700,303.2000,,キッチン用品・食器・調理器具 > キッチン用品・雑貨・エプロン > その他,レアックジャパン川越シェフ プロデュース ベジタブルブラシSK004KT26-PK【TC】,【税抜1980円以上で送料無料】,"川越達也プロデュースの「TATSUYA IDEA KITCHEN｝！<br>じゃがいも、ごぼうの他に、にんじん・さつまいも・大根など色々な野菜に使えます！<br>本品指サック部分に中指を通し、じゃがいもやごぼうなど凹凸のある野菜にブラシ面を当ててこすります<br>柔らかい素材でデコボコ野菜も洗いやすく、指サック付きで手にフィットして動かしやすい仕様です<br>2つのオリジナルレシピ付きです<br>1、ハムとじゃがいも、ごぼうのパスタ 2、ごぼうのミートソースパスタ<br><br>●商品サイズ（約）：直径10×高さ5cm<br>●商品重量（約）：50g<br>●材質：エラストマー<br>●耐熱温度：60度<br>●メーカー：レアックジャパン<br><center>



<!--GoQSystemランキング自動更新ツールワイド-->
<table align=""center"" width=""600"" border=""0"" cellpadding=""0"" cellspacing=""0"" bgcolor=""#FFFFFF"">
<tr>
<td>
<table align=""center"" width=""600"" border=""0"" cellpadding=""0"" cellspacing=""0"" bgcolor=""#FFFFFF"">
<tr>
<td align=""center"" valign=""bottom"" bgcolor=""#cccccc""><img src=""http://www.rakuten.ne.jp/gold/kurashikenkou/goqsystem/600rankingtitel.gif"" width=""600"" /></td>
</tr>
</table>
<table align=""center"" width=""596"" border=""0"" cellpadding=""0"" cellspacing=""0"" bgcolor=""#CCCCCC"" style=""border-left:solid;border-left-width:1px;border-right:solid;border-right-width:1px;border-bottom:solid;border-bottom-width:1px;border-color:#CCCCCC;"">
<tr>
<td align=""center"" bgcolor=""#FFFFFF"" style=""overflow:auto;"">

</td>
</tr>
<tr>
<td align=""right"" bgcolor=""#FFFFFF"" style=""padding:2px;"">
<img src=""http://www.rakuten.ne.jp/gold/kurashikenkou/goqsystem/powered_by_banner.gif"" width=""125"" />
</td>
</tr>
</table>
</td>
</tr>
</table>
<!--GoQSystemランキング自動更新ツールワイド-->


</center>",レアックジャパン川越シェフ プロデュース ベジタブルブラシSK004KT26-PK【TC】：暮らし健康ネット館,キッチンバス調理器具洗剤クリスタルガイザー500ml柔軟剤室内物干し物干し健康食品アイリスオーヤマ掃除ハンガー洗濯収納米ダイエット水ダウニーフライパン特茶レアックジャパン川越シェフ プロデュース ベジタブルブラシSK004KT26-PK【TC】,【税抜1980円以上で送料無料】。レアックジャパン川越シェフ プロデュース ベジタブルブラシSK004KT26-PK【TC】[rn]
2-8678,http://tshop.r10s.jp/kurashikenkou/cabinet/okabe/9520440.jpg?fitin=700:700,594.4000,,キッチン用品・食器・調理器具 > キッチン用品・雑貨・エプロン > その他,レアック・ジャパンオイルブラシ ピンクRJ127KT29-PK【TC】,【税抜1980円以上で送料無料】,"少ないオイルでヘルシーに！<br>使いたい分だけ調節して使用出来ます<br>残りの量がひと目でわかる半透明のシリコン製です<br>直接フライパンや、ホットプレートにブラシで塗ることができます<br>フタ付きなので、ホコリなどからブラシ部分を守り、衛生的にお使いいただけます<br><br>●商品サイズ（約）：直径5×高さ12.5cm<br>●商品重量（約）：70g<br>●材質：本体＝シリコーン樹脂 フタ＝AS樹脂<br>●耐熱温度：230度（本体）・70度（フタ）<br>●メーカー：レアックジャパン<br><center>



<!--GoQSystemランキング自動更新ツールワイド-->
<table align=""center"" width=""600"" border=""0"" cellpadding=""0"" cellspacing=""0"" bgcolor=""#FFFFFF"">
<tr>
<td>
<table align=""center"" width=""600"" border=""0"" cellpadding=""0"" cellspacing=""0"" bgcolor=""#FFFFFF"">
<tr>
<td align=""center"" valign=""bottom"" bgcolor=""#cccccc""><img src=""http://www.rakuten.ne.jp/gold/kurashikenkou/goqsystem/600rankingtitel.gif"" width=""600"" /></td>
</tr>
</table>
<table align=""center"" width=""596"" border=""0"" cellpadding=""0"" cellspacing=""0"" bgcolor=""#CCCCCC"" style=""border-left:solid;border-left-width:1px;border-right:solid;border-right-width:1px;border-bottom:solid;border-bottom-width:1px;border-color:#CCCCCC;"">
<tr>
<td align=""center"" bgcolor=""#FFFFFF"" style=""overflow:auto;"">

</td>
</tr>
<tr>
<td align=""right"" bgcolor=""#FFFFFF"" style=""padding:2px;"">
<img src=""http://www.rakuten.ne.jp/gold/kurashikenkou/goqsystem/powered_by_banner.gif"" width=""125"" />
</td>
</tr>
</table>
</td>
</tr>
</table>
<!--GoQSystemランキング自動更新ツールワイド-->


</center>",レアック・ジャパンオイルブラシ ピンクRJ127KT29-PK【TC】：暮らし健康ネット館,キッチンバス調理器具洗剤クリスタルガイザー500ml柔軟剤室内物干し物干し健康食品アイリスオーヤマ掃除ハンガー洗濯収納米ダイエット水ダウニーフライパン特茶レアック・ジャパンオイルブラシ ピンクRJ127KT29-PK【TC】,【税抜1980円以上で送料無料】。レアック・ジャパンオイルブラシ ピンクRJ127KT29-PK【TC】[rn]
2-8679,http://tshop.r10s.jp/kurashikenkou/cabinet/tasya34/7074146-e.jpg?fitin=700:700,368.8000,,キッチン用品・食器・調理器具 > キッチン用品・雑貨・エプロン > その他,シリコンティーバッグホルダー 241012キッチン雑貨 シリコン ティーパック コップのふち ティーバッグ ホルダー マグカップ ウサギYE・ウサギGR・ウサギBL・サルRE・サルYE・サルGR・サルBL・バタフライYE・バタフライGR・バタフライBL【D】,【税抜1980円以上で送料無料】,"<b><font color=""#DCDCDC"">キッチン雑貨 シリコン ティーパック ホルダー マグカップ キッチン雑貨ティーパック ティーパックキッチン雑貨</font></b><br>ティーバックの紐が中に入らないように、ホールドできます。<br>スプーンレストや、ティーバックを置くソーサーとしても使える。<br><br><br>●商品サイズ（cm）<br>ウサギ：幅約9×奥行約4×高さ約2<br>サル：幅約8.5×奥行約4×高さ約2<br>バタフライ：幅約7×奥行約6.9×高さ約3<br>●重量<br>ウサギ・サル：約30g<br>バタフライ：約15g<br>●材質<br>シリコン<br>●耐熱耐冷温度<br>180℃、-50℃<center>



<!--GoQSystemランキング自動更新ツールワイド-->
<table align=""center"" width=""600"" border=""0"" cellpadding=""0"" cellspacing=""0"" bgcolor=""#FFFFFF"">
<tr>
<td>
<table align=""center"" width=""600"" border=""0"" cellpadding=""0"" cellspacing=""0"" bgcolor=""#FFFFFF"">
<tr>
<td align=""center"" valign=""bottom"" bgcolor=""#cccccc""><img src=""http://www.rakuten.ne.jp/gold/kurashikenkou/goqsystem/600rankingtitel.gif"" width=""600"" /></td>
</tr>
</table>
<table align=""center"" width=""596"" border=""0"" cellpadding=""0"" cellspacing=""0"" bgcolor=""#CCCCCC"" style=""border-left:solid;border-left-width:1px;border-right:solid;border-right-width:1px;border-bottom:solid;border-bottom-width:1px;border-color:#CCCCCC;"">
<tr>
<td align=""center"" bgcolor=""#FFFFFF"" style=""overflow:auto;"">

</td>
</tr>
<tr>
<td align=""right"" bgcolor=""#FFFFFF"" style=""padding:2px;"">
<img src=""http://www.rakuten.ne.jp/gold/kurashikenkou/goqsystem/powered_by_banner.gif"" width=""125"" />
</td>
</tr>
</table>
</td>
</tr>
</table>
<!--GoQSystemランキング自動更新ツールワイド-->


</center>",シリコンティーバッグホルダー 241012キッチン雑貨 シリコン ティーパック コップのふち ティーバッグ ホルダー マグカップ ウサギYE・ウサギGR・ウサギBL・サルRE・サルYE・サルGR・サルBL・バタフライYE・バタフライGR・バタフライBL【D】：暮らし健康ネット館,キッチンバス調理器具洗剤クリスタルガイザー500ml柔軟剤室内物干し物干し健康食品アイリスオーヤマ掃除ハンガー洗濯収納米ダイエット水ダウニーフライパン特茶シリコンティーバッグホルダー 241012キッチン雑貨 シリコン ティーパック コップのふち ティーバッグ ホルダー マグカップ ウサギYE・ウサギGR・ウサギBL・サルRE・サルYE・サルGR・サルBL・バタフライYE・バタフライGR・バタフライBL【D】,【税抜1980円以上で送料無料】。シリコンティーバッグホルダー 241012キッチン雑貨 シリコン ティーパック コップのふち ティーバッグ ホルダー マグカップ ウサギYE・ウサギGR・ウサギBL・サルRE・サルYE・サルGR・サルBL・バタフライYE・バタフライGR・バタフライBL【D】[rn]
2-8680,http://tshop.r10s.jp/edion/cabinet/goods/ll/img_088/4975970208847_ll.jpg?fitin=700:700,468.8000,,キッチン用品・食器・調理器具 > キッチン用品・雑貨・エプロン > その他,ベストコ セルローズ　水切りマット ブルー MA-101 [MA101],,"<style type>img {    border: none;}#CenterCntBoxDowble {    float: right;    margin: 0;    padding: 0;    text-align: left;    vertical-align: top;    width: 720px;}.GoodsSpecTitle2{    background-image: url(""http://image.rakuten.co.jp/edion/cabinet/parts/dtitle_goods2.gif"");    background-repeat: no-repeat;    font-size: 100%;    margin: 0;    padding: 7px 11px 0;    max-height: 80px;    min-height: 25px;}.GoodsSpecTitleEnd {    background-image: url(""http://image.rakuten.co.jp/edion/cabinet/parts/dtitle_goodsend.gif"");    background-position: left bottom;    background-repeat: no-repeat;    height: 10px;    margin: 0px 0 10px;}.GoodsSpecTitle2 h3 {    color: #FFFFFF;    font-size: 108%;    max-height: 70px;    min-height: 24px;}h3 {    margin: 0;    padding: 0;}span.tax {    color: #666666;    font-size: 70%;}.RelationTable {    margin: 0 0 10px;    padding: 0;}td.Cell {    background-color: #FFFFFF;    font-size: 100%;    font-weight: normal;    padding: 2px 40px 0 0;    text-align: left;    vertical-align: top;    width: 150px;}.DispListCmt {    font-size: 10px;    line-height: 1.4em;    margin: 0;    padding: 2px 0 7px;}.RelationListImg img {    border: 1px solid #CCCCCC;    margin: 0 0 10px;    text-align: left;    vertical-align: top;}.DispName {    background-image: url(""http://image.rakuten.co.jp/edion/cabinet/parts/ico_goods.gif"");    background-repeat: no-repeat;    font-size: 80%;    line-height: 1.2em;    margin: 0 0 5px;    padding: 0 0 0 11px;}.RelationTable td.CellEnd {    background-color: #FFFFFF;    font-size: 100%;    font-weight: normal;    padding: 0 0 20px;    text-align: left;    vertical-align: top;    width: 150px;}.PriceBlk {    background-image: url(""http://image.rakuten.co.jp/edion/cabinet/parts/underline_l.gif"");    background-position: left bottom;    background-repeat: no-repeat;    color: #000000;    font-size: 100%;    margin: 0;    padding: 3px 0 2px;    vertical-align: top;}.GoodsSpecBox {    font-size: 100%;    line-height: 1.6;    margin: 0 0 30px;    padding: 0;    width: 720px;}#PageLink {    vertical-align: top;    text-align: right;    padding: 0px 30px;    margin: 0px 0px 10px 0px;    width: 690px;}</style><div class=""GoodsSpecTitle2""><h3>[ベストコ セルローズ　水切りマット MA-101]の商品説明</h3></div><div class=""GoodsSpecTitleEnd""></div><div class=""GoodsSpecBox"">●食器を洗った際のシンク周りやテーブルの拭き取りはもとより、水切りマットとしてご利用いただけます。<br>●セルローズは植物生まれの地球にやさしい天然素材です。</div><div class=""GoodsSpecTitle2""><h3>[ベストコ セルローズ　水切りマット MA-101]のスペック</h3></div><div class=""GoodsSpecTitleEnd""></div><div class=""GoodsSpecBox"">●商品サイズ：約31×45×0.7cm<br>●重量：約124g<br>●製造国：日本<br>●材質：本体/セルローズ（植物性繊維素）</div></div><div id=""PageLink""><img height=""13"" width=""101"" alt=""このページのトップへ"" src=""http://image.rakuten.co.jp/edion/cabinet/02422072/etc/qa/btn_pagetop.gif""></div><style type>
img {
border-style: none;
}
</style>
<center>
<table width=100%>
	<tr>
		<td width=100% align=center>
			<font size=2>おしらせ</font>
		</td>
	</tr>
	<tr>
		<td width=100% align=center>


<div style=""color: #000000; width:100%; height: 28px; font-weight: bold; font-size: 15px; border: 1px solid #C0C0C0; text-align:center; background-color: #FFFFFF; padding: 7px 0 0;"">
				
							<font size=3 color=blue><b>宅急便（ヤマト運輸様）の「配達時間帯の指定枠」の変更について</b></font>
				</div>


<div style=""color: #000000; width:100%; height: 28px; font-weight: bold; font-size: 15px; border: 1px solid #C0C0C0; text-align:center; background-color: #FFFFFF; padding: 7px 0 0;"">
				
							<font size=2><b>楽天市場の検索・楽天プロダクトの『在庫あり』表記について</b></font>
				</div>



<div style=""color: #000000; width:100%; height: 28px; font-weight: bold; font-size: 15px; border: 1px solid #C0C0C0; text-align:center; background-color: #FFFFFF; padding: 7px 0 0;"">
				
							<font size=2><b>商品のお届け時期・出荷（目安）表示について</b></font>
				</div>




				<table>
				<tr>
				<td hight=""2"">
				</td>
				</tr>
				</table>


<div style=""width: 690px; margin: 0pt; text-align:center;"">
					
					<img alt=""エディオン楽天市場店　おすすめ指定商品のポイントがお得！"" src=""https://image.rakuten.co.jp/edion/cabinet/02422072/etc/05101693/imgrc0068582080.jpg"" style=""width: 690px; margin: 0pt;"" />
					</div>
				<table>
				<tr>
				<td hight=""2"">
				</td>
				</tr>
				</table>

<div style=""width: 690px; margin: 0pt; text-align:center;"">
					
					<img alt=""【136時間限定！】6,000円以上お買い物で200円OFFクーポンキャンペーン"" src=""https://image.rakuten.co.jp/edion/cabinet/02422072/etc/05101693/imgrc0068577433.jpg"" style=""width: 580px; margin: 0pt;"" />
					</div>
				<table>
				<tr>
				<td hight=""2"">
				</td>
				</tr>
				</table>


<div style=""width: 690px; margin: 0pt; text-align:center;"">
					
					<img alt=""『102時間限定！ ポイント最大35倍！お買い物マラソン』"" src=""https://image.rakuten.co.jp/edion/cabinet/02422072/etc/05101693/imgrc0068552560.jpg"" style=""width: 580px; margin: 0pt;"" />
					</div>
				<table>
				<tr>
				<td hight=""2"">
				</td>
				</tr>
				</table>



<div style=""width: 690px; margin: 0pt; text-align:center;"">
					
					<img alt=""期間限定！映像ソフト３００円均一特集！！"" src=""http://image.rakuten.co.jp/edion/cabinet/02422072/etc/05101693/imgrc0068065427.jpg"" style=""width: 580px; height: 191px; margin: 0pt;"" />
					</div>
				<table>
				<tr>
				<td hight=""2"">
				</td>
				</tr>
				</table>




<div style=""width: 690px; margin: 0pt; text-align:center;"">
					
					<img alt=""スーパーポイントアッププログラム　各種サービスご利用でいつでも毎日ポイント7倍"" src=""http://image.rakuten.co.jp/edion/cabinet/02422072/etc/03786972/imgrc0065944519.jpg"" style=""width: 468px; height: 60px; margin: 0pt;"" />
					</div>
				<table>
				<tr>
				<td hight=""2"">
				</td>
				</tr>
				</table>




<div style=""width: 690px; margin: 0pt; text-align:center;"">
					
					<img alt=""『初めてのお買い物で1,000円分ポイントプレゼント！』"" src=""http://image.rakuten.co.jp/edion/cabinet/02422072/etc/05101693/imgrc0067699606.jpg"" style=""width: 468px; height: 60px; margin: 0pt;"" />
					</div>
				<table>
				<tr>
				<td hight=""2"">
				</td>
				</tr>
				</table>


<div style=""width: 690px; margin: 0pt; text-align:center;"">
					
					<img alt=""お買い物マラソンで使える！楽天ウェブ検索を初めてご利用の方に1,200円クーポンプレゼント"" src=""https://image.rakuten.co.jp/edion/cabinet/02422072/etc/05101693/imgrc0068572794.jpg"" style=""width: 468px; height: 60px; margin: 0pt;"" />
					</div>
				<table>
				<tr>
				<td hight=""2"">
				</td>
				</tr>
				</table>


<div style=""width: 690px; margin: 0pt; text-align:center;"">
					
					<img alt=""楽天ウェブ検索利用でポイント10倍プレゼント』"" src=""http://image.rakuten.co.jp/edion/cabinet/02422072/etc/05101693/imgrc0067545172.jpg"" style=""width: 468px; height: 60px; margin: 0pt;"" />
					</div>
				<table>
				<tr>
				<td hight=""2"">
				</td>
				</tr>
				</table>

<div style=""width: 690px; margin: 0pt; text-align:center;"">
					
					<img alt=""楽天ウェブ検索利用でポイント+0.5倍』"" src=""http://image.rakuten.co.jp/edion/cabinet/02422072/etc/05101693/imgrc0067545150.jpg"" style=""width: 468px; height: 60px; margin: 0pt;"" />
					</div>
				<table>
				<tr>
				<td hight=""2"">
				</td>
				</tr>
				</table>


<div style=""width: 690px; margin: 0pt; text-align:center;"">
					
					<img alt=""楽天カード新規入会で2,000ポイント！さらにすぐに使える1,000円クーポンプレゼント！"" src=""http://image.rakuten.co.jp/edion/cabinet/02422072/etc/top/img59904332.gif"" style=""width: 468px; height: 60px; margin: 0pt;"" />
					</div>
				<table>
				<tr>
				<td hight=""2"">
				</td>
				</tr>
				</table>



			</div>
		</td>
	</tr>
</table>


<table>
<tr>
<td hight=""2"">
</td>
</tr>
</table>",ベストコ セルローズ　水切りマット ブルー MA-101 [MA101]：エディオン　楽天市場店,ベストコ セルローズ　水切りマット ブルー MA-101 [MA101],ベストコ セルローズ　水切りマット ブルー MA-101 [MA101][rn]
2-8681,http://tshop.r10s.jp/edion/cabinet/goods/ll/img_142/4562344357234_ll.jpg?fitin=700:700,600.0000,,キッチン用品・食器・調理器具 > キッチン用品・雑貨・エプロン > その他,サーモス マイボトルカバー(JNL 0．35L専用) ブラック APD-350BK [APD350BK],,"<style type>img {    border: none;}#CenterCntBoxDowble {    float: right;    margin: 0;    padding: 0;    text-align: left;    vertical-align: top;    width: 720px;}.GoodsSpecTitle2{    background-image: url(""http://image.rakuten.co.jp/edion/cabinet/parts/dtitle_goods2.gif"");    background-repeat: no-repeat;    font-size: 100%;    margin: 0;    padding: 7px 11px 0;    max-height: 80px;    min-height: 25px;}.GoodsSpecTitleEnd {    background-image: url(""http://image.rakuten.co.jp/edion/cabinet/parts/dtitle_goodsend.gif"");    background-position: left bottom;    background-repeat: no-repeat;    height: 10px;    margin: 0px 0 10px;}.GoodsSpecTitle2 h3 {    color: #FFFFFF;    font-size: 108%;    max-height: 70px;    min-height: 24px;}h3 {    margin: 0;    padding: 0;}span.tax {    color: #666666;    font-size: 70%;}.RelationTable {    margin: 0 0 10px;    padding: 0;}td.Cell {    background-color: #FFFFFF;    font-size: 100%;    font-weight: normal;    padding: 2px 40px 0 0;    text-align: left;    vertical-align: top;    width: 150px;}.DispListCmt {    font-size: 10px;    line-height: 1.4em;    margin: 0;    padding: 2px 0 7px;}.RelationListImg img {    border: 1px solid #CCCCCC;    margin: 0 0 10px;    text-align: left;    vertical-align: top;}.DispName {    background-image: url(""http://image.rakuten.co.jp/edion/cabinet/parts/ico_goods.gif"");    background-repeat: no-repeat;    font-size: 80%;    line-height: 1.2em;    margin: 0 0 5px;    padding: 0 0 0 11px;}.RelationTable td.CellEnd {    background-color: #FFFFFF;    font-size: 100%;    font-weight: normal;    padding: 0 0 20px;    text-align: left;    vertical-align: top;    width: 150px;}.PriceBlk {    background-image: url(""http://image.rakuten.co.jp/edion/cabinet/parts/underline_l.gif"");    background-position: left bottom;    background-repeat: no-repeat;    color: #000000;    font-size: 100%;    margin: 0;    padding: 3px 0 2px;    vertical-align: top;}.GoodsSpecBox {    font-size: 100%;    line-height: 1.6;    margin: 0 0 30px;    padding: 0;    width: 720px;}#PageLink {    vertical-align: top;    text-align: right;    padding: 0px 30px;    margin: 0px 0px 10px 0px;    width: 690px;}</style><div class=""GoodsSpecTitle2""><h3>[サーモス マイボトルカバー(JNL 0．35L専用) APD-350BK]の商品説明</h3></div><div class=""GoodsSpecTitleEnd""></div><div class=""GoodsSpecBox"">●JNL-0.35Lサイズ専用。<br>●しっかりとしたEVA底で倒れにくく、底も傷つきにくい。<br>●カバーに入れたまま飲める。<br>●タブ付き。</div><div class=""GoodsSpecTitle2""><h3>[サーモス マイボトルカバー(JNL 0．35L専用) APD-350BK]のスペック</h3></div><div class=""GoodsSpecTitleEnd""></div><div class=""GoodsSpecBox"">●対応機種：サーモス製 JNL 0.35L<br>●材質：外生地/ポリエステル、内生地/ポリエステル、クッション/スチレン・ブタジエンゴム<br>●寸法：約W8.0×H13.0×D8.0cm <br>●質量：0.1kg</div></div><div id=""PageLink""><img height=""13"" width=""101"" alt=""このページのトップへ"" src=""http://image.rakuten.co.jp/edion/cabinet/02422072/etc/qa/btn_pagetop.gif""></div><style type>
img {
border-style: none;
}
</style>
<center>
<table width=100%>
	<tr>
		<td width=100% align=center>
			<font size=2>おしらせ</font>
		</td>
	</tr>
	<tr>
		<td width=100% align=center>


<div style=""color: #000000; width:100%; height: 28px; font-weight: bold; font-size: 15px; border: 1px solid #C0C0C0; text-align:center; background-color: #FFFFFF; padding: 7px 0 0;"">
				
							<font size=3 color=blue><b>宅急便（ヤマト運輸様）の「配達時間帯の指定枠」の変更について</b></font>
				</div>


<div style=""color: #000000; width:100%; height: 28px; font-weight: bold; font-size: 15px; border: 1px solid #C0C0C0; text-align:center; background-color: #FFFFFF; padding: 7px 0 0;"">
				
							<font size=2><b>楽天市場の検索・楽天プロダクトの『在庫あり』表記について</b></font>
				</div>



<div style=""color: #000000; width:100%; height: 28px; font-weight: bold; font-size: 15px; border: 1px solid #C0C0C0; text-align:center; background-color: #FFFFFF; padding: 7px 0 0;"">
				
							<font size=2><b>商品のお届け時期・出荷（目安）表示について</b></font>
				</div>




				<table>
				<tr>
				<td hight=""2"">
				</td>
				</tr>
				</table>


<div style=""width: 690px; margin: 0pt; text-align:center;"">
					
					<img alt=""エディオン楽天市場店　おすすめ指定商品のポイントがお得！"" src=""https://image.rakuten.co.jp/edion/cabinet/02422072/etc/05101693/imgrc0068582080.jpg"" style=""width: 690px; margin: 0pt;"" />
					</div>
				<table>
				<tr>
				<td hight=""2"">
				</td>
				</tr>
				</table>

<div style=""width: 690px; margin: 0pt; text-align:center;"">
					
					<img alt=""【136時間限定！】6,000円以上お買い物で200円OFFクーポンキャンペーン"" src=""https://image.rakuten.co.jp/edion/cabinet/02422072/etc/05101693/imgrc0068577433.jpg"" style=""width: 580px; margin: 0pt;"" />
					</div>
				<table>
				<tr>
				<td hight=""2"">
				</td>
				</tr>
				</table>


<div style=""width: 690px; margin: 0pt; text-align:center;"">
					
					<img alt=""『102時間限定！ ポイント最大35倍！お買い物マラソン』"" src=""https://image.rakuten.co.jp/edion/cabinet/02422072/etc/05101693/imgrc0068552560.jpg"" style=""width: 580px; margin: 0pt;"" />
					</div>
				<table>
				<tr>
				<td hight=""2"">
				</td>
				</tr>
				</table>



<div style=""width: 690px; margin: 0pt; text-align:center;"">
					
					<img alt=""期間限定！映像ソフト３００円均一特集！！"" src=""http://image.rakuten.co.jp/edion/cabinet/02422072/etc/05101693/imgrc0068065427.jpg"" style=""width: 580px; height: 191px; margin: 0pt;"" />
					</div>
				<table>
				<tr>
				<td hight=""2"">
				</td>
				</tr>
				</table>




<div style=""width: 690px; margin: 0pt; text-align:center;"">
					
					<img alt=""スーパーポイントアッププログラム　各種サービスご利用でいつでも毎日ポイント7倍"" src=""http://image.rakuten.co.jp/edion/cabinet/02422072/etc/03786972/imgrc0065944519.jpg"" style=""width: 468px; height: 60px; margin: 0pt;"" />
					</div>
				<table>
				<tr>
				<td hight=""2"">
				</td>
				</tr>
				</table>




<div style=""width: 690px; margin: 0pt; text-align:center;"">
					
					<img alt=""『初めてのお買い物で1,000円分ポイントプレゼント！』"" src=""http://image.rakuten.co.jp/edion/cabinet/02422072/etc/05101693/imgrc0067699606.jpg"" style=""width: 468px; height: 60px; margin: 0pt;"" />
					</div>
				<table>
				<tr>
				<td hight=""2"">
				</td>
				</tr>
				</table>


<div style=""width: 690px; margin: 0pt; text-align:center;"">
					
					<img alt=""お買い物マラソンで使える！楽天ウェブ検索を初めてご利用の方に1,200円クーポンプレゼント"" src=""https://image.rakuten.co.jp/edion/cabinet/02422072/etc/05101693/imgrc0068572794.jpg"" style=""width: 468px; height: 60px; margin: 0pt;"" />
					</div>
				<table>
				<tr>
				<td hight=""2"">
				</td>
				</tr>
				</table>


<div style=""width: 690px; margin: 0pt; text-align:center;"">
					
					<img alt=""楽天ウェブ検索利用でポイント10倍プレゼント』"" src=""http://image.rakuten.co.jp/edion/cabinet/02422072/etc/05101693/imgrc0067545172.jpg"" style=""width: 468px; height: 60px; margin: 0pt;"" />
					</div>
				<table>
				<tr>
				<td hight=""2"">
				</td>
				</tr>
				</table>

<div style=""width: 690px; margin: 0pt; text-align:center;"">
					
					<img alt=""楽天ウェブ検索利用でポイント+0.5倍』"" src=""http://image.rakuten.co.jp/edion/cabinet/02422072/etc/05101693/imgrc0067545150.jpg"" style=""width: 468px; height: 60px; margin: 0pt;"" />
					</div>
				<table>
				<tr>
				<td hight=""2"">
				</td>
				</tr>
				</table>


<div style=""width: 690px; margin: 0pt; text-align:center;"">
					
					<img alt=""楽天カード新規入会で2,000ポイント！さらにすぐに使える1,000円クーポンプレゼント！"" src=""http://image.rakuten.co.jp/edion/cabinet/02422072/etc/top/img59904332.gif"" style=""width: 468px; height: 60px; margin: 0pt;"" />
					</div>
				<table>
				<tr>
				<td hight=""2"">
				</td>
				</tr>
				</table>



			</div>
		</td>
	</tr>
</table>


<table>
<tr>
<td hight=""2"">
</td>
</tr>
</table>",サーモス マイボトルカバー(JNL 0．35L専用) ブラック APD-350BK [APD350BK]：エディオン　楽天市場店,サーモス マイボトルカバー(JNL 0．35L専用) ブラック APD-350BK [APD350BK],サーモス マイボトルカバー(JNL 0．35L専用) ブラック APD-350BK [APD350BK][rn]
2-8682,http://tshop.r10s.jp/edion/cabinet/goods/ll/img_142/4562344357302_ll.jpg?fitin=700:700,784.0000,,キッチン用品・食器・調理器具 > キッチン用品・雑貨・エプロン > その他,サーモス マイボトルカバー(JNL 0．5L専用) レッド APD-500R [APD500R],,"<style type>img {    border: none;}#CenterCntBoxDowble {    float: right;    margin: 0;    padding: 0;    text-align: left;    vertical-align: top;    width: 720px;}.GoodsSpecTitle2{    background-image: url(""http://image.rakuten.co.jp/edion/cabinet/parts/dtitle_goods2.gif"");    background-repeat: no-repeat;    font-size: 100%;    margin: 0;    padding: 7px 11px 0;    max-height: 80px;    min-height: 25px;}.GoodsSpecTitleEnd {    background-image: url(""http://image.rakuten.co.jp/edion/cabinet/parts/dtitle_goodsend.gif"");    background-position: left bottom;    background-repeat: no-repeat;    height: 10px;    margin: 0px 0 10px;}.GoodsSpecTitle2 h3 {    color: #FFFFFF;    font-size: 108%;    max-height: 70px;    min-height: 24px;}h3 {    margin: 0;    padding: 0;}span.tax {    color: #666666;    font-size: 70%;}.RelationTable {    margin: 0 0 10px;    padding: 0;}td.Cell {    background-color: #FFFFFF;    font-size: 100%;    font-weight: normal;    padding: 2px 40px 0 0;    text-align: left;    vertical-align: top;    width: 150px;}.DispListCmt {    font-size: 10px;    line-height: 1.4em;    margin: 0;    padding: 2px 0 7px;}.RelationListImg img {    border: 1px solid #CCCCCC;    margin: 0 0 10px;    text-align: left;    vertical-align: top;}.DispName {    background-image: url(""http://image.rakuten.co.jp/edion/cabinet/parts/ico_goods.gif"");    background-repeat: no-repeat;    font-size: 80%;    line-height: 1.2em;    margin: 0 0 5px;    padding: 0 0 0 11px;}.RelationTable td.CellEnd {    background-color: #FFFFFF;    font-size: 100%;    font-weight: normal;    padding: 0 0 20px;    text-align: left;    vertical-align: top;    width: 150px;}.PriceBlk {    background-image: url(""http://image.rakuten.co.jp/edion/cabinet/parts/underline_l.gif"");    background-position: left bottom;    background-repeat: no-repeat;    color: #000000;    font-size: 100%;    margin: 0;    padding: 3px 0 2px;    vertical-align: top;}.GoodsSpecBox {    font-size: 100%;    line-height: 1.6;    margin: 0 0 30px;    padding: 0;    width: 720px;}#PageLink {    vertical-align: top;    text-align: right;    padding: 0px 30px;    margin: 0px 0px 10px 0px;    width: 690px;}</style><div class=""GoodsSpecTitle2""><h3>[サーモス マイボトルカバー(JNL 0．5L専用) APD-500R]の商品説明</h3></div><div class=""GoodsSpecTitleEnd""></div><div class=""GoodsSpecBox"">●JNL-0.5Lサイズ専用。<br>●しっかりとしたEVA底で倒れにくく、底も傷つきにくい。<br>●カバーに入れたまま飲める。<br>●タブ付き。</div><div class=""GoodsSpecTitle2""><h3>[サーモス マイボトルカバー(JNL 0．5L専用) APD-500R]のスペック</h3></div><div class=""GoodsSpecTitleEnd""></div><div class=""GoodsSpecBox"">●対応機種：サーモス製 JNL 0.5L<br>●材質：外生地/ポリエステル、内生地/ポリエステル、クッション/スチレン・ブタジエンゴム<br>●寸法：約W8.0×H18.0×D8.0cm <br>●質量：約0.1kg</div></div><div id=""PageLink""><img height=""13"" width=""101"" alt=""このページのトップへ"" src=""http://image.rakuten.co.jp/edion/cabinet/02422072/etc/qa/btn_pagetop.gif""></div><style type>
img {
border-style: none;
}
</style>
<center>
<table width=100%>
	<tr>
		<td width=100% align=center>
			<font size=2>おしらせ</font>
		</td>
	</tr>
	<tr>
		<td width=100% align=center>


<div style=""color: #000000; width:100%; height: 28px; font-weight: bold; font-size: 15px; border: 1px solid #C0C0C0; text-align:center; background-color: #FFFFFF; padding: 7px 0 0;"">
				
							<font size=3 color=blue><b>宅急便（ヤマト運輸様）の「配達時間帯の指定枠」の変更について</b></font>
				</div>


<div style=""color: #000000; width:100%; height: 28px; font-weight: bold; font-size: 15px; border: 1px solid #C0C0C0; text-align:center; background-color: #FFFFFF; padding: 7px 0 0;"">
				
							<font size=2><b>楽天市場の検索・楽天プロダクトの『在庫あり』表記について</b></font>
				</div>



<div style=""color: #000000; width:100%; height: 28px; font-weight: bold; font-size: 15px; border: 1px solid #C0C0C0; text-align:center; background-color: #FFFFFF; padding: 7px 0 0;"">
				
							<font size=2><b>商品のお届け時期・出荷（目安）表示について</b></font>
				</div>




				<table>
				<tr>
				<td hight=""2"">
				</td>
				</tr>
				</table>


<div style=""width: 690px; margin: 0pt; text-align:center;"">
					
					<img alt=""エディオン楽天市場店　おすすめ指定商品のポイントがお得！"" src=""https://image.rakuten.co.jp/edion/cabinet/02422072/etc/05101693/imgrc0068582080.jpg"" style=""width: 690px; margin: 0pt;"" />
					</div>
				<table>
				<tr>
				<td hight=""2"">
				</td>
				</tr>
				</table>

<div style=""width: 690px; margin: 0pt; text-align:center;"">
					
					<img alt=""【136時間限定！】6,000円以上お買い物で200円OFFクーポンキャンペーン"" src=""https://image.rakuten.co.jp/edion/cabinet/02422072/etc/05101693/imgrc0068577433.jpg"" style=""width: 580px; margin: 0pt;"" />
					</div>
				<table>
				<tr>
				<td hight=""2"">
				</td>
				</tr>
				</table>


<div style=""width: 690px; margin: 0pt; text-align:center;"">
					
					<img alt=""『102時間限定！ ポイント最大35倍！お買い物マラソン』"" src=""https://image.rakuten.co.jp/edion/cabinet/02422072/etc/05101693/imgrc0068552560.jpg"" style=""width: 580px; margin: 0pt;"" />
					</div>
				<table>
				<tr>
				<td hight=""2"">
				</td>
				</tr>
				</table>



<div style=""width: 690px; margin: 0pt; text-align:center;"">
					
					<img alt=""期間限定！映像ソフト３００円均一特集！！"" src=""http://image.rakuten.co.jp/edion/cabinet/02422072/etc/05101693/imgrc0068065427.jpg"" style=""width: 580px; height: 191px; margin: 0pt;"" />
					</div>
				<table>
				<tr>
				<td hight=""2"">
				</td>
				</tr>
				</table>




<div style=""width: 690px; margin: 0pt; text-align:center;"">
					
					<img alt=""スーパーポイントアッププログラム　各種サービスご利用でいつでも毎日ポイント7倍"" src=""http://image.rakuten.co.jp/edion/cabinet/02422072/etc/03786972/imgrc0065944519.jpg"" style=""width: 468px; height: 60px; margin: 0pt;"" />
					</div>
				<table>
				<tr>
				<td hight=""2"">
				</td>
				</tr>
				</table>




<div style=""width: 690px; margin: 0pt; text-align:center;"">
					
					<img alt=""『初めてのお買い物で1,000円分ポイントプレゼント！』"" src=""http://image.rakuten.co.jp/edion/cabinet/02422072/etc/05101693/imgrc0067699606.jpg"" style=""width: 468px; height: 60px; margin: 0pt;"" />
					</div>
				<table>
				<tr>
				<td hight=""2"">
				</td>
				</tr>
				</table>


<div style=""width: 690px; margin: 0pt; text-align:center;"">
					
					<img alt=""お買い物マラソンで使える！楽天ウェブ検索を初めてご利用の方に1,200円クーポンプレゼント"" src=""https://image.rakuten.co.jp/edion/cabinet/02422072/etc/05101693/imgrc0068572794.jpg"" style=""width: 468px; height: 60px; margin: 0pt;"" />
					</div>
				<table>
				<tr>
				<td hight=""2"">
				</td>
				</tr>
				</table>


<div style=""width: 690px; margin: 0pt; text-align:center;"">
					
					<img alt=""楽天ウェブ検索利用でポイント10倍プレゼント』"" src=""http://image.rakuten.co.jp/edion/cabinet/02422072/etc/05101693/imgrc0067545172.jpg"" style=""width: 468px; height: 60px; margin: 0pt;"" />
					</div>
				<table>
				<tr>
				<td hight=""2"">
				</td>
				</tr>
				</table>

<div style=""width: 690px; margin: 0pt; text-align:center;"">
					
					<img alt=""楽天ウェブ検索利用でポイント+0.5倍』"" src=""http://image.rakuten.co.jp/edion/cabinet/02422072/etc/05101693/imgrc0067545150.jpg"" style=""width: 468px; height: 60px; margin: 0pt;"" />
					</div>
				<table>
				<tr>
				<td hight=""2"">
				</td>
				</tr>
				</table>


<div style=""width: 690px; margin: 0pt; text-align:center;"">
					
					<img alt=""楽天カード新規入会で2,000ポイント！さらにすぐに使える1,000円クーポンプレゼント！"" src=""http://image.rakuten.co.jp/edion/cabinet/02422072/etc/top/img59904332.gif"" style=""width: 468px; height: 60px; margin: 0pt;"" />
					</div>
				<table>
				<tr>
				<td hight=""2"">
				</td>
				</tr>
				</table>



			</div>
		</td>
	</tr>
</table>


<table>
<tr>
<td hight=""2"">
</td>
</tr>
</table>",サーモス マイボトルカバー(JNL 0．5L専用) レッド APD-500R [APD500R]：エディオン　楽天市場店,サーモス マイボトルカバー(JNL 0．5L専用) レッド APD-500R [APD500R],サーモス マイボトルカバー(JNL 0．5L専用) レッド APD-500R [APD500R][rn]
2-8683,http://tshop.r10s.jp/edion/cabinet/goods/ll/img_076/4966511229827_ll.jpg?fitin=700:700,624.0000,,キッチン用品・食器・調理器具 > キッチン用品・雑貨・エプロン > その他,八幡化成 アピュイ マルチスタンド カフェオレ ﾏﾙﾁｽﾀﾝﾄﾞCA [ﾏﾙﾁｽﾀﾝﾄﾞCA],,"<style type>img {    border: none;}#CenterCntBoxDowble {    float: right;    margin: 0;    padding: 0;    text-align: left;    vertical-align: top;    width: 720px;}.GoodsSpecTitle2{    background-image: url(""http://image.rakuten.co.jp/edion/cabinet/parts/dtitle_goods2.gif"");    background-repeat: no-repeat;    font-size: 100%;    margin: 0;    padding: 7px 11px 0;    max-height: 80px;    min-height: 25px;    width: 734px;}.GoodsSpecTitleEnd {    background-image: url(""http://image.rakuten.co.jp/edion/cabinet/parts/dtitle_goodsend.gif"");    background-position: left bottom;    background-repeat: no-repeat;    height: 10px;    margin: 0px 0 10px;}.GoodsSpecTitle2 h3 {    color: #FFFFFF;    font-size: 108%;    max-height: 70px;    min-height: 24px;}h3 {    margin: 0;    padding: 0;}span.tax {    color: #666666;    font-size: 70%;}.RelationTable {    margin: 0 0 10px;    padding: 0;}td.Cell {    background-color: #FFFFFF;    font-size: 100%;    font-weight: normal;    padding: 2px 40px 0 0;    text-align: left;    vertical-align: top;    width: 150px;}.DispListCmt {    font-size: 10px;    line-height: 1.4em;    margin: 0;    padding: 2px 0 7px;}.RelationListImg img {    border: 1px solid #CCCCCC;    margin: 0 0 10px;    text-align: left;    vertical-align: top;}.DispName {    background-image: url(""http://image.rakuten.co.jp/edion/cabinet/parts/ico_goods.gif"");    background-repeat: no-repeat;    font-size: 80%;    line-height: 1.2em;    margin: 0 0 5px;    padding: 0 0 0 11px;}.RelationTable td.CellEnd {    background-color: #FFFFFF;    font-size: 100%;    font-weight: normal;    padding: 0 0 20px;    text-align: left;    vertical-align: top;    width: 150px;}.PriceBlk {    background-image: url(""http://image.rakuten.co.jp/edion/cabinet/parts/underline_l.gif"");    background-position: left bottom;    background-repeat: no-repeat;    color: #000000;    font-size: 100%;    margin: 0;    padding: 3px 0 2px;    vertical-align: top;}.GoodsSpecBox {    font-size: 95%;    line-height: 1.6;    margin: 0 0 30px;    padding: 0;}#PageLink {    vertical-align: top;    text-align: right;    padding: 0px 30px;    margin: 0px 0px 10px 0px;}</style><div class=""GoodsSpecTitle2""><h3>[八幡化成 アピュイ マルチスタンド  ﾏﾙﾁｽﾀﾝﾄﾞCA] の商品説明</h3></div><div class=""GoodsSpecTitleEnd""></div><div class=""GoodsSpecBox"">●キッチンを快適にスマートにしてくれるかわいいお家のカタチをしたマルチスタンド。<br>●キューブ型の本体、屋根型トレイの向きなどを変えることで6通りの使い方ができる。<br>●逆さにすると鍋ふたスタンドやレシピスタンドとして使える。<br>●本体と屋根を別々にすると鍋料理などの際の鍋ふたスタンドとお玉置きとして使える。<br>●大きく開いた面を上にして使うと、お玉などのキッチンツールスタンドになる。<br>●屋根を上にして大きく開いた面を側面にすると、調味料や小物用のラックになる。<br>●本体側面の小さな穴にペットボトルを刺すと水切りができ、屋根ではフタが干せる。<br>●小さい穴を上にして使うと、調理中の箸立てやフライ返し置きにもなる。</div><div class=""GoodsSpecTitle2""><h3>[八幡化成 アピュイ マルチスタンド  ﾏﾙﾁｽﾀﾝﾄﾞCA]のスペック</h3></div><div class=""GoodsSpecTitleEnd""></div><div class=""GoodsSpecBox"">●材質:本体/ABS樹脂、屋根(受け皿)/エラストマー<br>●耐熱温度:本体/100度、屋根(受け皿)/70度<br>●寸法:W11.0×H9.7×D9.3cm<br>●質量:150g</div></div><div id=""PageLink""><img height=""13"" width=""101"" alt=""このページのトップへ"" src=""http://image.rakuten.co.jp/edion/cabinet/02422072/etc/qa/btn_pagetop.gif""></div><style type>
img {
border-style: none;
}
</style>
<center>
<table width=100%>
	<tr>
		<td width=100% align=center>
			<font size=2>おしらせ</font>
		</td>
	</tr>
	<tr>
		<td width=100% align=center>


<div style=""color: #000000; width:100%; height: 28px; font-weight: bold; font-size: 15px; border: 1px solid #C0C0C0; text-align:center; background-color: #FFFFFF; padding: 7px 0 0;"">
				
							<font size=3 color=blue><b>宅急便（ヤマト運輸様）の「配達時間帯の指定枠」の変更について</b></font>
				</div>


<div style=""color: #000000; width:100%; height: 28px; font-weight: bold; font-size: 15px; border: 1px solid #C0C0C0; text-align:center; background-color: #FFFFFF; padding: 7px 0 0;"">
				
							<font size=2><b>楽天市場の検索・楽天プロダクトの『在庫あり』表記について</b></font>
				</div>



<div style=""color: #000000; width:100%; height: 28px; font-weight: bold; font-size: 15px; border: 1px solid #C0C0C0; text-align:center; background-color: #FFFFFF; padding: 7px 0 0;"">
				
							<font size=2><b>商品のお届け時期・出荷（目安）表示について</b></font>
				</div>




				<table>
				<tr>
				<td hight=""2"">
				</td>
				</tr>
				</table>


<div style=""width: 690px; margin: 0pt; text-align:center;"">
					
					<img alt=""エディオン楽天市場店　おすすめ指定商品のポイントがお得！"" src=""https://image.rakuten.co.jp/edion/cabinet/02422072/etc/05101693/imgrc0068582080.jpg"" style=""width: 690px; margin: 0pt;"" />
					</div>
				<table>
				<tr>
				<td hight=""2"">
				</td>
				</tr>
				</table>

<div style=""width: 690px; margin: 0pt; text-align:center;"">
					
					<img alt=""【136時間限定！】6,000円以上お買い物で200円OFFクーポンキャンペーン"" src=""https://image.rakuten.co.jp/edion/cabinet/02422072/etc/05101693/imgrc0068577433.jpg"" style=""width: 580px; margin: 0pt;"" />
					</div>
				<table>
				<tr>
				<td hight=""2"">
				</td>
				</tr>
				</table>


<div style=""width: 690px; margin: 0pt; text-align:center;"">
					
					<img alt=""『102時間限定！ ポイント最大35倍！お買い物マラソン』"" src=""https://image.rakuten.co.jp/edion/cabinet/02422072/etc/05101693/imgrc0068552560.jpg"" style=""width: 580px; margin: 0pt;"" />
					</div>
				<table>
				<tr>
				<td hight=""2"">
				</td>
				</tr>
				</table>



<div style=""width: 690px; margin: 0pt; text-align:center;"">
					
					<img alt=""期間限定！映像ソフト３００円均一特集！！"" src=""http://image.rakuten.co.jp/edion/cabinet/02422072/etc/05101693/imgrc0068065427.jpg"" style=""width: 580px; height: 191px; margin: 0pt;"" />
					</div>
				<table>
				<tr>
				<td hight=""2"">
				</td>
				</tr>
				</table>




<div style=""width: 690px; margin: 0pt; text-align:center;"">
					
					<img alt=""スーパーポイントアッププログラム　各種サービスご利用でいつでも毎日ポイント7倍"" src=""http://image.rakuten.co.jp/edion/cabinet/02422072/etc/03786972/imgrc0065944519.jpg"" style=""width: 468px; height: 60px; margin: 0pt;"" />
					</div>
				<table>
				<tr>
				<td hight=""2"">
				</td>
				</tr>
				</table>




<div style=""width: 690px; margin: 0pt; text-align:center;"">
					
					<img alt=""『初めてのお買い物で1,000円分ポイントプレゼント！』"" src=""http://image.rakuten.co.jp/edion/cabinet/02422072/etc/05101693/imgrc0067699606.jpg"" style=""width: 468px; height: 60px; margin: 0pt;"" />
					</div>
				<table>
				<tr>
				<td hight=""2"">
				</td>
				</tr>
				</table>


<div style=""width: 690px; margin: 0pt; text-align:center;"">
					
					<img alt=""お買い物マラソンで使える！楽天ウェブ検索を初めてご利用の方に1,200円クーポンプレゼント"" src=""https://image.rakuten.co.jp/edion/cabinet/02422072/etc/05101693/imgrc0068572794.jpg"" style=""width: 468px; height: 60px; margin: 0pt;"" />
					</div>
				<table>
				<tr>
				<td hight=""2"">
				</td>
				</tr>
				</table>


<div style=""width: 690px; margin: 0pt; text-align:center;"">
					
					<img alt=""楽天ウェブ検索利用でポイント10倍プレゼント』"" src=""http://image.rakuten.co.jp/edion/cabinet/02422072/etc/05101693/imgrc0067545172.jpg"" style=""width: 468px; height: 60px; margin: 0pt;"" />
					</div>
				<table>
				<tr>
				<td hight=""2"">
				</td>
				</tr>
				</table>

<div style=""width: 690px; margin: 0pt; text-align:center;"">
					
					<img alt=""楽天ウェブ検索利用でポイント+0.5倍』"" src=""http://image.rakuten.co.jp/edion/cabinet/02422072/etc/05101693/imgrc0067545150.jpg"" style=""width: 468px; height: 60px; margin: 0pt;"" />
					</div>
				<table>
				<tr>
				<td hight=""2"">
				</td>
				</tr>
				</table>


<div style=""width: 690px; margin: 0pt; text-align:center;"">
					
					<img alt=""楽天カード新規入会で2,000ポイント！さらにすぐに使える1,000円クーポンプレゼント！"" src=""http://image.rakuten.co.jp/edion/cabinet/02422072/etc/top/img59904332.gif"" style=""width: 468px; height: 60px; margin: 0pt;"" />
					</div>
				<table>
				<tr>
				<td hight=""2"">
				</td>
				</tr>
				</table>



			</div>
		</td>
	</tr>
</table>


<table>
<tr>
<td hight=""2"">
</td>
</tr>
</table>",八幡化成 アピュイ マルチスタンド カフェオレ ﾏﾙﾁｽﾀﾝﾄﾞCA [ﾏﾙﾁｽﾀﾝﾄﾞCA]：エディオン　楽天市場店,八幡化成 アピュイ マルチスタンド カフェオレ ﾏﾙﾁｽﾀﾝﾄﾞCA [ﾏﾙﾁｽﾀﾝﾄﾞCA],八幡化成 アピュイ マルチスタンド カフェオレ ﾏﾙﾁｽﾀﾝﾄﾞCA [ﾏﾙﾁｽﾀﾝﾄﾞCA][rn]
2-8684,http://tshop.r10s.jp/edion/cabinet/goods/ll/img_043/4902710265266_ll.jpg?fitin=700:700,624.0000,,キッチン用品・食器・調理器具 > キッチン用品・雑貨・エプロン > その他,パナソニック 天ぷら油クリーナー交換用エコカートリッジ TK8801 [TK8801],,"<style type>img {    border: none;}#CenterCntBoxDowble {    float: right;    margin: 0;    padding: 0;    text-align: left;    vertical-align: top;    width: 720px;}.GoodsSpecTitle2{    background-image: url(""http://image.rakuten.co.jp/edion/cabinet/parts/dtitle_goods2.gif"");    background-repeat: no-repeat;    font-size: 100%;    margin: 0;    padding: 7px 11px 0;    max-height: 80px;    min-height: 25px;    width: 734px;}.GoodsSpecTitleEnd {    background-image: url(""http://image.rakuten.co.jp/edion/cabinet/parts/dtitle_goodsend.gif"");    background-position: left bottom;    background-repeat: no-repeat;    height: 10px;    margin: 0px 0 10px;}.GoodsSpecTitle2 h3 {    color: #FFFFFF;    font-size: 108%;    max-height: 70px;    min-height: 24px;}h3 {    margin: 0;    padding: 0;}span.tax {    color: #666666;    font-size: 70%;}.RelationTable {    margin: 0 0 10px;    padding: 0;}td.Cell {    background-color: #FFFFFF;    font-size: 100%;    font-weight: normal;    padding: 2px 40px 0 0;    text-align: left;    vertical-align: top;    width: 150px;}.DispListCmt {    font-size: 10px;    line-height: 1.4em;    margin: 0;    padding: 2px 0 7px;}.RelationListImg img {    border: 1px solid #CCCCCC;    margin: 0 0 10px;    text-align: left;    vertical-align: top;}.DispName {    background-image: url(""http://image.rakuten.co.jp/edion/cabinet/parts/ico_goods.gif"");    background-repeat: no-repeat;    font-size: 80%;    line-height: 1.2em;    margin: 0 0 5px;    padding: 0 0 0 11px;}.RelationTable td.CellEnd {    background-color: #FFFFFF;    font-size: 100%;    font-weight: normal;    padding: 0 0 20px;    text-align: left;    vertical-align: top;    width: 150px;}.PriceBlk {    background-image: url(""http://image.rakuten.co.jp/edion/cabinet/parts/underline_l.gif"");    background-position: left bottom;    background-repeat: no-repeat;    color: #000000;    font-size: 100%;    margin: 0;    padding: 3px 0 2px;    vertical-align: top;}.GoodsSpecBox {    font-size: 95%;    line-height: 1.6;    margin: 0 0 30px;    padding: 0;}#PageLink {    vertical-align: top;    text-align: right;    padding: 0px 30px;    margin: 0px 0px 10px 0px;}</style><div class=""GoodsSpecTitle2""><h3>[パナソニック 天ぷら油クリーナー交換用エコカートリッジ  TK8801]のスペック</h3></div><div class=""GoodsSpecTitleEnd""></div><div class=""GoodsSpecBox"">●TK30・80・82・83・86?88・801用</div></div><div id=""PageLink""><img height=""13"" width=""101"" alt=""このページのトップへ"" src=""http://image.rakuten.co.jp/edion/cabinet/02422072/etc/qa/btn_pagetop.gif""></div><style type>
img {
border-style: none;
}
</style>
<center>
<table width=100%>
	<tr>
		<td width=100% align=center>
			<font size=2>おしらせ</font>
		</td>
	</tr>
	<tr>
		<td width=100% align=center>


<div style=""color: #000000; width:100%; height: 28px; font-weight: bold; font-size: 15px; border: 1px solid #C0C0C0; text-align:center; background-color: #FFFFFF; padding: 7px 0 0;"">
				
							<font size=3 color=blue><b>宅急便（ヤマト運輸様）の「配達時間帯の指定枠」の変更について</b></font>
				</div>


<div style=""color: #000000; width:100%; height: 28px; font-weight: bold; font-size: 15px; border: 1px solid #C0C0C0; text-align:center; background-color: #FFFFFF; padding: 7px 0 0;"">
				
							<font size=2><b>楽天市場の検索・楽天プロダクトの『在庫あり』表記について</b></font>
				</div>



<div style=""color: #000000; width:100%; height: 28px; font-weight: bold; font-size: 15px; border: 1px solid #C0C0C0; text-align:center; background-color: #FFFFFF; padding: 7px 0 0;"">
				
							<font size=2><b>商品のお届け時期・出荷（目安）表示について</b></font>
				</div>




				<table>
				<tr>
				<td hight=""2"">
				</td>
				</tr>
				</table>


<div style=""width: 690px; margin: 0pt; text-align:center;"">
					
					<img alt=""エディオン楽天市場店　おすすめ指定商品のポイントがお得！"" src=""https://image.rakuten.co.jp/edion/cabinet/02422072/etc/05101693/imgrc0068582080.jpg"" style=""width: 690px; margin: 0pt;"" />
					</div>
				<table>
				<tr>
				<td hight=""2"">
				</td>
				</tr>
				</table>

<div style=""width: 690px; margin: 0pt; text-align:center;"">
					
					<img alt=""【136時間限定！】6,000円以上お買い物で200円OFFクーポンキャンペーン"" src=""https://image.rakuten.co.jp/edion/cabinet/02422072/etc/05101693/imgrc0068577433.jpg"" style=""width: 580px; margin: 0pt;"" />
					</div>
				<table>
				<tr>
				<td hight=""2"">
				</td>
				</tr>
				</table>


<div style=""width: 690px; margin: 0pt; text-align:center;"">
					
					<img alt=""『102時間限定！ ポイント最大35倍！お買い物マラソン』"" src=""https://image.rakuten.co.jp/edion/cabinet/02422072/etc/05101693/imgrc0068552560.jpg"" style=""width: 580px; margin: 0pt;"" />
					</div>
				<table>
				<tr>
				<td hight=""2"">
				</td>
				</tr>
				</table>



<div style=""width: 690px; margin: 0pt; text-align:center;"">
					
					<img alt=""期間限定！映像ソフト３００円均一特集！！"" src=""http://image.rakuten.co.jp/edion/cabinet/02422072/etc/05101693/imgrc0068065427.jpg"" style=""width: 580px; height: 191px; margin: 0pt;"" />
					</div>
				<table>
				<tr>
				<td hight=""2"">
				</td>
				</tr>
				</table>




<div style=""width: 690px; margin: 0pt; text-align:center;"">
					
					<img alt=""スーパーポイントアッププログラム　各種サービスご利用でいつでも毎日ポイント7倍"" src=""http://image.rakuten.co.jp/edion/cabinet/02422072/etc/03786972/imgrc0065944519.jpg"" style=""width: 468px; height: 60px; margin: 0pt;"" />
					</div>
				<table>
				<tr>
				<td hight=""2"">
				</td>
				</tr>
				</table>




<div style=""width: 690px; margin: 0pt; text-align:center;"">
					
					<img alt=""『初めてのお買い物で1,000円分ポイントプレゼント！』"" src=""http://image.rakuten.co.jp/edion/cabinet/02422072/etc/05101693/imgrc0067699606.jpg"" style=""width: 468px; height: 60px; margin: 0pt;"" />
					</div>
				<table>
				<tr>
				<td hight=""2"">
				</td>
				</tr>
				</table>


<div style=""width: 690px; margin: 0pt; text-align:center;"">
					
					<img alt=""お買い物マラソンで使える！楽天ウェブ検索を初めてご利用の方に1,200円クーポンプレゼント"" src=""https://image.rakuten.co.jp/edion/cabinet/02422072/etc/05101693/imgrc0068572794.jpg"" style=""width: 468px; height: 60px; margin: 0pt;"" />
					</div>
				<table>
				<tr>
				<td hight=""2"">
				</td>
				</tr>
				</table>


<div style=""width: 690px; margin: 0pt; text-align:center;"">
					
					<img alt=""楽天ウェブ検索利用でポイント10倍プレゼント』"" src=""http://image.rakuten.co.jp/edion/cabinet/02422072/etc/05101693/imgrc0067545172.jpg"" style=""width: 468px; height: 60px; margin: 0pt;"" />
					</div>
				<table>
				<tr>
				<td hight=""2"">
				</td>
				</tr>
				</table>

<div style=""width: 690px; margin: 0pt; text-align:center;"">
					
					<img alt=""楽天ウェブ検索利用でポイント+0.5倍』"" src=""http://image.rakuten.co.jp/edion/cabinet/02422072/etc/05101693/imgrc0067545150.jpg"" style=""width: 468px; height: 60px; margin: 0pt;"" />
					</div>
				<table>
				<tr>
				<td hight=""2"">
				</td>
				</tr>
				</table>


<div style=""width: 690px; margin: 0pt; text-align:center;"">
					
					<img alt=""楽天カード新規入会で2,000ポイント！さらにすぐに使える1,000円クーポンプレゼント！"" src=""http://image.rakuten.co.jp/edion/cabinet/02422072/etc/top/img59904332.gif"" style=""width: 468px; height: 60px; margin: 0pt;"" />
					</div>
				<table>
				<tr>
				<td hight=""2"">
				</td>
				</tr>
				</table>



			</div>
		</td>
	</tr>
</table>


<table>
<tr>
<td hight=""2"">
</td>
</tr>
</table>",パナソニック 天ぷら油クリーナー交換用エコカートリッジ TK8801 [TK8801]：エディオン　楽天市場店,パナソニック 天ぷら油クリーナー交換用エコカートリッジ TK8801 [TK8801],パナソニック 天ぷら油クリーナー交換用エコカートリッジ TK8801 [TK8801][rn]
2-8685,http://tshop.r10s.jp/edion/cabinet/goods/ll/img_076/4966511229841_ll.jpg?fitin=700:700,624.0000,,キッチン用品・食器・調理器具 > キッチン用品・雑貨・エプロン > その他,八幡化成 アピュイ マルチスタンド グリーン マルチスタンドGR [マルチスタンドGR],,"<style type>img {    border: none;}#CenterCntBoxDowble {    float: right;    margin: 0;    padding: 0;    text-align: left;    vertical-align: top;    width: 720px;}.GoodsSpecTitle2{    background-image: url(""http://image.rakuten.co.jp/edion/cabinet/parts/dtitle_goods2.gif"");    background-repeat: no-repeat;    font-size: 100%;    margin: 0;    padding: 7px 11px 0;    max-height: 80px;    min-height: 25px;    width: 734px;}.GoodsSpecTitleEnd {    background-image: url(""http://image.rakuten.co.jp/edion/cabinet/parts/dtitle_goodsend.gif"");    background-position: left bottom;    background-repeat: no-repeat;    height: 10px;    margin: 0px 0 10px;}.GoodsSpecTitle2 h3 {    color: #FFFFFF;    font-size: 108%;    max-height: 70px;    min-height: 24px;}h3 {    margin: 0;    padding: 0;}span.tax {    color: #666666;    font-size: 70%;}.RelationTable {    margin: 0 0 10px;    padding: 0;}td.Cell {    background-color: #FFFFFF;    font-size: 100%;    font-weight: normal;    padding: 2px 40px 0 0;    text-align: left;    vertical-align: top;    width: 150px;}.DispListCmt {    font-size: 10px;    line-height: 1.4em;    margin: 0;    padding: 2px 0 7px;}.RelationListImg img {    border: 1px solid #CCCCCC;    margin: 0 0 10px;    text-align: left;    vertical-align: top;}.DispName {    background-image: url(""http://image.rakuten.co.jp/edion/cabinet/parts/ico_goods.gif"");    background-repeat: no-repeat;    font-size: 80%;    line-height: 1.2em;    margin: 0 0 5px;    padding: 0 0 0 11px;}.RelationTable td.CellEnd {    background-color: #FFFFFF;    font-size: 100%;    font-weight: normal;    padding: 0 0 20px;    text-align: left;    vertical-align: top;    width: 150px;}.PriceBlk {    background-image: url(""http://image.rakuten.co.jp/edion/cabinet/parts/underline_l.gif"");    background-position: left bottom;    background-repeat: no-repeat;    color: #000000;    font-size: 100%;    margin: 0;    padding: 3px 0 2px;    vertical-align: top;}.GoodsSpecBox {    font-size: 95%;    line-height: 1.6;    margin: 0 0 30px;    padding: 0;}#PageLink {    vertical-align: top;    text-align: right;    padding: 0px 30px;    margin: 0px 0px 10px 0px;}</style><div class=""GoodsSpecTitle2""><h3>[八幡化成 アピュイ マルチスタンド  マルチスタンドGR] の商品説明</h3></div><div class=""GoodsSpecTitleEnd""></div><div class=""GoodsSpecBox"">●キッチンを快適にスマートにしてくれるかわいいお家のカタチをしたマルチスタンド。<br>●キューブ型の本体、屋根型トレイの向きなどを変えることで6通りの使い方ができる。<br>●逆さにすると鍋ふたスタンドやレシピスタンドとして使える。<br>●本体と屋根を別々にすると鍋料理などの際の鍋ふたスタンドとお玉置きとして使える。<br>●大きく開いた面を上にして使うと、お玉などのキッチンツールスタンドになる。<br>●屋根を上にして大きく開いた面を側面にすると、調味料や小物用のラックになる。<br>●本体側面の小さな穴にペットボトルを刺すと水切りができ、屋根ではフタが干せる。<br>●小さい穴を上にして使うと、調理中の箸立てやフライ返し置きにもなる。</div><div class=""GoodsSpecTitle2""><h3>[八幡化成 アピュイ マルチスタンド  マルチスタンドGR]のスペック</h3></div><div class=""GoodsSpecTitleEnd""></div><div class=""GoodsSpecBox"">●材質:本体/ABS樹脂、屋根(受け皿)/エラストマー<br>●耐熱温度:本体/100度、屋根(受け皿)/70度<br>●寸法:W11.0×H9.7×D9.3cm<br>●質量:150g</div></div><div id=""PageLink""><img height=""13"" width=""101"" alt=""このページのトップへ"" src=""http://image.rakuten.co.jp/edion/cabinet/02422072/etc/qa/btn_pagetop.gif""></div><style type>
img {
border-style: none;
}
</style>
<center>
<table width=100%>
	<tr>
		<td width=100% align=center>
			<font size=2>おしらせ</font>
		</td>
	</tr>
	<tr>
		<td width=100% align=center>


<div style=""color: #000000; width:100%; height: 28px; font-weight: bold; font-size: 15px; border: 1px solid #C0C0C0; text-align:center; background-color: #FFFFFF; padding: 7px 0 0;"">
				
							<font size=3 color=blue><b>宅急便（ヤマト運輸様）の「配達時間帯の指定枠」の変更について</b></font>
				</div>


<div style=""color: #000000; width:100%; height: 28px; font-weight: bold; font-size: 15px; border: 1px solid #C0C0C0; text-align:center; background-color: #FFFFFF; padding: 7px 0 0;"">
				
							<font size=2><b>楽天市場の検索・楽天プロダクトの『在庫あり』表記について</b></font>
				</div>



<div style=""color: #000000; width:100%; height: 28px; font-weight: bold; font-size: 15px; border: 1px solid #C0C0C0; text-align:center; background-color: #FFFFFF; padding: 7px 0 0;"">
				
							<font size=2><b>商品のお届け時期・出荷（目安）表示について</b></font>
				</div>




				<table>
				<tr>
				<td hight=""2"">
				</td>
				</tr>
				</table>


<div style=""width: 690px; margin: 0pt; text-align:center;"">
					
					<img alt=""エディオン楽天市場店　おすすめ指定商品のポイントがお得！"" src=""https://image.rakuten.co.jp/edion/cabinet/02422072/etc/05101693/imgrc0068582080.jpg"" style=""width: 690px; margin: 0pt;"" />
					</div>
				<table>
				<tr>
				<td hight=""2"">
				</td>
				</tr>
				</table>

<div style=""width: 690px; margin: 0pt; text-align:center;"">
					
					<img alt=""【136時間限定！】6,000円以上お買い物で200円OFFクーポンキャンペーン"" src=""https://image.rakuten.co.jp/edion/cabinet/02422072/etc/05101693/imgrc0068577433.jpg"" style=""width: 580px; margin: 0pt;"" />
					</div>
				<table>
				<tr>
				<td hight=""2"">
				</td>
				</tr>
				</table>


<div style=""width: 690px; margin: 0pt; text-align:center;"">
					
					<img alt=""『102時間限定！ ポイント最大35倍！お買い物マラソン』"" src=""https://image.rakuten.co.jp/edion/cabinet/02422072/etc/05101693/imgrc0068552560.jpg"" style=""width: 580px; margin: 0pt;"" />
					</div>
				<table>
				<tr>
				<td hight=""2"">
				</td>
				</tr>
				</table>



<div style=""width: 690px; margin: 0pt; text-align:center;"">
					
					<img alt=""期間限定！映像ソフト３００円均一特集！！"" src=""http://image.rakuten.co.jp/edion/cabinet/02422072/etc/05101693/imgrc0068065427.jpg"" style=""width: 580px; height: 191px; margin: 0pt;"" />
					</div>
				<table>
				<tr>
				<td hight=""2"">
				</td>
				</tr>
				</table>




<div style=""width: 690px; margin: 0pt; text-align:center;"">
					
					<img alt=""スーパーポイントアッププログラム　各種サービスご利用でいつでも毎日ポイント7倍"" src=""http://image.rakuten.co.jp/edion/cabinet/02422072/etc/03786972/imgrc0065944519.jpg"" style=""width: 468px; height: 60px; margin: 0pt;"" />
					</div>
				<table>
				<tr>
				<td hight=""2"">
				</td>
				</tr>
				</table>




<div style=""width: 690px; margin: 0pt; text-align:center;"">
					
					<img alt=""『初めてのお買い物で1,000円分ポイントプレゼント！』"" src=""http://image.rakuten.co.jp/edion/cabinet/02422072/etc/05101693/imgrc0067699606.jpg"" style=""width: 468px; height: 60px; margin: 0pt;"" />
					</div>
				<table>
				<tr>
				<td hight=""2"">
				</td>
				</tr>
				</table>


<div style=""width: 690px; margin: 0pt; text-align:center;"">
					
					<img alt=""お買い物マラソンで使える！楽天ウェブ検索を初めてご利用の方に1,200円クーポンプレゼント"" src=""https://image.rakuten.co.jp/edion/cabinet/02422072/etc/05101693/imgrc0068572794.jpg"" style=""width: 468px; height: 60px; margin: 0pt;"" />
					</div>
				<table>
				<tr>
				<td hight=""2"">
				</td>
				</tr>
				</table>


<div style=""width: 690px; margin: 0pt; text-align:center;"">
					
					<img alt=""楽天ウェブ検索利用でポイント10倍プレゼント』"" src=""http://image.rakuten.co.jp/edion/cabinet/02422072/etc/05101693/imgrc0067545172.jpg"" style=""width: 468px; height: 60px; margin: 0pt;"" />
					</div>
				<table>
				<tr>
				<td hight=""2"">
				</td>
				</tr>
				</table>

<div style=""width: 690px; margin: 0pt; text-align:center;"">
					
					<img alt=""楽天ウェブ検索利用でポイント+0.5倍』"" src=""http://image.rakuten.co.jp/edion/cabinet/02422072/etc/05101693/imgrc0067545150.jpg"" style=""width: 468px; height: 60px; margin: 0pt;"" />
					</div>
				<table>
				<tr>
				<td hight=""2"">
				</td>
				</tr>
				</table>


<div style=""width: 690px; margin: 0pt; text-align:center;"">
					
					<img alt=""楽天カード新規入会で2,000ポイント！さらにすぐに使える1,000円クーポンプレゼント！"" src=""http://image.rakuten.co.jp/edion/cabinet/02422072/etc/top/img59904332.gif"" style=""width: 468px; height: 60px; margin: 0pt;"" />
					</div>
				<table>
				<tr>
				<td hight=""2"">
				</td>
				</tr>
				</table>



			</div>
		</td>
	</tr>
</table>


<table>
<tr>
<td hight=""2"">
</td>
</tr>
</table>",八幡化成 アピュイ マルチスタンド グリーン マルチスタンドGR [マルチスタンドGR]：エディオン　楽天市場店,八幡化成 アピュイ マルチスタンド グリーン マルチスタンドGR [マルチスタンドGR],八幡化成 アピュイ マルチスタンド グリーン マルチスタンドGR [マルチスタンドGR][rn]
2-8686,http://tshop.r10s.jp/edion/cabinet/goods/ll/img_120/4997543123630_ll.jpg?fitin=700:700,1600.0000,,キッチン用品・食器・調理器具 > キッチン用品・雑貨・エプロン > その他,水生活製作所 ふりふりキッチンシャワー ライム SV212-L [SV212L],,"<style type>img {    border: none;}#CenterCntBoxDowble {    float: right;    margin: 0;    padding: 0;    text-align: left;    vertical-align: top;    width: 720px;}.GoodsSpecTitle2{    background-image: url(""http://image.rakuten.co.jp/edion/cabinet/parts/dtitle_goods2.gif"");    background-repeat: no-repeat;    font-size: 100%;    margin: 0;    padding: 7px 11px 0;    max-height: 80px;    min-height: 25px;}.GoodsSpecTitleEnd {    background-image: url(""http://image.rakuten.co.jp/edion/cabinet/parts/dtitle_goodsend.gif"");    background-position: left bottom;    background-repeat: no-repeat;    height: 10px;    margin: 0px 0 10px;}.GoodsSpecTitle2 h3 {    color: #FFFFFF;    font-size: 108%;    max-height: 70px;    min-height: 24px;}h3 {    margin: 0;    padding: 0;}span.tax {    color: #666666;    font-size: 70%;}.RelationTable {    margin: 0 0 10px;    padding: 0;}td.Cell {    background-color: #FFFFFF;    font-size: 100%;    font-weight: normal;    padding: 2px 40px 0 0;    text-align: left;    vertical-align: top;    width: 150px;}.DispListCmt {    font-size: 10px;    line-height: 1.4em;    margin: 0;    padding: 2px 0 7px;}.RelationListImg img {    border: 1px solid #CCCCCC;    margin: 0 0 10px;    text-align: left;    vertical-align: top;}.DispName {    background-image: url(""http://image.rakuten.co.jp/edion/cabinet/parts/ico_goods.gif"");    background-repeat: no-repeat;    font-size: 80%;    line-height: 1.2em;    margin: 0 0 5px;    padding: 0 0 0 11px;}.RelationTable td.CellEnd {    background-color: #FFFFFF;    font-size: 100%;    font-weight: normal;    padding: 0 0 20px;    text-align: left;    vertical-align: top;    width: 150px;}.PriceBlk {    background-image: url(""http://image.rakuten.co.jp/edion/cabinet/parts/underline_l.gif"");    background-position: left bottom;    background-repeat: no-repeat;    color: #000000;    font-size: 100%;    margin: 0;    padding: 3px 0 2px;    vertical-align: top;}.GoodsSpecBox {    font-size: 100%;    line-height: 1.6;    margin: 0 0 30px;    padding: 0;    width: 720px;}#PageLink {    vertical-align: top;    text-align: right;    padding: 0px 30px;    margin: 0px 0px 10px 0px;    width: 690px;}</style><div class=""GoodsSpecTitle2""><h3>[水生活製作所 ふりふりキッチンシャワー SV212-L]の商品説明</h3></div><div class=""GoodsSpecTitleEnd""></div><div class=""GoodsSpecBox"">●約40～50％の節水効果。<br>●ストレート、シャワー、溜め水の3モード搭載。<br>●切り替えし易く、汚れのつきにくい形状。</div><div class=""GoodsSpecTitle2""><h3>[水生活製作所 ふりふりキッチンシャワー SV212-L]のスペック</h3></div><div class=""GoodsSpecTitleEnd""></div><div class=""GoodsSpecBox"">●節水効果約40～50%<br>●寸法(mm):W5×H5.8×D5<br>●質量:50g<br>●生産国：日本<br>●材質：ABS樹脂・EPDM・シリコン・POM樹脂<br>●保証期間：1年</div></div><div id=""PageLink""><img height=""13"" width=""101"" alt=""このページのトップへ"" src=""http://image.rakuten.co.jp/edion/cabinet/02422072/etc/qa/btn_pagetop.gif""></div><style type>
img {
border-style: none;
}
</style>
<center>
<table width=100%>
	<tr>
		<td width=100% align=center>
			<font size=2>おしらせ</font>
		</td>
	</tr>
	<tr>
		<td width=100% align=center>


<div style=""color: #000000; width:100%; height: 28px; font-weight: bold; font-size: 15px; border: 1px solid #C0C0C0; text-align:center; background-color: #FFFFFF; padding: 7px 0 0;"">
				
							<font size=3 color=blue><b>宅急便（ヤマト運輸様）の「配達時間帯の指定枠」の変更について</b></font>
				</div>


<div style=""color: #000000; width:100%; height: 28px; font-weight: bold; font-size: 15px; border: 1px solid #C0C0C0; text-align:center; background-color: #FFFFFF; padding: 7px 0 0;"">
				
							<font size=2><b>楽天市場の検索・楽天プロダクトの『在庫あり』表記について</b></font>
				</div>



<div style=""color: #000000; width:100%; height: 28px; font-weight: bold; font-size: 15px; border: 1px solid #C0C0C0; text-align:center; background-color: #FFFFFF; padding: 7px 0 0;"">
				
							<font size=2><b>商品のお届け時期・出荷（目安）表示について</b></font>
				</div>




				<table>
				<tr>
				<td hight=""2"">
				</td>
				</tr>
				</table>


<div style=""width: 690px; margin: 0pt; text-align:center;"">
					
					<img alt=""エディオン楽天市場店　おすすめ指定商品のポイントがお得！"" src=""https://image.rakuten.co.jp/edion/cabinet/02422072/etc/05101693/imgrc0068582080.jpg"" style=""width: 690px; margin: 0pt;"" />
					</div>
				<table>
				<tr>
				<td hight=""2"">
				</td>
				</tr>
				</table>

<div style=""width: 690px; margin: 0pt; text-align:center;"">
					
					<img alt=""【136時間限定！】6,000円以上お買い物で200円OFFクーポンキャンペーン"" src=""https://image.rakuten.co.jp/edion/cabinet/02422072/etc/05101693/imgrc0068577433.jpg"" style=""width: 580px; margin: 0pt;"" />
					</div>
				<table>
				<tr>
				<td hight=""2"">
				</td>
				</tr>
				</table>


<div style=""width: 690px; margin: 0pt; text-align:center;"">
					
					<img alt=""『102時間限定！ ポイント最大35倍！お買い物マラソン』"" src=""https://image.rakuten.co.jp/edion/cabinet/02422072/etc/05101693/imgrc0068552560.jpg"" style=""width: 580px; margin: 0pt;"" />
					</div>
				<table>
				<tr>
				<td hight=""2"">
				</td>
				</tr>
				</table>



<div style=""width: 690px; margin: 0pt; text-align:center;"">
					
					<img alt=""期間限定！映像ソフト３００円均一特集！！"" src=""http://image.rakuten.co.jp/edion/cabinet/02422072/etc/05101693/imgrc0068065427.jpg"" style=""width: 580px; height: 191px; margin: 0pt;"" />
					</div>
				<table>
				<tr>
				<td hight=""2"">
				</td>
				</tr>
				</table>




<div style=""width: 690px; margin: 0pt; text-align:center;"">
					
					<img alt=""スーパーポイントアッププログラム　各種サービスご利用でいつでも毎日ポイント7倍"" src=""http://image.rakuten.co.jp/edion/cabinet/02422072/etc/03786972/imgrc0065944519.jpg"" style=""width: 468px; height: 60px; margin: 0pt;"" />
					</div>
				<table>
				<tr>
				<td hight=""2"">
				</td>
				</tr>
				</table>




<div style=""width: 690px; margin: 0pt; text-align:center;"">
					
					<img alt=""『初めてのお買い物で1,000円分ポイントプレゼント！』"" src=""http://image.rakuten.co.jp/edion/cabinet/02422072/etc/05101693/imgrc0067699606.jpg"" style=""width: 468px; height: 60px; margin: 0pt;"" />
					</div>
				<table>
				<tr>
				<td hight=""2"">
				</td>
				</tr>
				</table>


<div style=""width: 690px; margin: 0pt; text-align:center;"">
					
					<img alt=""お買い物マラソンで使える！楽天ウェブ検索を初めてご利用の方に1,200円クーポンプレゼント"" src=""https://image.rakuten.co.jp/edion/cabinet/02422072/etc/05101693/imgrc0068572794.jpg"" style=""width: 468px; height: 60px; margin: 0pt;"" />
					</div>
				<table>
				<tr>
				<td hight=""2"">
				</td>
				</tr>
				</table>


<div style=""width: 690px; margin: 0pt; text-align:center;"">
					
					<img alt=""楽天ウェブ検索利用でポイント10倍プレゼント』"" src=""http://image.rakuten.co.jp/edion/cabinet/02422072/etc/05101693/imgrc0067545172.jpg"" style=""width: 468px; height: 60px; margin: 0pt;"" />
					</div>
				<table>
				<tr>
				<td hight=""2"">
				</td>
				</tr>
				</table>

<div style=""width: 690px; margin: 0pt; text-align:center;"">
					
					<img alt=""楽天ウェブ検索利用でポイント+0.5倍』"" src=""http://image.rakuten.co.jp/edion/cabinet/02422072/etc/05101693/imgrc0067545150.jpg"" style=""width: 468px; height: 60px; margin: 0pt;"" />
					</div>
				<table>
				<tr>
				<td hight=""2"">
				</td>
				</tr>
				</table>


<div style=""width: 690px; margin: 0pt; text-align:center;"">
					
					<img alt=""楽天カード新規入会で2,000ポイント！さらにすぐに使える1,000円クーポンプレゼント！"" src=""http://image.rakuten.co.jp/edion/cabinet/02422072/etc/top/img59904332.gif"" style=""width: 468px; height: 60px; margin: 0pt;"" />
					</div>
				<table>
				<tr>
				<td hight=""2"">
				</td>
				</tr>
				</table>



			</div>
		</td>
	</tr>
</table>


<table>
<tr>
<td hight=""2"">
</td>
</tr>
</table>",水生活製作所 ふりふりキッチンシャワー ライム SV212-L [SV212L]：エディオン　楽天市場店,水生活製作所 ふりふりキッチンシャワー ライム SV212-L [SV212L],水生活製作所 ふりふりキッチンシャワー ライム SV212-L [SV212L][rn]
2-8687,http://tshop.r10s.jp/edion/cabinet/goods/ll/img_120/4997543092844_ll.jpg?fitin=700:700,1080.0000,,キッチン用品・食器・調理器具 > キッチン用品・雑貨・エプロン > その他,水生活製作所 節水キッチンシャワーII SV209 [SV209],,"<style type>img {    border: none;}#CenterCntBoxDowble {    float: right;    margin: 0;    padding: 0;    text-align: left;    vertical-align: top;    width: 720px;}.GoodsSpecTitle2{    background-image: url(""http://image.rakuten.co.jp/edion/cabinet/parts/dtitle_goods2.gif"");    background-repeat: no-repeat;    font-size: 100%;    margin: 0;    padding: 7px 11px 0;    max-height: 80px;    min-height: 25px;}.GoodsSpecTitleEnd {    background-image: url(""http://image.rakuten.co.jp/edion/cabinet/parts/dtitle_goodsend.gif"");    background-position: left bottom;    background-repeat: no-repeat;    height: 10px;    margin: 0px 0 10px;}.GoodsSpecTitle2 h3 {    color: #FFFFFF;    font-size: 108%;    max-height: 70px;    min-height: 24px;}h3 {    margin: 0;    padding: 0;}span.tax {    color: #666666;    font-size: 70%;}.RelationTable {    margin: 0 0 10px;    padding: 0;}td.Cell {    background-color: #FFFFFF;    font-size: 100%;    font-weight: normal;    padding: 2px 40px 0 0;    text-align: left;    vertical-align: top;    width: 150px;}.DispListCmt {    font-size: 10px;    line-height: 1.4em;    margin: 0;    padding: 2px 0 7px;}.RelationListImg img {    border: 1px solid #CCCCCC;    margin: 0 0 10px;    text-align: left;    vertical-align: top;}.DispName {    background-image: url(""http://image.rakuten.co.jp/edion/cabinet/parts/ico_goods.gif"");    background-repeat: no-repeat;    font-size: 80%;    line-height: 1.2em;    margin: 0 0 5px;    padding: 0 0 0 11px;}.RelationTable td.CellEnd {    background-color: #FFFFFF;    font-size: 100%;    font-weight: normal;    padding: 0 0 20px;    text-align: left;    vertical-align: top;    width: 150px;}.PriceBlk {    background-image: url(""http://image.rakuten.co.jp/edion/cabinet/parts/underline_l.gif"");    background-position: left bottom;    background-repeat: no-repeat;    color: #000000;    font-size: 100%;    margin: 0;    padding: 3px 0 2px;    vertical-align: top;}.GoodsSpecBox {    font-size: 100%;    line-height: 1.6;    margin: 0 0 30px;    padding: 0;    width: 720px;}#PageLink {    vertical-align: top;    text-align: right;    padding: 0px 30px;    margin: 0px 0px 10px 0px;    width: 690px;}</style><div class=""GoodsSpecTitle2""><h3>[水生活製作所 節水キッチンシャワーII SV209]の商品説明</h3></div><div class=""GoodsSpecTitleEnd""></div><div class=""GoodsSpecBox"">●節水効果40～50％。<br>●※画像はイメージです。</div><div class=""GoodsSpecTitle2""><h3>[水生活製作所 節水キッチンシャワーII SV209]のスペック</h3></div><div class=""GoodsSpecTitleEnd""></div><div class=""GoodsSpecBox"">●節水効果約40～50%<br>●寸法(mm):W4.6×H4.2×D4.6<br>●質量:35g<br>●生産国：日本<br>●材質：ABS樹脂・EPDM・シリコン・POM樹脂<br>●保証期間：1年</div></div><div id=""PageLink""><img height=""13"" width=""101"" alt=""このページのトップへ"" src=""http://image.rakuten.co.jp/edion/cabinet/02422072/etc/qa/btn_pagetop.gif""></div><style type>
img {
border-style: none;
}
</style>
<center>
<table width=100%>
	<tr>
		<td width=100% align=center>
			<font size=2>おしらせ</font>
		</td>
	</tr>
	<tr>
		<td width=100% align=center>


<div style=""color: #000000; width:100%; height: 28px; font-weight: bold; font-size: 15px; border: 1px solid #C0C0C0; text-align:center; background-color: #FFFFFF; padding: 7px 0 0;"">
				
							<font size=3 color=blue><b>宅急便（ヤマト運輸様）の「配達時間帯の指定枠」の変更について</b></font>
				</div>


<div style=""color: #000000; width:100%; height: 28px; font-weight: bold; font-size: 15px; border: 1px solid #C0C0C0; text-align:center; background-color: #FFFFFF; padding: 7px 0 0;"">
				
							<font size=2><b>楽天市場の検索・楽天プロダクトの『在庫あり』表記について</b></font>
				</div>



<div style=""color: #000000; width:100%; height: 28px; font-weight: bold; font-size: 15px; border: 1px solid #C0C0C0; text-align:center; background-color: #FFFFFF; padding: 7px 0 0;"">
				
							<font size=2><b>商品のお届け時期・出荷（目安）表示について</b></font>
				</div>




				<table>
				<tr>
				<td hight=""2"">
				</td>
				</tr>
				</table>


<div style=""width: 690px; margin: 0pt; text-align:center;"">
					
					<img alt=""エディオン楽天市場店　おすすめ指定商品のポイントがお得！"" src=""https://image.rakuten.co.jp/edion/cabinet/02422072/etc/05101693/imgrc0068582080.jpg"" style=""width: 690px; margin: 0pt;"" />
					</div>
				<table>
				<tr>
				<td hight=""2"">
				</td>
				</tr>
				</table>

<div style=""width: 690px; margin: 0pt; text-align:center;"">
					
					<img alt=""【136時間限定！】6,000円以上お買い物で200円OFFクーポンキャンペーン"" src=""https://image.rakuten.co.jp/edion/cabinet/02422072/etc/05101693/imgrc0068577433.jpg"" style=""width: 580px; margin: 0pt;"" />
					</div>
				<table>
				<tr>
				<td hight=""2"">
				</td>
				</tr>
				</table>


<div style=""width: 690px; margin: 0pt; text-align:center;"">
					
					<img alt=""『102時間限定！ ポイント最大35倍！お買い物マラソン』"" src=""https://image.rakuten.co.jp/edion/cabinet/02422072/etc/05101693/imgrc0068552560.jpg"" style=""width: 580px; margin: 0pt;"" />
					</div>
				<table>
				<tr>
				<td hight=""2"">
				</td>
				</tr>
				</table>



<div style=""width: 690px; margin: 0pt; text-align:center;"">
					
					<img alt=""期間限定！映像ソフト３００円均一特集！！"" src=""http://image.rakuten.co.jp/edion/cabinet/02422072/etc/05101693/imgrc0068065427.jpg"" style=""width: 580px; height: 191px; margin: 0pt;"" />
					</div>
				<table>
				<tr>
				<td hight=""2"">
				</td>
				</tr>
				</table>




<div style=""width: 690px; margin: 0pt; text-align:center;"">
					
					<img alt=""スーパーポイントアッププログラム　各種サービスご利用でいつでも毎日ポイント7倍"" src=""http://image.rakuten.co.jp/edion/cabinet/02422072/etc/03786972/imgrc0065944519.jpg"" style=""width: 468px; height: 60px; margin: 0pt;"" />
					</div>
				<table>
				<tr>
				<td hight=""2"">
				</td>
				</tr>
				</table>




<div style=""width: 690px; margin: 0pt; text-align:center;"">
					
					<img alt=""『初めてのお買い物で1,000円分ポイントプレゼント！』"" src=""http://image.rakuten.co.jp/edion/cabinet/02422072/etc/05101693/imgrc0067699606.jpg"" style=""width: 468px; height: 60px; margin: 0pt;"" />
					</div>
				<table>
				<tr>
				<td hight=""2"">
				</td>
				</tr>
				</table>


<div style=""width: 690px; margin: 0pt; text-align:center;"">
					
					<img alt=""お買い物マラソンで使える！楽天ウェブ検索を初めてご利用の方に1,200円クーポンプレゼント"" src=""https://image.rakuten.co.jp/edion/cabinet/02422072/etc/05101693/imgrc0068572794.jpg"" style=""width: 468px; height: 60px; margin: 0pt;"" />
					</div>
				<table>
				<tr>
				<td hight=""2"">
				</td>
				</tr>
				</table>


<div style=""width: 690px; margin: 0pt; text-align:center;"">
					
					<img alt=""楽天ウェブ検索利用でポイント10倍プレゼント』"" src=""http://image.rakuten.co.jp/edion/cabinet/02422072/etc/05101693/imgrc0067545172.jpg"" style=""width: 468px; height: 60px; margin: 0pt;"" />
					</div>
				<table>
				<tr>
				<td hight=""2"">
				</td>
				</tr>
				</table>

<div style=""width: 690px; margin: 0pt; text-align:center;"">
					
					<img alt=""楽天ウェブ検索利用でポイント+0.5倍』"" src=""http://image.rakuten.co.jp/edion/cabinet/02422072/etc/05101693/imgrc0067545150.jpg"" style=""width: 468px; height: 60px; margin: 0pt;"" />
					</div>
				<table>
				<tr>
				<td hight=""2"">
				</td>
				</tr>
				</table>


<div style=""width: 690px; margin: 0pt; text-align:center;"">
					
					<img alt=""楽天カード新規入会で2,000ポイント！さらにすぐに使える1,000円クーポンプレゼント！"" src=""http://image.rakuten.co.jp/edion/cabinet/02422072/etc/top/img59904332.gif"" style=""width: 468px; height: 60px; margin: 0pt;"" />
					</div>
				<table>
				<tr>
				<td hight=""2"">
				</td>
				</tr>
				</table>



			</div>
		</td>
	</tr>
</table>


<table>
<tr>
<td hight=""2"">
</td>
</tr>
</table>",水生活製作所 節水キッチンシャワーII SV209 [SV209]：エディオン　楽天市場店,水生活製作所 節水キッチンシャワーII SV209 [SV209],水生活製作所 節水キッチンシャワーII SV209 [SV209][rn]
2-8688,http://tshop.r10s.jp/edion/cabinet/goods/ll/img_120/4997543123623_ll.jpg?fitin=700:700,1600.0000,,キッチン用品・食器・調理器具 > キッチン用品・雑貨・エプロン > その他,水生活製作所 ふりふりキッチンシャワー ピーチ SV212-P [SV212P],,"<style type>img {    border: none;}#CenterCntBoxDowble {    float: right;    margin: 0;    padding: 0;    text-align: left;    vertical-align: top;    width: 720px;}.GoodsSpecTitle2{    background-image: url(""http://image.rakuten.co.jp/edion/cabinet/parts/dtitle_goods2.gif"");    background-repeat: no-repeat;    font-size: 100%;    margin: 0;    padding: 7px 11px 0;    max-height: 80px;    min-height: 25px;}.GoodsSpecTitleEnd {    background-image: url(""http://image.rakuten.co.jp/edion/cabinet/parts/dtitle_goodsend.gif"");    background-position: left bottom;    background-repeat: no-repeat;    height: 10px;    margin: 0px 0 10px;}.GoodsSpecTitle2 h3 {    color: #FFFFFF;    font-size: 108%;    max-height: 70px;    min-height: 24px;}h3 {    margin: 0;    padding: 0;}span.tax {    color: #666666;    font-size: 70%;}.RelationTable {    margin: 0 0 10px;    padding: 0;}td.Cell {    background-color: #FFFFFF;    font-size: 100%;    font-weight: normal;    padding: 2px 40px 0 0;    text-align: left;    vertical-align: top;    width: 150px;}.DispListCmt {    font-size: 10px;    line-height: 1.4em;    margin: 0;    padding: 2px 0 7px;}.RelationListImg img {    border: 1px solid #CCCCCC;    margin: 0 0 10px;    text-align: left;    vertical-align: top;}.DispName {    background-image: url(""http://image.rakuten.co.jp/edion/cabinet/parts/ico_goods.gif"");    background-repeat: no-repeat;    font-size: 80%;    line-height: 1.2em;    margin: 0 0 5px;    padding: 0 0 0 11px;}.RelationTable td.CellEnd {    background-color: #FFFFFF;    font-size: 100%;    font-weight: normal;    padding: 0 0 20px;    text-align: left;    vertical-align: top;    width: 150px;}.PriceBlk {    background-image: url(""http://image.rakuten.co.jp/edion/cabinet/parts/underline_l.gif"");    background-position: left bottom;    background-repeat: no-repeat;    color: #000000;    font-size: 100%;    margin: 0;    padding: 3px 0 2px;    vertical-align: top;}.GoodsSpecBox {    font-size: 100%;    line-height: 1.6;    margin: 0 0 30px;    padding: 0;    width: 720px;}#PageLink {    vertical-align: top;    text-align: right;    padding: 0px 30px;    margin: 0px 0px 10px 0px;    width: 690px;}</style><div class=""GoodsSpecTitle2""><h3>[水生活製作所 ふりふりキッチンシャワー SV212-P]の商品説明</h3></div><div class=""GoodsSpecTitleEnd""></div><div class=""GoodsSpecBox"">●約40～50％の節水効果。<br>●ストレート、シャワー、溜め水の3モード搭載。<br>●切り替えし易く、汚れのつきにくい形状。</div><div class=""GoodsSpecTitle2""><h3>[水生活製作所 ふりふりキッチンシャワー SV212-P]のスペック</h3></div><div class=""GoodsSpecTitleEnd""></div><div class=""GoodsSpecBox"">●節水効果約40～50%<br>●寸法(mm):W5×H5.8×D5<br>●質量:50g<br>●生産国：日本<br>●材質：ABS樹脂・EPDM・シリコン・POM樹脂<br>●保証期間：1年</div></div><div id=""PageLink""><img height=""13"" width=""101"" alt=""このページのトップへ"" src=""http://image.rakuten.co.jp/edion/cabinet/02422072/etc/qa/btn_pagetop.gif""></div><style type>
img {
border-style: none;
}
</style>
<center>
<table width=100%>
	<tr>
		<td width=100% align=center>
			<font size=2>おしらせ</font>
		</td>
	</tr>
	<tr>
		<td width=100% align=center>


<div style=""color: #000000; width:100%; height: 28px; font-weight: bold; font-size: 15px; border: 1px solid #C0C0C0; text-align:center; background-color: #FFFFFF; padding: 7px 0 0;"">
				
							<font size=3 color=blue><b>宅急便（ヤマト運輸様）の「配達時間帯の指定枠」の変更について</b></font>
				</div>


<div style=""color: #000000; width:100%; height: 28px; font-weight: bold; font-size: 15px; border: 1px solid #C0C0C0; text-align:center; background-color: #FFFFFF; padding: 7px 0 0;"">
				
							<font size=2><b>楽天市場の検索・楽天プロダクトの『在庫あり』表記について</b></font>
				</div>



<div style=""color: #000000; width:100%; height: 28px; font-weight: bold; font-size: 15px; border: 1px solid #C0C0C0; text-align:center; background-color: #FFFFFF; padding: 7px 0 0;"">
				
							<font size=2><b>商品のお届け時期・出荷（目安）表示について</b></font>
				</div>




				<table>
				<tr>
				<td hight=""2"">
				</td>
				</tr>
				</table>


<div style=""width: 690px; margin: 0pt; text-align:center;"">
					
					<img alt=""エディオン楽天市場店　おすすめ指定商品のポイントがお得！"" src=""https://image.rakuten.co.jp/edion/cabinet/02422072/etc/05101693/imgrc0068582080.jpg"" style=""width: 690px; margin: 0pt;"" />
					</div>
				<table>
				<tr>
				<td hight=""2"">
				</td>
				</tr>
				</table>

<div style=""width: 690px; margin: 0pt; text-align:center;"">
					
					<img alt=""【136時間限定！】6,000円以上お買い物で200円OFFクーポンキャンペーン"" src=""https://image.rakuten.co.jp/edion/cabinet/02422072/etc/05101693/imgrc0068577433.jpg"" style=""width: 580px; margin: 0pt;"" />
					</div>
				<table>
				<tr>
				<td hight=""2"">
				</td>
				</tr>
				</table>


<div style=""width: 690px; margin: 0pt; text-align:center;"">
					
					<img alt=""『102時間限定！ ポイント最大35倍！お買い物マラソン』"" src=""https://image.rakuten.co.jp/edion/cabinet/02422072/etc/05101693/imgrc0068552560.jpg"" style=""width: 580px; margin: 0pt;"" />
					</div>
				<table>
				<tr>
				<td hight=""2"">
				</td>
				</tr>
				</table>



<div style=""width: 690px; margin: 0pt; text-align:center;"">
					
					<img alt=""期間限定！映像ソフト３００円均一特集！！"" src=""http://image.rakuten.co.jp/edion/cabinet/02422072/etc/05101693/imgrc0068065427.jpg"" style=""width: 580px; height: 191px; margin: 0pt;"" />
					</div>
				<table>
				<tr>
				<td hight=""2"">
				</td>
				</tr>
				</table>




<div style=""width: 690px; margin: 0pt; text-align:center;"">
					
					<img alt=""スーパーポイントアッププログラム　各種サービスご利用でいつでも毎日ポイント7倍"" src=""http://image.rakuten.co.jp/edion/cabinet/02422072/etc/03786972/imgrc0065944519.jpg"" style=""width: 468px; height: 60px; margin: 0pt;"" />
					</div>
				<table>
				<tr>
				<td hight=""2"">
				</td>
				</tr>
				</table>




<div style=""width: 690px; margin: 0pt; text-align:center;"">
					
					<img alt=""『初めてのお買い物で1,000円分ポイントプレゼント！』"" src=""http://image.rakuten.co.jp/edion/cabinet/02422072/etc/05101693/imgrc0067699606.jpg"" style=""width: 468px; height: 60px; margin: 0pt;"" />
					</div>
				<table>
				<tr>
				<td hight=""2"">
				</td>
				</tr>
				</table>


<div style=""width: 690px; margin: 0pt; text-align:center;"">
					
					<img alt=""お買い物マラソンで使える！楽天ウェブ検索を初めてご利用の方に1,200円クーポンプレゼント"" src=""https://image.rakuten.co.jp/edion/cabinet/02422072/etc/05101693/imgrc0068572794.jpg"" style=""width: 468px; height: 60px; margin: 0pt;"" />
					</div>
				<table>
				<tr>
				<td hight=""2"">
				</td>
				</tr>
				</table>


<div style=""width: 690px; margin: 0pt; text-align:center;"">
					
					<img alt=""楽天ウェブ検索利用でポイント10倍プレゼント』"" src=""http://image.rakuten.co.jp/edion/cabinet/02422072/etc/05101693/imgrc0067545172.jpg"" style=""width: 468px; height: 60px; margin: 0pt;"" />
					</div>
				<table>
				<tr>
				<td hight=""2"">
				</td>
				</tr>
				</table>

<div style=""width: 690px; margin: 0pt; text-align:center;"">
					
					<img alt=""楽天ウェブ検索利用でポイント+0.5倍』"" src=""http://image.rakuten.co.jp/edion/cabinet/02422072/etc/05101693/imgrc0067545150.jpg"" style=""width: 468px; height: 60px; margin: 0pt;"" />
					</div>
				<table>
				<tr>
				<td hight=""2"">
				</td>
				</tr>
				</table>


<div style=""width: 690px; margin: 0pt; text-align:center;"">
					
					<img alt=""楽天カード新規入会で2,000ポイント！さらにすぐに使える1,000円クーポンプレゼント！"" src=""http://image.rakuten.co.jp/edion/cabinet/02422072/etc/top/img59904332.gif"" style=""width: 468px; height: 60px; margin: 0pt;"" />
					</div>
				<table>
				<tr>
				<td hight=""2"">
				</td>
				</tr>
				</table>



			</div>
		</td>
	</tr>
</table>


<table>
<tr>
<td hight=""2"">
</td>
</tr>
</table>",水生活製作所 ふりふりキッチンシャワー ピーチ SV212-P [SV212P]：エディオン　楽天市場店,水生活製作所 ふりふりキッチンシャワー ピーチ SV212-P [SV212P],水生活製作所 ふりふりキッチンシャワー ピーチ SV212-P [SV212P][rn]
2-8689,http://tshop.r10s.jp/edion/cabinet/goods/ll/img_120/4997543123616_ll.jpg?fitin=700:700,1600.0000,,キッチン用品・食器・調理器具 > キッチン用品・雑貨・エプロン > その他,水生活製作所 ふりふりキッチンシャワー オレンジ SV212-O [SV212O],,"<style type>img {    border: none;}#CenterCntBoxDowble {    float: right;    margin: 0;    padding: 0;    text-align: left;    vertical-align: top;    width: 720px;}.GoodsSpecTitle2{    background-image: url(""http://image.rakuten.co.jp/edion/cabinet/parts/dtitle_goods2.gif"");    background-repeat: no-repeat;    font-size: 100%;    margin: 0;    padding: 7px 11px 0;    max-height: 80px;    min-height: 25px;}.GoodsSpecTitleEnd {    background-image: url(""http://image.rakuten.co.jp/edion/cabinet/parts/dtitle_goodsend.gif"");    background-position: left bottom;    background-repeat: no-repeat;    height: 10px;    margin: 0px 0 10px;}.GoodsSpecTitle2 h3 {    color: #FFFFFF;    font-size: 108%;    max-height: 70px;    min-height: 24px;}h3 {    margin: 0;    padding: 0;}span.tax {    color: #666666;    font-size: 70%;}.RelationTable {    margin: 0 0 10px;    padding: 0;}td.Cell {    background-color: #FFFFFF;    font-size: 100%;    font-weight: normal;    padding: 2px 40px 0 0;    text-align: left;    vertical-align: top;    width: 150px;}.DispListCmt {    font-size: 10px;    line-height: 1.4em;    margin: 0;    padding: 2px 0 7px;}.RelationListImg img {    border: 1px solid #CCCCCC;    margin: 0 0 10px;    text-align: left;    vertical-align: top;}.DispName {    background-image: url(""http://image.rakuten.co.jp/edion/cabinet/parts/ico_goods.gif"");    background-repeat: no-repeat;    font-size: 80%;    line-height: 1.2em;    margin: 0 0 5px;    padding: 0 0 0 11px;}.RelationTable td.CellEnd {    background-color: #FFFFFF;    font-size: 100%;    font-weight: normal;    padding: 0 0 20px;    text-align: left;    vertical-align: top;    width: 150px;}.PriceBlk {    background-image: url(""http://image.rakuten.co.jp/edion/cabinet/parts/underline_l.gif"");    background-position: left bottom;    background-repeat: no-repeat;    color: #000000;    font-size: 100%;    margin: 0;    padding: 3px 0 2px;    vertical-align: top;}.GoodsSpecBox {    font-size: 100%;    line-height: 1.6;    margin: 0 0 30px;    padding: 0;    width: 720px;}#PageLink {    vertical-align: top;    text-align: right;    padding: 0px 30px;    margin: 0px 0px 10px 0px;    width: 690px;}</style><div class=""GoodsSpecTitle2""><h3>[水生活製作所 ふりふりキッチンシャワー SV212-O]の商品説明</h3></div><div class=""GoodsSpecTitleEnd""></div><div class=""GoodsSpecBox"">●約40～50％の節水効果。<br>●ストレート、シャワー、溜め水の3モード搭載。<br>●切り替えし易く、汚れのつきにくい形状。</div><div class=""GoodsSpecTitle2""><h3>[水生活製作所 ふりふりキッチンシャワー SV212-O]のスペック</h3></div><div class=""GoodsSpecTitleEnd""></div><div class=""GoodsSpecBox"">●節水効果約40～50%<br>●寸法(mm):W5×H5.8×D5<br>●質量:50g<br>●生産国：日本<br>●材質：ABS樹脂・EPDM・シリコン・POM樹脂<br>●保証期間：1年</div></div><div id=""PageLink""><img height=""13"" width=""101"" alt=""このページのトップへ"" src=""http://image.rakuten.co.jp/edion/cabinet/02422072/etc/qa/btn_pagetop.gif""></div><style type>
img {
border-style: none;
}
</style>
<center>
<table width=100%>
	<tr>
		<td width=100% align=center>
			<font size=2>おしらせ</font>
		</td>
	</tr>
	<tr>
		<td width=100% align=center>


<div style=""color: #000000; width:100%; height: 28px; font-weight: bold; font-size: 15px; border: 1px solid #C0C0C0; text-align:center; background-color: #FFFFFF; padding: 7px 0 0;"">
				
							<font size=3 color=blue><b>宅急便（ヤマト運輸様）の「配達時間帯の指定枠」の変更について</b></font>
				</div>


<div style=""color: #000000; width:100%; height: 28px; font-weight: bold; font-size: 15px; border: 1px solid #C0C0C0; text-align:center; background-color: #FFFFFF; padding: 7px 0 0;"">
				
							<font size=2><b>楽天市場の検索・楽天プロダクトの『在庫あり』表記について</b></font>
				</div>



<div style=""color: #000000; width:100%; height: 28px; font-weight: bold; font-size: 15px; border: 1px solid #C0C0C0; text-align:center; background-color: #FFFFFF; padding: 7px 0 0;"">
				
							<font size=2><b>商品のお届け時期・出荷（目安）表示について</b></font>
				</div>




				<table>
				<tr>
				<td hight=""2"">
				</td>
				</tr>
				</table>


<div style=""width: 690px; margin: 0pt; text-align:center;"">
					
					<img alt=""エディオン楽天市場店　おすすめ指定商品のポイントがお得！"" src=""https://image.rakuten.co.jp/edion/cabinet/02422072/etc/05101693/imgrc0068582080.jpg"" style=""width: 690px; margin: 0pt;"" />
					</div>
				<table>
				<tr>
				<td hight=""2"">
				</td>
				</tr>
				</table>

<div style=""width: 690px; margin: 0pt; text-align:center;"">
					
					<img alt=""【136時間限定！】6,000円以上お買い物で200円OFFクーポンキャンペーン"" src=""https://image.rakuten.co.jp/edion/cabinet/02422072/etc/05101693/imgrc0068577433.jpg"" style=""width: 580px; margin: 0pt;"" />
					</div>
				<table>
				<tr>
				<td hight=""2"">
				</td>
				</tr>
				</table>


<div style=""width: 690px; margin: 0pt; text-align:center;"">
					
					<img alt=""『102時間限定！ ポイント最大35倍！お買い物マラソン』"" src=""https://image.rakuten.co.jp/edion/cabinet/02422072/etc/05101693/imgrc0068552560.jpg"" style=""width: 580px; margin: 0pt;"" />
					</div>
				<table>
				<tr>
				<td hight=""2"">
				</td>
				</tr>
				</table>



<div style=""width: 690px; margin: 0pt; text-align:center;"">
					
					<img alt=""期間限定！映像ソフト３００円均一特集！！"" src=""http://image.rakuten.co.jp/edion/cabinet/02422072/etc/05101693/imgrc0068065427.jpg"" style=""width: 580px; height: 191px; margin: 0pt;"" />
					</div>
				<table>
				<tr>
				<td hight=""2"">
				</td>
				</tr>
				</table>




<div style=""width: 690px; margin: 0pt; text-align:center;"">
					
					<img alt=""スーパーポイントアッププログラム　各種サービスご利用でいつでも毎日ポイント7倍"" src=""http://image.rakuten.co.jp/edion/cabinet/02422072/etc/03786972/imgrc0065944519.jpg"" style=""width: 468px; height: 60px; margin: 0pt;"" />
					</div>
				<table>
				<tr>
				<td hight=""2"">
				</td>
				</tr>
				</table>




<div style=""width: 690px; margin: 0pt; text-align:center;"">
					
					<img alt=""『初めてのお買い物で1,000円分ポイントプレゼント！』"" src=""http://image.rakuten.co.jp/edion/cabinet/02422072/etc/05101693/imgrc0067699606.jpg"" style=""width: 468px; height: 60px; margin: 0pt;"" />
					</div>
				<table>
				<tr>
				<td hight=""2"">
				</td>
				</tr>
				</table>


<div style=""width: 690px; margin: 0pt; text-align:center;"">
					
					<img alt=""お買い物マラソンで使える！楽天ウェブ検索を初めてご利用の方に1,200円クーポンプレゼント"" src=""https://image.rakuten.co.jp/edion/cabinet/02422072/etc/05101693/imgrc0068572794.jpg"" style=""width: 468px; height: 60px; margin: 0pt;"" />
					</div>
				<table>
				<tr>
				<td hight=""2"">
				</td>
				</tr>
				</table>


<div style=""width: 690px; margin: 0pt; text-align:center;"">
					
					<img alt=""楽天ウェブ検索利用でポイント10倍プレゼント』"" src=""http://image.rakuten.co.jp/edion/cabinet/02422072/etc/05101693/imgrc0067545172.jpg"" style=""width: 468px; height: 60px; margin: 0pt;"" />
					</div>
				<table>
				<tr>
				<td hight=""2"">
				</td>
				</tr>
				</table>

<div style=""width: 690px; margin: 0pt; text-align:center;"">
					
					<img alt=""楽天ウェブ検索利用でポイント+0.5倍』"" src=""http://image.rakuten.co.jp/edion/cabinet/02422072/etc/05101693/imgrc0067545150.jpg"" style=""width: 468px; height: 60px; margin: 0pt;"" />
					</div>
				<table>
				<tr>
				<td hight=""2"">
				</td>
				</tr>
				</table>


<div style=""width: 690px; margin: 0pt; text-align:center;"">
					
					<img alt=""楽天カード新規入会で2,000ポイント！さらにすぐに使える1,000円クーポンプレゼント！"" src=""http://image.rakuten.co.jp/edion/cabinet/02422072/etc/top/img59904332.gif"" style=""width: 468px; height: 60px; margin: 0pt;"" />
					</div>
				<table>
				<tr>
				<td hight=""2"">
				</td>
				</tr>
				</table>



			</div>
		</td>
	</tr>
</table>


<table>
<tr>
<td hight=""2"">
</td>
</tr>
</table>",水生活製作所 ふりふりキッチンシャワー オレンジ SV212-O [SV212O]：エディオン　楽天市場店,水生活製作所 ふりふりキッチンシャワー オレンジ SV212-O [SV212O],水生活製作所 ふりふりキッチンシャワー オレンジ SV212-O [SV212O][rn]
2-8690,http://tshop.r10s.jp/edion/cabinet/goods/ll/img_044/4903779513350_ll.jpg?fitin=700:700,960.0000,,キッチン用品・食器・調理器具 > キッチン用品・雑貨・エプロン > その他,和平フレイズ SUIマイスター パンチングポケット SUI719ﾊﾟﾝﾁﾝｸﾞﾎﾟｹﾂﾄ [SUI719ﾊﾟﾝﾁﾝｸﾞﾎﾟｹﾂﾄ],,"<style type>img {    border: none;}#CenterCntBoxDowble {    float: right;    margin: 0;    padding: 0;    text-align: left;    vertical-align: top;    width: 720px;}.GoodsSpecTitle2{    background-image: url(""http://image.rakuten.co.jp/edion/cabinet/parts/dtitle_goods2.gif"");    background-repeat: no-repeat;    font-size: 100%;    margin: 0;    padding: 7px 11px 0;    max-height: 80px;    min-height: 25px;}.GoodsSpecTitleEnd {    background-image: url(""http://image.rakuten.co.jp/edion/cabinet/parts/dtitle_goodsend.gif"");    background-position: left bottom;    background-repeat: no-repeat;    height: 10px;    margin: 0px 0 10px;}.GoodsSpecTitle2 h3 {    color: #FFFFFF;    font-size: 108%;    max-height: 70px;    min-height: 24px;}h3 {    margin: 0;    padding: 0;}span.tax {    color: #666666;    font-size: 70%;}.RelationTable {    margin: 0 0 10px;    padding: 0;}td.Cell {    background-color: #FFFFFF;    font-size: 100%;    font-weight: normal;    padding: 2px 40px 0 0;    text-align: left;    vertical-align: top;    width: 150px;}.DispListCmt {    font-size: 10px;    line-height: 1.4em;    margin: 0;    padding: 2px 0 7px;}.RelationListImg img {    border: 1px solid #CCCCCC;    margin: 0 0 10px;    text-align: left;    vertical-align: top;}.DispName {    background-image: url(""http://image.rakuten.co.jp/edion/cabinet/parts/ico_goods.gif"");    background-repeat: no-repeat;    font-size: 80%;    line-height: 1.2em;    margin: 0 0 5px;    padding: 0 0 0 11px;}.RelationTable td.CellEnd {    background-color: #FFFFFF;    font-size: 100%;    font-weight: normal;    padding: 0 0 20px;    text-align: left;    vertical-align: top;    width: 150px;}.PriceBlk {    background-image: url(""http://image.rakuten.co.jp/edion/cabinet/parts/underline_l.gif"");    background-position: left bottom;    background-repeat: no-repeat;    color: #000000;    font-size: 100%;    margin: 0;    padding: 3px 0 2px;    vertical-align: top;}.GoodsSpecBox {    font-size: 100%;    line-height: 1.6;    margin: 0 0 30px;    padding: 0;    width: 720px;}#PageLink {    vertical-align: top;    text-align: right;    padding: 0px 30px;    margin: 0px 0px 10px 0px;    width: 690px;}</style><div class=""GoodsSpecTitle2""><h3>[和平フレイズ SUIマイスター パンチングポケット SUI719ﾊﾟﾝﾁﾝｸﾞﾎﾟｹﾂﾄ]の商品説明</h3></div><div class=""GoodsSpecTitleEnd""></div><div class=""GoodsSpecBox"">●水切りかごに掛けても使えるパンチングポケット<br>●小さなスプーンなども入れられます</div><div class=""GoodsSpecTitle2""><h3>[和平フレイズ SUIマイスター パンチングポケット SUI719ﾊﾟﾝﾁﾝｸﾞﾎﾟｹﾂﾄ]のスペック</h3></div><div class=""GoodsSpecTitleEnd""></div><div class=""GoodsSpecBox"">●サイズ：約120×60.×110mm<br>●材質：本体/18-8ステンレス鋼<br>●原産国：日本</div></div><div id=""PageLink""><img height=""13"" width=""101"" alt=""このページのトップへ"" src=""http://image.rakuten.co.jp/edion/cabinet/02422072/etc/qa/btn_pagetop.gif""></div><style type>
img {
border-style: none;
}
</style>
<center>
<table width=100%>
	<tr>
		<td width=100% align=center>
			<font size=2>おしらせ</font>
		</td>
	</tr>
	<tr>
		<td width=100% align=center>


<div style=""color: #000000; width:100%; height: 28px; font-weight: bold; font-size: 15px; border: 1px solid #C0C0C0; text-align:center; background-color: #FFFFFF; padding: 7px 0 0;"">
				
							<font size=3 color=blue><b>宅急便（ヤマト運輸様）の「配達時間帯の指定枠」の変更について</b></font>
				</div>


<div style=""color: #000000; width:100%; height: 28px; font-weight: bold; font-size: 15px; border: 1px solid #C0C0C0; text-align:center; background-color: #FFFFFF; padding: 7px 0 0;"">
				
							<font size=2><b>楽天市場の検索・楽天プロダクトの『在庫あり』表記について</b></font>
				</div>



<div style=""color: #000000; width:100%; height: 28px; font-weight: bold; font-size: 15px; border: 1px solid #C0C0C0; text-align:center; background-color: #FFFFFF; padding: 7px 0 0;"">
				
							<font size=2><b>商品のお届け時期・出荷（目安）表示について</b></font>
				</div>




				<table>
				<tr>
				<td hight=""2"">
				</td>
				</tr>
				</table>


<div style=""width: 690px; margin: 0pt; text-align:center;"">
					
					<img alt=""エディオン楽天市場店　おすすめ指定商品のポイントがお得！"" src=""https://image.rakuten.co.jp/edion/cabinet/02422072/etc/05101693/imgrc0068582080.jpg"" style=""width: 690px; margin: 0pt;"" />
					</div>
				<table>
				<tr>
				<td hight=""2"">
				</td>
				</tr>
				</table>

<div style=""width: 690px; margin: 0pt; text-align:center;"">
					
					<img alt=""【136時間限定！】6,000円以上お買い物で200円OFFクーポンキャンペーン"" src=""https://image.rakuten.co.jp/edion/cabinet/02422072/etc/05101693/imgrc0068577433.jpg"" style=""width: 580px; margin: 0pt;"" />
					</div>
				<table>
				<tr>
				<td hight=""2"">
				</td>
				</tr>
				</table>


<div style=""width: 690px; margin: 0pt; text-align:center;"">
					
					<img alt=""『102時間限定！ ポイント最大35倍！お買い物マラソン』"" src=""https://image.rakuten.co.jp/edion/cabinet/02422072/etc/05101693/imgrc0068552560.jpg"" style=""width: 580px; margin: 0pt;"" />
					</div>
				<table>
				<tr>
				<td hight=""2"">
				</td>
				</tr>
				</table>



<div style=""width: 690px; margin: 0pt; text-align:center;"">
					
					<img alt=""期間限定！映像ソフト３００円均一特集！！"" src=""http://image.rakuten.co.jp/edion/cabinet/02422072/etc/05101693/imgrc0068065427.jpg"" style=""width: 580px; height: 191px; margin: 0pt;"" />
					</div>
				<table>
				<tr>
				<td hight=""2"">
				</td>
				</tr>
				</table>




<div style=""width: 690px; margin: 0pt; text-align:center;"">
					
					<img alt=""スーパーポイントアッププログラム　各種サービスご利用でいつでも毎日ポイント7倍"" src=""http://image.rakuten.co.jp/edion/cabinet/02422072/etc/03786972/imgrc0065944519.jpg"" style=""width: 468px; height: 60px; margin: 0pt;"" />
					</div>
				<table>
				<tr>
				<td hight=""2"">
				</td>
				</tr>
				</table>




<div style=""width: 690px; margin: 0pt; text-align:center;"">
					
					<img alt=""『初めてのお買い物で1,000円分ポイントプレゼント！』"" src=""http://image.rakuten.co.jp/edion/cabinet/02422072/etc/05101693/imgrc0067699606.jpg"" style=""width: 468px; height: 60px; margin: 0pt;"" />
					</div>
				<table>
				<tr>
				<td hight=""2"">
				</td>
				</tr>
				</table>


<div style=""width: 690px; margin: 0pt; text-align:center;"">
					
					<img alt=""お買い物マラソンで使える！楽天ウェブ検索を初めてご利用の方に1,200円クーポンプレゼント"" src=""https://image.rakuten.co.jp/edion/cabinet/02422072/etc/05101693/imgrc0068572794.jpg"" style=""width: 468px; height: 60px; margin: 0pt;"" />
					</div>
				<table>
				<tr>
				<td hight=""2"">
				</td>
				</tr>
				</table>


<div style=""width: 690px; margin: 0pt; text-align:center;"">
					
					<img alt=""楽天ウェブ検索利用でポイント10倍プレゼント』"" src=""http://image.rakuten.co.jp/edion/cabinet/02422072/etc/05101693/imgrc0067545172.jpg"" style=""width: 468px; height: 60px; margin: 0pt;"" />
					</div>
				<table>
				<tr>
				<td hight=""2"">
				</td>
				</tr>
				</table>

<div style=""width: 690px; margin: 0pt; text-align:center;"">
					
					<img alt=""楽天ウェブ検索利用でポイント+0.5倍』"" src=""http://image.rakuten.co.jp/edion/cabinet/02422072/etc/05101693/imgrc0067545150.jpg"" style=""width: 468px; height: 60px; margin: 0pt;"" />
					</div>
				<table>
				<tr>
				<td hight=""2"">
				</td>
				</tr>
				</table>


<div style=""width: 690px; margin: 0pt; text-align:center;"">
					
					<img alt=""楽天カード新規入会で2,000ポイント！さらにすぐに使える1,000円クーポンプレゼント！"" src=""http://image.rakuten.co.jp/edion/cabinet/02422072/etc/top/img59904332.gif"" style=""width: 468px; height: 60px; margin: 0pt;"" />
					</div>
				<table>
				<tr>
				<td hight=""2"">
				</td>
				</tr>
				</table>



			</div>
		</td>
	</tr>
</table>


<table>
<tr>
<td hight=""2"">
</td>
</tr>
</table>",和平フレイズ SUIマイスター パンチングポケット SUI719ﾊﾟﾝﾁﾝｸﾞﾎﾟｹﾂﾄ [SUI719ﾊﾟﾝﾁﾝｸﾞﾎﾟｹﾂﾄ]：エディオン　楽天市場店,和平フレイズ SUIマイスター パンチングポケット SUI719ﾊﾟﾝﾁﾝｸﾞﾎﾟｹﾂﾄ [SUI719ﾊﾟﾝﾁﾝｸﾞﾎﾟｹﾂﾄ],和平フレイズ SUIマイスター パンチングポケット SUI719ﾊﾟﾝﾁﾝｸﾞﾎﾟｹﾂﾄ [SUI719ﾊﾟﾝﾁﾝｸﾞﾎﾟｹﾂﾄ][rn]
2-8691,http://tshop.r10s.jp/edion/cabinet/goods/ll/img_035/4582106479714_ll.jpg?fitin=700:700,408.8000,,キッチン用品・食器・調理器具 > キッチン用品・雑貨・エプロン > その他,シービージャパン 洗えるバスケット　レクタングルＬ オリーブ ｱﾗｴﾙﾊﾞｽｹﾂﾄﾚｸﾀﾝｸﾞﾙLOL [ｱﾗｴﾙﾊﾞｽｹﾂﾄﾚｸﾀﾝｸﾞﾙLOL],長めのサイズのパンでもすっぽり入る洗えるバスケット,"<style type>img {    border: none;}#CenterCntBoxDowble {    float: right;    margin: 0;    padding: 0;    text-align: left;    vertical-align: top;    width: 720px;}.GoodsSpecTitle2{    background-image: url(""http://image.rakuten.co.jp/edion/cabinet/parts/dtitle_goods2.gif"");    background-repeat: no-repeat;    font-size: 100%;    margin: 0;    padding: 7px 11px 0;    max-height: 80px;    min-height: 25px;    width: 734px;}.GoodsSpecTitleEnd {    background-image: url(""http://image.rakuten.co.jp/edion/cabinet/parts/dtitle_goodsend.gif"");    background-position: left bottom;    background-repeat: no-repeat;    height: 10px;    margin: 0px 0 10px;}.GoodsSpecTitle2 h3 {    color: #FFFFFF;    font-size: 108%;    max-height: 70px;    min-height: 24px;}h3 {    margin: 0;    padding: 0;}span.tax {    color: #666666;    font-size: 70%;}.RelationTable {    margin: 0 0 10px;    padding: 0;}td.Cell {    background-color: #FFFFFF;    font-size: 100%;    font-weight: normal;    padding: 2px 40px 0 0;    text-align: left;    vertical-align: top;    width: 150px;}.DispListCmt {    font-size: 10px;    line-height: 1.4em;    margin: 0;    padding: 2px 0 7px;}.RelationListImg img {    border: 1px solid #CCCCCC;    margin: 0 0 10px;    text-align: left;    vertical-align: top;}.DispName {    background-image: url(""http://image.rakuten.co.jp/edion/cabinet/parts/ico_goods.gif"");    background-repeat: no-repeat;    font-size: 80%;    line-height: 1.2em;    margin: 0 0 5px;    padding: 0 0 0 11px;}.RelationTable td.CellEnd {    background-color: #FFFFFF;    font-size: 100%;    font-weight: normal;    padding: 0 0 20px;    text-align: left;    vertical-align: top;    width: 150px;}.PriceBlk {    background-image: url(""http://image.rakuten.co.jp/edion/cabinet/parts/underline_l.gif"");    background-position: left bottom;    background-repeat: no-repeat;    color: #000000;    font-size: 100%;    margin: 0;    padding: 3px 0 2px;    vertical-align: top;}.GoodsSpecBox {    font-size: 95%;    line-height: 1.6;    margin: 0 0 30px;    padding: 0;}#PageLink {    vertical-align: top;    text-align: right;    padding: 0px 30px;    margin: 0px 0px 10px 0px;}</style><div class=""GoodsSpecTitle2""><h3>[シービージャパン 洗えるバスケット　レクタングルＬ  ｱﾗｴﾙﾊﾞｽｹﾂﾄﾚｸﾀﾝｸﾞﾙLOL] の商品説明</h3></div><div class=""GoodsSpecTitleEnd""></div><div class=""GoodsSpecBox"">●プラスチック製なので洗えて電子レンジでも使えます。<br>●アイデア次第で食器にも収納カゴにも調理ツールにもなる便利アイテム。<br>●電子レンジＯＫ，食器洗浄機ＯＫ</div><div class=""GoodsSpecTitle2""><h3>[シービージャパン 洗えるバスケット　レクタングルＬ  ｱﾗｴﾙﾊﾞｽｹﾂﾄﾚｸﾀﾝｸﾞﾙLOL]のスペック</h3></div><div class=""GoodsSpecTitleEnd""></div><div class=""GoodsSpecBox"">●主材質：ポリプロピレン<br>●耐熱温度：１４０℃<br>●寸法:W30×H7×D22.5cm</div></div><div id=""PageLink""><img height=""13"" width=""101"" alt=""このページのトップへ"" src=""http://image.rakuten.co.jp/edion/cabinet/02422072/etc/qa/btn_pagetop.gif""></div><style type>
img {
border-style: none;
}
</style>
<center>
<table width=100%>
	<tr>
		<td width=100% align=center>
			<font size=2>おしらせ</font>
		</td>
	</tr>
	<tr>
		<td width=100% align=center>


<div style=""color: #000000; width:100%; height: 28px; font-weight: bold; font-size: 15px; border: 1px solid #C0C0C0; text-align:center; background-color: #FFFFFF; padding: 7px 0 0;"">
				
							<font size=3 color=blue><b>宅急便（ヤマト運輸様）の「配達時間帯の指定枠」の変更について</b></font>
				</div>


<div style=""color: #000000; width:100%; height: 28px; font-weight: bold; font-size: 15px; border: 1px solid #C0C0C0; text-align:center; background-color: #FFFFFF; padding: 7px 0 0;"">
				
							<font size=2><b>楽天市場の検索・楽天プロダクトの『在庫あり』表記について</b></font>
				</div>



<div style=""color: #000000; width:100%; height: 28px; font-weight: bold; font-size: 15px; border: 1px solid #C0C0C0; text-align:center; background-color: #FFFFFF; padding: 7px 0 0;"">
				
							<font size=2><b>商品のお届け時期・出荷（目安）表示について</b></font>
				</div>




				<table>
				<tr>
				<td hight=""2"">
				</td>
				</tr>
				</table>


<div style=""width: 690px; margin: 0pt; text-align:center;"">
					
					<img alt=""エディオン楽天市場店　おすすめ指定商品のポイントがお得！"" src=""https://image.rakuten.co.jp/edion/cabinet/02422072/etc/05101693/imgrc0068582080.jpg"" style=""width: 690px; margin: 0pt;"" />
					</div>
				<table>
				<tr>
				<td hight=""2"">
				</td>
				</tr>
				</table>

<div style=""width: 690px; margin: 0pt; text-align:center;"">
					
					<img alt=""【136時間限定！】6,000円以上お買い物で200円OFFクーポンキャンペーン"" src=""https://image.rakuten.co.jp/edion/cabinet/02422072/etc/05101693/imgrc0068577433.jpg"" style=""width: 580px; margin: 0pt;"" />
					</div>
				<table>
				<tr>
				<td hight=""2"">
				</td>
				</tr>
				</table>


<div style=""width: 690px; margin: 0pt; text-align:center;"">
					
					<img alt=""『102時間限定！ ポイント最大35倍！お買い物マラソン』"" src=""https://image.rakuten.co.jp/edion/cabinet/02422072/etc/05101693/imgrc0068552560.jpg"" style=""width: 580px; margin: 0pt;"" />
					</div>
				<table>
				<tr>
				<td hight=""2"">
				</td>
				</tr>
				</table>



<div style=""width: 690px; margin: 0pt; text-align:center;"">
					
					<img alt=""期間限定！映像ソフト３００円均一特集！！"" src=""http://image.rakuten.co.jp/edion/cabinet/02422072/etc/05101693/imgrc0068065427.jpg"" style=""width: 580px; height: 191px; margin: 0pt;"" />
					</div>
				<table>
				<tr>
				<td hight=""2"">
				</td>
				</tr>
				</table>




<div style=""width: 690px; margin: 0pt; text-align:center;"">
					
					<img alt=""スーパーポイントアッププログラム　各種サービスご利用でいつでも毎日ポイント7倍"" src=""http://image.rakuten.co.jp/edion/cabinet/02422072/etc/03786972/imgrc0065944519.jpg"" style=""width: 468px; height: 60px; margin: 0pt;"" />
					</div>
				<table>
				<tr>
				<td hight=""2"">
				</td>
				</tr>
				</table>




<div style=""width: 690px; margin: 0pt; text-align:center;"">
					
					<img alt=""『初めてのお買い物で1,000円分ポイントプレゼント！』"" src=""http://image.rakuten.co.jp/edion/cabinet/02422072/etc/05101693/imgrc0067699606.jpg"" style=""width: 468px; height: 60px; margin: 0pt;"" />
					</div>
				<table>
				<tr>
				<td hight=""2"">
				</td>
				</tr>
				</table>


<div style=""width: 690px; margin: 0pt; text-align:center;"">
					
					<img alt=""お買い物マラソンで使える！楽天ウェブ検索を初めてご利用の方に1,200円クーポンプレゼント"" src=""https://image.rakuten.co.jp/edion/cabinet/02422072/etc/05101693/imgrc0068572794.jpg"" style=""width: 468px; height: 60px; margin: 0pt;"" />
					</div>
				<table>
				<tr>
				<td hight=""2"">
				</td>
				</tr>
				</table>


<div style=""width: 690px; margin: 0pt; text-align:center;"">
					
					<img alt=""楽天ウェブ検索利用でポイント10倍プレゼント』"" src=""http://image.rakuten.co.jp/edion/cabinet/02422072/etc/05101693/imgrc0067545172.jpg"" style=""width: 468px; height: 60px; margin: 0pt;"" />
					</div>
				<table>
				<tr>
				<td hight=""2"">
				</td>
				</tr>
				</table>

<div style=""width: 690px; margin: 0pt; text-align:center;"">
					
					<img alt=""楽天ウェブ検索利用でポイント+0.5倍』"" src=""http://image.rakuten.co.jp/edion/cabinet/02422072/etc/05101693/imgrc0067545150.jpg"" style=""width: 468px; height: 60px; margin: 0pt;"" />
					</div>
				<table>
				<tr>
				<td hight=""2"">
				</td>
				</tr>
				</table>


<div style=""width: 690px; margin: 0pt; text-align:center;"">
					
					<img alt=""楽天カード新規入会で2,000ポイント！さらにすぐに使える1,000円クーポンプレゼント！"" src=""http://image.rakuten.co.jp/edion/cabinet/02422072/etc/top/img59904332.gif"" style=""width: 468px; height: 60px; margin: 0pt;"" />
					</div>
				<table>
				<tr>
				<td hight=""2"">
				</td>
				</tr>
				</table>



			</div>
		</td>
	</tr>
</table>


<table>
<tr>
<td hight=""2"">
</td>
</tr>
</table>",シービージャパン 洗えるバスケット　レクタングルＬ オリーブ ｱﾗｴﾙﾊﾞｽｹﾂﾄﾚｸﾀﾝｸﾞﾙLOL [ｱﾗｴﾙﾊﾞｽｹﾂﾄﾚｸﾀﾝｸﾞﾙLOL]：エディオン　楽天市場店,シービージャパン 洗えるバスケット　レクタングルＬ オリーブ ｱﾗｴﾙﾊﾞｽｹﾂﾄﾚｸﾀﾝｸﾞﾙLOL [ｱﾗｴﾙﾊﾞｽｹﾂﾄﾚｸﾀﾝｸﾞﾙLOL],長めのサイズのパンでもすっぽり入る洗えるバスケット。シービージャパン 洗えるバスケット　レクタングルＬ オリーブ ｱﾗｴﾙﾊﾞｽｹﾂﾄﾚｸﾀﾝｸﾞﾙLOL [ｱﾗｴﾙﾊﾞｽｹﾂﾄﾚｸﾀﾝｸﾞﾙLOL][rn]
2-8692,http://tshop.r10s.jp/edion/cabinet/goods/ll/img_035/4582106479783_ll.jpg?fitin=700:700,336.0000,,キッチン用品・食器・調理器具 > キッチン用品・雑貨・エプロン > その他,シービージャパン 洗えるバスケット　オーバルＭ ナチュラル ｱﾗｴﾙﾊﾞｽｹﾂﾄｵ-ﾊﾞﾙMNA [ｱﾗｴﾙﾊﾞｽｹﾂﾄｵ-ﾊﾞﾙMNA],,"<style type>img {    border: none;}#CenterCntBoxDowble {    float: right;    margin: 0;    padding: 0;    text-align: left;    vertical-align: top;    width: 720px;}.GoodsSpecTitle2{    background-image: url(""http://image.rakuten.co.jp/edion/cabinet/parts/dtitle_goods2.gif"");    background-repeat: no-repeat;    font-size: 100%;    margin: 0;    padding: 7px 11px 0;    max-height: 80px;    min-height: 25px;    width: 734px;}.GoodsSpecTitleEnd {    background-image: url(""http://image.rakuten.co.jp/edion/cabinet/parts/dtitle_goodsend.gif"");    background-position: left bottom;    background-repeat: no-repeat;    height: 10px;    margin: 0px 0 10px;}.GoodsSpecTitle2 h3 {    color: #FFFFFF;    font-size: 108%;    max-height: 70px;    min-height: 24px;}h3 {    margin: 0;    padding: 0;}span.tax {    color: #666666;    font-size: 70%;}.RelationTable {    margin: 0 0 10px;    padding: 0;}td.Cell {    background-color: #FFFFFF;    font-size: 100%;    font-weight: normal;    padding: 2px 40px 0 0;    text-align: left;    vertical-align: top;    width: 150px;}.DispListCmt {    font-size: 10px;    line-height: 1.4em;    margin: 0;    padding: 2px 0 7px;}.RelationListImg img {    border: 1px solid #CCCCCC;    margin: 0 0 10px;    text-align: left;    vertical-align: top;}.DispName {    background-image: url(""http://image.rakuten.co.jp/edion/cabinet/parts/ico_goods.gif"");    background-repeat: no-repeat;    font-size: 80%;    line-height: 1.2em;    margin: 0 0 5px;    padding: 0 0 0 11px;}.RelationTable td.CellEnd {    background-color: #FFFFFF;    font-size: 100%;    font-weight: normal;    padding: 0 0 20px;    text-align: left;    vertical-align: top;    width: 150px;}.PriceBlk {    background-image: url(""http://image.rakuten.co.jp/edion/cabinet/parts/underline_l.gif"");    background-position: left bottom;    background-repeat: no-repeat;    color: #000000;    font-size: 100%;    margin: 0;    padding: 3px 0 2px;    vertical-align: top;}.GoodsSpecBox {    font-size: 95%;    line-height: 1.6;    margin: 0 0 30px;    padding: 0;}#PageLink {    vertical-align: top;    text-align: right;    padding: 0px 30px;    margin: 0px 0px 10px 0px;}</style><div class=""GoodsSpecTitle2""><h3>[シービージャパン 洗えるバスケット　オーバルＭ  ｱﾗｴﾙﾊﾞｽｹﾂﾄｵ-ﾊﾞﾙMNA] の商品説明</h3></div><div class=""GoodsSpecTitleEnd""></div><div class=""GoodsSpecBox"">●プラスチック製なので洗えて電子レンジでも使えます。<br>●アイデア次第で食器にも収納カゴにも調理ツールにもなる便利アイテム。<br>●電子レンジＯＫ，食器洗浄機ＯＫ</div><div class=""GoodsSpecTitle2""><h3>[シービージャパン 洗えるバスケット　オーバルＭ  ｱﾗｴﾙﾊﾞｽｹﾂﾄｵ-ﾊﾞﾙMNA]のスペック</h3></div><div class=""GoodsSpecTitleEnd""></div><div class=""GoodsSpecBox"">●主材質：ポリプロピレン<br>●耐熱温度：１４０℃<br>●寸法:W22×H8×D19cm</div></div><div id=""PageLink""><img height=""13"" width=""101"" alt=""このページのトップへ"" src=""http://image.rakuten.co.jp/edion/cabinet/02422072/etc/qa/btn_pagetop.gif""></div><style type>
img {
border-style: none;
}
</style>
<center>
<table width=100%>
	<tr>
		<td width=100% align=center>
			<font size=2>おしらせ</font>
		</td>
	</tr>
	<tr>
		<td width=100% align=center>


<div style=""color: #000000; width:100%; height: 28px; font-weight: bold; font-size: 15px; border: 1px solid #C0C0C0; text-align:center; background-color: #FFFFFF; padding: 7px 0 0;"">
				
							<font size=3 color=blue><b>宅急便（ヤマト運輸様）の「配達時間帯の指定枠」の変更について</b></font>
				</div>


<div style=""color: #000000; width:100%; height: 28px; font-weight: bold; font-size: 15px; border: 1px solid #C0C0C0; text-align:center; background-color: #FFFFFF; padding: 7px 0 0;"">
				
							<font size=2><b>楽天市場の検索・楽天プロダクトの『在庫あり』表記について</b></font>
				</div>



<div style=""color: #000000; width:100%; height: 28px; font-weight: bold; font-size: 15px; border: 1px solid #C0C0C0; text-align:center; background-color: #FFFFFF; padding: 7px 0 0;"">
				
							<font size=2><b>商品のお届け時期・出荷（目安）表示について</b></font>
				</div>




				<table>
				<tr>
				<td hight=""2"">
				</td>
				</tr>
				</table>


<div style=""width: 690px; margin: 0pt; text-align:center;"">
					
					<img alt=""エディオン楽天市場店　おすすめ指定商品のポイントがお得！"" src=""https://image.rakuten.co.jp/edion/cabinet/02422072/etc/05101693/imgrc0068582080.jpg"" style=""width: 690px; margin: 0pt;"" />
					</div>
				<table>
				<tr>
				<td hight=""2"">
				</td>
				</tr>
				</table>

<div style=""width: 690px; margin: 0pt; text-align:center;"">
					
					<img alt=""【136時間限定！】6,000円以上お買い物で200円OFFクーポンキャンペーン"" src=""https://image.rakuten.co.jp/edion/cabinet/02422072/etc/05101693/imgrc0068577433.jpg"" style=""width: 580px; margin: 0pt;"" />
					</div>
				<table>
				<tr>
				<td hight=""2"">
				</td>
				</tr>
				</table>


<div style=""width: 690px; margin: 0pt; text-align:center;"">
					
					<img alt=""『102時間限定！ ポイント最大35倍！お買い物マラソン』"" src=""https://image.rakuten.co.jp/edion/cabinet/02422072/etc/05101693/imgrc0068552560.jpg"" style=""width: 580px; margin: 0pt;"" />
					</div>
				<table>
				<tr>
				<td hight=""2"">
				</td>
				</tr>
				</table>



<div style=""width: 690px; margin: 0pt; text-align:center;"">
					
					<img alt=""期間限定！映像ソフト３００円均一特集！！"" src=""http://image.rakuten.co.jp/edion/cabinet/02422072/etc/05101693/imgrc0068065427.jpg"" style=""width: 580px; height: 191px; margin: 0pt;"" />
					</div>
				<table>
				<tr>
				<td hight=""2"">
				</td>
				</tr>
				</table>




<div style=""width: 690px; margin: 0pt; text-align:center;"">
					
					<img alt=""スーパーポイントアッププログラム　各種サービスご利用でいつでも毎日ポイント7倍"" src=""http://image.rakuten.co.jp/edion/cabinet/02422072/etc/03786972/imgrc0065944519.jpg"" style=""width: 468px; height: 60px; margin: 0pt;"" />
					</div>
				<table>
				<tr>
				<td hight=""2"">
				</td>
				</tr>
				</table>




<div style=""width: 690px; margin: 0pt; text-align:center;"">
					
					<img alt=""『初めてのお買い物で1,000円分ポイントプレゼント！』"" src=""http://image.rakuten.co.jp/edion/cabinet/02422072/etc/05101693/imgrc0067699606.jpg"" style=""width: 468px; height: 60px; margin: 0pt;"" />
					</div>
				<table>
				<tr>
				<td hight=""2"">
				</td>
				</tr>
				</table>


<div style=""width: 690px; margin: 0pt; text-align:center;"">
					
					<img alt=""お買い物マラソンで使える！楽天ウェブ検索を初めてご利用の方に1,200円クーポンプレゼント"" src=""https://image.rakuten.co.jp/edion/cabinet/02422072/etc/05101693/imgrc0068572794.jpg"" style=""width: 468px; height: 60px; margin: 0pt;"" />
					</div>
				<table>
				<tr>
				<td hight=""2"">
				</td>
				</tr>
				</table>


<div style=""width: 690px; margin: 0pt; text-align:center;"">
					
					<img alt=""楽天ウェブ検索利用でポイント10倍プレゼント』"" src=""http://image.rakuten.co.jp/edion/cabinet/02422072/etc/05101693/imgrc0067545172.jpg"" style=""width: 468px; height: 60px; margin: 0pt;"" />
					</div>
				<table>
				<tr>
				<td hight=""2"">
				</td>
				</tr>
				</table>

<div style=""width: 690px; margin: 0pt; text-align:center;"">
					
					<img alt=""楽天ウェブ検索利用でポイント+0.5倍』"" src=""http://image.rakuten.co.jp/edion/cabinet/02422072/etc/05101693/imgrc0067545150.jpg"" style=""width: 468px; height: 60px; margin: 0pt;"" />
					</div>
				<table>
				<tr>
				<td hight=""2"">
				</td>
				</tr>
				</table>


<div style=""width: 690px; margin: 0pt; text-align:center;"">
					
					<img alt=""楽天カード新規入会で2,000ポイント！さらにすぐに使える1,000円クーポンプレゼント！"" src=""http://image.rakuten.co.jp/edion/cabinet/02422072/etc/top/img59904332.gif"" style=""width: 468px; height: 60px; margin: 0pt;"" />
					</div>
				<table>
				<tr>
				<td hight=""2"">
				</td>
				</tr>
				</table>



			</div>
		</td>
	</tr>
</table>


<table>
<tr>
<td hight=""2"">
</td>
</tr>
</table>",シービージャパン 洗えるバスケット　オーバルＭ ナチュラル ｱﾗｴﾙﾊﾞｽｹﾂﾄｵ-ﾊﾞﾙMNA [ｱﾗｴﾙﾊﾞｽｹﾂﾄｵ-ﾊﾞﾙMNA]：エディオン　楽天市場店,シービージャパン 洗えるバスケット　オーバルＭ ナチュラル ｱﾗｴﾙﾊﾞｽｹﾂﾄｵ-ﾊﾞﾙMNA [ｱﾗｴﾙﾊﾞｽｹﾂﾄｵ-ﾊﾞﾙMNA],シービージャパン 洗えるバスケット　オーバルＭ ナチュラル ｱﾗｴﾙﾊﾞｽｹﾂﾄｵ-ﾊﾞﾙMNA [ｱﾗｴﾙﾊﾞｽｹﾂﾄｵ-ﾊﾞﾙMNA][rn]
2-8693,http://tshop.r10s.jp/edion/cabinet/goods/ll/img_044/4903320833388_ll.jpg?fitin=700:700,198.4000,,キッチン用品・食器・調理器具 > キッチン用品・雑貨・エプロン > その他,レック KN牛乳パック用キャップ ホワイト K533 [K533],,"<style type>img {    border: none;}#CenterCntBoxDowble {    float: right;    margin: 0;    padding: 0;    text-align: left;    vertical-align: top;    width: 720px;}.GoodsSpecTitle2{    background-image: url(""http://image.rakuten.co.jp/edion/cabinet/parts/dtitle_goods2.gif"");    background-repeat: no-repeat;    font-size: 100%;    margin: 0;    padding: 7px 11px 0;    max-height: 80px;    min-height: 25px;    width: 734px;}.GoodsSpecTitleEnd {    background-image: url(""http://image.rakuten.co.jp/edion/cabinet/parts/dtitle_goodsend.gif"");    background-position: left bottom;    background-repeat: no-repeat;    height: 10px;    margin: 0px 0 10px;}.GoodsSpecTitle2 h3 {    color: #FFFFFF;    font-size: 108%;    max-height: 70px;    min-height: 24px;}h3 {    margin: 0;    padding: 0;}span.tax {    color: #666666;    font-size: 70%;}.RelationTable {    margin: 0 0 10px;    padding: 0;}td.Cell {    background-color: #FFFFFF;    font-size: 100%;    font-weight: normal;    padding: 2px 40px 0 0;    text-align: left;    vertical-align: top;    width: 150px;}.DispListCmt {    font-size: 10px;    line-height: 1.4em;    margin: 0;    padding: 2px 0 7px;}.RelationListImg img {    border: 1px solid #CCCCCC;    margin: 0 0 10px;    text-align: left;    vertical-align: top;}.DispName {    background-image: url(""http://image.rakuten.co.jp/edion/cabinet/parts/ico_goods.gif"");    background-repeat: no-repeat;    font-size: 80%;    line-height: 1.2em;    margin: 0 0 5px;    padding: 0 0 0 11px;}.RelationTable td.CellEnd {    background-color: #FFFFFF;    font-size: 100%;    font-weight: normal;    padding: 0 0 20px;    text-align: left;    vertical-align: top;    width: 150px;}.PriceBlk {    background-image: url(""http://image.rakuten.co.jp/edion/cabinet/parts/underline_l.gif"");    background-position: left bottom;    background-repeat: no-repeat;    color: #000000;    font-size: 100%;    margin: 0;    padding: 3px 0 2px;    vertical-align: top;}.GoodsSpecBox {    font-size: 95%;    line-height: 1.6;    margin: 0 0 30px;    padding: 0;}#PageLink {    vertical-align: top;    text-align: right;    padding: 0px 30px;    margin: 0px 0px 10px 0px;}</style><div class=""GoodsSpecTitle2""><h3>[レック KN牛乳パック用キャップ  K533] の商品説明</h3></div><div class=""GoodsSpecTitleEnd""></div><div class=""GoodsSpecBox"">●開封した牛乳パックの注ぎ口にセットするだけ。イヤなにおいが移りません。<br>●スライド式なので、つけたまま紙パックの開閉ができます。<br>●ジュース、お茶等の紙パックにも使えます。<br>●中身がこぼれにくいので、うっかり倒しても安心。<br>●コンパクトなのでじゃまになりません。</div><div class=""GoodsSpecTitle2""><h3>[レック KN牛乳パック用キャップ  K533]のスペック</h3></div><div class=""GoodsSpecTitleEnd""></div><div class=""GoodsSpecBox"">●材質：ABS樹脂<br>●耐熱温度：80度<br>●商品サイズ：W（幅）4.5cm×H（高さ）3.0cm×D（奥行）1.0cm<br>●入り数：2個入</div></div><div id=""PageLink""><img height=""13"" width=""101"" alt=""このページのトップへ"" src=""http://image.rakuten.co.jp/edion/cabinet/02422072/etc/qa/btn_pagetop.gif""></div><style type>
img {
border-style: none;
}
</style>
<center>
<table width=100%>
	<tr>
		<td width=100% align=center>
			<font size=2>おしらせ</font>
		</td>
	</tr>
	<tr>
		<td width=100% align=center>


<div style=""color: #000000; width:100%; height: 28px; font-weight: bold; font-size: 15px; border: 1px solid #C0C0C0; text-align:center; background-color: #FFFFFF; padding: 7px 0 0;"">
				
							<font size=3 color=blue><b>宅急便（ヤマト運輸様）の「配達時間帯の指定枠」の変更について</b></font>
				</div>


<div style=""color: #000000; width:100%; height: 28px; font-weight: bold; font-size: 15px; border: 1px solid #C0C0C0; text-align:center; background-color: #FFFFFF; padding: 7px 0 0;"">
				
							<font size=2><b>楽天市場の検索・楽天プロダクトの『在庫あり』表記について</b></font>
				</div>



<div style=""color: #000000; width:100%; height: 28px; font-weight: bold; font-size: 15px; border: 1px solid #C0C0C0; text-align:center; background-color: #FFFFFF; padding: 7px 0 0;"">
				
							<font size=2><b>商品のお届け時期・出荷（目安）表示について</b></font>
				</div>




				<table>
				<tr>
				<td hight=""2"">
				</td>
				</tr>
				</table>


<div style=""width: 690px; margin: 0pt; text-align:center;"">
					
					<img alt=""エディオン楽天市場店　おすすめ指定商品のポイントがお得！"" src=""https://image.rakuten.co.jp/edion/cabinet/02422072/etc/05101693/imgrc0068582080.jpg"" style=""width: 690px; margin: 0pt;"" />
					</div>
				<table>
				<tr>
				<td hight=""2"">
				</td>
				</tr>
				</table>

<div style=""width: 690px; margin: 0pt; text-align:center;"">
					
					<img alt=""【136時間限定！】6,000円以上お買い物で200円OFFクーポンキャンペーン"" src=""https://image.rakuten.co.jp/edion/cabinet/02422072/etc/05101693/imgrc0068577433.jpg"" style=""width: 580px; margin: 0pt;"" />
					</div>
				<table>
				<tr>
				<td hight=""2"">
				</td>
				</tr>
				</table>


<div style=""width: 690px; margin: 0pt; text-align:center;"">
					
					<img alt=""『102時間限定！ ポイント最大35倍！お買い物マラソン』"" src=""https://image.rakuten.co.jp/edion/cabinet/02422072/etc/05101693/imgrc0068552560.jpg"" style=""width: 580px; margin: 0pt;"" />
					</div>
				<table>
				<tr>
				<td hight=""2"">
				</td>
				</tr>
				</table>



<div style=""width: 690px; margin: 0pt; text-align:center;"">
					
					<img alt=""期間限定！映像ソフト３００円均一特集！！"" src=""http://image.rakuten.co.jp/edion/cabinet/02422072/etc/05101693/imgrc0068065427.jpg"" style=""width: 580px; height: 191px; margin: 0pt;"" />
					</div>
				<table>
				<tr>
				<td hight=""2"">
				</td>
				</tr>
				</table>




<div style=""width: 690px; margin: 0pt; text-align:center;"">
					
					<img alt=""スーパーポイントアッププログラム　各種サービスご利用でいつでも毎日ポイント7倍"" src=""http://image.rakuten.co.jp/edion/cabinet/02422072/etc/03786972/imgrc0065944519.jpg"" style=""width: 468px; height: 60px; margin: 0pt;"" />
					</div>
				<table>
				<tr>
				<td hight=""2"">
				</td>
				</tr>
				</table>




<div style=""width: 690px; margin: 0pt; text-align:center;"">
					
					<img alt=""『初めてのお買い物で1,000円分ポイントプレゼント！』"" src=""http://image.rakuten.co.jp/edion/cabinet/02422072/etc/05101693/imgrc0067699606.jpg"" style=""width: 468px; height: 60px; margin: 0pt;"" />
					</div>
				<table>
				<tr>
				<td hight=""2"">
				</td>
				</tr>
				</table>


<div style=""width: 690px; margin: 0pt; text-align:center;"">
					
					<img alt=""お買い物マラソンで使える！楽天ウェブ検索を初めてご利用の方に1,200円クーポンプレゼント"" src=""https://image.rakuten.co.jp/edion/cabinet/02422072/etc/05101693/imgrc0068572794.jpg"" style=""width: 468px; height: 60px; margin: 0pt;"" />
					</div>
				<table>
				<tr>
				<td hight=""2"">
				</td>
				</tr>
				</table>


<div style=""width: 690px; margin: 0pt; text-align:center;"">
					
					<img alt=""楽天ウェブ検索利用でポイント10倍プレゼント』"" src=""http://image.rakuten.co.jp/edion/cabinet/02422072/etc/05101693/imgrc0067545172.jpg"" style=""width: 468px; height: 60px; margin: 0pt;"" />
					</div>
				<table>
				<tr>
				<td hight=""2"">
				</td>
				</tr>
				</table>

<div style=""width: 690px; margin: 0pt; text-align:center;"">
					
					<img alt=""楽天ウェブ検索利用でポイント+0.5倍』"" src=""http://image.rakuten.co.jp/edion/cabinet/02422072/etc/05101693/imgrc0067545150.jpg"" style=""width: 468px; height: 60px; margin: 0pt;"" />
					</div>
				<table>
				<tr>
				<td hight=""2"">
				</td>
				</tr>
				</table>


<div style=""width: 690px; margin: 0pt; text-align:center;"">
					
					<img alt=""楽天カード新規入会で2,000ポイント！さらにすぐに使える1,000円クーポンプレゼント！"" src=""http://image.rakuten.co.jp/edion/cabinet/02422072/etc/top/img59904332.gif"" style=""width: 468px; height: 60px; margin: 0pt;"" />
					</div>
				<table>
				<tr>
				<td hight=""2"">
				</td>
				</tr>
				</table>



			</div>
		</td>
	</tr>
</table>


<table>
<tr>
<td hight=""2"">
</td>
</tr>
</table>",レック KN牛乳パック用キャップ ホワイト K533 [K533]：エディオン　楽天市場店,レック KN牛乳パック用キャップ ホワイト K533 [K533],レック KN牛乳パック用キャップ ホワイト K533 [K533][rn]
2-8694,http://tshop.r10s.jp/candytower/cabinet/131000-132000/131333.jpg?fitin=700:700,640.0000,,キッチン用品・食器・調理器具 > キッチン用品・雑貨・エプロン > その他,スーベニアクロスのナプキン（カウボーイ） ■ アメリカ雑貨 アメリカン雑貨,オールドアメリカ好きなら絶対に気に入ってもらえます！,"<table border=""1"" bordercolor=""#CCCCCC"" cellpadding=""10"" cellspacing=""0"">
  <tr> 
    <td bgcolor=""#F3F3F3""><font color=""666666""><b>商品説明</b></font></td>
  </tr>
  <tr> 
    <td bgcolor=""#FFFFFF"">　ヴィンテージクロスとして人気のある昔のアメリカ人のおみやげの定番、スーベニアクロスをモチーフにしたオシャレなコットン製ナプキンです。 
      <p>「同じナプキンでも外国のデザインだとこんなにオシャレなのがあるんだ！」と感心しちゃうくらい味のあるデザイン！</p>
      <p>各地のマップアートだったり、名場面だったり、日本でいう昔のペナントバナーみたいなアートなんです。</p>
      <p>テーブルにサッと広げると一瞬でアメリカンな雰囲気を作ってくれるし、お弁当箱を包むのに使っても本当に可愛く仕上がります。</p>
      <p>ありきたりの柄モノやキャラモノは興味ないって人にイチオシのデザイン！</p>
      <p>オールドアメリカ好きなら絶対に気に入ってもらえますから！ヽ(^0^)<br>
      </p>
      <p>・コットン製</p>
    </td>
  </tr>
  <tr> 
    <td bgcolor=""E8EAE8""><font color=""666666""><b>サイズ</b></font></td>
  </tr>
  <tr> 
    <td bgcolor=""#FFFFFF"">横50cm×縦50cm（約）</td>
  </tr>
  <tr> 
    <td bgcolor=""#FFFFCC""> 
      <table width=""117%"" border=""0"" cellspacing=""0"" cellpadding=""5"">
        <tr> 
          <td width=""16""><img src=""https://image.rakuten.co.jp/candytower/cabinet/kigou/img57057354.gif"" width=""16"" height=""16"" align=""absmiddle""></td>
          <td>『その他のデザインはこちら！』</td>
        </tr>
      </table>
      
    </td>
  </tr>
</table><style type=text/css>
<!--
a:link { color: #0000FF; font-size: 95%; }
a:visited { color: #0000FF; font-size: 95%; }
a:active { color: #0000FF; font-size: 95%; }
a:hover { color: #ff8000; font-size: 95%; }
  // -->

</style>


<table width=""800"" border=""0"" cellspacing=""0"" cellpadding=""0"" align=""center"">
  <tr> 
    <td colspan=""3"">　</td>
  </tr>
  <tr> 
    <td colspan=""3""> 
      <div align=""center""><img src=""http://www.rakuten.ne.jp/gold/candytower/top/image/space.gif"" width=""780"" height=""25""></div>
    </td>
  </tr>
  <tr> 
    <td colspan=""3""> 
      <table width=""780"" border=""0"" cellspacing=""0"" cellpadding=""0"" align=""center"">
        <tr> 
          <td width=""310""> 
            <div align=""left""> 
              <table width=""300"" border=""0"" cellspacing=""0"" cellpadding=""0"">
                <tr> 
                  <td><img src=""http://www.rakuten.ne.jp/gold/candytower/top/image/newarrival2.gif"" width=""375"" height=""80"" border=""0"" alt=""新商品""></td>
                </tr>
                <tr> 
                  <td> 
                    <div align=""center""><font color=""#CC0000"">&gt;&gt;Click here!</font></div>
                  </td>
                </tr>
              </table>
            </div>
          </td>
          <td width=""310""> 
            <div align=""right""> 
              <table width=""301"" border=""0"" cellspacing=""0"" cellpadding=""0"">
                <tr> 
                  <td><img src=""http://www.rakuten.ne.jp/gold/candytower/top/image/newarrival3.gif"" width=""375"" height=""80"" border=""0"" alt=""再入荷""></td>
                </tr>
                <tr> 
                  <td> 
                    <div align=""center""><font color=""#CC0000"">&gt;&gt;Click here!</font></div>
                  </td>
                </tr>
              </table>
            </div>
          </td>
        </tr>
      </table>
    </td>
  </tr>
  <tr> 
    <td colspan=""3""> 
      <div align=""center""><img src=""http://www.rakuten.ne.jp/gold/candytower/top/image/space.gif"" width=""780"" height=""20""></div>
    </td>
  </tr>
  <tr> 
    <td colspan=""3""> 
      <div align=""center""><img src=""http://www.rakuten.ne.jp/gold/candytower/top/banner/halloweenbanner770.jpg"" width=""770"" height=""150"" border=""0"" alt=""町一番のオバケ屋敷を目指して！　ハロウィングッズ特集！""></div>
    </td>
  </tr>
  <tr> 
    <td colspan=""3""> 
      <div align=""center""><img src=""http://www.rakuten.ne.jp/gold/candytower/top/image/space.gif"" width=""780"" height=""25""></div>
    </td>
  </tr>
  <tr> 
    <td colspan=""3""> 
      <div align=""center""><img src=""http://www.rakuten.ne.jp/gold/candytower/diyschool/image/diyschoolbanner770.jpg"" width=""770"" height=""135"" border=""0"" alt=""ミリタリーペイントとサビ塗装のやり方をわかりやすく教えます！""></div>
    </td>
  </tr>
  <tr> 
    <td colspan=""3""><img src=""http://www.rakuten.ne.jp/gold/candytower/top/image/space.gif"" width=""780"" height=""25""></td>
  </tr>
  <tr> 
    <td colspan=""3""> 
      <div align=""center""><img src=""http://www.rakuten.ne.jp/gold/candytower/top/banner/stencilstampbanner770.jpg"" width=""770"" height=""135"" border=""0"" alt=""すぐに始められる！　U.S. ステンシルスタンプセットを大好評販売中！""></div>
    </td>
  </tr>
  <tr> 
    <td colspan=""3""> 
      <div align=""center""><img src=""http://www.rakuten.ne.jp/gold/candytower/top/image/space.gif"" width=""780"" height=""25""></div>
    </td>
  </tr>
  <tr> 
    <td colspan=""3""> 
      <div align=""center""><img src=""http://www.rakuten.ne.jp/gold/candytower/top/banner/hawaiianpancake770.jpg"" width=""770"" height=""135"" border=""0"" alt=""本場ハワイのパンケーキが自宅で焼ける！　ハワイアンパンケーキミックス好評販売中です！""></div>
    </td>
  </tr>
  <tr> 
    <td colspan=""3""> 
      <div align=""center""><img src=""http://www.rakuten.ne.jp/gold/candytower/top/image/space.gif"" width=""780"" height=""25""></div>
    </td>
  </tr>
  <tr> 
    <td colspan=""3""> 
      <div align=""center""><img src=""http://www.rakuten.ne.jp/gold/candytower/myhomereform/image/myhomereformbanner770.jpg"" width=""770"" height=""135"" border=""0""></div>
    </td>
  </tr>
  <tr> 
    <td colspan=""3""> 
      <div align=""center""><img src=""http://www.rakuten.ne.jp/gold/candytower/top/image/space.gif"" width=""780"" height=""25""></div>
    </td>
  </tr>
  <tr> 
    <td colspan=""3""> 
      <div align=""center""><img src=""http://www.rakuten.ne.jp/gold/candytower/top/image/littletreesbanner.jpg"" width=""620"" height=""100"" border=""0""></div>
    </td>
  </tr>
  <tr> 
    <td colspan=""3""> 
      <div align=""center""><img src=""http://www.rakuten.ne.jp/gold/candytower/top/image/space.gif"" width=""780"" height=""25""></div>
    </td>
  </tr>
  <tr> 
    <td colspan=""3""> 
      <div align=""center""><img src=""http://www.rakuten.ne.jp/gold/candytower/shop/alien/alien770-135.gif"" width=""770"" height=""135"" border=""0""></div>
    </td>
  </tr>
</table>",スーベニアクロスのナプキン（カウボーイ） ■ アメリカ雑貨 アメリカン雑貨：アメリカ雑貨通販キャンディタワー,アメリカ雑貨アメリカン雑貨ステンシル輸入雑貨ブリキ看板インテリア雑貨星条旗グッズ世田谷ベース木製看板木箱ジュークボックスルート66グッズハワイアン雑貨リトルツリーコカ・コーラグッズハロウィングッズ人工芝輸入家具ネオン管錆塗装スーベニアクロスのナプキン（カウボーイ） ■ アメリカ雑貨 アメリカン雑貨,オールドアメリカ好きなら絶対に気に入ってもらえます！。スーベニアクロスのナプキン（カウボーイ） ■ アメリカ雑貨 アメリカン雑貨[rn]
2-8695,http://tshop.r10s.jp/borderstore/cabinet/00439161/imgrc0063438023.gif?fitin=700:700,360.0000,,キッチン用品・食器・調理器具 > キッチン用品・雑貨・エプロン > その他,【ゆうメール送料無料】「デザインWAXペーパー　50枚入り」レッド クレム・ブラン オールドパリマップ・レッドオールドパリマップ・ベージュカカオ ダーラナホース　05P01Oct16,ワックスペーパー　クリスマス ホームパーティー ラッピング,"※代引きやメール便サイズ対象外の商品との同梱は、<BR>
宅配送料となり確認後の発送となりますので、<BR>
ご注意下さいませ。<BR><BR><BR>

はっ水・耐油・調湿の安心安全の日本製ワックスペーパーです。<BR>
両面に蝋（Wax）引き加工をしたおしゃれな<BR>
Waxペーパーです。耐水＆耐油性だから<BR>
色々なシーンで大活躍。<BR>
ホームパーティーやラッピング、ピザの盛り付け<BR>
手作りのお菓子など、楽しみ方もいっぱいの<BR>
オシャレなデザインを取りそろえております。<BR><BR><BR>


約21.8ｘ25cm（50枚入）　<BR>
箱：約22.3×7×ｈ4cm<BR>
素材：紙、パラフィン　日本製<BR><BR>
※ゆうメール1通につき4個まで発送可能です。<CENTER>

<style TYPE=""text/css"">
<!--
td.inventory font{font-size:10px;color:#666666;}

-->
</style>
<IMg src=""http://image.rakuten.co.jp/borderstore/cabinet/01073619/imgrc0063885742.gif"" border=""0""><BR><BR>
<IMg src=""http://image.rakuten.co.jp/borderstore/cabinet/01073619/imgrc0064514981.gif"" border=""0""><BR><BR>
<IMg src=""http://image.rakuten.co.jp/borderstore/cabinet/01073619/imgrc0065825248.gif"" border=""0""><BR>
<IMg src=""http://image.rakuten.co.jp/borderstore/cabinet/01073619/imgrc0064191748.gif"" border=""0"" height=""112"" width=""450""><IMg src=""http://image.rakuten.co.jp/borderstore/cabinet/01073619/imgrc0063921153.gif"" border=""0"" height=""112"" width=""450""><BR><BR>

<IMg src=""https://image.rakuten.co.jp/borderstore/cabinet/01073619/imgrc0068054017.jpg"" border=""0"" height=""112"" width=""450""><IMg src=""http://image.rakuten.co.jp/borderstore/cabinet/01073619/imgrc0067150680.gif"" border=""0"" height=""112"" width=""450""><BR><BR>

<IMg src=""http://image.rakuten.co.jp/borderstore/cabinet/01073619/imgrc0062082239.gif"" border=""0"" height=""112"" width=""450""><IMg src=""http://image.rakuten.co.jp/borderstore/cabinet/04139042/imgrc0061487629.gif"" border=""0"" height=""112"" width=""450""><BR>

<IMg src=""http://image.rakuten.co.jp/borderstore/cabinet/01073619/imgrc0062660177.gif"" border=""0"" height=""112"" width=""450""><IMg src=""http://image.rakuten.co.jp/borderstore/cabinet/01073619/imgrc0062660169.gif"" border=""0"" height=""112"" width=""450""><BR>
<IMg src=""http://image.rakuten.co.jp/borderstore/cabinet/01073619/imgrc0062660111.gif"" border=""0"" height=""112"" width=""450""><IMg src=""http://image.rakuten.co.jp/borderstore/cabinet/01073619/imgrc0062660112.gif"" border=""0"" height=""112"" width=""450""><BR><BR>
<IMg src=""http://image.rakuten.co.jp/borderstore/cabinet/04330253/imgrc0063885771.gif"" border=""0""><BR><BR>


<IMg src=""http://image.rakuten.co.jp/borderstore/cabinet/01073619/imgrc0063438915.gif"" border=""0"" height=""112"" width=""450""><IMg src=""http://image.rakuten.co.jp/borderstore/cabinet/01073619/imgrc0061712838.gif"" border=""0"" height=""112"" width=""450""><BR><BR>
<IMg src=""http://image.rakuten.co.jp/borderstore/cabinet/01073619/img60299868.gif"" border=""0"" ><BR><BR>

<IMg src=""http://image.rakuten.co.jp/borderstore/cabinet/01073619/imgrc0061852545.gif"" border=""0"" height=""200"" width=""450""><IMg src=""http://image.rakuten.co.jp/borderstore/cabinet/01073619/imgrc0061852546.gif"" border=""0"" height=""200"" width=""450""><BR><BR>

<IMg src=""http://image.rakuten.co.jp/borderstore/cabinet/01073619/imgrc0063489370.gif"" border=""0"" height=""112"" width=""450""><IMG src=""http://image.rakuten.co.jp/borderstore/cabinet/01073619/imgrc0062201026.gif"" border=""0"" height=""112"" width=""450""><BR><BR>

<IMg src=""http://image.rakuten.co.jp/borderstore/cabinet/01073619/imgrc0062243929.gif"" border=""0"" ><BR><BR>
<BR>
<IMg src=""http://image.rakuten.co.jp/borderstore/cabinet/01073619/imgrc0062847031.gif"" border=""0""><BR><BR>
<IMg src=""https://image.rakuten.co.jp/borderstore/cabinet/01073619/imgrc0067644893.jpg"" border=""0""  height=""112"" width=""450""><IMg src=""http://image.rakuten.co.jp/borderstore/cabinet/01073619/imgrc0064034014.gif"" border=""0""  height=""112"" width=""450""><BR><BR>




</CENTER>",【ゆうメール送料無料】「デザインWAXペーパー　50枚入り」レッド クレム・ブラン オールドパリマップ・レッドオールドパリマップ・ベージュカカオ ダーラナホース　05P01Oct16：ＷｉｔｈＨｅａｒｔ,ウォールシートウォールステッカー木目DIYウッドウォールデコシートリフォーム壁紙リメイクスヌーピーキッズクラシカルウィズハートWithHeartインテリア壁紙シールキッチン雑貨ムーミンふきんキッズルーム【ゆうメール送料無料】「デザインWAXペーパー　50枚入り」レッド クレム・ブラン オールドパリマップ・レッドオールドパリマップ・ベージュカカオ ダーラナホース　05P01Oct16,ワックスペーパー　クリスマス ホームパーティー ラッピング。【ゆうメール送料無料】「デザインWAXペーパー　50枚入り」レッド クレム・ブラン オールドパリマップ・レッドオールドパリマップ・ベージュカカオ ダーラナホース　05P01Oct16[rn]
2-8696,http://tshop.r10s.jp/candytower/cabinet/141000-142000/141175.jpg?fitin=700:700,1824.0000,,キッチン用品・食器・調理器具 > キッチン用品・雑貨・エプロン > その他,スイートトゥースのシュガーポット ■ アメリカ雑貨 アメリカン雑貨,虫歯の天敵、シュガーをわざわざ歯の形をした容器に入れる！,"<table border=""1"" cellpadding=""10"" cellspacing=""0"" bordercolor=""#CCCCCC"">
  <tr> 
    <td bgcolor=""#F3F3F3""><font color=""666666""><b>商品説明</b></font></td>
  </tr>
  <tr> 
    <td bgcolor=""#FFFFFF"" height=""141"">　虫歯の天敵、シュガーをわざわざ歯の形をした容器に入れるっていうアメリカンジョークから生まれたシュガーポットです。 
      <p>こういう皮肉っぽい表現ってアメリカらしいでしょ！</p>
      <p>みんなこのポットから砂糖が出てくるとパッと連想して思わずクスってなっちゃうの！</p>
      <p>本体はセラミック製なので、ツヤ感があって真っ白なキレイな歯って感じ！</p>
      <p>ダイニングテーブルに置いてみても意外にオシャレに見えるところも向こうのデザイナーズ雑貨ならではってところかな！</p>
      <p>いつも遊び心に囲まれて暮らしたい・・・・そんなアナタにお届けします！(〃￣▽￣〃）</p>
    </td>
  </tr>
  <tr> 
    <td bgcolor=""#F3F3F3"" height=""34""><font color=""666666""><b>サイズ</b></font></td>
  </tr>
  <tr> 
    <td bgcolor=""#FFFFFF"">横9cm×縦8.5cm×高さ12.5cm（約）</td>
  </tr>
  <tr> 
    <td bgcolor=""#FFFFCC"">
      <table>
        <tr> 
          <td height=""27"" width=""27"">
            <div align=""center""><img src=""https://image.rakuten.co.jp/candytower/cabinet/kigou/img57057354.gif"" width=""16"" height=""16"" align=""absmiddle""></div>
          </td>
          <td>「お洒落で楽しいキッチンライフに！その他のキッチン雑貨はこちら」 
            </td>
        </tr>
      </table>
      <table>
        <tr> 
          <td height=""27"" width=""27""> 
            <div align=""center""><img src=""https://image.rakuten.co.jp/candytower/cabinet/kigou/img57057354.gif"" width=""16"" height=""16"" align=""absmiddle""></div>
          </td>
          <td>「マンネリ生活変えちゃおう！おもしろギフト特集はこちら」</td>
        </tr>
      </table>
      
    </td>
  </tr>
</table><style type=text/css>
<!--
a:link { color: #0000FF; font-size: 95%; }
a:visited { color: #0000FF; font-size: 95%; }
a:active { color: #0000FF; font-size: 95%; }
a:hover { color: #ff8000; font-size: 95%; }
  // -->

</style>


<table width=""800"" border=""0"" cellspacing=""0"" cellpadding=""0"" align=""center"">
  <tr> 
    <td colspan=""3"">　</td>
  </tr>
  <tr> 
    <td colspan=""3""> 
      <div align=""center""><img src=""http://www.rakuten.ne.jp/gold/candytower/top/image/space.gif"" width=""780"" height=""25""></div>
    </td>
  </tr>
  <tr> 
    <td colspan=""3""> 
      <table width=""780"" border=""0"" cellspacing=""0"" cellpadding=""0"" align=""center"">
        <tr> 
          <td width=""310""> 
            <div align=""left""> 
              <table width=""300"" border=""0"" cellspacing=""0"" cellpadding=""0"">
                <tr> 
                  <td><img src=""http://www.rakuten.ne.jp/gold/candytower/top/image/newarrival2.gif"" width=""375"" height=""80"" border=""0"" alt=""新商品""></td>
                </tr>
                <tr> 
                  <td> 
                    <div align=""center""><font color=""#CC0000"">&gt;&gt;Click here!</font></div>
                  </td>
                </tr>
              </table>
            </div>
          </td>
          <td width=""310""> 
            <div align=""right""> 
              <table width=""301"" border=""0"" cellspacing=""0"" cellpadding=""0"">
                <tr> 
                  <td><img src=""http://www.rakuten.ne.jp/gold/candytower/top/image/newarrival3.gif"" width=""375"" height=""80"" border=""0"" alt=""再入荷""></td>
                </tr>
                <tr> 
                  <td> 
                    <div align=""center""><font color=""#CC0000"">&gt;&gt;Click here!</font></div>
                  </td>
                </tr>
              </table>
            </div>
          </td>
        </tr>
      </table>
    </td>
  </tr>
  <tr> 
    <td colspan=""3""> 
      <div align=""center""><img src=""http://www.rakuten.ne.jp/gold/candytower/top/image/space.gif"" width=""780"" height=""20""></div>
    </td>
  </tr>
  <tr> 
    <td colspan=""3""> 
      <div align=""center""><img src=""http://www.rakuten.ne.jp/gold/candytower/top/banner/halloweenbanner770.jpg"" width=""770"" height=""150"" border=""0"" alt=""町一番のオバケ屋敷を目指して！　ハロウィングッズ特集！""></div>
    </td>
  </tr>
  <tr> 
    <td colspan=""3""> 
      <div align=""center""><img src=""http://www.rakuten.ne.jp/gold/candytower/top/image/space.gif"" width=""780"" height=""25""></div>
    </td>
  </tr>
  <tr> 
    <td colspan=""3""> 
      <div align=""center""><img src=""http://www.rakuten.ne.jp/gold/candytower/diyschool/image/diyschoolbanner770.jpg"" width=""770"" height=""135"" border=""0"" alt=""ミリタリーペイントとサビ塗装のやり方をわかりやすく教えます！""></div>
    </td>
  </tr>
  <tr> 
    <td colspan=""3""><img src=""http://www.rakuten.ne.jp/gold/candytower/top/image/space.gif"" width=""780"" height=""25""></td>
  </tr>
  <tr> 
    <td colspan=""3""> 
      <div align=""center""><img src=""http://www.rakuten.ne.jp/gold/candytower/top/banner/stencilstampbanner770.jpg"" width=""770"" height=""135"" border=""0"" alt=""すぐに始められる！　U.S. ステンシルスタンプセットを大好評販売中！""></div>
    </td>
  </tr>
  <tr> 
    <td colspan=""3""> 
      <div align=""center""><img src=""http://www.rakuten.ne.jp/gold/candytower/top/image/space.gif"" width=""780"" height=""25""></div>
    </td>
  </tr>
  <tr> 
    <td colspan=""3""> 
      <div align=""center""><img src=""http://www.rakuten.ne.jp/gold/candytower/top/banner/hawaiianpancake770.jpg"" width=""770"" height=""135"" border=""0"" alt=""本場ハワイのパンケーキが自宅で焼ける！　ハワイアンパンケーキミックス好評販売中です！""></div>
    </td>
  </tr>
  <tr> 
    <td colspan=""3""> 
      <div align=""center""><img src=""http://www.rakuten.ne.jp/gold/candytower/top/image/space.gif"" width=""780"" height=""25""></div>
    </td>
  </tr>
  <tr> 
    <td colspan=""3""> 
      <div align=""center""><img src=""http://www.rakuten.ne.jp/gold/candytower/myhomereform/image/myhomereformbanner770.jpg"" width=""770"" height=""135"" border=""0""></div>
    </td>
  </tr>
  <tr> 
    <td colspan=""3""> 
      <div align=""center""><img src=""http://www.rakuten.ne.jp/gold/candytower/top/image/space.gif"" width=""780"" height=""25""></div>
    </td>
  </tr>
  <tr> 
    <td colspan=""3""> 
      <div align=""center""><img src=""http://www.rakuten.ne.jp/gold/candytower/top/image/littletreesbanner.jpg"" width=""620"" height=""100"" border=""0""></div>
    </td>
  </tr>
  <tr> 
    <td colspan=""3""> 
      <div align=""center""><img src=""http://www.rakuten.ne.jp/gold/candytower/top/image/space.gif"" width=""780"" height=""25""></div>
    </td>
  </tr>
  <tr> 
    <td colspan=""3""> 
      <div align=""center""><img src=""http://www.rakuten.ne.jp/gold/candytower/shop/alien/alien770-135.gif"" width=""770"" height=""135"" border=""0""></div>
    </td>
  </tr>
</table>",スイートトゥースのシュガーポット ■ アメリカ雑貨 アメリカン雑貨：アメリカ雑貨通販キャンディタワー,アメリカ雑貨アメリカン雑貨ステンシル輸入雑貨ブリキ看板インテリア雑貨星条旗グッズ世田谷ベース木製看板木箱ジュークボックスルート66グッズハワイアン雑貨リトルツリーコカ・コーラグッズハロウィングッズ人工芝輸入家具ネオン管錆塗装スイートトゥースのシュガーポット ■ アメリカ雑貨 アメリカン雑貨,虫歯の天敵、シュガーをわざわざ歯の形をした容器に入れる！。スイートトゥースのシュガーポット ■ アメリカ雑貨 アメリカン雑貨[rn]
2-8697,http://tshop.r10s.jp/candytower/cabinet/137000-138000/137057.jpg?fitin=700:700,1200.0000,,キッチン用品・食器・調理器具 > キッチン用品・雑貨・エプロン > その他,男ゴコロくすぶる逸品！ 50キャリバー弾丸コークスクリュー ■ アメリカ雑貨 アメリカン雑貨,金属でできているから、見た目も触った感触も弾丸そのもの！,"<table border=""1"" bordercolor=""#CCCCCC"" cellpadding=""10"" cellspacing=""0"">
  <tr> 
    <td bgcolor=""#F3F3F3""><font color=""666666""><b>商品説明</b></font></td>
  </tr>
  <tr> 
    <td bgcolor=""#FFFFFF"">　戦車とかヘリに搭載されるような大型の50キャリバーの弾丸をモチーフに、コルク栓抜きにしたっていう男ゴコロくすぶる逸品がこちら！ 
      <p>実弾同様に本体が金属でできているから、見た目も触った感触も弾丸そのものなの！</p>
      <p>本体のオシリの部分にリング状のフックが付いていて、それをクルクルっと回して取り外し、リングを本体にズサッと差し込むとコークスクリューに変身するというカッコイイ作りなんです。</p>
      <p>使わない時は元に戻せば、引っ掛けておけるフックになるというわけ。いやー賢いねー　</p>
      <p>たかがコルク栓を抜くって行為が、ちょっとしたイベントに早変わり！</p>
      <p>男の秘密基地に置くなら普通のじゃ役不足だからね！ハイ、これを装備されたし！(ｏ￣∇￣)ｏ </p>
    </td>
  </tr>
  <tr> 
    <td bgcolor=""E8EAE8""><font color=""666666""><b>サイズ</b></font></td>
  </tr>
  <tr> 
    <td bgcolor=""#FFFFFF"">横14cm×縦3cm×高さ10.5cm（約）</td>
  </tr>
  <tr> 
    <td bgcolor=""#FFFFCC""> 
      <table width=""100%"" border=""0"" cellspacing=""0"" cellpadding=""5"">
        <tr> 
          <td width=""16""><img src=""https://image.rakuten.co.jp/candytower/cabinet/kigou/img57057354.gif"" width=""16"" height=""16"" align=""absmiddle""></td>
          <td> 
            <div align=""left"">『弾丸』シリーズはこちら！</div>
          </td>
        </tr>
      </table>
      <table width=""100%"" border=""0"" cellspacing=""0"" cellpadding=""5"">
        <tr> 
          <td width=""16""><img src=""https://image.rakuten.co.jp/candytower/cabinet/kigou/img57057354.gif"" width=""16"" height=""16"" align=""absmiddle""></td>
          <td> 
            <div align=""left"">『ミリタリー』グッズはこちら！</div>
          </td>
        </tr>
      </table>
    </td>
  </tr>
</table><style type=text/css>
<!--
a:link { color: #0000FF; font-size: 95%; }
a:visited { color: #0000FF; font-size: 95%; }
a:active { color: #0000FF; font-size: 95%; }
a:hover { color: #ff8000; font-size: 95%; }
  // -->

</style>


<table width=""800"" border=""0"" cellspacing=""0"" cellpadding=""0"" align=""center"">
  <tr> 
    <td colspan=""3"">　</td>
  </tr>
  <tr> 
    <td colspan=""3""> 
      <div align=""center""><img src=""http://www.rakuten.ne.jp/gold/candytower/top/image/space.gif"" width=""780"" height=""25""></div>
    </td>
  </tr>
  <tr> 
    <td colspan=""3""> 
      <table width=""780"" border=""0"" cellspacing=""0"" cellpadding=""0"" align=""center"">
        <tr> 
          <td width=""310""> 
            <div align=""left""> 
              <table width=""300"" border=""0"" cellspacing=""0"" cellpadding=""0"">
                <tr> 
                  <td><img src=""http://www.rakuten.ne.jp/gold/candytower/top/image/newarrival2.gif"" width=""375"" height=""80"" border=""0"" alt=""新商品""></td>
                </tr>
                <tr> 
                  <td> 
                    <div align=""center""><font color=""#CC0000"">&gt;&gt;Click here!</font></div>
                  </td>
                </tr>
              </table>
            </div>
          </td>
          <td width=""310""> 
            <div align=""right""> 
              <table width=""301"" border=""0"" cellspacing=""0"" cellpadding=""0"">
                <tr> 
                  <td><img src=""http://www.rakuten.ne.jp/gold/candytower/top/image/newarrival3.gif"" width=""375"" height=""80"" border=""0"" alt=""再入荷""></td>
                </tr>
                <tr> 
                  <td> 
                    <div align=""center""><font color=""#CC0000"">&gt;&gt;Click here!</font></div>
                  </td>
                </tr>
              </table>
            </div>
          </td>
        </tr>
      </table>
    </td>
  </tr>
  <tr> 
    <td colspan=""3""> 
      <div align=""center""><img src=""http://www.rakuten.ne.jp/gold/candytower/top/image/space.gif"" width=""780"" height=""20""></div>
    </td>
  </tr>
  <tr> 
    <td colspan=""3""> 
      <div align=""center""><img src=""http://www.rakuten.ne.jp/gold/candytower/top/banner/halloweenbanner770.jpg"" width=""770"" height=""150"" border=""0"" alt=""町一番のオバケ屋敷を目指して！　ハロウィングッズ特集！""></div>
    </td>
  </tr>
  <tr> 
    <td colspan=""3""> 
      <div align=""center""><img src=""http://www.rakuten.ne.jp/gold/candytower/top/image/space.gif"" width=""780"" height=""25""></div>
    </td>
  </tr>
  <tr> 
    <td colspan=""3""> 
      <div align=""center""><img src=""http://www.rakuten.ne.jp/gold/candytower/diyschool/image/diyschoolbanner770.jpg"" width=""770"" height=""135"" border=""0"" alt=""ミリタリーペイントとサビ塗装のやり方をわかりやすく教えます！""></div>
    </td>
  </tr>
  <tr> 
    <td colspan=""3""><img src=""http://www.rakuten.ne.jp/gold/candytower/top/image/space.gif"" width=""780"" height=""25""></td>
  </tr>
  <tr> 
    <td colspan=""3""> 
      <div align=""center""><img src=""http://www.rakuten.ne.jp/gold/candytower/top/banner/stencilstampbanner770.jpg"" width=""770"" height=""135"" border=""0"" alt=""すぐに始められる！　U.S. ステンシルスタンプセットを大好評販売中！""></div>
    </td>
  </tr>
  <tr> 
    <td colspan=""3""> 
      <div align=""center""><img src=""http://www.rakuten.ne.jp/gold/candytower/top/image/space.gif"" width=""780"" height=""25""></div>
    </td>
  </tr>
  <tr> 
    <td colspan=""3""> 
      <div align=""center""><img src=""http://www.rakuten.ne.jp/gold/candytower/top/banner/hawaiianpancake770.jpg"" width=""770"" height=""135"" border=""0"" alt=""本場ハワイのパンケーキが自宅で焼ける！　ハワイアンパンケーキミックス好評販売中です！""></div>
    </td>
  </tr>
  <tr> 
    <td colspan=""3""> 
      <div align=""center""><img src=""http://www.rakuten.ne.jp/gold/candytower/top/image/space.gif"" width=""780"" height=""25""></div>
    </td>
  </tr>
  <tr> 
    <td colspan=""3""> 
      <div align=""center""><img src=""http://www.rakuten.ne.jp/gold/candytower/myhomereform/image/myhomereformbanner770.jpg"" width=""770"" height=""135"" border=""0""></div>
    </td>
  </tr>
  <tr> 
    <td colspan=""3""> 
      <div align=""center""><img src=""http://www.rakuten.ne.jp/gold/candytower/top/image/space.gif"" width=""780"" height=""25""></div>
    </td>
  </tr>
  <tr> 
    <td colspan=""3""> 
      <div align=""center""><img src=""http://www.rakuten.ne.jp/gold/candytower/top/image/littletreesbanner.jpg"" width=""620"" height=""100"" border=""0""></div>
    </td>
  </tr>
  <tr> 
    <td colspan=""3""> 
      <div align=""center""><img src=""http://www.rakuten.ne.jp/gold/candytower/top/image/space.gif"" width=""780"" height=""25""></div>
    </td>
  </tr>
  <tr> 
    <td colspan=""3""> 
      <div align=""center""><img src=""http://www.rakuten.ne.jp/gold/candytower/shop/alien/alien770-135.gif"" width=""770"" height=""135"" border=""0""></div>
    </td>
  </tr>
</table>",男ゴコロくすぶる逸品！ 50キャリバー弾丸コークスクリュー ■ アメリカ雑貨 アメリカン雑貨：アメリカ雑貨通販キャンディタワー,アメリカ雑貨アメリカン雑貨ステンシル輸入雑貨ブリキ看板インテリア雑貨星条旗グッズ世田谷ベース木製看板木箱ジュークボックスルート66グッズハワイアン雑貨リトルツリーコカ・コーラグッズハロウィングッズ人工芝輸入家具ネオン管錆塗装男ゴコロくすぶる逸品！ 50キャリバー弾丸コークスクリュー ■ アメリカ雑貨 アメリカン雑貨,金属でできているから、見た目も触った感触も弾丸そのもの！。男ゴコロくすぶる逸品！ 50キャリバー弾丸コークスクリュー ■ アメリカ雑貨 アメリカン雑貨[rn]
2-8698,http://tshop.r10s.jp/yatushokai/cabinet/towelpoli.jpg?fitin=700:700,319.2000,,キッチン用品・食器・調理器具 > キッチン用品・雑貨・エプロン > その他,HEIKO　タオルポリ　無地　100枚入,,"<TABLE border=""1"">
  <TBODY>
    <TR>
      <td>品番</td>
    <td>si6674900</td>
  </tr>
  <tr>
    <td>品名</td>
    <td>HEIKO　タオルポリ　無地　100枚入</td>
  </tr>
  <tr>
    <td>サイズ</td>
    <td>厚み0.03mmX幅140mmX高さ300mm</td>
  </tr>
  <tr>
    <td>材質</td>
    <td>低密度ポリエチレン</td>
  </tr>
  <tr>
    <td>枚数</td>
    <td>100枚</td>
  </tr>
  <tr>
    <td>商品説明</td>
    <td>透明のポリフィルム素材です。<br/>
※10mmの空気穴が有ります。</td>
  </tr>
   </TBODY>
</TABLE><CENTER>
<IMG src=""http://image.rakuten.co.jp/yatushokai/cabinet/fukubukurotop.gif""  alt=""福袋売っています。"">",HEIKO　タオルポリ　無地　100枚入：包装用品の谷津商会,包装紙紙袋紙手提げ袋ポリ袋ビニール袋チャック付袋チャック袋レジ袋カレー容器箸わりばし割箸福袋エアーキャップスプーンフードパックどんぶりストレッチフィルム紙バンド結婚式HEIKO　タオルポリ　無地　100枚入,HEIKO　タオルポリ　無地　100枚入[rn]
2-8699,http://tshop.r10s.jp/mrsliving/cabinet/ikou_20091026/img10132277120.jpg?fitin=700:700,1600.0000,,キッチン用品・食器・調理器具 > キッチン用品・雑貨・エプロン > その他,再入荷【キッチンソープボトル】洗剤入れ　フラワー　アンティケール（配送方法は宅配のみ）,,"●サイズ：最大直径9ｃｍ*H24.5ｃｍ（ポンプ部分含む）<BR>
●材質 ：陶器、プラスチック<P>
 キッチンで台所洗剤を入れるとオシャレです。<BR>
洗剤の出口が下向きになっているのでスポンジにとりやすくなっています。<P>
まわりの花はつきません。<P>
<img src=""http://image.rakuten.co.jp/mrsliving/cabinet/top/tentyo.gif""><font color=""#669966"" size=""3"">店長も愛用しています♪</font><P>
Uクリーンを入れて使っています。カップもピカピカに！<center>

<TABLE>
  <TBODY>
    <TR>
<TD vAlign=center noWrap align=left><IMG height=""220"" src=""http://image.rakuten.co.jp/mrsliving/cabinet/top/heavenplate.jpg"" width=""176"" border=""0""></TD>
<TD><IMG height=""1"" src=""https://www.rakuten.co.jp/images/rms/t.gif"" width=""5"" align=""top""></TD>

<TD><IMG height=""1"" src=""https://www.rakuten.co.jp/images/rms/t.gif"" width=""5"" align=""top""></TD>
<TD vAlign=center noWrap align=left><IMG height=""220"" src=""http://image.rakuten.co.jp/mrsliving/cabinet/top/bellsmore.jpg"" width=""176"" border=""0""></TD>
<TD><IMG height=""1"" src=""https://www.rakuten.co.jp/images/rms/t.gif"" width=""5"" align=""top""></TD>

<TD><IMG height=""1"" src=""https://www.rakuten.co.jp/images/rms/t.gif"" width=""5"" align=""top""></TD>
    </TR>
  </TBODY>
</TABLE><P>

<table><tr><td>

<img src=""

http://image.rakuten.co.jp/mrsliving/cabinet/card.gif

"" border=0>
</td></tr></table><P></CENTER>",再入荷【キッチンソープボトル】洗剤入れ　フラワー　アンティケール（配送方法は宅配のみ）：ミセスリビング,ガーデンガーデニングミセスリビングバラとんでもないポットスリット鉢雑貨輸入雑貨イギリス液肥松戸新松戸英国Le Jardinerローズヘブンリーブルー第一燐酸カリマクミランアリスアリスの食器アメリの食器再入荷【キッチンソープボトル】洗剤入れ　フラワー　アンティケール（配送方法は宅配のみ）,再入荷【キッチンソープボトル】洗剤入れ　フラワー　アンティケール（配送方法は宅配のみ）[rn]
2-8700,http://tshop.r10s.jp/mrsliving/cabinet/roykirkham/royrudutetraym.jpg?fitin=700:700,2320.0000,,キッチン用品・食器・調理器具 > キッチン用品・雑貨・エプロン > その他,イタリア製ルドゥテ　トレイM*ロイカーカム製,ロイ・カーカム,"●サイズ：28.3X33.5cm<BR>
●材質：ユリア、メラミンホイル、耐熱温度９０度<BR><B>メール便はご利用になれません。</B>カップはつきません。
<P><center>

<TABLE>
  <TBODY>
    <TR>
<TD vAlign=center noWrap align=left><IMG height=""220"" src=""http://image.rakuten.co.jp/mrsliving/cabinet/top/heavenplate.jpg"" width=""176"" border=""0""></TD>
<TD><IMG height=""1"" src=""https://www.rakuten.co.jp/images/rms/t.gif"" width=""5"" align=""top""></TD>

<TD><IMG height=""1"" src=""https://www.rakuten.co.jp/images/rms/t.gif"" width=""5"" align=""top""></TD>
<TD vAlign=center noWrap align=left><IMG height=""220"" src=""http://image.rakuten.co.jp/mrsliving/cabinet/top/bellsmore.jpg"" width=""176"" border=""0""></TD>
<TD><IMG height=""1"" src=""https://www.rakuten.co.jp/images/rms/t.gif"" width=""5"" align=""top""></TD>

<TD><IMG height=""1"" src=""https://www.rakuten.co.jp/images/rms/t.gif"" width=""5"" align=""top""></TD>
    </TR>
  </TBODY>
</TABLE><P>

<table><tr><td>

<img src=""

http://image.rakuten.co.jp/mrsliving/cabinet/card.gif

"" border=0>
</td></tr></table><P></CENTER>",イタリア製ルドゥテ　トレイM*ロイカーカム製：ミセスリビング,ガーデンガーデニングミセスリビングバラとんでもないポットスリット鉢雑貨輸入雑貨イギリス液肥松戸新松戸英国Le Jardinerローズヘブンリーブルー第一燐酸カリマクミランアリスアリスの食器アメリの食器イタリア製ルドゥテ　トレイM*ロイカーカム製,ロイ・カーカム。イタリア製ルドゥテ　トレイM*ロイカーカム製[rn]
2-8701,http://tshop.r10s.jp/mrsliving/cabinet/kitchen/panrosetottetoray-l.jpg?fitin=700:700,2000.0000,,キッチン用品・食器・調理器具 > キッチン用品・雑貨・エプロン > その他,【パンセ ア ラ ローズ】　取手付トレー　L,,"●サイズ：43.5×31.5cm　<BR>
●材質：ポリエステル樹脂（日本製）<P>
「パンセ　ア　ラ　ローズ（バラへの想い）」シリーズ。<BR>
バラで彩るエレガントな暮らしを提案するトレーシリーズです。<BR>
<B>メール便はご利用になれません。</B><center>

<TABLE>
  <TBODY>
    <TR>
<TD vAlign=center noWrap align=left><IMG height=""220"" src=""http://image.rakuten.co.jp/mrsliving/cabinet/top/heavenplate.jpg"" width=""176"" border=""0""></TD>
<TD><IMG height=""1"" src=""https://www.rakuten.co.jp/images/rms/t.gif"" width=""5"" align=""top""></TD>

<TD><IMG height=""1"" src=""https://www.rakuten.co.jp/images/rms/t.gif"" width=""5"" align=""top""></TD>
<TD vAlign=center noWrap align=left><IMG height=""220"" src=""http://image.rakuten.co.jp/mrsliving/cabinet/top/bellsmore.jpg"" width=""176"" border=""0""></TD>
<TD><IMG height=""1"" src=""https://www.rakuten.co.jp/images/rms/t.gif"" width=""5"" align=""top""></TD>

<TD><IMG height=""1"" src=""https://www.rakuten.co.jp/images/rms/t.gif"" width=""5"" align=""top""></TD>
    </TR>
  </TBODY>
</TABLE><P>

<table><tr><td>

<img src=""

http://image.rakuten.co.jp/mrsliving/cabinet/card.gif

"" border=0>
</td></tr></table><P></CENTER>",【パンセ ア ラ ローズ】　取手付トレー　L：ミセスリビング,ガーデンガーデニングミセスリビングバラとんでもないポットスリット鉢雑貨輸入雑貨イギリス液肥松戸新松戸英国Le Jardinerローズヘブンリーブルー第一燐酸カリマクミランアリスアリスの食器アメリの食器【パンセ ア ラ ローズ】　取手付トレー　L,【パンセ ア ラ ローズ】　取手付トレー　L[rn]
2-8702,http://tshop.r10s.jp/mrsliving/cabinet/kitchen/pansetrays.jpg?fitin=700:700,1040.0000,,キッチン用品・食器・調理器具 > キッチン用品・雑貨・エプロン > その他,【パンセ ア ラ ローズ】　取手付トレー　Ｓ　（宅配のみ）,,"●サイズ：横幅29cm 奥行き20cm　<BR>
●材質：ポリエステル樹脂（日本製）<P>
「パンセ　ア　ラ　ローズ（バラへの想い）」シリーズ。<BR>
バラで彩るエレガントな暮らしを提案するトレーシリーズです。<BR>

トレイ以外の周りの雑貨はつきません。<center>

<TABLE>
  <TBODY>
    <TR>
<TD vAlign=center noWrap align=left><IMG height=""220"" src=""http://image.rakuten.co.jp/mrsliving/cabinet/top/heavenplate.jpg"" width=""176"" border=""0""></TD>
<TD><IMG height=""1"" src=""https://www.rakuten.co.jp/images/rms/t.gif"" width=""5"" align=""top""></TD>

<TD><IMG height=""1"" src=""https://www.rakuten.co.jp/images/rms/t.gif"" width=""5"" align=""top""></TD>
<TD vAlign=center noWrap align=left><IMG height=""220"" src=""http://image.rakuten.co.jp/mrsliving/cabinet/top/bellsmore.jpg"" width=""176"" border=""0""></TD>
<TD><IMG height=""1"" src=""https://www.rakuten.co.jp/images/rms/t.gif"" width=""5"" align=""top""></TD>

<TD><IMG height=""1"" src=""https://www.rakuten.co.jp/images/rms/t.gif"" width=""5"" align=""top""></TD>
    </TR>
  </TBODY>
</TABLE><P>

<table><tr><td>

<img src=""

http://image.rakuten.co.jp/mrsliving/cabinet/card.gif

"" border=0>
</td></tr></table><P></CENTER>",【パンセ ア ラ ローズ】　取手付トレー　Ｓ　（宅配のみ）：ミセスリビング,ガーデンガーデニングミセスリビングバラとんでもないポットスリット鉢雑貨輸入雑貨イギリス液肥松戸新松戸英国Le Jardinerローズヘブンリーブルー第一燐酸カリマクミランアリスアリスの食器アメリの食器【パンセ ア ラ ローズ】　取手付トレー　Ｓ　（宅配のみ）,【パンセ ア ラ ローズ】　取手付トレー　Ｓ　（宅配のみ）[rn]
2-8703,http://tshop.r10s.jp/cocodecow/cabinet/340/668681.jpg?fitin=700:700,128.8000,,キッチン用品・食器・調理器具 > キッチン用品・雑貨・エプロン > その他,アートナップ/WBホワイトプレート 15cm 30枚,【税込1900円以上で送料無料】,"<img src=""http://image.rakuten.co.jp/cocodecow/cabinet/zaikocall.gif"" width=""303"" height=""100"" border=""0""><br /><BR>【仕様】<BR><BR>●サイズ：直径１５ｃｍ<BR>●材質：バージンパルプ<BR>●注文単位：１パック（３０枚）<BR><BR><BR><BR><BR><font size=""1"">【検索用キーワード】<BR>紙皿　パーティープレート　ペーパープレート　使い捨て皿　使い捨て食器　あーとなっぷ　ＡＲＴＮＡＰ　ＷＢほわいとぷれーと　ＷＨＩＴＥＰＬＡＴＥ　紙皿　紙ざら　ペーパープレート　使い捨て　つかいすて　紙　袋　３０まい　３０皿　レジャー　行楽　遠足　運動会　花見　バーベキュー　キャンプ　会議　パーティー　有　耐水加工　キッチン・テーブル用品　使いきり食器　テイクアウト用品　使いきり皿　業務用　使い捨て　つかいすて　セット</font><style type=""text/css"">
<!--
span.unit { background: url(""//image.rakuten.co.jp/cocodecow/cabinet/0421cocodecow1900.gif"") no-repeat left top; text-indent:
-9999; display: block; width: 400; height: 100; margin:15px 0; }

/*商品名*/
.item_name{
width:375px;/*商品名のエリアの幅を指定*/
line-height:120%;/*行間を空ける指定*/
letter-spacing:1.5px;/*文字間を空ける指定*/
border-left: solid 5px #d40000;/*商品名の左側に赤い線を引く*/
border-bottom: dotted 1px #999;/*商品名の下にグレーの点線*/
padding: 4px 0px 4px 5px;/*余白の調整*/
margin:0;
display: block;/*これを入れると＜ｂｒ＞を入れなくてもキャッチコピーが改行される*/
}

/*商品キャッチコピー*/
span.catch_copy{
font-size:14px;
color:#CE0005;
display: block;
margin:0;
padding: 4px 0px 4px 0px;
}


/*特色欄*/
span.feature{
font-size:23px;
color:#FE0005;
}

-->
</style>

    <img src=""https://image.rakuten.co.jp/cocodecow/cabinet/free/0520deliverydelay.jpg"" >",アートナップ/WBホワイトプレート 15cm 30枚：ココデカウ,ここでかうココデカウcocodecowkokodekaukokodecowアートナップ/WBホワイトプレート 15cm 30枚,【税込1900円以上で送料無料】。アートナップ/WBホワイトプレート 15cm 30枚[rn]
2-8704,http://tshop.r10s.jp/jetprice/cabinet/274/941616.jpg?fitin=700:700,232.8000,,キッチン用品・食器・調理器具 > キッチン用品・雑貨・エプロン > その他,東洋アルミ/とりかえ専用60cmに切れてるふんわりフィルター3枚,【税込1万円以上で送料無料】,"<img src=""http://image.rakuten.co.jp/cocodecow/cabinet/zaikocall.gif"" width=""303"" height=""100"" border=""0""><br />●サイズ：約縦４６×横６０ｃｍ●材質：難燃性不織布●注文単位：１パック（３枚）<BR>※深型ブーツタイプ６０ｃｍ幅・整流板付６０～９０ｃｍ幅は加工が必要な場合があります。Vキャッチタイプ・排気口センタータイプには使用できません。レンジフード本体に磁石が付かないタイプには使用できません。<BR>※メーカーの都合により、パッケージ・仕様等は予告なく変更になる場合がございます。<BR><BR><BR><BR><BR>東洋アルミ　トウヨウアルミ　レンジフード　レンジカバー　レンジフィルター　換気扇カバー　換気扇フィルター　３枚　磁石　カット済み　油汚れ　フィルター　レンジ掃除<style type=""text/css"">
<!--
span.catch_copy{
font-size:14px;
color:#555555;
display: block;
margin:0;
padding:0px;
}
-->
</style>
<!--ジェットプライス-->

<img src=""https://image.rakuten.co.jp/jetprice/cabinet/guidepage/0520deliverydelay.jpg"" >",東洋アルミ/とりかえ専用60cmに切れてるふんわりフィルター3枚：JET PRICE,ジェットプライスココデカウフォーレストforestwayじぇっとぷらいすジェット　プライスJETPRICE東洋アルミ/とりかえ専用60cmに切れてるふんわりフィルター3枚,【税込1万円以上で送料無料】。東洋アルミ/とりかえ専用60cmに切れてるふんわりフィルター3枚[rn]
